21 1 1 3
22 1 1 3
23 1 1 2
24 1 1 2
25 1 1 3
26 1 1 3
27 1 1 3
28 1 1 3
29 1 1 3
30 1 1 3
31 0 0 1
32 1 1 2
33 1 1 3
34 1 1 2
35 1 1 2
36 1 1 3
37 1 1 3
38 1 1 3
39 1 1 3
40 1 1 3
41 1 1 3
42 0 0 1
43 1 1 3
44 1 1 2
45 1 1 2
46 1 1 3
47 1 1 2
48 1 1 3
49 1 1 3
50 1 1 3
51 1 1 3
52 1 1 2
53 1 1 3
54 1 1 2
55 1 1 3
56 1 1 3
57 1 1 3
58 1 1 3
59 1 1 3
60 1 1 2
61 1 1 2
62 1 1 3
63 1 1 3
64 1 1 2
65 1 1 3
66 1 1 3
67 1 1 2
68 1 1 3
69 1 1 3
70 1 1 3
71 1 1 3
72 1 1 3
73 1 1 3
74 1 1 2
75 1 1 2
76 1 1 3
