87
504.0000000000 460.0000000000 234.0000000000 168.0000000000 44.0000000000 176.0000000000 320.0000000000 432.0000000000 340.0000000000 406.0000000000 176.0000000000 270.0000000000 120.0000000000 40.0000000000 513.0000000000 50.0000000000 143.0000000000 135.0000000000 338.0000000000 130.0000000000 99.0000000000 756.0000000000 377.0000000000 580.0000000000 120.0000000000 378.0000000000 60.0000000000 435.0000000000 504.0000000000 552.0000000000 170.0000000000 660.0000000000 48.0000000000 44.0000000000 45.0000000000 260.0000000000 620.0000000000 144.0000000000 225.0000000000 760.0000000000 48.0000000000 147.0000000000 140.0000000000 756.0000000000 756.0000000000 756.0000000000 450.0000000000 102.0000000000 736.0000000000 144.0000000000 368.0000000000 88.0000000000 756.0000000000 552.0000000000 234.0000000000 408.0000000000 756.0000000000 192.0000000000 112.0000000000 54.0000000000 288.0000000000 325.0000000000 650.0000000000 196.0000000000 432.0000000000 360.0000000000 306.0000000000 60.0000000000 108.0000000000 170.0000000000 576.0000000000 756.0000000000 640.0000000000 348.0000000000 135.0000000000 96.0000000000 108.0000000000 187.0000000000 184.0000000000 435.0000000000 651.0000000000 272.0000000000 308.0000000000 100.0000000000 70.0000000000 78.0000000000 56.0000000000
529
0 63 0.0017231476
0 65 0.0005743825
0 79 0.0114876507
1 5 0.0011487651
1 17 0.0017231476
1 48 0.0022975302
1 49 0.0011487651
1 51 0.0005743825
1 63 0.0011487651
1 69 0.0017231476
1 76 0.0068925903
1 82 0.0011487651
1 83 0.0051694429
2 5 0.0028719127
2 29 0.0017231476
2 38 0.0034462952
2 46 0.0011487651
2 49 0.0338885710
2 64 0.0132107986
2 67 0.0017231476
2 86 0.0011487651
3 0 0.0022975302
3 28 0.0051694429
3 35 0.0114876507
3 84 0.0005743825
4 75 0.0017231476
5 11 0.0017231476
5 14 0.0011487651
5 46 0.0017231476
5 59 0.0011487651
5 67 0.0028719127
5 76 0.0114876507
6 16 0.0017231476
6 38 0.0028719127
6 40 0.0017231476
6 43 0.0011487651
6 60 0.0017231476
6 63 0.0017231476
6 69 0.0103388857
6 71 0.0011487651
7 8 0.0028719127
7 10 0.0017231476
7 25 0.0051694429
7 30 0.0017231476
7 32 0.0017231476
7 34 0.0028719127
7 44 0.0022975302
7 46 0.0028719127
7 50 0.0086157378
7 54 0.0022975302
7 58 0.0045950604
7 64 0.0103388857
8 12 0.0011487651
8 20 0.0114876507
8 53 0.0011487651
8 66 0.0017231476
9 49 0.0017231476
9 51 0.0005743825
9 69 0.0017231476
9 79 0.0017231476
10 7 0.0017231476
10 14 0.0017231476
10 24 0.0034462952
10 34 0.0005743825
10 43 0.0017231476
10 53 0.0017231476
10 60 0.0028719127
10 68 0.0028719127
11 19 0.0011487651
11 33 0.0114876507
11 40 0.0005743825
11 59 0.0028719127
12 7 0.0103388857
12 14 0.0017231476
12 15 0.0011487651
12 31 0.0017231476
12 55 0.0017231476
12 64 0.0011487651
12 72 0.0045950604
12 76 0.0017231476
12 79 0.0011487651
13 22 0.0028719127
13 24 0.0017231476
13 60 0.0051694429
14 43 0.0011487651
14 52 0.0028719127
14 68 0.0086157378
15 17 0.0005743825
15 33 0.0017231476
15 36 0.0028719127
15 52 0.0017231476
15 70 0.0017231476
15 81 0.0011487651
16 0 0.0103388857
16 4 0.0017231476
16 29 0.0017231476
16 42 0.0028719127
16 51 0.0028719127
16 60 0.0005743825
16 81 0.0051694429
16 85 0.0028719127
17 2 0.0022975302
17 34 0.0338885710
17 36 0.0017231476
17 41 0.0011487651
17 49 0.0017231476
17 59 0.0068925903
17 82 0.0103388857
18 0 0.0051694429
18 6 0.0051694429
18 12 0.0034462952
18 23 0.0051694429
18 24 0.0017231476
18 34 0.0011487651
18 36 0.0045950604
18 51 0.0017231476
18 52 0.0011487651
18 66 0.0017231476
19 10 0.0028719127
19 37 0.0086157378
19 43 0.0017231476
19 44 0.0005743825
19 53 0.0022975302
19 55 0.0005743825
19 59 0.0338885710
19 86 0.0017231476
20 8 0.0114876507
20 30 0.0011487651
20 41 0.0017231476
20 57 0.0045950604
20 58 0.0017231476
21 10 0.0017231476
21 11 0.0011487651
21 15 0.0011487651
21 18 0.0011487651
21 33 0.0005743825
21 35 0.0028719127
21 43 0.0051694429
21 51 0.0017231476
21 63 0.0028719127
21 66 0.0017231476
21 72 0.0034462952
22 4 0.0028719127
22 12 0.0011487651
22 13 0.0028719127
22 40 0.0017231476
22 52 0.0051694429
22 75 0.0086157378
22 81 0.0103388857
23 1 0.0005743825
23 15 0.0011487651
23 31 0.0011487651
23 36 0.0022975302
23 38 0.0114876507
23 39 0.0005743825
23 73 0.0011487651
23 79 0.0011487651
24 11 0.0017231476
24 23 0.0034462952
24 35 0.0028719127
24 36 0.0034462952
24 39 0.0045950604
24 72 0.0028719127
24 82 0.0005743825
25 36 0.0028719127
25 39 0.0017231476
25 57 0.0022975302
25 67 0.0045950604
25 82 0.0045950604
26 8 0.0017231476
26 31 0.0011487651
26 46 0.0028719127
26 57 0.0017231476
27 21 0.0034462952
27 44 0.0086157378
27 53 0.0028719127
27 54 0.0005743825
27 59 0.0011487651
28 6 0.0017231476
28 21 0.0028719127
29 2 0.0017231476
29 7 0.0051694429
29 56 0.0005743825
29 75 0.0011487651
29 86 0.0011487651
30 1 0.0051694429
30 2 0.0051694429
30 7 0.0017231476
30 20 0.0011487651
30 32 0.0045950604
30 43 0.0005743825
30 49 0.0022975302
30 61 0.0017231476
30 78 0.0017231476
31 7 0.0034462952
31 67 0.0005743825
31 81 0.0005743825
32 15 0.0011487651
32 23 0.0005743825
32 55 0.0045950604
32 56 0.0022975302
32 57 0.0017231476
32 73 0.0017231476
32 75 0.0022975302
33 2 0.0011487651
33 11 0.0114876507
33 19 0.0034462952
33 36 0.0103388857
33 43 0.0028719127
33 47 0.0011487651
33 75 0.0028719127
33 79 0.0005743825
34 8 0.0103388857
34 32 0.0017231476
34 55 0.0022975302
34 66 0.0034462952
35 4 0.0086157378
35 6 0.0005743825
35 62 0.0005743825
35 68 0.0103388857
35 81 0.0017231476
36 12 0.0028719127
36 32 0.0068925903
36 63 0.0068925903
36 75 0.0005743825
37 12 0.0011487651
37 27 0.0034462952
37 39 0.0017231476
37 41 0.0103388857
37 46 0.0051694429
37 57 0.0132107986
37 58 0.0017231476
37 66 0.0017231476
37 67 0.0132107986
37 72 0.0034462952
37 78 0.0017231476
38 0 0.0045950604
38 2 0.0034462952
38 22 0.0005743825
38 64 0.0017231476
38 79 0.0017231476
39 33 0.0028719127
39 36 0.0017231476
39 40 0.0017231476
39 61 0.0017231476
39 76 0.0068925903
39 86 0.0005743825
40 35 0.0028719127
40 37 0.0005743825
40 55 0.0022975302
40 60 0.0011487651
40 63 0.0011487651
40 68 0.0051694429
41 25 0.0011487651
41 66 0.0017231476
41 83 0.0011487651
42 18 0.0005743825
42 47 0.0028719127
43 13 0.0028719127
43 30 0.0005743825
43 71 0.0011487651
43 76 0.0051694429
43 81 0.0005743825
44 5 0.0086157378
44 20 0.0005743825
44 39 0.0011487651
44 47 0.0051694429
44 53 0.0028719127
44 83 0.0028719127
45 33 0.0005743825
45 56 0.0068925903
46 7 0.0028719127
46 15 0.0017231476
46 24 0.0011487651
46 25 0.0022975302
46 26 0.0028719127
46 29 0.0034462952
46 30 0.0114876507
46 32 0.0068925903
46 55 0.0028719127
46 67 0.0017231476
47 19 0.0034462952
47 39 0.0028719127
47 41 0.0034462952
47 51 0.0011487651
47 55 0.0017231476
47 66 0.0051694429
47 71 0.0011487651
47 80 0.0005743825
47 83 0.0028719127
48 8 0.0011487651
48 80 0.0103388857
49 15 0.0011487651
49 25 0.0011487651
49 29 0.0045950604
49 31 0.0051694429
49 34 0.0028719127
49 36 0.0028719127
49 64 0.0103388857
49 66 0.0017231476
49 74 0.0114876507
49 82 0.0017231476
49 83 0.0017231476
50 1 0.0034462952
50 7 0.0086157378
50 8 0.0017231476
50 10 0.0022975302
50 36 0.0022975302
50 38 0.0028719127
50 46 0.0011487651
50 64 0.0045950604
50 69 0.0011487651
50 76 0.0028719127
51 4 0.0011487651
51 7 0.0005743825
51 60 0.0086157378
51 63 0.0028719127
51 66 0.0022975302
51 69 0.0011487651
51 75 0.0011487651
51 77 0.0028719127
52 13 0.0011487651
52 14 0.0028719127
52 41 0.0011487651
52 56 0.0005743825
52 62 0.0011487651
52 76 0.0028719127
53 5 0.0011487651
53 20 0.0028719127
53 34 0.0017231476
53 54 0.0068925903
53 72 0.0005743825
53 82 0.0051694429
54 12 0.0017231476
54 20 0.0011487651
54 31 0.0011487651
54 41 0.0028719127
54 67 0.0028719127
54 71 0.0011487651
54 74 0.0017231476
54 86 0.0017231476
55 6 0.0011487651
55 8 0.0022975302
55 23 0.0022975302
55 24 0.0103388857
55 29 0.0011487651
55 58 0.0005743825
55 59 0.0005743825
56 17 0.0005743825
56 63 0.0028719127
56 84 0.0103388857
57 6 0.0005743825
57 11 0.0028719127
57 17 0.0068925903
57 32 0.0017231476
57 41 0.0011487651
57 62 0.0005743825
57 80 0.0011487651
58 1 0.0005743825
58 26 0.0132107986
58 27 0.0011487651
58 34 0.0034462952
58 50 0.0103388857
59 12 0.0034462952
59 20 0.0011487651
59 24 0.0017231476
59 25 0.0022975302
59 31 0.0005743825
59 32 0.0017231476
59 33 0.0017231476
59 67 0.0103388857
60 77 0.0022975302
60 84 0.0005743825
61 5 0.0028719127
61 20 0.0028719127
61 30 0.0017231476
61 49 0.0005743825
61 58 0.0005743825
61 66 0.0005743825
61 69 0.0005743825
61 83 0.0017231476
62 13 0.0017231476
62 83 0.0017231476
63 0 0.0017231476
63 23 0.0068925903
63 25 0.0011487651
63 32 0.0022975302
63 39 0.0005743825
63 45 0.0017231476
63 50 0.0034462952
63 56 0.0028719127
63 72 0.0022975302
64 18 0.0028719127
64 20 0.0017231476
64 46 0.0103388857
64 67 0.0051694429
65 6 0.0005743825
65 35 0.0017231476
65 43 0.0011487651
65 44 0.0028719127
65 45 0.0017231476
65 56 0.0005743825
65 60 0.0086157378
65 68 0.0028719127
66 2 0.0005743825
66 12 0.0011487651
66 46 0.0051694429
66 53 0.0022975302
66 62 0.0011487651
66 64 0.0011487651
66 74 0.0022975302
66 76 0.0132107986
66 80 0.0017231476
66 81 0.0005743825
67 8 0.0017231476
67 26 0.0011487651
67 32 0.0011487651
67 34 0.0017231476
67 56 0.0005743825
68 13 0.0086157378
68 28 0.0051694429
68 35 0.0103388857
68 36 0.0017231476
68 77 0.0011487651
69 1 0.0017231476
69 5 0.0017231476
69 6 0.0103388857
69 10 0.0028719127
69 13 0.0028719127
69 15 0.0114876507
69 33 0.0011487651
69 45 0.0028719127
69 55 0.0068925903
69 61 0.0005743825
70 40 0.0068925903
70 46 0.0028719127
70 55 0.0086157378
70 59 0.0005743825
70 81 0.0028719127
70 84 0.0011487651
71 2 0.0011487651
71 34 0.0017231476
71 36 0.0022975302
71 41 0.0011487651
71 75 0.0005743825
71 83 0.0017231476
72 5 0.0034462952
72 8 0.0005743825
72 23 0.0005743825
72 32 0.0011487651
72 46 0.0017231476
72 49 0.0005743825
72 59 0.0005743825
72 60 0.0022975302
72 75 0.0011487651
73 4 0.0011487651
73 42 0.0028719127
73 55 0.0022975302
73 56 0.0028719127
73 70 0.0017231476
74 47 0.0005743825
74 58 0.0103388857
75 3 0.0051694429
75 11 0.0017231476
75 13 0.0011487651
75 16 0.0011487651
75 28 0.0034462952
75 39 0.0005743825
75 45 0.0017231476
75 72 0.0011487651
76 1 0.0068925903
76 5 0.0114876507
76 24 0.0034462952
76 27 0.0011487651
76 30 0.0028719127
76 36 0.0017231476
76 44 0.0028719127
76 49 0.0017231476
76 63 0.0005743825
76 71 0.0011487651
76 80 0.0011487651
77 0 0.0051694429
77 9 0.0011487651
77 40 0.0132107986
77 65 0.0017231476
78 15 0.0005743825
78 26 0.0022975302
78 31 0.0086157378
78 49 0.0017231476
79 0 0.0114876507
79 9 0.0017231476
79 23 0.0011487651
79 42 0.0011487651
79 46 0.0005743825
79 55 0.0028719127
79 63 0.0005743825
79 84 0.0017231476
80 10 0.0011487651
80 19 0.0017231476
80 27 0.0086157378
80 34 0.0034462952
80 37 0.0017231476
80 53 0.0022975302
80 59 0.0022975302
80 62 0.0028719127
80 71 0.0028719127
81 12 0.0011487651
81 56 0.0017231476
81 66 0.0005743825
81 68 0.0028719127
82 11 0.0017231476
82 19 0.0017231476
82 20 0.0103388857
82 37 0.0028719127
82 61 0.0103388857
82 67 0.0045950604
82 78 0.0022975302
83 33 0.0011487651
83 53 0.0011487651
83 69 0.0017231476
84 7 0.0028719127
84 32 0.0017231476
84 47 0.0005743825
85 3 0.0022975302
85 40 0.0011487651
85 60 0.0011487651
85 62 0.0017231476
86 23 0.0017231476
86 32 0.0017231476
291
9 26 0.0005743825
143 86 0.0005743825
15 26 0.0005743825
141 73 0.0005743825
27 86 0.0005743825
127 73 0.0005743825
43 58 0.0005743825
21 58 0.0005743825
70 58 0.0005743825
119 58 0.0005743825
67 73 0.0005743825
70 49 0.0005743825
51 86 0.0005743825
5 50 0.0005743825
32 35 0.0005743825
132 35 0.0005743825
161 28 0.0005743825
15 86 0.0005743825
84 58 0.0005743825
140 50 0.0005743825
23 3 0.0005743825
48 35 0.0005743825
92 35 0.0005743825
98 35 0.0005743825
15 74 0.0005743825
112 45 0.0005743825
27 26 0.0005743825
21 26 0.0005743825
28 3 0.0005743825
70 26 0.0005743825
124 73 0.0005743825
116 73 0.0005743825
82 78 0.0005743825
146 50 0.0005743825
2 35 0.0005743825
14 86 0.0005743825
151 58 0.0005743825
91 73 0.0005743825
39 50 0.0005743825
63 35 0.0005743825
52 58 0.0005743825
125 28 0.0005743825
114 35 0.0005743825
107 60 0.0005743825
171 3 0.0005743825
71 65 0.0005743825
11 3 0.0005743825
44 23 0.0005743825
168 28 0.0005743825
43 49 0.0005743825
150 60 0.0005743825
165 65 0.0005743825
80 28 0.0005743825
56 73 0.0005743825
43 2 0.0005743825
98 3 0.0005743825
9 86 0.0005743825
143 26 0.0005743825
133 3 0.0005743825
171 35 0.0005743825
27 74 0.0005743825
139 9 0.0005743825
11 35 0.0005743825
57 3 0.0005743825
131 35 0.0005743825
6 31 0.0005743825
21 49 0.0005743825
2 3 0.0005743825
81 65 0.0005743825
58 78 0.0005743825
18 60 0.0005743825
126 73 0.0005743825
50 23 0.0005743825
137 50 0.0005743825
85 60 0.0005743825
90 56 0.0005743825
63 4 0.0005743825
9 74 0.0005743825
32 42 0.0005743825
119 49 0.0005743825
175 73 0.0005743825
25 28 0.0005743825
131 3 0.0005743825
121 28 0.0005743825
49 31 0.0005743825
143 74 0.0005743825
62 3 0.0005743825
65 65 0.0005743825
151 50 0.0005743825
9 58 0.0005743825
97 86 0.0005743825
144 27 0.0005743825
6 86 0.0005743825
51 74 0.0005743825
151 49 0.0005743825
24 78 0.0005743825
14 31 0.0005743825
96 56 0.0005743825
123 23 0.0005743825
34 73 0.0005743825
182 3 0.0005743825
52 49 0.0005743825
52 50 0.0005743825
176 28 0.0005743825
117 35 0.0005743825
70 86 0.0005743825
60 50 0.0005743825
97 31 0.0005743825
61 21 0.0005743825
181 56 0.0005743825
84 49 0.0005743825
59 78 0.0005743825
54 48 0.0005743825
114 42 0.0005743825
93 80 0.0005743825
135 73 0.0005743825
108 28 0.0005743825
48 42 0.0005743825
125 85 0.0005743825
63 28 0.0005743825
113 0 0.0005743825
12 45 0.0005743825
173 73 0.0005743825
132 3 0.0005743825
10 56 0.0005743825
40 21 0.0005743825
39 58 0.0005743825
185 50 0.0005743825
63 13 0.0005743825
99 9 0.0005743825
114 3 0.0005743825
103 62 0.0005743825
129 73 0.0005743825
168 35 0.0005743825
15 58 0.0005743825
87 29 0.0005743825
51 26 0.0005743825
170 45 0.0005743825
31 65 0.0005743825
162 61 0.0005743825
56 79 0.0005743825
84 26 0.0005743825
163 56 0.0005743825
67 79 0.0005743825
134 29 0.0005743825
88 79 0.0005743825
81 60 0.0005743825
119 86 0.0005743825
124 79 0.0005743825
7 62 0.0005743825
157 27 0.0005743825
149 79 0.0005743825
151 26 0.0005743825
24 31 0.0005743825
104 44 0.0005743825
43 26 0.0005743825
12 3 0.0005743825
132 42 0.0005743825
0 45 0.0005743825
9 49 0.0005743825
21 86 0.0005743825
106 50 0.0005743825
30 73 0.0005743825
169 0 0.0005743825
48 3 0.0005743825
127 79 0.0005743825
33 60 0.0005743825
155 48 0.0005743825
172 28 0.0005743825
31 13 0.0005743825
183 62 0.0005743825
177 79 0.0005743825
23 22 0.0005743825
141 16 0.0005743825
73 65 0.0005743825
4 73 0.0005743825
117 28 0.0005743825
6 78 0.0005743825
119 2 0.0005743825
108 85 0.0005743825
11 42 0.0005743825
22 73 0.0005743825
119 26 0.0005743825
117 13 0.0005743825
27 58 0.0005743825
86 73 0.0005743825
88 0 0.0005743825
98 42 0.0005743825
110 45 0.0005743825
119 50 0.0005743825
77 0 0.0005743825
38 56 0.0005743825
117 42 0.0005743825
36 56 0.0005743825
43 50 0.0005743825
83 73 0.0005743825
41 9 0.0005743825
184 80 0.0005743825
92 4 0.0005743825
0 3 0.0005743825
146 58 0.0005743825
48 4 0.0005743825
141 79 0.0005743825
85 65 0.0005743825
185 29 0.0005743825
75 80 0.0005743825
42 45 0.0005743825
140 58 0.0005743825
158 48 0.0005743825
2 42 0.0005743825
172 65 0.0005743825
20 28 0.0005743825
106 29 0.0005743825
131 42 0.0005743825
14 26 0.0005743825
114 22 0.0005743825
32 3 0.0005743825
14 74 0.0005743825
83 56 0.0005743825
84 50 0.0005743825
32 13 0.0005743825
169 9 0.0005743825
149 73 0.0005743825
21 2 0.0005743825
110 56 0.0005743825
112 3 0.0005743825
129 79 0.0005743825
132 68 0.0005743825
18 65 0.0005743825
171 42 0.0005743825
185 7 0.0005743825
174 20 0.0005743825
13 80 0.0005743825
130 48 0.0005743825
134 23 0.0005743825
58 86 0.0005743825
153 44 0.0005743825
45 44 0.0005743825
25 65 0.0005743825
74 80 0.0005743825
52 26 0.0005743825
28 35 0.0005743825
63 3 0.0005743825
107 65 0.0005743825
98 68 0.0005743825
62 45 0.0005743825
117 4 0.0005743825
59 31 0.0005743825
65 14 0.0005743825
15 49 0.0005743825
136 62 0.0005743825
69 27 0.0005743825
49 86 0.0005743825
33 65 0.0005743825
49 26 0.0005743825
100 21 0.0005743825
137 29 0.0005743825
125 35 0.0005743825
24 86 0.0005743825
77 9 0.0005743825
5 58 0.0005743825
137 7 0.0005743825
21 74 0.0005743825
4 56 0.0005743825
63 42 0.0005743825
28 45 0.0005743825
179 28 0.0005743825
133 35 0.0005743825
44 38 0.0005743825
50 38 0.0005743825
20 65 0.0005743825
22 56 0.0005743825
32 4 0.0005743825
27 49 0.0005743825
140 49 0.0005743825
129 56 0.0005743825
49 78 0.0005743825
182 45 0.0005743825
177 73 0.0005743825
92 42 0.0005743825
57 45 0.0005743825
41 23 0.0005743825
47 44 0.0005743825
2 4 0.0005743825
125 4 0.0005743825
97 74 0.0005743825
46 20 0.0005743825
97 26 0.0005743825
43 74 0.0005743825
91 79 0.0005743825
170 40 0.0005743825
186
78.0000000000 0.0000000000
119.0000000000 223.0000000000
102.0000000000 0.0000000000
22.0000000000 223.0000000000
30.0000000000 0.0000000000
0.0000000000 124.0000000000
0.0000000000 182.0000000000
144.0000000000 107.0000000000
113.0000000000 223.0000000000
0.0000000000 156.0000000000
38.0000000000 0.0000000000
100.0000000000 0.0000000000
76.0000000000 0.0000000000
144.0000000000 160.0000000000
0.0000000000 175.0000000000
0.0000000000 159.0000000000
137.0000000000 223.0000000000
135.0000000000 223.0000000000
144.0000000000 49.0000000000
129.0000000000 223.0000000000
144.0000000000 4.0000000000
0.0000000000 147.0000000000
31.0000000000 0.0000000000
86.0000000000 0.0000000000
0.0000000000 190.0000000000
144.0000000000 10.0000000000
8.0000000000 223.0000000000
0.0000000000 163.0000000000
88.0000000000 0.0000000000
144.0000000000 138.0000000000
0.0000000000 0.0000000000
144.0000000000 23.0000000000
104.0000000000 0.0000000000
144.0000000000 45.0000000000
0.0000000000 9.0000000000
109.0000000000 223.0000000000
37.0000000000 0.0000000000
57.0000000000 223.0000000000
51.0000000000 0.0000000000
0.0000000000 129.0000000000
144.0000000000 79.0000000000
0.0000000000 61.0000000000
58.0000000000 0.0000000000
0.0000000000 140.0000000000
0.0000000000 71.0000000000
144.0000000000 132.0000000000
40.0000000000 223.0000000000
144.0000000000 119.0000000000
105.0000000000 0.0000000000
0.0000000000 185.0000000000
0.0000000000 70.0000000000
0.0000000000 171.0000000000
0.0000000000 135.0000000000
70.0000000000 223.0000000000
121.0000000000 223.0000000000
116.0000000000 223.0000000000
21.0000000000 0.0000000000
82.0000000000 0.0000000000
0.0000000000 193.0000000000
0.0000000000 191.0000000000
0.0000000000 116.0000000000
144.0000000000 74.0000000000
79.0000000000 0.0000000000
113.0000000000 0.0000000000
134.0000000000 223.0000000000
144.0000000000 37.0000000000
125.0000000000 223.0000000000
13.0000000000 0.0000000000
144.0000000000 91.0000000000
144.0000000000 154.0000000000
0.0000000000 146.0000000000
144.0000000000 31.0000000000
33.0000000000 223.0000000000
144.0000000000 40.0000000000
144.0000000000 171.0000000000
144.0000000000 162.0000000000
120.0000000000 223.0000000000
0.0000000000 42.0000000000
132.0000000000 223.0000000000
144.0000000000 86.0000000000
135.0000000000 0.0000000000
144.0000000000 35.0000000000
0.0000000000 195.0000000000
33.0000000000 0.0000000000
0.0000000000 138.0000000000
144.0000000000 48.0000000000
0.0000000000 0.0000000000
0.0000000000 92.0000000000
0.0000000000 29.0000000000
144.0000000000 117.0000000000
51.0000000000 0.0000000000
22.0000000000 0.0000000000
112.0000000000 0.0000000000
144.0000000000 167.0000000000
55.0000000000 223.0000000000
54.0000000000 223.0000000000
40.0000000000 0.0000000000
0.0000000000 178.0000000000
103.0000000000 0.0000000000
0.0000000000 58.0000000000
144.0000000000 83.0000000000
0.0000000000 223.0000000000
144.0000000000 86.0000000000
144.0000000000 99.0000000000
144.0000000000 136.0000000000
28.0000000000 223.0000000000
0.0000000000 114.0000000000
144.0000000000 51.0000000000
134.0000000000 0.0000000000
86.0000000000 223.0000000000
56.0000000000 0.0000000000
76.0000000000 223.0000000000
73.0000000000 0.0000000000
0.0000000000 33.0000000000
103.0000000000 0.0000000000
144.0000000000 142.0000000000
0.0000000000 1.0000000000
118.0000000000 0.0000000000
41.0000000000 223.0000000000
0.0000000000 140.0000000000
4.0000000000 223.0000000000
134.0000000000 0.0000000000
144.0000000000 175.0000000000
0.0000000000 82.0000000000
19.0000000000 0.0000000000
126.0000000000 0.0000000000
26.0000000000 0.0000000000
14.0000000000 0.0000000000
138.0000000000 223.0000000000
27.0000000000 0.0000000000
144.0000000000 185.0000000000
100.0000000000 0.0000000000
104.0000000000 0.0000000000
85.0000000000 0.0000000000
0.0000000000 88.0000000000
27.0000000000 0.0000000000
144.0000000000 110.0000000000
0.0000000000 116.0000000000
101.0000000000 223.0000000000
0.0000000000 53.0000000000
0.0000000000 125.0000000000
15.0000000000 0.0000000000
47.0000000000 223.0000000000
0.0000000000 165.0000000000
144.0000000000 149.0000000000
75.0000000000 223.0000000000
0.0000000000 120.0000000000
123.0000000000 223.0000000000
7.0000000000 223.0000000000
0.0000000000 12.0000000000
144.0000000000 51.0000000000
0.0000000000 135.0000000000
48.0000000000 223.0000000000
144.0000000000 123.0000000000
59.0000000000 223.0000000000
144.0000000000 187.0000000000
134.0000000000 223.0000000000
144.0000000000 140.0000000000
144.0000000000 188.0000000000
79.0000000000 223.0000000000
86.0000000000 223.0000000000
129.0000000000 0.0000000000
64.0000000000 223.0000000000
47.0000000000 0.0000000000
84.0000000000 223.0000000000
144.0000000000 34.0000000000
69.0000000000 223.0000000000
110.0000000000 223.0000000000
126.0000000000 0.0000000000
0.0000000000 42.0000000000
60.0000000000 0.0000000000
97.0000000000 0.0000000000
144.0000000000 16.0000000000
29.0000000000 0.0000000000
35.0000000000 223.0000000000
23.0000000000 0.0000000000
136.0000000000 0.0000000000
0.0000000000 15.0000000000
74.0000000000 223.0000000000
144.0000000000 3.0000000000
98.0000000000 223.0000000000
39.0000000000 0.0000000000
82.0000000000 0.0000000000
144.0000000000 105.0000000000
144.0000000000 180.0000000000
0.0000000000 115.0000000000
0 0 0 0 1
0 0 0 0 0
1 0 0 0 0
0 0 0 0 8
0 0 0 0 0
0 0 0 2 0
0 0 0 0 0
0 0 0 0 0
0 0 0 0 0
0 0 0 0 1
0 0 0 3 0
0 0 0 0 0
1 0 0 0 0
0 0 0 1 0
0 0 0 1 0
0 0 0 0 0
0 0 0 0 0
0 0 0 0 0
0 0 0 0 0
0 0 0 0 0
0 0 0 0 0
0 0 1 1 2
0 0 0 3 0
0 0 0 0 1
0 0 0 0 0
0 0 0 0 0
0 0 0 0 1
0 0 0 0 2
0 0 0 1 10
0 0 0 0 1
1 0 0 0 0
0 0 0 0 1
0 0 0 0 0
0 0 0 0 0
0 1 0 0 0
0 0 0 0 8
0 0 0 0 0
0 0 0 2 0
0 0 0 0 0
1 0 0 3 0
0 0 0 0 0
1 0 0 0 0
0 0 0 0 0
0 0 1 3 0
0 0 1 2 2
1 0 1 0 8
0 0 0 0 0
0 0 0 3 0
0 0 0 0 6
0 0 0 0 0
0 0 0 0 1
0 0 0 0 0
1 0 1 3 0
0 0 0 0 0
0 0 0 2 0
0 0 0 0 0
1 0 1 0 8
0 0 0 0 0
0 0 0 0 1
0 0 0 2 0
0 0 0 1 2
0 0 0 0 4
0 0 0 2 0
0 0 0 0 0
0 0 0 0 0
0 0 0 1 0
0 0 0 0 0
0 0 0 0 0
0 0 0 0 0
0 0 0 0 0
0 0 0 0 0
0 0 0 2 0
0 0 0 0 0
1 0 0 0 9
0 0 0 0 0
0 0 0 3 0
1 0 0 3 0
0 0 0 0 0
0 0 0 0 5
0 1 0 0 1
1 0 0 0 2
0 0 0 0 0
0 0 0 0 4
0 0 0 2 0
0 0 0 0 0
0 0 0 1 0
1 0 0 0 1
-1.0000000000 -1.0000000000 -1.0000000000 -1.0000000000
-1.0000000000 -1.0000000000 -1.0000000000 -1.0000000000
-1.0000000000 -1.0000000000 9.0000000000 26.0000000000
-1.0000000000 -1.0000000000 -1.0000000000 -1.0000000000
-1.0000000000 -1.0000000000 -1.0000000000 -1.0000000000
-1.0000000000 -1.0000000000 -1.0000000000 -1.0000000000
-1.0000000000 -1.0000000000 -1.0000000000 -1.0000000000
-1.0000000000 -1.0000000000 -1.0000000000 -1.0000000000
-1.0000000000 -1.0000000000 -1.0000000000 -1.0000000000
-1.0000000000 -1.0000000000 -1.0000000000 -1.0000000000
-1.0000000000 -1.0000000000 -1.0000000000 -1.0000000000
-1.0000000000 -1.0000000000 -1.0000000000 -1.0000000000
-1.0000000000 -1.0000000000 12.0000000000 10.0000000000
-1.0000000000 -1.0000000000 -1.0000000000 -1.0000000000
-1.0000000000 -1.0000000000 -1.0000000000 -1.0000000000
-1.0000000000 -1.0000000000 -1.0000000000 -1.0000000000
-1.0000000000 -1.0000000000 -1.0000000000 -1.0000000000
-1.0000000000 -1.0000000000 -1.0000000000 -1.0000000000
-1.0000000000 -1.0000000000 -1.0000000000 -1.0000000000
-1.0000000000 -1.0000000000 -1.0000000000 -1.0000000000
-1.0000000000 -1.0000000000 -1.0000000000 -1.0000000000
-1.0000000000 -1.0000000000 -1.0000000000 -1.0000000000
-1.0000000000 -1.0000000000 -1.0000000000 -1.0000000000
-1.0000000000 -1.0000000000 -1.0000000000 -1.0000000000
-1.0000000000 -1.0000000000 -1.0000000000 -1.0000000000
-1.0000000000 -1.0000000000 -1.0000000000 -1.0000000000
-1.0000000000 -1.0000000000 -1.0000000000 -1.0000000000
-1.0000000000 -1.0000000000 -1.0000000000 -1.0000000000
-1.0000000000 -1.0000000000 -1.0000000000 -1.0000000000
-1.0000000000 -1.0000000000 -1.0000000000 -1.0000000000
-1.0000000000 -1.0000000000 17.0000000000 10.0000000000
-1.0000000000 -1.0000000000 -1.0000000000 -1.0000000000
-1.0000000000 -1.0000000000 -1.0000000000 -1.0000000000
-1.0000000000 -1.0000000000 -1.0000000000 -1.0000000000
47.0000000000 168.0000000000 9.0000000000 5.0000000000
-1.0000000000 -1.0000000000 -1.0000000000 -1.0000000000
-1.0000000000 -1.0000000000 -1.0000000000 -1.0000000000
-1.0000000000 -1.0000000000 -1.0000000000 -1.0000000000
-1.0000000000 -1.0000000000 -1.0000000000 -1.0000000000
-1.0000000000 -1.0000000000 40.0000000000 19.0000000000
-1.0000000000 -1.0000000000 -1.0000000000 -1.0000000000
-1.0000000000 -1.0000000000 21.0000000000 7.0000000000
-1.0000000000 -1.0000000000 -1.0000000000 -1.0000000000
-1.0000000000 -1.0000000000 -1.0000000000 -1.0000000000
-1.0000000000 -1.0000000000 -1.0000000000 -1.0000000000
-1.0000000000 -1.0000000000 28.0000000000 27.0000000000
-1.0000000000 -1.0000000000 -1.0000000000 -1.0000000000
-1.0000000000 -1.0000000000 -1.0000000000 -1.0000000000
-1.0000000000 -1.0000000000 -1.0000000000 -1.0000000000
-1.0000000000 -1.0000000000 -1.0000000000 -1.0000000000
-1.0000000000 -1.0000000000 -1.0000000000 -1.0000000000
-1.0000000000 -1.0000000000 -1.0000000000 -1.0000000000
-1.0000000000 -1.0000000000 28.0000000000 27.0000000000
-1.0000000000 -1.0000000000 -1.0000000000 -1.0000000000
-1.0000000000 -1.0000000000 -1.0000000000 -1.0000000000
-1.0000000000 -1.0000000000 -1.0000000000 -1.0000000000
-1.0000000000 -1.0000000000 28.0000000000 27.0000000000
-1.0000000000 -1.0000000000 -1.0000000000 -1.0000000000
-1.0000000000 -1.0000000000 -1.0000000000 -1.0000000000
-1.0000000000 -1.0000000000 -1.0000000000 -1.0000000000
-1.0000000000 -1.0000000000 -1.0000000000 -1.0000000000
-1.0000000000 -1.0000000000 -1.0000000000 -1.0000000000
-1.0000000000 -1.0000000000 -1.0000000000 -1.0000000000
-1.0000000000 -1.0000000000 -1.0000000000 -1.0000000000
-1.0000000000 -1.0000000000 -1.0000000000 -1.0000000000
-1.0000000000 -1.0000000000 -1.0000000000 -1.0000000000
-1.0000000000 -1.0000000000 -1.0000000000 -1.0000000000
-1.0000000000 -1.0000000000 -1.0000000000 -1.0000000000
-1.0000000000 -1.0000000000 -1.0000000000 -1.0000000000
-1.0000000000 -1.0000000000 -1.0000000000 -1.0000000000
-1.0000000000 -1.0000000000 -1.0000000000 -1.0000000000
-1.0000000000 -1.0000000000 -1.0000000000 -1.0000000000
-1.0000000000 -1.0000000000 -1.0000000000 -1.0000000000
-1.0000000000 -1.0000000000 29.0000000000 12.0000000000
-1.0000000000 -1.0000000000 -1.0000000000 -1.0000000000
-1.0000000000 -1.0000000000 -1.0000000000 -1.0000000000
-1.0000000000 -1.0000000000 18.0000000000 6.0000000000
-1.0000000000 -1.0000000000 -1.0000000000 -1.0000000000
-1.0000000000 -1.0000000000 -1.0000000000 -1.0000000000
0.0000000000 12.0000000000 29.0000000000 15.0000000000
-1.0000000000 -1.0000000000 31.0000000000 21.0000000000
-1.0000000000 -1.0000000000 -1.0000000000 -1.0000000000
-1.0000000000 -1.0000000000 -1.0000000000 -1.0000000000
-1.0000000000 -1.0000000000 -1.0000000000 -1.0000000000
-1.0000000000 -1.0000000000 -1.0000000000 -1.0000000000
-1.0000000000 -1.0000000000 -1.0000000000 -1.0000000000
-1.0000000000 -1.0000000000 7.0000000000 8.0000000000
0
