120
61.0000000000 129.0000000000 22.3606797750 22.3606797750
92.3683097388 90.2348707541 15.1657508881 15.1657508881
36.0029901260 43.1097612961 16.4316767252 16.4316767252
93.0001000000 25.0839202169 5.9160797831 5.9160797831
120.4957420237 76.6400169111 12.3288280059 12.3288280059
0.0000000000 69.3118007870 21.4476105895 8.5790442358
172.3051413840 0.0000000000 10.0995049384 10.0995049384
37.0000000000 79.1126015473 20.9045449604 20.9045449604
127.8511577926 29.8748384926 11.0000000000 9.0000000000
97.1482652982 223.3462061281 11.2249721603 11.2249721603
0.0000000000 222.7807177412 16.4316767252 16.4316767252
0.0000000000 174.2335379364 38.5356977360 15.4142790944
37.0000000000 100.0172465076 28.9827534924 28.9827534924
0.0000000000 210.6480170308 30.3315017762 12.1326007105
114.8511577926 0.0000000000 13.0000000000 18.0000000000
107.5341606269 88.9689449170 16.4316767252 16.4316767252
120.2637194100 173.7305780000 15.5563491861 15.5563491861
23.0001000000 189.6479170308 20.4939015319 20.4939015319
97.1482652982 202.7305780000 20.6155281281 20.6155281281
72.8789430992 202.7305780000 24.2693221990 24.2693221990
113.8474791831 110.2449071879 14.2828568571 14.2828568571
154.8365488182 141.4673410000 27.5680975042 11.0272390017
8.0000000000 122.0000000000 10.0000000000 5.0000000000
72.8789430992 173.7305780000 29.0000000000 29.0000000000
0.0000000000 246.0000000000 20.0000000000 19.0000000000
98.3554457982 109.0358306602 15.4919333848 15.4919333848
2.2802475907 140.8322595662 11.2249721603 11.2249721603
10.4881884817 43.1097612961 25.5147016443 25.5147016443
27.5176087518 68.6245629404 8.4852813742 8.4852813742
0.0000000000 94.3227217480 26.6926956301 10.6770782520
0.0000000000 189.6479170308 23.0000000000 21.0000000000
71.0000000000 238.9232903792 10.4307238483 26.0768096208
65.9827534924 103.7519231907 11.0000000000 9.0000000000
135.8200685961 173.7305780000 14.6969384567 14.6969384567
52.4179935261 64.7312191018 13.5646599663 13.5646599663
76.1193583354 152.5644675115 21.1660104885 21.1660104885
83.6699858014 246.8341978754 7.2663608498 18.1659021246
159.1667462452 115.2326040000 23.2379000772 9.2951600309
65.9827534924 78.2959790680 25.4558441227 25.4558441227
150.5170070528 173.7305780000 31.6227766017 12.6491106407
37.0000000000 154.0000000000 12.8452325787 12.8452325787
13.5053197511 129.0000000000 23.4946802489 23.4946802489
139.8010531896 0.0000000000 8.9442719100 8.9442719100
92.3683097388 76.2347707541 14.0000000000 14.0000000000
67.7591005837 0.0000000000 17.2336879396 17.2336879396
154.7454250996 0.0000000000 16.6853228917 41.7133072292
82.2308303017 108.4032485484 16.1245154966 16.1245154966
150.0009428304 202.7305780000 32.4037034920 12.9614813968
82.2308303017 124.5278640450 4.4721359550 4.4721359550
45.9918674322 20.1991098767 21.1660104885 21.1660104885
150.0009428304 41.7134072292 32.4037034920 12.9614813968
117.7637934263 202.7305780000 18.1659021246 18.1659021246
90.9364466512 237.3414666281 11.0634533488 27.6586333719
71.0000000000 20.0000000000 22.0000000000 11.0000000000
165.4046463224 124.5278640309 17.0000000000 10.0000000000
0.0000000000 58.9193959416 10.3923048454 10.3923048454
0.0000000000 47.3050966887 8.6602540378 3.4641016151
101.8789430992 173.7305780000 18.3847763109 18.3847763109
13.5053197511 152.4946802489 21.4941852602 21.4941852602
30.3316017762 210.6480170308 13.6747943312 13.6747943312
0.0000000000 0.0000000000 18.4932420089 18.4932420089
148.7453250996 0.0000000000 6.0000000000 15.0000000000
65.9827534924 54.8011988191 23.4946802489 23.4946802489
29.5600907070 0.0000000000 20.1990098767 20.1990098767
64.3980225093 221.7044439610 5.4772255751 5.4772255751
16.4317767252 77.8909450228 16.4316767252 16.4316767252
165.9729695972 157.2988010000 16.4316767252 16.4316767252
0.0000000000 38.2106818105 12.2474487139 4.8989794856
49.8453325787 154.0000000000 19.7484176581 19.7484176581
84.0081434210 237.3414666281 6.9282032303 6.9282032303
127.8511577926 0.0000000000 11.9498953970 29.8747384926
1.6730601849 129.0000000000 11.8321595662 11.8321595662
36.0029901260 59.5415380212 16.0000000000 16.0000000000
37.0000000000 129.0000000000 24.0000000000 25.0000000000
73.1482652982 227.0000001990 24.0000000000 8.0000000000
52.4347668512 43.1097612961 13.4907375632 13.4907375632
18.2382369607 110.2383369607 18.7616630393 18.7616630393
20.1253921336 225.3138303340 15.8745078664 39.6862696660
102.0000000000 240.0000000000 27.0000000000 25.0000000000
50.9015821234 180.7533170242 21.9772609758 21.9772609758
0.0000000000 77.8909450228 16.4316767252 16.4316767252
0.0000000000 30.0865434059 20.3100960116 8.1240384046
89.4775337413 31.8304360706 6.0000000000 6.0000000000
84.9927885234 0.0000000000 15.7162336455 15.7162336455
123.9659373520 88.9689449170 10.9544511501 10.9544511501
83.3607797750 129.0000000000 18.6547581062 18.6547581062
131.3362975957 51.9018833501 8.7749643874 8.7749643874
107.5341606269 76.0073635202 12.9614813968 12.9614813968
100.7090221689 0.0000000000 14.1421356237 35.3553390593
59.5019127940 58.2503784034 6.4807406984 6.4807406984
145.3236538869 216.8019250000 37.0809924355 14.8323969742
27.5130670195 100.7514039802 9.4868329805 9.4868329805
119.1621660807 132.3576995654 15.2970585408 15.2970585408
0.0000000000 43.1097612961 10.4880884817 4.1952353927
114.8512577926 24.4008879092 10.9544511501 10.9544511501
50.9015821234 202.7306780000 18.9736659610 18.9736659610
97.2854688239 150.7522274138 22.9782505862 22.9782505862
29.5600907070 20.1991098767 16.4316767252 16.4316767252
89.4775337413 37.8305360706 16.9705627485 16.9705627485
69.2784238646 34.6020889423 20.1990098767 20.1990098767
49.7591005837 0.0000000000 18.0000000000 11.0000000000
93.0001000000 19.1677404338 5.9160797831 5.9160797831
65.9827534924 112.7519231907 16.2480768093 16.2480768093
36.0000000000 235.0001000000 18.0000000000 19.0000000000
95.4776337413 32.8304360706 5.0000000000 5.0000000000
89.4775337413 54.8011988191 14.8660687473 14.8660687473
44.1883783292 166.8453325787 5.6568542495 5.6568542495
0.0000000000 18.4933420089 28.9827534924 11.5931013970
102.0156378812 130.5083299067 17.1464281995 17.1464281995
117.9084624549 54.8011988191 11.4891252931 11.4891252931
120.5195437693 41.0851295237 10.8166538264 10.8166538264
106.4481964898 37.8305360706 14.0712472795 14.0712472795
0.0000000000 104.9999000000 17.0000000000 17.0000000000
104.3437024886 54.8011988191 13.5646599663 13.5646599663
131.3362975957 39.9017833501 9.0000000000 12.0000000000
153.2498868482 54.6749886260 29.1547594742 11.6619037897
36.0000000000 227.0000000000 19.0000000000 8.0000000000
123.9659373520 99.9234960671 10.0995049384 10.0995049384
55.0001000000 232.5963965080 12.9614813968 32.4037034920
135.9296955509 202.7305780000 14.0712472795 14.0712472795
