[l129] loading dataset ...
[l155] 100 cases | prune_B 8 | reps 3 | kw {'area_R': 1.5, 'area_g': 1.1, 'area_tol': 0.006, 'area_price': 1.0} | layouts results_L153_lpoff_L137.json

 case    n                       B=8.0
              rows kept/drop rnd  wall
    0   21      464   96/132    1  0.015
    1   22      886  188/328    2  0.031
    2   23      610  161/229    1  0.017
    3   24      732   62/58     2  0.026
    4   25     1222  296/488    2  0.038
    5   26     1308  332/504    2  0.038
    6   27      578  138/166    1  0.019
    7   28      674  160/370    1  0.022
    8   29      723  184/202    1  0.024
    9   30     1290  266/454    2  0.039
   10   31     3470  847/1225   4  0.102
   11   32      570   70/116    1  0.020
   12   33     2176  613/851    2  0.063
   13   34      857  208/316    1  0.027
   14   35     1054  270/276    1  0.032
   15   36     1894  463/737    2  0.062
   16   37      937  214/316    1  0.042
   17   38     2273  357/639    3  0.075
   18   39     1806  326/334    2  0.056
   19   40     1940  404/460    2  0.059
   20   41     2344  631/1165   2  0.064
   21   42     3436  853/1529   3  0.101
   22   43     4012  817/1375   4  0.119
   23   44     4130 1441/2331   2  0.143
   24   45     1371  349/549    1  0.051
   25   46     1475  401/555    1  0.044
   26   47     1183  256/348    1  0.044
   27   48     1126  226/396    1  0.039
   28   49     3014  758/1502   2  0.119
   29   50     1214  230/250    1  0.038
   30   51     3236  898/2446   2  0.120
   31   52     4326 1397/2835   2  0.133
   32   53     2510  464/772    2  0.085
   33   54     1643  404/480    1  0.060
   34   55     1381  287/463    1  0.046
   35   56     1358  264/386    1  0.047
   36   57     3704  974/1902   2  0.125
   37   58     4158 1166/2258   2  0.142
   38   59     1961  551/1025   1  0.061
   39   60     2074  569/989    1  0.089
   40   61     3924 1027/2325   2  0.145
   41   62     1712  371/763    1  0.065
   42   63     1744  375/475    1  0.067
   43   64     1854  423/717    1  0.068
   44   65     4968 1514/2702   2  0.174
   45   66     2257  622/1476   1  0.073
   46   67     5286 1631/3481   2  0.182
   47   68     1669  257/387    1  0.067
   48   69     9262 2519/7689   4  0.330
   49   70     4056  995/1921   2  0.160
   50   71     3564  691/1061   2  0.139
   51   72    10428 2964/8924   4  0.333
   52   73     2285  579/861    1  0.095
   53   74     8471 2453/4819   3  0.321
   54   75     3410  657/1459   2  0.126
   55   76     6582 2096/4956   2  0.269
   56   77     1739  274/538    1  0.081
   57   78     3884 1288/2864   1  0.225
   58   79     2263  496/840    1  0.107
   59   80     7894 2711/7021   2  0.471
   60   81     2348  499/865    1  0.113
   61   82     3031  911/1487   1  0.095
   62   83     8938 2545/5951   3  0.356
   63   84     2459  562/1224   1  0.105
   64   85     6744 2058/5806   2  0.240
   65   86     3042  864/2090   1  0.113
   66   87     2501  542/932    1  0.110
   67   88     9178 1713/4447   4  0.374
   68   89     2721  644/1766   1  0.098
   69   90     6466 1835/5165   2  0.255
   70   91     5706 1532/3780   2  0.203
   71   92    10424 3665/7671   2  0.628
   72   93     4861 1653/4651   1  0.211
   73   94    19126 6583/20017  4  0.823
   74   95     7976 2477/4635   2  0.278
   75   96     8350 1924/4040   3  0.359
   76   97     3676 1096/3246   1  0.124
   77   98     5719 2054/5240   1  0.407
   78   99    11726 4239/14477  2  0.679
   79  100     2570  469/909    1  0.087
   80  101     9742 3308/10956  2  0.512
   81  102     3930 1075/2597   1  0.246
   82  103    11840 4156/12264  2  0.733
   83  104     6968 1760/4180   2  0.311
   84  105     7634 2153/4147   2  0.423
   85  106    10178 3398/7398   2  0.540
   86  107     9728 3112/11236  2  0.727
   87  108     8946 2596/4816   2  0.626
   88  109     3403  872/2584   1  0.165
   89  110    10374 3384/9884   2  0.363
   90  111     3785 1046/3196   1  0.177
   91  112    14028 5133/14375  2  1.096
   92  113     4112 1124/2136   1  0.197
   93  114    16086 4395/9021   4  0.910
   94  115    11346 3728/7756   2  0.363
   95  116     6534 2350/5604   1  0.352
   96  117    12454 4206/12630  2  0.881
   97  118    14070 5012/13416  2  0.978
   98  119     4724 1346/3038   1  0.309
   99  120    17828 6972/23516  2  1.310

=== totals over 100 cases ===
  prune_B     rows    hpwl     sep  other   kept   drop  builds  t_build  t_solve     wall  speedup
      8.0   477644  283050   72726 121868 141525 350185     175     0.71    13.73    22.85    1.00x

post-prune composition at B=8.0: hpwl 283050 (59.3%), separation 72726 (15.2%), area_tangent 71270 (14.9%), envelope 45984 (9.6%), boundary_eq 4264 (0.9%), bbox 350 (0.1%)

=== EXACTNESS GATE ===
  PASS: every prune_B produced the SAME objective and the SAME layout on every case. prune_B is a pure speed knob.
