[l129] loading dataset ...
[l156] 21 cases | arms base,env0.02,env0.05,env0.10,tan2,tan3 | reps 3 | base kw {'area_R': 1.5, 'area_g': 1.1, 'area_tol': 0.006, 'area_price': 1.0}

 case    n                    base               env0.02               env0.05               env0.10                  tan2                  tan3
              rows omit rnd   wall  rows omit rnd   wall  rows omit rnd   wall  rows omit rnd   wall  rows omit rnd   wall  rows omit rnd   wall
   79  100     2570     0   1  0.091   2257   313   1  0.091   2259   311   1  0.092   2260   310   1  0.091   4448   692   2  0.178   4672   468   2  0.175
   80  101     9742     0   2  0.504   9126   616   2  0.481   9128   614   2  0.493   9144   598   2  0.497  27344  1882   6  1.556  18597   887   4  1.060
   81  102     3930     0   1  0.244   7135   725   2  0.472   3569   361   1  0.241   3578   352   1  0.232   7105   755   2  0.463   7341   519   2  0.428
   82  103    11840     0   2  0.725  11114   726   2  0.690  11137   715   2  0.670  11142   698   2  0.674  16781  1017   3  1.080  11375   475   2  0.705
   83  104     6968     0   2  0.314   9453   998   3  0.457   3155   328   1  0.160   6330   638   2  0.307  15494  1925   5  0.847  12874  1062   4  0.693
   84  105     7634     0   2  0.397   6905   729   2  0.406   6914   720   2  0.398   6930   704   2  0.408  10440  1030   3  0.643   7155   479   2  0.439
   85  106    10178     0   2  0.547   9453   725   2  0.569   9458   720   2  0.554   9472   706   2  0.536  14262  1011   3  0.779   9706   472   2  0.512
   86  107     9728     0   2  0.632   9106   622   2  0.636   9112   616   2  0.652   9118   610   2  0.617  13462  1130   3  0.879   9197   531   2  0.602
   87  108     8946     0   2  0.615   8187   771   2  0.568   8187   759   2  0.588   8208   738   2  0.584   8102   844   2  0.575   8367   579   2  0.586
   88  109     3403     0   1  0.172   3083   320   1  0.173   3086   317   1  0.177   3088   315   1  0.176   6049   757   2  0.340   6298   508   2  0.334
   89  110    10374     0   2  0.379   9688   686   2  0.367   9704   670   2  0.367   9718   656   2  0.371  19084  1664   4  0.822  19620  1128   4  0.818
   90  111     3785     0   1  0.172   3481   304   1  0.174   3487   298   1  0.173   3492   293   1  0.174   6847   723   2  0.358   7076   494   2  0.358
   91  112    14028     0   2  1.082  13284   744   2  1.114  13287   741   2  1.078  13312   716   2  1.050  19761  1286   3  1.560  20171   876   3  1.537
   92  113     4112     0   1  0.204   7480   744   2  0.377   3742   370   1  0.183   3752   360   1  0.192  11145  1191   3  0.565   7656   568   2  0.363
   93  114    16086     0   4  0.944  14594  1492   4  0.838  21910  2214   6  1.333  14654  1432   4  0.830  37508  3213   9  2.299  22441  1685   6  1.283
   94  115    11346     0   2  0.380  10554   792   2  0.372  10560   786   2  0.378  10574   772   2  0.384  10603   743   2  0.397  10842   504   2  0.398
   95  116     6534     0   1  0.358  12393   675   2  0.702  12405   663   2  0.698   6213   321   1  0.355  18383  1219   3  1.105  12505   563   2  0.679
   96  117    12454     0   2  0.866  23246  1662   4  1.745  23254  1654   4  1.693  11654   802   2  0.834  53868  2350   7  5.134  23831  1077   4  1.819
   97  118    14070     0   2  0.996  19950  1163   3  1.574  19955  1162   3  1.533  19976  1139   3  1.559  19763  1352   3  1.566  13433   637   2  0.957
   98  119     4724     0   1  0.304   8637   811   2  0.614   8642   806   2  0.606   4329   395   1  0.292  12860  1312   3  1.036  13245   927   3  0.888
   99  120    17828     0   2  1.307  17060   768   2  1.296  17064   764   2  1.295  17084   744   2  1.317  33979  1677   4  2.351  34510  1146   4  2.150

=== totals over 21 cases ===
             arm     rows    hpwl    sep    tan    env  omitted  builds  t_solve     wall  speedup
            base   190280  123190  25568  25480  14832        0      37     7.12    11.23    1.00x
         env0.02   216186  150184  31344  31340   1822    16386      45     8.61    13.71    0.82x
         env0.05   210015  146654  30065  30000   1875    15589      43     8.31    13.36    0.84x
         env0.10   184028  128212  26299  26310   1961    13299      38     7.21    11.48    0.98x
            tan2   367288  260830  51212  23167  29624    27773      74    15.56    24.54    0.46x
            tan3   280912  191240  40125  24475  23148    15585      58    10.07    16.78    0.67x

=== EXACTNESS GATE (relaxation + repair => optimum must not move) ===
  same objective, different vertex: 82 -- degeneracy, not a defect
Traceback (most recent call last):
  File "C:\ICCAD_ml\ship_final\l156_lazy_ab.py", line 202, in <module>
    raise SystemExit(main())
  File "C:\ICCAD_ml\ship_final\l156_lazy_ab.py", line 192, in main
    print(f"  \U0001f6a8 objective MOVED on {len(moved)} (case, arm) pairs. The lazy "
UnicodeEncodeError: 'cp950' codec can't encode character '\U0001f6a8' in position 2: illegal multibyte sequence
