21 1 1 1
22 1 1 1
23 1 1 1
24 1 1 1
25 1 1 1
26 1 1 1
27 1 1 1
28 1 1 1
29 1 1 1
30 1 1 1
31 0 0 1
32 1 1 1
33 1 1 1
34 1 1 1
35 1 1 2
36 1 1 1
37 1 1 2
38 1 1 1
39 1 1 1
40 1 1 1
41 1 1 1
42 0 0 1
43 1 1 1
44 1 1 2
45 1 1 2
46 1 1 2
47 1 1 2
48 1 1 1
49 1 1 2
50 1 1 2
51 1 1 2
52 1 1 2
53 1 1 2
54 1 1 2
55 1 1 2
56 1 1 2
57 1 1 2
58 1 1 2
59 1 1 2
60 1 1 1
61 1 1 1
62 1 1 2
63 1 1 2
64 1 1 2
65 1 1 2
66 1 1 2
67 1 1 2
68 1 1 2
69 1 1 2
70 1 1 2
71 1 1 2
72 1 1 2
73 1 1 2
74 1 1 2
75 1 1 2
76 1 1 2
77 1 1 2
78 1 1 2
79 1 1 2
80 1 1 2
81 1 1 2
82 1 1 2
83 1 1 2
84 1 1 2
85 1 1 2
86 1 1 2
87 1 1 2
88 1 1 2
89 1 1 2
90 1 1 2
91 1 1 2
92 1 1 2
93 1 1 2
94 1 1 2
95 1 1 2
96 1 1 2
97 1 1 2
98 1 1 2
99 1 1 2
100 1 1 2
101 1 1 2
102 1 1 2
103 1 1 2
104 1 1 2
105 1 1 2
106 1 1 2
107 1 1 2
108 1 1 2
109 1 1 2
110 1 1 2
111 1 1 2
112 1 1 2
113 1 1 2
114 1 1 2
115 1 1 2
116 1 1 2
117 1 1 2
118 1 1 2
119 1 1 2
120 1 1 2
