21 0 0.162525
21 2 0.163498
21 3 0.176692
21 1 0.187601
21 7 0.214664
21 6 0.233794
21 15 0.238211
21 4 0.252739
21 17 0.255674
21 9 0.264226
21 12 0.265835
21 8 0.273111
21 14 0.272944
21 13 0.274756
21 11 0.283385
21 32 0.260979
21 30 0.264403
21 38 0.252996
21 22 0.277997
21 25 0.275298
21 20 0.282485
21 31 0.268579
21 23 0.281099
21 5 0.303447
21 43 0.259888
21 27 0.283257
21 28 0.282867
21 35 0.275109
21 24 0.290138
21 16 0.303294
21 44 0.268283
21 33 0.286044
21 19 0.305680
21 29 0.292883
21 46 0.270991
21 39 0.280707
21 10 0.319795
21 42 0.276924
21 26 0.300486
21 21 0.307754
21 41 0.279105
21 36 0.287625
21 18 0.312987
21 50 0.268980
21 47 0.272953
21 45 0.276830
21 37 0.288615
21 40 0.286252
21 34 0.300439
21 49 0.278505
21 48 0.281751
22 0 0.164881
22 3 0.174231
22 1 0.197296
22 4 0.196878
22 2 0.211871
22 8 0.208899
22 6 0.215405
22 5 0.245953
22 9 0.262642
22 10 0.266238
22 11 0.270002
22 14 0.271668
22 30 0.253358
22 32 0.262598
22 29 0.266976
22 13 0.293360
22 28 0.274383
22 12 0.296195
22 31 0.271902
22 20 0.292199
22 19 0.300116
22 44 0.265127
22 18 0.301964
22 16 0.304905
22 23 0.298655
22 41 0.275340
22 34 0.286033
22 33 0.287663
22 49 0.265482
22 17 0.311890
22 15 0.314189
22 24 0.302405
22 7 0.324147
22 42 0.280300
22 50 0.270096
22 40 0.283932
22 26 0.305825
22 21 0.314135
22 22 0.315112
22 35 0.296809
22 36 0.296483
22 25 0.312027
22 38 0.295583
22 43 0.288106
22 48 0.281375
22 27 0.314131
22 47 0.288252
22 45 0.292473
22 46 0.290974
22 39 0.302714
22 37 0.306371
23 0 0.142564
23 2 0.156415
23 6 0.185366
23 3 0.205455
23 4 0.210941
23 1 0.240151
23 10 0.231760
23 5 0.243007
23 9 0.275012
23 8 0.284381
23 12 0.290604
23 38 0.262216
23 30 0.273909
23 28 0.276562
23 20 0.290010
23 14 0.296906
23 32 0.275393
23 42 0.262692
23 13 0.300390
23 17 0.298431
23 19 0.298501
23 7 0.311154
23 11 0.307225
23 21 0.297055
23 33 0.284057
23 24 0.298375
23 34 0.285141
23 29 0.291824
23 18 0.307415
23 27 0.296298
23 25 0.299995
23 31 0.291836
23 23 0.302824
23 50 0.268852
23 35 0.290148
23 37 0.293246
23 44 0.283383
23 43 0.284765
23 46 0.281575
23 45 0.285320
23 47 0.285320
23 15 0.327869
23 16 0.327136
23 22 0.320580
23 48 0.286994
23 49 0.287359
23 41 0.298311
23 26 0.318555
23 36 0.305392
23 39 0.304749
23 40 0.304533
24 0 0.145239
24 1 0.167130
24 2 0.179206
24 4 0.180946
24 3 0.200232
24 5 0.221681
24 8 0.223115
24 9 0.239908
24 7 0.255872
24 10 0.269944
24 20 0.265343
24 11 0.278786
24 14 0.277161
24 13 0.286842
24 32 0.268991
24 12 0.295798
24 6 0.303649
24 31 0.272997
24 26 0.280333
24 39 0.265280
24 16 0.297707
24 23 0.289287
24 38 0.268821
24 30 0.280564
24 44 0.261619
24 15 0.303474
24 17 0.301024
24 24 0.292204
24 33 0.281116
24 28 0.288589
24 29 0.288771
24 48 0.263236
24 27 0.294464
24 46 0.268849
24 22 0.303348
24 18 0.310985
24 37 0.286391
24 34 0.290492
24 42 0.280294
24 50 0.271266
24 40 0.285264
24 49 0.272809
24 35 0.293666
24 21 0.314559
24 41 0.288622
24 36 0.296096
24 47 0.281660
24 45 0.285448
24 25 0.313464
24 43 0.289044
24 19 0.325583
25 5 0.124267
25 0 0.142838
25 6 0.181121
25 3 0.197368
25 4 0.231375
25 8 0.229070
25 2 0.241864
25 1 0.257631
25 11 0.273568
25 30 0.256752
25 9 0.289303
25 12 0.298152
25 17 0.296956
25 10 0.304956
25 33 0.276903
25 13 0.303084
25 32 0.280104
25 28 0.286622
25 36 0.277541
25 22 0.297194
25 20 0.300048
25 44 0.272461
25 29 0.296805
25 19 0.311894
25 34 0.291664
25 25 0.306323
25 23 0.309395
25 40 0.286244
25 14 0.320750
25 31 0.298880
25 26 0.307994
25 18 0.319701
25 46 0.283649
25 41 0.293063
25 45 0.289971
25 15 0.330199
25 38 0.301598
25 35 0.308410
25 39 0.303489
25 24 0.324656
25 27 0.321588
25 48 0.291627
25 7 0.344114
25 21 0.331468
25 47 0.295885
25 16 0.339810
25 42 0.306246
25 50 0.295353
25 49 0.299003
25 43 0.309626
25 37 0.319428
26 3 0.154511
26 0 0.160436
26 2 0.186746
26 1 0.190835
26 6 0.197159
26 5 0.209933
26 4 0.213030
26 13 0.225894
26 7 0.245453
26 10 0.246970
26 19 0.257366
26 23 0.254859
26 9 0.274094
26 33 0.245547
26 20 0.264138
26 12 0.275554
26 32 0.249776
26 11 0.278130
26 21 0.267200
26 17 0.274917
26 14 0.279881
26 28 0.260224
26 37 0.248613
26 8 0.289065
26 42 0.244776
26 31 0.264729
26 24 0.278417
26 44 0.250025
26 30 0.271926
26 50 0.244023
26 39 0.264132
26 48 0.252790
26 47 0.256275
26 34 0.275906
26 22 0.294736
26 46 0.259246
26 16 0.303407
26 38 0.273014
26 49 0.257194
26 29 0.288549
26 27 0.291497
26 41 0.272711
26 15 0.311414
26 43 0.274211
26 35 0.288776
26 25 0.304694
26 45 0.277236
26 40 0.289682
26 26 0.313135
26 18 0.325400
26 36 0.308284
27 1 0.136634
27 0 0.145675
27 3 0.187254
27 2 0.195952
27 4 0.209084
27 6 0.214950
27 5 0.234522
27 9 0.240227
27 10 0.248168
27 21 0.267692
27 19 0.281476
27 27 0.271687
27 22 0.282089
27 23 0.283083
27 47 0.253966
27 33 0.273119
27 14 0.297893
27 28 0.282564
27 11 0.303542
27 18 0.300192
27 38 0.276840
27 12 0.309973
27 26 0.293877
27 34 0.284266
27 29 0.292570
27 24 0.299674
27 42 0.275506
27 50 0.264922
27 25 0.299946
27 8 0.321704
27 44 0.277649
27 13 0.318810
27 43 0.282138
27 7 0.328603
27 31 0.301174
27 17 0.321188
27 32 0.302309
27 15 0.326687
27 39 0.295453
27 30 0.310242
27 36 0.303292
27 37 0.303559
27 16 0.332216
27 20 0.329096
27 46 0.293857
27 35 0.308921
27 48 0.292591
27 41 0.302597
27 45 0.299163
27 40 0.306516
27 49 0.302190
28 0 0.151140
28 1 0.171704
28 3 0.193590
28 4 0.202487
28 2 0.208805
28 8 0.207100
28 9 0.213093
28 6 0.251338
28 12 0.275042
28 11 0.283515
28 30 0.272164
28 14 0.296120
28 10 0.300518
28 16 0.295650
28 28 0.281185
28 31 0.277726
28 23 0.289095
28 42 0.264021
28 21 0.291816
28 26 0.286303
28 22 0.293099
28 17 0.303675
28 38 0.279397
28 33 0.288110
28 20 0.304559
28 46 0.275264
28 44 0.279185
28 7 0.325420
28 5 0.327812
28 19 0.314754
28 13 0.325350
28 45 0.284384
28 49 0.278743
28 27 0.312799
28 36 0.300184
28 41 0.295482
28 34 0.306076
28 50 0.286920
28 32 0.312535
28 29 0.316692
28 25 0.322672
28 47 0.292288
28 40 0.303017
28 15 0.338114
28 35 0.312399
28 24 0.329253
28 48 0.299319
28 43 0.306797
28 18 0.339719
28 37 0.317429
28 39 0.319479
29 0 0.143038
29 1 0.153062
29 3 0.217155
29 2 0.222184
29 5 0.257546
29 4 0.273059
29 28 0.268712
29 9 0.292102
29 11 0.292362
29 8 0.295721
29 14 0.296656
29 7 0.304261
29 13 0.299147
29 6 0.313915
29 33 0.288053
29 10 0.319304
29 31 0.297691
29 30 0.305865
29 23 0.326002
29 29 0.323829
29 26 0.331663
29 12 0.351504
29 16 0.350369
29 44 0.316217
29 32 0.335712
29 25 0.346058
29 38 0.332660
29 22 0.357773
29 18 0.363452
29 34 0.343633
29 17 0.370547
29 39 0.346072
29 40 0.344290
29 21 0.370605
29 45 0.339530
29 48 0.337824
29 15 0.384437
29 36 0.358900
29 37 0.357879
29 41 0.353852
29 49 0.344418
29 27 0.374158
29 47 0.349901
29 19 0.390049
29 43 0.358208
29 35 0.370097
29 46 0.355431
29 42 0.362125
29 20 0.395654
29 24 0.390940
29 50 0.358978
30 0 0.175830
30 4 0.188812
30 3 0.200124
30 1 0.205629
30 2 0.217703
30 5 0.238142
30 9 0.240385
30 7 0.245117
30 11 0.296918
30 10 0.303787
30 8 0.310557
30 13 0.312793
30 12 0.313919
30 6 0.322097
30 28 0.298095
30 14 0.317127
30 15 0.316850
30 29 0.303095
30 24 0.309944
30 22 0.314671
30 38 0.293050
30 16 0.323955
30 27 0.312249
30 31 0.307529
30 18 0.327183
30 26 0.317597
30 32 0.310209
30 37 0.304238
30 21 0.327695
30 19 0.333304
30 30 0.321851
30 17 0.342635
30 20 0.343163
30 44 0.312770
30 25 0.341369
30 39 0.322361
30 33 0.332348
30 42 0.320577
30 40 0.325288
30 35 0.333660
30 45 0.320292
30 48 0.317336
30 50 0.315482
30 36 0.335875
30 23 0.356048
30 47 0.322769
30 34 0.345555
30 46 0.329435
30 43 0.335360
30 41 0.341739
30 49 0.333102
31 5 0.178422
31 0 0.187868
31 6 0.193734
31 1 0.215384
31 4 0.263771
31 10 0.276987
31 9 0.279043
31 3 0.292015
31 13 0.293870
31 31 0.271988
31 17 0.296686
31 21 0.296474
31 20 0.302047
31 28 0.291705
31 24 0.298388
31 19 0.304173
31 2 0.322426
31 11 0.316663
31 32 0.292390
31 14 0.315330
31 22 0.310683
31 23 0.311351
31 12 0.329332
31 44 0.288581
31 33 0.305025
31 50 0.281957
31 25 0.321045
31 41 0.303586
31 27 0.326785
31 42 0.306026
31 37 0.314439
31 8 0.350700
31 38 0.314243
31 47 0.303646
31 29 0.329721
31 39 0.317447
31 30 0.330031
31 7 0.360305
31 46 0.313059
31 15 0.355459
31 49 0.311984
31 26 0.345553
31 45 0.328693
31 16 0.370407
31 34 0.350905
31 48 0.334967
31 35 0.354557
31 18 0.378871
31 43 0.345666
31 40 0.355524
31 36 0.362744
32 0 0.194179
32 2 0.201033
32 9 0.221715
32 3 0.228461
32 5 0.243806
32 1 0.249756
32 8 0.250817
32 4 0.260171
32 6 0.291438
32 13 0.305840
32 28 0.290239
32 29 0.297562
32 33 0.294492
32 10 0.322121
32 30 0.303212
32 7 0.334921
32 11 0.335054
32 32 0.314117
32 31 0.316286
32 14 0.341328
32 18 0.340537
32 12 0.349014
32 21 0.343228
32 17 0.351205
32 44 0.314143
32 16 0.356595
32 34 0.334372
32 23 0.350417
32 25 0.348276
32 19 0.356890
32 24 0.353525
32 27 0.353606
32 40 0.344986
32 41 0.345146
32 36 0.356435
32 15 0.384032
32 45 0.344738
32 20 0.381638
32 35 0.367054
32 47 0.350082
32 38 0.363258
32 42 0.357310
32 49 0.347481
32 39 0.364037
32 22 0.390245
32 26 0.384681
32 43 0.361855
32 46 0.363363
32 50 0.359654
32 37 0.379989
32 48 0.363863
33 0 0.160111
33 2 0.248738
33 1 0.254939
33 4 0.257585
33 3 0.270375
33 10 0.305880
33 28 0.287409
33 8 0.318973
33 7 0.330559
33 5 0.364339
33 33 0.331130
33 31 0.333732
33 6 0.364506
33 12 0.358837
33 27 0.340143
33 29 0.337823
33 43 0.317803
33 9 0.363624
33 44 0.317492
33 17 0.356407
33 20 0.364209
33 39 0.336039
33 15 0.373008
33 14 0.374688
33 36 0.346064
33 32 0.355288
33 41 0.343306
33 45 0.338287
33 13 0.383091
33 30 0.361165
33 26 0.374107
33 18 0.390480
33 16 0.392491
33 11 0.398454
33 35 0.368628
33 49 0.348286
33 21 0.390339
33 42 0.358707
33 24 0.385057
33 34 0.377682
33 25 0.393435
33 50 0.375520
33 46 0.386924
33 47 0.389362
33 40 0.401696
33 19 0.433072
33 22 0.430623
33 38 0.408237
33 23 0.431132
33 37 0.410792
33 48 0.402662
34 0 0.177075
34 3 0.177762
34 2 0.185679
34 1 0.195826
34 6 0.218821
34 5 0.229897
34 8 0.236063
34 7 0.244926
34 12 0.258363
34 10 0.262985
34 4 0.294384
34 9 0.312811
34 13 0.315264
34 29 0.293603
34 11 0.317968
34 19 0.311090
34 33 0.291129
34 15 0.319170
34 30 0.298802
34 14 0.323333
34 21 0.313459
34 47 0.280101
34 44 0.286109
34 43 0.288699
34 38 0.297131
34 20 0.323238
34 42 0.293355
34 18 0.331237
34 35 0.307507
34 25 0.323069
34 27 0.320574
34 32 0.313463
34 40 0.303610
34 17 0.338712
34 34 0.314160
34 39 0.308979
34 26 0.327239
34 36 0.319873
34 22 0.340284
34 31 0.329699
34 46 0.308433
34 37 0.323596
34 28 0.340304
34 49 0.308758
34 45 0.318708
34 16 0.363352
34 24 0.352867
34 50 0.318955
34 48 0.330292
34 23 0.371288
34 41 0.356844
35 3 0.228762
35 0 0.234249
35 9 0.232115
35 10 0.235023
35 8 0.243818
35 1 0.254460
35 32 0.306737
35 11 0.332363
35 31 0.308394
35 4 0.339414
35 29 0.312750
35 28 0.316967
35 30 0.317426
35 13 0.350121
35 42 0.315892
35 17 0.354278
35 33 0.336824
35 12 0.362811
35 21 0.356040
35 2 0.375154
35 6 0.375189
35 19 0.363604
35 18 0.365922
35 14 0.377215
35 44 0.337514
35 46 0.335690
35 37 0.354414
35 15 0.388249
35 41 0.353959
35 7 0.395770
35 16 0.395968
35 27 0.388299
35 25 0.394582
35 43 0.375257
35 50 0.372879
35 26 0.413493
35 47 0.381111
35 35 0.401183
35 38 0.397572
35 40 0.399758
35 48 0.385198
35 34 0.410760
35 36 0.410228
35 24 0.430466
35 5 0.450479
35 39 0.412141
35 49 0.395067
35 45 0.404086
35 20 0.454058
35 22 0.453128
35 23 0.459439
36 0 0.115185
36 2 0.140385
36 1 0.211256
36 3 0.216146
36 4 0.223674
36 6 0.235508
36 8 0.245514
36 7 0.254484
36 13 0.279625
36 14 0.291275
36 32 0.271000
36 19 0.295341
36 10 0.308070
36 33 0.280475
36 30 0.289758
36 21 0.305941
36 16 0.316479
36 42 0.281570
36 11 0.329337
36 37 0.295166
36 9 0.337065
36 22 0.321917
36 26 0.315951
36 31 0.310389
36 18 0.328774
36 50 0.282044
36 24 0.322119
36 15 0.337155
36 46 0.300469
36 28 0.329920
36 34 0.325397
36 43 0.313211
36 44 0.314552
36 29 0.335527
36 5 0.365527
36 17 0.355543
36 36 0.329583
36 40 0.328020
36 12 0.367788
36 39 0.335253
36 47 0.324597
36 27 0.353242
36 38 0.339349
36 41 0.337034
36 49 0.325848
36 23 0.365949
36 48 0.331785
36 35 0.355190
36 25 0.371016
36 45 0.344014
36 20 0.391975
37 0 0.212247
37 8 0.235673
37 4 0.243436
37 3 0.251091
37 5 0.250064
37 11 0.275129
37 2 0.286681
37 6 0.298385
37 9 0.296207
37 13 0.292867
37 10 0.299132
37 1 0.324518
37 31 0.286983
37 12 0.315159
37 28 0.293763
37 30 0.293028
37 29 0.320582
37 25 0.330778
37 14 0.358306
37 32 0.334138
37 33 0.333061
37 27 0.343984
37 24 0.349398
37 7 0.378632
37 44 0.327269
37 38 0.345601
37 46 0.333657
37 20 0.381248
37 15 0.388196
37 22 0.382819
37 19 0.387609
37 37 0.360799
37 23 0.390739
37 42 0.363217
37 26 0.393214
37 39 0.379298
37 50 0.364630
37 17 0.413767
37 43 0.374655
37 16 0.416642
37 48 0.373986
37 40 0.386927
37 36 0.396696
37 47 0.380507
37 45 0.386028
37 34 0.405726
37 21 0.427697
37 35 0.410651
37 18 0.441864
37 49 0.404435
37 41 0.429142
38 0 0.195293
38 8 0.250085
38 1 0.273139
38 3 0.276192
38 2 0.320318
38 13 0.314436
38 12 0.317662
38 28 0.306551
38 33 0.306765
38 5 0.373944
38 30 0.347461
38 32 0.348556
38 18 0.368443
38 44 0.333361
38 14 0.374137
38 6 0.382236
38 31 0.353458
38 29 0.358527
38 4 0.390469
38 10 0.385562
38 9 0.403308
38 11 0.404513
38 25 0.393831
38 20 0.411112
38 19 0.415801
38 7 0.430442
38 24 0.416301
38 23 0.423569
38 15 0.432908
38 17 0.431629
38 16 0.432710
38 43 0.410811
38 27 0.438613
38 40 0.420801
38 49 0.408134
38 22 0.453137
38 38 0.434803
38 39 0.434334
38 34 0.443269
38 47 0.429164
38 21 0.470651
38 26 0.468477
38 50 0.436945
38 41 0.451109
38 36 0.458237
38 35 0.462235
38 42 0.453977
38 48 0.446528
38 45 0.457947
38 37 0.475362
38 46 0.469829
39 0 0.222509
39 1 0.240038
39 10 0.240288
39 3 0.261662
39 9 0.292247
39 11 0.305395
39 4 0.320098
39 13 0.318570
39 17 0.327542
39 20 0.329459
39 33 0.322156
39 5 0.360724
39 32 0.332937
39 21 0.347429
39 39 0.331288
39 8 0.371551
39 14 0.369553
39 31 0.349703
39 28 0.354627
39 19 0.370383
39 6 0.383827
39 2 0.396760
39 37 0.360180
39 18 0.386425
39 44 0.352679
39 26 0.379799
39 22 0.387098
39 23 0.388549
39 48 0.355027
39 30 0.383918
39 12 0.405231
39 29 0.386264
39 45 0.375758
39 40 0.385418
39 36 0.391776
39 24 0.410644
39 7 0.429598
39 34 0.408669
39 49 0.393208
39 35 0.413414
39 27 0.428448
39 16 0.444755
39 42 0.411603
39 46 0.407716
39 41 0.415949
39 43 0.414393
39 15 0.452499
39 25 0.449134
39 50 0.426955
39 47 0.436177
39 38 0.461066
40 3 0.214601
40 0 0.217364
40 6 0.219751
40 4 0.229481
40 8 0.260535
40 1 0.296024
40 10 0.313382
40 2 0.324100
40 19 0.308316
40 14 0.323610
40 12 0.331645
40 5 0.338898
40 21 0.323509
40 11 0.340399
40 33 0.315004
40 31 0.319200
40 16 0.341796
40 13 0.354423
40 43 0.317598
40 28 0.342215
40 9 0.364029
40 7 0.368377
40 32 0.344860
40 29 0.356223
40 17 0.374523
40 34 0.361134
40 44 0.347497
40 25 0.376229
40 30 0.372566
40 35 0.367070
40 26 0.389083
40 18 0.402929
40 20 0.404180
40 49 0.366235
40 40 0.380309
40 24 0.405823
40 38 0.387412
40 22 0.410387
40 47 0.375101
40 46 0.379446
40 45 0.381567
40 39 0.392889
40 27 0.410435
40 42 0.396905
40 23 0.431018
40 41 0.405992
40 15 0.445619
40 37 0.418404
40 36 0.420849
40 50 0.401672
40 48 0.413695
41 11 0.272785
41 14 0.286889
41 33 0.268604
41 13 0.306402
41 3 0.321890
41 8 0.318337
41 12 0.318732
41 9 0.325672
41 4 0.338951
41 2 0.341167
41 1 0.354064
41 15 0.345100
41 29 0.353012
41 31 0.354415
41 28 0.365935
41 44 0.347279
41 0 0.405267
41 10 0.403288
41 5 0.412941
41 6 0.415594
41 18 0.406486
41 20 0.413270
41 32 0.396586
41 19 0.415222
41 21 0.414194
41 46 0.387358
41 16 0.429708
41 22 0.424087
41 30 0.411607
41 17 0.431411
41 26 0.432083
41 39 0.420412
41 23 0.443259
41 34 0.430977
41 43 0.428020
41 48 0.429511
41 37 0.456802
41 25 0.473169
41 41 0.455697
41 49 0.443786
41 36 0.467718
41 35 0.469049
41 7 0.501928
41 24 0.492466
41 47 0.458448
41 42 0.466553
41 45 0.465505
41 38 0.487104
41 27 0.503037
41 40 0.487673
41 50 0.473363
42 2 0.253171
42 0 0.263937
42 9 0.278166
42 34 0.263201
42 5 0.321322
42 13 0.320135
42 20 0.318192
42 10 0.334432
42 12 0.336272
42 3 0.348847
42 4 0.349956
42 17 0.338430
42 8 0.349138
42 7 0.364062
42 11 0.360680
42 32 0.337246
42 30 0.353142
42 29 0.357524
42 1 0.390226
42 14 0.382018
42 26 0.369031
42 21 0.379300
42 25 0.375008
42 44 0.358832
42 22 0.389171
42 31 0.378794
42 19 0.396488
42 35 0.374250
42 28 0.390880
42 33 0.386117
42 27 0.392691
42 18 0.406155
42 23 0.401555
42 6 0.426729
42 43 0.388830
42 16 0.429503
42 37 0.403900
42 42 0.401731
42 49 0.394477
42 24 0.429141
42 48 0.398975
42 46 0.402382
42 50 0.401254
42 39 0.416259
42 40 0.421690
42 47 0.415728
42 38 0.428041
42 41 0.426989
42 36 0.436798
42 15 0.470454
42 45 0.445263
43 0 0.247187
43 9 0.273719
43 3 0.325068
43 2 0.335873
43 14 0.327336
43 32 0.315364
43 11 0.348984
43 8 0.352225
43 30 0.335956
43 4 0.369411
43 7 0.377066
43 28 0.358285
43 29 0.386819
43 1 0.422274
43 13 0.413185
43 5 0.422217
43 47 0.369382
43 38 0.382804
43 39 0.390178
43 44 0.385752
43 12 0.431506
43 33 0.412385
43 18 0.445084
43 6 0.459976
43 31 0.431708
43 10 0.459747
43 19 0.451168
43 15 0.458967
43 42 0.422727
43 21 0.455991
43 16 0.467488
43 48 0.426708
43 41 0.445051
43 23 0.489272
43 27 0.487390
43 40 0.481107
43 43 0.481125
43 35 0.497152
43 45 0.489956
43 17 0.532682
43 24 0.524213
43 50 0.498167
43 34 0.523297
43 25 0.539882
43 37 0.526965
43 36 0.529037
43 49 0.513472
43 20 0.557771
43 46 0.528588
43 22 0.569771
43 26 0.565272
44 0 0.282227
44 32 0.302545
44 30 0.311074
44 11 0.340648
44 12 0.340711
44 8 0.350428
44 9 0.350859
44 2 0.371554
44 14 0.381371
44 6 0.390701
44 10 0.398352
44 31 0.378318
44 28 0.388217
44 4 0.426899
44 1 0.430868
44 5 0.434938
44 44 0.387327
44 13 0.445932
44 29 0.422455
44 15 0.458676
44 33 0.453109
44 38 0.457147
44 37 0.464602
44 3 0.516384
44 16 0.509230
44 18 0.523532
44 35 0.510635
44 34 0.524684
44 25 0.542742
44 21 0.556495
44 45 0.529810
44 23 0.564060
44 48 0.533472
44 46 0.536030
44 42 0.548445
44 19 0.584194
44 17 0.586882
44 40 0.553402
44 7 0.599199
44 50 0.549011
44 22 0.605899
44 36 0.590154
44 26 0.609044
44 20 0.622121
44 41 0.596432
44 49 0.595388
44 43 0.612025
44 47 0.607601
44 27 0.651241
44 39 0.641099
44 24 0.668665
45 8 0.253739
45 0 0.343523
45 32 0.364393
45 33 0.363402
45 11 0.392118
45 31 0.366467
45 3 0.414292
45 28 0.421761
45 13 0.452154
45 9 0.462011
45 1 0.474951
45 44 0.434292
45 4 0.508150
45 29 0.478563
45 5 0.509115
45 6 0.510782
45 2 0.532806
45 14 0.535524
45 30 0.514367
45 46 0.493689
45 10 0.548339
45 12 0.550206
45 27 0.537771
45 36 0.531576
45 45 0.520692
45 15 0.566967
45 42 0.530804
45 17 0.585637
45 7 0.600853
45 26 0.578244
45 19 0.588970
45 39 0.570094
45 18 0.610693
45 25 0.603816
45 50 0.569985
45 37 0.598817
45 35 0.606222
45 23 0.622442
45 22 0.627020
45 34 0.614562
45 47 0.603416
45 38 0.621808
45 20 0.651183
45 16 0.668180
45 43 0.634092
45 41 0.643499
45 48 0.636899
45 40 0.660602
45 24 0.685783
45 49 0.653626
45 21 0.706087
46 9 0.301162
46 0 0.309657
46 10 0.320952
46 11 0.331203
46 8 0.343206
46 13 0.343000
46 1 0.355829
46 14 0.347999
46 2 0.359384
46 32 0.341031
46 3 0.375001
46 12 0.385620
46 7 0.433606
46 33 0.406833
46 5 0.440367
46 28 0.417442
46 6 0.442726
46 44 0.400147
46 30 0.419938
46 4 0.453966
46 31 0.425711
46 41 0.417928
46 20 0.450067
46 29 0.455770
46 46 0.448377
46 34 0.484496
46 15 0.518717
46 16 0.551614
46 42 0.520782
46 26 0.553501
46 24 0.561442
46 47 0.526970
46 49 0.532504
46 18 0.579202
46 40 0.549822
46 27 0.573509
46 19 0.585429
46 35 0.563521
46 37 0.567553
46 38 0.566605
46 36 0.574638
46 48 0.560110
46 23 0.599058
46 25 0.600620
46 21 0.605848
46 39 0.581016
46 17 0.613857
46 43 0.582587
46 50 0.577201
46 45 0.600141
46 22 0.648260
47 8 0.202514
47 9 0.216688
47 14 0.215014
47 13 0.217285
47 12 0.223817
47 11 0.225778
47 10 0.228588
47 4 0.323090
47 1 0.362438
47 7 0.356790
47 3 0.372626
47 0 0.387350
47 2 0.386522
47 15 0.376009
47 16 0.404014
47 32 0.260293
47 5 0.434019
47 31 0.277817
47 17 0.422904
47 44 0.265929
47 33 0.283743
47 29 0.298670
47 28 0.300305
47 6 0.468775
47 30 0.319887
47 24 0.345651
47 26 0.348999
47 27 0.359576
47 22 0.366995
47 25 0.365582
47 23 0.369484
47 21 0.388616
47 19 0.405719
47 20 0.398380
47 48 0.369924
47 49 0.375945
47 41 0.388186
47 34 0.410183
47 39 0.402047
47 43 0.399165
47 40 0.422398
47 36 0.430014
47 18 0.588693
47 35 0.443420
47 45 0.428762
47 37 0.469638
47 38 0.469636
47 46 0.459081
47 42 0.469601
47 47 0.463996
47 50 0.479026
48 8 0.302019
48 0 0.346807
48 9 0.346160
48 11 0.344674
48 7 0.348584
48 1 0.358035
48 31 0.321216
48 3 0.358493
48 4 0.387122
48 29 0.361860
48 5 0.389787
48 20 0.428576
48 33 0.407932
48 13 0.436941
48 28 0.421522
48 32 0.436653
48 12 0.465048
48 2 0.501789
48 10 0.508417
48 30 0.488275
48 14 0.512280
48 44 0.473472
48 40 0.478055
48 18 0.512593
48 6 0.529644
48 25 0.521417
48 45 0.494259
48 23 0.530183
48 35 0.513136
48 17 0.551075
48 19 0.557606
48 42 0.537731
48 46 0.538525
48 24 0.577380
48 15 0.591530
48 48 0.555595
48 22 0.598750
48 50 0.559090
48 26 0.595392
48 39 0.591698
48 43 0.591796
48 36 0.600787
48 16 0.634216
48 41 0.601151
48 49 0.601404
48 21 0.644394
48 37 0.619778
48 27 0.636910
48 34 0.632022
48 47 0.636177
48 38 0.646347
49 5 0.275269
49 12 0.334245
49 8 0.338478
49 0 0.349543
49 11 0.344939
49 32 0.323664
49 30 0.332056
49 4 0.381804
49 33 0.354902
49 2 0.392866
49 1 0.399702
49 13 0.393893
49 28 0.383145
49 9 0.436833
49 31 0.424399
49 29 0.428044
49 44 0.425742
49 10 0.482659
49 14 0.489908
49 18 0.508965
49 15 0.515409
49 17 0.514023
49 3 0.528033
49 40 0.487772
49 20 0.523356
49 7 0.539390
49 26 0.525956
49 27 0.534112
49 21 0.545504
49 23 0.544905
49 25 0.555151
49 35 0.550104
49 24 0.569496
49 34 0.570193
49 43 0.561932
49 16 0.598860
49 19 0.596936
49 6 0.615951
49 37 0.586352
49 38 0.590542
49 47 0.580532
49 48 0.584482
49 22 0.627702
49 36 0.621075
49 45 0.616244
49 42 0.626950
49 46 0.630228
49 49 0.624822
49 50 0.631540
49 39 0.658162
49 41 0.660204
50 9 0.350507
50 10 0.362743
50 14 0.380245
50 0 0.398067
50 32 0.363427
50 30 0.382256
50 8 0.410827
50 4 0.417816
50 6 0.417079
50 44 0.379143
50 28 0.410392
50 5 0.444663
50 12 0.440065
50 3 0.456408
50 29 0.436531
50 2 0.493061
50 24 0.512281
50 17 0.527911
50 7 0.538692
50 40 0.501798
50 13 0.541989
50 16 0.540798
50 45 0.503955
50 35 0.519635
50 31 0.529029
50 15 0.552172
50 21 0.546028
50 23 0.548634
50 11 0.565538
50 33 0.549732
50 1 0.589023
50 25 0.567397
50 22 0.590586
50 49 0.556867
50 36 0.580470
50 19 0.610029
50 20 0.609150
50 18 0.617555
50 27 0.606450
50 26 0.617264
50 38 0.618840
50 46 0.614900
50 42 0.626517
50 50 0.622858
50 41 0.652557
50 43 0.650166
50 48 0.655042
50 37 0.681450
50 34 0.699426
50 47 0.680936
50 39 0.698034
51 30 0.345961
51 28 0.356542
51 8 0.383070
51 5 0.403579
51 10 0.413424
51 33 0.389752
51 9 0.428720
51 4 0.443960
51 31 0.412810
51 3 0.459475
51 13 0.450347
51 1 0.473499
51 29 0.442596
51 7 0.476254
51 11 0.486338
51 32 0.461391
51 0 0.503999
51 6 0.530285
51 12 0.542129
51 44 0.496152
51 35 0.531886
51 36 0.534876
51 14 0.568306
51 15 0.581994
51 18 0.612350
51 24 0.604106
51 16 0.626457
51 43 0.586593
51 23 0.619789
51 2 0.654503
51 42 0.601155
51 25 0.640540
51 22 0.649132
51 37 0.636630
51 27 0.663742
51 21 0.678044
51 45 0.641493
51 26 0.681697
51 17 0.698724
51 46 0.660616
51 47 0.660710
51 39 0.679247
51 49 0.666480
51 41 0.685018
51 19 0.728476
51 50 0.684922
51 38 0.707365
51 34 0.733162
51 48 0.717058
51 40 0.728783
51 20 0.771969
52 6 0.258697
52 0 0.296952
52 11 0.320681
52 9 0.333047
52 44 0.292316
52 31 0.312833
52 1 0.361446
52 29 0.328499
52 10 0.360259
52 8 0.363373
52 14 0.365166
52 4 0.374627
52 30 0.343425
52 2 0.413605
52 12 0.438976
52 28 0.417398
52 32 0.414291
52 33 0.417937
52 5 0.465827
52 27 0.450455
52 17 0.482695
52 13 0.493479
52 3 0.508928
52 22 0.497230
52 36 0.486703
52 40 0.491417
52 7 0.542842
52 41 0.504891
52 50 0.498202
52 24 0.538433
52 26 0.541143
52 23 0.555049
52 25 0.556590
52 42 0.539001
52 45 0.539612
52 18 0.579234
52 16 0.590023
52 19 0.594781
52 38 0.568107
52 47 0.561205
52 35 0.583646
52 37 0.580627
52 21 0.605850
52 20 0.621833
52 46 0.583363
52 15 0.635034
52 48 0.595250
52 39 0.616927
52 34 0.629552
52 49 0.625876
52 43 0.641052
53 9 0.322585
53 10 0.361706
53 12 0.385836
53 1 0.399337
53 29 0.372186
53 4 0.437512
53 31 0.412754
53 28 0.431078
53 32 0.428030
53 13 0.462437
53 8 0.474986
53 44 0.434799
53 5 0.488426
53 0 0.508895
53 3 0.514840
53 14 0.510606
53 11 0.521636
53 6 0.529120
53 18 0.529966
53 30 0.530437
53 21 0.544508
53 33 0.531929
53 2 0.580041
53 20 0.593287
53 27 0.610632
53 36 0.600367
53 42 0.591994
53 35 0.604794
53 43 0.593783
53 24 0.642192
53 47 0.611139
53 45 0.627677
53 39 0.649989
53 40 0.652186
53 49 0.643160
53 34 0.665892
53 16 0.694973
53 41 0.668399
53 19 0.703109
53 50 0.664951
53 48 0.671870
53 25 0.707746
53 7 0.730588
53 22 0.715126
53 17 0.724271
53 26 0.714470
53 38 0.713603
53 23 0.737790
53 15 0.749607
53 37 0.725784
53 46 0.733559
54 10 0.318176
54 8 0.333933
54 30 0.356603
54 13 0.380963
54 2 0.421846
54 9 0.418597
54 12 0.415886
54 1 0.427154
54 0 0.483113
54 29 0.454795
54 3 0.489592
54 32 0.473774
54 6 0.509843
54 4 0.524089
54 28 0.499985
54 14 0.527148
54 37 0.496878
54 20 0.527807
54 33 0.553072
54 11 0.581094
54 19 0.576036
54 31 0.565831
54 5 0.599776
54 17 0.592668
54 44 0.555675
54 15 0.596159
54 18 0.594142
54 24 0.594982
54 39 0.584367
54 50 0.579198
54 46 0.596325
54 22 0.635057
54 40 0.616337
54 23 0.643712
54 34 0.629327
54 48 0.617464
54 47 0.639095
54 42 0.645318
54 27 0.683400
54 26 0.688081
54 38 0.683543
54 25 0.705787
54 36 0.693315
54 7 0.731658
54 16 0.725928
54 43 0.710366
54 35 0.727379
54 45 0.722317
54 21 0.777881
54 49 0.775438
54 41 0.786213
55 10 0.345235
55 8 0.413830
55 14 0.412255
55 9 0.421048
55 29 0.398924
55 33 0.394289
55 31 0.402877
55 30 0.464478
55 32 0.472629
55 44 0.469059
55 5 0.523059
55 17 0.517858
55 11 0.527330
55 12 0.530151
55 35 0.507094
55 13 0.535499
55 3 0.545139
55 1 0.565258
55 38 0.525487
55 6 0.565010
55 7 0.578858
55 0 0.585627
55 15 0.574444
55 25 0.567019
55 36 0.571089
55 28 0.586499
55 22 0.595850
55 24 0.596481
55 2 0.629997
55 45 0.601940
55 4 0.666432
55 47 0.619148
55 21 0.664251
55 34 0.645351
55 16 0.672804
55 18 0.684440
55 41 0.654155
55 40 0.657808
55 27 0.691797
55 50 0.667195
55 37 0.694404
55 42 0.692347
55 43 0.697235
55 26 0.730633
55 20 0.747680
55 49 0.707860
55 48 0.719609
55 46 0.732185
55 19 0.774403
55 39 0.765887
55 23 0.808853
56 20 0.297983
56 3 0.319105
56 10 0.324707
56 8 0.327678
56 11 0.342081
56 9 0.351721
56 0 0.363966
56 12 0.386275
56 28 0.392631
56 26 0.405326
56 24 0.411145
56 4 0.441414
56 5 0.444759
56 2 0.447894
56 1 0.449740
56 31 0.416617
56 25 0.441852
56 32 0.442626
56 44 0.432247
56 34 0.463103
56 19 0.491326
56 30 0.478624
56 14 0.503591
56 29 0.494241
56 13 0.514945
56 6 0.525521
56 21 0.518260
56 17 0.533406
56 23 0.530118
56 7 0.556509
56 33 0.528607
56 16 0.565655
56 18 0.570834
56 15 0.573936
56 22 0.570372
56 27 0.581716
56 49 0.563486
56 47 0.582355
56 37 0.600241
56 40 0.601158
56 35 0.610932
56 50 0.602484
56 42 0.618826
56 46 0.615277
56 41 0.624865
56 39 0.649950
56 36 0.654651
56 43 0.659724
56 48 0.656300
56 38 0.690642
56 45 0.706533
57 3 0.232745
57 8 0.345156
57 29 0.378009
57 13 0.405507
57 1 0.471797
57 14 0.490287
57 31 0.529713
57 12 0.563419
57 33 0.541697
57 11 0.589285
57 28 0.565343
57 9 0.592482
57 7 0.604433
57 4 0.609894
57 44 0.556882
57 30 0.575940
57 0 0.615957
57 2 0.624669
57 27 0.611062
57 24 0.626541
57 5 0.651334
57 10 0.648364
57 40 0.612008
57 25 0.640041
57 32 0.655392
57 6 0.695573
57 43 0.651354
57 15 0.706104
57 39 0.676559
57 16 0.715676
57 45 0.682502
57 35 0.705720
57 19 0.775901
57 42 0.745630
57 50 0.735446
57 38 0.767613
57 22 0.799491
57 47 0.769402
57 34 0.798323
57 36 0.808276
57 17 0.843611
57 26 0.836115
57 21 0.859817
57 18 0.875217
57 46 0.837011
57 48 0.847486
57 37 0.866562
57 20 0.893956
57 49 0.860258
57 23 0.908977
57 41 0.885269
58 9 0.321945
58 30 0.352218
58 8 0.381446
58 3 0.412251
58 12 0.409304
58 10 0.428951
58 44 0.453323
58 32 0.510141
58 29 0.525103
58 33 0.523698
58 1 0.578035
58 0 0.579678
58 5 0.618107
58 2 0.621082
58 13 0.621215
58 31 0.605488
58 18 0.634186
58 14 0.647772
58 28 0.645519
58 40 0.641674
58 11 0.683915
58 6 0.694400
58 7 0.693666
58 15 0.686335
58 21 0.748587
58 43 0.716259
58 23 0.767072
58 46 0.738918
58 4 0.797005
58 19 0.786852
58 41 0.775742
58 22 0.826132
58 36 0.820262
58 45 0.815594
58 16 0.863192
58 39 0.835393
58 20 0.872090
58 50 0.835255
58 38 0.865898
58 24 0.888298
58 42 0.875027
58 17 0.916681
58 35 0.899563
58 49 0.884084
58 27 0.922004
58 48 0.896480
58 25 0.933934
58 34 0.934017
58 26 0.959243
58 37 0.950205
58 47 0.937522
59 33 0.336086
59 11 0.381792
59 10 0.392797
59 12 0.399685
59 14 0.427467
59 9 0.436710
59 5 0.479098
59 13 0.475785
59 32 0.474843
59 29 0.497508
59 0 0.534938
59 3 0.537936
59 17 0.528393
59 16 0.554357
59 30 0.536655
59 2 0.568718
59 8 0.586271
59 28 0.569380
59 18 0.586971
59 31 0.575197
59 4 0.615642
59 44 0.591664
59 7 0.643528
59 22 0.657743
59 1 0.689692
59 23 0.668693
59 21 0.692162
59 20 0.709869
59 19 0.723374
59 43 0.694419
59 40 0.719119
59 15 0.756782
59 26 0.744558
59 39 0.739611
59 36 0.755171
59 34 0.779519
59 49 0.761754
59 48 0.764566
59 50 0.761149
59 45 0.776986
59 25 0.805775
59 41 0.791062
59 6 0.833866
59 46 0.822198
59 35 0.847306
59 47 0.832468
59 38 0.849463
59 24 0.876363
59 27 0.872587
59 37 0.866888
59 42 0.858512
60 8 0.321402
60 9 0.359557
60 14 0.378331
60 28 0.374255
60 30 0.390402
60 5 0.476023
60 13 0.493434
60 3 0.523520
60 12 0.534024
60 44 0.497102
60 45 0.503975
60 7 0.580641
60 29 0.611220
60 35 0.615077
60 32 0.626150
60 0 0.673322
60 15 0.663761
60 11 0.673103
60 23 0.659345
60 10 0.687163
60 36 0.654960
60 1 0.708971
60 31 0.673833
60 6 0.706587
60 33 0.699132
60 48 0.682059
60 17 0.733646
60 43 0.696394
60 40 0.710867
60 2 0.770677
60 4 0.769043
60 22 0.760874
60 24 0.763400
60 37 0.769520
60 39 0.770744
60 20 0.808322
60 25 0.811349
60 19 0.824115
60 18 0.836348
60 42 0.852772
60 34 0.887090
60 16 0.942753
60 26 0.940309
60 21 0.947967
60 50 0.907945
60 27 0.948533
60 38 0.953905
60 46 0.946281
60 41 0.986701
60 49 0.998909
60 47 1.007555
61 9 0.391533
61 29 0.387071
61 0 0.482618
61 32 0.457585
61 13 0.486781
61 33 0.477974
61 31 0.527203
61 14 0.549854
61 30 0.530113
61 8 0.555785
61 44 0.509864
61 3 0.565510
61 11 0.577208
61 12 0.587110
61 10 0.589633
61 28 0.599428
61 2 0.642747
61 4 0.679140
61 6 0.677733
61 7 0.697825
61 22 0.705568
61 46 0.679504
61 47 0.688144
61 43 0.700935
61 24 0.729531
61 5 0.767812
61 1 0.777956
61 34 0.746132
61 23 0.764363
61 18 0.781594
61 20 0.785879
61 17 0.825720
61 16 0.849766
61 21 0.850716
61 50 0.811280
61 48 0.815862
61 15 0.867704
61 19 0.872630
61 40 0.846982
61 36 0.853592
61 27 0.874423
61 25 0.879559
61 38 0.871972
61 45 0.861182
61 41 0.872587
61 39 0.890294
61 42 0.890934
61 35 0.906271
61 37 0.903577
61 26 0.926780
61 49 0.899391
62 3 0.315830
62 0 0.330509
62 5 0.359248
62 9 0.379621
62 11 0.395433
62 13 0.411519
62 8 0.436469
62 12 0.437158
62 1 0.458884
62 31 0.431713
62 14 0.463172
62 4 0.497452
62 29 0.470537
62 44 0.494941
62 32 0.517390
62 33 0.525307
62 30 0.535737
62 10 0.562812
62 28 0.549433
62 2 0.613210
62 19 0.601171
62 40 0.584417
62 36 0.607706
62 45 0.594450
62 7 0.652155
62 20 0.654226
62 16 0.663500
62 21 0.667886
62 15 0.685623
62 18 0.691763
62 26 0.689503
62 6 0.737954
62 43 0.691896
62 24 0.739104
62 34 0.728841
62 22 0.753878
62 35 0.738719
62 48 0.725082
62 37 0.748370
62 27 0.763740
62 25 0.778777
62 41 0.757707
62 50 0.746170
62 42 0.769808
62 17 0.810969
62 46 0.775265
62 49 0.774643
62 38 0.799664
62 39 0.799207
62 23 0.834299
62 47 0.799147
63 5 0.329052
63 9 0.338377
63 31 0.380832
63 11 0.417210
63 12 0.419370
63 10 0.469615
63 4 0.480753
63 0 0.493374
63 2 0.510514
63 7 0.516110
63 14 0.509870
63 32 0.485498
63 33 0.487145
63 8 0.528340
63 3 0.580227
63 13 0.571579
63 6 0.597634
63 29 0.580277
63 43 0.569171
63 30 0.588225
63 15 0.616686
63 44 0.579544
63 28 0.605041
63 1 0.644648
63 22 0.677228
63 34 0.666119
63 17 0.708716
63 25 0.703754
63 16 0.720654
63 21 0.713563
63 24 0.723234
63 19 0.736789
63 39 0.732083
63 35 0.741357
63 26 0.777782
63 48 0.749863
63 41 0.765010
63 27 0.796456
63 23 0.803783
63 18 0.822414
63 38 0.803850
63 50 0.790217
63 42 0.813333
63 40 0.820564
63 45 0.821180
63 20 0.866941
63 47 0.833121
63 36 0.860083
63 37 0.862597
63 46 0.856876
63 49 0.877750
64 8 0.248521
64 11 0.217750
64 9 0.321147
64 10 0.285977
64 3 0.427939
64 1 0.440985
64 5 0.500603
64 28 0.374859
64 12 0.401531
64 13 0.409006
64 0 0.543944
64 29 0.447250
64 4 0.595528
64 14 0.494721
64 6 0.624118
64 32 0.493589
64 44 0.477054
64 33 0.521806
64 30 0.533178
64 2 0.714423
64 31 0.583651
64 7 0.764164
64 45 0.612256
64 15 0.661734
64 24 0.673288
64 17 0.703724
64 21 0.699130
64 22 0.707167
64 43 0.685346
64 36 0.697619
64 27 0.717294
64 35 0.717673
64 40 0.714238
64 20 0.746086
64 18 0.758367
64 39 0.733811
64 26 0.754626
64 25 0.769402
64 34 0.778079
64 19 0.800244
64 23 0.799438
64 41 0.774973
64 16 0.815536
64 49 0.773663
64 48 0.790547
64 50 0.791474
64 46 0.800790
64 42 0.822307
64 38 0.831392
64 47 0.828616
64 37 0.943530
65 8 0.303807
65 9 0.333890
65 10 0.346671
65 3 0.381577
65 31 0.387382
65 13 0.445018
65 12 0.482973
65 2 0.492277
65 5 0.490070
65 0 0.495426
65 29 0.492627
65 25 0.505790
65 14 0.517812
65 27 0.504183
65 11 0.527593
65 33 0.503751
65 7 0.551750
65 16 0.553433
65 50 0.503065
65 1 0.567453
65 30 0.562850
65 44 0.547377
65 28 0.574058
65 32 0.586275
65 42 0.585060
65 35 0.601888
65 23 0.622204
65 47 0.586437
65 22 0.629329
65 26 0.633075
65 17 0.666693
65 34 0.644909
65 15 0.680925
65 36 0.652943
65 39 0.659351
65 37 0.667271
65 18 0.700008
65 43 0.686760
65 38 0.694859
65 45 0.689325
65 48 0.684848
65 24 0.724652
65 49 0.695829
65 4 0.756524
65 19 0.752993
65 21 0.760798
65 20 0.772348
65 46 0.738486
65 6 0.829559
65 41 0.809968
65 40 0.817840
66 8 0.299440
66 0 0.313577
66 1 0.390787
66 30 0.359599
66 10 0.389550
66 11 0.391166
66 4 0.403122
66 13 0.417151
66 32 0.395419
66 28 0.444187
66 20 0.465797
66 9 0.494505
66 12 0.510096
66 44 0.470495
66 14 0.520161
66 2 0.548716
66 29 0.519637
66 19 0.551088
66 31 0.539026
66 3 0.585722
66 33 0.546817
66 15 0.611116
66 5 0.643054
66 18 0.640515
66 37 0.623665
66 6 0.673184
66 41 0.627251
66 7 0.689964
66 17 0.683433
66 49 0.653086
66 26 0.689900
66 22 0.695290
66 36 0.679387
66 43 0.671147
66 21 0.705986
66 45 0.676227
66 48 0.675895
66 34 0.702301
66 16 0.742080
66 35 0.718744
66 40 0.716736
66 42 0.714428
66 25 0.749021
66 50 0.714924
66 39 0.732211
66 46 0.749909
66 24 0.789596
66 27 0.790322
66 23 0.808727
66 38 0.823523
66 47 0.816436
67 10 0.344107
67 8 0.362276
67 11 0.413835
67 12 0.424116
67 3 0.460664
67 33 0.429926
67 0 0.521971
67 28 0.503570
67 9 0.537961
67 32 0.555339
67 31 0.563256
67 44 0.543648
67 29 0.582001
67 30 0.610694
67 41 0.646568
67 13 0.694810
67 21 0.685424
67 7 0.717084
67 40 0.676873
67 15 0.723729
67 49 0.680021
67 14 0.752985
67 1 0.815805
67 36 0.792890
67 24 0.819063
67 16 0.830774
67 19 0.840679
67 2 0.874933
67 45 0.822876
67 47 0.820541
67 5 0.879905
67 46 0.822951
67 48 0.832923
67 22 0.879823
67 4 0.902864
67 35 0.885767
67 27 0.897075
67 20 0.922084
67 17 0.931185
67 18 0.940098
67 39 0.913716
67 43 0.909638
67 34 0.925023
67 6 0.969495
67 38 0.940392
67 25 0.963620
67 23 0.971719
67 26 0.969910
67 50 0.950787
67 37 0.977305
67 42 0.976381
68 13 0.295258
68 11 0.300534
68 10 0.302664
68 8 0.323553
68 12 0.392391
68 9 0.402478
68 14 0.455359
68 31 0.302291
68 32 0.330414
68 23 0.484720
68 29 0.350763
68 6 0.519107
68 19 0.508480
68 24 0.534772
68 15 0.548371
68 25 0.546498
68 30 0.409608
68 44 0.364925
68 2 0.581670
68 28 0.443314
68 33 0.415645
68 21 0.582133
68 0 0.635001
68 42 0.443134
68 20 0.632445
68 22 0.635012
68 35 0.482899
68 27 0.531916
68 17 0.648867
68 4 0.666657
68 1 0.670058
68 34 0.497660
68 3 0.681686
68 26 0.683475
68 18 0.714189
68 7 0.748754
68 16 0.748767
68 38 0.580486
68 37 0.591006
68 5 0.773023
68 50 0.527458
68 46 0.575261
68 45 0.591266
68 36 0.636858
68 41 0.644110
68 47 0.638792
68 48 0.654476
68 40 0.692768
68 39 0.741755
68 43 0.725296
68 49 0.697051
69 10 0.373248
69 14 0.435951
69 12 0.507163
69 30 0.485269
69 7 0.518779
69 9 0.524723
69 4 0.536398
69 29 0.519864
69 28 0.536158
69 17 0.556635
69 0 0.590619
69 3 0.599916
69 44 0.538300
69 8 0.602434
69 33 0.564666
69 31 0.584031
69 32 0.584826
69 13 0.621345
69 1 0.633302
69 6 0.679428
69 39 0.633845
69 27 0.664975
69 38 0.657202
69 11 0.707683
69 25 0.695977
69 45 0.662810
69 47 0.674804
69 26 0.725350
69 48 0.686576
69 15 0.746247
69 2 0.767198
69 20 0.760042
69 5 0.783857
69 16 0.780936
69 40 0.738400
69 19 0.791187
69 50 0.738072
69 18 0.805162
69 41 0.770552
69 49 0.770125
69 22 0.825409
69 36 0.801057
69 23 0.842678
69 24 0.859947
69 46 0.832923
69 34 0.852858
69 35 0.856852
69 42 0.855276
69 43 0.874855
69 37 0.912112
69 21 0.946233
70 10 0.421083
70 11 0.453442
70 14 0.475449
70 12 0.503382
70 4 0.518947
70 6 0.527173
70 31 0.529981
70 13 0.571555
70 28 0.581415
70 0 0.621729
70 5 0.623527
70 3 0.630337
70 8 0.641247
70 2 0.657115
70 32 0.661159
70 30 0.677202
70 7 0.710260
70 33 0.691391
70 29 0.727481
70 9 0.755227
70 1 0.762952
70 44 0.721606
70 42 0.737052
70 40 0.741725
70 15 0.830589
70 45 0.794736
70 36 0.816709
70 46 0.808206
70 23 0.850537
70 25 0.864021
70 35 0.857408
70 24 0.885704
70 41 0.871643
70 21 0.908622
70 50 0.880378
70 26 0.932615
70 19 0.947455
70 47 0.912873
70 16 0.961419
70 22 0.966684
70 18 0.977289
70 43 0.942327
70 27 0.979765
70 38 0.970330
70 34 0.987784
70 37 0.994668
70 39 0.995609
70 17 1.053711
70 49 1.027447
70 20 1.086850
70 48 1.066453
71 11 0.522515
71 29 0.528809
71 13 0.561944
71 32 0.547327
71 28 0.567421
71 8 0.609750
71 33 0.589133
71 10 0.623168
71 30 0.600130
71 44 0.663642
71 31 0.687667
71 9 0.716091
71 3 0.733221
71 12 0.765056
71 2 0.792812
71 14 0.786663
71 0 0.818198
71 20 0.802185
71 47 0.764002
71 38 0.781378
71 6 0.823778
71 5 0.847618
71 43 0.822897
71 45 0.829072
71 1 0.885402
71 46 0.847140
71 23 0.887771
71 39 0.868104
71 50 0.852059
71 27 0.891229
71 4 0.925200
71 36 0.909424
71 42 0.906598
71 22 0.948430
71 16 0.958974
71 40 0.929470
71 37 0.934351
71 19 0.965575
71 24 0.964174
71 26 0.969127
71 15 1.008847
71 7 1.019725
71 35 0.990039
71 21 1.019918
71 25 1.013465
71 49 0.985608
71 48 1.014216
71 41 1.028661
71 17 1.070247
71 18 1.107644
71 34 1.106671
72 8 0.315266
72 3 0.346366
72 20 0.336249
72 2 0.355703
72 14 0.401667
72 10 0.434022
72 29 0.426439
72 0 0.473859
72 12 0.470876
72 33 0.468403
72 31 0.504002
72 28 0.526440
72 13 0.553139
72 27 0.535816
72 32 0.530196
72 15 0.554427
72 11 0.558349
72 44 0.542656
72 26 0.573867
72 9 0.596830
72 30 0.578594
72 5 0.617029
72 17 0.631872
72 24 0.630041
72 39 0.623623
72 1 0.674890
72 25 0.648347
72 47 0.638627
72 7 0.702013
72 6 0.704556
72 35 0.679623
72 22 0.706298
72 48 0.680315
72 23 0.722132
72 4 0.750781
72 38 0.735992
72 50 0.718898
72 37 0.745996
72 41 0.747569
72 43 0.750470
72 42 0.752491
72 34 0.763660
72 45 0.754495
72 36 0.801876
72 16 0.833603
72 18 0.838497
72 21 0.839530
72 49 0.802081
72 46 0.830920
72 19 0.873504
72 40 0.847386
73 8 0.391804
73 12 0.440026
73 9 0.496588
73 28 0.477070
73 10 0.566192
73 33 0.603612
73 44 0.604535
73 42 0.615268
73 2 0.673939
73 32 0.665420
73 11 0.718200
73 31 0.693628
73 1 0.737409
73 13 0.741188
73 0 0.760324
73 29 0.732016
73 30 0.742028
73 25 0.759044
73 7 0.787809
73 14 0.785850
73 3 0.803356
73 50 0.780279
73 16 0.828156
73 4 0.861900
73 37 0.830946
73 26 0.867119
73 39 0.891235
73 21 0.923262
73 36 0.916481
73 45 0.911026
73 6 0.967754
73 48 0.949965
73 20 0.994125
73 5 1.009197
73 35 0.973726
73 18 1.010083
73 49 0.968249
73 27 1.004936
73 15 1.042219
73 34 1.026696
73 22 1.054810
73 38 1.034578
73 40 1.037242
73 46 1.048603
73 17 1.103217
73 43 1.083671
73 41 1.108561
73 23 1.151094
73 24 1.154631
73 19 1.185732
73 47 1.160882
74 9 0.444972
74 11 0.472720
74 30 0.505538
74 10 0.561552
74 44 0.533989
74 28 0.574271
74 2 0.610586
74 33 0.598967
74 0 0.648224
74 32 0.625114
74 3 0.663175
74 1 0.676986
74 31 0.651028
74 13 0.673633
74 43 0.635524
74 29 0.663390
74 8 0.694296
74 4 0.699558
74 42 0.660809
74 14 0.708310
74 12 0.710322
74 37 0.680644
74 27 0.706983
74 16 0.728975
74 38 0.728655
74 18 0.782712
74 22 0.828057
74 19 0.833481
74 15 0.843713
74 47 0.801857
74 50 0.808565
74 7 0.868325
74 48 0.818230
74 6 0.891472
74 46 0.849509
74 21 0.906933
74 25 0.907050
74 34 0.897389
74 40 0.897174
74 17 0.928611
74 5 0.945077
74 20 0.938580
74 26 0.934444
74 39 0.928520
74 35 0.947758
74 24 1.011415
74 23 1.024501
74 36 1.027613
74 45 1.062662
74 49 1.093830
74 41 1.136841
75 29 0.435101
75 13 0.456977
75 8 0.466526
75 10 0.466190
75 9 0.467648
75 12 0.531549
75 28 0.538203
75 5 0.652002
75 44 0.628721
75 31 0.654964
75 14 0.703612
75 11 0.710659
75 30 0.698352
75 33 0.714250
75 0 0.756833
75 3 0.755498
75 32 0.727400
75 1 0.798884
75 17 0.832229
75 37 0.905816
75 7 0.973663
75 2 0.979172
75 47 0.987213
75 23 1.035817
75 6 1.065994
75 21 1.051546
75 49 1.011031
75 39 1.042479
75 24 1.081818
75 46 1.050237
75 45 1.088308
75 4 1.144855
75 35 1.108615
75 41 1.105095
75 16 1.146209
75 20 1.167670
75 19 1.174031
75 25 1.180730
75 18 1.194193
75 40 1.162658
75 50 1.153675
75 48 1.158946
75 27 1.190298
75 34 1.191272
75 15 1.236290
75 36 1.214504
75 26 1.230188
75 43 1.209565
75 38 1.222244
75 42 1.242116
75 22 1.296138
76 8 0.427749
76 28 0.496528
76 11 0.524638
76 30 0.505190
76 14 0.541382
76 31 0.559122
76 44 0.551336
76 10 0.620371
76 13 0.644341
76 29 0.652466
76 9 0.727237
76 33 0.707773
76 3 0.774105
76 1 0.800676
76 7 0.819288
76 2 0.851489
76 12 0.868249
76 5 0.883201
76 15 0.886581
76 32 0.913050
76 22 0.937708
76 6 1.053942
76 0 1.114194
76 24 1.103140
76 26 1.112069
76 21 1.147361
76 36 1.139564
76 18 1.170128
76 4 1.192698
76 46 1.155823
76 16 1.202158
76 45 1.175358
76 43 1.184696
76 40 1.189746
76 17 1.219327
76 35 1.198099
76 19 1.245631
76 47 1.221004
76 27 1.251190
76 41 1.246004
76 37 1.263090
76 38 1.267466
76 50 1.254936
76 34 1.282170
76 23 1.307422
76 20 1.312042
76 49 1.277422
76 48 1.286908
76 39 1.322449
76 42 1.327447
76 25 1.363659
77 9 0.515834
77 29 0.504955
77 13 0.604714
77 30 0.608533
77 28 0.616602
77 32 0.695041
77 3 0.732418
77 37 0.738471
77 12 0.778099
77 11 0.791215
77 33 0.767224
77 31 0.790137
77 1 0.846230
77 45 0.795047
77 36 0.816545
77 10 0.853533
77 44 0.821906
77 14 0.870635
77 8 0.894013
77 5 0.983772
77 26 0.982327
77 35 0.985159
77 24 1.017493
77 27 1.022733
77 4 1.046846
77 19 1.046557
77 23 1.048505
77 2 1.074565
77 34 1.038432
77 38 1.035942
77 25 1.062578
77 0 1.110438
77 42 1.072612
77 46 1.074905
77 47 1.095321
77 6 1.152749
77 15 1.183180
77 16 1.186445
77 17 1.195158
77 50 1.172389
77 21 1.241405
77 49 1.218988
77 7 1.280364
77 18 1.282536
77 41 1.259193
77 40 1.264606
77 43 1.261291
77 22 1.307323
77 39 1.298753
77 48 1.300935
77 20 1.421733
78 9 0.307944
78 44 0.346425
78 8 0.439314
78 12 0.468227
78 27 0.523770
78 22 0.540802
78 31 0.562487
78 14 0.593043
78 13 0.596278
78 24 0.675372
78 3 0.705838
78 6 0.703393
78 1 0.708878
78 28 0.691001
78 32 0.803540
78 25 0.815625
78 33 0.812217
78 30 0.817038
78 20 0.831353
78 10 0.841601
78 11 0.843254
78 5 0.849594
78 4 0.852125
78 29 0.824899
78 18 0.850604
78 0 0.867789
78 2 0.866961
78 37 0.836785
78 43 0.866778
78 21 0.908520
78 34 0.899967
78 39 0.893634
78 46 0.915277
78 23 0.949152
78 40 0.930555
78 19 0.978691
78 35 0.957251
78 48 0.947266
78 26 1.030186
78 17 1.089360
78 16 1.097351
78 15 1.098770
78 45 1.083067
78 36 1.149840
78 7 1.208778
78 38 1.180113
78 47 1.187701
78 42 1.202913
78 50 1.207071
78 49 1.221556
78 41 1.274920
79 8 0.464316
79 33 0.467814
79 13 0.569451
79 9 0.573943
79 32 0.545882
79 10 0.594100
79 29 0.582302
79 11 0.740372
79 30 0.716948
79 44 0.757858
79 3 0.819727
79 24 0.826193
79 21 0.855084
79 28 0.861036
79 14 0.889162
79 6 0.913467
79 7 0.951217
79 31 0.926176
79 0 0.995110
79 4 0.992420
79 12 0.985659
79 42 0.948623
79 43 0.948468
79 34 0.977049
79 38 0.977612
79 45 0.979879
79 15 1.038888
79 18 1.043276
79 23 1.043490
79 47 1.027868
79 37 1.047968
79 46 1.063808
79 27 1.104515
79 26 1.110510
79 40 1.090517
79 41 1.103272
79 2 1.188438
79 36 1.161825
79 25 1.182282
79 22 1.207061
79 1 1.235592
79 20 1.220233
79 48 1.183218
79 49 1.185685
79 16 1.237621
79 17 1.276505
79 19 1.279277
79 50 1.240903
79 5 1.300544
79 35 1.301723
79 39 1.373961
80 12 0.511764
80 28 0.494480
80 13 0.570346
80 29 0.551683
80 14 0.570716
80 32 0.548524
80 33 0.547864
80 8 0.577679
80 30 0.666423
80 11 0.860458
80 4 0.878797
80 31 0.863068
80 0 0.896375
80 9 0.925161
80 1 0.968754
80 3 0.980368
80 44 0.945549
80 10 1.023300
80 2 1.063142
80 21 1.057562
80 27 1.070719
80 26 1.100740
80 42 1.106295
80 20 1.148799
80 5 1.164179
80 18 1.179348
80 17 1.193191
80 6 1.230095
80 25 1.223139
80 48 1.192779
80 15 1.251287
80 40 1.219506
80 43 1.225769
80 36 1.278602
80 50 1.292194
80 35 1.325650
80 46 1.324080
80 39 1.358602
80 19 1.411622
80 7 1.432974
80 37 1.425900
80 16 1.462329
80 38 1.442745
80 34 1.464660
80 47 1.518219
80 23 1.580333
80 24 1.580531
80 45 1.608586
80 22 1.650516
80 41 1.625593
80 49 1.680855
81 12 0.454561
81 30 0.451259
81 29 0.471509
81 32 0.468242
81 9 0.505988
81 28 0.489226
81 13 0.526661
81 10 0.548731
81 11 0.627839
81 8 0.651318
81 3 0.702319
81 31 0.676918
81 1 0.721948
81 33 0.733757
81 14 0.777823
81 5 0.804908
81 44 0.762459
81 0 0.876323
81 47 0.969391
81 19 1.018607
81 40 0.991076
81 38 1.019584
81 23 1.051020
81 46 1.059170
81 20 1.101650
81 16 1.111014
81 17 1.110469
81 4 1.129569
81 2 1.149668
81 7 1.157584
81 50 1.002049
81 36 1.149221
81 25 1.173613
81 45 1.156862
81 35 1.183341
81 21 1.214889
81 42 1.205950
81 39 1.236058
81 26 1.257025
81 27 1.261036
81 41 1.239185
81 34 1.251153
81 22 1.274706
81 37 1.258609
81 15 1.291002
81 24 1.299723
81 43 1.285834
81 6 1.359086
81 49 1.197896
81 18 1.357064
81 48 1.451741
82 9 0.469475
82 11 0.574827
82 44 0.535336
82 29 0.558008
82 32 0.554890
82 12 0.592417
82 0 0.647862
82 30 0.611684
82 1 0.710209
82 13 0.719653
82 14 0.796506
82 3 0.829229
82 47 0.806138
82 28 0.848605
82 8 0.880824
82 31 0.879288
82 33 0.908594
82 21 0.948901
82 4 0.975372
82 24 0.959715
82 10 0.978081
82 19 0.984354
82 22 1.036571
82 16 1.063912
82 5 1.103607
82 45 1.051784
82 2 1.115085
82 27 1.085715
82 6 1.131304
82 36 1.098747
82 17 1.135185
82 40 1.102950
82 7 1.167697
82 25 1.190089
82 20 1.218097
82 38 1.206391
82 23 1.235623
82 39 1.218833
82 48 1.229424
82 15 1.284318
82 34 1.261157
82 35 1.281120
82 37 1.298647
82 49 1.286869
82 41 1.300425
82 26 1.338245
82 43 1.355182
82 42 1.361700
82 18 1.418182
82 46 1.387690
82 50 1.414622
83 9 0.351612
83 14 0.474513
83 13 0.498653
83 32 0.483887
83 44 0.468569
83 5 0.576308
83 10 0.572450
83 28 0.558047
83 0 0.631644
83 3 0.643319
83 11 0.647858
83 29 0.653138
83 1 0.704868
83 2 0.746716
83 8 0.741837
83 31 0.723075
83 12 0.783359
83 33 0.789578
83 18 0.841694
83 7 0.852728
83 48 0.821317
83 36 0.846187
83 30 0.859582
83 40 0.852079
83 15 0.928747
83 19 0.944258
83 42 0.909476
83 43 0.916297
83 39 0.939789
83 50 0.974197
83 27 1.065388
83 45 1.045055
83 25 1.084916
83 24 1.096694
83 20 1.114269
83 41 1.082825
83 23 1.116498
83 4 1.144317
83 16 1.135600
83 49 1.088310
83 21 1.162220
83 37 1.154035
83 35 1.158054
83 38 1.168455
83 34 1.175291
83 26 1.197504
83 17 1.233809
83 22 1.232145
83 6 1.272442
83 47 1.229022
83 46 1.257389
84 28 0.539848
84 9 0.619478
84 31 0.593931
84 10 0.624492
84 14 0.686732
84 8 0.697392
84 11 0.708770
84 13 0.792126
84 44 0.835577
84 12 0.886560
84 32 0.888655
84 30 0.896713
84 0 0.931973
84 29 0.918138
84 33 0.922467
84 5 0.961205
84 27 0.975965
84 1 1.014694
84 49 0.958618
84 26 1.000500
84 47 0.990185
84 36 1.013009
84 39 1.019960
84 25 1.047234
84 22 1.066666
84 38 1.060937
84 48 1.046790
84 17 1.129680
84 21 1.144052
84 41 1.120190
84 42 1.125333
84 3 1.195326
84 23 1.184234
84 50 1.145104
84 35 1.171718
84 45 1.173115
84 4 1.230584
84 34 1.204962
84 46 1.192138
84 24 1.244107
84 37 1.228908
84 2 1.276760
84 19 1.263373
84 40 1.254960
84 43 1.251314
84 20 1.291699
84 15 1.342370
84 6 1.367566
84 18 1.366501
84 16 1.384503
84 7 1.411380
85 29 0.493305
85 28 0.572804
85 31 0.582508
85 11 0.622796
85 3 0.638249
85 32 0.607661
85 30 0.611533
85 14 0.656626
85 1 0.725054
85 10 0.744563
85 13 0.764393
85 5 0.802453
85 9 0.803496
85 8 0.807319
85 44 0.767517
85 33 0.784010
85 24 0.817555
85 6 0.866433
85 4 0.890245
85 12 0.884647
85 0 0.918281
85 7 0.943521
85 45 0.916853
85 20 1.001815
85 22 1.018545
85 27 1.021170
85 38 1.092276
85 15 1.132290
85 37 1.116411
85 26 1.135202
85 34 1.123845
85 36 1.123058
85 40 1.157087
85 18 1.196327
85 23 1.192830
85 16 1.207633
85 21 1.203350
85 19 1.230790
85 17 1.240367
85 39 1.218349
85 47 1.231049
85 41 1.245425
85 46 1.249932
85 43 1.272259
85 25 1.306739
85 42 1.282031
85 48 1.291084
85 2 1.384959
85 35 1.355751
85 50 1.355517
85 49 1.376706
86 9 0.404774
86 11 0.503217
86 14 0.571359
86 8 0.585714
86 29 0.578686
86 32 0.582360
86 44 0.649158
86 10 0.722014
86 30 0.716510
86 12 0.754075
86 33 0.729632
86 13 0.830142
86 31 0.835485
86 28 0.896577
86 0 0.936476
86 5 1.044698
86 45 1.009160
86 37 1.027083
86 3 1.098039
86 1 1.108002
86 35 1.089255
86 7 1.189371
86 6 1.197913
86 36 1.193435
86 46 1.205733
86 20 1.257329
86 21 1.272941
86 47 1.246324
86 18 1.288224
86 15 1.313503
86 17 1.326204
86 41 1.302813
86 4 1.350119
86 24 1.335931
86 26 1.341500
86 19 1.359581
86 49 1.330652
86 25 1.371745
86 38 1.363981
86 22 1.391262
86 27 1.388992
86 43 1.366557
86 39 1.379833
86 23 1.410009
86 50 1.390422
86 16 1.441425
86 42 1.424429
86 2 1.494092
86 34 1.484729
86 40 1.482440
86 48 1.504376
87 9 0.463191
87 28 0.490832
87 10 0.560583
87 14 0.584664
87 29 0.592147
87 32 0.606036
87 30 0.609567
87 13 0.649311
87 8 0.702339
87 31 0.678583
87 44 0.673127
87 11 0.748251
87 12 0.758304
87 33 0.808736
87 0 0.906705
87 15 0.955870
87 24 0.951654
87 4 0.987664
87 27 0.965823
87 40 0.971645
87 34 0.983388
87 2 1.033922
87 38 0.997385
87 21 1.030329
87 47 1.002316
87 26 1.048145
87 22 1.061938
87 37 1.056424
87 45 1.051655
87 25 1.097477
87 46 1.072593
87 6 1.128559
87 3 1.169111
87 35 1.135755
87 17 1.193902
87 7 1.225811
87 49 1.175837
87 19 1.224710
87 1 1.250447
87 36 1.240049
87 5 1.301788
87 42 1.264038
87 23 1.291015
87 18 1.301750
87 43 1.271780
87 50 1.269460
87 39 1.295387
87 16 1.337803
87 48 1.315384
87 41 1.374420
87 20 1.404436
88 28 0.571545
88 9 0.600812
88 30 0.614301
88 44 0.607620
88 12 0.675637
88 31 0.682993
88 10 0.728364
88 11 0.751559
88 13 0.782907
88 29 0.762777
88 32 0.871069
88 1 0.922189
88 8 0.916163
88 5 0.924961
88 2 0.960909
88 14 0.961719
88 33 1.004263
88 0 1.108934
88 40 1.061501
88 3 1.138382
88 7 1.153872
88 19 1.197835
88 4 1.218890
88 6 1.283744
88 43 1.254639
88 26 1.285189
88 18 1.333061
88 41 1.306816
88 15 1.367837
88 23 1.374220
88 39 1.355971
88 20 1.402949
88 49 1.370341
88 42 1.424744
88 25 1.483751
88 16 1.497387
88 45 1.463252
88 38 1.474423
88 35 1.481052
88 21 1.516225
88 47 1.494307
88 22 1.541650
88 17 1.565401
88 34 1.573037
88 27 1.597333
88 50 1.568977
88 37 1.597175
88 46 1.605000
88 48 1.622901
88 24 1.666680
88 36 1.682449
89 8 0.593136
89 32 0.597446
89 31 0.636598
89 10 0.724406
89 13 0.763048
89 44 0.735960
89 33 0.766698
89 28 0.803288
89 12 0.867106
89 30 0.850439
89 14 0.880298
89 29 0.894520
89 0 0.964192
89 9 0.976946
89 5 1.033642
89 1 1.056584
89 11 1.060463
89 3 1.105332
89 34 1.146054
89 22 1.194607
89 36 1.196061
89 6 1.269733
89 4 1.327951
89 40 1.288514
89 2 1.411835
89 18 1.403335
89 49 1.374270
89 45 1.409299
89 24 1.450640
89 50 1.419475
89 25 1.465845
89 47 1.433209
89 37 1.460357
89 17 1.509359
89 35 1.501883
89 16 1.534455
89 42 1.505654
89 48 1.504881
89 38 1.538001
89 20 1.598931
89 23 1.600793
89 43 1.571870
89 7 1.630295
89 21 1.628153
89 27 1.626265
89 15 1.668300
89 39 1.643543
89 26 1.703043
89 41 1.679719
89 19 1.738981
89 46 1.717793
90 11 0.433824
90 33 0.557609
90 44 0.564318
90 13 0.622080
90 12 0.623418
90 14 0.629594
90 31 0.638315
90 28 0.653067
90 32 0.676776
90 8 0.738063
90 9 0.737738
90 3 0.761525
90 10 0.766145
90 5 0.806281
90 0 0.930948
90 29 0.907424
90 38 0.906647
90 1 0.952765
90 20 0.965741
90 30 0.972227
90 18 1.020388
90 16 1.031287
90 47 1.028778
90 43 1.045619
90 24 1.104986
90 21 1.109100
90 7 1.134394
90 34 1.109668
90 26 1.121497
90 36 1.131068
90 6 1.175006
90 17 1.172564
90 37 1.168141
90 19 1.193916
90 4 1.208836
90 22 1.192529
90 45 1.195948
90 2 1.255851
90 25 1.247511
90 35 1.243101
90 46 1.236142
90 42 1.268994
90 27 1.296486
90 40 1.286590
90 50 1.273796
90 15 1.358733
90 41 1.352573
90 39 1.386782
90 49 1.389860
90 48 1.434611
90 23 1.469214
91 9 0.553492
91 8 0.568113
91 13 0.591348
91 29 0.597695
91 28 0.618161
91 30 0.677760
91 11 0.714624
91 44 0.706549
91 7 0.795411
91 32 0.787104
91 12 0.846610
91 33 0.826680
91 4 0.884544
91 14 0.883500
91 0 0.909491
91 31 0.875591
91 5 0.913756
91 10 0.919859
91 3 0.951748
91 46 0.958427
91 22 0.999967
91 35 1.044660
91 16 1.128159
91 21 1.130276
91 6 1.156719
91 1 1.171516
91 24 1.148781
91 20 1.191736
91 17 1.207351
91 40 1.183879
91 2 1.235524
91 18 1.247110
91 19 1.254484
91 37 1.228615
91 47 1.223336
91 23 1.259030
91 38 1.239119
91 15 1.277627
91 34 1.279562
91 27 1.297207
91 45 1.315613
91 43 1.330352
91 48 1.336190
91 42 1.351751
91 49 1.359785
91 50 1.370942
91 36 1.447860
91 39 1.463795
91 41 1.477401
91 26 1.512400
91 25 1.521614
92 8 0.573099
92 32 0.583094
92 9 0.658004
92 29 0.647377
92 13 0.680180
92 12 0.702444
92 10 0.773222
92 14 0.791154
92 2 0.838826
92 28 0.853254
92 31 0.911474
92 44 0.934989
92 11 1.013530
92 0 1.059115
92 21 1.081310
92 19 1.161019
92 30 1.158081
92 7 1.184541
92 33 1.215583
92 15 1.250921
92 25 1.238858
92 5 1.272725
92 49 1.232559
92 45 1.252861
92 37 1.277440
92 17 1.330689
92 27 1.318675
92 1 1.364328
92 38 1.337804
92 43 1.330427
92 4 1.397046
92 35 1.385004
92 24 1.417892
92 47 1.438515
92 6 1.499420
92 26 1.479106
92 18 1.490476
92 3 1.534159
92 16 1.548760
92 41 1.529140
92 40 1.541926
92 50 1.553883
92 42 1.581282
92 23 1.645404
92 46 1.622568
92 20 1.671406
92 34 1.672692
92 22 1.717601
92 36 1.699320
92 39 1.704422
92 48 1.706967
93 11 0.566087
93 10 0.598441
93 8 0.622954
93 31 0.610842
93 21 0.626554
93 28 0.660549
93 19 0.686220
93 13 0.718985
93 44 0.771634
93 30 0.817288
93 9 0.853462
93 29 0.896867
93 33 1.018403
93 0 1.172643
93 7 1.182423
93 4 1.205634
93 12 1.219794
93 14 1.236446
93 20 1.253029
93 32 1.248156
93 17 1.329887
93 43 1.323953
93 15 1.413004
93 1 1.453429
93 3 1.479184
93 5 1.500049
93 25 1.533960
93 45 1.518817
93 26 1.546381
93 47 1.529504
93 40 1.541501
93 23 1.617051
93 42 1.600296
93 39 1.630152
93 35 1.667607
93 22 1.687611
93 36 1.680068
93 49 1.671008
93 18 1.719257
93 37 1.711087
93 2 1.770571
93 24 1.761086
93 41 1.737652
93 27 1.862491
93 6 1.907404
93 46 1.868758
93 16 1.954414
93 50 1.927903
93 34 1.975535
93 38 1.978388
93 48 1.988308
94 13 0.644844
94 29 0.639083
94 14 0.709291
94 31 0.701873
94 11 0.726852
94 9 0.760014
94 8 0.781008
94 30 0.784341
94 32 0.795187
94 10 0.882739
94 44 0.931809
94 33 0.975463
94 36 1.015614
94 7 1.074279
94 5 1.091237
94 25 1.094326
94 34 1.100365
94 28 1.147942
94 6 1.179325
94 0 1.191173
94 12 1.198988
94 20 1.227675
94 35 1.221890
94 4 1.273866
94 16 1.280785
94 27 1.283814
94 3 1.344214
94 22 1.342623
94 40 1.342665
94 17 1.389552
94 1 1.403643
94 43 1.402021
94 45 1.409442
94 37 1.438995
94 2 1.510313
94 19 1.511382
94 47 1.484913
94 24 1.533911
94 46 1.519400
94 50 1.527150
94 23 1.591499
94 38 1.598610
94 26 1.642550
94 18 1.674172
94 42 1.664624
94 48 1.671106
94 15 1.725514
94 21 1.728510
94 39 1.808286
94 41 1.844440
94 49 1.885860
95 10 0.563327
95 8 0.575615
95 9 0.599690
95 32 0.603025
95 31 0.659570
95 28 0.673276
95 44 0.668616
95 11 0.775325
95 33 0.844142
95 29 0.849623
95 13 0.877380
95 14 0.877762
95 3 0.924286
95 12 0.937388
95 30 0.916795
95 0 0.981087
95 5 1.128060
95 16 1.148364
95 4 1.176738
95 2 1.208253
95 1 1.220457
95 26 1.197808
95 35 1.187109
95 19 1.228393
95 20 1.364939
95 43 1.334375
95 25 1.360286
95 6 1.379373
95 23 1.365104
95 21 1.368531
95 40 1.351628
95 45 1.345254
95 22 1.389970
95 15 1.397684
95 36 1.409264
95 47 1.402390
95 17 1.452315
95 24 1.448615
95 34 1.444307
95 49 1.457894
95 48 1.460200
95 42 1.469809
95 46 1.481615
95 38 1.501946
95 7 1.544457
95 18 1.544868
95 41 1.542193
95 50 1.537215
95 39 1.577078
95 27 1.608383
95 37 1.611055
96 8 0.632336
96 14 0.655201
96 10 0.659507
96 30 0.658241
96 13 0.680440
96 12 0.785144
96 28 0.782575
96 32 0.778063
96 0 0.827214
96 11 0.862106
96 33 0.851519
96 50 0.831715
96 29 0.875673
96 9 0.905563
96 5 0.912154
96 42 0.890910
96 44 0.895407
96 31 0.993204
96 47 0.980369
96 36 1.009425
96 3 1.099978
96 45 1.057090
96 2 1.111848
96 38 1.080669
96 7 1.121532
96 6 1.207000
96 15 1.219202
96 39 1.218098
96 26 1.246384
96 20 1.260954
96 1 1.282275
96 48 1.235889
96 18 1.285890
96 40 1.267057
96 46 1.277755
96 35 1.298604
96 25 1.340302
96 43 1.315702
96 16 1.356843
96 4 1.380282
96 24 1.370060
96 23 1.377985
96 37 1.370554
96 27 1.395932
96 17 1.420048
96 21 1.449374
96 34 1.448545
96 19 1.508725
96 49 1.470900
96 22 1.515381
96 41 1.603159
97 9 0.366939
97 10 0.603717
97 13 0.645324
97 32 0.640229
97 14 0.697802
97 12 0.717119
97 11 0.727896
97 29 0.708904
97 30 0.740283
97 1 0.780482
97 21 0.775169
97 28 0.782341
97 8 0.823914
97 33 0.868747
97 5 0.911961
97 19 0.911474
97 3 0.934546
97 0 0.981812
97 20 1.014080
97 31 1.010477
97 44 1.016971
97 39 1.034670
97 17 1.104933
97 4 1.165155
97 7 1.185817
97 45 1.159564
97 22 1.306095
97 48 1.272658
97 6 1.323594
97 34 1.294526
97 24 1.308565
97 23 1.310975
97 36 1.300631
97 41 1.315585
97 50 1.305036
97 38 1.332636
97 37 1.343414
97 46 1.339749
97 27 1.374685
97 15 1.405256
97 40 1.381081
97 43 1.386046
97 26 1.442382
97 2 1.473943
97 35 1.447699
97 16 1.473387
97 18 1.487630
97 49 1.454468
97 47 1.482225
97 25 1.519177
97 42 1.538037
98 11 0.646311
98 12 0.667777
98 8 0.698046
98 10 0.745926
98 13 0.787343
98 1 0.969947
98 3 0.991061
98 29 1.060352
98 5 1.112302
98 6 1.129535
98 9 1.146593
98 32 1.118008
98 44 1.126246
98 24 1.159589
98 17 1.171485
98 27 1.175087
98 28 1.262932
98 31 1.276730
98 30 1.279296
98 4 1.432191
98 22 1.417059
98 14 1.463394
98 42 1.446081
98 0 1.538978
98 50 1.493283
98 33 1.521343
98 16 1.565707
98 18 1.564782
98 7 1.594903
98 21 1.651619
98 26 1.661423
98 38 1.664337
98 15 1.768693
98 2 1.795214
98 35 1.776446
98 34 1.778707
98 43 1.801652
98 37 1.823160
98 25 1.880590
98 23 1.900194
98 20 1.921649
98 45 1.881650
98 40 1.985654
98 47 2.014331
98 36 2.056604
98 19 2.099552
98 41 2.132797
98 49 2.146407
98 46 2.165063
98 39 2.187914
98 48 2.230361
99 8 0.603332
99 9 0.632538
99 12 0.652410
99 13 0.652922
99 30 0.654374
99 10 0.701964
99 14 0.699636
99 11 0.792177
99 33 0.800016
99 28 0.977215
99 29 1.055714
99 44 1.074380
99 31 1.204984
99 32 1.268644
99 27 1.287586
99 24 1.293254
99 0 1.328974
99 4 1.349246
99 42 1.300308
99 1 1.426417
99 19 1.433605
99 43 1.420251
99 7 1.590593
99 3 1.616168
99 41 1.595850
99 25 1.644871
99 6 1.703354
99 50 1.664958
99 37 1.707486
99 46 1.714294
99 47 1.715303
99 23 1.753144
99 20 1.780940
99 35 1.777581
99 26 1.793040
99 49 1.776569
99 38 1.794161
99 5 1.838013
99 17 1.877266
99 21 1.873781
99 45 1.838115
99 22 1.924998
99 2 1.945039
99 34 1.921597
99 15 1.949710
99 16 1.995124
99 39 1.994160
99 18 2.148067
99 36 2.122487
99 40 2.114148
99 48 2.104848
100 9 0.457225
100 44 0.456864
100 28 0.560239
100 32 0.574947
100 29 0.590363
100 8 0.635568
100 13 0.644119
100 10 0.704291
100 30 0.700367
100 31 0.716491
100 33 0.762753
100 11 0.816339
100 12 0.820559
100 14 0.825258
100 3 0.892628
100 0 0.921561
100 2 0.987800
100 5 1.020325
100 1 1.028545
100 42 1.120225
100 50 1.131692
100 39 1.165802
100 27 1.198092
100 4 1.245509
100 48 1.195725
100 19 1.260261
100 41 1.263539
100 16 1.300638
100 25 1.328132
100 7 1.351626
100 21 1.363725
100 38 1.359188
100 49 1.346586
100 17 1.410497
100 43 1.399308
100 47 1.407146
100 40 1.454760
100 23 1.484826
100 22 1.489545
100 36 1.484809
100 35 1.486433
100 20 1.508256
100 18 1.545184
100 26 1.548853
100 15 1.589476
100 24 1.578779
100 45 1.581623
100 34 1.621885
100 37 1.621803
100 46 1.625093
100 6 1.675235
101 9 0.610787
101 29 0.650328
101 14 0.687195
101 11 0.690159
101 8 0.694307
101 10 0.713568
101 32 0.688682
101 33 0.730438
101 28 0.738948
101 20 0.847694
101 5 0.972088
101 3 0.974455
101 12 1.026240
101 31 1.082438
101 0 1.134380
101 1 1.134137
101 37 1.234782
101 44 1.230846
101 19 1.265985
101 30 1.328784
101 13 1.366910
101 36 1.386531
101 25 1.420589
101 6 1.462185
101 4 1.481980
101 39 1.458825
101 17 1.510161
101 16 1.531759
101 7 1.566018
101 21 1.568595
101 49 1.529272
101 2 1.608015
101 45 1.559839
101 48 1.557449
101 46 1.619038
101 47 1.642313
101 38 1.656119
101 42 1.666735
101 50 1.655847
101 40 1.672403
101 27 1.717914
101 26 1.790483
101 41 1.782939
101 23 1.833456
101 24 1.911741
101 18 1.932199
101 22 1.946542
101 35 1.933880
101 43 2.022606
101 15 2.122703
101 34 2.168960
102 13 0.656522
102 10 0.726909
102 14 0.724478
102 11 0.736366
102 30 0.737062
102 29 0.869742
102 12 0.923311
102 9 1.079697
102 1 1.115882
102 3 1.123466
102 8 1.131380
102 28 1.111759
102 44 1.090717
102 32 1.108558
102 2 1.218187
102 31 1.199250
102 0 1.244358
102 27 1.246274
102 26 1.268746
102 33 1.269416
102 24 1.344988
102 25 1.364656
102 4 1.418417
102 50 1.406688
102 49 1.434449
102 48 1.444560
102 47 1.456265
102 35 1.497500
102 22 1.546415
102 17 1.563811
102 39 1.534825
102 46 1.581036
102 43 1.584789
102 7 1.634964
102 23 1.642471
102 37 1.670893
102 41 1.673029
102 5 1.715242
102 34 1.693920
102 42 1.696620
102 6 1.745790
102 36 1.713685
102 19 1.736708
102 40 1.725158
102 16 1.757752
102 45 1.736285
102 38 1.762936
102 15 1.800206
102 20 1.813017
102 18 1.879302
102 21 1.943932
103 10 0.657950
103 8 0.676735
103 13 0.693573
103 12 0.695546
103 44 0.691485
103 28 0.716021
103 11 0.736069
103 32 0.732508
103 31 0.735403
103 9 0.950245
103 14 0.969147
103 29 1.049245
103 20 1.299912
103 19 1.320499
103 45 1.298459
103 0 1.397299
103 2 1.424432
103 33 1.425472
103 30 1.559841
103 1 1.589099
103 6 1.586677
103 48 1.536011
103 22 1.575186
103 7 1.626669
103 40 1.606918
103 4 1.690880
103 43 1.663987
103 16 1.719316
103 39 1.687989
103 23 1.733359
103 21 1.737659
103 15 1.784412
103 36 1.757775
103 25 1.836941
103 26 1.851947
103 37 1.851879
103 49 1.865125
103 34 1.902076
103 24 1.915832
103 42 1.905007
103 35 1.916712
103 17 1.993845
103 3 2.017158
103 5 2.017132
103 18 2.035265
103 47 2.034310
103 27 2.098362
103 50 2.094593
103 41 2.120545
103 46 2.114569
103 38 2.223292
104 9 0.718057
104 12 0.763773
104 32 0.747788
104 8 0.787621
104 31 0.793019
104 44 0.901460
104 13 0.993800
104 33 0.986467
104 28 1.001402
104 10 1.032303
104 29 1.010632
104 30 1.086049
104 14 1.145937
104 47 1.140831
104 0 1.259793
104 11 1.260502
104 39 1.241916
104 17 1.344459
104 42 1.309118
104 4 1.391075
104 45 1.451496
104 2 1.577174
104 43 1.532928
104 7 1.618004
104 48 1.571256
104 6 1.636581
104 23 1.640945
104 38 1.620247
104 37 1.629476
104 15 1.680363
104 19 1.704026
104 26 1.701887
104 50 1.676196
104 36 1.703160
104 24 1.730393
104 40 1.714322
104 46 1.713478
104 1 1.779467
104 49 1.718653
104 18 1.788223
104 34 1.772099
104 16 1.811845
104 5 1.833370
104 22 1.839397
104 20 1.851317
104 3 1.870014
104 35 1.854312
104 41 1.876422
104 25 1.953930
104 21 2.006789
104 27 2.118084
105 44 0.715438
105 14 0.757242
105 31 0.766254
105 13 0.809373
105 8 0.831757
105 10 0.830747
105 33 0.812212
105 0 0.860755
105 30 0.846325
105 28 0.851210
105 12 0.895544
105 9 0.905656
105 11 1.070176
105 40 1.193445
105 32 1.211811
105 29 1.254774
105 35 1.389029
105 3 1.509388
105 5 1.534898
105 6 1.548006
105 46 1.509805
105 37 1.532278
105 1 1.640296
105 38 1.617434
105 2 1.675729
105 48 1.625142
105 47 1.628965
105 15 1.700291
105 50 1.699984
105 42 1.729163
105 24 1.861373
105 43 1.883995
105 27 1.936047
105 39 1.930634
105 23 1.958927
105 7 1.977372
105 36 1.951858
105 45 1.939320
105 34 1.989579
105 22 2.006300
105 20 2.061570
105 18 2.064924
105 16 2.121982
105 17 2.148967
105 21 2.165591
105 19 2.180030
105 49 2.183193
105 41 2.197396
105 4 2.247300
105 26 2.255371
105 25 2.400178
106 8 0.747616
106 9 0.852372
106 14 0.869812
106 32 1.002669
106 28 1.027047
106 10 1.094007
106 31 1.117702
106 12 1.154453
106 30 1.161254
106 13 1.240122
106 33 1.214340
106 11 1.243399
106 29 1.221495
106 44 1.216389
106 0 1.359423
106 1 1.483505
106 5 1.499915
106 4 1.581273
106 45 1.637529
106 27 1.729536
106 19 1.779577
106 22 1.787874
106 37 1.784338
106 2 1.839959
106 47 1.806076
106 48 1.817881
106 26 1.866776
106 36 1.902472
106 15 1.947806
106 39 1.925983
106 49 1.927783
106 38 1.968404
106 24 1.997303
106 50 1.975691
106 41 2.001937
106 7 2.043903
106 18 2.054509
106 34 2.133074
106 3 2.169165
106 42 2.137518
106 20 2.168935
106 46 2.133119
106 40 2.156169
106 43 2.152430
106 21 2.191859
106 16 2.237709
106 17 2.255928
106 6 2.334842
106 23 2.331579
106 25 2.338049
106 35 2.334239
107 31 0.814760
107 8 0.848533
107 44 0.875024
107 29 0.932251
107 9 1.072841
107 11 1.105910
107 13 1.171713
107 10 1.219679
107 28 1.243420
107 32 1.393037
107 12 1.455448
107 14 1.478114
107 33 1.528645
107 1 1.586991
107 3 1.605173
107 23 1.610207
107 38 1.630622
107 25 1.669817
107 41 1.707314
107 22 1.742015
107 30 1.764838
107 43 1.754038
107 0 1.822957
107 27 1.804879
107 19 1.827866
107 50 1.863593
107 4 1.920494
107 45 1.886282
107 16 1.948437
107 5 1.956495
107 26 1.944105
107 34 1.950079
107 7 2.054667
107 49 2.029088
107 47 2.043985
107 35 2.077354
107 37 2.095864
107 48 2.098284
107 46 2.114401
107 39 2.146974
107 2 2.189142
107 17 2.192765
107 42 2.241694
107 15 2.316975
107 40 2.308503
107 36 2.375134
107 18 2.470289
107 21 2.478971
107 6 2.490093
107 24 2.564338
107 20 2.646576
108 12 0.928221
108 10 0.955895
108 32 1.005380
108 8 1.093778
108 29 1.086297
108 30 1.188281
108 28 1.332550
108 11 1.375544
108 9 1.475648
108 14 1.506405
108 31 1.677759
108 33 1.683943
108 13 1.713051
108 4 1.745800
108 46 1.709242
108 7 1.784441
108 49 1.783405
108 44 1.798393
108 3 1.865445
108 1 1.948686
108 6 2.004420
108 39 2.026604
108 43 2.030404
108 26 2.069187
108 41 2.102623
108 20 2.144193
108 35 2.161720
108 25 2.192362
108 23 2.205331
108 50 2.184411
108 34 2.205289
108 40 2.239446
108 24 2.315437
108 36 2.312161
108 42 2.333402
108 21 2.363538
108 5 2.419338
108 15 2.427381
108 47 2.391418
108 2 2.483322
108 27 2.461861
108 22 2.498233
108 17 2.543061
108 37 2.525234
108 48 2.617850
108 0 2.691788
108 45 2.637178
108 38 2.652848
108 18 2.718896
108 16 2.768671
108 19 3.028216
109 10 0.772378
109 9 0.872311
109 31 0.888918
109 30 0.922947
109 12 0.982322
109 28 0.976728
109 32 0.991543
109 8 1.125679
109 11 1.131224
109 44 1.157804
109 33 1.201614
109 14 1.241475
109 13 1.290758
109 1 1.428111
109 0 1.448668
109 29 1.467196
109 34 1.478105
109 42 1.483897
109 48 1.492147
109 2 1.549553
109 22 1.558565
109 37 1.580064
109 5 1.626764
109 25 1.606682
109 6 1.660442
109 27 1.650348
109 4 1.686613
109 43 1.639086
109 18 1.675511
109 19 1.703748
109 40 1.781590
109 17 1.813619
109 21 1.810089
109 49 1.771338
109 23 1.832732
109 3 1.865267
109 16 1.870950
109 7 1.906534
109 41 1.873567
109 39 1.878787
109 24 1.917533
109 45 1.940015
109 50 1.957134
109 46 1.968563
109 15 2.020083
109 36 2.071353
109 26 2.095400
109 47 2.082964
109 38 2.103172
109 35 2.182270
109 20 2.209414
110 33 0.959740
110 8 1.005483
110 31 0.981169
110 11 1.019022
110 12 1.089564
110 14 1.101990
110 28 1.085916
110 10 1.140852
110 44 1.098000
110 13 1.258766
110 30 1.251868
110 9 1.394535
110 32 1.463843
110 42 1.547931
110 29 1.581677
110 20 1.688344
110 50 1.698562
110 6 1.909680
110 21 1.923985
110 3 1.976887
110 38 1.950148
110 0 2.029316
110 49 1.984779
110 15 2.090337
110 19 2.102560
110 35 2.108152
110 2 2.160647
110 17 2.149510
110 41 2.116433
110 36 2.209377
110 4 2.262192
110 34 2.242971
110 26 2.255095
110 24 2.271325
110 46 2.279754
110 23 2.323547
110 27 2.329295
110 48 2.320280
110 7 2.397883
110 47 2.357614
110 37 2.394453
110 5 2.453868
110 40 2.449273
110 1 2.505539
110 16 2.514615
110 18 2.585835
110 39 2.571407
110 22 2.607621
110 45 2.610078
110 43 2.613568
110 25 2.716744
111 28 0.463344
111 12 0.529279
111 32 0.560440
111 5 0.603776
111 31 0.659695
111 8 0.697562
111 10 0.715154
111 11 0.723522
111 9 0.733482
111 44 0.711843
111 30 0.791975
111 13 0.828355
111 29 0.817087
111 3 0.865017
111 14 0.881673
111 21 1.001982
111 17 1.081309
111 15 1.093326
111 4 1.130757
111 33 1.127640
111 22 1.215557
111 2 1.247464
111 47 1.206188
111 19 1.258417
111 38 1.242944
111 7 1.346212
111 36 1.323926
111 0 1.391886
111 42 1.390801
111 50 1.389235
111 20 1.430807
111 18 1.448158
111 48 1.410057
111 26 1.474323
111 23 1.484539
111 43 1.459622
111 34 1.480024
111 1 1.532690
111 45 1.497365
111 16 1.536863
111 37 1.516195
111 27 1.541470
111 41 1.522913
111 49 1.535965
111 25 1.667244
111 6 1.688477
111 46 1.641104
111 39 1.650332
111 24 1.699710
111 35 1.734849
111 40 1.741702
112 10 0.735595
112 13 0.773288
112 9 0.839292
112 44 0.811958
112 14 0.882774
112 12 1.026301
112 31 1.043238
112 28 1.180425
112 30 1.340878
112 29 1.366292
112 33 1.402405
112 8 1.468926
112 38 1.772434
112 17 1.828079
112 26 1.816643
112 1 1.874845
112 0 1.877111
112 22 1.858286
112 35 1.860007
112 11 1.894230
112 32 1.891694
112 37 1.929800
112 5 2.042694
112 4 2.108559
112 3 2.146988
112 45 2.090876
112 7 2.190782
112 16 2.248697
112 36 2.242698
112 25 2.263103
112 50 2.258460
112 21 2.356986
112 6 2.476332
112 15 2.477276
112 49 2.447854
112 48 2.499352
112 43 2.562488
112 27 2.617308
112 47 2.601990
112 46 2.640768
112 2 2.734408
112 24 2.732658
112 39 2.723331
112 34 2.769292
112 42 2.774043
112 23 2.846334
112 20 2.877998
112 40 2.861993
112 19 2.913031
112 41 2.877767
112 18 2.946497
113 11 0.843119
113 9 0.870378
113 44 0.846964
113 13 0.995005
113 30 0.988904
113 8 1.031440
113 12 1.172985
113 10 1.192454
113 28 1.177233
113 33 1.180436
113 14 1.235828
113 29 1.228086
113 31 1.298505
113 7 1.350556
113 49 1.415742
113 32 1.461483
113 0 1.508980
113 41 1.508983
113 21 1.543057
113 4 1.577248
113 2 1.645981
113 5 1.727207
113 42 1.721794
113 43 1.819305
113 35 1.846099
113 6 1.929748
113 17 1.935009
113 48 1.923934
113 40 1.945316
113 50 1.986248
113 38 2.003085
113 18 2.106946
113 37 2.082370
113 3 2.130473
113 19 2.124362
113 1 2.173932
113 36 2.140425
113 20 2.163089
113 45 2.145906
113 27 2.261396
113 39 2.259659
113 47 2.270113
113 16 2.316950
113 15 2.344633
113 25 2.340972
113 26 2.339078
113 34 2.398372
113 46 2.398387
113 22 2.514454
113 23 2.600261
113 24 2.609622
114 30 0.749234
114 8 0.894914
114 29 0.894281
114 13 0.922478
114 44 0.944877
114 32 0.971652
114 9 1.001583
114 11 1.010296
114 12 1.116997
114 28 1.202897
114 14 1.279080
114 31 1.323904
114 10 1.361796
114 33 1.375444
114 5 1.449668
114 40 1.520126
114 26 1.557610
114 24 1.600955
114 4 1.749914
114 1 1.855956
114 0 1.883598
114 48 1.838543
114 22 1.923354
114 15 1.966641
114 25 1.967173
114 36 1.961052
114 27 1.973576
114 3 2.019643
114 42 2.000734
114 41 2.010300
114 43 2.011894
114 2 2.113160
114 37 2.086847
114 16 2.123380
114 18 2.145479
114 45 2.116693
114 46 2.149333
114 6 2.216192
114 50 2.165421
114 17 2.213189
114 49 2.187874
114 19 2.396665
114 7 2.414475
114 35 2.396120
114 39 2.425797
114 34 2.457190
114 38 2.471554
114 20 2.503810
114 21 2.662928
114 23 2.669818
114 47 2.674651
115 9 0.532077
115 8 0.584230
115 28 0.678351
115 10 0.736224
115 14 0.882837
115 44 0.911709
115 45 0.998138
115 12 1.051367
115 36 1.024920
115 30 1.074130
115 11 1.096970
115 0 1.120121
115 29 1.125962
115 32 1.139490
115 33 1.218147
115 31 1.246023
115 1 1.408962
115 13 1.400792
115 49 1.355920
115 4 1.409527
115 48 1.371719
115 25 1.407294
115 19 1.457914
115 6 1.468510
115 27 1.446417
115 41 1.430030
115 38 1.436078
115 3 1.530430
115 26 1.508377
115 18 1.610131
115 24 1.610446
115 35 1.597444
115 42 1.604969
115 7 1.691311
115 39 1.664180
115 20 1.706507
115 21 1.719465
115 23 1.726164
115 15 1.751540
115 2 1.770311
115 34 1.738171
115 17 1.779198
115 22 1.786398
115 47 1.753345
115 16 1.837765
115 43 1.822797
115 46 1.871051
115 50 1.882773
115 5 1.952208
115 40 1.941554
115 37 1.969763
116 28 0.802866
116 32 0.925035
116 11 0.954863
116 12 0.955343
116 13 0.955562
116 9 0.960069
116 44 0.910249
116 14 0.957512
116 30 0.955971
116 10 1.018699
116 33 0.988656
116 31 1.167887
116 29 1.246028
116 8 1.325556
116 4 1.491061
116 2 1.608938
116 3 1.626084
116 25 1.632664
116 1 1.738857
116 49 1.741198
116 16 1.886162
116 6 1.926491
116 47 1.886526
116 19 1.953025
116 50 1.902892
116 26 1.944292
116 0 1.974994
116 17 1.961865
116 48 1.933816
116 42 1.942813
116 39 1.989526
116 21 2.092567
116 22 2.092507
116 35 2.104604
116 20 2.131741
116 45 2.091008
116 41 2.111347
116 38 2.172924
116 5 2.218824
116 40 2.201659
116 36 2.222269
116 15 2.275640
116 7 2.299116
116 34 2.276967
116 18 2.305211
116 27 2.318412
116 37 2.328962
116 43 2.368020
116 46 2.403871
116 23 2.515995
116 24 2.614993
117 8 0.737607
117 12 0.777419
117 9 0.827662
117 11 0.826385
117 13 0.825548
117 30 0.828217
117 10 0.903852
117 32 1.201307
117 14 1.476715
117 31 1.631044
117 46 1.632119
117 27 1.662917
117 6 1.688543
117 28 1.696832
117 29 1.720791
117 35 1.714687
117 1 1.756052
117 3 1.842094
117 44 1.789044
117 25 1.847239
117 22 1.850780
117 26 1.894717
117 24 1.900172
117 5 1.944854
117 21 1.999451
117 43 2.038156
117 33 2.055271
117 4 2.119420
117 20 2.103132
117 0 2.241356
117 23 2.217541
117 47 2.182116
117 7 2.255539
117 19 2.359163
117 40 2.422062
117 34 2.450516
117 16 2.479005
117 37 2.449534
117 36 2.469732
117 2 2.589272
117 15 2.616139
117 38 2.601921
117 45 2.619229
117 49 2.635956
117 50 2.677987
117 42 2.707950
117 41 2.709721
117 18 2.790418
117 17 2.807477
117 48 2.833324
117 39 2.862675
118 28 0.700470
118 8 0.770450
118 9 0.802583
118 14 0.799706
118 31 0.801418
118 32 0.882907
118 29 0.923006
118 33 0.996723
118 13 1.055377
118 30 1.230352
118 11 1.273434
118 44 1.276203
118 10 1.342644
118 12 1.476319
118 22 1.672936
118 21 1.818500
118 1 1.862453
118 0 1.885532
118 25 1.883816
118 5 1.904387
118 6 1.925670
118 17 1.994994
118 39 2.053045
118 49 2.146206
118 18 2.261867
118 4 2.296134
118 35 2.278801
118 15 2.307308
118 42 2.314467
118 37 2.326512
118 16 2.375799
118 50 2.325262
118 46 2.372906
118 47 2.370969
118 20 2.413728
118 36 2.390528
118 34 2.431050
118 3 2.569719
118 38 2.630179
118 48 2.615673
118 2 2.678684
118 26 2.656184
118 19 2.666728
118 43 2.632128
118 7 2.677537
118 23 2.663838
118 27 2.717883
118 24 2.775597
118 45 2.773466
118 41 2.874588
118 40 2.889564
119 8 0.778838
119 33 0.976757
119 30 1.011433
119 10 1.045960
119 31 1.023566
119 9 1.059754
119 32 1.076189
119 14 1.149153
119 29 1.139678
119 12 1.343701
119 13 1.365729
119 11 1.634515
119 5 1.752815
119 0 1.766455
119 44 1.758544
119 39 1.804625
119 7 1.859196
119 45 1.822752
119 1 1.874240
119 28 1.869434
119 36 1.860117
119 49 1.974730
119 42 1.999489
119 25 2.034498
119 50 2.090169
119 26 2.136742
119 22 2.143712
119 21 2.173650
119 16 2.195528
119 2 2.216238
119 37 2.199376
119 24 2.228230
119 23 2.248152
119 46 2.237789
119 48 2.242172
119 3 2.297772
119 41 2.316435
119 17 2.397671
119 43 2.422384
119 20 2.461340
119 18 2.480454
119 40 2.469791
119 34 2.509641
119 35 2.575537
119 15 2.616047
119 19 2.639831
119 6 2.652747
119 4 2.692495
119 27 2.691131
119 47 2.797814
119 38 2.898694
120 8 0.926479
120 12 1.070565
120 32 1.040676
120 11 1.073423
120 44 1.021412
120 10 1.076914
120 13 1.393445
120 31 1.433134
120 14 1.690403
120 29 1.699456
120 28 1.715661
120 25 2.078298
120 24 2.112717
120 26 2.173164
120 4 2.240543
120 9 2.272241
120 27 2.252271
120 50 2.209975
120 30 2.247557
120 33 2.240796
120 5 2.484579
120 0 2.490548
120 41 2.435543
120 2 2.490199
120 15 2.482042
120 1 2.567373
120 43 2.654362
120 34 2.703388
120 23 2.746797
120 35 2.767592
120 21 2.796179
120 45 2.750708
120 36 2.768466
120 40 2.762989
120 48 2.799586
120 22 2.893718
120 37 2.911027
120 19 2.969477
120 18 3.088587
120 42 3.046269
120 6 3.124232
120 46 3.062115
120 49 3.083639
120 3 3.153007
120 17 3.187994
120 47 3.222986
120 38 3.241391
120 39 3.262030
120 16 3.326778
120 7 3.358459
120 20 3.525282
