21 0 0.057485
21 1 0.054661
21 2 0.058076
21 3 0.055848
21 4 0.052580
21 5 0.054681
21 6 0.052870
21 7 0.056210
21 8 0.039371
21 9 0.039721
21 10 0.040487
21 11 0.040124
21 12 0.036289
21 13 0.041511
21 14 0.051507
21 15 0.052535
21 16 0.050422
21 17 0.054828
21 18 0.051787
21 19 0.054851
21 20 0.042202
21 21 0.056023
21 22 0.052529
21 23 0.052863
21 24 0.048723
21 25 0.048108
21 26 0.047959
21 27 0.047384
21 28 0.039574
21 29 0.040072
21 30 0.039283
21 31 0.037097
21 32 0.040302
21 33 0.039594
21 34 0.051826
21 35 0.053476
21 36 0.050783
21 37 0.053622
21 38 0.046393
21 39 0.052509
21 40 0.053739
21 41 0.057599
21 42 0.046454
21 43 0.051038
21 44 0.037269
21 45 0.049904
21 46 0.053337
21 47 0.046323
21 48 0.053246
21 49 0.057115
21 50 0.045213
22 0 0.065292
22 1 0.064491
22 2 0.062494
22 3 0.053480
22 4 0.057342
22 5 0.054891
22 6 0.058826
22 7 0.060100
22 8 0.040858
22 9 0.042731
22 10 0.041970
22 11 0.042519
22 12 0.042897
22 13 0.042531
22 14 0.041278
22 15 0.056487
22 16 0.058263
22 17 0.053753
22 18 0.060366
22 19 0.054817
22 20 0.058888
22 21 0.056776
22 22 0.059037
22 23 0.060594
22 24 0.060232
22 25 0.057559
22 26 0.058533
22 27 0.059236
22 28 0.040769
22 29 0.041578
22 30 0.042221
22 31 0.041921
22 32 0.041800
22 33 0.038655
22 34 0.053388
22 35 0.059010
22 36 0.054434
22 37 0.060596
22 38 0.059830
22 39 0.061494
22 40 0.056837
22 41 0.044760
22 42 0.053932
22 43 0.059459
22 44 0.042234
22 45 0.056066
22 46 0.060805
22 47 0.072742
22 48 0.059461
22 49 0.044081
22 50 0.054296
23 0 0.067836
23 1 0.075414
23 2 0.067535
23 3 0.054000
23 4 0.057356
23 5 0.053570
23 6 0.053168
23 7 0.059439
23 8 0.040748
23 9 0.038185
23 10 0.043077
23 11 0.041864
23 12 0.038596
23 13 0.043272
23 14 0.041523
23 15 0.056285
23 16 0.056441
23 17 0.059896
23 18 0.059089
23 19 0.051312
23 20 0.053139
23 21 0.046889
23 22 0.060606
23 23 0.055647
23 24 0.059466
23 25 0.060124
23 26 0.060222
23 27 0.060166
23 28 0.042382
23 29 0.038092
23 30 0.041086
23 31 0.042765
23 32 0.038996
23 33 0.042444
23 34 0.053335
23 35 0.042473
23 36 0.060158
23 37 0.058527
23 38 0.049341
23 39 0.060486
23 40 0.056110
23 41 0.064853
23 42 0.041512
23 43 0.056658
23 44 0.041922
23 45 0.059958
23 46 0.057055
23 47 0.049581
23 48 0.060230
23 49 0.065278
23 50 0.040368
24 0 0.057844
24 1 0.057795
24 2 0.058841
24 3 0.054053
24 4 0.056963
24 5 0.052015
24 6 0.061144
24 7 0.056021
24 8 0.044182
24 9 0.037085
24 10 0.040229
24 11 0.041781
24 12 0.041734
24 13 0.042132
24 14 0.041081
24 15 0.056485
24 16 0.058589
24 17 0.039729
24 18 0.059958
24 19 0.057861
24 20 0.034131
24 21 0.058175
24 22 0.051315
24 23 0.053977
24 24 0.053118
24 25 0.052827
24 26 0.052042
24 27 0.065270
24 28 0.042713
24 29 0.041520
24 30 0.043532
24 31 0.042776
24 32 0.042688
24 33 0.038609
24 34 0.050729
24 35 0.063505
24 36 0.055511
24 37 0.045463
24 38 0.052046
24 39 0.038692
24 40 0.058263
24 41 0.053711
24 42 0.047896
24 43 0.057684
24 44 0.041597
24 45 0.055280
24 46 0.045071
24 47 0.051898
24 48 0.039656
24 49 0.052737
24 50 0.046595
25 0 0.063774
25 1 0.064287
25 2 0.065945
25 3 0.048160
25 4 0.058753
25 5 0.048921
25 6 0.045065
25 7 0.061043
25 8 0.045381
25 9 0.046521
25 10 0.045164
25 11 0.045432
25 12 0.045547
25 13 0.044132
25 14 0.042974
25 15 0.068436
25 16 0.073539
25 17 0.060823
25 18 0.068395
25 19 0.059974
25 20 0.041094
25 21 0.064475
25 22 0.064313
25 23 0.068031
25 24 0.065050
25 25 0.066860
25 26 0.067366
25 27 0.065724
25 28 0.043628
25 29 0.046060
25 30 0.045911
25 31 0.041904
25 32 0.045748
25 33 0.039131
25 34 0.059257
25 35 0.063182
25 36 0.056348
25 37 0.068571
25 38 0.060761
25 39 0.057420
25 40 0.056899
25 41 0.060828
25 42 0.059490
25 43 0.064026
25 44 0.042438
25 45 0.056497
25 46 0.068737
25 47 0.062112
25 48 0.058086
25 49 0.062144
25 50 0.059998
26 0 0.061576
26 1 0.058991
26 2 0.067443
26 3 0.036965
26 4 0.075238
26 5 0.039239
26 6 0.043070
26 7 0.064972
26 8 0.045577
26 9 0.043638
26 10 0.042356
26 11 0.043790
26 12 0.043075
26 13 0.042858
26 14 0.043551
26 15 0.068828
26 16 0.063099
26 17 0.043234
26 18 0.064476
26 19 0.038309
26 20 0.033204
26 21 0.037308
26 22 0.041785
26 23 0.043308
26 24 0.051918
26 25 0.057641
26 26 0.058076
26 27 0.057308
26 28 0.042189
26 29 0.042177
26 30 0.047264
26 31 0.044101
26 32 0.043229
26 33 0.038734
26 34 0.040697
26 35 0.064022
26 36 0.068119
26 37 0.041834
26 38 0.042052
26 39 0.044598
26 40 0.067259
26 41 0.046054
26 42 0.042278
26 43 0.062466
26 44 0.044570
26 45 0.067056
26 46 0.040308
26 47 0.045573
26 48 0.045226
26 49 0.044622
26 50 0.042630
27 0 0.073137
27 1 0.064652
27 2 0.068309
27 3 0.061199
27 4 0.060047
27 5 0.062317
27 6 0.047616
27 7 0.061662
27 8 0.050805
27 9 0.049657
27 10 0.048293
27 11 0.049448
27 12 0.050292
27 13 0.050955
27 14 0.050300
27 15 0.061004
27 16 0.053192
27 17 0.055948
27 18 0.054830
27 19 0.045677
27 20 0.059620
27 21 0.046817
27 22 0.045790
27 23 0.046910
27 24 0.045297
27 25 0.048155
27 26 0.048987
27 27 0.044421
27 28 0.050059
27 29 0.049740
27 30 0.050811
27 31 0.049933
27 32 0.051627
27 33 0.043800
27 34 0.041159
27 35 0.061451
27 36 0.061883
27 37 0.055177
27 38 0.051669
27 39 0.056864
27 40 0.060645
27 41 0.066068
27 42 0.038763
27 43 0.053336
27 44 0.049348
27 45 0.061697
27 46 0.055218
27 47 0.037980
27 48 0.056962
27 49 0.065424
27 50 0.039347
28 0 0.075495
28 1 0.071621
28 2 0.069513
28 3 0.066589
28 4 0.064027
28 5 0.070131
28 6 0.060770
28 7 0.066565
28 8 0.052441
28 9 0.049678
28 10 0.053708
28 11 0.050407
28 12 0.046785
28 13 0.054045
28 14 0.050469
28 15 0.060808
28 16 0.057850
28 17 0.065678
28 18 0.060066
28 19 0.057297
28 20 0.056852
28 21 0.061940
28 22 0.060872
28 23 0.063376
28 24 0.066045
28 25 0.061737
28 26 0.063328
28 27 0.062357
28 28 0.051180
28 29 0.054491
28 30 0.051873
28 31 0.052155
28 32 0.050526
28 33 0.056985
28 34 0.063204
28 35 0.061711
28 36 0.064965
28 37 0.067885
28 38 0.063297
28 39 0.067014
28 40 0.061787
28 41 0.044437
28 42 0.053787
28 43 0.057426
28 44 0.052879
28 45 0.065183
28 46 0.067930
28 47 0.063963
28 48 0.065972
28 49 0.044327
28 50 0.053302
29 0 0.071242
29 1 0.079743
29 2 0.088630
29 3 0.089936
29 4 0.083128
29 5 0.092679
29 6 0.095155
29 7 0.085920
29 8 0.054699
29 9 0.051162
29 10 0.054125
29 11 0.054804
29 12 0.057483
29 13 0.051007
29 14 0.051942
29 15 0.083478
29 16 0.089577
29 17 0.100902
29 18 0.092158
29 19 0.097579
29 20 0.093861
29 21 0.114936
29 22 0.089845
29 23 0.089066
29 24 0.089517
29 25 0.088978
29 26 0.091941
29 27 0.090538
29 28 0.049523
29 29 0.059333
29 30 0.051990
29 31 0.055313
29 32 0.060012
29 33 0.041647
29 34 0.076488
29 35 0.092349
29 36 0.101561
29 37 0.088203
29 38 0.092088
29 39 0.090828
29 40 0.077262
29 41 0.093634
29 42 0.091497
29 43 0.088639
29 44 0.055619
29 45 0.090539
29 46 0.085835
29 47 0.090305
29 48 0.089407
29 49 0.092966
29 50 0.090537
30 0 0.088414
30 1 0.079410
30 2 0.073575
30 3 0.074734
30 4 0.065940
30 5 0.069165
30 6 0.072936
30 7 0.069119
30 8 0.056402
30 9 0.057074
30 10 0.053324
30 11 0.054169
30 12 0.053064
30 13 0.056162
30 14 0.055854
30 15 0.078399
30 16 0.077442
30 17 0.078889
30 18 0.078936
30 19 0.063059
30 20 0.064007
30 21 0.066263
30 22 0.069475
30 23 0.072185
30 24 0.069474
30 25 0.069839
30 26 0.069583
30 27 0.069023
30 28 0.055783
30 29 0.069058
30 30 0.056552
30 31 0.056693
30 32 0.055131
30 33 0.056152
30 34 0.071577
30 35 0.077245
30 36 0.077252
30 37 0.072328
30 38 0.066233
30 39 0.079317
30 40 0.070645
30 41 0.075792
30 42 0.067084
30 43 0.077108
30 44 0.053549
30 45 0.078076
30 46 0.074532
30 47 0.065528
30 48 0.078964
30 49 0.076755
30 50 0.066961
31 0 0.100719
31 1 0.101743
31 2 0.094104
31 3 0.074241
31 4 0.101508
31 5 0.076628
31 6 0.043954
31 7 0.095869
31 8 0.057944
31 9 0.057884
31 10 0.056920
31 11 0.056753
31 12 0.056885
31 13 0.057138
31 14 0.056534
31 15 0.099673
31 16 0.098511
31 17 0.056358
31 18 0.104167
31 19 0.044684
31 20 0.045819
31 21 0.044010
31 22 0.060685
31 23 0.068175
31 24 0.060670
31 25 0.060129
31 26 0.060118
31 27 0.060145
31 28 0.054694
31 29 0.056323
31 30 0.057712
31 31 0.051559
31 32 0.055734
31 33 0.042167
31 34 0.068702
31 35 0.084038
31 36 0.098759
31 37 0.058674
31 38 0.060522
31 39 0.082838
31 40 0.099010
31 41 0.073060
31 42 0.049520
31 43 0.098047
31 44 0.051867
31 45 0.098792
31 46 0.058692
31 47 0.061175
31 48 0.082616
31 49 0.073283
31 50 0.049184
32 0 0.095160
32 1 0.099223
32 2 0.084380
32 3 0.090344
32 4 0.084072
32 5 0.090864
32 6 0.091263
32 7 0.084631
32 8 0.057629
32 9 0.054516
32 10 0.054742
32 11 0.056165
32 12 0.055838
32 13 0.059877
32 14 0.056729
32 15 0.090050
32 16 0.091342
32 17 0.087053
32 18 0.107904
32 19 0.092900
32 20 0.080264
32 21 0.094550
32 22 0.094901
32 23 0.097492
32 24 0.087411
32 25 0.089245
32 26 0.088702
32 27 0.089171
32 28 0.057548
32 29 0.059206
32 30 0.058748
32 31 0.056627
32 32 0.059005
32 33 0.059403
32 34 0.090952
32 35 0.086577
32 36 0.080131
32 37 0.091238
32 38 0.091145
32 39 0.097140
32 40 0.089199
32 41 0.101971
32 42 0.090704
32 43 0.092063
32 44 0.057312
32 45 0.082717
32 46 0.091112
32 47 0.091465
32 48 0.095526
32 49 0.098518
32 50 0.090544
33 0 0.112418
33 1 0.109810
33 2 0.074747
33 3 0.104175
33 4 0.105629
33 5 0.105778
33 6 0.110816
33 7 0.098016
33 8 0.062883
33 9 0.056342
33 10 0.055823
33 11 0.064200
33 12 0.061301
33 13 0.059215
33 14 0.058507
33 15 0.089606
33 16 0.102955
33 17 0.104871
33 18 0.086494
33 19 0.103190
33 20 0.112192
33 21 0.101980
33 22 0.099719
33 23 0.119041
33 24 0.098466
33 25 0.098529
33 26 0.099974
33 27 0.099089
33 28 0.052367
33 29 0.061921
33 30 0.051591
33 31 0.051850
33 32 0.054030
33 33 0.047783
33 34 0.096333
33 35 0.108694
33 36 0.102617
33 37 0.102763
33 38 0.111191
33 39 0.111944
33 40 0.107809
33 41 0.110102
33 42 0.121079
33 43 0.094978
33 44 0.052056
33 45 0.101146
33 46 0.103433
33 47 0.112255
33 48 0.111504
33 49 0.107924
33 50 0.107904
34 0 0.084553
34 1 0.074347
34 2 0.078697
34 3 0.067053
34 4 0.073941
34 5 0.073033
34 6 0.074295
34 7 0.073371
34 8 0.053774
34 9 0.058628
34 10 0.048003
34 11 0.050829
34 12 0.059729
34 13 0.059244
34 14 0.054110
34 15 0.065477
34 16 0.074378
34 17 0.062016
34 18 0.078029
34 19 0.071980
34 20 0.077837
34 21 0.073151
34 22 0.083359
34 23 0.087184
34 24 0.083319
34 25 0.082972
34 26 0.072046
34 27 0.083572
34 28 0.057394
34 29 0.056825
34 30 0.053523
34 31 0.054000
34 32 0.056728
34 33 0.052409
34 34 0.080696
34 35 0.083559
34 36 0.081929
34 37 0.079332
34 38 0.066948
34 39 0.084641
34 40 0.078553
34 41 0.090481
34 42 0.076186
34 43 0.074635
34 44 0.053661
34 45 0.078437
34 46 0.079378
34 47 0.066369
34 48 0.084503
34 49 0.091137
34 50 0.076516
35 0 0.130109
35 1 0.119831
35 2 0.131177
35 3 0.111034
35 4 0.125918
35 5 0.113753
35 6 0.100657
35 7 0.129308
35 8 0.064132
35 9 0.071203
35 10 0.068774
35 11 0.070069
35 12 0.063181
35 13 0.067310
35 14 0.069263
35 15 0.114924
35 16 0.125985
35 17 0.099450
35 18 0.108866
35 19 0.098795
35 20 0.114999
35 21 0.090643
35 22 0.121801
35 23 0.124546
35 24 0.121176
35 25 0.121373
35 26 0.121852
35 27 0.121638
35 28 0.070595
35 29 0.065199
35 30 0.074853
35 31 0.063431
35 32 0.062635
35 33 0.060375
35 34 0.121188
35 35 0.098845
35 36 0.122911
35 37 0.111677
35 38 0.107856
35 39 0.123978
35 40 0.124039
35 41 0.117503
35 42 0.089006
35 43 0.124772
35 44 0.063612
35 45 0.124425
35 46 0.110438
35 47 0.107177
35 48 0.123843
35 49 0.114691
35 50 0.089714
36 0 0.068153
36 1 0.079177
36 2 0.088194
36 3 0.095764
36 4 0.092031
36 5 0.093870
36 6 0.075626
36 7 0.094588
36 8 0.062306
36 9 0.050292
36 10 0.065355
36 11 0.062735
36 12 0.059157
36 13 0.052607
36 14 0.057280
36 15 0.085837
36 16 0.087232
36 17 0.098382
36 18 0.092653
36 19 0.067271
36 20 0.101157
36 21 0.068669
36 22 0.084167
36 23 0.089556
36 24 0.084204
36 25 0.083673
36 26 0.084339
36 27 0.084512
36 28 0.056520
36 29 0.052195
36 30 0.057778
36 31 0.068289
36 32 0.051725
36 33 0.064221
36 34 0.063914
36 35 0.100681
36 36 0.099193
36 37 0.074248
36 38 0.081243
36 39 0.091742
36 40 0.092767
36 41 0.090682
36 42 0.065413
36 43 0.089127
36 44 0.066407
36 45 0.099955
36 46 0.075299
36 47 0.080811
36 48 0.092633
36 49 0.090788
36 50 0.065231
37 0 0.119423
37 1 0.119511
37 2 0.107739
37 3 0.124085
37 4 0.105279
37 5 0.124012
37 6 0.110984
37 7 0.108813
37 8 0.066185
37 9 0.066095
37 10 0.066079
37 11 0.069031
37 12 0.065102
37 13 0.058615
37 14 0.064616
37 15 0.114190
37 16 0.119420
37 17 0.115882
37 18 0.130696
37 19 0.133551
37 20 0.125260
37 21 0.139884
37 22 0.120013
37 23 0.123580
37 24 0.100714
37 25 0.095613
37 26 0.096215
37 27 0.094567
37 28 0.071731
37 29 0.072215
37 30 0.072734
37 31 0.068620
37 32 0.072486
37 33 0.070148
37 34 0.123680
37 35 0.140571
37 36 0.119318
37 37 0.098292
37 38 0.108320
37 39 0.118407
37 40 0.123472
37 41 0.148447
37 42 0.122589
37 43 0.120372
37 44 0.068410
37 45 0.120566
37 46 0.097740
37 47 0.107751
37 48 0.119372
37 49 0.148306
37 50 0.121687
38 0 0.145697
38 1 0.126684
38 2 0.131281
38 3 0.096210
38 4 0.143687
38 5 0.124508
38 6 0.136454
38 7 0.130342
38 8 0.069475
38 9 0.080415
38 10 0.071164
38 11 0.075058
38 12 0.064227
38 13 0.068029
38 14 0.084089
38 15 0.126770
38 16 0.121116
38 17 0.137487
38 18 0.111346
38 19 0.141307
38 20 0.134545
38 21 0.136172
38 22 0.141493
38 23 0.132790
38 24 0.141117
38 25 0.142660
38 26 0.140529
38 27 0.140489
38 28 0.069792
38 29 0.074400
38 30 0.059412
38 31 0.074559
38 32 0.068274
38 33 0.083242
38 34 0.135056
38 35 0.143958
38 36 0.146633
38 37 0.155098
38 38 0.145713
38 39 0.135214
38 40 0.124278
38 41 0.151779
38 42 0.152509
38 43 0.120139
38 44 0.073935
38 45 0.141063
38 46 0.150212
38 47 0.139144
38 48 0.131283
38 49 0.150600
38 50 0.154178
39 0 0.114230
39 1 0.118331
39 2 0.146194
39 3 0.103507
39 4 0.144136
39 5 0.090877
39 6 0.115743
39 7 0.134819
39 8 0.068202
39 9 0.067081
39 10 0.063317
39 11 0.062759
39 12 0.071823
39 13 0.061354
39 14 0.062226
39 15 0.138816
39 16 0.128708
39 17 0.075724
39 18 0.108199
39 19 0.093574
39 20 0.056661
39 21 0.083207
39 22 0.117448
39 23 0.112619
39 24 0.118305
39 25 0.118195
39 26 0.116281
39 27 0.117460
39 28 0.068024
39 29 0.076278
39 30 0.072105
39 31 0.070650
39 32 0.069732
39 33 0.056801
39 34 0.141554
39 35 0.143703
39 36 0.107135
39 37 0.105590
39 38 0.142789
39 39 0.067715
39 40 0.101873
39 41 0.113210
39 42 0.126240
39 43 0.127592
39 44 0.071203
39 45 0.109537
39 46 0.108312
39 47 0.144922
39 48 0.069916
39 49 0.113354
39 50 0.127051
40 0 0.115570
40 1 0.121449
40 2 0.129647
40 3 0.088445
40 4 0.112597
40 5 0.089251
40 6 0.064903
40 7 0.127667
40 8 0.063503
40 9 0.079277
40 10 0.072412
40 11 0.070561
40 12 0.077376
40 13 0.057703
40 14 0.081802
40 15 0.133779
40 16 0.095105
40 17 0.067387
40 18 0.098359
40 19 0.057723
40 20 0.135028
40 21 0.065263
40 22 0.105859
40 23 0.105022
40 24 0.109999
40 25 0.121971
40 26 0.125680
40 27 0.144467
40 28 0.079830
40 29 0.082818
40 30 0.077700
40 31 0.071360
40 32 0.085639
40 33 0.048955
40 34 0.086891
40 35 0.121748
40 36 0.124881
40 37 0.117451
40 38 0.100742
40 39 0.128998
40 40 0.114492
40 41 0.124302
40 42 0.121649
40 43 0.095786
40 44 0.072889
40 45 0.125579
40 46 0.118163
40 47 0.100846
40 48 0.129385
40 49 0.123902
40 50 0.123725
41 0 0.162912
41 1 0.148368
41 2 0.155977
41 3 0.119681
41 4 0.156327
41 5 0.134086
41 6 0.109826
41 7 0.155916
41 8 0.077549
41 9 0.075164
41 10 0.075333
41 11 0.075676
41 12 0.078571
41 13 0.064530
41 14 0.078576
41 15 0.138772
41 16 0.114080
41 17 0.131498
41 18 0.119581
41 19 0.133123
41 20 0.136993
41 21 0.138116
41 22 0.156256
41 23 0.161885
41 24 0.155114
41 25 0.154292
41 26 0.156206
41 27 0.154108
41 28 0.076272
41 29 0.076685
41 30 0.076938
41 31 0.074748
41 32 0.075247
41 33 0.051997
41 34 0.150223
41 35 0.134296
41 36 0.145940
41 37 0.128090
41 38 0.154304
41 39 0.118522
41 40 0.150920
41 41 0.154968
41 42 0.153568
41 43 0.111726
41 44 0.074690
41 45 0.146732
41 46 0.129131
41 47 0.155295
41 48 0.118655
41 49 0.155795
41 50 0.153177
42 0 0.148745
42 1 0.133105
42 2 0.120234
42 3 0.136227
42 4 0.145411
42 5 0.140205
42 6 0.150418
42 7 0.139738
42 8 0.074309
42 9 0.076585
42 10 0.083373
42 11 0.082062
42 12 0.071786
42 13 0.061357
42 14 0.081188
42 15 0.146431
42 16 0.118110
42 17 0.089532
42 18 0.141644
42 19 0.130760
42 20 0.079961
42 21 0.111590
42 22 0.115466
42 23 0.097688
42 24 0.118569
42 25 0.114876
42 26 0.115641
42 27 0.115456
42 28 0.083968
42 29 0.068522
42 30 0.075849
42 31 0.077638
42 32 0.069371
42 33 0.075665
42 34 0.048819
42 35 0.117979
42 36 0.139966
42 37 0.100867
42 38 0.124780
42 39 0.110108
42 40 0.117364
42 41 0.118848
42 42 0.133795
42 43 0.112729
42 44 0.076806
42 45 0.153067
42 46 0.100185
42 47 0.123842
42 48 0.112509
42 49 0.119242
42 50 0.134359
43 0 0.174098
43 1 0.150335
43 2 0.147495
43 3 0.126558
43 4 0.160265
43 5 0.115468
43 6 0.176291
43 7 0.149086
43 8 0.072136
43 9 0.074330
43 10 0.075989
43 11 0.069974
43 12 0.070762
43 13 0.075437
43 14 0.072937
43 15 0.155082
43 16 0.158342
43 17 0.155260
43 18 0.129846
43 19 0.149381
43 20 0.173533
43 21 0.152533
43 22 0.186369
43 23 0.175929
43 24 0.184802
43 25 0.185847
43 26 0.188351
43 27 0.186670
43 28 0.067572
43 29 0.060711
43 30 0.073853
43 31 0.076884
43 32 0.061491
43 33 0.087118
43 34 0.177930
43 35 0.164989
43 36 0.167761
43 37 0.171482
43 38 0.115101
43 39 0.129691
43 40 0.155821
43 41 0.161187
43 42 0.149088
43 43 0.160695
43 44 0.076934
43 45 0.167060
43 46 0.170218
43 47 0.115444
43 48 0.129156
43 49 0.160402
43 50 0.144253
44 0 0.154214
44 1 0.180651
44 2 0.205809
44 3 0.178000
44 4 0.175441
44 5 0.189643
44 6 0.185242
44 7 0.198908
44 8 0.089310
44 9 0.071377
44 10 0.096191
44 11 0.079251
44 12 0.095280
44 13 0.090899
44 14 0.079525
44 15 0.182963
44 16 0.208119
44 17 0.194413
44 18 0.211421
44 19 0.231239
44 20 0.240908
44 21 0.244967
44 22 0.231913
44 23 0.251845
44 24 0.230802
44 25 0.229962
44 26 0.230212
44 27 0.230335
44 28 0.093090
44 29 0.085506
44 30 0.091269
44 31 0.087704
44 32 0.083855
44 33 0.093300
44 34 0.228158
44 35 0.215186
44 36 0.184780
44 37 0.195870
44 38 0.200537
44 39 0.237564
44 40 0.180797
44 41 0.244506
44 42 0.201995
44 43 0.206788
44 44 0.089646
44 45 0.187146
44 46 0.194950
44 47 0.199955
44 48 0.235021
44 49 0.251353
44 50 0.202633
45 0 0.245247
45 1 0.221139
45 2 0.234425
45 3 0.216982
45 4 0.207949
45 5 0.224872
45 6 0.222150
45 7 0.232858
45 8 0.094295
45 9 0.092622
45 10 0.093854
45 11 0.091026
45 12 0.085712
45 13 0.099168
45 14 0.099304
45 15 0.231117
45 16 0.220693
45 17 0.242924
45 18 0.226846
45 19 0.252929
45 20 0.187583
45 21 0.258709
45 22 0.229397
45 23 0.245740
45 24 0.245824
45 25 0.219477
45 26 0.218965
45 27 0.227343
45 28 0.092662
45 29 0.093199
45 30 0.095103
45 31 0.084108
45 32 0.095444
45 33 0.092703
45 34 0.211968
45 35 0.226332
45 36 0.231633
45 37 0.203862
45 38 0.220399
45 39 0.230329
45 40 0.234361
45 41 0.231664
45 42 0.233051
45 43 0.216583
45 44 0.079721
45 45 0.232455
45 46 0.206927
45 47 0.220323
45 48 0.225099
45 49 0.232278
45 50 0.231968
46 0 0.188132
46 1 0.157923
46 2 0.166703
46 3 0.186156
46 4 0.160398
46 5 0.191720
46 6 0.178367
46 7 0.166307
46 8 0.088238
46 9 0.081354
46 10 0.074029
46 11 0.072408
46 12 0.062791
46 13 0.088431
46 14 0.081319
46 15 0.209674
46 16 0.215686
46 17 0.219546
46 18 0.225573
46 19 0.189286
46 20 0.159390
46 21 0.194205
46 22 0.226124
46 23 0.235501
46 24 0.232519
46 25 0.229173
46 26 0.177085
46 27 0.225901
46 28 0.076353
46 29 0.090553
46 30 0.086247
46 31 0.086856
46 32 0.089267
46 33 0.087369
46 34 0.214819
46 35 0.198527
46 36 0.205937
46 37 0.182320
46 38 0.140804
46 39 0.207676
46 40 0.178839
46 41 0.156858
46 42 0.197350
46 43 0.215386
46 44 0.087288
46 45 0.205404
46 46 0.187056
46 47 0.141916
46 48 0.203803
46 49 0.155016
46 50 0.196510
47 0 0.193716
47 1 0.182769
47 2 0.193555
47 3 0.170048
47 4 0.145357
47 5 0.198975
47 6 0.241749
47 7 0.177144
47 8 0.080634
47 9 0.080600
47 10 0.091723
47 11 0.090543
47 12 0.092245
47 13 0.093999
47 14 0.087316
47 15 0.185199
47 16 0.189666
47 17 0.215128
47 18 0.215415
47 19 0.213299
47 20 0.199938
47 21 0.231854
47 22 0.149730
47 23 0.148404
47 24 0.151779
47 25 0.146192
47 26 0.147938
47 27 0.149536
47 28 0.084528
47 29 0.084940
47 30 0.090629
47 31 0.081341
47 32 0.077852
47 33 0.098303
47 34 0.182253
47 35 0.194513
47 36 0.199341
47 37 0.210968
47 38 0.227084
47 39 0.161564
47 40 0.193312
47 41 0.152508
47 42 0.248475
47 43 0.187328
47 44 0.079926
47 45 0.199710
47 46 0.212867
47 47 0.228249
47 48 0.162397
47 49 0.152442
47 50 0.249544
48 0 0.233469
48 1 0.204568
48 2 0.171674
48 3 0.139576
48 4 0.141815
48 5 0.170143
48 6 0.244313
48 7 0.142153
48 8 0.095097
48 9 0.099021
48 10 0.100202
48 11 0.101028
48 12 0.100257
48 13 0.099741
48 14 0.103078
48 15 0.191232
48 16 0.230317
48 17 0.197395
48 18 0.195629
48 19 0.249644
48 20 0.156443
48 21 0.256789
48 22 0.224983
48 23 0.232737
48 24 0.209992
48 25 0.217783
48 26 0.220280
48 27 0.217115
48 28 0.100984
48 29 0.100156
48 30 0.094251
48 31 0.099816
48 32 0.100539
48 33 0.101755
48 34 0.212932
48 35 0.214470
48 36 0.196629
48 37 0.252197
48 38 0.221672
48 39 0.242257
48 40 0.207881
48 41 0.261050
48 42 0.234683
48 43 0.228748
48 44 0.100660
48 45 0.195509
48 46 0.254159
48 47 0.231840
48 48 0.250078
48 49 0.262730
48 50 0.232144
49 0 0.214860
49 1 0.165992
49 2 0.185463
49 3 0.171373
49 4 0.188662
49 5 0.188879
49 6 0.222843
49 7 0.206556
49 8 0.080000
49 9 0.100172
49 10 0.084028
49 11 0.089039
49 12 0.086407
49 13 0.084210
49 14 0.086524
49 15 0.184459
49 16 0.197744
49 17 0.215659
49 18 0.195538
49 19 0.232616
49 20 0.216599
49 21 0.233932
49 22 0.230926
49 23 0.233369
49 24 0.230845
49 25 0.229014
49 26 0.230000
49 27 0.235384
49 28 0.089890
49 29 0.100661
49 30 0.079284
49 31 0.096353
49 32 0.100983
49 33 0.087120
49 34 0.226406
49 35 0.226726
49 36 0.236980
49 37 0.259592
49 38 0.217555
49 39 0.236415
49 40 0.204159
49 41 0.253712
49 42 0.231958
49 43 0.199378
49 44 0.096188
49 45 0.236228
49 46 0.261265
49 47 0.213330
49 48 0.236719
49 49 0.249970
49 50 0.231027
50 0 0.228685
50 1 0.224314
50 2 0.215222
50 3 0.176850
50 4 0.183603
50 5 0.167337
50 6 0.228077
50 7 0.185822
50 8 0.088455
50 9 0.075861
50 10 0.109192
50 11 0.110357
50 12 0.100332
50 13 0.098863
50 14 0.101044
50 15 0.172865
50 16 0.230828
50 17 0.222064
50 18 0.226586
50 19 0.220872
50 20 0.270670
50 21 0.207906
50 22 0.211577
50 23 0.217958
50 24 0.216985
50 25 0.246016
50 26 0.245985
50 27 0.201505
50 28 0.089478
50 29 0.102418
50 30 0.087782
50 31 0.076444
50 32 0.101146
50 33 0.105518
50 34 0.230817
50 35 0.233614
50 36 0.204347
50 37 0.233933
50 38 0.254577
50 39 0.246571
50 40 0.225950
50 41 0.208879
50 42 0.244151
50 43 0.231577
50 44 0.076561
50 45 0.201478
50 46 0.232419
50 47 0.247640
50 48 0.250908
50 49 0.209358
50 50 0.243845
51 0 0.253141
51 1 0.226224
51 2 0.259096
51 3 0.218040
51 4 0.257415
51 5 0.182189
51 6 0.265759
51 7 0.226796
51 8 0.107397
51 9 0.094029
51 10 0.104546
51 11 0.101511
51 12 0.099506
51 13 0.104149
51 14 0.101429
51 15 0.212984
51 16 0.252631
51 17 0.289310
51 18 0.262801
51 19 0.258833
51 20 0.293607
51 21 0.269641
51 22 0.261735
51 23 0.263209
51 24 0.262630
51 25 0.259300
51 26 0.261732
51 27 0.262949
51 28 0.102036
51 29 0.109996
51 30 0.108943
51 31 0.103324
51 32 0.103069
51 33 0.110493
51 34 0.259687
51 35 0.211382
51 36 0.239006
51 37 0.232291
51 38 0.258113
51 39 0.262477
51 40 0.241355
51 41 0.302767
51 42 0.258824
51 43 0.254163
51 44 0.103160
51 45 0.237643
51 46 0.220245
51 47 0.258673
51 48 0.279184
51 49 0.302957
51 50 0.258988
52 0 0.163630
52 1 0.152076
52 2 0.185992
52 3 0.146843
52 4 0.131868
52 5 0.165203
52 6 0.129277
52 7 0.147270
52 8 0.117196
52 9 0.103574
52 10 0.105835
52 11 0.081842
52 12 0.101121
52 13 0.099930
52 14 0.088775
52 15 0.204654
52 16 0.245795
52 17 0.194645
52 18 0.255683
52 19 0.267333
52 20 0.245774
52 21 0.277334
52 22 0.182859
52 23 0.215334
52 24 0.177887
52 25 0.177509
52 26 0.179094
52 27 0.178074
52 28 0.091374
52 29 0.097701
52 30 0.181722
52 31 0.091825
52 32 0.088107
52 33 0.115525
52 34 0.237836
52 35 0.234709
52 36 0.210834
52 37 0.225955
52 38 0.204608
52 39 0.257671
52 40 0.209256
52 41 0.230074
52 42 0.189290
52 43 0.253411
52 44 0.092126
52 45 0.209839
52 46 0.224698
52 47 0.204666
52 48 0.249659
52 49 0.227937
52 50 0.189075
53 0 0.248855
53 1 0.226600
53 2 0.257545
53 3 0.227387
53 4 0.224163
53 5 0.232442
53 6 0.280248
53 7 0.284397
53 8 0.093397
53 9 0.087456
53 10 0.107263
53 11 0.111257
53 12 0.116082
53 13 0.095832
53 14 0.089043
53 15 0.243002
53 16 0.271788
53 17 0.241678
53 18 0.230841
53 19 0.254120
53 20 0.260580
53 21 0.248603
53 22 0.252372
53 23 0.273023
53 24 0.254023
53 25 0.252444
53 26 0.271602
53 27 0.253701
53 28 0.081881
53 29 0.116799
53 30 0.090512
53 31 0.105578
53 32 0.129065
53 33 0.123425
53 34 0.262386
53 35 0.277611
53 36 0.236358
53 37 0.269781
53 38 0.297342
53 39 0.261610
53 40 0.221565
53 41 0.257618
53 42 0.228875
53 43 0.273415
53 44 0.106260
53 45 0.240323
53 46 0.270763
53 47 0.294540
53 48 0.265054
53 49 0.254792
53 50 0.226819
54 0 0.258955
54 1 0.233552
54 2 0.181575
54 3 0.206898
54 4 0.267287
54 5 0.249935
54 6 0.246353
54 7 0.275369
54 8 0.115736
54 9 0.118276
54 10 0.116852
54 11 0.113415
54 12 0.108075
54 13 0.107580
54 14 0.115927
54 15 0.204970
54 16 0.270960
54 17 0.215565
54 18 0.276082
54 19 0.240668
54 20 0.214837
54 21 0.275303
54 22 0.260748
54 23 0.293235
54 24 0.261531
54 25 0.263827
54 26 0.266260
54 27 0.262774
54 28 0.112935
54 29 0.118866
54 30 0.104630
54 31 0.101104
54 32 0.119419
54 33 0.115235
54 34 0.258154
54 35 0.243561
54 36 0.281009
54 37 0.210441
54 38 0.259302
54 39 0.211840
54 40 0.235215
54 41 0.290589
54 42 0.222211
54 43 0.268617
54 44 0.098152
54 45 0.275955
54 46 0.209083
54 47 0.264074
54 48 0.213116
54 49 0.292023
54 50 0.226436
55 0 0.231215
55 1 0.222729
55 2 0.220027
55 3 0.267394
55 4 0.247629
55 5 0.264554
55 6 0.289861
55 7 0.260194
55 8 0.102251
55 9 0.110407
55 10 0.110041
55 11 0.108349
55 12 0.110305
55 13 0.111588
55 14 0.091905
55 15 0.240247
55 16 0.213514
55 17 0.232343
55 18 0.259686
55 19 0.301058
55 20 0.248002
55 21 0.309911
55 22 0.241065
55 23 0.285311
55 24 0.241695
55 25 0.244388
55 26 0.241986
55 27 0.240817
55 28 0.113014
55 29 0.097321
55 30 0.100594
55 31 0.107426
55 32 0.095634
55 33 0.097063
55 34 0.248942
55 35 0.212298
55 36 0.253986
55 37 0.280347
55 38 0.177809
55 39 0.307228
55 40 0.255517
55 41 0.267911
55 42 0.257131
55 43 0.213533
55 44 0.107055
55 45 0.251881
55 46 0.280341
55 47 0.175108
55 48 0.312130
55 49 0.267336
55 50 0.256424
56 0 0.204549
56 1 0.195693
56 2 0.224673
56 3 0.169054
56 4 0.226601
56 5 0.171199
56 6 0.214989
56 7 0.231090
56 8 0.109208
56 9 0.100105
56 10 0.083355
56 11 0.093558
56 12 0.119958
56 13 0.117874
56 14 0.123643
56 15 0.191114
56 16 0.246817
56 17 0.187014
56 18 0.254155
56 19 0.183334
56 20 0.065462
56 21 0.219783
56 22 0.185839
56 23 0.208217
56 24 0.143598
56 25 0.148995
56 26 0.153026
56 27 0.163046
56 28 0.107226
56 29 0.090698
56 30 0.114943
56 31 0.112163
56 32 0.104217
56 33 0.102562
56 34 0.176088
56 35 0.261438
56 36 0.288609
56 37 0.232665
56 38 0.247517
56 39 0.296433
56 40 0.241993
56 41 0.214189
56 42 0.233151
56 43 0.246325
56 44 0.113741
56 45 0.286475
56 46 0.232301
56 47 0.238411
56 48 0.290578
56 49 0.219739
56 50 0.237327
57 0 0.291296
57 1 0.274195
57 2 0.275924
57 3 0.150274
57 4 0.305955
57 5 0.259905
57 6 0.349994
57 7 0.306517
57 8 0.121275
57 9 0.131706
57 10 0.129063
57 11 0.121015
57 12 0.107797
57 13 0.127982
57 14 0.125101
57 15 0.270989
57 16 0.258806
57 17 0.368453
57 18 0.285135
57 19 0.332836
57 20 0.394869
57 21 0.392658
57 22 0.293775
57 23 0.374366
57 24 0.294057
57 25 0.289282
57 26 0.291650
57 27 0.290273
57 28 0.124136
57 29 0.121612
57 30 0.117834
57 31 0.113824
57 32 0.119915
57 33 0.159138
57 34 0.273140
57 35 0.353926
57 36 0.344911
57 37 0.388784
57 38 0.337312
57 39 0.307330
57 40 0.296402
57 41 0.388696
57 42 0.303604
57 43 0.261948
57 44 0.111908
57 45 0.346632
57 46 0.386743
57 47 0.333955
57 48 0.308947
57 49 0.389887
57 50 0.306347
58 0 0.313549
58 1 0.306803
58 2 0.271861
58 3 0.245455
58 4 0.276335
58 5 0.281165
58 6 0.377250
58 7 0.301225
58 8 0.127279
58 9 0.107717
58 10 0.154247
58 11 0.141816
58 12 0.138508
58 13 0.130711
58 14 0.139540
58 15 0.340380
58 16 0.301228
58 17 0.381049
58 18 0.288763
58 19 0.371707
58 20 0.388839
58 21 0.385757
58 22 0.382862
58 23 0.388422
58 24 0.386240
58 25 0.387730
58 26 0.354642
58 27 0.394223
58 28 0.130092
58 29 0.127826
58 30 0.123008
58 31 0.149943
58 32 0.125169
58 33 0.156278
58 34 0.326071
58 35 0.361929
58 36 0.341131
58 37 0.375563
58 38 0.394835
58 39 0.353038
58 40 0.315410
58 41 0.395722
58 42 0.389387
58 43 0.308020
58 44 0.150574
58 45 0.339404
58 46 0.366613
58 47 0.388397
58 48 0.356397
58 49 0.395681
58 50 0.388221
59 0 0.284390
59 1 0.219673
59 2 0.279358
59 3 0.237859
59 4 0.224247
59 5 0.247584
59 6 0.332410
59 7 0.318970
59 8 0.128330
59 9 0.130940
59 10 0.120877
59 11 0.120599
59 12 0.121312
59 13 0.104308
59 14 0.144608
59 15 0.304610
59 16 0.222056
59 17 0.194895
59 18 0.226986
59 19 0.353825
59 20 0.320173
59 21 0.332496
59 22 0.311241
59 23 0.313146
59 24 0.365250
59 25 0.284787
59 26 0.286984
59 27 0.356977
59 28 0.125466
59 29 0.128252
59 30 0.101189
59 31 0.130227
59 32 0.120314
59 33 0.102456
59 34 0.259520
59 35 0.338616
59 36 0.326256
59 37 0.348036
59 38 0.333982
59 39 0.376333
59 40 0.312207
59 41 0.294562
59 42 0.337050
59 43 0.218826
59 44 0.129962
59 45 0.326523
59 46 0.346559
59 47 0.326832
59 48 0.367951
59 49 0.291815
59 50 0.333199
60 0 0.333252
60 1 0.316934
60 2 0.360731
60 3 0.248896
60 4 0.393636
60 5 0.258826
60 6 0.381825
60 7 0.323921
60 8 0.117667
60 9 0.126192
60 10 0.136416
60 11 0.139341
60 12 0.143740
60 13 0.140220
60 14 0.122296
60 15 0.320576
60 16 0.372253
60 17 0.348997
60 18 0.335836
60 19 0.381530
60 20 0.326055
60 21 0.423932
60 22 0.365895
60 23 0.260277
60 24 0.355273
60 25 0.361741
60 26 0.366679
60 27 0.361487
60 28 0.138417
60 29 0.137970
60 30 0.136655
60 31 0.116737
60 32 0.129795
60 33 0.146125
60 34 0.372277
60 35 0.239475
60 36 0.229896
60 37 0.409435
60 38 0.416914
60 39 0.214279
60 40 0.321074
60 41 0.420691
60 42 0.384026
60 43 0.376136
60 44 0.115809
60 45 0.225374
60 46 0.409289
60 47 0.417645
60 48 0.213031
60 49 0.414751
60 50 0.383098
61 0 0.333828
61 1 0.328891
61 2 0.335436
61 3 0.309197
61 4 0.271050
61 5 0.313642
61 6 0.332632
61 7 0.350610
61 8 0.151285
61 9 0.138237
61 10 0.118229
61 11 0.131007
61 12 0.146153
61 13 0.132147
61 14 0.137243
61 15 0.309669
61 16 0.349451
61 17 0.388068
61 18 0.303133
61 19 0.315931
61 20 0.360027
61 21 0.406209
61 22 0.354932
61 23 0.369544
61 24 0.352413
61 25 0.356179
61 26 0.359247
61 27 0.353401
61 28 0.118408
61 29 0.142149
61 30 0.131558
61 31 0.114084
61 32 0.129931
61 33 0.143725
61 34 0.343012
61 35 0.363620
61 36 0.313890
61 37 0.349980
61 38 0.370181
61 39 0.349304
61 40 0.289879
61 41 0.409483
61 42 0.389192
61 43 0.346615
61 44 0.113445
61 45 0.312299
61 46 0.353059
61 47 0.368374
61 48 0.349942
61 49 0.409196
61 50 0.392195
62 0 0.193628
62 1 0.164479
62 2 0.238769
62 3 0.157316
62 4 0.231392
62 5 0.119878
62 6 0.301878
62 7 0.226321
62 8 0.127892
62 9 0.138825
62 10 0.131394
62 11 0.137401
62 12 0.129004
62 13 0.145214
62 14 0.137807
62 15 0.251043
62 16 0.286556
62 17 0.355592
62 18 0.320428
62 19 0.263454
62 20 0.261752
62 21 0.262080
62 22 0.344968
62 23 0.361468
62 24 0.346520
62 25 0.328714
62 26 0.332171
62 27 0.330878
62 28 0.133792
62 29 0.136312
62 30 0.146005
62 31 0.136957
62 32 0.144462
62 33 0.124799
62 34 0.306006
62 35 0.288116
62 36 0.224539
62 37 0.321645
62 38 0.349256
62 39 0.329894
62 40 0.217754
62 41 0.320566
62 42 0.351233
62 43 0.293779
62 44 0.137889
62 45 0.223243
62 46 0.317726
62 47 0.350062
62 48 0.334900
62 49 0.318399
62 50 0.342588
63 0 0.327060
63 1 0.301713
63 2 0.254655
63 3 0.256203
63 4 0.247743
63 5 0.219003
63 6 0.309069
63 7 0.253963
63 8 0.135377
63 9 0.080994
63 10 0.141627
63 11 0.142902
63 12 0.151057
63 13 0.132870
63 14 0.141104
63 15 0.252032
63 16 0.225363
63 17 0.336419
63 18 0.297769
63 19 0.380552
63 20 0.332456
63 21 0.346875
63 22 0.317969
63 23 0.351010
63 24 0.320396
63 25 0.330694
63 26 0.320469
63 27 0.323595
63 28 0.135843
63 29 0.118853
63 30 0.138777
63 31 0.121095
63 32 0.114995
63 33 0.097837
63 34 0.244613
63 35 0.269667
63 36 0.356162
63 37 0.388603
63 38 0.347045
63 39 0.356576
63 40 0.316308
63 41 0.412548
63 42 0.315849
63 43 0.225415
63 44 0.123419
63 45 0.357026
63 46 0.392443
63 47 0.346878
63 48 0.354669
63 49 0.407016
63 50 0.317585
64 0 0.328240
64 1 0.245377
64 2 0.456074
64 3 0.240541
64 4 0.330346
64 5 0.247557
64 6 0.350017
64 7 0.365551
64 8 0.136866
64 9 0.126588
64 10 0.145261
64 11 0.116082
64 12 0.117079
64 13 0.111673
64 14 0.136264
64 15 0.374273
64 16 0.369555
64 17 0.347969
64 18 0.424527
64 19 0.369065
64 20 0.408052
64 21 0.363436
64 22 0.343155
64 23 0.386147
64 24 0.343390
64 25 0.313374
64 26 0.313793
64 27 0.356889
64 28 0.131313
64 29 0.140002
64 30 0.131446
64 31 0.150208
64 32 0.141537
64 33 0.153005
64 34 0.379413
64 35 0.298376
64 36 0.287436
64 37 0.447530
64 38 0.362642
64 39 0.379885
64 40 0.306242
64 41 0.405773
64 42 0.393229
64 43 0.374505
64 44 0.149711
64 45 0.285349
64 46 0.464211
64 47 0.372880
64 48 0.398033
64 49 0.421837
64 50 0.388046
65 0 0.299562
65 1 0.268061
65 2 0.303063
65 3 0.181832
65 4 0.334823
65 5 0.191892
65 6 0.347232
65 7 0.265996
65 8 0.134222
65 9 0.156076
65 10 0.142557
65 11 0.143604
65 12 0.138084
65 13 0.148685
65 14 0.157754
65 15 0.325783
65 16 0.246555
65 17 0.328860
65 18 0.287656
65 19 0.367562
65 20 0.268960
65 21 0.393755
65 22 0.177758
65 23 0.227129
65 24 0.299447
65 25 0.218634
65 26 0.212794
65 27 0.217639
65 28 0.136466
65 29 0.147204
65 30 0.129293
65 31 0.149433
65 32 0.149824
65 33 0.161025
65 34 0.253026
65 35 0.224815
65 36 0.252654
65 37 0.317396
65 38 0.231169
65 39 0.265530
65 40 0.346224
65 41 0.335011
65 42 0.180825
65 43 0.243861
65 44 0.145082
65 45 0.249901
65 46 0.326013
65 47 0.228268
65 48 0.261183
65 49 0.340624
65 50 0.180089
66 0 0.186163
66 1 0.192248
66 2 0.298645
66 3 0.295644
66 4 0.218980
66 5 0.303304
66 6 0.278831
66 7 0.273387
66 8 0.101533
66 9 0.131653
66 10 0.114316
66 11 0.108594
66 12 0.138222
66 13 0.109796
66 14 0.115874
66 15 0.268524
66 16 0.260005
66 17 0.328306
66 18 0.241680
66 19 0.235072
66 20 0.192559
66 21 0.252139
66 22 0.321868
66 23 0.390323
66 24 0.328828
66 25 0.321839
66 26 0.334144
66 27 0.328343
66 28 0.151126
66 29 0.145962
66 30 0.092664
66 31 0.122302
66 32 0.147548
66 33 0.126526
66 34 0.349094
66 35 0.285484
66 36 0.270917
66 37 0.327516
66 38 0.378175
66 39 0.313667
66 40 0.293559
66 41 0.275662
66 42 0.322671
66 43 0.256811
66 44 0.135329
66 45 0.276192
66 46 0.329661
66 47 0.377639
66 48 0.321309
66 49 0.280797
66 50 0.329895
67 0 0.349350
67 1 0.337654
67 2 0.428057
67 3 0.287787
67 4 0.402551
67 5 0.302764
67 6 0.424878
67 7 0.362677
67 8 0.167046
67 9 0.163602
67 10 0.134819
67 11 0.148765
67 12 0.168490
67 13 0.160113
67 14 0.163002
67 15 0.353349
67 16 0.404359
67 17 0.392363
67 18 0.362792
67 19 0.312515
67 20 0.421228
67 21 0.315035
67 22 0.432890
67 23 0.445915
67 24 0.445255
67 25 0.439754
67 26 0.433446
67 27 0.441802
67 28 0.163121
67 29 0.173339
67 30 0.160571
67 31 0.135191
67 32 0.162729
67 33 0.184331
67 34 0.417551
67 35 0.338621
67 36 0.338021
67 37 0.440452
67 38 0.389759
67 39 0.387675
67 40 0.287364
67 41 0.289387
67 42 0.426039
67 43 0.414397
67 44 0.130149
67 45 0.345944
67 46 0.434938
67 47 0.379175
67 48 0.374371
67 49 0.298467
67 50 0.425948
68 0 0.330539
68 1 0.367364
68 2 0.275532
68 3 0.362056
68 4 0.324926
68 5 0.374160
68 6 0.261851
68 7 0.350196
68 8 0.117062
68 9 0.158938
68 10 0.127427
68 11 0.119465
68 12 0.157593
68 13 0.127235
68 14 0.160158
68 15 0.309122
68 16 0.427707
68 17 0.315760
68 18 0.425867
68 19 0.257081
68 20 0.274551
68 21 0.265106
68 22 0.238037
68 23 0.273118
68 24 0.248315
68 25 0.243870
68 26 0.239435
68 27 0.245404
68 28 0.182430
68 29 0.162211
68 30 0.144133
68 31 0.146435
68 32 0.160703
68 33 0.171452
68 34 0.207189
68 35 0.183980
68 36 0.323186
68 37 0.307816
68 38 0.361342
68 39 0.375735
68 40 0.390742
68 41 0.408895
68 42 0.248345
68 43 0.428101
68 44 0.148030
68 45 0.327823
68 46 0.298593
68 47 0.363003
68 48 0.375815
68 49 0.407286
68 50 0.256638
69 0 0.340295
69 1 0.329598
69 2 0.372413
69 3 0.339978
69 4 0.210740
69 5 0.353253
69 6 0.358732
69 7 0.210323
69 8 0.151023
69 9 0.180622
69 10 0.141135
69 11 0.174961
69 12 0.166424
69 13 0.140599
69 14 0.129790
69 15 0.356665
69 16 0.399287
69 17 0.136774
69 18 0.363291
69 19 0.369244
69 20 0.310514
69 21 0.401100
69 22 0.337301
69 23 0.366475
69 24 0.330255
69 25 0.320383
69 26 0.331800
69 27 0.328406
69 28 0.131204
69 29 0.171170
69 30 0.140474
69 31 0.151228
69 32 0.168558
69 33 0.169985
69 34 0.359035
69 35 0.354065
69 36 0.299224
69 37 0.369749
69 38 0.279006
69 39 0.238847
69 40 0.236931
69 41 0.270070
69 42 0.369379
69 43 0.397420
69 44 0.153602
69 45 0.280276
69 46 0.373238
69 47 0.272633
69 48 0.233106
69 49 0.269753
69 50 0.376800
70 0 0.417707
70 1 0.410648
70 2 0.356166
70 3 0.345465
70 4 0.309740
70 5 0.363057
70 6 0.337171
70 7 0.367558
70 8 0.177637
70 9 0.179032
70 10 0.180802
70 11 0.174150
70 12 0.129177
70 13 0.152015
70 14 0.164197
70 15 0.433526
70 16 0.404388
70 17 0.466479
70 18 0.434919
70 19 0.344345
70 20 0.497283
70 21 0.340480
70 22 0.484671
70 23 0.459907
70 24 0.388214
70 25 0.379539
70 26 0.389059
70 27 0.407115
70 28 0.120430
70 29 0.156618
70 30 0.168671
70 31 0.141227
70 32 0.142218
70 33 0.161299
70 34 0.460804
70 35 0.436575
70 36 0.284750
70 37 0.403192
70 38 0.404262
70 39 0.449698
70 40 0.334280
70 41 0.445436
70 42 0.368504
70 43 0.401976
70 44 0.142742
70 45 0.293074
70 46 0.396369
70 47 0.413726
70 48 0.447718
70 49 0.446030
70 50 0.363182
71 0 0.393623
71 1 0.385175
71 2 0.393227
71 3 0.371085
71 4 0.472560
71 5 0.372330
71 6 0.536741
71 7 0.476917
71 8 0.154062
71 9 0.185930
71 10 0.176508
71 11 0.178309
71 12 0.187884
71 13 0.173249
71 14 0.180798
71 15 0.372970
71 16 0.415142
71 17 0.464280
71 18 0.455361
71 19 0.413943
71 20 0.308902
71 21 0.399008
71 22 0.423203
71 23 0.380905
71 24 0.413022
71 25 0.404954
71 26 0.409727
71 27 0.407652
71 28 0.123299
71 29 0.126065
71 30 0.170292
71 31 0.181365
71 32 0.144830
71 33 0.196038
71 34 0.428930
71 35 0.404553
71 36 0.423738
71 37 0.407065
71 38 0.264766
71 39 0.397985
71 40 0.400915
71 41 0.470855
71 42 0.379020
71 43 0.426073
71 44 0.180532
71 45 0.432441
71 46 0.409393
71 47 0.266442
71 48 0.397745
71 49 0.477044
71 50 0.384833
72 0 0.245051
72 1 0.296267
72 2 0.225975
72 3 0.204171
72 4 0.362704
72 5 0.201608
72 6 0.389356
72 7 0.347690
72 8 0.149648
72 9 0.182404
72 10 0.160294
72 11 0.162928
72 12 0.152216
72 13 0.154760
72 14 0.151748
72 15 0.259356
72 16 0.322580
72 17 0.274614
72 18 0.349141
72 19 0.390515
72 20 0.094326
72 21 0.405804
72 22 0.255663
72 23 0.350522
72 24 0.255481
72 25 0.247430
72 26 0.265672
72 27 0.254142
72 28 0.161497
72 29 0.167418
72 30 0.153757
72 31 0.160068
72 32 0.163164
72 33 0.175209
72 34 0.358402
72 35 0.235332
72 36 0.353393
72 37 0.370113
72 38 0.334104
72 39 0.239088
72 40 0.361616
72 41 0.379884
72 42 0.314267
72 43 0.330719
72 44 0.160446
72 45 0.351255
72 46 0.366665
72 47 0.348370
72 48 0.240179
72 49 0.379060
72 50 0.315466
73 0 0.387165
73 1 0.458594
73 2 0.385896
73 3 0.439260
73 4 0.536381
73 5 0.408752
73 6 0.487919
73 7 0.467897
73 8 0.164427
73 9 0.175158
73 10 0.165521
73 11 0.198544
73 12 0.188307
73 13 0.173625
73 14 0.194621
73 15 0.550628
73 16 0.413314
73 17 0.466528
73 18 0.429589
73 19 0.538528
73 20 0.536073
73 21 0.395266
73 22 0.554969
73 23 0.549361
73 24 0.534938
73 25 0.400229
73 26 0.400603
73 27 0.453478
73 28 0.181446
73 29 0.163325
73 30 0.165162
73 31 0.151698
73 32 0.180261
73 33 0.187987
73 34 0.491305
73 35 0.404000
73 36 0.334017
73 37 0.476559
73 38 0.538346
73 39 0.395946
73 40 0.443973
73 41 0.482482
73 42 0.251800
73 43 0.407921
73 44 0.156642
73 45 0.350122
73 46 0.470241
73 47 0.539230
73 48 0.405604
73 49 0.487030
73 50 0.258855
74 0 0.414752
74 1 0.411221
74 2 0.343305
74 3 0.392219
74 4 0.403136
74 5 0.413097
74 6 0.396133
74 7 0.364865
74 8 0.168117
74 9 0.160506
74 10 0.158620
74 11 0.130274
74 12 0.161115
74 13 0.188832
74 14 0.194220
74 15 0.341215
74 16 0.256249
74 17 0.421308
74 18 0.257335
74 19 0.306117
74 20 0.434758
74 21 0.377055
74 22 0.354125
74 23 0.427016
74 24 0.515880
74 25 0.362228
74 26 0.370911
74 27 0.353016
74 28 0.188055
74 29 0.186522
74 30 0.172484
74 31 0.193188
74 32 0.185101
74 33 0.125251
74 34 0.337271
74 35 0.517570
74 36 0.509540
74 37 0.303156
74 38 0.371464
74 39 0.410251
74 40 0.409824
74 41 0.551481
74 42 0.293761
74 43 0.250651
74 44 0.195083
74 45 0.507018
74 46 0.294736
74 47 0.363301
74 48 0.418013
74 49 0.542237
74 50 0.312122
75 0 0.489608
75 1 0.406277
75 2 0.528934
75 3 0.448670
75 4 0.623304
75 5 0.342271
75 6 0.532390
75 7 0.587617
75 8 0.227397
75 9 0.171185
75 10 0.190918
75 11 0.215791
75 12 0.133986
75 13 0.134597
75 14 0.219519
75 15 0.507145
75 16 0.559066
75 17 0.463263
75 18 0.527750
75 19 0.510669
75 20 0.573518
75 21 0.528516
75 22 0.578517
75 23 0.523318
75 24 0.502707
75 25 0.562267
75 26 0.559633
75 27 0.569758
75 28 0.194227
75 29 0.147554
75 30 0.214292
75 31 0.163142
75 32 0.152593
75 33 0.230747
75 34 0.501317
75 35 0.511812
75 36 0.490656
75 37 0.497620
75 38 0.574885
75 39 0.531473
75 40 0.459264
75 41 0.478694
75 42 0.576285
75 43 0.546679
75 44 0.159633
75 45 0.487129
75 46 0.493131
75 47 0.573479
75 48 0.540606
75 49 0.475142
75 50 0.572698
76 0 0.464566
76 1 0.449068
76 2 0.499499
76 3 0.430279
76 4 0.541540
76 5 0.449246
76 6 0.500501
76 7 0.471136
76 8 0.222865
76 9 0.221856
76 10 0.203151
76 11 0.178109
76 12 0.234855
76 13 0.226473
76 14 0.204178
76 15 0.435873
76 16 0.610469
76 17 0.589453
76 18 0.557212
76 19 0.558774
76 20 0.717346
76 21 0.584311
76 22 0.544875
76 23 0.604954
76 24 0.639702
76 25 0.615508
76 26 0.625186
76 27 0.658176
76 28 0.131096
76 29 0.215690
76 30 0.208845
76 31 0.162927
76 32 0.226053
76 33 0.267030
76 34 0.569205
76 35 0.563253
76 36 0.616594
76 37 0.569437
76 38 0.532829
76 39 0.641015
76 40 0.511439
76 41 0.597860
76 42 0.647637
76 43 0.617949
76 44 0.168438
76 45 0.611520
76 46 0.565338
76 47 0.525899
76 48 0.647167
76 49 0.593115
76 50 0.648988
77 0 0.605315
77 1 0.515115
77 2 0.608636
77 3 0.467908
77 4 0.670998
77 5 0.474905
77 6 0.690184
77 7 0.614576
77 8 0.206652
77 9 0.220085
77 10 0.195528
77 11 0.200407
77 12 0.207272
77 13 0.221715
77 14 0.217010
77 15 0.563798
77 16 0.557393
77 17 0.537264
77 18 0.635870
77 19 0.516500
77 20 0.711836
77 21 0.524445
77 22 0.697429
77 23 0.548393
77 24 0.445363
77 25 0.552379
77 26 0.544590
77 27 0.459170
77 28 0.203890
77 29 0.210604
77 30 0.211751
77 31 0.206196
77 32 0.209453
77 33 0.244811
77 34 0.596531
77 35 0.367530
77 36 0.385790
77 37 0.342146
77 38 0.436809
77 39 0.573803
77 40 0.534734
77 41 0.522480
77 42 0.425547
77 43 0.556537
77 44 0.200179
77 45 0.375022
77 46 0.344825
77 47 0.431825
77 48 0.595745
77 49 0.525712
77 50 0.443803
78 0 0.382550
78 1 0.345269
78 2 0.515253
78 3 0.292690
78 4 0.576666
78 5 0.463833
78 6 0.454742
78 7 0.621319
78 8 0.221804
78 9 0.143643
78 10 0.191843
78 11 0.227675
78 12 0.233628
78 13 0.171974
78 14 0.204989
78 15 0.587575
78 16 0.496160
78 17 0.464400
78 18 0.475301
78 19 0.501158
78 20 0.189158
78 21 0.478351
78 22 0.255803
78 23 0.559728
78 24 0.254544
78 25 0.262589
78 26 0.374798
78 27 0.255841
78 28 0.196407
78 29 0.192810
78 30 0.233596
78 31 0.109593
78 32 0.138708
78 33 0.218330
78 34 0.331526
78 35 0.582090
78 36 0.514873
78 37 0.464544
78 38 0.605262
78 39 0.416121
78 40 0.521937
78 41 0.668748
78 42 0.595151
78 43 0.516866
78 44 0.112998
78 45 0.506810
78 46 0.447493
78 47 0.606939
78 48 0.418303
78 49 0.770529
78 50 0.598337
79 0 0.588377
79 1 0.494148
79 2 0.555631
79 3 0.472834
79 4 0.576919
79 5 0.566277
79 6 0.439950
79 7 0.571331
79 8 0.226419
79 9 0.221705
79 10 0.216770
79 11 0.222698
79 12 0.232053
79 13 0.231089
79 14 0.197704
79 15 0.559532
79 16 0.549191
79 17 0.578144
79 18 0.555958
79 19 0.592341
79 20 0.546462
79 21 0.472474
79 22 0.355531
79 23 0.475143
79 24 0.338137
79 25 0.583059
79 26 0.584012
79 27 0.355517
79 28 0.217086
79 29 0.236919
79 30 0.218412
79 31 0.206649
79 32 0.234990
79 33 0.214350
79 34 0.463192
79 35 0.510385
79 36 0.423559
79 37 0.503222
79 38 0.516325
79 39 0.575340
79 40 0.383026
79 41 0.547049
79 42 0.529984
79 43 0.556925
79 44 0.212139
79 45 0.427826
79 46 0.512044
79 47 0.514060
79 48 0.564561
79 49 0.533795
79 50 0.528250
80 0 0.591219
80 1 0.597000
80 2 0.681994
80 3 0.634893
80 4 0.568526
80 5 0.643487
80 6 0.788594
80 7 0.619557
80 8 0.214695
80 9 0.244097
80 10 0.221418
80 11 0.256140
80 12 0.243570
80 13 0.250792
80 14 0.221102
80 15 0.621885
80 16 0.532127
80 17 0.553681
80 18 0.560633
80 19 0.578702
80 20 0.664336
80 21 0.627010
80 22 0.772146
80 23 0.770462
80 24 0.707880
80 25 0.560119
80 26 0.558138
80 27 0.643412
80 28 0.229636
80 29 0.241827
80 30 0.243842
80 31 0.209638
80 32 0.255397
80 33 0.249521
80 34 0.716424
80 35 0.548369
80 36 0.765374
80 37 0.705355
80 38 0.637449
80 39 0.528055
80 40 0.595198
80 41 0.805045
80 42 0.641337
80 43 0.528415
80 44 0.217858
80 45 0.764369
80 46 0.703163
80 47 0.635919
80 48 0.519487
80 49 0.809067
80 50 0.642473
81 0 0.447196
81 1 0.422229
81 2 0.583437
81 3 0.292496
81 4 0.555891
81 5 0.390689
81 6 0.666301
81 7 0.555829
81 8 0.197729
81 9 0.195057
81 10 0.188635
81 11 0.226801
81 12 0.199644
81 13 0.186784
81 14 0.208588
81 15 0.590461
81 16 0.560664
81 17 0.564354
81 18 0.592310
81 19 0.490854
81 20 0.502115
81 21 0.658951
81 22 0.586613
81 23 0.529771
81 24 0.584820
81 25 0.602499
81 26 0.600413
81 27 0.585185
81 28 0.211999
81 29 0.151971
81 30 0.166642
81 31 0.198371
81 32 0.182256
81 33 0.242632
81 34 0.619546
81 35 0.480029
81 36 0.555863
81 37 0.566610
81 38 0.433044
81 39 0.727950
81 40 0.580340
81 41 0.654972
81 42 0.518705
81 43 0.553147
81 44 0.191128
81 45 0.555900
81 46 0.559763
81 47 0.424104
81 48 0.737183
81 49 0.663407
81 50 0.509164
82 0 0.405982
82 1 0.418212
82 2 0.618662
82 3 0.429456
82 4 0.572764
82 5 0.554699
82 6 0.479977
82 7 0.581485
82 8 0.238736
82 9 0.223282
82 10 0.307860
82 11 0.203980
82 12 0.231486
82 13 0.222373
82 14 0.232936
82 15 0.581869
82 16 0.589600
82 17 0.614400
82 18 0.591226
82 19 0.531836
82 20 0.593018
82 21 0.437522
82 22 0.488614
82 23 0.550289
82 24 0.452092
82 25 0.619051
82 26 0.677274
82 27 0.480098
82 28 0.216380
82 29 0.225016
82 30 0.217731
82 31 0.232397
82 32 0.221731
82 33 0.224484
82 34 0.496981
82 35 0.615923
82 36 0.480365
82 37 0.672876
82 38 0.476151
82 39 0.680519
82 40 0.460691
82 41 0.706575
82 42 0.658059
82 43 0.590952
82 44 0.229676
82 45 0.485392
82 46 0.668150
82 47 0.464569
82 48 0.670261
82 49 0.697766
82 50 0.647333
83 0 0.447477
83 1 0.446079
83 2 0.457227
83 3 0.370704
83 4 0.470657
83 5 0.352172
83 6 0.569988
83 7 0.391416
83 8 0.205362
83 9 0.152587
83 10 0.214334
83 11 0.225079
83 12 0.212341
83 13 0.224267
83 14 0.203911
83 15 0.491569
83 16 0.404566
83 17 0.589034
83 18 0.425523
83 19 0.430966
83 20 0.430136
83 21 0.535108
83 22 0.529777
83 23 0.543989
83 24 0.526709
83 25 0.525186
83 26 0.526313
83 27 0.523390
83 28 0.219171
83 29 0.205839
83 30 0.200577
83 31 0.213172
83 32 0.209816
83 33 0.235814
83 34 0.487110
83 35 0.553369
83 36 0.460280
83 37 0.609741
83 38 0.610737
83 39 0.451579
83 40 0.469941
83 41 0.407763
83 42 0.469793
83 43 0.418960
83 44 0.210455
83 45 0.459551
83 46 0.630374
83 47 0.635509
83 48 0.457572
83 49 0.403433
83 50 0.484690
84 0 0.587912
84 1 0.575187
84 2 0.616398
84 3 0.619296
84 4 0.609282
84 5 0.495608
84 6 0.601930
84 7 0.632461
84 8 0.210637
84 9 0.180010
84 10 0.218519
84 11 0.217583
84 12 0.219145
84 13 0.221023
84 14 0.233504
84 15 0.606843
84 16 0.619441
84 17 0.539457
84 18 0.614192
84 19 0.568936
84 20 0.527494
84 21 0.578292
84 22 0.489821
84 23 0.455627
84 24 0.483732
84 25 0.498902
84 26 0.479627
84 27 0.485672
84 28 0.206968
84 29 0.224145
84 30 0.211097
84 31 0.221179
84 32 0.215083
84 33 0.249162
84 34 0.517476
84 35 0.630279
84 36 0.505842
84 37 0.535907
84 38 0.407205
84 39 0.480962
84 40 0.577484
84 41 0.501222
84 42 0.569650
84 43 0.620240
84 44 0.217625
84 45 0.505282
84 46 0.540038
84 47 0.411160
84 48 0.474970
84 49 0.504226
84 50 0.552438
85 0 0.609495
85 1 0.407561
85 2 0.688714
85 3 0.340206
85 4 0.581857
85 5 0.433424
85 6 0.456750
85 7 0.617828
85 8 0.214591
85 9 0.237223
85 10 0.218130
85 11 0.212320
85 12 0.224910
85 13 0.233967
85 14 0.197391
85 15 0.560771
85 16 0.660333
85 17 0.590488
85 18 0.672071
85 19 0.575316
85 20 0.578671
85 21 0.670730
85 22 0.364738
85 23 0.506172
85 24 0.334594
85 25 0.555803
85 26 0.552418
85 27 0.395872
85 28 0.200671
85 29 0.215797
85 30 0.195782
85 31 0.226117
85 32 0.205926
85 33 0.250738
85 34 0.425853
85 35 0.611853
85 36 0.515525
85 37 0.567865
85 38 0.543654
85 39 0.664180
85 40 0.507529
85 41 0.684316
85 42 0.645739
85 43 0.659010
85 44 0.224687
85 45 0.523726
85 46 0.571400
85 47 0.561764
85 48 0.649118
85 49 0.690701
85 50 0.660799
86 0 0.623306
86 1 0.630293
86 2 0.698386
86 3 0.631960
86 4 0.636835
86 5 0.643561
86 6 0.623102
86 7 0.656610
86 8 0.228277
86 9 0.187776
86 10 0.198050
86 11 0.193019
86 12 0.225827
86 13 0.235847
86 14 0.233955
86 15 0.565804
86 16 0.685772
86 17 0.697473
86 18 0.684657
86 19 0.675570
86 20 0.543166
86 21 0.539766
86 22 0.715687
86 23 0.725425
86 24 0.698780
86 25 0.665651
86 26 0.674302
86 27 0.602700
86 28 0.241696
86 29 0.214846
86 30 0.227451
86 31 0.220656
86 32 0.205222
86 33 0.238103
86 34 0.716438
86 35 0.555836
86 36 0.483827
86 37 0.424998
86 38 0.587999
86 39 0.661229
86 40 0.624511
86 41 0.718177
86 42 0.780248
86 43 0.676745
86 44 0.226828
86 45 0.462665
86 46 0.431335
86 47 0.605333
86 48 0.667601
86 49 0.701156
86 50 0.794855
87 0 0.629510
87 1 0.565526
87 2 0.583356
87 3 0.568689
87 4 0.585201
87 5 0.629240
87 6 0.523818
87 7 0.599282
87 8 0.221170
87 9 0.189241
87 10 0.227972
87 11 0.234791
87 12 0.221333
87 13 0.220120
87 14 0.203329
87 15 0.497596
87 16 0.662806
87 17 0.601630
87 18 0.650934
87 19 0.482520
87 20 0.745885
87 21 0.455018
87 22 0.456435
87 23 0.618407
87 24 0.442245
87 25 0.461318
87 26 0.449905
87 27 0.444295
87 28 0.158465
87 29 0.169555
87 30 0.224598
87 31 0.194336
87 32 0.161577
87 33 0.219183
87 34 0.438831
87 35 0.518605
87 36 0.487375
87 37 0.448104
87 38 0.493507
87 39 0.593860
87 40 0.398927
87 41 0.597648
87 42 0.593165
87 43 0.658025
87 44 0.193899
87 45 0.487096
87 46 0.448806
87 47 0.478221
87 48 0.596393
87 49 0.600967
87 50 0.593625
88 0 0.632907
88 1 0.511589
88 2 0.523690
88 3 0.519680
88 4 0.550105
88 5 0.516034
88 6 0.766213
88 7 0.631326
88 8 0.223993
88 9 0.235599
88 10 0.237106
88 11 0.229856
88 12 0.225300
88 13 0.226602
88 14 0.226491
88 15 0.645360
88 16 0.604490
88 17 0.788267
88 18 0.547178
88 19 0.697119
88 20 0.796642
88 21 0.723753
88 22 0.785516
88 23 0.805691
88 24 0.780062
88 25 0.797962
88 26 0.795161
88 27 0.782994
88 28 0.221104
88 29 0.253921
88 30 0.230477
88 31 0.206130
88 32 0.225637
88 33 0.280966
88 34 0.734159
88 35 0.694748
88 36 0.768618
88 37 0.809111
88 38 0.794585
88 39 0.810112
88 40 0.523923
88 41 0.762457
88 42 0.659101
88 43 0.582654
88 44 0.213698
88 45 0.770701
88 46 0.806035
88 47 0.783082
88 48 0.797701
88 49 0.780725
88 50 0.667330
89 0 0.659995
89 1 0.533581
89 2 0.742859
89 3 0.462620
89 4 0.750419
89 5 0.575637
89 6 0.771690
89 7 0.727059
89 8 0.252974
89 9 0.261160
89 10 0.243504
89 11 0.245282
89 12 0.262787
89 13 0.262317
89 14 0.246986
89 15 0.727902
89 16 0.738459
89 17 0.747008
89 18 0.756297
89 19 0.863121
89 20 0.667505
89 21 0.749195
89 22 0.608437
89 23 0.824432
89 24 0.764747
89 25 0.758192
89 26 0.741301
89 27 0.742497
89 28 0.240758
89 29 0.237177
89 30 0.246439
89 31 0.240561
89 32 0.238289
89 33 0.257436
89 34 0.644103
89 35 0.565849
89 36 0.704661
89 37 0.894929
89 38 0.757155
89 39 0.881125
89 40 0.649330
89 41 0.745845
89 42 0.744002
89 43 0.734252
89 44 0.236009
89 45 0.701023
89 46 0.891824
89 47 0.755819
89 48 0.871361
89 49 0.772415
89 50 0.754543
90 0 0.548602
90 1 0.547770
90 2 0.730370
90 3 0.381179
90 4 0.671028
90 5 0.393619
90 6 0.635452
90 7 0.569215
90 8 0.262428
90 9 0.259298
90 10 0.220124
90 11 0.189587
90 12 0.236095
90 13 0.187466
90 14 0.175259
90 15 0.671728
90 16 0.339257
90 17 0.516988
90 18 0.349664
90 19 0.547056
90 20 0.385236
90 21 0.520286
90 22 0.593530
90 23 0.750918
90 24 0.589824
90 25 0.581044
90 26 0.570936
90 27 0.549763
90 28 0.236467
90 29 0.255197
90 30 0.259191
90 31 0.232777
90 32 0.259721
90 33 0.201168
90 34 0.598797
90 35 0.556503
90 36 0.470461
90 37 0.595370
90 38 0.423857
90 39 0.719569
90 40 0.516777
90 41 0.682541
90 42 0.634931
90 43 0.342077
90 44 0.225395
90 45 0.477849
90 46 0.578160
90 47 0.435860
90 48 0.718763
90 49 0.683340
90 50 0.643725
91 0 0.610528
91 1 0.516270
91 2 0.581910
91 3 0.506887
91 4 0.624536
91 5 0.462881
91 6 0.703723
91 7 0.493619
91 8 0.214086
91 9 0.233734
91 10 0.264376
91 11 0.263698
91 12 0.237516
91 13 0.257991
91 14 0.256277
91 15 0.509176
91 16 0.572406
91 17 0.559961
91 18 0.567269
91 19 0.535906
91 20 0.595830
91 21 0.576392
91 22 0.505014
91 23 0.510084
91 24 0.595027
91 25 0.847988
91 26 0.889876
91 27 0.743181
91 28 0.186745
91 29 0.221964
91 30 0.246616
91 31 0.247504
91 32 0.219382
91 33 0.273483
91 34 0.579557
91 35 0.417601
91 36 0.718021
91 37 0.492722
91 38 0.542167
91 39 0.747314
91 40 0.571507
91 41 0.654662
91 42 0.658542
91 43 0.580777
91 44 0.249033
91 45 0.697379
91 46 0.488668
91 47 0.529759
91 48 0.741691
91 49 0.651337
91 50 0.654194
92 0 0.725967
92 1 0.729150
92 2 0.558409
92 3 0.618916
92 4 0.704250
92 5 0.766720
92 6 0.722852
92 7 0.758778
92 8 0.270587
92 9 0.215672
92 10 0.263212
92 11 0.265557
92 12 0.275957
92 13 0.280315
92 14 0.269103
92 15 0.716120
92 16 0.689020
92 17 0.770639
92 18 0.730209
92 19 0.433541
92 20 0.904934
92 21 0.296397
92 22 0.751333
92 23 0.907353
92 24 0.751390
92 25 0.755857
92 26 0.758521
92 27 0.757778
92 28 0.231473
92 29 0.287719
92 30 0.276444
92 31 0.246298
92 32 0.254510
92 33 0.343851
92 34 0.812519
92 35 0.776153
92 36 0.740668
92 37 0.785072
92 38 0.826482
92 39 0.857294
92 40 0.594139
92 41 0.713928
92 42 0.577163
92 43 0.666281
92 44 0.253987
92 45 0.721254
92 46 0.786911
92 47 0.836161
92 48 0.862371
92 49 0.731409
92 50 0.580979
93 0 0.790952
93 1 0.759907
93 2 0.836157
93 3 0.770555
93 4 0.736520
93 5 0.832574
93 6 1.023913
93 7 0.773780
93 8 0.309231
93 9 0.313105
93 10 0.319306
93 11 0.310018
93 12 0.311843
93 13 0.303986
93 14 0.327075
93 15 0.811371
93 16 0.829163
93 17 0.824582
93 18 0.851918
93 19 0.239219
93 20 0.560333
93 21 0.259149
93 22 0.928245
93 23 0.987348
93 24 0.948634
93 25 0.920595
93 26 0.914594
93 27 0.920929
93 28 0.293452
93 29 0.307053
93 30 0.298886
93 31 0.267988
93 32 0.284262
93 33 0.348466
93 34 0.853931
93 35 0.799917
93 36 0.860363
93 37 0.925382
93 38 0.890832
93 39 0.961133
93 40 0.748573
93 41 0.837921
93 42 0.862801
93 43 0.829230
93 44 0.350842
93 45 0.867277
93 46 0.930323
93 47 0.907858
93 48 0.950567
93 49 0.824287
93 50 0.868141
94 0 0.638591
94 1 0.634173
94 2 0.725832
94 3 0.635803
94 4 0.816607
94 5 0.698600
94 6 0.783134
94 7 0.639981
94 8 0.291976
94 9 0.303685
94 10 0.286713
94 11 0.287265
94 12 0.284303
94 13 0.260616
94 14 0.295616
94 15 0.808669
94 16 0.697712
94 17 0.702716
94 18 0.759762
94 19 0.792305
94 20 0.425726
94 21 0.838004
94 22 0.656178
94 23 0.677557
94 24 0.672299
94 25 0.652900
94 26 0.711691
94 27 0.652939
94 28 0.270782
94 29 0.286716
94 30 0.287673
94 31 0.283415
94 32 0.286951
94 33 0.378012
94 34 0.437778
94 35 0.495178
94 36 0.494666
94 37 0.765853
94 38 0.695244
94 39 0.885639
94 40 0.790852
94 41 1.089071
94 42 0.911221
94 43 0.709784
94 44 0.282430
94 45 0.509213
94 46 0.780811
94 47 0.706527
94 48 0.898436
94 49 1.083256
94 50 0.914388
95 0 0.620017
95 1 0.636424
95 2 0.729218
95 3 0.454979
95 4 0.681456
95 5 0.481408
95 6 0.722270
95 7 0.679529
95 8 0.270109
95 9 0.264546
95 10 0.247146
95 11 0.276913
95 12 0.269264
95 13 0.363343
95 14 0.269621
95 15 0.608497
95 16 0.498585
95 17 0.741824
95 18 0.611405
95 19 0.652052
95 20 0.686164
95 21 0.681922
95 22 0.668267
95 23 0.691806
95 24 0.671480
95 25 0.663352
95 26 0.664032
95 27 0.664633
95 28 0.272607
95 29 0.233318
95 30 0.273716
95 31 0.296736
95 32 0.229234
95 33 0.315127
95 34 0.622829
95 35 0.607223
95 36 0.666846
95 37 0.676147
95 38 0.682582
95 39 0.688723
95 40 0.616578
95 41 0.783141
95 42 0.724962
95 43 0.513960
95 44 0.306695
95 45 0.652929
95 46 0.663849
95 47 0.686959
95 48 0.690206
95 49 0.768810
95 50 0.725206
96 0 0.515085
96 1 0.647510
96 2 0.612571
96 3 0.538760
96 4 0.662176
96 5 0.487232
96 6 0.553660
96 7 0.528949
96 8 0.253566
96 9 0.281644
96 10 0.273055
96 11 0.269655
96 12 0.235389
96 13 0.290303
96 14 0.245990
96 15 0.624091
96 16 0.561108
96 17 0.608390
96 18 0.604354
96 19 0.779698
96 20 0.558428
96 21 0.807180
96 22 0.758805
96 23 0.594847
96 24 0.603621
96 25 0.663198
96 26 0.676486
96 27 0.751604
96 28 0.249409
96 29 0.274816
96 30 0.248697
96 31 0.265109
96 32 0.236639
96 33 0.284151
96 34 0.736944
96 35 0.580220
96 36 0.443339
96 37 0.633361
96 38 0.398297
96 39 0.603142
96 40 0.594766
96 41 0.797814
96 42 0.296703
96 43 0.562396
96 44 0.266428
96 45 0.459018
96 46 0.635089
96 47 0.406228
96 48 0.619866
96 49 0.809759
96 50 0.296612
97 0 0.564364
97 1 0.493585
97 2 0.746438
97 3 0.434008
97 4 0.655531
97 5 0.485293
97 6 0.559889
97 7 0.739563
97 8 0.288506
97 9 0.120145
97 10 0.274942
97 11 0.300284
97 12 0.292671
97 13 0.260029
97 14 0.262279
97 15 0.761504
97 16 0.696607
97 17 0.599681
97 18 0.714436
97 19 0.270399
97 20 0.490930
97 21 0.251624
97 22 0.635095
97 23 0.582079
97 24 0.473134
97 25 0.721005
97 26 0.713246
97 27 0.721231
97 28 0.268854
97 29 0.197122
97 30 0.304245
97 31 0.293996
97 32 0.213907
97 33 0.278012
97 34 0.675587
97 35 0.804489
97 36 0.549828
97 37 0.672789
97 38 0.692721
97 39 0.482352
97 40 0.616339
97 41 0.821983
97 42 0.801108
97 43 0.696419
97 44 0.292490
97 45 0.558421
97 46 0.672683
97 47 0.711821
97 48 0.492263
97 49 0.793378
97 50 0.771900
98 0 0.611455
98 1 0.622839
98 2 0.937010
98 3 0.597017
98 4 0.928148
98 5 0.745711
98 6 0.697007
98 7 0.996276
98 8 0.335978
98 9 0.303399
98 10 0.359362
98 11 0.371475
98 12 0.354248
98 13 0.376450
98 14 0.421402
98 15 1.052751
98 16 0.890563
98 17 0.738454
98 18 0.980215
98 19 0.946931
98 20 0.814756
98 21 0.996416
98 22 0.798013
98 23 0.816575
98 24 0.671918
98 25 0.904375
98 26 0.915344
98 27 0.688515
98 28 0.310269
98 29 0.363618
98 30 0.329390
98 31 0.334783
98 32 0.386443
98 33 0.487060
98 34 0.628013
98 35 0.684584
98 36 0.901784
98 37 1.050140
98 38 0.902018
98 39 1.081881
98 40 0.859739
98 41 1.098777
98 42 0.677765
98 43 0.892450
98 44 0.329287
98 45 0.897322
98 46 1.077216
98 47 0.905242
98 48 1.045706
98 49 1.063626
98 50 0.659599
99 0 0.902579
99 1 0.880927
99 2 1.018083
99 3 0.865154
99 4 0.895727
99 5 0.939717
99 6 1.079550
99 7 0.973790
99 8 0.345973
99 9 0.359821
99 10 0.349140
99 11 0.336155
99 12 0.330903
99 13 0.380289
99 14 0.357109
99 15 0.878099
99 16 0.804675
99 17 0.722993
99 18 0.875729
99 19 0.864484
99 20 0.613144
99 21 0.921976
99 22 0.914364
99 23 1.029786
99 24 0.777228
99 25 0.901907
99 26 0.873068
99 27 0.741512
99 28 0.371136
99 29 0.378268
99 30 0.334571
99 31 0.348644
99 32 0.348254
99 33 0.361673
99 34 0.863979
99 35 0.684809
99 36 0.928455
99 37 0.823805
99 38 0.628705
99 39 0.949062
99 40 0.870652
99 41 0.688610
99 42 0.780884
99 43 0.796415
99 44 0.348111
99 45 0.931272
99 46 0.823714
99 47 0.632360
99 48 0.921352
99 49 0.715316
99 50 0.776849
100 0 0.525241
100 1 0.548770
100 2 0.558120
100 3 0.445948
100 4 0.735858
100 5 0.483690
100 6 0.830941
100 7 0.688855
100 8 0.231838
100 9 0.198643
100 10 0.311529
100 11 0.262512
100 12 0.300995
100 13 0.253204
100 14 0.301193
100 15 0.782359
100 16 0.699279
100 17 0.717405
100 18 0.708520
100 19 0.632424
100 20 0.711557
100 21 0.611951
100 22 0.745606
100 23 0.685558
100 24 0.745354
100 25 0.552967
100 26 0.677608
100 27 0.642048
100 28 0.179991
100 29 0.175063
100 30 0.228643
100 31 0.185129
100 32 0.130960
100 33 0.252345
100 34 0.818168
100 35 0.712638
100 36 0.746049
100 37 0.975399
100 38 0.642147
100 39 0.548444
100 40 0.644416
100 41 0.656577
100 42 0.443635
100 43 0.693387
100 44 0.176064
100 45 0.756073
100 46 0.911767
100 47 0.646985
100 48 0.547680
100 49 0.655079
100 50 0.440452
101 0 0.709112
101 1 0.742579
101 2 0.991354
101 3 0.568599
101 4 0.911153
101 5 0.623849
101 6 0.955836
101 7 0.995670
101 8 0.326071
101 9 0.306419
101 10 0.371185
101 11 0.380335
101 12 0.369499
101 13 0.348376
101 14 0.353651
101 15 0.957757
101 16 0.915186
101 17 0.908757
101 18 0.930503
101 19 0.726353
101 20 0.409852
101 21 0.957491
101 22 0.982827
101 23 0.976059
101 24 0.885438
101 25 0.828455
101 26 0.829439
101 27 0.885094
101 28 0.337628
101 29 0.341285
101 30 0.415015
101 31 0.351715
101 32 0.372181
101 33 0.415864
101 34 1.102058
101 35 0.839741
101 36 0.491052
101 37 0.683095
101 38 0.809240
101 39 0.522461
101 40 0.738702
101 41 0.675379
101 42 0.678785
101 43 0.918864
101 44 0.345704
101 45 0.502755
101 46 0.685766
101 47 0.814883
101 48 0.519519
101 49 0.679914
101 50 0.679244
102 0 0.736417
102 1 0.712373
102 2 0.781043
102 3 0.754729
102 4 0.801168
102 5 0.737814
102 6 0.800500
102 7 0.771493
102 8 0.329620
102 9 0.304277
102 10 0.339333
102 11 0.341414
102 12 0.328179
102 13 0.325183
102 14 0.321434
102 15 0.849522
102 16 0.860623
102 17 0.597997
102 18 0.884967
102 19 0.853086
102 20 0.863085
102 21 0.894886
102 22 0.702880
102 23 0.736409
102 24 0.705033
102 25 0.711534
102 26 0.701462
102 27 0.717452
102 28 0.241536
102 29 0.285079
102 30 0.310071
102 31 0.332536
102 32 0.289067
102 33 0.352438
102 34 0.813991
102 35 0.792592
102 36 0.701906
102 37 0.811811
102 38 0.837954
102 39 0.880423
102 40 0.843767
102 41 0.662981
102 42 0.796560
102 43 0.868295
102 44 0.332025
102 45 0.724859
102 46 0.837656
102 47 0.823902
102 48 0.850039
102 49 0.648202
102 50 0.807531
103 0 0.899520
103 1 0.927933
103 2 0.872971
103 3 0.899474
103 4 0.810273
103 5 0.944543
103 6 0.762214
103 7 0.893223
103 8 0.364391
103 9 0.313308
103 10 0.307561
103 11 0.362302
103 12 0.334146
103 13 0.340408
103 14 0.356032
103 15 0.987106
103 16 0.795992
103 17 1.018075
103 18 0.834735
103 19 0.558072
103 20 0.783989
103 21 0.675368
103 22 0.907931
103 23 0.799418
103 24 0.883803
103 25 0.887479
103 26 0.873639
103 27 0.885927
103 28 0.272711
103 29 0.280231
103 30 0.342834
103 31 0.360204
103 32 0.263131
103 33 0.427003
103 34 0.969632
103 35 0.877998
103 36 0.645616
103 37 1.008729
103 38 1.157199
103 39 0.852144
103 40 0.954177
103 41 1.037705
103 42 0.966879
103 43 0.787194
103 44 0.365661
103 45 0.631449
103 46 1.003879
103 47 1.179497
103 48 0.828218
103 49 1.039589
103 50 0.968644
104 0 0.755214
104 1 0.851571
104 2 0.795389
104 3 0.878305
104 4 0.775046
104 5 0.838488
104 6 0.885845
104 7 0.911513
104 8 0.339114
104 9 0.276825
104 10 0.300351
104 11 0.313174
104 12 0.308646
104 13 0.311167
104 14 0.303491
104 15 0.957310
104 16 0.777138
104 17 0.788446
104 18 0.809282
104 19 0.848846
104 20 0.968835
104 21 0.882712
104 22 0.812429
104 23 0.707366
104 24 0.915604
104 25 0.992356
104 26 0.983530
104 27 1.007240
104 28 0.286048
104 29 0.362992
104 30 0.335404
104 31 0.348691
104 32 0.341116
104 33 0.332044
104 34 0.883987
104 35 0.915940
104 36 0.762536
104 37 0.874978
104 38 0.569284
104 39 0.739056
104 40 0.862589
104 41 0.920410
104 42 0.700631
104 43 0.774504
104 44 0.358908
104 45 0.768137
104 46 0.883662
104 47 0.571907
104 48 0.722782
104 49 0.895999
104 50 0.714561
105 0 0.515895
105 1 0.927444
105 2 1.034771
105 3 0.942101
105 4 1.022635
105 5 0.985663
105 6 0.606150
105 7 1.090123
105 8 0.341858
105 9 0.355384
105 10 0.317512
105 11 0.344461
105 12 0.330887
105 13 0.332493
105 14 0.340914
105 15 0.992215
105 16 1.033757
105 17 1.071030
105 18 1.009997
105 19 1.141078
105 20 1.003091
105 21 1.263773
105 22 1.008545
105 23 0.965893
105 24 0.842344
105 25 1.254440
105 26 1.230083
105 27 0.977777
105 28 0.338408
105 29 0.352220
105 30 0.343061
105 31 0.325898
105 32 0.336730
105 33 0.406343
105 34 1.027588
105 35 0.812842
105 36 0.826681
105 37 0.795332
105 38 0.820517
105 39 0.942642
105 40 0.671577
105 41 1.183675
105 42 0.928542
105 43 1.054358
105 44 0.314604
105 45 0.841287
105 46 0.816408
105 47 0.800492
105 48 0.924244
105 49 1.141209
105 50 0.926490
106 0 0.891119
106 1 0.864886
106 2 1.028571
106 3 0.941157
106 4 1.025327
106 5 0.884797
106 6 1.147997
106 7 1.060332
106 8 0.360542
106 9 0.358763
106 10 0.459351
106 11 0.373238
106 12 0.360231
106 13 0.380241
106 14 0.404990
106 15 0.997893
106 16 0.966346
106 17 1.049525
106 18 0.918734
106 19 1.028207
106 20 1.028948
106 21 0.946433
106 22 1.025732
106 23 1.223363
106 24 1.028762
106 25 1.026902
106 26 1.025506
106 27 1.023149
106 28 0.381269
106 29 0.363877
106 30 0.360887
106 31 0.386184
106 32 0.388212
106 33 0.407269
106 34 0.943874
106 35 1.075324
106 36 0.967555
106 37 1.023442
106 38 1.024778
106 39 1.059722
106 40 0.893880
106 41 1.083492
106 42 0.908480
106 43 0.927976
106 44 0.388167
106 45 0.966692
106 46 1.012098
106 47 1.060241
106 48 1.064232
106 49 1.073366
106 50 0.916567
107 0 0.874783
107 1 0.858906
107 2 0.821826
107 3 0.683473
107 4 0.986673
107 5 0.937765
107 6 1.110768
107 7 1.206584
107 8 0.348684
107 9 0.394229
107 10 0.402356
107 11 0.361726
107 12 0.348859
107 13 0.372507
107 14 0.362920
107 15 1.220719
107 16 0.846101
107 17 1.305294
107 18 1.034228
107 19 1.031329
107 20 1.249844
107 21 1.184904
107 22 0.989658
107 23 0.995762
107 24 1.088695
107 25 0.906256
107 26 0.906474
107 27 0.872523
107 28 0.331855
107 29 0.368135
107 30 0.380264
107 31 0.361081
107 32 0.317104
107 33 0.448762
107 34 1.105942
107 35 1.148316
107 36 1.104524
107 37 1.050847
107 38 0.972589
107 39 0.890300
107 40 1.027112
107 41 0.808400
107 42 0.974706
107 43 0.837915
107 44 0.366314
107 45 1.076946
107 46 1.053282
107 47 0.943188
107 48 0.895684
107 49 0.794179
107 50 0.998862
108 0 1.201669
108 1 1.155283
108 2 1.105732
108 3 1.228138
108 4 1.063088
108 5 1.014480
108 6 1.389681
108 7 1.078111
108 8 0.452581
108 9 0.405182
108 10 0.401773
108 11 0.383034
108 12 0.405594
108 13 0.384789
108 14 0.390928
108 15 1.209548
108 16 1.225549
108 17 1.557144
108 18 1.267262
108 19 1.561595
108 20 1.255858
108 21 1.405363
108 22 1.003928
108 23 1.411361
108 24 0.993926
108 25 0.991400
108 26 1.084133
108 27 1.000116
108 28 0.385566
108 29 0.389670
108 30 0.383618
108 31 0.425087
108 32 0.380831
108 33 0.490548
108 34 1.127347
108 35 0.839196
108 36 1.153711
108 37 1.015477
108 38 1.521780
108 39 1.240232
108 40 0.762701
108 41 1.024124
108 42 1.396835
108 43 1.259767
108 44 0.437355
108 45 1.151344
108 46 1.015026
108 47 1.522328
108 48 1.238637
108 49 1.026400
108 50 1.409946
109 0 0.916396
109 1 0.960800
109 2 0.747907
109 3 0.957831
109 4 0.778396
109 5 0.942188
109 6 0.855307
109 7 0.774747
109 8 0.370095
109 9 0.387510
109 10 0.385906
109 11 0.389103
109 12 0.395069
109 13 0.379604
109 14 0.383224
109 15 0.915107
109 16 0.823517
109 17 0.941208
109 18 0.889566
109 19 0.891847
109 20 1.120867
109 21 0.938787
109 22 0.658166
109 23 0.893618
109 24 0.956281
109 25 0.910862
109 26 0.886357
109 27 0.644987
109 28 0.391346
109 29 0.385682
109 30 0.389765
109 31 0.334228
109 32 0.375542
109 33 0.340386
109 34 0.749892
109 35 0.976220
109 36 0.929818
109 37 0.782289
109 38 0.955108
109 39 0.760539
109 40 0.964068
109 41 0.980239
109 42 0.848451
109 43 0.821689
109 44 0.321617
109 45 0.951031
109 46 0.770208
109 47 0.949196
109 48 0.757292
109 49 0.976677
109 50 0.843211
110 0 1.143315
110 1 1.122470
110 2 1.194983
110 3 1.113868
110 4 1.147982
110 5 1.154910
110 6 1.156840
110 7 1.182405
110 8 0.417795
110 9 0.411286
110 10 0.402371
110 11 0.325842
110 12 0.376040
110 13 0.415745
110 14 0.358644
110 15 1.167165
110 16 1.167190
110 17 1.128063
110 18 1.243698
110 19 1.260273
110 20 0.870880
110 21 1.080557
110 22 1.376701
110 23 1.466985
110 24 1.061223
110 25 1.154487
110 26 1.245649
110 27 1.196048
110 28 0.412227
110 29 0.417257
110 30 0.398913
110 31 0.501846
110 32 0.420284
110 33 0.422053
110 34 1.241073
110 35 1.038818
110 36 1.155217
110 37 1.069295
110 38 1.046240
110 39 1.186392
110 40 1.126966
110 41 1.160045
110 42 0.827703
110 43 1.167942
110 44 0.405684
110 45 1.141841
110 46 1.061517
110 47 1.037129
110 48 1.254861
110 49 1.169984
110 50 0.825850
111 0 0.744134
111 1 0.855000
111 2 0.588021
111 3 0.442210
111 4 0.576487
111 5 0.320993
111 6 0.814184
111 7 0.777791
111 8 0.277626
111 9 0.276681
111 10 0.341347
111 11 0.282395
111 12 0.266608
111 13 0.352718
111 14 0.349229
111 15 0.489558
111 16 0.666698
111 17 0.343290
111 18 0.688493
111 19 0.553949
111 20 0.658699
111 21 0.467625
111 22 0.576947
111 23 0.605066
111 24 1.005543
111 25 0.769611
111 26 0.790162
111 27 0.777892
111 28 0.199526
111 29 0.299954
111 30 0.236097
111 31 0.217799
111 32 0.276196
111 33 0.362113
111 34 0.689023
111 35 0.964243
111 36 0.709782
111 37 0.803865
111 38 0.584635
111 39 0.760306
111 40 0.954816
111 41 0.802397
111 42 0.719607
111 43 0.670709
111 44 0.221820
111 45 0.721477
111 46 0.811387
111 47 0.564571
111 48 0.761382
111 49 0.792597
111 50 0.729555
112 0 1.203585
112 1 1.331251
112 2 1.345757
112 3 1.205309
112 4 1.366820
112 5 1.321306
112 6 1.128022
112 7 1.450832
112 8 0.456753
112 9 0.478384
112 10 0.463732
112 11 0.508491
112 12 0.513278
112 13 0.424235
112 14 0.513236
112 15 1.271632
112 16 1.283226
112 17 1.112631
112 18 1.342224
112 19 1.321498
112 20 1.245360
112 21 1.489057
112 22 1.132217
112 23 1.361802
112 24 1.178319
112 25 1.145176
112 26 1.113069
112 27 1.053090
112 28 0.446244
112 29 0.514000
112 30 0.455230
112 31 0.439690
112 32 0.511413
112 33 0.538973
112 34 1.246991
112 35 1.171784
112 36 0.857528
112 37 1.216949
112 38 1.021711
112 39 1.256812
112 40 1.289244
112 41 1.324720
112 42 1.181099
112 43 1.286648
112 44 0.453917
112 45 0.858757
112 46 1.213199
112 47 1.035858
112 48 1.267668
112 49 1.298957
112 50 1.183530
113 0 1.036447
113 1 1.023227
113 2 1.019454
113 3 1.048579
113 4 0.976183
113 5 0.997055
113 6 0.981729
113 7 0.875233
113 8 0.434389
113 9 0.378497
113 10 0.423602
113 11 0.398531
113 12 0.390627
113 13 0.427102
113 14 0.421489
113 15 1.062823
113 16 1.078213
113 17 1.013195
113 18 1.119126
113 19 1.061847
113 20 1.090063
113 21 0.846219
113 22 1.322552
113 23 1.317052
113 24 1.327770
113 25 1.166784
113 26 1.103638
113 27 1.295088
113 28 0.400649
113 29 0.391036
113 30 0.392800
113 31 0.409605
113 32 0.391783
113 33 0.471559
113 34 1.189629
113 35 1.008592
113 36 0.941140
113 37 1.207747
113 38 1.088748
113 39 1.011081
113 40 1.059620
113 41 0.722223
113 42 0.888334
113 43 1.101808
113 44 0.421645
113 45 0.942842
113 46 1.163232
113 47 1.096719
113 48 1.001569
113 49 0.739071
113 50 0.921146
114 0 0.743110
114 1 0.782081
114 2 0.984308
114 3 0.821324
114 4 1.130767
114 5 0.949468
114 6 1.239346
114 7 1.147560
114 8 0.438037
114 9 0.429470
114 10 0.368791
114 11 0.401558
114 12 0.409826
114 13 0.434058
114 14 0.406464
114 15 1.172367
114 16 1.080073
114 17 1.317755
114 18 1.113769
114 19 1.228541
114 20 1.209273
114 21 1.298209
114 22 1.023012
114 23 1.329175
114 24 0.938737
114 25 0.909690
114 26 0.886669
114 27 1.138062
114 28 0.353168
114 29 0.399829
114 30 0.395747
114 31 0.381134
114 32 0.373453
114 33 0.552773
114 34 1.140334
114 35 1.402133
114 36 1.002137
114 37 0.894040
114 38 1.565726
114 39 1.045924
114 40 0.780339
114 41 1.161429
114 42 0.927787
114 43 1.110258
114 44 0.383503
114 45 0.997061
114 46 0.890489
114 47 1.583256
114 48 1.036401
114 49 1.158815
114 50 0.930054
115 0 0.762075
115 1 0.896713
115 2 0.984715
115 3 0.958532
115 4 0.824660
115 5 0.970107
115 6 0.906029
115 7 1.034668
115 8 0.331877
115 9 0.290159
115 10 0.305022
115 11 0.338776
115 12 0.375715
115 13 0.363374
115 14 0.332742
115 15 0.980104
115 16 0.808998
115 17 0.846826
115 18 0.815024
115 19 0.678198
115 20 0.962261
115 21 0.705289
115 22 0.713923
115 23 0.782806
115 24 0.710727
115 25 0.716697
115 26 0.720822
115 27 0.710302
115 28 0.354274
115 29 0.336282
115 30 0.308916
115 31 0.359557
115 32 0.318134
115 33 0.402786
115 34 0.772914
115 35 0.933583
115 36 0.444298
115 37 1.034229
115 38 0.755414
115 39 0.660675
115 40 0.967893
115 41 0.715926
115 42 0.915177
115 43 0.782684
115 44 0.368794
115 45 0.428926
115 46 1.038438
115 47 0.773989
115 48 0.673985
115 49 0.720953
115 50 0.913040
116 0 1.100291
116 1 1.106787
116 2 0.972444
116 3 1.054709
116 4 0.948098
116 5 1.095496
116 6 0.808666
116 7 1.180514
116 8 0.460339
116 9 0.392882
116 10 0.417830
116 11 0.428992
116 12 0.386331
116 13 0.396431
116 14 0.371968
116 15 0.922312
116 16 1.128952
116 17 1.008841
116 18 1.229314
116 19 0.970133
116 20 1.107327
116 21 1.126691
116 22 0.821551
116 23 1.164584
116 24 1.261617
116 25 0.964843
116 26 0.943083
116 27 1.224204
116 28 0.398207
116 29 0.358709
116 30 0.416586
116 31 0.381369
116 32 0.365312
116 33 0.408291
116 34 0.903759
116 35 1.223379
116 36 1.159964
116 37 1.083088
116 38 0.904876
116 39 1.115551
116 40 1.074971
116 41 0.961650
116 42 1.044473
116 43 1.142977
116 44 0.384178
116 45 1.207693
116 46 1.062659
116 47 0.899728
116 48 1.050986
116 49 0.969133
116 50 1.037358
117 0 1.164281
117 1 1.207949
117 2 1.431236
117 3 1.190375
117 4 1.303272
117 5 1.382089
117 6 1.107954
117 7 1.490334
117 8 0.450566
117 9 0.474428
117 10 0.561298
117 11 0.477981
117 12 0.450242
117 13 0.477389
117 14 0.471612
117 15 1.273515
117 16 1.313833
117 17 1.352158
117 18 1.377961
117 19 0.913602
117 20 0.998862
117 21 1.000521
117 22 1.023527
117 23 1.099084
117 24 1.025908
117 25 1.019423
117 26 1.022641
117 27 1.032580
117 28 0.369840
117 29 0.442484
117 30 0.447469
117 31 0.426037
117 32 0.448392
117 33 0.587958
117 34 1.014862
117 35 1.052021
117 36 1.276637
117 37 1.024233
117 38 1.067587
117 39 1.401931
117 40 1.268062
117 41 1.238374
117 42 1.116110
117 43 1.323692
117 44 0.423415
117 45 1.273324
117 46 1.021298
117 47 1.082660
117 48 1.381873
117 49 1.252901
117 50 1.111976
118 0 1.237922
118 1 1.252713
118 2 1.344235
118 3 1.293954
118 4 1.140744
118 5 1.273666
118 6 1.264666
118 7 1.231611
118 8 0.439726
118 9 0.437954
118 10 0.475699
118 11 0.432193
118 12 0.431063
118 13 0.478898
118 14 0.438172
118 15 1.339290
118 16 1.274739
118 17 1.215916
118 18 1.174618
118 19 1.268111
118 20 1.247973
118 21 1.105476
118 22 0.814325
118 23 1.303464
118 24 1.237726
118 25 1.073225
118 26 1.056005
118 27 1.319319
118 28 0.384713
118 29 0.419516
118 30 0.408022
118 31 0.397623
118 32 0.406354
118 33 0.408974
118 34 0.917847
118 35 1.200083
118 36 1.399353
118 37 1.107001
118 38 1.197554
118 39 1.117907
118 40 1.246989
118 41 1.321887
118 42 1.049036
118 43 1.282702
118 44 0.397149
118 45 1.297337
118 46 1.111779
118 47 1.196417
118 48 1.102604
118 49 1.318585
118 50 1.026069
119 0 1.202999
119 1 1.206480
119 2 1.106596
119 3 1.210738
119 4 1.309077
119 5 1.147861
119 6 1.261184
119 7 1.131021
119 8 0.417263
119 9 0.446974
119 10 0.414966
119 11 0.515593
119 12 0.444712
119 13 0.436111
119 14 0.455725
119 15 1.242501
119 16 1.334716
119 17 1.243263
119 18 1.333154
119 19 1.250303
119 20 1.138162
119 21 1.263035
119 22 1.291316
119 23 1.321143
119 24 1.278148
119 25 1.162625
119 26 1.155666
119 27 1.267036
119 28 0.538105
119 29 0.401353
119 30 0.441148
119 31 0.464537
119 32 0.413510
119 33 0.428439
119 34 1.311024
119 35 1.196602
119 36 0.980166
119 37 0.823033
119 38 1.437872
119 39 0.813790
119 40 1.230810
119 41 0.979773
119 42 1.109553
119 43 1.325772
119 44 0.469109
119 45 0.966842
119 46 0.845606
119 47 1.456628
119 48 0.796528
119 49 0.963780
119 50 1.114229
120 0 1.391482
120 1 1.437565
120 2 1.661821
120 3 1.463432
120 4 1.476337
120 5 1.501405
120 6 1.496661
120 7 1.576658
120 8 0.585904
120 9 0.615086
120 10 0.595120
120 11 0.558188
120 12 0.571024
120 13 0.558510
120 14 0.640394
120 15 1.449762
120 16 1.423018
120 17 1.361500
120 18 1.505047
120 19 1.324763
120 20 1.577506
120 21 1.376149
120 22 1.224179
120 23 1.315435
120 24 1.302746
120 25 1.262946
120 26 1.280832
120 27 1.289859
120 28 0.587432
120 29 0.551836
120 30 0.667188
120 31 0.526481
120 32 0.576583
120 33 0.598432
120 34 1.422916
120 35 1.390362
120 36 1.231303
120 37 1.352666
120 38 1.335855
120 39 1.448601
120 40 1.414595
120 41 1.347795
120 42 1.126931
120 43 1.409894
120 44 0.512506
120 45 1.230317
120 46 1.354273
120 47 1.423052
120 48 1.418307
120 49 1.351949
120 50 1.124971
