21 0 0.130237
21 3 0.144401
21 1 0.161416
21 2 0.171799
21 7 0.186580
21 8 0.189347
21 5 0.198869
21 6 0.207520
21 4 0.225691
21 11 0.227623
21 14 0.243023
21 9 0.255249
21 12 0.259873
21 10 0.267388
21 31 0.250748
21 13 0.278996
21 16 0.278891
21 30 0.259810
21 32 0.257742
21 33 0.260122
21 25 0.272312
21 17 0.284316
21 29 0.270631
21 15 0.290210
21 18 0.287125
21 39 0.257472
21 20 0.285011
21 44 0.249904
21 24 0.280166
21 19 0.289622
21 45 0.253438
21 38 0.265947
21 35 0.270688
21 23 0.289748
21 42 0.263537
21 36 0.273264
21 43 0.262948
21 28 0.285683
21 26 0.289427
21 21 0.296616
21 27 0.289321
21 40 0.271042
21 47 0.261668
21 37 0.279091
21 22 0.300500
21 50 0.259942
21 34 0.284094
21 46 0.272855
21 41 0.280261
21 48 0.273785
21 49 0.275302
22 5 0.153609
22 0 0.164756
22 4 0.190828
22 3 0.208340
22 6 0.210011
22 2 0.237390
22 10 0.231588
22 9 0.235261
22 1 0.264560
22 7 0.265057
22 8 0.267453
22 13 0.272247
22 29 0.259883
22 12 0.289486
22 44 0.250638
22 11 0.290911
22 31 0.272843
22 33 0.272400
22 15 0.296671
22 16 0.296932
22 25 0.286243
22 28 0.284364
22 41 0.270291
22 30 0.283523
22 34 0.278892
22 26 0.290808
22 20 0.298539
22 37 0.277451
22 19 0.301453
22 18 0.302577
22 14 0.308838
22 32 0.287592
22 27 0.295329
22 21 0.304149
22 17 0.311455
22 39 0.284281
22 40 0.283759
22 50 0.271103
22 35 0.289791
22 49 0.276858
22 47 0.282231
22 23 0.311929
22 36 0.295444
22 43 0.289665
22 24 0.314129
22 46 0.287554
22 45 0.290456
22 38 0.300624
22 42 0.296117
22 22 0.321924
22 48 0.295525
23 0 0.153836
23 4 0.175757
23 1 0.186129
23 2 0.196395
23 5 0.202527
23 3 0.218558
23 8 0.229755
23 6 0.238025
23 9 0.254551
23 12 0.260635
23 29 0.249808
23 30 0.252440
23 13 0.274965
23 7 0.294475
23 32 0.266221
23 42 0.261270
23 31 0.277125
23 14 0.302827
23 24 0.291153
23 28 0.289301
23 18 0.304206
23 23 0.297236
23 35 0.281125
23 25 0.295455
23 37 0.281244
23 27 0.294275
23 11 0.316689
23 10 0.318885
23 50 0.266908
23 40 0.283139
23 39 0.286362
23 20 0.311719
23 44 0.277993
23 26 0.305146
23 16 0.318890
23 38 0.291195
23 34 0.295150
23 17 0.319475
23 33 0.298024
23 36 0.295493
23 21 0.318033
23 46 0.285536
23 15 0.327860
23 47 0.286190
23 48 0.286665
23 45 0.293381
23 19 0.330058
23 41 0.303478
23 43 0.302825
23 22 0.334190
23 49 0.300374
24 0 0.157412
24 3 0.177202
24 4 0.180558
24 1 0.206038
24 2 0.220333
24 7 0.223433
24 6 0.252532
24 10 0.249311
24 8 0.256202
24 12 0.252443
24 13 0.252044
24 5 0.266527
24 9 0.280940
24 20 0.266899
24 11 0.288459
24 28 0.269783
24 24 0.279420
24 26 0.280083
24 31 0.276258
24 16 0.297680
24 15 0.300040
24 17 0.298431
24 32 0.279934
24 48 0.256877
24 39 0.270659
24 29 0.285543
24 14 0.306952
24 46 0.263795
24 22 0.297774
24 30 0.287311
24 27 0.291048
24 19 0.302040
24 38 0.277617
24 33 0.285973
24 37 0.280090
24 44 0.271158
24 41 0.275704
24 34 0.286292
24 42 0.276356
24 23 0.304426
24 25 0.301845
24 50 0.268293
24 45 0.278370
24 21 0.311453
24 35 0.296264
24 40 0.290558
24 47 0.280737
24 49 0.277400
24 36 0.296775
24 43 0.288974
24 18 0.324096
25 0 0.167709
25 5 0.168160
25 4 0.180279
25 2 0.198516
25 1 0.207467
25 6 0.213944
25 3 0.221805
25 8 0.222402
25 13 0.244125
25 9 0.248924
25 12 0.261183
25 10 0.265480
25 7 0.278050
25 20 0.267327
25 11 0.280007
25 44 0.260529
25 33 0.275075
25 14 0.299519
25 31 0.280172
25 19 0.297846
25 16 0.303316
25 21 0.297904
25 29 0.289418
25 36 0.282075
25 39 0.278312
25 34 0.289501
25 28 0.297329
25 45 0.276613
25 27 0.299598
25 15 0.316675
25 41 0.285577
25 26 0.306031
25 40 0.292863
25 32 0.303202
25 43 0.291412
25 23 0.318022
25 35 0.304852
25 22 0.321627
25 37 0.303701
25 38 0.302446
25 30 0.312851
25 47 0.292236
25 50 0.288135
25 17 0.332972
25 42 0.301459
25 25 0.324065
25 48 0.295006
25 49 0.294404
25 24 0.330664
25 46 0.302733
25 18 0.344628
26 6 0.145876
26 0 0.168106
26 5 0.166451
26 1 0.190864
26 4 0.200693
26 3 0.207735
26 2 0.223173
26 10 0.241093
26 9 0.248165
26 8 0.256966
26 21 0.248426
26 19 0.251435
26 33 0.238594
26 12 0.266084
26 22 0.255876
26 14 0.266723
26 13 0.268558
26 32 0.249683
26 46 0.231261
26 34 0.251764
26 44 0.242151
26 20 0.276011
26 29 0.265961
26 17 0.283903
26 11 0.289961
26 42 0.250319
26 38 0.258609
26 23 0.281559
26 31 0.271232
26 50 0.245642
26 41 0.257980
26 24 0.284091
26 25 0.284283
26 48 0.253222
26 16 0.298258
26 7 0.307116
26 39 0.267762
26 28 0.284055
26 47 0.258056
26 49 0.256534
26 37 0.273683
26 36 0.276085
26 26 0.291778
26 30 0.285648
26 27 0.293059
26 40 0.273534
26 18 0.307773
26 35 0.285701
26 15 0.314290
26 43 0.279717
26 45 0.283608
27 0 0.148601
27 5 0.164187
27 4 0.185083
27 1 0.207596
27 6 0.205165
27 2 0.226973
27 3 0.259164
27 8 0.254703
27 7 0.259931
27 10 0.293233
27 34 0.265531
27 12 0.292482
27 9 0.296177
27 26 0.277455
27 11 0.294743
27 13 0.293555
27 17 0.291087
27 33 0.272515
27 32 0.273951
27 21 0.289310
27 23 0.286561
27 20 0.291974
27 16 0.296736
27 25 0.286165
27 42 0.264690
27 19 0.296161
27 38 0.270666
27 44 0.264687
27 47 0.260987
27 43 0.268196
27 28 0.288312
27 31 0.285580
27 15 0.305666
27 30 0.289252
27 22 0.299513
27 24 0.297412
27 50 0.262482
27 46 0.269873
27 14 0.311012
27 37 0.282704
27 27 0.296637
27 29 0.294769
27 39 0.283034
27 18 0.313432
27 41 0.283662
27 48 0.274610
27 45 0.281948
27 35 0.298855
27 49 0.280823
27 40 0.299589
27 36 0.304588
28 0 0.168496
28 3 0.179307
28 2 0.183204
28 4 0.182484
28 1 0.215902
28 5 0.217579
28 8 0.242117
28 7 0.243629
28 12 0.266271
28 14 0.272274
28 10 0.280840
28 6 0.288350
28 20 0.291864
28 16 0.297333
28 9 0.305090
28 19 0.298246
28 18 0.301081
28 15 0.304595
28 29 0.285785
28 43 0.269150
28 24 0.294810
28 11 0.313711
28 27 0.294461
28 17 0.309297
28 32 0.288560
28 21 0.304161
28 22 0.304627
28 49 0.267066
28 13 0.318030
28 41 0.280462
28 35 0.290694
28 30 0.298954
28 40 0.286003
28 36 0.292547
28 42 0.285372
28 25 0.310393
28 28 0.308135
28 31 0.305416
28 44 0.291034
28 50 0.281157
28 46 0.289202
28 33 0.307120
28 34 0.305457
28 23 0.322600
28 26 0.318710
28 38 0.303253
28 45 0.296168
28 37 0.311972
28 47 0.299183
28 48 0.298957
28 39 0.313557
29 0 0.155857
29 4 0.196683
29 5 0.202062
29 1 0.210838
29 10 0.228158
29 8 0.233920
29 2 0.247852
29 3 0.278634
29 9 0.287521
29 11 0.291748
29 7 0.298191
29 13 0.293386
29 29 0.279734
29 14 0.299728
29 31 0.279931
29 12 0.309036
29 30 0.292305
29 28 0.305575
29 15 0.327904
29 34 0.307465
29 16 0.331808
29 33 0.312780
29 23 0.331914
29 44 0.305841
29 43 0.307774
29 19 0.342153
29 38 0.316968
29 47 0.309040
29 22 0.344464
29 20 0.349559
29 42 0.318282
29 18 0.359308
29 49 0.317243
29 40 0.331076
29 25 0.352728
29 17 0.365319
29 35 0.340467
29 39 0.337014
29 32 0.354147
29 41 0.341145
29 21 0.372477
29 26 0.365662
29 6 0.390596
29 45 0.342566
29 27 0.369122
29 24 0.375637
29 46 0.347496
29 48 0.345179
29 37 0.360324
29 36 0.366482
29 50 0.355834
30 0 0.178365
30 6 0.193055
30 3 0.196591
30 2 0.222555
30 8 0.230776
30 4 0.246529
30 1 0.258719
30 9 0.280091
30 10 0.324664
30 28 0.304380
30 32 0.299412
30 38 0.291631
30 7 0.332297
30 16 0.326085
30 12 0.330628
30 14 0.329752
30 21 0.322629
30 13 0.331557
30 29 0.312990
30 20 0.325732
30 19 0.326940
30 11 0.335300
30 23 0.323447
30 40 0.300173
30 15 0.333845
30 5 0.344242
30 41 0.302330
30 27 0.322212
30 48 0.293700
30 45 0.298110
30 34 0.311405
30 22 0.329953
30 25 0.326538
30 30 0.322432
30 44 0.303758
30 36 0.312889
30 33 0.319707
30 17 0.341562
30 47 0.302870
30 24 0.336523
30 26 0.337122
30 31 0.331162
30 50 0.306761
30 46 0.312660
30 42 0.320037
30 43 0.321504
30 37 0.329106
30 49 0.316690
30 35 0.334890
30 18 0.362155
30 39 0.333474
31 6 0.180856
31 1 0.209495
31 0 0.213607
31 3 0.220816
31 2 0.246274
31 5 0.248015
31 8 0.257577
31 20 0.265234
31 9 0.284150
31 12 0.298137
31 32 0.275582
31 27 0.285180
31 44 0.261239
31 10 0.314157
31 19 0.305799
31 17 0.308773
31 25 0.299695
31 21 0.305219
31 11 0.319308
31 13 0.318525
31 23 0.307793
31 46 0.276898
31 24 0.307894
31 50 0.272954
31 41 0.285372
31 42 0.290878
31 22 0.320875
31 31 0.309124
31 33 0.309140
31 28 0.316741
31 29 0.316453
31 26 0.323189
31 7 0.343984
31 4 0.347107
31 37 0.311063
31 35 0.317654
31 14 0.344541
31 38 0.313851
31 30 0.325769
31 34 0.322793
31 45 0.309416
31 49 0.305293
31 47 0.310543
31 15 0.354816
31 16 0.356802
31 36 0.335597
31 39 0.337815
31 48 0.328818
31 40 0.346714
31 18 0.381044
31 43 0.349206
32 0 0.194519
32 7 0.197421
32 4 0.211624
32 1 0.218919
32 2 0.255058
32 3 0.262467
32 8 0.258938
32 14 0.278986
32 10 0.282698
32 12 0.290132
32 9 0.307078
32 28 0.290614
32 5 0.315478
32 11 0.317729
32 6 0.328236
32 29 0.306237
32 31 0.304154
32 32 0.303444
32 13 0.329070
32 33 0.319490
32 35 0.322137
32 30 0.331929
32 40 0.318833
32 20 0.346342
32 44 0.316216
32 26 0.343330
32 42 0.321915
32 24 0.348892
32 27 0.345033
32 45 0.322031
32 17 0.361687
32 46 0.332840
32 43 0.336929
32 23 0.366053
32 18 0.373258
32 22 0.368776
32 25 0.367373
32 16 0.378634
32 36 0.353737
32 19 0.377600
32 34 0.358532
32 39 0.352058
32 50 0.336949
32 21 0.378132
32 37 0.360296
32 15 0.395932
32 47 0.354069
32 41 0.367208
32 48 0.358162
32 38 0.373183
32 49 0.366496
33 2 0.199806
33 0 0.215060
33 4 0.268096
33 10 0.269087
33 1 0.282059
33 8 0.292516
33 9 0.311594
33 31 0.287702
33 12 0.316513
33 32 0.294251
33 14 0.333547
33 29 0.315945
33 11 0.348494
33 3 0.359266
33 6 0.356971
33 30 0.329523
33 33 0.326497
33 15 0.354086
33 13 0.356467
33 18 0.352082
33 5 0.365583
33 28 0.338231
33 44 0.341752
33 7 0.393235
33 22 0.377558
33 16 0.385783
33 21 0.379508
33 17 0.385955
33 26 0.376250
33 38 0.367527
33 19 0.393923
33 39 0.368607
33 23 0.392104
33 20 0.398089
33 24 0.397845
33 42 0.374372
33 35 0.384466
33 43 0.374398
33 27 0.395449
33 25 0.401385
33 36 0.387380
33 48 0.385070
33 50 0.385611
33 47 0.392672
33 40 0.405086
33 49 0.390676
33 34 0.416086
33 45 0.403622
33 46 0.405449
33 41 0.415840
33 37 0.427693
34 3 0.185033
34 0 0.204247
34 2 0.217252
34 1 0.222315
34 11 0.220190
34 4 0.248672
34 5 0.258867
34 10 0.273931
34 8 0.293005
34 6 0.334567
34 33 0.304223
34 30 0.310791
34 13 0.332780
34 12 0.335278
34 9 0.339099
34 14 0.334716
34 16 0.333598
34 28 0.319586
34 19 0.330132
34 44 0.301605
34 26 0.325688
34 32 0.318519
34 21 0.333786
34 15 0.343956
34 38 0.316395
34 18 0.342538
34 7 0.357328
34 39 0.319798
34 43 0.315120
34 37 0.324134
34 22 0.345958
34 31 0.335567
34 17 0.357504
34 50 0.313261
34 29 0.346436
34 25 0.356992
34 20 0.363973
34 45 0.338730
34 47 0.335137
34 42 0.348090
34 41 0.349642
34 34 0.359801
34 23 0.376672
34 27 0.379587
34 36 0.367730
34 49 0.349297
34 46 0.355743
34 35 0.372174
34 24 0.387560
34 48 0.361601
34 40 0.376116
35 8 0.231907
35 0 0.254482
35 1 0.273279
35 4 0.313501
35 3 0.317487
35 6 0.322334
35 9 0.325060
35 5 0.331144
35 29 0.349982
35 30 0.352736
35 14 0.373650
35 10 0.385211
35 33 0.358137
35 25 0.372488
35 2 0.398052
35 21 0.380903
35 17 0.388118
35 23 0.381168
35 13 0.395624
35 32 0.372615
35 15 0.395383
35 22 0.388212
35 44 0.359316
35 11 0.407934
35 18 0.401646
35 31 0.385795
35 49 0.360613
35 12 0.410924
35 50 0.360722
35 36 0.383522
35 16 0.410657
35 28 0.396561
35 35 0.386178
35 46 0.371264
35 24 0.403744
35 20 0.418281
35 47 0.381502
35 19 0.424317
35 34 0.407812
35 26 0.421873
35 42 0.405514
35 38 0.413896
35 48 0.399378
35 43 0.419450
35 37 0.429611
35 41 0.423733
35 27 0.447101
35 39 0.438176
35 40 0.440824
35 7 0.490207
35 45 0.445843
36 0 0.156947
36 4 0.213127
36 3 0.221327
36 2 0.224358
36 1 0.230564
36 9 0.229794
36 8 0.248168
36 10 0.252601
36 6 0.274295
36 32 0.285993
36 14 0.313596
36 12 0.316928
36 19 0.317702
36 29 0.306007
36 34 0.315673
36 22 0.332973
36 42 0.305229
36 50 0.294483
36 16 0.342424
36 30 0.325109
36 23 0.335312
36 28 0.328768
36 13 0.348312
36 46 0.305464
36 21 0.341264
36 38 0.316933
36 5 0.359830
36 24 0.347038
36 31 0.341605
36 26 0.349273
36 7 0.372230
36 11 0.369484
36 17 0.367557
36 44 0.330954
36 27 0.358112
36 18 0.371093
36 45 0.336360
36 33 0.360845
36 20 0.382835
36 48 0.344560
36 25 0.376878
36 36 0.364438
36 15 0.396826
36 40 0.363695
36 37 0.369396
36 47 0.356441
36 39 0.367245
36 43 0.365385
36 35 0.389034
36 49 0.369132
36 41 0.382594
37 2 0.244288
37 0 0.246765
37 4 0.245075
37 6 0.260260
37 11 0.268926
37 8 0.316627
37 10 0.314628
37 13 0.312314
37 5 0.320514
37 12 0.318382
37 9 0.323858
37 33 0.297355
37 29 0.316499
37 32 0.312907
37 28 0.319982
37 30 0.319577
37 1 0.352373
37 44 0.308751
37 7 0.357293
37 31 0.341458
37 27 0.347805
37 14 0.373431
37 16 0.377208
37 17 0.377028
37 24 0.368887
37 3 0.394482
37 15 0.389848
37 37 0.362551
37 20 0.387141
37 23 0.387805
37 45 0.357703
37 19 0.396796
37 38 0.373600
37 26 0.396859
37 25 0.402521
37 46 0.374883
37 21 0.413876
37 36 0.394519
37 48 0.380672
37 50 0.385626
37 43 0.398557
37 34 0.416602
37 42 0.408384
37 47 0.408544
37 40 0.422522
37 18 0.452923
37 41 0.423238
37 35 0.435990
37 22 0.454908
37 39 0.434502
37 49 0.425073
38 0 0.259807
38 6 0.315819
38 12 0.310852
38 13 0.322654
38 4 0.339782
38 1 0.350458
38 44 0.301514
38 3 0.355552
38 11 0.348669
38 5 0.354728
38 10 0.353579
38 8 0.373227
38 18 0.380101
38 30 0.367915
38 9 0.390951
38 33 0.365090
38 16 0.404279
38 14 0.406939
38 2 0.420921
38 15 0.412095
38 28 0.397287
38 31 0.394601
38 17 0.413098
38 32 0.394593
38 29 0.399307
38 20 0.413718
38 25 0.410012
38 7 0.438776
38 21 0.429715
38 26 0.427071
38 23 0.449118
38 27 0.444820
38 22 0.455266
38 24 0.450888
38 19 0.458521
38 43 0.433533
38 48 0.427141
38 47 0.430796
38 40 0.445122
38 37 0.455088
38 34 0.460032
38 41 0.451443
38 39 0.455769
38 35 0.467693
38 42 0.462094
38 36 0.472158
38 45 0.473247
38 49 0.467037
38 38 0.483179
38 50 0.467137
38 46 0.474345
39 0 0.209273
39 3 0.237808
39 9 0.251698
39 10 0.265119
39 2 0.297580
39 5 0.298504
39 13 0.292987
39 11 0.298127
39 1 0.310540
39 20 0.292435
39 8 0.315311
39 33 0.292395
39 14 0.319358
39 17 0.318354
39 28 0.319265
39 30 0.320873
39 31 0.333669
39 4 0.366248
39 19 0.353359
39 39 0.340417
39 21 0.364791
39 32 0.354377
39 36 0.350573
39 6 0.384979
39 12 0.379849
39 22 0.372596
39 25 0.371372
39 44 0.346447
39 48 0.341633
39 37 0.359610
39 24 0.385518
39 29 0.382056
39 40 0.369734
39 16 0.401993
39 26 0.392264
39 7 0.421068
39 45 0.376730
39 18 0.414737
39 23 0.412396
39 15 0.422605
39 41 0.390663
39 46 0.387185
39 27 0.422143
39 35 0.412974
39 43 0.402636
39 49 0.395840
39 50 0.407832
39 42 0.422727
39 47 0.421989
39 38 0.434959
39 34 0.445286
40 22 0.299317
40 6 0.317574
40 8 0.335468
40 9 0.338041
40 13 0.339908
40 0 0.364255
40 18 0.357017
40 21 0.359641
40 19 0.365252
40 31 0.354554
40 38 0.347649
40 16 0.370963
40 3 0.390273
40 44 0.350687
40 12 0.390734
40 32 0.372813
40 34 0.374472
40 40 0.373396
40 33 0.387592
40 42 0.383469
40 26 0.412693
40 10 0.434397
40 5 0.450925
40 1 0.454167
40 17 0.444570
40 14 0.447778
40 4 0.456485
40 30 0.433308
40 28 0.436304
40 11 0.453036
40 23 0.453987
40 24 0.456138
40 29 0.464158
40 20 0.477364
40 47 0.451303
40 43 0.463933
40 50 0.453984
40 15 0.496770
40 7 0.506950
40 46 0.465639
40 35 0.483840
40 49 0.468861
40 41 0.483846
40 2 0.522989
40 45 0.480550
40 39 0.489865
40 37 0.494793
40 36 0.497000
40 48 0.484687
40 27 0.513149
40 25 0.531154
41 13 0.264238
41 3 0.278606
41 9 0.284737
41 11 0.335258
41 5 0.341263
41 1 0.345229
41 32 0.318083
41 0 0.355177
41 10 0.347039
41 12 0.345552
41 30 0.323819
41 31 0.326758
41 4 0.358944
41 6 0.357956
41 33 0.325952
41 44 0.322154
41 16 0.381490
41 29 0.364082
41 8 0.395169
41 14 0.389877
41 28 0.373228
41 2 0.402736
41 17 0.395996
41 35 0.373137
41 20 0.399609
41 15 0.413219
41 36 0.390810
41 7 0.427952
41 43 0.382113
41 26 0.414042
41 27 0.416830
41 22 0.423572
41 39 0.404115
41 46 0.395462
41 48 0.397220
41 21 0.449940
41 37 0.430620
41 19 0.456682
41 18 0.458601
41 42 0.425264
41 47 0.422318
41 41 0.440016
41 45 0.437448
41 25 0.467015
41 50 0.432110
41 23 0.470777
41 34 0.467753
41 38 0.462463
41 49 0.457390
41 24 0.501914
41 40 0.480524
42 0 0.220269
42 8 0.248965
42 1 0.280354
42 4 0.285506
42 12 0.283229
42 2 0.295338
42 9 0.301124
42 3 0.325901
42 10 0.347469
42 20 0.344085
42 14 0.351079
42 11 0.357068
42 29 0.335467
42 13 0.357549
42 30 0.336274
42 17 0.354097
42 5 0.366773
42 34 0.340855
42 28 0.349915
42 44 0.327994
42 39 0.336064
42 23 0.362270
42 31 0.355229
42 7 0.384110
42 22 0.372295
42 33 0.357222
42 32 0.363380
42 38 0.357193
42 24 0.384190
42 6 0.413224
42 21 0.398664
42 19 0.401306
42 47 0.368599
42 37 0.384942
42 48 0.370852
42 46 0.378644
42 40 0.387041
42 26 0.408376
42 18 0.423768
42 16 0.428640
42 43 0.391760
42 27 0.421547
42 36 0.411236
42 41 0.405577
42 35 0.416118
42 15 0.444588
42 49 0.396803
42 50 0.398004
42 25 0.434190
42 42 0.423199
42 45 0.422701
43 3 0.229475
43 0 0.255272
43 11 0.289929
43 8 0.306502
43 9 0.314378
43 5 0.325345
43 10 0.326159
43 12 0.327418
43 13 0.327537
43 31 0.305186
43 2 0.360436
43 4 0.367473
43 1 0.373812
43 44 0.325101
43 28 0.349779
43 30 0.353335
43 32 0.357794
43 14 0.384708
43 29 0.377412
43 18 0.405680
43 7 0.423237
43 42 0.384811
43 19 0.430435
43 15 0.438087
43 33 0.417852
43 41 0.412081
43 17 0.445603
43 6 0.460683
43 38 0.428833
43 20 0.454586
43 46 0.419497
43 48 0.418882
43 16 0.462671
43 23 0.461126
43 39 0.441027
43 27 0.464200
43 50 0.436299
43 47 0.442496
43 24 0.477187
43 21 0.487153
43 36 0.472484
43 49 0.460226
43 22 0.499131
43 43 0.473365
43 37 0.484806
43 35 0.494035
43 34 0.495899
43 40 0.488799
43 45 0.486896
43 26 0.520012
43 25 0.524377
44 9 0.230926
44 0 0.280404
44 8 0.304914
44 5 0.315500
44 10 0.334843
44 44 0.293249
44 12 0.339723
44 28 0.317629
44 3 0.356851
44 1 0.364755
44 29 0.331725
44 2 0.364812
44 14 0.354683
44 13 0.375357
44 4 0.389951
44 30 0.358628
44 32 0.389267
44 11 0.423548
44 33 0.395107
44 15 0.449745
44 31 0.432289
44 7 0.464036
44 17 0.470512
44 42 0.452235
44 43 0.461408
44 6 0.517680
44 35 0.488690
44 37 0.500004
44 25 0.524199
44 47 0.498511
44 21 0.538654
44 41 0.513978
44 39 0.517494
44 46 0.507729
44 24 0.547934
44 45 0.524752
44 40 0.533922
44 16 0.570105
44 22 0.561035
44 36 0.542129
44 50 0.524984
44 18 0.574574
44 19 0.575965
44 27 0.583868
44 38 0.571167
44 20 0.614636
44 26 0.611112
44 34 0.609880
44 49 0.590879
44 23 0.637823
44 48 0.610034
45 8 0.247575
45 31 0.316355
45 44 0.301720
45 32 0.326212
45 14 0.360450
45 0 0.385870
45 12 0.380547
45 33 0.363360
45 11 0.406237
45 10 0.420025
45 29 0.399260
45 3 0.438904
45 1 0.440941
45 30 0.412265
45 9 0.450997
45 6 0.458984
45 13 0.458164
45 2 0.471185
45 28 0.441870
45 4 0.478784
45 7 0.506938
45 5 0.517465
45 16 0.522490
45 25 0.519378
45 38 0.519763
45 17 0.558223
45 41 0.542442
45 15 0.585814
45 21 0.593377
45 26 0.586332
45 18 0.598254
45 22 0.596752
45 20 0.606493
45 36 0.584182
45 19 0.613887
45 37 0.589967
45 27 0.611541
45 35 0.600786
45 50 0.579712
45 47 0.590967
45 34 0.613764
45 46 0.599903
45 48 0.599260
45 23 0.636644
45 43 0.614085
45 40 0.624863
45 49 0.611130
45 39 0.634678
45 42 0.633645
45 24 0.669153
45 45 0.640405
46 10 0.330992
46 8 0.369437
46 30 0.350748
46 31 0.388841
46 12 0.417190
46 44 0.386489
46 28 0.421139
46 0 0.462873
46 38 0.439923
46 14 0.466479
46 2 0.480146
46 32 0.459754
46 11 0.484485
46 13 0.483648
46 33 0.466082
46 26 0.482288
46 3 0.507518
46 20 0.493415
46 5 0.519831
46 9 0.517915
46 29 0.511970
46 4 0.537700
46 15 0.529119
46 6 0.565887
46 27 0.552000
46 19 0.559589
46 24 0.561027
46 22 0.567792
46 35 0.563230
46 18 0.583622
46 16 0.585742
46 21 0.589164
46 7 0.607532
46 25 0.598300
46 41 0.588325
46 47 0.580767
46 1 0.629939
46 37 0.599800
46 46 0.588874
46 49 0.590553
46 42 0.599849
46 50 0.590694
46 48 0.593173
46 43 0.606077
46 39 0.616028
46 17 0.649953
46 36 0.641444
46 45 0.631692
46 40 0.642616
46 23 0.658430
46 34 0.683233
47 9 0.249845
47 8 0.311052
47 28 0.302242
47 31 0.301243
47 14 0.338479
47 12 0.345537
47 33 0.319649
47 5 0.369812
47 30 0.349080
47 1 0.397664
47 4 0.415167
47 10 0.410637
47 3 0.430049
47 11 0.444876
47 32 0.420084
47 13 0.446209
47 23 0.434740
47 44 0.405630
47 0 0.463861
47 29 0.448147
47 24 0.455664
47 39 0.436875
47 48 0.425973
47 22 0.462466
47 43 0.438914
47 41 0.451354
47 16 0.488376
47 7 0.502029
47 27 0.478708
47 36 0.466898
47 34 0.483618
47 35 0.488499
47 25 0.503387
47 26 0.506904
47 21 0.517580
47 2 0.553224
47 20 0.539536
47 15 0.557022
47 45 0.529979
47 49 0.527688
47 46 0.543231
47 37 0.556410
47 47 0.542467
47 17 0.587241
47 40 0.556203
47 19 0.595445
47 38 0.577817
47 6 0.619806
47 18 0.622782
47 50 0.580154
47 42 0.603254
48 3 0.265807
48 2 0.350237
48 30 0.333308
48 9 0.361313
48 0 0.373685
48 8 0.367990
48 1 0.375916
48 29 0.363442
48 4 0.392064
48 11 0.388512
48 14 0.386979
48 33 0.363633
48 7 0.396042
48 13 0.393147
48 44 0.367976
48 12 0.419189
48 28 0.403231
48 20 0.423782
48 31 0.412351
48 32 0.441729
48 6 0.492499
48 18 0.483839
48 5 0.501554
48 10 0.498719
48 15 0.497983
48 34 0.492906
48 26 0.517906
48 35 0.515916
48 43 0.523041
48 17 0.559840
48 45 0.553852
48 19 0.592274
48 40 0.569217
48 25 0.594403
48 27 0.609981
48 24 0.619056
48 36 0.602483
48 38 0.600594
48 16 0.631156
48 23 0.626810
48 22 0.630243
48 50 0.594091
48 48 0.597311
48 42 0.607044
48 39 0.614437
48 21 0.650086
48 47 0.612499
48 41 0.631023
48 49 0.619390
48 37 0.646462
48 46 0.638702
49 8 0.252457
49 11 0.310313
49 9 0.321818
49 10 0.330615
49 13 0.339439
49 0 0.364106
49 44 0.312264
49 30 0.347673
49 5 0.382042
49 1 0.387225
49 3 0.408500
49 12 0.403431
49 2 0.423125
49 32 0.395284
49 33 0.401560
49 4 0.442557
49 14 0.454635
49 7 0.461899
49 28 0.454017
49 31 0.459808
49 29 0.468518
49 15 0.487653
49 16 0.490248
49 20 0.523962
49 17 0.533158
49 21 0.539492
49 24 0.541405
49 23 0.547919
49 26 0.548017
49 40 0.542231
49 19 0.579161
49 27 0.571759
49 41 0.559571
49 43 0.559848
49 18 0.606006
49 6 0.622762
49 36 0.587411
49 38 0.591272
49 39 0.594189
49 42 0.591020
49 37 0.603009
49 47 0.593794
49 25 0.629385
49 34 0.615772
49 22 0.638630
49 48 0.602035
49 35 0.622385
49 50 0.604127
49 49 0.614635
49 45 0.627952
49 46 0.634169
50 9 0.221455
50 8 0.271907
50 3 0.317330
50 31 0.301443
50 11 0.347833
50 14 0.348995
50 4 0.361524
50 30 0.356698
50 0 0.393592
50 12 0.384288
50 28 0.364461
50 10 0.387252
50 44 0.344297
50 13 0.394362
50 1 0.414524
50 2 0.427618
50 32 0.415307
50 7 0.470631
50 5 0.496393
50 29 0.469318
50 33 0.465849
50 6 0.512004
50 27 0.495481
50 24 0.520602
50 23 0.527006
50 17 0.537571
50 19 0.536725
50 43 0.506035
50 18 0.555516
50 15 0.564120
50 25 0.556555
50 36 0.558380
50 40 0.567092
50 46 0.561591
50 16 0.608923
50 45 0.570899
50 35 0.586038
50 20 0.608995
50 21 0.615780
50 34 0.597956
50 22 0.618539
50 41 0.592324
50 48 0.590363
50 50 0.588338
50 42 0.599738
50 47 0.602242
50 39 0.618257
50 49 0.606691
50 26 0.649323
50 38 0.631116
50 37 0.640428
51 11 0.303197
51 10 0.346642
51 5 0.351937
51 30 0.354176
51 31 0.353557
51 13 0.376710
51 12 0.407326
51 3 0.416187
51 9 0.425199
51 0 0.433581
51 28 0.432989
51 8 0.455975
51 44 0.420495
51 14 0.463373
51 29 0.445093
51 32 0.441188
51 7 0.484212
51 33 0.474959
51 15 0.513465
51 1 0.564084
51 22 0.563460
51 46 0.528151
51 25 0.560481
51 2 0.585264
51 43 0.544235
51 18 0.583450
51 21 0.584717
51 45 0.555146
51 35 0.572375
51 4 0.621622
51 40 0.583088
51 17 0.623029
51 37 0.633621
51 16 0.667337
51 23 0.663173
51 39 0.643438
51 50 0.637056
51 48 0.645703
51 34 0.669082
51 6 0.702426
51 36 0.670700
51 24 0.687347
51 42 0.659192
51 19 0.695343
51 47 0.662927
51 41 0.693718
51 26 0.720188
51 38 0.708975
51 27 0.729241
51 20 0.747586
51 49 0.708797
52 11 0.328944
52 29 0.329375
52 13 0.402732
52 33 0.397698
52 12 0.421298
52 28 0.409027
52 9 0.425620
52 4 0.429847
52 8 0.428609
52 44 0.395146
52 6 0.438058
52 0 0.443626
52 3 0.441318
52 7 0.440165
52 1 0.450912
52 31 0.428080
52 30 0.436637
52 2 0.487010
52 32 0.468270
52 14 0.493055
52 24 0.491169
52 17 0.517096
52 45 0.489877
52 10 0.523785
52 40 0.496844
52 35 0.535049
52 25 0.557250
52 38 0.551463
52 20 0.576134
52 5 0.588961
52 15 0.588782
52 18 0.592547
52 26 0.593080
52 22 0.597006
52 42 0.581964
52 34 0.610963
52 50 0.593958
52 47 0.603682
52 41 0.610990
52 23 0.630170
52 19 0.644480
52 27 0.637735
52 37 0.640208
52 36 0.650729
52 39 0.655888
52 46 0.649914
52 49 0.658914
52 16 0.702303
52 43 0.675842
52 48 0.679247
52 21 0.718098
53 8 0.227639
53 14 0.345963
53 30 0.353357
53 10 0.389727
53 1 0.412604
53 31 0.431786
53 5 0.465593
53 4 0.469772
53 3 0.475709
53 28 0.457093
53 32 0.451605
53 13 0.481385
53 2 0.491990
53 12 0.490990
53 9 0.494888
53 0 0.523700
53 18 0.525927
53 44 0.500988
53 11 0.554404
53 42 0.513168
53 7 0.565341
53 17 0.562197
53 6 0.577856
53 29 0.551889
53 24 0.563231
53 20 0.570519
53 27 0.569124
53 33 0.561154
53 37 0.569375
53 39 0.570269
53 23 0.605607
53 36 0.602268
53 47 0.591310
53 40 0.604803
53 25 0.630667
53 19 0.646988
53 26 0.663432
53 50 0.632409
53 22 0.680273
53 15 0.692151
53 41 0.672945
53 21 0.704064
53 45 0.671969
53 34 0.686084
53 46 0.674964
53 43 0.682260
53 49 0.675667
53 16 0.721687
53 48 0.704339
53 38 0.719775
53 35 0.737864
54 3 0.356098
54 9 0.368210
54 14 0.368217
54 8 0.388281
54 2 0.444054
54 13 0.436908
54 1 0.461498
54 31 0.426748
54 11 0.454862
54 28 0.451739
54 0 0.486698
54 30 0.455759
54 6 0.506639
54 4 0.509144
54 44 0.472277
54 10 0.538590
54 12 0.539639
54 20 0.538119
54 32 0.526909
54 29 0.532168
54 17 0.550820
54 5 0.571334
54 33 0.538213
54 40 0.529331
54 7 0.571695
54 34 0.539936
54 18 0.588107
54 21 0.590395
54 15 0.601353
54 35 0.592048
54 37 0.591451
54 48 0.592098
54 50 0.596989
54 39 0.637965
54 19 0.670571
54 46 0.637248
54 43 0.642138
54 26 0.667003
54 49 0.640543
54 16 0.690455
54 47 0.651881
54 42 0.670452
54 24 0.719636
54 41 0.699201
54 27 0.719704
54 25 0.723811
54 22 0.729386
54 36 0.712908
54 38 0.718545
54 23 0.749939
54 45 0.737189
55 9 0.332856
55 30 0.330520
55 8 0.363241
55 14 0.381815
55 32 0.389927
55 10 0.433121
55 33 0.412721
55 13 0.454655
55 1 0.469804
55 31 0.450934
55 28 0.456227
55 2 0.479961
55 12 0.499476
55 16 0.551146
55 0 0.569251
55 44 0.559857
55 29 0.578827
55 25 0.583131
55 11 0.596302
55 47 0.558752
55 15 0.594636
55 22 0.588644
55 34 0.590800
55 50 0.570991
55 37 0.607361
55 3 0.641928
55 21 0.627548
55 26 0.623594
55 23 0.628142
55 41 0.621645
55 40 0.640884
55 24 0.662507
55 38 0.666612
55 18 0.697466
55 19 0.701992
55 36 0.701684
55 4 0.734638
55 35 0.707981
55 20 0.726572
55 7 0.738078
55 39 0.707989
55 48 0.706578
55 17 0.746256
55 27 0.738409
55 49 0.714953
55 43 0.726239
55 42 0.727768
55 46 0.723891
55 45 0.737686
55 6 0.789328
55 5 0.803349
56 10 0.295684
56 30 0.393351
56 13 0.414967
56 24 0.404048
56 6 0.423160
56 20 0.410522
56 3 0.426640
56 14 0.417569
56 8 0.423478
56 0 0.430729
56 9 0.423571
56 12 0.421385
56 26 0.413170
56 27 0.431978
56 4 0.459587
56 32 0.429087
56 44 0.422124
56 28 0.449482
56 19 0.463019
56 17 0.469083
56 11 0.481684
56 29 0.463244
56 1 0.500345
56 15 0.497086
56 31 0.477255
56 33 0.487943
56 25 0.503412
56 34 0.495286
56 7 0.527935
56 5 0.550987
56 16 0.550711
56 2 0.569956
56 18 0.573303
56 21 0.586984
56 22 0.589622
56 37 0.580264
56 41 0.579670
56 49 0.588999
56 36 0.611321
56 43 0.605009
56 39 0.614074
56 23 0.636136
56 46 0.613793
56 40 0.625196
56 38 0.631288
56 48 0.617612
56 50 0.616598
56 35 0.646913
56 42 0.645997
56 47 0.639540
56 45 0.682677
57 3 0.328301
57 8 0.332453
57 12 0.362280
57 31 0.348215
57 32 0.368061
57 30 0.402734
57 2 0.458528
57 13 0.457270
57 11 0.459676
57 1 0.501075
57 28 0.471884
57 9 0.525314
57 5 0.539748
57 33 0.556577
57 14 0.586431
57 15 0.599150
57 29 0.592719
57 0 0.629048
57 24 0.611122
57 10 0.628369
57 43 0.586520
57 7 0.632621
57 44 0.587190
57 6 0.659690
57 27 0.662099
57 34 0.660039
57 45 0.670000
57 23 0.715053
57 4 0.750416
57 17 0.743371
57 19 0.744976
57 42 0.721038
57 46 0.727587
57 21 0.772640
57 16 0.782386
57 37 0.773924
57 36 0.779147
57 35 0.786037
57 39 0.783125
57 18 0.817410
57 47 0.784127
57 26 0.816558
57 22 0.822597
57 25 0.819477
57 40 0.804798
57 48 0.795386
57 50 0.800033
57 38 0.827569
57 20 0.863196
57 49 0.833616
57 41 0.858101
58 9 0.359295
58 29 0.374365
58 8 0.405380
58 11 0.417660
58 31 0.409410
58 44 0.407253
58 14 0.453842
58 30 0.444348
58 33 0.494132
58 28 0.512513
58 2 0.566655
58 13 0.575291
58 0 0.586043
58 12 0.586862
58 32 0.571480
58 3 0.601332
58 18 0.629671
58 1 0.670886
58 5 0.667971
58 10 0.675264
58 16 0.670370
58 26 0.717477
58 4 0.752212
58 6 0.755891
58 20 0.751222
58 22 0.755380
58 19 0.769688
58 25 0.767379
58 17 0.793423
58 27 0.787061
58 43 0.767523
58 7 0.808939
58 35 0.828095
58 45 0.834482
58 48 0.837587
58 49 0.844615
58 38 0.866292
58 39 0.870028
58 36 0.874609
58 40 0.872965
58 34 0.889040
58 21 0.908402
58 41 0.890409
58 23 0.914138
58 15 0.924530
58 50 0.901096
58 46 0.918873
58 42 0.936518
58 37 0.948500
58 47 0.949426
58 24 0.982781
59 10 0.336719
59 29 0.329132
59 1 0.370693
59 9 0.379546
59 13 0.379622
59 32 0.367052
59 4 0.426468
59 11 0.434904
59 3 0.444011
59 14 0.469088
59 0 0.489866
59 30 0.459007
59 8 0.495578
59 2 0.513264
59 5 0.524642
59 33 0.490620
59 12 0.524202
59 16 0.548378
59 44 0.514254
59 7 0.566998
59 18 0.554709
59 28 0.539744
59 31 0.552278
59 43 0.552884
59 20 0.639840
59 17 0.648329
59 21 0.672595
59 22 0.670999
59 47 0.646697
59 15 0.700043
59 41 0.668881
59 25 0.706777
59 37 0.694681
59 6 0.753081
59 24 0.732288
59 36 0.716100
59 34 0.719472
59 40 0.721012
59 26 0.741491
59 38 0.747619
59 50 0.734313
59 49 0.739964
59 35 0.771067
59 42 0.765908
59 46 0.764690
59 45 0.767975
59 23 0.803629
59 19 0.814199
59 27 0.822625
59 48 0.812824
59 39 0.839885
60 8 0.319660
60 11 0.334858
60 9 0.346900
60 31 0.346372
60 10 0.397941
60 12 0.396652
60 29 0.388376
60 3 0.419179
60 13 0.427309
60 5 0.502885
60 0 0.515348
60 33 0.517722
60 44 0.511259
60 14 0.559753
60 28 0.567057
60 1 0.607931
60 7 0.629462
60 36 0.598960
60 30 0.606908
60 32 0.605752
60 4 0.650845
60 39 0.607369
60 48 0.620716
60 2 0.688562
60 6 0.716639
60 23 0.705549
60 45 0.686388
60 19 0.744069
60 15 0.754387
60 35 0.735086
60 20 0.762664
60 18 0.797570
60 17 0.814094
60 47 0.787494
60 26 0.824383
60 34 0.813210
60 16 0.844946
60 22 0.841260
60 27 0.835350
60 43 0.818276
60 50 0.808362
60 40 0.827585
60 24 0.871705
60 38 0.851494
60 42 0.850215
60 41 0.855898
60 49 0.848086
60 46 0.861280
60 21 0.901934
60 25 0.900881
60 37 0.891714
61 44 0.334401
61 29 0.400928
61 32 0.406667
61 0 0.442270
61 28 0.454669
61 8 0.484732
61 10 0.487413
61 12 0.492223
61 14 0.530650
61 30 0.545544
61 3 0.610499
61 9 0.618123
61 18 0.618094
61 11 0.632235
61 15 0.636470
61 36 0.620320
61 7 0.650270
61 13 0.650525
61 5 0.672841
61 31 0.653988
61 2 0.689838
61 16 0.681813
61 33 0.679266
61 6 0.715064
61 23 0.711080
61 4 0.781879
61 17 0.774621
61 20 0.772143
61 25 0.779474
61 1 0.804490
61 40 0.776277
61 21 0.801124
61 34 0.816852
61 48 0.809342
61 24 0.849945
61 38 0.846105
61 26 0.858881
61 22 0.878611
61 42 0.857601
61 35 0.871294
61 27 0.881344
61 47 0.862198
61 43 0.867540
61 19 0.898447
61 49 0.863738
61 41 0.887861
61 45 0.894767
61 39 0.921513
61 46 0.922103
61 37 0.938196
61 50 0.963217
62 5 0.257920
62 3 0.290205
62 0 0.312015
62 1 0.361979
62 8 0.366664
62 12 0.386433
62 14 0.399777
62 11 0.403247
62 13 0.485557
62 2 0.514117
62 28 0.496150
62 44 0.505058
62 32 0.525019
62 30 0.534775
62 31 0.534521
62 9 0.566536
62 15 0.572721
62 10 0.578488
62 4 0.585222
62 33 0.571137
62 21 0.589725
62 6 0.611246
62 29 0.592405
62 36 0.591206
62 7 0.637077
62 16 0.628654
62 40 0.647406
62 37 0.663188
62 48 0.651640
62 20 0.698661
62 45 0.673986
62 43 0.683897
62 34 0.702600
62 46 0.690621
62 19 0.732395
62 23 0.732462
62 24 0.736792
62 39 0.730430
62 38 0.731817
62 35 0.748809
62 49 0.729134
62 42 0.745734
62 25 0.772336
62 41 0.770677
62 26 0.798873
62 18 0.828714
62 50 0.795001
62 27 0.827983
62 17 0.848516
62 22 0.862714
62 47 0.837815
63 9 0.317292
63 10 0.395134
63 11 0.417569
63 13 0.416538
63 29 0.397106
63 2 0.430207
63 5 0.470258
63 44 0.426800
63 8 0.475767
63 3 0.482223
63 12 0.477000
63 0 0.487967
63 33 0.475955
63 4 0.510229
63 31 0.501502
63 1 0.538210
63 7 0.550420
63 30 0.550088
63 14 0.575886
63 32 0.559367
63 15 0.601513
63 6 0.646479
63 28 0.630480
63 34 0.641409
63 27 0.657645
63 26 0.663480
63 17 0.722810
63 43 0.696551
63 19 0.742037
63 16 0.745734
63 23 0.761102
63 35 0.757231
63 18 0.784196
63 46 0.757654
63 47 0.768498
63 39 0.781923
63 21 0.808876
63 22 0.811435
63 40 0.788639
63 37 0.794197
63 42 0.789126
63 50 0.779412
63 38 0.800930
63 25 0.822043
63 24 0.825091
63 20 0.832912
63 36 0.825123
63 48 0.816906
63 45 0.839411
63 41 0.863062
63 49 0.870255
64 11 0.381440
64 13 0.384283
64 29 0.367257
64 9 0.407219
64 44 0.401602
64 30 0.422705
64 8 0.448748
64 10 0.456022
64 14 0.453312
64 32 0.431110
64 5 0.479837
64 12 0.480232
64 0 0.501386
64 1 0.529618
64 3 0.561321
64 31 0.535566
64 33 0.533116
64 28 0.574278
64 36 0.651977
64 4 0.700942
64 6 0.723235
64 26 0.713428
64 40 0.699168
64 19 0.741002
64 45 0.711873
64 7 0.770204
64 15 0.768358
64 35 0.782221
64 24 0.809364
64 16 0.823579
64 17 0.824354
64 18 0.835103
64 27 0.823628
64 25 0.830237
64 20 0.839440
64 23 0.852250
64 22 0.860079
64 38 0.841336
64 43 0.835341
64 34 0.855281
64 47 0.836787
64 39 0.848932
64 2 0.903214
64 21 0.885446
64 48 0.850025
64 42 0.864462
64 49 0.864319
64 41 0.888168
64 37 0.901605
64 50 0.892106
64 46 0.935924
65 12 0.390849
65 32 0.394968
65 33 0.423097
65 22 0.488312
65 14 0.497110
65 5 0.521721
65 10 0.532358
65 31 0.512694
65 29 0.550615
65 26 0.553784
65 44 0.532581
65 42 0.535663
65 1 0.580365
65 34 0.549083
65 25 0.564053
65 0 0.588350
65 7 0.583397
65 13 0.579934
65 8 0.585477
65 38 0.554001
65 23 0.577375
65 3 0.597355
65 18 0.584634
65 9 0.593560
65 30 0.579448
65 20 0.591245
65 39 0.572136
65 11 0.629509
65 28 0.627278
65 15 0.653998
65 50 0.619179
65 2 0.674762
65 24 0.673174
65 35 0.680699
65 19 0.698027
65 16 0.720097
65 27 0.709332
65 43 0.704557
65 21 0.740388
65 36 0.730630
65 45 0.718350
65 47 0.720976
65 46 0.723398
65 48 0.725701
65 49 0.757007
65 4 0.817765
65 37 0.784391
65 17 0.815431
65 41 0.793988
65 6 0.835468
65 40 0.832012
66 9 0.319256
66 0 0.334266
66 11 0.342030
66 8 0.353232
66 13 0.358588
66 14 0.382938
66 29 0.379032
66 12 0.413029
66 31 0.420672
66 28 0.433788
66 30 0.435962
66 6 0.465624
66 33 0.434202
66 20 0.473134
66 10 0.519621
66 4 0.530981
66 44 0.493031
66 3 0.543269
66 5 0.541917
66 2 0.556632
66 19 0.548621
66 1 0.565982
66 16 0.567487
66 18 0.572712
66 7 0.597292
66 32 0.619638
66 35 0.638878
66 26 0.662872
66 25 0.680557
66 27 0.701025
66 21 0.714292
66 15 0.738779
66 36 0.718480
66 41 0.717580
66 23 0.743325
66 37 0.726626
66 49 0.716100
66 43 0.725257
66 24 0.760085
66 42 0.740244
66 45 0.737510
66 22 0.784514
66 40 0.759866
66 39 0.778462
66 17 0.814942
66 50 0.770669
66 46 0.776642
66 48 0.787849
66 34 0.822619
66 38 0.822071
66 47 0.827809
67 9 0.415704
67 8 0.440917
67 12 0.488775
67 28 0.488671
67 1 0.540023
67 3 0.563881
67 33 0.533839
67 29 0.539696
67 10 0.575157
67 31 0.615382
67 30 0.628452
67 7 0.676268
67 32 0.651327
67 4 0.686641
67 2 0.689656
67 44 0.635273
67 13 0.686036
67 15 0.715978
67 14 0.723852
67 5 0.754057
67 11 0.748699
67 0 0.812529
67 17 0.802739
67 20 0.821607
67 22 0.825425
67 6 0.850930
67 49 0.795723
67 19 0.857252
67 18 0.859041
67 16 0.861078
67 47 0.815573
67 41 0.826641
67 43 0.833620
67 36 0.853364
67 39 0.858591
67 24 0.880613
67 40 0.858490
67 23 0.917366
67 45 0.911562
67 42 0.916508
67 35 0.933254
67 50 0.920280
67 21 0.971939
67 46 0.938977
67 37 0.958020
67 25 0.982320
67 48 0.947723
67 38 0.974256
67 34 0.993772
67 26 1.050454
67 27 1.058312
68 9 0.369854
68 8 0.375432
68 11 0.393397
68 13 0.398524
68 10 0.508872
68 2 0.520154
68 0 0.537335
68 25 0.553297
68 31 0.555391
68 3 0.625623
68 21 0.608783
68 6 0.631097
68 33 0.603625
68 44 0.589528
68 28 0.615331
68 22 0.625467
68 12 0.648734
68 24 0.643843
68 30 0.639380
68 20 0.656967
68 4 0.680538
68 32 0.663790
68 29 0.669223
68 1 0.708539
68 17 0.702700
68 19 0.701099
68 26 0.694812
68 35 0.688753
68 14 0.724655
68 5 0.738858
68 34 0.737677
68 42 0.755227
68 50 0.742359
68 27 0.780733
68 23 0.792522
68 38 0.788357
68 15 0.832685
68 45 0.803216
68 16 0.850510
68 7 0.859744
68 48 0.810976
68 47 0.819522
68 46 0.824831
68 37 0.854961
68 36 0.858158
68 18 0.919814
68 39 0.909802
68 41 0.927245
68 49 0.926668
68 40 0.947683
68 43 0.972416
69 8 0.367270
69 14 0.368929
69 4 0.378731
69 13 0.371831
69 30 0.372294
69 31 0.383039
69 7 0.418048
69 9 0.452973
69 28 0.488093
69 17 0.560679
69 32 0.548014
69 11 0.574133
69 44 0.533911
69 29 0.556355
69 41 0.547700
69 3 0.599765
69 0 0.603237
69 10 0.602468
69 6 0.617188
69 1 0.629192
69 40 0.596076
69 12 0.641815
69 39 0.606398
69 33 0.638709
69 36 0.634764
69 22 0.678626
69 15 0.715484
69 48 0.674914
69 19 0.731905
69 16 0.742599
69 23 0.753758
69 25 0.752816
69 49 0.722691
69 45 0.731315
69 34 0.753157
69 47 0.756942
69 38 0.769454
69 26 0.792809
69 2 0.831317
69 50 0.776481
69 5 0.835469
69 27 0.838745
69 24 0.847807
69 46 0.824312
69 20 0.860959
69 21 0.860657
69 42 0.845775
69 35 0.863459
69 43 0.856467
69 18 0.897742
69 37 0.876287
70 8 0.422255
70 11 0.420722
70 32 0.446050
70 14 0.508836
70 33 0.502214
70 31 0.518934
70 10 0.567633
70 28 0.551318
70 44 0.563032
70 12 0.628440
70 4 0.641897
70 0 0.659610
70 30 0.639451
70 6 0.680438
70 7 0.699451
70 13 0.698495
70 3 0.715081
70 9 0.725080
70 29 0.720768
70 2 0.759189
70 26 0.779015
70 5 0.807112
70 45 0.790479
70 1 0.848012
70 36 0.810125
70 21 0.843147
70 42 0.822070
70 27 0.848426
70 40 0.836612
70 16 0.887573
70 41 0.858217
70 39 0.867527
70 19 0.897999
70 35 0.880783
70 50 0.860542
70 37 0.903195
70 18 0.936428
70 25 0.928717
70 43 0.908238
70 48 0.901443
70 46 0.915718
70 23 0.959686
70 17 0.975191
70 38 0.955574
70 49 0.950433
70 15 0.999559
70 34 0.995684
70 24 1.014619
70 47 1.020503
70 22 1.060388
70 20 1.067317
71 29 0.450897
71 32 0.458154
71 14 0.482922
71 13 0.487997
71 9 0.507269
71 10 0.567520
71 33 0.574955
71 28 0.616412
71 31 0.623154
71 11 0.643348
71 8 0.730178
71 5 0.807348
71 12 0.818528
71 30 0.806174
71 38 0.798646
71 44 0.817242
71 20 0.846056
71 2 0.880646
71 47 0.843586
71 18 0.874629
71 15 0.894826
71 26 0.899410
71 3 0.932140
71 1 0.934940
71 19 0.932240
71 39 0.913306
71 23 0.941673
71 22 0.949285
71 45 0.929074
71 36 0.944212
71 21 0.962725
71 40 0.945028
71 17 0.978195
71 27 0.982402
71 7 1.003375
71 25 0.992945
71 4 1.015104
71 50 0.971935
71 46 1.001464
71 49 1.003804
71 0 1.051301
71 37 1.018899
71 24 1.043677
71 43 1.030462
71 48 1.028426
71 6 1.080290
71 35 1.089617
71 16 1.111055
71 42 1.096750
71 34 1.141397
71 41 1.133857
72 20 0.307426
72 2 0.362214
72 10 0.356651
72 13 0.361782
72 0 0.373871
72 9 0.405028
72 11 0.419236
72 12 0.433827
72 14 0.524212
72 30 0.516532
72 29 0.530529
72 8 0.563954
72 1 0.576385
72 31 0.546731
72 3 0.575844
72 5 0.588183
72 7 0.602554
72 17 0.595102
72 28 0.612099
72 24 0.617915
72 33 0.606553
72 25 0.641976
72 48 0.609387
72 32 0.635238
72 15 0.665212
72 35 0.641485
72 27 0.655299
72 4 0.682815
72 42 0.647439
72 44 0.660516
72 39 0.681867
72 34 0.703032
72 23 0.718366
72 36 0.708549
72 26 0.724654
72 22 0.729599
72 47 0.700950
72 50 0.697375
72 16 0.764411
72 46 0.728738
72 43 0.735299
72 40 0.756910
72 38 0.765087
72 41 0.762089
72 6 0.804804
72 18 0.799997
72 49 0.768877
72 45 0.790204
72 19 0.849223
72 37 0.835131
72 21 0.877798
73 13 0.493042
73 8 0.530137
73 10 0.532445
73 29 0.515679
73 44 0.497644
73 50 0.554020
73 0 0.625395
73 12 0.657726
73 5 0.674110
73 42 0.652189
73 36 0.676616
73 30 0.690873
73 28 0.695675
73 32 0.689845
73 9 0.726828
73 14 0.755752
73 11 0.764206
73 31 0.740678
73 25 0.771516
73 16 0.809692
73 26 0.796447
73 33 0.797309
73 2 0.844059
73 1 0.893087
73 18 0.881525
73 45 0.841521
73 43 0.860367
73 3 0.928212
73 27 0.923977
73 21 0.934036
73 7 0.950405
73 15 0.957703
73 6 0.989757
73 19 0.981217
73 48 0.943344
73 39 0.963362
73 24 0.991304
73 37 0.992931
73 34 1.013765
73 17 1.068090
73 49 1.024522
73 40 1.043253
73 46 1.039365
73 35 1.068579
73 4 1.123389
73 20 1.113295
73 41 1.086976
73 23 1.183532
73 22 1.190028
73 47 1.170728
73 38 1.184862
74 12 0.498685
74 11 0.512219
74 9 0.522083
74 8 0.539480
74 33 0.530378
74 13 0.581267
74 30 0.568534
74 29 0.619688
74 10 0.652172
74 37 0.621763
74 16 0.653150
74 44 0.632493
74 28 0.661024
74 27 0.663598
74 32 0.671418
74 19 0.708928
74 15 0.735788
74 14 0.748161
74 31 0.746641
74 46 0.732856
74 18 0.789993
74 17 0.801123
74 3 0.820592
74 50 0.773489
74 42 0.794102
74 0 0.847375
74 7 0.843054
74 47 0.795343
74 43 0.809461
74 38 0.817807
74 48 0.809889
74 1 0.872799
74 25 0.904805
74 34 0.896042
74 2 0.936575
74 20 0.923994
74 4 0.955474
74 26 0.936722
74 22 0.943270
74 6 0.973670
74 21 0.968306
74 23 0.975193
74 39 0.981843
74 40 0.987387
74 35 0.994266
74 5 1.048417
74 36 1.019725
74 45 1.020859
74 24 1.056949
74 41 1.108322
74 49 1.130490
75 13 0.434231
75 11 0.497485
75 14 0.521119
75 28 0.541726
75 9 0.599100
75 5 0.616951
75 31 0.595888
75 29 0.606594
75 44 0.587993
75 33 0.621475
75 32 0.651285
75 1 0.729897
75 10 0.762484
75 12 0.777661
75 3 0.813117
75 2 0.851114
75 15 0.956733
75 0 0.976220
75 41 0.945605
75 30 0.962806
75 24 0.976077
75 8 0.997344
75 4 1.013748
75 7 1.012223
75 17 1.019376
75 21 1.025259
75 6 1.061983
75 37 1.028761
75 27 1.065026
75 23 1.077787
75 19 1.112000
75 45 1.080846
75 26 1.110023
75 40 1.093470
75 43 1.105274
75 39 1.111826
75 16 1.148524
75 36 1.145896
75 35 1.152639
75 42 1.149905
75 48 1.152265
75 20 1.194628
75 47 1.164824
75 46 1.186038
75 38 1.241699
75 25 1.299155
75 49 1.263976
75 50 1.266574
75 22 1.317498
75 34 1.319586
75 18 1.360522
76 11 0.445931
76 8 0.470445
76 14 0.510576
76 28 0.593984
76 9 0.740497
76 0 0.775842
76 33 0.771012
76 3 0.815905
76 1 0.818650
76 10 0.834580
76 30 0.818667
76 13 0.851278
76 5 0.861004
76 44 0.822351
76 6 0.878973
76 32 0.880222
76 29 0.886670
76 12 0.935257
76 31 0.918886
76 2 0.967964
76 7 1.051369
76 16 1.085600
76 47 1.052046
76 22 1.104520
76 15 1.122025
76 4 1.140827
76 26 1.119224
76 18 1.143727
76 42 1.118774
76 37 1.134476
76 19 1.185080
76 48 1.145463
76 46 1.156914
76 40 1.166941
76 41 1.185822
76 35 1.194417
76 24 1.243548
76 34 1.270527
76 38 1.271973
76 21 1.323275
76 43 1.298522
76 36 1.307553
76 17 1.376775
76 25 1.366976
76 45 1.354221
76 49 1.349882
76 39 1.374821
76 20 1.410640
76 50 1.380317
76 27 1.418618
76 23 1.448484
77 9 0.451111
77 11 0.534539
77 14 0.543542
77 44 0.544752
77 8 0.594516
77 29 0.617644
77 12 0.683927
77 28 0.698298
77 30 0.699850
77 31 0.729178
77 13 0.787767
77 35 0.782000
77 3 0.853845
77 32 0.853780
77 0 0.979975
77 10 0.982767
77 5 1.007549
77 1 1.014646
77 4 1.025331
77 25 1.029855
77 33 1.022513
77 37 1.020485
77 45 1.021365
77 41 1.032274
77 26 1.057215
77 36 1.045181
77 49 1.057661
77 16 1.108295
77 47 1.066233
77 27 1.100564
77 18 1.115012
77 15 1.144629
77 6 1.162305
77 42 1.116685
77 34 1.147300
77 46 1.139201
77 40 1.158985
77 19 1.195410
77 2 1.213329
77 7 1.208783
77 23 1.195384
77 21 1.217465
77 38 1.222388
77 43 1.220398
77 50 1.220471
77 24 1.262021
77 20 1.279836
77 39 1.255452
77 17 1.343440
77 22 1.375318
77 48 1.367235
78 9 0.290653
78 31 0.441613
78 44 0.456218
78 20 0.542327
78 29 0.529902
78 14 0.584502
78 13 0.585902
78 12 0.595692
78 27 0.642834
78 32 0.635599
78 25 0.655318
78 24 0.665311
78 1 0.716952
78 3 0.726914
78 30 0.706561
78 0 0.740335
78 28 0.711126
78 10 0.747618
78 8 0.750596
78 11 0.756858
78 5 0.800558
78 33 0.769318
78 26 0.790593
78 2 0.857340
78 22 0.847392
78 18 0.863236
78 48 0.831689
78 21 0.941326
78 7 0.967966
78 23 0.960866
78 37 0.964840
78 34 0.976142
78 46 0.960568
78 40 0.970781
78 17 1.008330
78 39 0.989254
78 6 1.028264
78 16 1.055011
78 4 1.074611
78 45 1.026219
78 36 1.135990
78 43 1.128337
78 19 1.158804
78 50 1.119321
78 47 1.149507
78 35 1.167577
78 15 1.198410
78 38 1.178989
78 42 1.180348
78 41 1.233770
78 49 1.267717
79 8 0.449602
79 14 0.503957
79 11 0.507326
79 31 0.483672
79 28 0.513638
79 12 0.567595
79 24 0.711078
79 10 0.735918
79 13 0.737296
79 27 0.723596
79 33 0.752662
79 3 0.817158
79 6 0.824332
79 1 0.897671
79 30 0.918426
79 9 0.946694
79 7 0.952507
79 23 0.935049
79 29 0.930564
79 46 0.912760
79 21 1.015271
79 32 0.998795
79 44 0.981903
79 17 1.035563
79 2 1.056755
79 42 1.005673
79 15 1.099567
79 22 1.105492
79 40 1.080005
79 16 1.118972
79 4 1.132454
79 0 1.136889
79 38 1.104277
79 49 1.089162
79 45 1.116884
79 41 1.128967
79 39 1.143135
79 34 1.156425
79 26 1.172938
79 25 1.190120
79 20 1.215756
79 36 1.215112
79 37 1.219282
79 18 1.258906
79 47 1.216153
79 5 1.289968
79 19 1.278795
79 43 1.243913
79 35 1.280677
79 48 1.274279
79 50 1.271872
80 8 0.394834
80 10 0.447260
80 9 0.468845
80 29 0.596705
80 30 0.625114
80 12 0.683738
80 14 0.693254
80 11 0.775849
80 28 0.756568
80 31 0.753179
80 13 0.812365
80 32 0.788379
80 33 0.817717
80 44 0.928500
80 43 1.008619
80 0 1.078371
80 35 1.062566
80 5 1.097948
80 39 1.099269
80 48 1.102760
80 18 1.167027
80 7 1.188040
80 15 1.183579
80 27 1.206977
80 21 1.227022
80 17 1.235577
80 4 1.247800
80 42 1.240197
80 40 1.258882
80 3 1.304517
80 50 1.272357
80 26 1.307664
80 1 1.342914
80 16 1.343581
80 19 1.340731
80 38 1.380158
80 22 1.428187
80 25 1.434005
80 34 1.422431
80 46 1.452671
80 41 1.474048
80 6 1.518154
80 20 1.505374
80 47 1.495856
80 23 1.538388
80 2 1.570242
80 36 1.532328
80 49 1.552196
80 37 1.584208
80 45 1.631096
80 24 1.693468
81 9 0.525028
81 3 0.537610
81 12 0.622610
81 30 0.600949
81 10 0.630625
81 8 0.652859
81 5 0.705470
81 13 0.703171
81 32 0.691228
81 44 0.679349
81 11 0.756366
81 29 0.739060
81 1 0.836110
81 0 0.883185
81 14 0.912537
81 38 0.891421
81 33 0.912699
81 31 0.936594
81 7 0.992142
81 28 1.034767
81 47 1.037184
81 19 1.100153
81 42 1.076832
81 37 1.088147
81 20 1.126967
81 16 1.153396
81 35 1.138535
81 21 1.173497
81 25 1.191249
81 41 1.218378
81 46 1.212752
81 6 1.267529
81 36 1.236938
81 43 1.245371
81 50 1.249131
81 22 1.296850
81 18 1.304976
81 4 1.321094
81 2 1.333280
81 40 1.288187
81 27 1.324425
81 45 1.303662
81 39 1.314939
81 26 1.362483
81 23 1.371757
81 17 1.383169
81 15 1.389647
81 34 1.390785
81 24 1.410614
81 48 1.420034
81 49 1.463180
82 11 0.488521
82 9 0.555417
82 8 0.642589
82 0 0.658009
82 31 0.626272
82 32 0.626149
82 1 0.698956
82 13 0.717390
82 14 0.734768
82 44 0.701283
82 12 0.754513
82 29 0.749320
82 3 0.805523
82 6 0.891714
82 10 0.929260
82 27 0.913799
82 30 0.926812
82 24 0.955991
82 33 0.948290
82 5 1.003383
82 47 0.952498
82 7 1.018374
82 28 0.997800
82 36 0.987781
82 2 1.053858
82 45 1.005044
82 34 1.032858
82 38 1.053232
82 23 1.129775
82 16 1.182506
82 21 1.202343
82 4 1.228279
82 19 1.231588
82 37 1.226098
82 15 1.265560
82 40 1.238840
82 17 1.280121
82 43 1.251520
82 22 1.293829
82 18 1.305305
82 20 1.308208
82 39 1.279064
82 25 1.308114
82 50 1.278614
82 46 1.303994
82 35 1.342962
82 41 1.355588
82 26 1.379316
82 42 1.373645
82 49 1.376843
82 48 1.383816
83 9 0.413500
83 8 0.455432
83 12 0.542544
83 11 0.554604
83 32 0.580587
83 30 0.621818
83 0 0.668784
83 14 0.671309
83 13 0.692374
83 44 0.707669
83 1 0.764902
83 10 0.781410
83 2 0.831658
83 49 0.888887
83 5 0.957295
83 36 0.916405
83 29 0.929273
83 18 0.946100
83 4 0.960721
83 31 0.927020
83 33 0.923141
83 7 0.959266
83 28 0.934391
83 41 0.913886
83 27 0.938027
83 23 1.020961
83 3 1.044173
83 50 0.989302
83 34 1.021214
83 15 1.059270
83 40 1.047964
83 43 1.052566
83 22 1.088148
83 24 1.085666
83 19 1.100805
83 46 1.068953
83 20 1.114072
83 16 1.131687
83 42 1.111803
83 17 1.151147
83 25 1.167472
83 26 1.188976
83 48 1.180917
83 45 1.200075
83 6 1.253444
83 39 1.219966
83 47 1.211844
83 21 1.258675
83 35 1.247810
83 37 1.313304
83 38 1.347721
84 9 0.492699
84 8 0.600022
84 11 0.630324
84 32 0.630977
84 14 0.660807
84 10 0.671891
84 13 0.756064
84 31 0.745026
84 5 0.854941
84 38 0.861759
84 12 0.897246
84 26 0.916232
84 48 0.907486
84 29 0.939416
84 28 0.941335
84 33 0.980105
84 42 0.973602
84 30 1.011834
84 3 1.053909
84 1 1.060500
84 23 1.048794
84 44 1.018921
84 39 1.038477
84 4 1.082691
84 20 1.084207
84 25 1.092217
84 21 1.107849
84 24 1.138968
84 22 1.147838
84 2 1.179060
84 45 1.126428
84 19 1.169638
84 15 1.196068
84 0 1.216705
84 47 1.159311
84 41 1.189203
84 37 1.198032
84 35 1.207695
84 27 1.228646
84 40 1.216299
84 36 1.227581
84 49 1.248833
84 34 1.273354
84 18 1.302050
84 43 1.282400
84 7 1.332423
84 46 1.286645
84 6 1.354970
84 17 1.374578
84 50 1.340604
84 16 1.456793
85 14 0.420205
85 11 0.471947
85 10 0.524169
85 13 0.541046
85 28 0.533016
85 3 0.569460
85 44 0.561366
85 31 0.596538
85 9 0.730330
85 32 0.715325
85 33 0.714660
85 29 0.720527
85 30 0.753720
85 8 0.776707
85 24 0.819318
85 1 0.888139
85 12 0.888824
85 0 0.933132
85 22 0.923226
85 5 0.943146
85 19 1.005366
85 34 1.002153
85 6 1.076704
85 27 1.066753
85 25 1.082148
85 7 1.109828
85 38 1.086059
85 4 1.136130
85 2 1.150171
85 47 1.109989
85 35 1.139285
85 36 1.151142
85 37 1.160283
85 23 1.195591
85 20 1.223551
85 17 1.236920
85 45 1.228877
85 46 1.242139
85 40 1.282454
85 18 1.320991
85 39 1.294083
85 48 1.290505
85 41 1.310840
85 26 1.331720
85 43 1.317393
85 42 1.341928
85 15 1.384424
85 21 1.445573
85 50 1.424384
85 49 1.469874
85 16 1.516190
86 9 0.360775
86 10 0.413368
86 12 0.566368
86 11 0.580740
86 8 0.605601
86 29 0.639734
86 44 0.629558
86 13 0.702947
86 32 0.730407
86 14 0.769583
86 28 0.805165
86 31 0.840178
86 30 0.893611
86 5 1.061021
86 3 1.107977
86 21 1.102184
86 46 1.110189
86 15 1.158749
86 6 1.168897
86 20 1.163390
86 33 1.166665
86 47 1.162680
86 39 1.181614
86 37 1.193834
86 1 1.237334
86 0 1.266458
86 45 1.220580
86 35 1.270270
86 16 1.296404
86 36 1.270170
86 7 1.312998
86 4 1.327472
86 24 1.306328
86 22 1.318902
86 19 1.338289
86 25 1.351976
86 23 1.364155
86 34 1.384756
86 18 1.427826
86 40 1.404975
86 17 1.461868
86 2 1.496477
86 41 1.456046
86 38 1.460787
86 26 1.506084
86 43 1.496091
86 27 1.522652
86 48 1.505443
86 49 1.564391
86 42 1.575574
86 50 1.623449
87 28 0.420600
87 10 0.506090
87 29 0.524972
87 31 0.530004
87 14 0.558292
87 30 0.560060
87 9 0.598402
87 32 0.602299
87 12 0.694008
87 44 0.680546
87 11 0.744008
87 33 0.729932
87 8 0.795173
87 13 0.811067
87 27 0.886615
87 25 0.934108
87 26 0.944180
87 24 0.968183
87 34 0.971215
87 15 1.014177
87 3 1.030442
87 45 1.002769
87 37 1.016974
87 40 1.030626
87 38 1.038765
87 22 1.063669
87 5 1.097567
87 0 1.108856
87 47 1.057308
87 19 1.100496
87 4 1.134883
87 48 1.165259
87 6 1.229685
87 7 1.241128
87 41 1.211354
87 21 1.249921
87 46 1.216875
87 23 1.269010
87 1 1.295095
87 17 1.286565
87 2 1.308019
87 35 1.275725
87 43 1.278007
87 36 1.293471
87 42 1.328091
87 18 1.370711
87 16 1.373461
87 50 1.325535
87 39 1.343247
87 49 1.363198
87 20 1.486776
88 9 0.535828
88 28 0.548751
88 31 0.560229
88 14 0.600494
88 44 0.577989
88 33 0.603614
88 13 0.634802
88 32 0.629453
88 30 0.665387
88 29 0.740313
88 10 0.779375
88 12 0.783100
88 3 0.798334
88 8 0.832007
88 11 0.872503
88 1 0.882842
88 0 0.947327
88 2 0.970324
88 16 1.051218
88 7 1.126860
88 5 1.165269
88 4 1.175058
88 40 1.203292
88 18 1.306120
88 45 1.336966
88 49 1.341152
88 34 1.396309
88 41 1.394439
88 43 1.399621
88 6 1.448445
88 47 1.416158
88 24 1.461173
88 21 1.510654
88 20 1.515934
88 42 1.490167
88 37 1.503889
88 15 1.533381
88 19 1.532535
88 36 1.512551
88 48 1.508698
88 39 1.537900
88 50 1.531206
88 17 1.576967
88 25 1.572993
88 23 1.598723
88 26 1.611703
88 38 1.600599
88 35 1.605953
88 46 1.608589
88 27 1.638171
88 22 1.648568
89 31 0.594402
89 30 0.602677
89 13 0.671143
89 8 0.697882
89 9 0.707855
89 32 0.692451
89 10 0.727747
89 33 0.770122
89 1 0.822300
89 12 0.857461
89 3 0.900035
89 11 0.899007
89 44 0.885127
89 14 0.935626
89 28 0.930860
89 29 1.040485
89 0 1.089686
89 5 1.185024
89 4 1.286754
89 34 1.255149
89 21 1.289187
89 7 1.343462
89 47 1.325911
89 18 1.375250
89 25 1.392988
89 26 1.408011
89 17 1.428782
89 37 1.456154
89 45 1.452231
89 38 1.470773
89 2 1.525816
89 27 1.507972
89 19 1.527303
89 6 1.540903
89 35 1.511780
89 22 1.544734
89 40 1.519366
89 36 1.526586
89 41 1.536668
89 43 1.543915
89 49 1.552999
89 15 1.606498
89 24 1.631944
89 46 1.605036
89 50 1.610971
89 20 1.663912
89 16 1.673388
89 23 1.689891
89 42 1.752792
89 39 1.801352
89 48 1.793913
90 14 0.450244
90 10 0.535351
90 33 0.530267
90 13 0.579963
90 9 0.600711
90 12 0.620438
90 11 0.621817
90 31 0.635796
90 29 0.668735
90 32 0.686424
90 3 0.787839
90 30 0.785804
90 44 0.801001
90 28 0.825955
90 47 0.869526
90 8 0.923372
90 43 0.916354
90 20 0.947704
90 38 0.959466
90 18 1.053958
90 16 1.064488
90 1 1.087478
90 0 1.123000
90 17 1.109778
90 5 1.146485
90 36 1.155618
90 19 1.171377
90 37 1.176392
90 27 1.194059
90 7 1.219319
90 24 1.205986
90 45 1.185946
90 25 1.232066
90 21 1.236745
90 22 1.247142
90 40 1.248866
90 35 1.278220
90 46 1.272434
90 34 1.299854
90 39 1.379017
90 15 1.493940
90 41 1.475520
90 42 1.474863
90 49 1.467924
90 6 1.509386
90 26 1.493032
90 4 1.512374
90 50 1.468917
90 23 1.498225
90 48 1.479619
90 2 1.537564
91 9 0.448618
91 8 0.522812
91 28 0.612077
91 13 0.657978
91 12 0.671657
91 29 0.707238
91 30 0.740359
91 11 0.796914
91 1 0.857092
91 44 0.816241
91 3 0.874341
91 14 0.880513
91 32 0.875303
91 37 0.880795
91 10 0.922381
91 31 0.931772
91 35 0.991540
91 2 1.040304
91 15 1.030639
91 33 1.008576
91 7 1.046333
91 5 1.059532
91 0 1.066736
91 16 1.125600
91 47 1.091882
91 17 1.135826
91 23 1.153628
91 24 1.180407
91 50 1.170796
91 19 1.215121
91 43 1.188853
91 46 1.212218
91 6 1.269804
91 40 1.274004
91 22 1.307987
91 4 1.325498
91 45 1.279673
91 38 1.296871
91 36 1.322262
91 18 1.364707
91 21 1.376628
91 20 1.401748
91 34 1.396136
91 42 1.389924
91 48 1.390393
91 49 1.410598
91 41 1.427051
91 39 1.524385
91 27 1.578223
91 26 1.597933
91 25 1.656000
92 8 0.532615
92 13 0.613699
92 29 0.638746
92 33 0.648533
92 10 0.697572
92 9 0.732879
92 11 0.743131
92 28 0.962960
92 12 1.021303
92 3 1.077418
92 44 1.043769
92 32 1.079664
92 31 1.096814
92 6 1.163417
92 21 1.186250
92 14 1.209525
92 42 1.215742
92 41 1.229954
92 17 1.266951
92 5 1.290143
92 19 1.291911
92 40 1.260609
92 30 1.302358
92 49 1.275337
92 0 1.392221
92 22 1.384666
92 24 1.397317
92 27 1.394307
92 16 1.421183
92 45 1.404480
92 4 1.478921
92 48 1.446075
92 2 1.524931
92 47 1.478411
92 26 1.511857
92 23 1.526634
92 15 1.619943
92 38 1.596657
92 7 1.638677
92 35 1.627869
92 1 1.668295
92 37 1.641565
92 46 1.630885
92 18 1.682960
92 50 1.654058
92 20 1.725803
92 43 1.719949
92 25 1.761774
92 39 1.763823
92 36 1.798212
92 34 1.810103
93 44 0.569524
93 13 0.610548
93 28 0.608241
93 12 0.640791
93 11 0.642959
93 8 0.660586
93 31 0.650586
93 21 0.827479
93 33 0.811933
93 19 0.833736
93 30 0.859865
93 10 0.882817
93 29 0.985501
93 9 1.020931
93 14 1.031069
93 32 1.053497
93 20 1.100055
93 7 1.146206
93 17 1.371467
93 5 1.394169
93 35 1.412602
93 41 1.417450
93 0 1.471490
93 45 1.443637
93 3 1.515293
93 49 1.475320
93 34 1.497216
93 4 1.547457
93 40 1.580468
93 15 1.639650
93 39 1.635350
93 2 1.686247
93 24 1.716023
93 26 1.728661
93 18 1.788274
93 43 1.754447
93 42 1.765430
93 23 1.807038
93 37 1.789520
93 38 1.797817
93 16 1.840438
93 1 1.879885
93 48 1.826672
93 36 1.843141
93 46 1.830857
93 6 1.900243
93 50 1.928509
93 47 1.945465
93 27 2.033635
93 25 2.064401
93 22 2.077953
94 11 0.567918
94 44 0.659023
94 13 0.718448
94 9 0.735259
94 14 0.734320
94 20 0.791477
94 34 0.825227
94 8 0.922575
94 28 0.914207
94 31 0.928551
94 35 0.936896
94 30 0.992151
94 33 1.081287
94 29 1.100131
94 7 1.125878
94 2 1.162709
94 3 1.162481
94 32 1.172268
94 45 1.167200
94 47 1.165372
94 10 1.214560
94 24 1.343895
94 12 1.358696
94 23 1.346441
94 19 1.353281
94 16 1.358425
94 22 1.351587
94 5 1.368749
94 25 1.363571
94 1 1.439884
94 43 1.403724
94 17 1.441122
94 38 1.461379
94 36 1.480425
94 0 1.551621
94 42 1.504324
94 27 1.541195
94 4 1.577245
94 18 1.596359
94 26 1.607182
94 40 1.608150
94 37 1.630851
94 6 1.682997
94 46 1.642526
94 21 1.768208
94 15 1.811115
94 39 1.794852
94 50 1.846560
94 48 1.895231
94 49 2.013448
94 41 2.095570
95 11 0.682377
95 12 0.703425
95 14 0.717261
95 33 0.702498
95 9 0.752264
95 13 0.767725
95 31 0.756904
95 3 0.799038
95 29 0.805417
95 10 0.844171
95 44 0.812107
95 32 0.851042
95 5 0.992831
95 8 1.018465
95 1 1.053681
95 30 1.134251
95 28 1.164411
95 16 1.190075
95 43 1.159093
95 27 1.207871
95 0 1.235968
95 35 1.216921
95 7 1.264016
95 48 1.213926
95 23 1.259326
95 20 1.264578
95 2 1.302697
95 6 1.326819
95 47 1.307601
95 36 1.331963
95 46 1.327660
95 24 1.394437
95 40 1.372905
95 34 1.402775
95 22 1.435665
95 15 1.455606
95 4 1.476074
95 19 1.462505
95 25 1.456245
95 18 1.491795
95 21 1.497599
95 17 1.504218
95 45 1.483071
95 26 1.517472
95 41 1.515702
95 37 1.543318
95 38 1.577564
95 39 1.583543
95 50 1.600278
95 42 1.620281
95 49 1.648371
96 32 0.654161
96 13 0.691529
96 11 0.759408
96 9 0.791365
96 12 0.793907
96 8 0.840721
96 10 0.844118
96 29 0.825217
96 28 0.855431
96 30 0.857925
96 44 0.866435
96 14 0.914428
96 31 0.950752
96 47 0.945843
96 33 0.976809
96 5 1.017755
96 45 0.966550
96 0 1.033636
96 38 0.993648
96 42 0.990167
96 7 1.049904
96 50 1.008166
96 2 1.083693
96 3 1.123644
96 43 1.102024
96 40 1.113193
96 20 1.166705
96 46 1.133489
96 1 1.201828
96 26 1.212478
96 36 1.214144
96 24 1.265668
96 39 1.268910
96 15 1.303111
96 4 1.325750
96 16 1.330069
96 17 1.338486
96 6 1.395078
96 34 1.375209
96 23 1.413127
96 37 1.393329
96 27 1.417528
96 35 1.432403
96 25 1.458518
96 41 1.443390
96 48 1.435833
96 18 1.487661
96 21 1.509977
96 22 1.560415
96 19 1.590421
96 49 1.569981
97 9 0.452420
97 29 0.482654
97 32 0.615583
97 13 0.644124
97 10 0.648888
97 14 0.692552
97 30 0.688787
97 21 0.713352
97 12 0.739535
97 44 0.819864
97 8 0.872118
97 31 0.861972
97 19 0.877849
97 1 0.925130
97 28 0.951631
97 33 0.986992
97 11 1.016537
97 39 1.053886
97 3 1.133044
97 0 1.158461
97 20 1.164570
97 5 1.186591
97 24 1.207416
97 48 1.188660
97 36 1.235444
97 17 1.267653
97 22 1.264827
97 6 1.301678
97 45 1.274331
97 23 1.309394
97 16 1.333863
97 25 1.347687
97 2 1.395236
97 4 1.429622
97 15 1.449810
97 26 1.447771
97 46 1.437300
97 40 1.447685
97 34 1.466077
97 27 1.473223
97 38 1.465001
97 43 1.465864
97 50 1.466756
97 47 1.472875
97 37 1.495605
97 18 1.514879
97 7 1.531749
97 35 1.516138
97 42 1.509103
97 49 1.521850
97 41 1.568563
98 9 0.538825
98 8 0.621098
98 28 0.618505
98 30 0.743721
98 14 0.860996
98 31 0.973852
98 0 1.072967
98 13 1.089287
98 3 1.098482
98 1 1.152379
98 24 1.255466
98 10 1.338297
98 11 1.397950
98 12 1.414972
98 20 1.426513
98 23 1.441577
98 27 1.455999
98 16 1.492183
98 44 1.451705
98 50 1.444070
98 4 1.522833
98 29 1.496342
98 32 1.512051
98 36 1.506332
98 42 1.519637
98 40 1.522997
98 17 1.577353
98 21 1.629674
98 18 1.670089
98 6 1.716690
98 33 1.687536
98 15 1.725059
98 19 1.739223
98 34 1.746087
98 7 1.779448
98 47 1.726824
98 25 1.761776
98 5 1.814025
98 22 1.909475
98 39 1.885014
98 37 1.889946
98 35 1.925523
98 2 2.017658
98 43 2.032981
98 45 2.053618
98 26 2.114627
98 38 2.132891
98 46 2.132492
98 48 2.252351
98 41 2.297940
98 49 2.305346
99 8 0.661199
99 10 0.659916
99 13 0.680272
99 29 0.692128
99 12 0.716234
99 14 0.879169
99 30 0.954396
99 11 1.065298
99 44 1.037839
99 33 1.056807
99 28 1.158178
99 24 1.308552
99 27 1.303311
99 1 1.334641
99 9 1.348469
99 17 1.395789
99 0 1.411449
99 20 1.425124
99 34 1.418560
99 40 1.478685
99 41 1.476370
99 5 1.545055
99 19 1.566666
99 32 1.594540
99 31 1.596299
99 47 1.596246
99 23 1.689283
99 6 1.711598
99 38 1.692212
99 3 1.740111
99 43 1.707440
99 4 1.762109
99 21 1.764634
99 16 1.794775
99 25 1.815260
99 36 1.828946
99 26 1.868393
99 50 1.847175
99 15 1.905332
99 42 1.879494
99 49 1.885913
99 35 1.955517
99 39 1.950715
99 48 1.942875
99 46 1.953237
99 18 2.019257
99 2 2.082543
99 45 2.065481
99 37 2.117935
99 7 2.233524
99 22 2.235092
100 9 0.496383
100 44 0.475911
100 31 0.524225
100 32 0.527543
100 30 0.544896
100 29 0.556635
100 8 0.587026
100 28 0.598660
100 13 0.666597
100 11 0.676275
100 33 0.745922
100 14 0.809115
100 10 0.819300
100 12 0.885597
100 3 0.967119
100 5 0.965929
100 1 1.036744
100 0 1.092989
100 50 1.033789
100 39 1.065578
100 48 1.150060
100 42 1.202520
100 27 1.240152
100 2 1.269818
100 21 1.262088
100 25 1.267375
100 26 1.288127
100 40 1.303278
100 19 1.339128
100 16 1.344903
100 23 1.337365
100 6 1.381702
100 38 1.368631
100 49 1.366376
100 7 1.423095
100 41 1.385484
100 4 1.438074
100 43 1.396931
100 36 1.453080
100 24 1.480906
100 17 1.491636
100 20 1.491359
100 47 1.457153
100 18 1.510674
100 15 1.514954
100 45 1.503655
100 35 1.522685
100 22 1.577764
100 34 1.568475
100 37 1.686080
100 46 1.701433
101 9 0.558476
101 11 0.654108
101 14 0.653367
101 28 0.655506
101 13 0.695121
101 12 0.696371
101 8 0.825949
101 10 0.858146
101 33 0.862441
101 29 0.888097
101 5 0.979175
101 3 1.020326
101 36 1.025220
101 39 1.043267
101 1 1.130151
101 31 1.116394
101 44 1.136408
101 19 1.211731
101 30 1.215773
101 20 1.257599
101 45 1.247247
101 32 1.401162
101 4 1.449585
101 42 1.458565
101 0 1.532966
101 26 1.507043
101 16 1.522058
101 25 1.565742
101 15 1.599349
101 6 1.729104
101 43 1.683690
101 24 1.711146
101 41 1.687751
101 48 1.677078
101 46 1.684368
101 50 1.691076
101 37 1.711778
101 18 1.738991
101 21 1.766371
101 17 1.785367
101 49 1.784734
101 38 1.802363
101 34 1.823058
101 40 1.865062
101 35 1.873804
101 7 1.923918
101 27 1.902910
101 47 1.908235
101 23 1.994328
101 22 2.007917
101 2 2.058144
102 28 0.598945
102 13 0.700829
102 12 0.711343
102 31 0.702853
102 32 0.820415
102 11 0.853899
102 14 0.865843
102 10 0.893456
102 30 0.883811
102 29 0.982084
102 8 1.052457
102 0 1.101457
102 9 1.120179
102 33 1.159635
102 44 1.209198
102 2 1.299946
102 45 1.339253
102 27 1.364628
102 25 1.410366
102 36 1.409218
102 3 1.444249
102 49 1.391291
102 4 1.454835
102 16 1.463610
102 35 1.465140
102 26 1.526892
102 5 1.558648
102 1 1.574253
102 22 1.570567
102 6 1.597381
102 37 1.581134
102 24 1.609548
102 19 1.622576
102 47 1.610207
102 34 1.659332
102 42 1.655739
102 17 1.698418
102 48 1.696754
102 41 1.723654
102 23 1.760901
102 40 1.760840
102 15 1.817323
102 38 1.803393
102 46 1.796477
102 50 1.800101
102 20 1.848841
102 7 1.914556
102 18 1.902706
102 21 2.000717
102 43 1.980289
102 39 1.989617
103 9 0.595344
103 10 0.612062
103 14 0.611359
103 13 0.633985
103 44 0.654999
103 32 0.786817
103 28 0.854330
103 8 0.926064
103 11 0.980719
103 19 1.167286
103 45 1.141983
103 33 1.190640
103 12 1.218680
103 29 1.215988
103 31 1.372826
103 1 1.424488
103 20 1.409456
103 24 1.421243
103 3 1.539831
103 30 1.526232
103 48 1.519273
103 25 1.576274
103 22 1.583858
103 6 1.636666
103 16 1.693591
103 21 1.745063
103 36 1.750640
103 43 1.758508
103 35 1.800584
103 7 1.853002
103 2 1.860466
103 46 1.816362
103 23 1.876951
103 47 1.837537
103 38 1.855090
103 50 1.849398
103 5 1.927506
103 37 1.904429
103 34 1.910475
103 40 1.903185
103 15 1.955760
103 4 1.980708
103 42 1.933460
103 17 1.985672
103 41 1.949205
103 26 2.003066
103 49 1.996909
103 39 2.040799
103 0 2.089951
103 18 2.136750
103 27 2.171651
104 10 0.666754
104 12 0.728233
104 11 0.827920
104 28 0.847354
104 30 0.859773
104 29 0.889047
104 44 0.916382
104 32 0.964440
104 8 1.016754
104 14 1.019425
104 13 1.042135
104 9 1.078692
104 31 1.130580
104 47 1.256623
104 33 1.363312
104 45 1.386861
104 22 1.428145
104 23 1.447735
104 43 1.488653
104 36 1.506724
104 0 1.568016
104 38 1.550157
104 17 1.595074
104 2 1.636187
104 46 1.588332
104 50 1.589595
104 5 1.661380
104 40 1.640399
104 39 1.651947
104 42 1.665961
104 35 1.689263
104 25 1.723565
104 19 1.748965
104 18 1.750805
104 1 1.784136
104 15 1.781011
104 4 1.797190
104 24 1.803086
104 48 1.779739
104 16 1.820782
104 7 1.839329
104 6 1.861223
104 26 1.868577
104 34 1.879629
104 41 1.928001
104 21 1.995809
104 20 2.023748
104 27 2.058874
104 3 2.087619
104 49 2.047709
104 37 2.081811
105 9 0.687332
105 14 0.699169
105 12 0.719511
105 13 0.761160
105 44 0.815539
105 8 0.881457
105 32 0.865187
105 10 0.901533
105 33 0.889638
105 28 0.906180
105 0 0.953188
105 31 0.953529
105 30 1.048585
105 29 1.154498
105 11 1.212571
105 38 1.447549
105 3 1.501748
105 37 1.457671
105 6 1.519492
105 46 1.566591
105 7 1.679550
105 24 1.805027
105 23 1.831055
105 36 1.816659
105 22 1.844277
105 17 1.868527
105 5 1.882506
105 34 1.845744
105 39 1.840463
105 20 1.913891
105 40 1.889857
105 48 1.896336
105 2 1.981112
105 27 2.009917
105 4 2.044303
105 25 2.032136
105 18 2.044525
105 50 2.022198
105 47 2.026712
105 49 2.038373
105 41 2.058096
105 16 2.095942
105 1 2.136620
105 35 2.100484
105 21 2.138993
105 42 2.112023
105 45 2.124806
105 26 2.163834
105 15 2.221248
105 19 2.222895
105 43 2.295000
106 44 0.748585
106 11 0.832515
106 29 0.829854
106 31 0.879874
106 14 1.073503
106 30 1.065623
106 32 1.103107
106 9 1.170251
106 10 1.192852
106 13 1.300208
106 8 1.354427
106 5 1.411370
106 33 1.400852
106 12 1.517870
106 1 1.559416
106 0 1.578322
106 16 1.601105
106 40 1.579939
106 28 1.668395
106 20 1.699093
106 36 1.703593
106 6 1.784532
106 22 1.768967
106 43 1.750504
106 37 1.762264
106 15 1.835153
106 4 1.874846
106 19 1.892744
106 48 1.873944
106 21 1.924169
106 47 1.938883
106 18 1.994051
106 38 2.014043
106 7 2.082956
106 50 2.035947
106 27 2.072341
106 17 2.100237
106 3 2.116261
106 46 2.107228
106 42 2.124543
106 49 2.233865
106 26 2.280421
106 24 2.285068
106 34 2.271895
106 23 2.307720
106 2 2.350378
106 45 2.297020
106 35 2.334173
106 25 2.430765
106 39 2.451147
106 41 2.542732
107 12 0.766881
107 9 0.786865
107 13 0.826746
107 8 0.879986
107 29 0.871859
107 44 0.882823
107 33 0.923997
107 30 0.987565
107 32 1.248356
107 11 1.294865
107 10 1.360935
107 2 1.368109
107 28 1.359060
107 31 1.389995
107 3 1.442858
107 14 1.461615
107 0 1.495030
107 49 1.468803
107 5 1.555835
107 47 1.621313
107 40 1.721853
107 38 1.782557
107 25 1.841081
107 27 1.855155
107 1 1.883382
107 36 1.840514
107 6 1.931299
107 48 1.919133
107 41 1.928031
107 19 1.978594
107 23 1.974375
107 7 2.005158
107 46 1.978890
107 42 1.984895
107 18 2.047136
107 39 2.048407
107 16 2.096176
107 21 2.103228
107 35 2.081845
107 26 2.127884
107 43 2.118656
107 4 2.180874
107 20 2.167301
107 37 2.140624
107 15 2.286378
107 22 2.298799
107 50 2.268364
107 24 2.380169
107 45 2.358188
107 34 2.374626
107 17 2.654383
108 8 0.781353
108 44 0.775704
108 10 1.010570
108 9 1.069820
108 11 1.087058
108 33 1.127475
108 28 1.192145
108 14 1.309285
108 31 1.341993
108 35 1.428966
108 12 1.469517
108 30 1.457445
108 13 1.487006
108 29 1.532770
108 26 1.593651
108 32 1.610768
108 37 1.633641
108 22 1.681613
108 3 1.920021
108 45 1.881957
108 24 1.920261
108 18 1.944263
108 49 1.927740
108 34 2.022014
108 1 2.070756
108 27 2.075625
108 48 2.048267
108 16 2.108638
108 43 2.098629
108 0 2.196642
108 40 2.156412
108 36 2.210083
108 6 2.266630
108 46 2.217542
108 4 2.276061
108 5 2.283961
108 7 2.297943
108 50 2.303536
108 41 2.334337
108 42 2.360309
108 2 2.427419
108 15 2.479530
108 25 2.502355
108 39 2.546513
108 20 2.683370
108 38 2.797584
108 47 2.828412
108 21 2.883074
108 23 2.895588
108 17 2.932646
108 19 3.001061
109 10 0.910230
109 13 0.960041
109 9 1.045947
109 29 1.131914
109 12 1.174583
109 28 1.168914
109 11 1.225832
109 8 1.290298
109 27 1.279007
109 14 1.305919
109 33 1.320239
109 4 1.366520
109 44 1.319498
109 31 1.348626
109 32 1.392465
109 48 1.406018
109 30 1.471828
109 0 1.542182
109 1 1.575506
109 6 1.586956
109 5 1.654966
109 19 1.653439
109 22 1.684207
109 50 1.662550
109 43 1.681419
109 2 1.729585
109 25 1.766141
109 15 1.789120
109 45 1.749860
109 36 1.776637
109 39 1.808585
109 40 1.821221
109 16 1.868410
109 7 1.886979
109 3 1.890829
109 47 1.841421
109 21 1.895295
109 34 1.890002
109 49 1.875836
109 38 1.901431
109 20 1.934434
109 42 1.925653
109 46 1.990673
109 35 2.006956
109 26 2.034660
109 24 2.047010
109 37 2.046936
109 23 2.104351
109 17 2.142327
109 18 2.165111
109 41 2.225874
110 11 0.797716
110 8 0.937998
110 44 0.910877
110 28 1.037675
110 13 1.071569
110 30 1.063735
110 14 1.114903
110 10 1.137259
110 12 1.260739
110 29 1.397397
110 31 1.457658
110 33 1.504671
110 9 1.561330
110 32 1.577839
110 20 1.731204
110 2 1.813503
110 0 1.853399
110 6 1.862685
110 50 1.822153
110 5 1.896151
110 1 1.934608
110 42 1.899805
110 37 2.022223
110 4 2.095276
110 43 2.062914
110 17 2.102180
110 27 2.184310
110 19 2.224038
110 38 2.253575
110 24 2.305425
110 21 2.310343
110 39 2.320093
110 40 2.330315
110 25 2.355161
110 34 2.373683
110 36 2.384602
110 35 2.403459
110 41 2.407638
110 45 2.423962
110 26 2.464018
110 7 2.495510
110 49 2.461695
110 15 2.569455
110 3 2.597449
110 47 2.574720
110 46 2.587840
110 22 2.626902
110 16 2.633858
110 23 2.717559
110 48 2.689306
110 18 2.753230
111 28 0.481290
111 31 0.517896
111 44 0.626640
111 11 0.717822
111 9 0.733603
111 32 0.722746
111 12 0.755228
111 14 0.756829
111 8 0.763711
111 30 0.750966
111 29 0.797765
111 13 0.869219
111 10 0.900939
111 3 0.920393
111 17 0.940135
111 5 0.977179
111 33 0.972805
111 21 1.133796
111 47 1.203419
111 2 1.265866
111 15 1.256420
111 0 1.310602
111 43 1.294826
111 18 1.334289
111 34 1.317366
111 22 1.373228
111 1 1.413286
111 7 1.418978
111 23 1.414049
111 19 1.433947
111 4 1.452677
111 20 1.448909
111 36 1.446227
111 49 1.429993
111 38 1.458629
111 39 1.469322
111 16 1.515897
111 45 1.491172
111 46 1.489300
111 27 1.522352
111 25 1.534886
111 48 1.532649
111 42 1.579025
111 37 1.595442
111 50 1.584701
111 26 1.633405
111 6 1.671156
111 40 1.713059
111 41 1.730459
111 35 1.790473
111 24 1.840058
112 8 0.783755
112 31 0.812000
112 14 0.874501
112 9 0.910326
112 30 0.885822
112 33 1.076785
112 13 1.171442
112 44 1.162979
112 29 1.511473
112 45 1.507499
112 11 1.633285
112 10 1.743771
112 12 1.788065
112 6 1.793941
112 28 1.900458
112 1 1.930424
112 36 1.889746
112 24 1.909101
112 47 1.873240
112 26 1.925604
112 17 1.969913
112 22 1.987667
112 0 2.035136
112 25 2.010200
112 32 1.999222
112 2 2.082955
112 18 2.174355
112 49 2.166688
112 27 2.229940
112 4 2.257389
112 7 2.322415
112 21 2.458199
112 48 2.458543
112 43 2.465911
112 35 2.503157
112 37 2.542335
112 38 2.577097
112 46 2.682618
112 39 2.694996
112 50 2.715001
112 3 2.779866
112 34 2.776216
112 15 2.804620
112 42 2.784360
112 19 2.843480
112 5 2.857131
112 16 2.865596
112 20 2.904437
112 41 2.890817
112 40 2.909529
112 23 2.969093
113 9 0.679044
113 44 0.784697
113 8 0.842582
113 10 0.886310
113 11 0.894313
113 32 0.878135
113 14 0.913938
113 13 1.013521
113 12 1.024722
113 30 1.057100
113 31 1.105538
113 28 1.194454
113 29 1.329301
113 0 1.648154
113 2 1.660352
113 5 1.753239
113 33 1.753124
113 6 1.836919
113 41 1.803414
113 1 1.883570
113 42 1.844066
113 17 1.946175
113 4 1.983398
113 43 1.948266
113 49 1.939490
113 7 1.993783
113 40 1.973922
113 45 2.006551
113 20 2.051576
113 3 2.075901
113 38 2.055942
113 36 2.128397
113 16 2.174686
113 21 2.199375
113 48 2.161258
113 39 2.190949
113 35 2.197483
113 15 2.239698
113 50 2.223757
113 19 2.297582
113 27 2.308985
113 47 2.289500
113 25 2.323715
113 46 2.299098
113 22 2.373128
113 23 2.456522
113 26 2.462958
113 24 2.472113
113 18 2.486548
113 37 2.519062
113 34 2.587848
114 30 0.783396
114 11 0.844879
114 14 0.916470
114 8 1.001127
114 31 0.988437
114 12 1.030369
114 29 1.024052
114 9 1.093925
114 32 1.177391
114 44 1.254987
114 33 1.279166
114 13 1.324135
114 1 1.416702
114 10 1.416340
114 28 1.476682
114 3 1.512112
114 40 1.521588
114 26 1.580174
114 2 1.646128
114 36 1.729990
114 42 1.750255
114 7 1.836595
114 22 1.834734
114 25 1.831434
114 27 1.898883
114 16 1.930714
114 5 1.950753
114 0 1.995969
114 15 2.034889
114 37 2.021231
114 4 2.102423
114 46 2.081175
114 24 2.141332
114 45 2.120409
114 41 2.143428
114 50 2.140478
114 19 2.206507
114 23 2.288053
114 34 2.306662
114 21 2.344051
114 39 2.361382
114 38 2.436481
114 43 2.441394
114 48 2.484072
114 17 2.542252
114 20 2.553852
114 6 2.583066
114 18 2.576259
114 49 2.564811
114 35 2.591383
114 47 2.773397
115 8 0.613758
115 9 0.690484
115 10 0.782703
115 29 0.773118
115 33 0.847559
115 14 0.885624
115 11 0.903308
115 13 0.902538
115 30 0.913179
115 31 0.940796
115 44 0.925417
115 28 0.960755
115 32 1.119637
115 12 1.158145
115 0 1.269180
115 45 1.298440
115 1 1.373357
115 19 1.377818
115 3 1.421369
115 17 1.484729
115 26 1.485413
115 24 1.490729
115 18 1.500340
115 41 1.480440
115 36 1.492651
115 6 1.542171
115 22 1.544015
115 5 1.561589
115 48 1.523566
115 27 1.555283
115 39 1.540286
115 35 1.673091
115 21 1.696296
115 23 1.694604
115 25 1.692370
115 47 1.671767
115 43 1.707917
115 4 1.756809
115 49 1.712934
115 2 1.798700
115 15 1.820338
115 38 1.788710
115 16 1.859665
115 42 1.858696
115 34 1.878617
115 46 1.874908
115 7 1.990057
115 20 1.989441
115 40 1.974208
115 50 1.983221
115 37 2.085910
116 13 0.747040
116 30 0.754475
116 8 0.911676
116 29 0.888020
116 10 0.911987
116 14 0.946833
116 31 0.964124
116 9 1.065437
116 32 1.203335
116 11 1.246740
116 34 1.548537
116 2 1.602922
116 6 1.635257
116 0 1.658146
116 44 1.607034
116 15 1.649096
116 12 1.653379
116 19 1.647388
116 28 1.652630
116 33 1.646986
116 3 1.780585
116 25 1.850840
116 21 1.878373
116 4 1.940984
116 45 1.906690
116 17 1.970099
116 40 1.957235
116 42 2.031447
116 50 2.037338
116 18 2.086271
116 37 2.060690
116 39 2.078967
116 26 2.099147
116 22 2.120642
116 49 2.083072
116 7 2.140685
116 38 2.190658
116 47 2.175130
116 20 2.231824
116 1 2.261628
116 5 2.289664
116 41 2.263639
116 24 2.302173
116 46 2.313662
116 48 2.389270
116 16 2.449526
116 27 2.447697
116 43 2.459382
116 23 2.592963
116 36 2.574804
116 35 2.630754
117 11 0.827489
117 9 0.853219
117 30 0.852141
117 12 0.879721
117 31 0.903730
117 13 0.930266
117 8 0.934785
117 10 1.097373
117 29 1.534687
117 28 1.599638
117 21 1.644876
117 46 1.603283
117 25 1.709200
117 0 1.766354
117 3 1.786327
117 32 1.779297
117 19 1.842430
117 1 1.895258
117 4 1.952684
117 44 1.922859
117 5 2.000183
117 14 2.020006
117 36 1.989261
117 15 2.045160
117 33 2.180089
117 2 2.216651
117 18 2.205337
117 26 2.195225
117 7 2.241069
117 27 2.242357
117 23 2.250943
117 42 2.259358
117 24 2.307919
117 6 2.327394
117 40 2.371340
117 34 2.405828
117 49 2.403986
117 20 2.472070
117 17 2.500550
117 43 2.498509
117 38 2.543650
117 22 2.591367
117 37 2.668782
117 47 2.670765
117 35 2.690738
117 50 2.732224
117 45 2.837975
117 48 2.856931
117 41 2.902844
117 16 2.959226
117 39 2.941016
118 9 0.741256
118 30 0.798017
118 10 0.827488
118 32 0.837906
118 11 0.931163
118 8 0.957129
118 31 0.971274
118 44 1.053209
118 28 1.130776
118 14 1.230049
118 13 1.529865
118 33 1.637847
118 4 1.700983
118 12 1.714752
118 29 1.716507
118 22 1.802931
118 34 1.801837
118 17 1.900723
118 5 2.032565
118 7 2.050628
118 21 2.058284
118 2 2.094191
118 40 2.048727
118 0 2.117801
118 24 2.121106
118 6 2.201696
118 1 2.239871
118 39 2.208323
118 19 2.274510
118 3 2.313620
118 18 2.320961
118 47 2.343756
118 49 2.475468
118 41 2.490843
118 50 2.476170
118 42 2.508053
118 43 2.510698
118 26 2.617111
118 37 2.622982
118 15 2.691307
118 38 2.670847
118 46 2.671907
118 48 2.684667
118 20 2.732891
118 36 2.743048
118 25 2.797587
118 27 2.819101
118 16 2.907905
118 35 2.891841
118 23 2.934328
118 45 2.911182
119 8 0.919272
119 13 0.948238
119 9 0.982219
119 14 1.029687
119 31 1.032451
119 11 1.152938
119 33 1.328816
119 32 1.360404
119 37 1.485839
119 48 1.503925
119 10 1.638887
119 28 1.636239
119 30 1.664049
119 29 1.684375
119 45 1.684131
119 2 1.754777
119 46 1.767918
119 5 1.869138
119 12 1.873760
119 44 1.868198
119 1 1.944149
119 41 1.911715
119 3 2.046673
119 7 2.093072
119 0 2.108714
119 4 2.107115
119 16 2.214330
119 34 2.201654
119 39 2.207003
119 36 2.224431
119 18 2.260191
119 49 2.233708
119 43 2.273357
119 20 2.369939
119 21 2.418749
119 42 2.396353
119 19 2.494636
119 50 2.479273
119 6 2.559901
119 25 2.570818
119 38 2.617780
119 35 2.648190
119 17 2.700812
119 47 2.727165
119 15 2.781484
119 26 2.785896
119 23 2.828954
119 22 2.830970
119 24 2.847519
119 40 2.849541
119 27 2.876162
120 12 0.933125
120 8 0.972510
120 11 0.971063
120 29 0.980203
120 31 1.143330
120 30 1.302895
120 14 1.593438
120 10 1.629299
120 44 1.732347
120 33 1.836771
120 32 1.889619
120 22 1.999593
120 13 2.043140
120 0 2.253413
120 21 2.235215
120 49 2.173181
120 45 2.182101
120 26 2.227357
120 19 2.243108
120 43 2.296453
120 16 2.384632
120 9 2.391549
120 48 2.351977
120 5 2.469470
120 18 2.458566
120 20 2.494712
120 28 2.476589
120 25 2.485485
120 4 2.552299
120 42 2.491094
120 41 2.528486
120 36 2.536358
120 35 2.676408
120 50 2.772474
120 39 2.798792
120 46 2.805254
120 2 2.913407
120 17 2.902099
120 23 2.919733
120 6 3.005467
120 34 3.039381
120 1 3.089215
120 37 3.202264
120 24 3.263942
120 27 3.284082
120 15 3.421399
120 3 3.431034
120 38 3.376210
120 47 3.356805
120 40 3.445342
120 7 3.572837
