21 2 0.096743
21 1 0.117018
21 0 0.123975
21 8 0.086591
21 7 0.088092
21 5 0.153784
21 3 0.196148
21 4 0.197046
21 12 0.094320
21 9 0.131028
21 11 0.111850
21 13 0.095390
21 14 0.095971
21 6 0.182159
21 10 0.145590
21 16 0.127275
21 15 0.158214
21 20 0.132435
21 19 0.135889
21 18 0.148297
21 17 0.150300
21 23 0.154542
21 22 0.168599
21 31 0.180084
21 33 0.169063
21 24 0.202385
21 29 0.196207
21 47 0.161860
21 45 0.165401
21 30 0.206574
21 25 0.220732
21 27 0.213892
21 26 0.220545
21 36 0.180646
21 38 0.179043
21 32 0.199737
21 48 0.169450
21 39 0.184995
21 21 0.237275
21 41 0.186245
21 42 0.186986
21 43 0.185013
21 28 0.228321
21 40 0.192801
21 44 0.190253
21 46 0.187046
21 34 0.209161
21 50 0.187936
21 37 0.215601
21 49 0.198412
21 35 0.225467
22 3 0.112706
22 5 0.115406
22 0 0.119100
22 2 0.120546
22 1 0.184790
22 8 0.182446
22 4 0.186231
22 9 0.230929
22 7 0.241731
22 6 0.247701
22 10 0.263705
22 29 0.244645
22 44 0.229091
22 28 0.249957
22 14 0.268423
22 30 0.252104
22 32 0.247953
22 12 0.277813
22 36 0.253645
22 34 0.256667
22 26 0.273043
22 18 0.282526
22 16 0.284290
22 50 0.245284
22 20 0.281364
22 37 0.259700
22 17 0.284307
22 19 0.283376
22 13 0.289168
22 27 0.276263
22 11 0.293798
22 22 0.284284
22 40 0.263118
22 24 0.285351
22 38 0.268087
22 33 0.274163
22 39 0.268626
22 43 0.265425
22 25 0.288093
22 46 0.262365
22 31 0.281970
22 49 0.260745
22 23 0.293242
22 15 0.302571
22 41 0.271992
22 42 0.273641
22 35 0.284287
22 21 0.304229
22 48 0.271144
22 47 0.272751
22 45 0.276548
23 0 0.067716
23 1 0.206541
23 21 0.200372
23 8 0.240722
23 14 0.263643
23 15 0.277851
23 5 0.285851
23 13 0.285216
23 50 0.254491
23 12 0.289750
23 4 0.296394
23 9 0.293373
23 29 0.277688
23 11 0.292709
23 17 0.289226
23 28 0.282903
23 42 0.271003
23 44 0.269367
23 30 0.282531
23 35 0.278836
23 19 0.293451
23 43 0.271722
23 23 0.290109
23 7 0.302857
23 20 0.294649
23 33 0.283364
23 16 0.298297
23 39 0.278549
23 32 0.284929
23 40 0.278567
23 22 0.294893
23 47 0.272212
23 3 0.309664
23 27 0.291824
23 10 0.306122
23 6 0.309854
23 31 0.292467
23 2 0.315615
23 46 0.280167
23 34 0.291907
23 18 0.306363
23 26 0.300165
23 37 0.291209
23 25 0.303290
23 24 0.304801
23 38 0.293069
23 49 0.282743
23 41 0.296134
23 48 0.288833
23 45 0.292911
23 36 0.302666
24 0 0.111693
24 5 0.121160
24 4 0.140859
24 2 0.151845
24 3 0.160413
24 9 0.167527
24 1 0.178172
24 7 0.201234
24 6 0.219102
24 17 0.219265
24 14 0.222982
24 20 0.219006
24 13 0.230725
24 10 0.233704
24 12 0.233576
24 8 0.239053
24 30 0.219002
24 11 0.243153
24 37 0.219236
24 31 0.226831
24 39 0.220732
24 23 0.238116
24 25 0.235873
24 33 0.229781
24 21 0.244368
24 28 0.238960
24 38 0.229658
24 22 0.246867
24 48 0.219720
24 43 0.224680
24 19 0.251584
24 15 0.256524
24 29 0.242690
24 45 0.226110
24 16 0.256861
24 32 0.242183
24 46 0.227541
24 41 0.234248
24 36 0.242963
24 40 0.238457
24 42 0.236557
24 26 0.255517
24 44 0.236971
24 27 0.255419
24 18 0.265630
24 50 0.232166
24 35 0.250189
24 49 0.239394
24 47 0.241372
24 24 0.266256
24 34 0.256441
25 0 0.089764
25 1 0.089734
25 5 0.131950
25 4 0.166751
25 2 0.178354
25 3 0.194873
25 6 0.201601
25 7 0.206364
25 8 0.218330
25 20 0.229769
25 11 0.247056
25 9 0.250632
25 44 0.220778
25 32 0.239493
25 10 0.263505
25 28 0.246171
25 13 0.265683
25 17 0.263824
25 15 0.266012
25 33 0.248428
25 40 0.243704
25 14 0.270645
25 39 0.244869
25 23 0.262865
25 29 0.256818
25 19 0.267504
25 27 0.259629
25 36 0.251034
25 24 0.265854
25 22 0.268945
25 30 0.260346
25 34 0.257123
25 38 0.253266
25 42 0.251795
25 31 0.265489
25 12 0.285880
25 41 0.256996
25 47 0.251131
25 21 0.279332
25 25 0.277137
25 16 0.287431
25 48 0.254716
25 35 0.270507
25 37 0.268033
25 45 0.260216
25 26 0.282161
25 50 0.256848
25 18 0.290748
25 46 0.262174
25 49 0.259347
25 43 0.266504
26 3 0.103578
26 0 0.123390
26 5 0.122121
26 2 0.161630
26 1 0.168827
26 6 0.175794
26 4 0.185305
26 10 0.203510
26 9 0.207006
26 8 0.227407
26 20 0.227900
26 14 0.237195
26 19 0.233646
26 21 0.234918
26 17 0.243368
26 46 0.214716
26 33 0.233569
26 13 0.253994
26 23 0.246066
26 11 0.257106
26 12 0.256744
26 37 0.232038
26 48 0.220368
26 22 0.250211
26 28 0.244621
26 32 0.240011
26 44 0.227331
26 47 0.225350
26 7 0.267366
26 42 0.233029
26 34 0.242364
26 25 0.254117
26 39 0.238985
26 24 0.256324
26 29 0.252331
26 38 0.242875
26 50 0.229768
26 31 0.251901
26 41 0.242061
26 49 0.233225
26 26 0.259285
26 15 0.272065
26 30 0.257481
26 35 0.252473
26 16 0.276677
26 18 0.275245
26 27 0.266124
26 36 0.256112
26 43 0.251911
26 40 0.261130
26 45 0.256644
27 1 0.085886
27 0 0.118978
27 5 0.116965
27 2 0.180087
27 4 0.185884
27 3 0.199659
27 7 0.203191
27 8 0.213513
27 6 0.225568
27 22 0.237669
27 21 0.241170
27 19 0.244901
27 11 0.250545
27 38 0.229806
27 34 0.225034
27 10 0.262463
27 14 0.259933
27 18 0.257273
27 13 0.261376
27 28 0.247950
27 27 0.250177
27 12 0.267732
27 44 0.236536
27 15 0.267356
27 50 0.230996
27 17 0.267898
27 16 0.268790
27 39 0.245590
27 40 0.245230
27 9 0.275191
27 42 0.243545
27 33 0.252502
27 23 0.264437
27 47 0.238248
27 26 0.262547
27 46 0.241889
27 25 0.265483
27 24 0.266887
27 29 0.261074
27 41 0.249455
27 30 0.260319
27 31 0.262026
27 32 0.261329
27 20 0.278758
27 43 0.255076
27 45 0.253061
27 37 0.261614
27 36 0.263023
27 48 0.250324
27 35 0.265953
27 49 0.256480
28 0 0.129251
28 2 0.151543
28 5 0.160503
28 1 0.170003
28 3 0.179177
28 4 0.188343
28 8 0.186218
28 9 0.225267
28 31 0.231103
28 10 0.250750
28 14 0.249724
28 11 0.252917
28 29 0.243930
28 35 0.238624
28 6 0.268898
28 23 0.254820
28 7 0.268882
28 16 0.262143
28 32 0.247172
28 15 0.263678
28 30 0.249687
28 41 0.243072
28 19 0.272922
28 18 0.273982
28 20 0.272464
28 26 0.266728
28 25 0.268108
28 44 0.250433
28 24 0.274037
28 12 0.285830
28 49 0.247604
28 34 0.265834
28 28 0.274360
28 13 0.289252
28 45 0.258085
28 21 0.285230
28 42 0.264660
28 38 0.269654
28 33 0.277586
28 39 0.270504
28 50 0.258405
28 17 0.293803
28 43 0.267816
28 46 0.264581
28 40 0.272038
28 47 0.266157
28 22 0.293998
28 37 0.281266
28 27 0.291893
28 36 0.283026
28 48 0.269519
29 0 0.085573
29 1 0.092573
29 3 0.172406
29 6 0.201951
29 2 0.208782
29 4 0.214080
29 7 0.247763
29 14 0.242880
29 9 0.259472
29 5 0.264880
29 29 0.245285
29 8 0.267346
29 11 0.280434
29 28 0.267145
29 12 0.282310
29 33 0.263696
29 30 0.267613
29 13 0.282843
29 39 0.260266
29 10 0.286628
29 20 0.282076
29 18 0.283832
29 22 0.281807
29 27 0.277499
29 35 0.268839
29 24 0.281304
29 15 0.290195
29 31 0.278823
29 32 0.281985
29 44 0.269677
29 38 0.279191
29 48 0.268053
29 21 0.299097
29 25 0.300482
29 26 0.300034
29 45 0.279338
29 34 0.293655
29 46 0.279726
29 19 0.309802
29 36 0.293417
29 17 0.312480
29 43 0.288820
29 42 0.290711
29 16 0.317835
29 40 0.299353
29 37 0.304483
29 50 0.290190
29 23 0.320447
29 41 0.302677
29 49 0.300285
29 47 0.303490
30 0 0.153621
30 6 0.157717
30 1 0.176050
30 3 0.186605
30 5 0.190463
30 2 0.211808
30 4 0.215208
30 7 0.232062
30 9 0.252616
30 10 0.254616
30 12 0.265319
30 14 0.264107
30 8 0.268897
30 11 0.266738
30 19 0.275718
30 32 0.262608
30 13 0.281773
30 38 0.257543
30 16 0.281397
30 33 0.264255
30 31 0.269433
30 37 0.261945
30 29 0.271926
30 20 0.281772
30 22 0.280345
30 15 0.287371
30 42 0.259616
30 23 0.280908
30 28 0.277462
30 17 0.288020
30 18 0.288069
30 34 0.273493
30 47 0.258807
30 44 0.264028
30 24 0.285620
30 21 0.288873
30 25 0.286200
30 45 0.266533
30 35 0.278560
30 26 0.290720
30 30 0.288935
30 27 0.292409
30 48 0.269340
30 40 0.282189
30 50 0.271660
30 41 0.282961
30 46 0.278991
30 49 0.276603
30 36 0.293314
30 43 0.285623
30 39 0.290830
31 3 0.109301
31 0 0.134359
31 2 0.195620
31 1 0.208016
31 8 0.206863
31 5 0.212890
31 20 0.223851
31 6 0.237082
31 9 0.238813
31 33 0.222798
31 42 0.214045
31 12 0.244992
31 14 0.245396
31 31 0.234293
31 4 0.263167
31 10 0.258671
31 22 0.259602
31 25 0.258245
31 30 0.253946
31 37 0.248650
31 21 0.267235
31 24 0.264925
31 17 0.272937
31 46 0.244173
31 19 0.272486
31 13 0.280407
31 50 0.244934
31 11 0.282646
31 34 0.263313
31 32 0.266287
31 44 0.255458
31 38 0.261819
31 28 0.272520
31 26 0.275822
31 29 0.272696
31 47 0.255634
31 23 0.280967
31 27 0.282828
31 15 0.298998
31 49 0.269437
31 39 0.281893
31 7 0.312162
31 16 0.307954
31 48 0.279001
31 35 0.294243
31 18 0.312499
31 41 0.289709
31 40 0.295971
31 45 0.293231
31 43 0.296933
31 36 0.304918
32 0 0.158012
32 6 0.164085
32 4 0.169219
32 3 0.189834
32 9 0.206562
32 5 0.213476
32 1 0.225936
32 2 0.249855
32 11 0.243106
32 10 0.251798
32 13 0.256725
32 14 0.261253
32 8 0.268003
32 44 0.231811
32 12 0.266649
32 30 0.264538
32 36 0.259649
32 20 0.278656
32 29 0.273531
32 17 0.286331
32 16 0.289366
32 18 0.290906
32 19 0.290743
32 34 0.274296
32 31 0.278741
32 43 0.267049
32 24 0.288475
32 15 0.297701
32 28 0.285160
32 46 0.265920
32 39 0.275474
32 26 0.290957
32 33 0.282136
32 25 0.292641
32 32 0.285404
32 23 0.295967
32 27 0.291528
32 22 0.298435
32 38 0.280977
32 21 0.312023
32 48 0.284804
32 7 0.326038
32 42 0.291700
32 50 0.284721
32 45 0.293579
32 41 0.298245
32 35 0.308174
32 37 0.306985
32 40 0.304372
32 47 0.297809
32 49 0.304382
33 0 0.145473
33 1 0.150221
33 2 0.179990
33 3 0.216521
33 5 0.226993
33 4 0.247835
33 9 0.291089
33 29 0.276990
33 8 0.297884
33 32 0.273196
33 6 0.299778
33 28 0.280511
33 44 0.260979
33 14 0.294723
33 13 0.295593
33 33 0.274709
33 31 0.276646
33 7 0.301638
33 10 0.299617
33 30 0.279010
33 16 0.295418
33 11 0.301876
33 15 0.301048
33 12 0.306187
33 17 0.306890
33 25 0.304723
33 34 0.300353
33 21 0.319592
33 22 0.319604
33 46 0.292956
33 43 0.303109
33 35 0.312311
33 18 0.332801
33 40 0.308608
33 45 0.304640
33 50 0.306679
33 41 0.315576
33 26 0.341240
33 27 0.341376
33 24 0.344221
33 42 0.325706
33 37 0.331665
33 36 0.334841
33 20 0.354078
33 48 0.323801
33 19 0.356009
33 47 0.327695
33 38 0.336939
33 49 0.328886
33 39 0.339129
33 23 0.358918
34 3 0.145934
34 0 0.161190
34 1 0.182880
34 2 0.184714
34 6 0.187078
34 5 0.201196
34 16 0.301180
34 20 0.295924
34 17 0.300607
34 10 0.308910
34 9 0.310126
34 38 0.276681
34 43 0.270854
34 28 0.288882
34 7 0.313285
34 18 0.301748
34 26 0.292424
34 30 0.288467
34 15 0.306801
34 21 0.299424
34 4 0.317842
34 23 0.298116
34 47 0.269194
34 19 0.303127
34 8 0.315638
34 32 0.289099
34 37 0.282479
34 40 0.279740
34 14 0.310630
34 36 0.284261
34 24 0.299540
34 12 0.313595
34 34 0.288275
34 31 0.291945
34 33 0.290695
34 46 0.274027
34 13 0.314170
34 11 0.316727
34 44 0.277689
34 42 0.279663
34 39 0.284561
34 29 0.296251
34 45 0.277517
34 25 0.304839
34 41 0.286256
34 27 0.305405
34 49 0.280260
34 35 0.300025
34 22 0.316255
34 50 0.311350
34 48 0.321723
35 3 0.131780
35 0 0.147718
35 8 0.202855
35 5 0.209306
35 6 0.229459
35 2 0.236982
35 9 0.256937
35 31 0.236881
35 14 0.259114
35 29 0.246946
35 12 0.264060
35 32 0.247735
35 4 0.273201
35 1 0.275591
35 13 0.267130
35 30 0.253210
35 10 0.275431
35 44 0.242868
35 42 0.250373
35 21 0.281302
35 28 0.280257
35 17 0.295379
35 19 0.295989
35 11 0.305000
35 33 0.289623
35 35 0.287592
35 15 0.313489
35 7 0.321893
35 23 0.309970
35 25 0.308706
35 16 0.318679
35 22 0.314070
35 24 0.313584
35 27 0.310425
35 50 0.290817
35 20 0.323025
35 37 0.308243
35 18 0.330819
35 47 0.304510
35 39 0.317317
35 26 0.330412
35 34 0.325452
35 38 0.322149
35 46 0.313362
35 41 0.319099
35 43 0.318058
35 40 0.321883
35 48 0.317562
35 36 0.335151
35 45 0.325781
35 49 0.325890
36 0 0.125350
36 3 0.170623
36 4 0.184748
36 2 0.192468
36 6 0.200992
36 5 0.201955
36 1 0.222162
36 8 0.232248
36 32 0.252786
36 12 0.274994
36 9 0.277864
36 7 0.281462
36 29 0.262362
36 14 0.276890
36 28 0.266191
36 30 0.265490
36 34 0.261839
36 31 0.264874
36 44 0.248507
36 10 0.287806
36 24 0.276728
36 13 0.289800
36 42 0.260909
36 37 0.270316
36 22 0.286816
36 15 0.295021
36 25 0.285096
36 19 0.293651
36 23 0.291428
36 18 0.297740
36 43 0.268471
36 50 0.263058
36 11 0.306543
36 21 0.298756
36 16 0.304009
36 33 0.287788
36 17 0.304651
36 27 0.297218
36 20 0.307926
36 26 0.303219
36 40 0.288059
36 38 0.293623
36 41 0.289443
36 48 0.281368
36 39 0.293234
36 46 0.283881
36 45 0.289639
36 47 0.287865
36 49 0.287060
36 35 0.306694
36 36 0.311493
37 1 0.208933
37 4 0.245534
37 6 0.247228
37 5 0.252797
37 8 0.251505
37 2 0.266931
37 11 0.221044
37 9 0.257741
37 12 0.203917
37 0 0.290602
37 7 0.283033
37 10 0.301505
37 14 0.223577
37 3 0.370379
37 13 0.287121
37 15 0.190470
37 16 0.185990
37 44 0.184867
37 26 0.280627
37 22 0.284572
37 34 0.263168
37 32 0.272087
37 36 0.261703
37 31 0.270357
37 48 0.243811
37 24 0.291156
37 28 0.276485
37 47 0.248856
37 21 0.335024
37 33 0.322159
37 41 0.307711
37 35 0.320632
37 20 0.347571
37 18 0.348846
37 30 0.332060
37 50 0.301210
37 45 0.306142
37 23 0.347376
37 29 0.340950
37 17 0.396608
37 39 0.337319
37 19 0.374241
37 25 0.375472
37 27 0.369259
37 40 0.349664
37 46 0.339288
37 42 0.345387
37 38 0.355499
37 37 0.371253
37 43 0.366395
37 49 0.378089
38 3 0.195227
38 0 0.215768
38 1 0.281639
38 12 0.280446
38 8 0.284230
38 32 0.273946
38 13 0.295320
38 7 0.302505
38 33 0.277867
38 11 0.300857
38 9 0.322640
38 5 0.344880
38 15 0.338310
38 29 0.332103
38 10 0.351663
38 14 0.349796
38 2 0.359860
38 6 0.357146
38 21 0.345235
38 4 0.363711
38 17 0.353853
38 43 0.330532
38 26 0.348402
38 20 0.355101
38 19 0.356967
38 37 0.339726
38 39 0.341086
38 34 0.350080
38 27 0.359517
38 30 0.363781
38 35 0.361039
38 25 0.375146
38 31 0.374433
38 28 0.381355
38 45 0.365019
38 44 0.368188
38 36 0.383787
38 22 0.400702
38 41 0.382584
38 40 0.387731
38 23 0.407428
38 47 0.383936
38 18 0.416308
38 49 0.386375
38 24 0.416172
38 42 0.400253
38 16 0.432619
38 48 0.410188
38 50 0.418864
38 38 0.433635
38 46 0.430142
39 0 0.137329
39 1 0.157340
39 2 0.182473
39 11 0.209000
39 5 0.217167
39 3 0.219837
39 13 0.266870
39 4 0.290394
39 32 0.267203
39 20 0.281548
39 9 0.290309
39 39 0.262718
39 29 0.273321
39 12 0.291240
39 6 0.300571
39 30 0.282424
39 44 0.266799
39 17 0.300970
39 8 0.313823
39 14 0.315330
39 19 0.312630
39 31 0.302507
39 28 0.309805
39 10 0.332510
39 7 0.339087
39 33 0.315702
39 23 0.328421
39 22 0.332776
39 36 0.318037
39 41 0.315664
39 27 0.332265
39 25 0.333996
39 48 0.312779
39 45 0.316311
39 18 0.346929
39 21 0.349638
39 37 0.334710
39 42 0.333656
39 49 0.329907
39 24 0.360870
39 43 0.340121
39 35 0.351253
39 40 0.349094
39 47 0.343505
39 46 0.345764
39 34 0.361852
39 15 0.381828
39 38 0.359529
39 16 0.382491
39 26 0.383543
39 50 0.359664
40 5 0.159855
40 0 0.171546
40 3 0.181241
40 4 0.206227
40 6 0.217833
40 8 0.250427
40 13 0.261069
40 19 0.259081
40 11 0.266008
40 12 0.276973
40 33 0.257947
40 30 0.262846
40 21 0.280337
40 14 0.287799
40 10 0.291154
40 18 0.286088
40 16 0.290038
40 9 0.296008
40 29 0.294943
40 17 0.310987
40 23 0.305646
40 43 0.285489
40 1 0.327297
40 2 0.328987
40 34 0.306726
40 44 0.295487
40 24 0.317640
40 31 0.314706
40 32 0.319090
40 46 0.305205
40 7 0.345259
40 49 0.304032
40 28 0.326973
40 25 0.334114
40 22 0.338507
40 15 0.347195
40 20 0.342442
40 39 0.324865
40 38 0.328145
40 40 0.333368
40 47 0.328053
40 37 0.340030
40 41 0.338924
40 45 0.339334
40 26 0.363274
40 27 0.363140
40 42 0.347511
40 35 0.356573
40 50 0.348874
40 48 0.352894
40 36 0.366141
41 5 0.148201
41 0 0.171618
41 1 0.174956
41 3 0.205321
41 11 0.224464
41 13 0.254711
41 9 0.260331
41 4 0.272305
41 44 0.242411
41 8 0.283121
41 29 0.265463
41 10 0.287765
41 6 0.308786
41 31 0.297887
41 12 0.322484
41 7 0.326472
41 39 0.296241
41 18 0.320030
41 14 0.344578
41 33 0.325928
41 32 0.328664
41 16 0.346026
41 19 0.343918
41 28 0.350020
41 37 0.351818
41 20 0.369718
41 30 0.366047
41 22 0.380203
41 21 0.382056
41 38 0.364377
41 2 0.399016
41 48 0.354971
41 34 0.371007
41 24 0.383475
41 36 0.375456
41 27 0.385102
41 41 0.370232
41 25 0.392288
41 15 0.402528
41 50 0.367170
41 23 0.396845
41 17 0.409962
41 49 0.377465
41 35 0.394864
41 45 0.384303
41 43 0.390611
41 40 0.395919
41 47 0.395407
41 42 0.404377
41 26 0.429554
41 46 0.407707
42 8 0.150055
42 2 0.181393
42 4 0.204805
42 0 0.215590
42 3 0.208875
42 9 0.164426
42 12 0.143684
42 5 0.224639
42 11 0.155341
42 13 0.105848
42 1 0.249683
42 7 0.235158
42 6 0.243573
42 10 0.189813
42 14 0.135320
42 17 0.148796
42 20 0.160349
42 19 0.205317
42 15 0.231714
42 23 0.206319
42 29 0.183699
42 44 0.185609
42 33 0.205546
42 30 0.219031
42 25 0.238116
42 34 0.213070
42 16 0.291769
42 18 0.284474
42 43 0.212303
42 22 0.288377
42 26 0.255226
42 40 0.220047
42 24 0.267767
42 21 0.294411
42 35 0.237727
42 28 0.260105
42 41 0.227330
42 47 0.219348
42 32 0.255025
42 31 0.259273
42 46 0.227853
42 27 0.280204
42 45 0.238108
42 36 0.259253
42 42 0.276887
42 37 0.291109
42 39 0.284476
42 38 0.295198
42 50 0.280202
42 48 0.287375
42 49 0.297491
43 0 0.202631
43 4 0.214568
43 3 0.263139
43 10 0.280296
43 2 0.289750
43 28 0.270464
43 30 0.276421
43 32 0.273414
43 14 0.293353
43 31 0.280201
43 5 0.305833
43 29 0.291120
43 8 0.315508
43 9 0.318014
43 13 0.327453
43 44 0.302362
43 18 0.330920
43 11 0.349648
43 12 0.349469
43 6 0.354742
43 33 0.332920
43 38 0.332443
43 7 0.363402
43 1 0.381123
43 17 0.386250
43 34 0.371382
43 41 0.370301
43 47 0.368235
43 48 0.368396
43 16 0.407135
43 36 0.386472
43 23 0.400940
43 26 0.401535
43 39 0.387869
43 37 0.395133
43 43 0.391009
43 50 0.382698
43 19 0.420744
43 42 0.396334
43 15 0.432798
43 21 0.430715
43 35 0.415451
43 20 0.435738
43 45 0.408018
43 40 0.425186
43 27 0.450810
43 24 0.455674
43 22 0.458833
43 49 0.427304
43 46 0.430605
43 25 0.473465
44 1 0.233953
44 14 0.267665
44 10 0.278768
44 2 0.298732
44 0 0.301574
44 9 0.331638
44 5 0.336852
44 13 0.330428
44 28 0.314905
44 12 0.332003
44 11 0.347747
44 8 0.355597
44 4 0.360408
44 7 0.398060
44 3 0.404757
44 32 0.379083
44 29 0.388310
44 6 0.413452
44 31 0.395529
44 44 0.386491
44 45 0.391753
44 38 0.400070
44 33 0.417328
44 16 0.434831
44 30 0.425568
44 40 0.421061
44 47 0.412901
44 18 0.460559
44 20 0.462625
44 25 0.465033
44 41 0.453624
44 50 0.447507
44 15 0.487299
44 23 0.479557
44 21 0.484970
44 35 0.483669
44 37 0.487102
44 17 0.512224
44 43 0.485852
44 36 0.499550
44 24 0.512276
44 26 0.509849
44 19 0.523878
44 22 0.520941
44 46 0.502788
44 42 0.511811
44 27 0.535288
44 49 0.519787
44 39 0.532526
44 34 0.546201
44 48 0.541187
45 8 0.222405
45 10 0.262103
45 9 0.270134
45 2 0.356768
45 3 0.369134
45 12 0.233178
45 4 0.372898
45 1 0.379769
45 11 0.329466
45 0 0.393530
45 14 0.238475
45 5 0.392725
45 13 0.307986
45 6 0.451151
45 7 0.461416
45 20 0.282994
45 29 0.220574
45 31 0.231177
45 18 0.390499
45 17 0.405906
45 30 0.282217
45 22 0.362943
45 16 0.438844
45 33 0.278423
45 19 0.402358
45 15 0.451892
45 23 0.369437
45 21 0.388565
45 32 0.319584
45 44 0.258262
45 28 0.331971
45 26 0.372888
45 27 0.398573
45 25 0.429359
45 24 0.465551
45 34 0.394751
45 37 0.439786
45 38 0.442659
45 46 0.392315
45 40 0.455517
45 43 0.427254
45 36 0.472278
45 42 0.446481
45 39 0.474881
45 35 0.483436
45 48 0.418366
45 47 0.430682
45 49 0.421490
45 41 0.482290
45 45 0.459300
45 50 0.451666
46 0 0.288892
46 1 0.302492
46 11 0.295485
46 2 0.320790
46 8 0.317633
46 4 0.335115
46 12 0.332242
46 33 0.310072
46 31 0.313499
46 7 0.344322
46 13 0.344457
46 9 0.350229
46 3 0.380699
46 29 0.350066
46 47 0.337474
46 41 0.362582
46 44 0.358329
46 14 0.396574
46 10 0.409659
46 19 0.413187
46 21 0.419589
46 30 0.423988
46 5 0.454951
46 32 0.422454
46 45 0.409843
46 38 0.425975
46 6 0.465131
46 43 0.423471
46 28 0.448461
46 46 0.431157
46 49 0.432498
46 37 0.447494
46 36 0.474607
46 22 0.498762
46 35 0.484909
46 50 0.467616
46 16 0.511238
46 25 0.501418
46 15 0.518642
46 27 0.507045
46 20 0.526909
46 26 0.526111
46 39 0.514052
46 23 0.550480
46 40 0.536292
46 18 0.567404
46 48 0.532116
46 42 0.543081
46 17 0.589181
46 34 0.569966
46 24 0.585845
47 0 0.230896
47 3 0.236193
47 1 0.255464
47 4 0.245749
47 2 0.281832
47 8 0.206137
47 12 0.162511
47 10 0.166470
47 11 0.194625
47 9 0.197218
47 14 0.202611
47 13 0.206276
47 5 0.343701
47 7 0.309532
47 6 0.414608
47 28 0.238187
47 22 0.297603
47 32 0.319172
47 20 0.401745
47 26 0.339440
47 25 0.342210
47 16 0.415574
47 30 0.327256
47 24 0.352530
47 18 0.421884
47 21 0.420518
47 23 0.387246
47 29 0.358358
47 19 0.436868
47 31 0.354705
47 44 0.267433
47 15 0.471969
47 33 0.349869
47 17 0.484940
47 27 0.432844
47 39 0.392690
47 40 0.391411
47 34 0.432866
47 45 0.381998
47 49 0.370873
47 41 0.400012
47 48 0.382076
47 36 0.433641
47 43 0.413296
47 46 0.421264
47 37 0.468486
47 35 0.490447
47 47 0.443412
47 42 0.452400
47 38 0.472968
47 50 0.446602
48 11 0.307915
48 0 0.322928
48 10 0.320966
48 12 0.330181
48 14 0.331525
48 13 0.335065
48 44 0.307108
48 5 0.344211
48 30 0.356190
48 9 0.376362
48 31 0.358177
48 4 0.398214
48 7 0.396998
48 28 0.383787
48 33 0.403195
48 2 0.430934
48 3 0.430530
48 15 0.436883
48 29 0.427146
48 45 0.427783
48 8 0.462620
48 17 0.456119
48 35 0.451298
48 20 0.469338
48 32 0.457056
48 23 0.482013
48 27 0.482995
48 19 0.500580
48 21 0.508330
48 1 0.529624
48 39 0.503954
48 47 0.496087
48 41 0.506501
48 26 0.527163
48 24 0.532325
48 18 0.538368
48 6 0.550877
48 48 0.520400
48 25 0.545798
48 43 0.531521
48 34 0.540102
48 40 0.537325
48 16 0.566240
48 49 0.535878
48 22 0.566613
48 36 0.555422
48 38 0.566817
48 37 0.569234
48 42 0.568072
48 50 0.566986
48 46 0.587910
49 10 0.251849
49 9 0.288575
49 0 0.301193
49 14 0.294798
49 12 0.297807
49 4 0.325752
49 6 0.324247
49 28 0.319955
49 44 0.284917
49 32 0.319159
49 2 0.352309
49 30 0.342994
49 8 0.376092
49 18 0.485731
49 33 0.462693
49 29 0.477116
49 24 0.482825
49 48 0.435638
49 3 0.503809
49 11 0.497622
49 40 0.452004
49 38 0.461669
49 16 0.494579
49 42 0.452530
49 17 0.511130
49 5 0.528313
49 20 0.515850
49 1 0.538183
49 34 0.503936
49 36 0.507814
49 22 0.531907
49 26 0.527546
49 50 0.488435
49 46 0.504043
49 7 0.575605
49 13 0.574536
49 31 0.553304
49 25 0.564536
49 43 0.534912
49 47 0.549494
49 49 0.551045
49 23 0.606304
49 39 0.592246
49 27 0.630912
49 41 0.599803
49 15 0.647555
49 35 0.624937
49 21 0.655302
49 45 0.614131
49 37 0.654450
49 19 0.686858
50 9 0.286038
50 8 0.300038
50 4 0.305713
50 0 0.318513
50 13 0.313567
50 5 0.322222
50 11 0.323654
50 10 0.325759
50 28 0.310219
50 3 0.351946
50 2 0.373206
50 44 0.344887
50 6 0.383241
50 12 0.391179
50 31 0.373139
50 32 0.374150
50 14 0.406939
50 27 0.405246
50 30 0.402229
50 21 0.426690
50 36 0.412895
50 24 0.425954
50 29 0.420822
50 33 0.417447
50 19 0.438958
50 34 0.436231
50 42 0.439226
50 25 0.461255
50 1 0.484514
50 18 0.474910
50 39 0.456972
50 40 0.458133
50 20 0.489297
50 23 0.489518
50 35 0.478538
50 7 0.506131
50 26 0.500451
50 45 0.480285
50 15 0.524572
50 43 0.499083
50 46 0.496467
50 48 0.495665
50 37 0.513369
50 38 0.514476
50 16 0.537387
50 49 0.502415
50 22 0.535116
50 50 0.516382
50 41 0.532733
50 17 0.559126
50 47 0.545157
51 11 0.272820
51 9 0.346372
51 29 0.328485
51 4 0.350916
51 14 0.343783
51 8 0.348640
51 0 0.354863
51 28 0.343684
51 12 0.362034
51 30 0.348828
51 10 0.412660
51 1 0.433455
51 13 0.426245
51 44 0.420553
51 32 0.447059
51 2 0.484238
51 6 0.482260
51 7 0.481751
51 15 0.476415
51 5 0.490630
51 33 0.466737
51 31 0.473373
51 36 0.488608
51 19 0.519872
51 22 0.517290
51 35 0.508472
51 26 0.522145
51 34 0.523941
51 3 0.553401
51 23 0.546425
51 40 0.530353
51 46 0.533232
51 21 0.565317
51 24 0.581537
51 27 0.577829
51 50 0.556180
51 16 0.597388
51 25 0.589739
51 42 0.574810
51 47 0.571204
51 20 0.604143
51 18 0.608076
51 38 0.588320
51 43 0.586794
51 48 0.580845
51 37 0.598282
51 39 0.610090
51 41 0.611864
51 45 0.613555
51 17 0.648864
51 49 0.639122
52 6 0.223226
52 0 0.243237
52 4 0.293823
52 30 0.292491
52 10 0.316975
52 13 0.325073
52 33 0.307473
52 2 0.363960
52 3 0.367967
52 1 0.377155
52 44 0.362366
52 24 0.383696
52 11 0.394179
52 28 0.394917
52 12 0.410117
52 32 0.409925
52 29 0.412761
52 9 0.430937
52 42 0.401145
52 25 0.420033
52 31 0.413503
52 45 0.407179
52 14 0.438210
52 23 0.436150
52 47 0.413299
52 8 0.454174
52 37 0.444217
52 7 0.482797
52 19 0.482005
52 50 0.450361
52 22 0.485604
52 5 0.498913
52 18 0.494027
52 17 0.503521
52 27 0.495370
52 26 0.500321
52 21 0.505753
52 20 0.517927
52 46 0.494698
52 36 0.505762
52 16 0.526049
52 41 0.506235
52 38 0.510028
52 40 0.512090
52 39 0.513266
52 48 0.508010
52 15 0.545359
52 49 0.526115
52 35 0.548121
52 34 0.554402
52 43 0.563391
53 9 0.312391
53 5 0.315977
53 14 0.324672
53 8 0.343284
53 11 0.344349
53 32 0.341795
53 4 0.368500
53 29 0.358426
53 30 0.399012
53 10 0.425437
53 13 0.423733
53 1 0.446362
53 28 0.425264
53 44 0.412157
53 31 0.434770
53 33 0.451074
53 40 0.453422
53 0 0.496312
53 18 0.491097
53 12 0.495653
53 21 0.493839
53 24 0.492151
53 17 0.499349
53 26 0.490996
53 25 0.494915
53 27 0.508190
53 15 0.520440
53 37 0.516328
53 43 0.512231
53 3 0.550722
53 23 0.537740
53 19 0.541330
53 45 0.515244
53 16 0.548074
53 7 0.562062
53 38 0.543036
53 39 0.569492
53 48 0.563981
53 49 0.568272
53 41 0.582279
53 20 0.608141
53 2 0.623191
53 6 0.627835
53 42 0.596129
53 46 0.592819
53 34 0.612891
53 36 0.619395
53 35 0.622895
53 50 0.612810
53 47 0.618242
53 22 0.669186
54 13 0.307758
54 2 0.359286
54 10 0.353738
54 11 0.353192
54 0 0.363923
54 33 0.342726
54 31 0.379424
54 29 0.383443
54 3 0.407249
54 15 0.408524
54 5 0.417945
54 1 0.424541
54 39 0.411066
54 44 0.408959
54 9 0.443939
54 20 0.435785
54 7 0.460297
54 40 0.447508
54 6 0.483681
54 30 0.473836
54 25 0.479888
54 12 0.492927
54 4 0.499826
54 27 0.479910
54 24 0.485617
54 26 0.484700
54 14 0.496934
54 8 0.507350
54 32 0.490117
54 48 0.484057
54 37 0.495497
54 17 0.516866
54 28 0.511905
54 23 0.525362
54 35 0.529451
54 19 0.551837
54 21 0.551167
54 46 0.529795
54 18 0.561540
54 47 0.533226
54 41 0.545696
54 42 0.548681
54 50 0.548296
54 36 0.564319
54 43 0.559249
54 22 0.592569
54 49 0.577304
54 45 0.585212
54 34 0.618990
54 16 0.639093
54 38 0.624226
55 8 0.207945
55 10 0.226865
55 11 0.226458
55 14 0.211098
55 12 0.236571
55 0 0.304569
55 1 0.362498
55 9 0.343062
55 13 0.330843
55 4 0.370418
55 2 0.385056
55 7 0.380037
55 5 0.413959
55 3 0.461795
55 30 0.176848
55 6 0.473174
55 32 0.159874
55 28 0.253290
55 17 0.414240
55 15 0.474486
55 18 0.467117
55 16 0.491359
55 20 0.481872
55 22 0.413921
55 24 0.357166
55 19 0.526161
55 31 0.327514
55 33 0.301335
55 29 0.382879
55 26 0.414330
55 25 0.440360
55 21 0.566364
55 27 0.446318
55 44 0.284842
55 23 0.499962
55 43 0.362113
55 35 0.381584
55 38 0.375388
55 47 0.325079
55 34 0.396098
55 36 0.398388
55 37 0.412925
55 40 0.419109
55 50 0.356535
55 46 0.379740
55 48 0.388502
55 45 0.413109
55 41 0.449912
55 42 0.449922
55 49 0.392950
55 39 0.474826
56 0 0.307184
56 5 0.314225
56 11 0.309827
56 3 0.316367
56 13 0.309545
56 29 0.299057
56 10 0.324378
56 8 0.328814
56 4 0.336087
56 14 0.330489
56 31 0.320444
56 20 0.342622
56 1 0.367212
56 2 0.370217
56 6 0.368095
56 24 0.363239
56 28 0.375690
56 27 0.377247
56 33 0.371271
56 30 0.388443
56 25 0.394255
56 9 0.410892
56 26 0.396792
56 34 0.394278
56 15 0.415616
56 44 0.391105
56 23 0.419379
56 32 0.410201
56 12 0.435867
56 7 0.451915
56 17 0.456226
56 38 0.436584
56 16 0.469789
56 19 0.470176
56 47 0.446744
56 22 0.473602
56 21 0.495972
56 41 0.478281
56 46 0.478396
56 49 0.477420
56 37 0.492140
56 42 0.491110
56 35 0.503506
56 39 0.519924
56 18 0.545495
56 50 0.512135
56 43 0.520375
56 40 0.528862
56 45 0.526573
56 36 0.547801
56 48 0.541797
57 8 0.187723
57 9 0.263543
57 3 0.291007
57 13 0.308950
57 14 0.309624
57 12 0.313679
57 10 0.320356
57 2 0.368767
57 0 0.375775
57 1 0.389650
57 4 0.394744
57 5 0.398377
57 11 0.378630
57 7 0.522128
57 15 0.499170
57 30 0.423246
57 6 0.562677
57 28 0.496444
57 32 0.497839
57 18 0.609734
57 22 0.619224
57 16 0.632624
57 44 0.485514
57 24 0.659484
57 29 0.601360
57 31 0.652308
57 20 0.723971
57 26 0.710148
57 34 0.662556
57 23 0.758960
57 40 0.630868
57 33 0.696167
57 42 0.625842
57 25 0.769875
57 21 0.793601
57 39 0.681670
57 36 0.725273
57 43 0.676732
57 17 0.845559
57 50 0.563717
57 38 0.750152
57 27 0.867130
57 41 0.748649
57 45 0.713998
57 47 0.686439
57 19 0.934165
57 46 0.727587
57 49 0.668646
57 48 0.682707
57 37 0.857474
57 35 0.886437
58 9 0.209573
58 8 0.235986
58 14 0.237003
58 11 0.270967
58 2 0.398920
58 10 0.313587
58 4 0.421344
58 13 0.322008
58 7 0.436694
58 1 0.442463
58 5 0.444549
58 3 0.449977
58 12 0.375656
58 0 0.526563
58 16 0.402286
58 6 0.575896
58 29 0.245660
58 33 0.246116
58 17 0.548696
58 28 0.337744
58 31 0.303150
58 15 0.656725
58 19 0.596903
58 32 0.391987
58 30 0.409570
58 18 0.646463
58 44 0.386169
58 22 0.594003
58 21 0.647783
58 20 0.674990
58 25 0.525026
58 27 0.521169
58 23 0.616312
58 34 0.478398
58 24 0.622287
58 35 0.513572
58 26 0.616320
58 36 0.542638
58 40 0.534118
58 45 0.530670
58 37 0.557132
58 38 0.582677
58 43 0.588714
58 42 0.607261
58 49 0.579869
58 41 0.612335
58 48 0.597038
58 46 0.605199
58 39 0.633639
58 47 0.631391
58 50 0.607915
59 11 0.281938
59 10 0.442457
59 32 0.406623
59 28 0.416192
59 4 0.455387
59 5 0.452812
59 0 0.458927
59 29 0.415037
59 14 0.446595
59 30 0.415067
59 8 0.452175
59 2 0.503927
59 44 0.455243
59 12 0.479094
59 13 0.478501
59 43 0.468282
59 6 0.534431
59 16 0.594089
59 3 0.607869
59 45 0.534515
59 18 0.591978
59 22 0.584961
59 9 0.602205
59 1 0.630386
59 26 0.607512
59 31 0.609967
59 25 0.633809
59 38 0.613967
59 34 0.627275
59 42 0.626173
59 33 0.655510
59 17 0.699986
59 20 0.698184
59 35 0.687077
59 24 0.717831
59 37 0.688690
59 41 0.689194
59 46 0.697296
59 49 0.698442
59 40 0.729389
59 36 0.741115
59 39 0.740300
59 48 0.727977
59 15 0.813241
59 7 0.822718
59 50 0.752528
59 21 0.811236
59 47 0.773183
59 23 0.827203
59 27 0.839027
59 19 0.874473
60 9 0.271619
60 8 0.322293
60 11 0.316959
60 13 0.305941
60 10 0.417868
60 5 0.456842
60 3 0.475367
60 14 0.429229
60 12 0.453168
60 0 0.495537
60 7 0.480902
60 2 0.506483
60 1 0.582331
60 4 0.609907
60 28 0.461651
60 15 0.611591
60 17 0.602459
60 23 0.560275
60 31 0.412912
60 32 0.393844
60 29 0.496498
60 18 0.623260
60 20 0.643493
60 6 0.760690
60 22 0.675175
60 44 0.281438
60 33 0.397539
60 27 0.647860
60 24 0.698424
60 19 0.729957
60 30 0.588500
60 16 0.817588
60 25 0.753302
60 45 0.388508
60 26 0.761566
60 39 0.434761
60 48 0.367886
60 21 0.822849
60 35 0.544934
60 36 0.535173
60 34 0.619364
60 43 0.511356
60 42 0.536304
60 40 0.551135
60 37 0.590184
60 47 0.548664
60 49 0.501887
60 41 0.611431
60 46 0.584726
60 50 0.538624
60 38 0.659972
61 9 0.262515
61 12 0.270563
61 13 0.303233
61 10 0.348217
61 8 0.375181
61 11 0.373451
61 4 0.444655
61 0 0.463116
61 2 0.463603
61 14 0.387290
61 6 0.470459
61 1 0.502250
61 7 0.502127
61 3 0.523563
61 5 0.630453
61 28 0.365914
61 29 0.380789
61 16 0.582561
61 30 0.412188
61 31 0.403930
61 18 0.602299
61 22 0.597766
61 33 0.392420
61 21 0.639517
61 20 0.642551
61 17 0.666604
61 44 0.334220
61 15 0.699627
61 23 0.672316
61 25 0.625271
61 32 0.478571
61 19 0.742553
61 26 0.649201
61 24 0.747074
61 27 0.667573
61 46 0.507814
61 40 0.528601
61 45 0.516258
61 37 0.563983
61 36 0.571024
61 47 0.523928
61 34 0.626777
61 48 0.549850
61 35 0.651871
61 43 0.597644
61 38 0.621744
61 42 0.623868
61 39 0.637658
61 50 0.586613
61 41 0.650247
61 49 0.625838
62 5 0.214771
62 3 0.223524
62 1 0.296895
62 8 0.307853
62 10 0.315986
62 0 0.333726
62 9 0.379621
62 13 0.367454
62 14 0.365855
62 11 0.377065
62 2 0.398847
62 4 0.397882
62 12 0.373277
62 7 0.397393
62 6 0.489808
62 15 0.528827
62 33 0.490305
62 30 0.503693
62 29 0.533784
62 21 0.574148
62 44 0.504920
62 17 0.660189
62 16 0.664555
62 31 0.638382
62 27 0.657188
62 45 0.551032
62 28 0.674205
62 18 0.703378
62 23 0.698819
62 25 0.703779
62 19 0.717711
62 32 0.698251
62 37 0.679486
62 35 0.690367
62 20 0.744828
62 36 0.700241
62 43 0.658797
62 41 0.706278
62 40 0.730663
62 38 0.745833
62 48 0.638617
62 47 0.649434
62 49 0.637545
62 22 0.824854
62 39 0.789942
62 34 0.807143
62 46 0.694428
62 24 0.855876
62 26 0.853403
62 42 0.819548
62 50 0.762506
63 33 0.292175
63 29 0.369824
63 30 0.369132
63 12 0.395203
63 4 0.420164
63 8 0.419491
63 13 0.421952
63 3 0.430237
63 10 0.424805
63 32 0.399757
63 0 0.437482
63 31 0.412371
63 16 0.471377
63 2 0.484576
63 5 0.500687
63 9 0.501279
63 28 0.478854
63 6 0.526123
63 44 0.490418
63 11 0.552525
63 14 0.574421
63 26 0.563753
63 24 0.579059
63 1 0.605184
63 18 0.607399
63 42 0.579403
63 22 0.614492
63 38 0.598337
63 34 0.613116
63 43 0.608933
63 7 0.672818
63 15 0.674226
63 40 0.647364
63 50 0.648517
63 45 0.658636
63 35 0.678475
63 48 0.667073
63 20 0.719508
63 46 0.685993
63 36 0.706885
63 21 0.736099
63 47 0.721823
63 27 0.750688
63 17 0.773152
63 25 0.767151
63 23 0.769518
63 19 0.775398
63 39 0.768990
63 41 0.829429
63 37 0.843806
63 49 0.862986
64 9 0.296853
64 1 0.357256
64 33 0.374073
64 5 0.426312
64 11 0.422508
64 13 0.435676
64 29 0.441786
64 32 0.454696
64 3 0.494535
64 12 0.493585
64 10 0.496399
64 8 0.527714
64 6 0.531017
64 25 0.535939
64 4 0.568599
64 31 0.542433
64 0 0.597918
64 44 0.548039
64 7 0.615050
64 35 0.585450
64 30 0.594119
64 28 0.606103
64 45 0.590750
64 14 0.629717
64 15 0.633548
64 16 0.665934
64 39 0.639680
64 41 0.656321
64 49 0.658839
64 18 0.702845
64 17 0.706686
64 37 0.685481
64 22 0.714026
64 19 0.737734
64 50 0.702965
64 43 0.713033
64 27 0.737192
64 21 0.745636
64 47 0.717954
64 23 0.751432
64 26 0.755423
64 36 0.769035
64 24 0.784618
64 42 0.764765
64 38 0.798919
64 40 0.799074
64 2 0.850264
64 48 0.828399
64 34 0.858848
64 20 0.886429
64 46 0.901739
65 11 0.372647
65 8 0.376128
65 28 0.350738
65 3 0.392294
65 10 0.386243
65 22 0.391472
65 2 0.416851
65 42 0.371569
65 31 0.389189
65 0 0.457968
65 27 0.427297
65 30 0.424075
65 14 0.454012
65 4 0.462995
65 12 0.461832
65 34 0.463227
65 29 0.468578
65 5 0.511444
65 33 0.477740
65 39 0.468602
65 7 0.537690
65 9 0.544221
65 44 0.498337
65 1 0.570722
65 50 0.512175
65 38 0.544316
65 13 0.588369
65 32 0.562671
65 45 0.545694
65 35 0.560692
65 48 0.546123
65 46 0.570534
65 20 0.604813
65 6 0.629231
65 18 0.616404
65 25 0.616218
65 26 0.619170
65 36 0.605320
65 16 0.646224
65 17 0.646117
65 47 0.611040
65 24 0.654108
65 23 0.659135
65 41 0.634082
65 40 0.651455
65 43 0.653233
65 15 0.702136
65 37 0.678468
65 49 0.683606
65 21 0.742109
65 19 0.758809
66 11 0.308876
66 1 0.320070
66 0 0.321175
66 33 0.336456
66 9 0.369177
66 31 0.348369
66 8 0.390093
66 32 0.361100
66 3 0.427286
66 12 0.424251
66 20 0.423655
66 30 0.417693
66 13 0.450503
66 5 0.494350
66 7 0.510178
66 14 0.525919
66 10 0.533069
66 29 0.513191
66 28 0.520144
66 2 0.575709
66 43 0.523556
66 4 0.576565
66 22 0.564391
66 41 0.540205
66 27 0.570306
66 24 0.574945
66 37 0.559658
66 35 0.571734
66 26 0.583865
66 44 0.580446
66 49 0.575646
66 47 0.588089
66 45 0.600481
66 19 0.642516
66 17 0.654103
66 36 0.630723
66 16 0.664585
66 39 0.659044
66 6 0.715417
66 18 0.703245
66 40 0.680079
66 50 0.673034
66 46 0.687151
66 25 0.721504
66 21 0.729837
66 48 0.702390
66 23 0.763020
66 15 0.787480
66 34 0.767758
66 42 0.771125
66 38 0.809369
67 10 0.311699
67 12 0.383316
67 9 0.386338
67 8 0.388085
67 1 0.468307
67 0 0.507828
67 14 0.495046
67 5 0.504271
67 4 0.555581
67 44 0.494754
67 3 0.568854
67 32 0.559474
67 6 0.620475
67 2 0.632501
67 30 0.602682
67 40 0.616135
67 20 0.653994
67 31 0.650907
67 27 0.685810
67 29 0.697966
67 28 0.702600
67 15 0.735483
67 49 0.679984
67 38 0.706772
67 34 0.722025
67 46 0.714155
67 13 0.780896
67 17 0.800237
67 11 0.819285
67 36 0.794864
67 19 0.839985
67 18 0.852667
67 47 0.808865
67 16 0.862482
67 24 0.845443
67 33 0.852870
67 39 0.842605
67 50 0.840722
67 7 0.904874
67 42 0.851175
67 41 0.862179
67 37 0.867644
67 26 0.899519
67 22 0.926934
67 48 0.890663
67 43 0.913495
67 21 0.968080
67 45 0.933628
67 35 0.957622
67 23 1.054289
67 25 1.056057
68 11 0.257572
68 10 0.320959
68 14 0.340533
68 6 0.396315
68 9 0.392099
68 13 0.398651
68 3 0.462651
68 8 0.454631
68 1 0.473356
68 12 0.437869
68 0 0.480843
68 2 0.500407
68 7 0.501176
68 4 0.519507
68 5 0.524908
68 19 0.466179
68 20 0.492732
68 16 0.589342
68 15 0.608353
68 31 0.235911
68 25 0.392419
68 24 0.414743
68 21 0.509130
68 22 0.432192
68 17 0.654467
68 26 0.431078
68 27 0.396865
68 29 0.350990
68 33 0.318650
68 30 0.345029
68 23 0.505819
68 28 0.404360
68 44 0.326482
68 32 0.384240
68 34 0.411376
68 18 0.741250
68 35 0.397651
68 42 0.422058
68 45 0.432864
68 50 0.424829
68 36 0.472265
68 46 0.446984
68 37 0.478482
68 38 0.490472
68 39 0.515457
68 47 0.494803
68 41 0.532317
68 43 0.540237
68 49 0.535416
68 48 0.558057
68 40 0.588528
69 10 0.350634
69 11 0.369624
69 12 0.370089
69 8 0.382333
69 9 0.384117
69 14 0.423146
69 44 0.370467
69 0 0.451242
69 1 0.450835
69 4 0.538157
69 3 0.555189
69 31 0.525332
69 5 0.568140
69 2 0.570600
69 30 0.528616
69 40 0.527761
69 28 0.576462
69 6 0.617095
69 41 0.567210
69 32 0.596764
69 20 0.631696
69 17 0.643578
69 26 0.641655
69 29 0.640743
69 39 0.645608
69 48 0.628726
69 7 0.710255
69 13 0.715223
69 46 0.658022
69 49 0.671614
69 24 0.720338
69 38 0.723354
69 35 0.726763
69 42 0.714168
69 18 0.764348
69 16 0.767667
69 34 0.733964
69 36 0.738813
69 21 0.778797
69 33 0.761119
69 22 0.794437
69 45 0.762643
69 50 0.778547
69 37 0.807434
69 27 0.837040
69 47 0.800054
69 19 0.858363
69 25 0.846648
69 23 0.883764
69 15 0.904662
69 43 0.869552
70 11 0.320787
70 13 0.418625
70 9 0.487905
70 8 0.489518
70 3 0.501899
70 14 0.456103
70 10 0.682062
70 5 0.699760
70 4 0.701669
70 1 0.713808
70 7 0.693890
70 6 0.699214
70 29 0.575290
70 31 0.572603
70 12 0.677282
70 28 0.609452
70 15 0.692083
70 2 0.744175
70 0 0.820639
70 33 0.675341
70 16 0.785175
70 32 0.720655
70 19 0.801227
70 21 0.747735
70 30 0.753576
70 17 0.859339
70 44 0.558015
70 25 0.813865
70 23 0.856826
70 24 0.864730
70 26 0.865586
70 18 0.940545
70 27 0.870797
70 36 0.858730
70 37 0.888526
70 22 0.967040
70 42 0.747235
70 45 0.725958
70 40 0.835138
70 20 0.994999
70 35 0.957804
70 41 0.847926
70 49 0.646692
70 50 0.639082
70 38 0.973977
70 43 0.811556
70 39 0.977114
70 46 0.725742
70 47 0.713527
70 48 0.716392
70 34 1.114290
71 8 0.315337
71 12 0.385827
71 10 0.392572
71 11 0.413965
71 14 0.400262
71 9 0.414699
71 13 0.450592
71 3 0.510543
71 0 0.518208
71 5 0.554417
71 32 0.627191
71 2 0.717644
71 6 0.715164
71 30 0.656454
71 28 0.683244
71 16 0.753142
71 1 0.844030
71 22 0.807994
71 31 0.795792
71 18 0.835617
71 17 0.847267
71 15 0.851099
71 33 0.778620
71 29 0.818711
71 44 0.714352
71 23 0.835288
71 19 0.855787
71 4 0.907151
71 25 0.862588
71 20 0.877896
71 38 0.827396
71 7 0.963781
71 50 0.683229
71 40 0.843656
71 26 0.943505
71 47 0.819824
71 24 0.956284
71 27 0.948407
71 35 0.907778
71 21 0.974947
71 46 0.844099
71 39 0.886513
71 48 0.878145
71 42 0.943371
71 36 0.999992
71 34 1.004338
71 43 0.986850
71 45 0.977289
71 37 1.071076
71 41 1.043101
71 49 1.022011
72 13 0.293000
72 20 0.295632
72 10 0.309240
72 0 0.330886
72 3 0.321920
72 1 0.357317
72 12 0.343944
72 2 0.362025
72 6 0.604702
72 32 0.546255
72 33 0.545459
72 16 0.597417
72 4 0.608564
72 9 0.634912
72 11 0.727577
72 5 0.764131
72 8 0.762606
72 39 0.696451
72 29 0.711663
72 45 0.694287
72 34 0.712611
72 41 0.726351
72 43 0.722761
72 28 0.747750
72 44 0.732075
72 30 0.762900
72 31 0.760800
72 25 0.777282
72 42 0.749247
72 19 0.808447
72 15 0.822336
72 7 0.856398
72 37 0.806044
72 17 0.869577
72 14 0.877114
72 23 0.876447
72 26 0.861819
72 22 0.916572
72 24 0.922447
72 18 0.968083
72 48 0.900859
72 27 0.936382
72 36 0.921351
72 35 0.923960
72 21 0.983556
72 47 0.924982
72 38 0.943106
72 50 0.928210
72 46 0.942091
72 49 0.944112
72 40 1.000101
73 10 0.355413
73 8 0.456894
73 11 0.453715
73 9 0.458200
73 12 0.453799
73 32 0.496119
73 0 0.547040
73 28 0.520025
73 44 0.492964
73 14 0.552403
73 2 0.574957
73 13 0.587162
73 30 0.614679
73 7 0.691650
73 5 0.731519
73 50 0.654903
73 31 0.759585
73 33 0.756363
73 3 0.847864
73 36 0.801936
73 18 0.859291
73 41 0.817336
73 29 0.852941
73 25 0.861509
73 26 0.873921
73 4 0.930837
73 6 0.934133
73 20 0.935786
73 40 0.916735
73 48 0.894337
73 16 0.975124
73 42 0.922006
73 22 0.969257
73 46 0.953119
73 21 1.017645
73 38 0.991298
73 19 1.052325
73 15 1.062261
73 45 1.001007
73 34 1.037720
73 24 1.054390
73 1 1.090016
73 35 1.053611
73 27 1.076602
73 39 1.086230
73 23 1.121509
73 47 1.074383
73 43 1.096938
73 17 1.156282
73 37 1.148904
73 49 1.176791
74 8 0.387049
74 11 0.384901
74 10 0.607111
74 43 0.585172
74 30 0.628129
74 33 0.637946
74 1 0.686737
74 13 0.676336
74 9 0.722688
74 32 0.704946
74 31 0.707001
74 0 0.755376
74 12 0.769807
74 4 0.789794
74 16 0.785498
74 28 0.779479
74 14 0.810438
74 29 0.814481
74 18 0.841313
74 34 0.853907
74 37 0.850729
74 44 0.882688
74 19 0.932214
74 46 0.901176
74 38 0.914936
74 50 0.987045
74 42 0.998788
74 15 1.040442
74 7 1.068021
74 25 1.057190
74 17 1.070447
74 2 1.094019
74 47 1.035703
74 3 1.095588
74 21 1.077268
74 20 1.106456
74 27 1.105404
74 23 1.112558
74 5 1.142611
74 26 1.130826
74 40 1.118053
74 48 1.109146
74 6 1.168546
74 22 1.165518
74 39 1.147407
74 35 1.163430
74 24 1.251597
74 49 1.224180
74 36 1.250320
74 45 1.247685
74 41 1.267714
75 13 0.367814
75 9 0.432738
75 11 0.577991
75 12 0.635345
75 32 0.634645
75 10 0.673996
75 44 0.805621
75 29 0.837358
75 8 0.919481
75 31 0.903955
75 0 0.957161
75 30 0.931840
75 14 0.956610
75 33 0.966545
75 2 0.996361
75 40 1.073250
75 28 1.095037
75 3 1.134574
75 17 1.143970
75 41 1.123127
75 18 1.232275
75 27 1.270370
75 5 1.300432
75 20 1.296882
75 15 1.320614
75 6 1.333277
75 34 1.341469
75 23 1.369744
75 45 1.352229
75 1 1.408309
75 19 1.399983
75 47 1.371208
75 4 1.539628
75 21 1.526472
75 38 1.507475
75 26 1.522180
75 37 1.514934
75 22 1.549109
75 7 1.567854
75 46 1.539643
75 24 1.570283
75 36 1.560309
75 35 1.565763
75 39 1.569772
75 16 1.613066
75 43 1.589310
75 49 1.589170
75 25 1.620089
75 48 1.594371
75 50 1.603446
75 42 1.617586
76 10 0.334487
76 11 0.387336
76 8 0.488738
76 44 0.454133
76 28 0.482887
76 29 0.691254
76 0 0.821430
76 13 0.845633
76 30 0.842268
76 31 0.849303
76 14 0.884717
76 40 0.872806
76 12 0.966530
76 32 0.940693
76 47 0.929259
76 18 1.025897
76 9 1.053347
76 41 1.047217
76 1 1.095226
76 22 1.110149
76 33 1.111469
76 24 1.137616
76 6 1.176450
76 4 1.188823
76 7 1.207887
76 36 1.173073
76 17 1.229295
76 38 1.224236
76 5 1.269764
76 46 1.230780
76 2 1.332459
76 15 1.338975
76 3 1.364073
76 43 1.326375
76 19 1.351580
76 50 1.333081
76 37 1.369560
76 34 1.399115
76 49 1.398350
76 45 1.429061
76 42 1.455742
76 16 1.487734
76 20 1.484313
76 23 1.487533
76 26 1.497761
76 21 1.507533
76 25 1.510244
76 35 1.508642
76 39 1.509326
76 27 1.544393
76 48 1.528679
77 10 0.415096
77 9 0.418861
77 8 0.441171
77 44 0.404870
77 12 0.607127
77 30 0.590764
77 3 0.664872
77 1 0.721963
77 31 0.722233
77 28 0.758975
77 29 0.762832
77 0 0.817693
77 11 0.830430
77 33 0.797121
77 32 0.826444
77 37 0.854153
77 13 0.896056
77 5 0.919408
77 14 0.923153
77 45 0.898693
77 42 0.968071
77 17 1.034454
77 35 1.010068
77 19 1.106812
77 6 1.146349
77 23 1.139726
77 21 1.146123
77 41 1.115632
77 27 1.155289
77 49 1.133156
77 25 1.213001
77 7 1.242770
77 47 1.204960
77 46 1.212984
77 2 1.310593
77 24 1.286223
77 36 1.279093
77 50 1.251694
77 16 1.315409
77 39 1.335970
77 34 1.349146
77 4 1.392042
77 38 1.354241
77 26 1.378960
77 15 1.409342
77 18 1.409516
77 40 1.408437
77 43 1.444813
77 48 1.446878
77 22 1.512045
77 20 1.523897
78 0 0.426018
78 12 0.500349
78 44 0.470716
78 10 0.524819
78 30 0.527556
78 27 0.603965
78 9 0.663043
78 14 0.661939
78 22 0.656653
78 24 0.651874
78 28 0.645823
78 11 0.666347
78 32 0.650524
78 8 0.710596
78 31 0.699847
78 6 0.787986
78 48 0.744373
78 18 0.817426
78 39 0.839597
78 2 0.876708
78 4 0.912498
78 46 0.871277
78 13 0.929073
78 34 0.906229
78 26 0.933368
78 45 0.955585
78 29 0.972460
78 20 1.013262
78 16 1.029182
78 1 1.071996
78 33 1.042493
78 3 1.086406
78 25 1.065319
78 21 1.098720
78 43 1.103064
78 7 1.157805
78 40 1.147431
78 17 1.182429
78 36 1.182269
78 23 1.218073
78 50 1.196053
78 37 1.227714
78 19 1.266528
78 41 1.263489
78 5 1.300304
78 38 1.280707
78 15 1.332127
78 35 1.316473
78 42 1.316467
78 47 1.328115
78 49 1.337912
79 8 0.375358
79 9 0.399564
79 11 0.400124
79 10 0.405858
79 13 0.460900
79 14 0.484806
79 6 0.698646
79 12 0.749388
79 2 0.820464
79 4 0.817622
79 3 0.912674
79 7 0.903111
79 0 1.006733
79 5 1.077528
79 1 1.098649
79 15 1.166976
79 31 1.145493
79 29 1.216897
79 33 1.208284
79 17 1.265709
79 44 1.200581
79 24 1.303991
79 28 1.336312
79 32 1.332086
79 36 1.324068
79 27 1.363381
79 34 1.361569
79 30 1.399460
79 19 1.465140
79 16 1.492709
79 40 1.440263
79 49 1.521256
79 42 1.549376
79 20 1.640087
79 22 1.670916
79 45 1.620116
79 21 1.709063
79 37 1.703299
79 41 1.703604
79 47 1.684118
79 23 1.767725
79 48 1.700194
79 38 1.742619
79 18 1.824913
79 35 1.781247
79 26 1.822023
79 25 1.832627
79 46 1.765284
79 39 1.800917
79 43 1.791563
79 50 1.819291
80 44 0.596919
80 9 0.834404
80 28 0.816872
80 11 0.835112
80 29 0.817623
80 13 0.860007
80 14 0.913146
80 30 0.938412
80 12 0.958029
80 10 1.023320
80 31 1.002858
80 33 1.038321
80 0 1.116355
80 3 1.276417
80 8 1.272795
80 16 1.391170
80 7 1.401626
80 42 1.444847
80 25 1.511002
80 26 1.524930
80 32 1.544938
80 4 1.580580
80 5 1.599739
80 2 1.627502
80 6 1.625111
80 1 1.635928
80 24 1.702454
80 17 1.748895
80 50 1.708810
80 38 1.725600
80 43 1.739177
80 39 1.764422
80 47 1.826154
80 27 1.875420
80 35 1.909827
80 45 1.913312
80 19 1.947855
80 36 1.941361
80 21 1.963401
80 15 1.998926
80 40 1.978416
80 37 1.993726
80 48 1.988118
80 20 2.033903
80 41 2.036211
80 18 2.074350
80 23 2.075164
80 34 2.069817
80 46 2.117379
80 22 2.171072
80 49 2.142654
81 10 0.251884
81 9 0.256607
81 8 0.280400
81 3 0.392650
81 11 0.324858
81 13 0.339337
81 5 0.484907
81 1 0.570853
81 12 0.475557
81 14 0.483656
81 0 0.773610
81 2 0.805441
81 31 0.411061
81 29 0.424646
81 4 0.808176
81 32 0.400513
81 7 0.813029
81 30 0.510310
81 33 0.544842
81 19 0.851208
81 28 0.718507
81 17 0.959120
81 15 1.042875
81 20 0.980974
81 44 0.583382
81 16 1.165965
81 18 1.151127
81 35 0.826437
81 6 1.309822
81 21 1.167694
81 23 1.175230
81 38 0.968328
81 36 1.025784
81 25 1.154397
81 40 0.976751
81 24 1.182319
81 42 0.961175
81 27 1.186798
81 26 1.189053
81 22 1.341027
81 47 0.909841
81 37 1.169146
81 34 1.225639
81 46 0.964878
81 43 1.002041
81 50 0.945275
81 41 1.128441
81 45 1.040253
81 49 1.026575
81 39 1.241072
81 48 1.105499
82 9 0.436527
82 14 0.465316
82 31 0.475435
82 12 0.502497
82 28 0.496040
82 44 0.500978
82 8 0.602212
82 10 0.618926
82 13 0.633092
82 29 0.635389
82 0 0.712054
82 3 0.779991
82 32 0.822527
82 11 0.864413
82 1 0.878368
82 5 0.886665
82 33 0.862459
82 6 0.946313
82 30 0.944508
82 36 0.943687
82 22 0.978662
82 2 1.039281
82 45 1.022743
82 27 1.089736
82 18 1.134312
82 21 1.143706
82 7 1.204245
82 34 1.186177
82 24 1.206916
82 47 1.180267
82 4 1.251777
82 20 1.272763
82 35 1.274677
82 25 1.290918
82 40 1.275597
82 17 1.301609
82 38 1.308363
82 48 1.296083
82 19 1.335257
82 26 1.342212
82 23 1.348727
82 39 1.336750
82 50 1.328762
82 15 1.403384
82 16 1.408206
82 41 1.381569
82 43 1.389045
82 37 1.416262
82 46 1.422060
82 42 1.453971
82 49 1.470101
83 9 0.282616
83 8 0.386878
83 10 0.393754
83 11 0.409723
83 13 0.442401
83 33 0.418025
83 32 0.479427
83 3 0.535718
83 1 0.605733
83 7 0.601195
83 29 0.605363
83 5 0.660476
83 28 0.756408
83 0 0.832055
83 15 0.838110
83 21 0.825002
83 39 0.814569
83 41 0.831223
83 12 0.891102
83 43 0.844615
83 18 0.896177
83 24 0.947682
83 2 0.991863
83 27 0.962486
83 31 0.983436
83 44 0.978337
83 14 1.038616
83 48 0.990948
83 30 1.016294
83 22 1.030754
83 35 1.018481
83 4 1.082252
83 26 1.052940
83 37 1.031574
83 36 1.056621
83 17 1.108334
83 38 1.069136
83 50 1.064175
83 40 1.084639
83 47 1.099868
83 25 1.143920
83 42 1.121281
83 46 1.155850
83 23 1.214230
83 20 1.226750
83 16 1.242822
83 45 1.189591
83 49 1.186120
83 19 1.245559
83 6 1.285205
83 34 1.242124
84 9 0.356157
84 10 0.370108
84 12 0.486585
84 14 0.554278
84 28 0.536951
84 30 0.652159
84 44 0.640209
84 29 0.690426
84 32 0.718468
84 5 0.814914
84 6 0.826163
84 31 0.799520
84 0 0.838943
84 11 0.831140
84 13 0.870349
84 4 0.883840
84 24 0.863320
84 26 0.867908
84 48 0.884910
84 38 0.917970
84 33 0.928743
84 46 0.922077
84 23 0.961361
84 22 0.973482
84 8 0.995486
84 36 0.979359
84 43 0.985684
84 41 1.011421
84 47 1.008073
84 19 1.086619
84 16 1.093280
84 2 1.111462
84 39 1.080084
84 18 1.132301
84 50 1.121439
84 35 1.142485
84 20 1.171586
84 37 1.154320
84 34 1.162855
84 40 1.157142
84 15 1.214217
84 21 1.228139
84 45 1.199066
84 49 1.212107
84 27 1.255296
84 17 1.275500
84 42 1.268689
84 25 1.299904
84 3 1.352822
84 1 1.362698
84 7 1.388735
85 44 0.440230
85 30 0.484730
85 3 0.612967
85 9 0.642022
85 14 0.652949
85 11 0.662620
85 6 0.708460
85 8 0.719523
85 40 0.707968
85 33 0.717597
85 36 0.721142
85 32 0.758936
85 10 0.788585
85 47 0.767179
85 46 0.781055
85 12 0.817760
85 37 0.804658
85 15 0.828034
85 13 0.839150
85 17 0.855910
85 45 0.854708
85 31 0.871731
85 28 0.882678
85 43 0.913984
85 29 0.956812
85 49 0.963191
85 27 0.987690
85 24 1.011625
85 1 1.030605
85 5 1.055847
85 42 1.021910
85 4 1.065844
85 22 1.061768
85 34 1.048895
85 25 1.072109
85 23 1.074528
85 19 1.103069
85 0 1.144048
85 7 1.148749
85 38 1.133438
85 41 1.139590
85 2 1.180174
85 20 1.169424
85 26 1.263077
85 35 1.293693
85 16 1.313945
85 21 1.314740
85 50 1.283797
85 18 1.330902
85 39 1.326457
85 48 1.359901
86 10 0.596105
86 12 0.624890
86 11 0.680816
86 31 0.774285
86 38 0.799217
86 29 0.819240
86 47 0.812002
86 6 0.870445
86 33 0.857880
86 30 0.925781
86 19 0.949599
86 8 1.009922
86 32 0.985193
86 44 0.984388
86 18 1.031994
86 34 1.012230
86 9 1.046511
86 26 1.083411
86 24 1.109252
86 14 1.117293
86 42 1.102347
86 22 1.149563
86 13 1.212979
86 27 1.210397
86 4 1.238911
86 37 1.214665
86 28 1.230739
86 40 1.231696
86 41 1.245866
86 45 1.256425
86 20 1.322682
86 35 1.309911
86 1 1.343920
86 17 1.386459
86 43 1.377542
86 5 1.420252
86 36 1.390830
86 46 1.389561
86 21 1.424473
86 16 1.436842
86 48 1.452254
86 2 1.501139
86 0 1.502985
86 39 1.479894
86 49 1.475127
86 15 1.558207
86 50 1.552653
86 25 1.593599
86 23 1.603501
86 3 1.621247
86 7 1.654330
87 10 0.388034
87 8 0.401263
87 12 0.403440
87 11 0.427543
87 9 0.434457
87 30 0.537981
87 44 0.509230
87 14 0.584902
87 32 0.605058
87 6 0.760780
87 28 0.730014
87 2 0.794833
87 15 0.796108
87 0 0.828848
87 4 0.832845
87 22 0.951443
87 13 1.011917
87 31 0.999377
87 33 0.995145
87 16 1.041766
87 25 1.051055
87 29 1.050313
87 24 1.108212
87 40 1.062292
87 38 1.137731
87 34 1.158083
87 5 1.216337
87 26 1.203452
87 3 1.262796
87 1 1.306054
87 46 1.271294
87 36 1.300872
87 19 1.355582
87 45 1.306359
87 50 1.323037
87 27 1.391273
87 37 1.372997
87 47 1.354386
87 42 1.380257
87 20 1.439740
87 18 1.456716
87 48 1.403413
87 17 1.488323
87 21 1.477426
87 41 1.438068
87 39 1.477180
87 49 1.454579
87 35 1.496576
87 7 1.554738
87 43 1.504963
87 23 1.580774
88 9 0.391335
88 10 0.475877
88 11 0.511126
88 14 0.517444
88 12 0.558540
88 29 0.603787
88 8 0.638728
88 13 0.640438
88 44 0.639248
88 31 0.674884
88 1 0.734404
88 4 0.779707
88 2 0.815460
88 28 0.790084
88 7 0.865276
88 3 0.873023
88 5 0.934593
88 33 0.938125
88 15 0.985265
88 32 0.961350
88 30 0.972100
88 19 1.160374
88 35 1.159436
88 40 1.149738
88 39 1.200482
88 6 1.370371
88 0 1.412469
88 18 1.396333
88 41 1.456428
88 16 1.507655
88 25 1.494088
88 26 1.491620
88 50 1.434579
88 43 1.449894
88 45 1.508730
88 21 1.564710
88 20 1.574434
88 23 1.570513
88 49 1.507823
88 22 1.579874
88 27 1.593132
88 42 1.559572
88 37 1.587629
88 24 1.617919
88 38 1.596576
88 17 1.648077
88 47 1.593535
88 46 1.610651
88 34 1.644723
88 36 1.643478
88 48 1.643672
89 11 0.421650
89 9 0.462454
89 28 0.438445
89 32 0.486998
89 8 0.649231
89 30 0.628167
89 31 0.689232
89 12 0.732874
89 14 0.763654
89 29 0.747167
89 0 0.881543
89 33 0.837000
89 44 0.849052
89 4 0.938661
89 13 0.926003
89 1 0.971877
89 40 0.929315
89 3 1.144917
89 34 1.117110
89 10 1.165405
89 2 1.222938
89 20 1.199026
89 6 1.252768
89 16 1.229009
89 38 1.253939
89 22 1.281222
89 35 1.297541
89 5 1.445542
89 36 1.387060
89 41 1.391668
89 18 1.500364
89 50 1.525473
89 42 1.566317
89 49 1.566396
89 47 1.582473
89 26 1.625725
89 27 1.632526
89 25 1.658995
89 23 1.696472
89 45 1.695588
89 7 1.775286
89 17 1.747942
89 15 1.796290
89 43 1.771165
89 21 1.796655
89 24 1.804858
89 19 1.848911
89 39 1.835232
89 46 1.832076
89 48 1.863852
89 37 1.889881
90 11 0.369593
90 8 0.433907
90 3 0.502145
90 10 0.515259
90 5 0.535018
90 31 0.538242
90 12 0.589320
90 9 0.633214
90 43 0.596984
90 14 0.683640
90 0 0.705406
90 28 0.686135
90 1 0.784484
90 13 0.789481
90 33 0.804609
90 29 0.810951
90 32 0.828503
90 36 0.855220
90 27 0.896421
90 16 0.931574
90 21 0.930778
90 18 0.968693
90 30 0.948010
90 45 0.951252
90 20 1.000997
90 19 1.004634
90 7 1.032198
90 17 1.021267
90 44 0.995808
90 38 1.027719
90 47 1.029894
90 37 1.090720
90 6 1.181199
90 23 1.155864
90 39 1.174149
90 35 1.184452
90 2 1.236953
90 41 1.186366
90 34 1.224760
90 25 1.253305
90 46 1.243308
90 48 1.241083
90 26 1.279400
90 40 1.276469
90 15 1.359972
90 49 1.317792
90 24 1.364782
90 42 1.363908
90 4 1.421532
90 22 1.401767
90 50 1.374557
91 9 0.424087
91 8 0.543502
91 10 0.579596
91 11 0.688828
91 29 0.694132
91 13 0.710971
91 12 0.757553
91 44 0.741498
91 14 0.807860
91 31 0.816906
91 5 0.850007
91 28 0.861384
91 22 0.991765
91 2 1.010212
91 1 1.012024
91 35 0.980105
91 30 0.986250
91 33 0.984013
91 7 1.032701
91 38 1.013901
91 46 1.013114
91 32 1.029656
91 16 1.057586
91 4 1.117891
91 40 1.083611
91 19 1.115152
91 6 1.128921
91 15 1.146021
91 49 1.115995
91 20 1.148752
91 18 1.162246
91 0 1.180727
91 17 1.185534
91 23 1.237271
91 3 1.262542
91 42 1.250338
91 21 1.277169
91 47 1.255071
91 37 1.273192
91 34 1.278081
91 41 1.289755
91 50 1.295444
91 24 1.345205
91 43 1.344965
91 48 1.346733
91 36 1.401128
91 45 1.406515
91 25 1.434159
91 27 1.458215
91 39 1.518141
91 26 1.540984
92 8 0.430733
92 31 0.437874
92 9 0.493529
92 44 0.599071
92 21 0.835432
92 10 0.914795
92 42 0.944874
92 0 0.996036
92 5 1.040796
92 4 1.078593
92 11 1.075963
92 7 1.102244
92 1 1.107436
92 28 1.096740
92 6 1.158511
92 2 1.237831
92 29 1.242100
92 17 1.255442
92 32 1.256881
92 25 1.266226
92 13 1.280299
92 35 1.264550
92 12 1.297404
92 27 1.286032
92 14 1.317748
92 40 1.338757
92 19 1.364924
92 30 1.353980
92 33 1.380239
92 36 1.408445
92 3 1.439864
92 49 1.409339
92 43 1.428525
92 22 1.512268
92 37 1.611461
92 18 1.652331
92 45 1.639136
92 24 1.663982
92 50 1.703791
92 38 1.728458
92 23 1.762475
92 48 1.742225
92 15 1.797452
92 41 1.768707
92 16 1.846619
92 46 1.886916
92 20 1.918894
92 47 1.890020
92 26 1.920153
92 34 1.938846
92 39 2.001856
93 19 0.438349
93 14 0.526662
93 10 0.697406
93 33 0.684989
93 21 0.700412
93 29 0.882867
93 4 0.960172
93 31 0.951872
93 12 0.972398
93 0 0.996352
93 2 1.083305
93 30 1.085099
93 8 1.141539
93 32 1.143403
93 3 1.199589
93 28 1.179881
93 13 1.241544
93 9 1.285865
93 34 1.299576
93 44 1.362875
93 11 1.416514
93 43 1.432008
93 20 1.479708
93 41 1.491149
93 45 1.588360
93 35 1.637869
93 47 1.626934
93 1 1.733255
93 6 1.751499
93 17 1.745184
93 26 1.736604
93 15 1.760975
93 40 1.734396
93 37 1.775505
93 39 1.830753
93 22 1.909070
93 48 1.900345
93 7 1.943068
93 50 1.947781
93 46 1.959223
93 23 2.001877
93 36 2.003424
93 49 1.996334
93 27 2.023523
93 16 2.035355
93 42 2.022892
93 5 2.062064
93 38 2.030267
93 25 2.076193
93 24 2.121593
93 18 2.136294
94 28 0.449391
94 14 0.467656
94 29 0.474273
94 32 0.693427
94 0 0.741130
94 44 0.765211
94 5 0.926994
94 13 0.933698
94 9 0.939409
94 33 0.965349
94 34 0.980671
94 30 1.017164
94 36 1.060638
94 12 1.119565
94 35 1.106061
94 43 1.095850
94 3 1.142768
94 45 1.158183
94 27 1.197842
94 37 1.209743
94 10 1.242456
94 8 1.383705
94 31 1.361559
94 1 1.391427
94 11 1.386005
94 19 1.380706
94 20 1.420522
94 17 1.467212
94 22 1.485807
94 2 1.534061
94 21 1.536331
94 16 1.611730
94 24 1.615942
94 38 1.622874
94 42 1.628054
94 25 1.648183
94 26 1.648335
94 7 1.698066
94 47 1.654706
94 41 1.674909
94 18 1.706892
94 15 1.720939
94 40 1.733177
94 48 1.763976
94 6 1.818546
94 49 1.783873
94 23 1.849210
94 50 1.821141
94 39 1.834921
94 46 1.836072
94 4 1.892126
95 8 0.574684
95 31 0.666750
95 28 0.770690
95 9 0.804359
95 10 0.821809
95 30 0.832799
95 3 0.875554
95 13 0.883610
95 11 0.918169
95 32 0.936965
95 44 0.955055
95 14 1.003300
95 0 1.038221
95 29 1.027595
95 12 1.065055
95 25 1.192730
95 33 1.192391
95 2 1.274811
95 50 1.237526
95 35 1.270671
95 1 1.301364
95 5 1.299733
95 48 1.270789
95 45 1.299066
95 24 1.326178
95 36 1.348484
95 17 1.433855
95 6 1.461152
95 16 1.466963
95 41 1.472183
95 22 1.505922
95 20 1.517981
95 46 1.502644
95 4 1.545610
95 27 1.539206
95 43 1.522155
95 34 1.556796
95 39 1.554925
95 40 1.557120
95 18 1.594979
95 37 1.600690
95 7 1.636172
95 23 1.635223
95 21 1.645962
95 15 1.659874
95 26 1.654834
95 38 1.660294
95 19 1.688307
95 42 1.670472
95 49 1.670943
95 47 1.686318
96 8 0.371919
96 9 0.418455
96 13 0.461525
96 10 0.517151
96 14 0.566637
96 12 0.570087
96 30 0.491687
96 32 0.556590
96 0 0.659644
96 3 0.701342
96 29 0.703745
96 28 0.737023
96 5 0.852460
96 6 0.890964
96 7 0.917450
96 4 0.931436
96 1 0.944134
96 33 0.878368
96 2 1.039166
96 31 0.954368
96 11 1.121745
96 18 1.162411
96 44 0.666007
96 16 1.216457
96 20 1.222386
96 42 0.837110
96 38 0.937400
96 17 1.322058
96 36 0.975559
96 50 0.701714
96 47 0.816067
96 45 0.952529
96 22 1.462106
96 25 1.466173
96 24 1.472468
96 23 1.511528
96 19 1.536115
96 34 1.480096
96 15 1.574713
96 26 1.536314
96 40 1.185005
96 21 1.588522
96 27 1.542289
96 46 1.095251
96 35 1.371232
96 48 1.068791
96 43 1.123686
96 39 1.251776
96 37 1.288260
96 41 1.408967
96 49 1.259484
97 9 0.282080
97 8 0.494244
97 28 0.489005
97 3 0.603966
97 12 0.647774
97 32 0.647896
97 13 0.676278
97 5 0.711019
97 1 0.733511
97 44 0.715927
97 14 0.802634
97 29 0.829758
97 21 0.858323
97 10 0.880651
97 39 0.858728
97 19 0.942932
97 33 0.992097
97 30 0.996215
97 2 1.029592
97 48 0.998135
97 4 1.042800
97 11 1.041289
97 24 1.040967
97 31 1.088701
97 0 1.176332
97 34 1.217470
97 17 1.262374
97 18 1.270108
97 36 1.249371
97 6 1.281253
97 46 1.249134
97 40 1.280274
97 35 1.289611
97 20 1.314396
97 45 1.300195
97 7 1.348525
97 38 1.339086
97 23 1.364643
97 47 1.348395
97 37 1.365724
97 22 1.386177
97 16 1.412614
97 26 1.412872
97 49 1.394128
97 15 1.433936
97 42 1.409429
97 50 1.406340
97 25 1.471188
97 43 1.467842
97 27 1.493477
97 41 1.554028
98 9 0.647044
98 33 0.741630
98 3 0.873465
98 31 0.886597
98 28 1.016031
98 23 1.166483
98 12 1.239704
98 30 1.250781
98 10 1.268226
98 11 1.304695
98 5 1.308959
98 42 1.279109
98 8 1.385708
98 16 1.470910
98 43 1.465804
98 13 1.493642
98 45 1.463393
98 19 1.491036
98 32 1.502690
98 44 1.536134
98 21 1.606217
98 29 1.598643
98 39 1.656259
98 35 1.679567
98 37 1.697815
98 14 1.740265
98 18 1.757271
98 1 1.793724
98 0 1.814856
98 26 1.919317
98 15 1.926792
98 34 1.909994
98 27 1.939617
98 40 1.938125
98 6 1.977688
98 25 2.016641
98 2 2.046704
98 20 2.036457
98 17 2.069552
98 24 2.075960
98 50 2.059117
98 22 2.111010
98 4 2.137717
98 38 2.134816
98 46 2.133953
98 41 2.173235
98 7 2.235779
98 47 2.200123
98 36 2.327131
98 48 2.356000
98 49 2.419989
99 12 0.508046
99 44 0.598918
99 11 0.635466
99 10 0.636931
99 30 0.757892
99 9 0.876257
99 32 0.918910
99 33 1.370194
99 1 1.498540
99 4 1.629180
99 20 1.785126
99 13 1.842150
99 14 1.908511
99 5 1.977785
99 41 2.093610
99 17 2.174244
99 29 2.177260
99 38 2.215578
99 2 2.312683
99 50 2.265016
99 31 2.389071
99 6 2.409916
99 23 2.397551
99 47 2.416816
99 18 2.721771
99 7 2.729245
99 42 2.760261
99 28 2.847049
99 49 2.820093
99 39 2.916351
99 8 3.011183
99 22 3.048508
99 3 3.198156
99 35 3.208409
99 43 3.366188
99 15 3.421035
99 34 3.445825
99 25 3.477911
99 37 3.476742
99 26 3.503524
99 24 3.518354
99 45 3.492959
99 16 3.540210
99 27 3.543255
99 21 3.549412
99 46 3.575188
99 19 3.622973
99 36 3.630145
99 40 3.638460
99 0 3.706089
99 48 3.677070
100 8 0.327484
100 13 0.385850
100 14 0.464706
100 11 0.493667
100 12 0.484703
100 28 0.292601
100 10 0.600756
100 5 0.625535
100 0 0.649377
100 9 0.639781
100 2 0.676295
100 30 0.379415
100 32 0.426246
100 31 0.461399
100 29 0.483260
100 3 0.902368
100 44 0.381663
100 16 0.936557
100 4 1.014028
100 33 0.684930
100 1 1.157784
100 18 1.059831
100 20 1.066211
100 6 1.178263
100 7 1.199787
100 23 1.063970
100 15 1.214824
100 24 1.114434
100 25 1.110337
100 21 1.192210
100 22 1.187855
100 26 1.027712
100 19 1.261739
100 17 1.270968
100 42 0.841233
100 39 0.885161
100 48 0.842837
100 50 0.779550
100 38 0.993045
100 27 1.214596
100 40 1.014587
100 35 1.143577
100 41 1.051408
100 43 1.031269
100 36 1.141408
100 49 0.973236
100 47 0.993156
100 45 1.062929
100 34 1.248390
100 37 1.220186
100 46 1.211575
101 8 0.461165
101 1 0.485127
101 31 0.472789
101 9 0.510266
101 3 0.566796
101 0 0.586549
101 5 0.619179
101 29 0.613993
101 12 0.656867
101 7 0.777344
101 13 0.832574
101 32 0.831776
101 43 0.839563
101 40 0.843046
101 33 0.855584
101 2 0.885601
101 28 0.921156
101 10 0.996132
101 30 0.977128
101 24 1.014902
101 11 1.035673
101 44 1.011442
101 17 1.043943
101 20 1.064812
101 14 1.111208
101 36 1.111559
101 26 1.146998
101 45 1.165342
101 19 1.217103
101 6 1.337239
101 48 1.292303
101 25 1.325237
101 23 1.327442
101 35 1.311743
101 41 1.304205
101 4 1.342553
101 42 1.304164
101 34 1.324504
101 16 1.347325
101 50 1.301982
101 18 1.357092
101 46 1.345093
101 47 1.343741
101 37 1.366946
101 27 1.394357
101 38 1.381175
101 15 1.409875
101 39 1.392981
101 49 1.400052
101 21 1.451412
101 22 1.531205
102 11 0.364741
102 9 0.382591
102 44 0.449816
102 1 0.511322
102 3 0.524060
102 29 0.528703
102 31 0.533631
102 5 0.581754
102 7 0.580909
102 10 0.596850
102 0 0.605100
102 30 0.581527
102 28 0.594923
102 43 0.627845
102 13 0.694445
102 4 0.714765
102 14 0.708604
102 8 0.770206
102 45 0.735809
102 42 0.747548
102 23 0.792954
102 12 0.812412
102 15 0.968977
102 18 0.966538
102 32 0.947626
102 37 0.955265
102 33 0.975538
102 35 1.006614
102 50 1.002081
102 47 1.009479
102 2 1.074492
102 36 1.036346
102 40 1.044691
102 6 1.089798
102 34 1.125098
102 39 1.134512
102 25 1.164139
102 24 1.180354
102 22 1.193288
102 26 1.185459
102 21 1.195461
102 17 1.223515
102 16 1.236536
102 41 1.211964
102 20 1.254730
102 19 1.273325
102 38 1.271463
102 27 1.283967
102 49 1.265335
102 46 1.274117
102 48 1.294774
103 10 0.336731
103 13 0.389497
103 9 0.406629
103 8 0.409291
103 11 0.409168
103 14 0.476690
103 4 0.567754
103 0 0.585591
103 2 0.641964
103 32 0.696920
103 28 0.736774
103 31 0.757512
103 1 0.786256
103 29 0.809079
103 12 0.827304
103 44 0.807760
103 6 0.869876
103 45 0.827586
103 40 0.969941
103 5 1.026100
103 36 1.000877
103 3 1.051283
103 30 1.075335
103 18 1.109446
103 33 1.090770
103 20 1.125388
103 22 1.155501
103 16 1.193606
103 15 1.212157
103 21 1.206912
103 43 1.178074
103 19 1.226775
103 26 1.233275
103 38 1.247616
103 37 1.363098
103 17 1.387941
103 7 1.395097
103 49 1.348879
103 50 1.348293
103 41 1.362338
103 42 1.361861
103 35 1.380249
103 23 1.406432
103 34 1.395134
103 25 1.418263
103 39 1.453655
103 46 1.454757
103 27 1.483067
103 24 1.497503
103 47 1.467327
103 48 1.475985
104 10 0.375871
104 9 0.423221
104 11 0.559527
104 5 0.656713
104 12 0.664441
104 8 0.678492
104 14 0.669860
104 1 0.731148
104 28 0.695493
104 3 0.751967
104 30 0.716864
104 29 0.728232
104 44 0.718975
104 39 0.740107
104 13 0.814417
104 15 0.831165
104 33 0.806241
104 40 0.817127
104 32 0.853884
104 50 0.851462
104 2 0.920339
104 0 0.942259
104 16 0.937509
104 7 1.014137
104 47 0.962804
104 20 1.030691
104 38 1.008386
104 31 1.018250
104 27 1.053294
104 17 1.119573
104 23 1.145051
104 21 1.164537
104 45 1.134017
104 46 1.140271
104 35 1.171201
104 4 1.226847
104 36 1.185852
104 6 1.249105
104 34 1.205757
104 25 1.231402
104 22 1.237054
104 49 1.201778
104 43 1.217898
104 48 1.226658
104 18 1.288175
104 19 1.296423
104 26 1.302947
104 42 1.287248
104 24 1.327122
104 37 1.316813
104 41 1.331272
105 11 0.336723
105 10 0.346956
105 13 0.462707
105 14 0.462878
105 31 0.433213
105 9 0.468513
105 0 0.617563
105 28 0.646461
105 8 0.691409
105 3 0.704246
105 44 0.747614
105 30 0.761128
105 12 0.799893
105 1 0.808882
105 4 0.808141
105 29 0.812966
105 40 0.812761
105 33 0.820794
105 32 0.894903
105 5 0.971734
105 36 0.997038
105 46 1.138759
105 18 1.183770
105 7 1.206537
105 35 1.177280
105 43 1.203606
105 48 1.205554
105 15 1.280001
105 21 1.315420
105 22 1.320607
105 16 1.336777
105 2 1.353147
105 45 1.357694
105 27 1.382189
105 17 1.424709
105 47 1.413972
105 39 1.430986
105 6 1.479039
105 26 1.496919
105 20 1.515365
105 19 1.517511
105 38 1.492068
105 37 1.514998
105 23 1.534063
105 24 1.532970
105 34 1.527719
105 42 1.526353
105 49 1.562862
105 41 1.588196
105 25 1.609038
105 50 1.601783
106 30 0.409175
106 32 0.406093
106 10 0.426360
106 44 0.407537
106 8 0.443370
106 33 0.506668
106 0 0.548889
106 14 0.615423
106 12 0.686316
106 4 0.774480
106 40 0.760339
106 9 0.850236
106 28 0.848731
106 6 0.866317
106 13 0.863409
106 18 0.877616
106 36 0.868795
106 31 1.000750
106 15 1.029001
106 11 1.032596
106 34 1.051427
106 29 1.079229
106 50 1.062516
106 17 1.116284
106 2 1.138294
106 42 1.116588
106 26 1.135807
106 1 1.163658
106 22 1.152334
106 27 1.147833
106 5 1.174339
106 16 1.179866
106 46 1.157881
106 39 1.211575
106 19 1.245407
106 3 1.263921
106 20 1.262540
106 25 1.267922
106 7 1.289343
106 21 1.312453
106 23 1.318420
106 45 1.295015
106 47 1.320139
106 24 1.372239
106 35 1.367026
106 43 1.359792
106 38 1.455475
106 48 1.441794
106 37 1.458734
106 41 1.454406
106 49 1.465984
107 8 0.349078
107 9 0.459481
107 11 0.458804
107 13 0.490566
107 31 0.486122
107 3 0.545743
107 1 0.580612
107 29 0.570608
107 10 0.674569
107 5 0.694244
107 14 0.850281
107 45 0.831166
107 12 0.884213
107 32 0.898872
107 33 0.902437
107 4 0.928622
107 44 0.962216
107 35 1.006333
107 47 1.014297
107 22 1.046022
107 43 1.022396
107 30 1.037726
107 0 1.062274
107 24 1.125268
107 28 1.120713
107 46 1.147833
107 40 1.172389
107 38 1.175965
107 16 1.213488
107 7 1.219008
107 27 1.220972
107 48 1.219780
107 39 1.245361
107 25 1.262265
107 49 1.254632
107 19 1.300564
107 15 1.314221
107 41 1.330331
107 2 1.365734
107 17 1.411040
107 21 1.416278
107 36 1.409357
107 18 1.448883
107 23 1.468479
107 6 1.490123
107 50 1.446367
107 37 1.472986
107 26 1.504845
107 20 1.522531
107 34 1.507285
107 42 1.507982
108 10 0.402756
108 8 0.413208
108 13 0.431583
108 29 0.420526
108 14 0.508337
108 30 0.592574
108 12 0.621725
108 32 0.607807
108 44 0.650659
108 1 0.832863
108 2 0.968405
108 40 0.943384
108 9 0.990490
108 28 1.032244
108 31 1.048097
108 33 1.054106
108 11 1.092337
108 18 1.102897
108 35 1.084166
108 36 1.344116
108 0 1.418678
108 37 1.402487
108 16 1.449436
108 5 1.564116
108 4 1.566216
108 7 1.577036
108 26 1.594865
108 38 1.594674
108 6 1.642880
108 15 1.637809
108 22 1.637176
108 3 1.676823
108 39 1.638443
108 47 1.630800
108 24 1.662587
108 27 1.664377
108 49 1.665078
108 43 1.681505
108 20 1.708928
108 46 1.706191
108 21 1.774172
108 34 1.769188
108 25 1.780305
108 45 1.781337
108 48 1.803379
108 41 1.821378
108 42 1.830855
108 23 1.883910
108 17 1.895584
108 50 1.906485
108 19 1.971300
109 12 0.484258
109 14 0.490517
109 8 0.511550
109 10 0.600353
109 28 0.591553
109 33 0.618098
109 30 0.630968
109 44 0.639855
109 32 0.696351
109 13 0.739730
109 0 0.760145
109 4 0.769967
109 29 0.806553
109 2 0.894597
109 3 0.941526
109 9 0.954489
109 40 0.995084
109 6 1.042910
109 11 1.068084
109 1 1.074476
109 37 1.092640
109 5 1.145208
109 31 1.120820
109 16 1.155236
109 18 1.174722
109 43 1.143447
109 27 1.176217
109 22 1.184332
109 41 1.191198
109 48 1.184730
109 46 1.211162
109 36 1.274741
109 26 1.318757
109 7 1.346622
109 39 1.315112
109 15 1.353673
109 45 1.316576
109 20 1.351570
109 23 1.351233
109 24 1.357154
109 34 1.346440
109 47 1.384562
109 25 1.419451
109 42 1.484128
109 35 1.496569
109 17 1.518255
109 50 1.477938
109 19 1.517476
109 21 1.516358
109 38 1.496395
109 49 1.481285
110 11 0.470217
110 9 0.528064
110 14 0.538763
110 31 0.589130
110 33 0.606077
110 13 0.644647
110 29 0.627112
110 0 0.741555
110 44 0.721079
110 1 0.778636
110 30 0.776269
110 12 0.844132
110 7 0.878965
110 8 0.958665
110 32 0.958290
110 17 0.978861
110 5 0.987772
110 36 0.988565
110 10 1.033321
110 28 1.077669
110 3 1.114972
110 20 1.150204
110 41 1.122940
110 49 1.215302
110 21 1.325364
110 50 1.358486
110 2 1.438063
110 45 1.420782
110 15 1.460406
110 43 1.452752
110 38 1.460943
110 4 1.519254
110 48 1.473006
110 6 1.558872
110 18 1.570633
110 27 1.561433
110 37 1.576731
110 40 1.585422
110 19 1.649964
110 35 1.640893
110 25 1.667616
110 47 1.637771
110 46 1.660878
110 34 1.686597
110 42 1.701055
110 16 1.733432
110 39 1.725103
110 22 1.748672
110 26 1.782373
110 23 1.798081
110 24 1.839145
111 44 0.414524
111 5 0.498589
111 0 0.511309
111 14 0.502843
111 31 0.517876
111 33 0.567160
111 8 0.614351
111 1 0.634136
111 11 0.694646
111 12 0.705238
111 28 0.751764
111 10 0.817463
111 30 0.901010
111 39 0.918029
111 4 0.993470
111 9 1.036135
111 32 1.012139
111 3 1.105973
111 2 1.140251
111 37 1.107268
111 17 1.164393
111 42 1.165336
111 49 1.209798
111 29 1.249584
111 13 1.264594
111 16 1.264174
111 22 1.281369
111 18 1.308809
111 21 1.451911
111 27 1.477555
111 19 1.520066
111 6 1.529600
111 25 1.548561
111 15 1.615021
111 34 1.641633
111 43 1.638089
111 48 1.639460
111 35 1.656436
111 23 1.697052
111 40 1.680603
111 45 1.681856
111 38 1.690670
111 26 1.801549
111 50 1.769232
111 20 1.808839
111 7 1.818877
111 24 1.806356
111 47 1.774229
111 41 1.783974
111 36 1.794020
111 46 1.789845
112 10 0.588195
112 28 0.681308
112 44 0.655538
112 32 0.678735
112 8 0.707367
112 29 0.688867
112 33 0.870421
112 14 1.353238
112 12 1.360133
112 30 1.339893
112 15 1.359880
112 38 1.334202
112 11 1.371757
112 13 1.371168
112 0 1.382043
112 17 1.452894
112 16 1.454408
112 31 1.436739
112 6 1.526010
112 9 1.563897
112 5 1.619307
112 46 1.567299
112 3 1.660316
112 24 1.640561
112 36 1.654772
112 27 1.670627
112 20 1.712175
112 1 1.729211
112 40 1.715693
112 23 1.796748
112 2 1.817969
112 45 1.767634
112 22 1.846057
112 48 1.852996
112 34 1.877317
112 43 1.862032
112 47 1.873592
112 50 1.888997
112 25 1.946142
112 18 1.969740
112 4 1.981263
112 35 1.996261
112 41 1.998635
112 39 2.001886
112 26 2.038296
112 49 2.053804
112 37 2.082955
112 42 2.113477
112 19 2.149329
112 21 2.253687
112 7 2.267212
113 9 0.435861
113 11 0.474323
113 31 0.478062
113 32 0.534022
113 44 0.599354
113 13 0.658728
113 29 0.658145
113 1 0.686504
113 3 0.689783
113 5 0.710706
113 7 0.772488
113 14 0.795598
113 43 0.808686
113 12 0.851080
113 45 0.916507
113 10 1.048961
113 0 1.080842
113 40 1.043573
113 28 1.090303
113 8 1.124441
113 30 1.102236
113 35 1.113940
113 15 1.161289
113 16 1.163253
113 19 1.201460
113 33 1.219579
113 20 1.284177
113 17 1.294940
113 4 1.321172
113 36 1.349037
113 48 1.377733
113 2 1.438692
113 37 1.421408
113 26 1.460435
113 27 1.467822
113 34 1.460988
113 49 1.475956
113 38 1.498559
113 39 1.506606
113 23 1.529382
113 50 1.499933
113 18 1.542649
113 42 1.531496
113 21 1.570072
113 47 1.628457
113 41 1.647019
113 6 1.682735
113 22 1.678357
113 46 1.651243
113 24 1.687648
113 25 1.733520
114 10 0.466827
114 30 0.469446
114 8 0.575421
114 13 0.700721
114 3 0.714223
114 11 0.733348
114 9 0.760079
114 5 0.794522
114 1 0.814218
114 44 0.774991
114 12 0.843753
114 31 0.813660
114 28 0.836611
114 7 0.907892
114 0 0.925707
114 2 0.957256
114 32 0.913463
114 33 0.926253
114 29 1.009775
114 36 1.052510
114 14 1.138612
114 4 1.277195
114 6 1.282353
114 40 1.418666
114 18 1.456357
114 45 1.509819
114 34 1.586012
114 43 1.589646
114 16 1.701236
114 48 1.675531
114 15 1.748347
114 24 1.742070
114 50 1.727651
114 25 1.820758
114 23 1.863413
114 22 1.929415
114 49 1.919774
114 35 1.957978
114 17 1.999249
114 46 1.973720
114 37 1.984489
114 26 2.002215
114 27 2.020888
114 42 2.015857
114 47 2.012160
114 41 2.023410
114 19 2.047149
114 20 2.055267
114 39 2.040994
114 38 2.076239
114 21 2.114925
115 10 0.401797
115 44 0.446749
115 9 0.525280
115 1 0.580398
115 11 0.583710
115 3 0.591568
115 5 0.623757
115 13 0.675697
115 0 0.697332
115 29 0.669567
115 7 0.770098
115 31 0.746200
115 26 0.755179
115 15 0.787235
115 43 0.856203
115 38 0.918849
115 17 0.993338
115 14 0.996601
115 8 1.002372
115 36 1.009301
115 12 1.041410
115 28 1.045227
115 4 1.093430
115 19 1.081949
115 49 1.045841
115 37 1.065304
115 41 1.076763
115 32 1.104781
115 18 1.124295
115 22 1.138211
115 30 1.129595
115 33 1.141174
115 34 1.170602
115 25 1.193255
115 21 1.212511
115 46 1.184057
115 20 1.229704
115 48 1.244546
115 50 1.253815
115 45 1.261206
115 16 1.298265
115 2 1.321507
115 39 1.346801
115 24 1.374187
115 47 1.359468
115 40 1.377232
115 35 1.392319
115 23 1.418815
115 27 1.436500
115 6 1.457766
115 42 1.442917
116 11 0.467870
116 29 0.506062
116 12 0.526004
116 44 0.487205
116 33 0.605924
116 32 0.700538
116 4 0.731368
116 14 0.772399
116 7 0.805770
116 30 0.782438
116 13 0.920045
116 8 0.924646
116 9 0.950365
116 16 0.952593
116 10 0.957715
116 22 0.948750
116 31 1.105066
116 0 1.255612
116 18 1.243686
116 3 1.265592
116 43 1.349644
116 41 1.355835
116 6 1.424952
116 28 1.404283
116 38 1.393831
116 39 1.441869
116 2 1.480379
116 1 1.547383
116 5 1.546426
116 42 1.509399
116 23 1.552107
116 34 1.556901
116 25 1.582741
116 48 1.594976
116 50 1.594778
116 46 1.616247
116 20 1.653960
116 15 1.716319
116 47 1.692711
116 19 1.731069
116 35 1.729438
116 49 1.725431
116 40 1.752620
116 17 1.782395
116 45 1.776062
116 26 1.856775
116 21 1.873912
116 24 1.892838
116 37 1.876788
116 27 1.910000
116 36 1.909791
117 9 0.481405
117 11 0.501341
117 8 0.670077
117 31 0.641776
117 10 0.748425
117 12 0.857320
117 32 0.814118
117 0 0.911606
117 1 0.911624
117 3 0.913606
117 28 0.940131
117 5 0.983523
117 4 1.080527
117 15 1.185407
117 2 1.196337
117 44 1.123310
117 16 1.191130
117 29 1.481541
117 14 1.520662
117 33 1.478798
117 6 1.530241
117 30 1.487543
117 13 1.527674
117 23 1.716042
117 24 1.755913
117 35 1.734813
117 36 1.766675
117 47 1.836484
117 41 1.893051
117 40 1.992875
117 21 2.032620
117 46 2.034627
117 34 2.060080
117 19 2.103057
117 50 2.052490
117 45 2.154563
117 26 2.245882
117 20 2.270841
117 42 2.241772
117 25 2.278127
117 7 2.332963
117 17 2.326697
117 18 2.326950
117 37 2.296262
117 22 2.329700
117 43 2.285100
117 48 2.277333
117 39 2.300349
117 27 2.369211
117 49 2.431286
117 38 2.455785
118 8 0.342282
118 9 0.400872
118 14 0.375373
118 11 0.411224
118 12 0.421761
118 10 0.503580
118 13 0.620433
118 28 0.381522
118 0 0.833352
118 32 0.675051
118 4 1.077637
118 7 1.084740
118 33 0.751467
118 31 0.773250
118 2 1.215137
118 30 0.885708
118 5 1.254860
118 16 1.283148
118 1 1.359867
118 6 1.395985
118 18 1.366274
118 29 1.220018
118 3 1.568139
118 22 1.370417
118 44 0.965363
118 20 1.497723
118 15 1.780285
118 24 1.550726
118 26 1.545067
118 19 1.689621
118 21 1.877816
118 17 1.930969
118 34 1.741726
118 25 1.929625
118 38 1.720419
118 40 1.697731
118 37 1.742956
118 50 1.621614
118 42 1.763697
118 48 1.683360
118 35 1.828635
118 27 2.059716
118 47 1.705625
118 36 1.844931
118 43 1.745978
118 46 1.724975
118 39 1.886214
118 41 1.872894
118 23 2.188608
118 45 1.805920
118 49 1.790709
119 9 0.584995
119 11 0.763740
119 44 0.791479
119 12 0.943720
119 10 0.958726
119 29 0.952707
119 31 0.951822
119 1 1.043352
119 33 1.044889
119 13 1.067344
119 7 1.078874
119 8 1.078901
119 5 1.109923
119 14 1.307099
119 41 1.432341
119 30 1.447447
119 3 1.480164
119 19 1.546761
119 2 1.567888
119 32 1.564940
119 15 1.677464
119 4 1.798237
119 17 1.817029
119 35 1.849699
119 28 1.858426
119 0 1.884618
119 21 1.886576
119 45 1.885585
119 43 1.906147
119 46 1.942453
119 49 1.957604
119 18 1.997216
119 36 1.977096
119 37 2.007326
119 40 2.048328
119 16 2.086245
119 24 2.094259
119 39 2.078946
119 27 2.160298
119 42 2.167209
119 23 2.196803
119 48 2.177271
119 47 2.181664
119 34 2.221188
119 6 2.249255
119 22 2.243315
119 50 2.283880
119 20 2.330410
119 38 2.310919
119 26 2.331746
119 25 2.349667
120 11 0.761850
120 10 0.836144
120 8 0.838946
120 13 0.840535
120 9 1.075343
120 32 1.053259
120 12 1.078664
120 33 1.404111
120 14 1.432135
120 0 1.888092
120 4 1.886541
120 35 1.873226
120 5 1.914781
120 30 1.903622
120 6 1.931689
120 2 1.935619
120 27 1.914527
120 3 1.938248
120 28 1.930705
120 19 2.033845
120 44 2.003937
120 29 2.199059
120 26 2.205112
120 40 2.245052
120 45 2.253154
120 31 2.288117
120 18 2.387147
120 50 2.405726
120 17 2.473260
120 39 2.437128
120 20 2.634007
120 7 2.648327
120 25 2.632957
120 16 2.701292
120 43 2.708662
120 34 2.820040
120 38 2.810299
120 15 2.923737
120 1 2.935398
120 48 2.864470
120 22 2.949649
120 42 2.943402
120 24 2.983447
120 36 2.957913
120 21 3.124642
120 49 3.064557
120 41 3.088682
120 47 3.072580
120 37 3.097056
120 46 3.077391
120 23 3.126244
