21 1 0.080744
21 2 0.104598
21 0 0.120952
21 4 0.111358
21 3 0.116761
21 5 0.154926
21 6 0.162883
21 14 0.085249
21 7 0.170249
21 8 0.152019
21 10 0.123243
21 11 0.118271
21 9 0.129186
21 13 0.097499
21 17 0.102647
21 12 0.136503
21 20 0.096780
21 18 0.118691
21 16 0.145855
21 22 0.123350
21 15 0.171881
21 19 0.143697
21 21 0.144336
21 23 0.144884
21 25 0.148662
21 24 0.160032
21 31 0.118203
21 26 0.168288
21 28 0.139778
21 29 0.136717
21 30 0.146486
21 32 0.148021
21 44 0.137626
21 33 0.177184
21 42 0.151365
21 34 0.178505
21 38 0.173112
21 37 0.175660
21 27 0.197291
21 43 0.145344
21 39 0.167849
21 46 0.133843
21 40 0.169650
21 47 0.138988
21 45 0.153739
21 49 0.139702
21 48 0.144528
21 50 0.133884
21 41 0.183598
21 36 0.200351
21 35 0.205757
22 3 0.108399
22 0 0.117313
22 1 0.116736
22 9 0.138095
22 5 0.191145
22 7 0.189518
22 4 0.197564
22 8 0.209752
22 11 0.227414
22 10 0.228942
22 29 0.233402
22 33 0.232485
22 17 0.266183
22 31 0.249768
22 6 0.282624
22 41 0.235453
22 19 0.265825
22 23 0.262828
22 21 0.265558
22 12 0.281923
22 49 0.226313
22 25 0.266059
22 50 0.227619
22 13 0.284270
22 47 0.233374
22 32 0.261303
22 18 0.278831
22 27 0.269123
22 43 0.246902
22 15 0.287354
22 14 0.290051
22 35 0.259344
22 2 0.303864
22 42 0.253226
22 22 0.285599
22 44 0.255974
22 24 0.289170
22 37 0.270831
22 38 0.270487
22 28 0.284927
22 45 0.259299
22 34 0.278519
22 30 0.286501
22 48 0.265046
22 39 0.282442
22 46 0.271265
22 36 0.288698
22 40 0.285318
22 16 0.319421
22 26 0.305977
22 20 0.316179
23 4 0.099092
23 0 0.106526
23 2 0.134737
23 3 0.160505
23 1 0.179451
23 5 0.187494
23 6 0.202417
23 10 0.211976
23 14 0.246002
23 8 0.250888
23 28 0.244706
23 33 0.237907
23 42 0.232072
23 12 0.265235
23 32 0.245294
23 44 0.233370
23 46 0.233019
23 34 0.246678
23 38 0.242768
23 30 0.251720
23 24 0.261963
23 20 0.266259
23 7 0.276925
23 40 0.243167
23 9 0.276367
23 19 0.269312
23 13 0.274483
23 50 0.234872
23 11 0.276428
23 26 0.263029
23 21 0.269037
23 22 0.269617
23 23 0.268766
23 16 0.275868
23 25 0.268294
23 17 0.275951
23 35 0.255791
23 29 0.264049
23 31 0.261874
23 18 0.278225
23 43 0.249374
23 47 0.246233
23 37 0.257200
23 27 0.274895
23 48 0.253305
23 39 0.262974
23 36 0.266978
23 45 0.259780
23 15 0.294973
23 49 0.262088
23 41 0.270989
24 0 0.086262
24 5 0.084372
24 2 0.169067
24 6 0.184058
24 3 0.192851
24 9 0.189586
24 4 0.197047
24 1 0.208291
24 8 0.215462
24 10 0.225262
24 32 0.209216
24 14 0.227412
24 11 0.231347
24 31 0.215776
24 20 0.234412
24 33 0.223663
24 7 0.249071
24 28 0.234332
24 12 0.250170
24 21 0.244005
24 17 0.248533
24 29 0.236370
24 37 0.228593
24 22 0.244657
24 13 0.252962
24 39 0.228708
24 16 0.252535
24 48 0.221971
24 44 0.227465
24 23 0.249315
24 27 0.245332
24 30 0.244057
24 34 0.241896
24 42 0.236079
24 24 0.255476
24 18 0.261423
24 41 0.238370
24 46 0.233418
24 35 0.244282
24 45 0.236895
24 50 0.233294
24 25 0.260190
24 49 0.236170
24 26 0.262421
24 36 0.252552
24 19 0.271036
24 47 0.243242
24 15 0.274981
24 40 0.250480
24 38 0.252438
24 43 0.252247
25 1 0.090465
25 0 0.092995
25 2 0.141072
25 4 0.162114
25 3 0.166789
25 5 0.176588
25 10 0.182868
25 9 0.195513
25 20 0.232747
25 14 0.241737
25 11 0.264647
25 6 0.268907
25 33 0.244292
25 13 0.265872
25 36 0.249611
25 32 0.254214
25 16 0.270637
25 12 0.274098
25 7 0.278890
25 44 0.243245
25 47 0.240437
25 28 0.260959
25 30 0.259183
25 25 0.266086
25 8 0.281933
25 17 0.275479
25 21 0.272687
25 31 0.261781
25 18 0.275997
25 29 0.264842
25 40 0.253189
25 19 0.276611
25 22 0.274181
25 24 0.271893
25 48 0.249282
25 23 0.277116
25 26 0.275507
25 15 0.286244
25 34 0.267375
25 50 0.249988
25 41 0.260765
25 49 0.252551
25 38 0.265618
25 45 0.261296
25 27 0.280917
25 43 0.266707
25 46 0.264307
25 35 0.277798
25 39 0.277620
25 42 0.276375
25 37 0.288733
26 0 0.095859
26 2 0.105645
26 4 0.106153
26 1 0.161945
26 3 0.164930
26 5 0.163901
26 6 0.188179
26 8 0.210234
26 7 0.213246
26 10 0.224279
26 34 0.203790
26 11 0.232691
26 29 0.217103
26 20 0.226952
26 17 0.242864
26 9 0.252196
26 13 0.250206
26 33 0.231147
26 30 0.236822
26 12 0.254959
26 21 0.247881
26 39 0.228508
26 23 0.248006
26 16 0.255051
26 37 0.233315
26 25 0.247478
26 19 0.253138
26 42 0.230783
26 32 0.242705
26 44 0.229634
26 28 0.249111
26 35 0.241857
26 27 0.251527
26 46 0.229883
26 24 0.254780
26 48 0.228868
26 26 0.254444
26 47 0.230458
26 50 0.228006
26 14 0.265681
26 49 0.230252
26 15 0.266318
26 22 0.260141
26 41 0.239786
26 31 0.250338
26 38 0.245006
26 40 0.243237
26 18 0.266863
26 43 0.247246
26 36 0.255418
26 45 0.246172
27 0 0.098343
27 1 0.098483
27 2 0.157596
27 4 0.158171
27 3 0.171792
27 6 0.178727
27 5 0.209922
27 11 0.211376
27 19 0.231675
27 9 0.251255
27 10 0.252019
27 25 0.240252
27 23 0.242800
27 26 0.239691
27 13 0.251928
27 47 0.216859
27 27 0.239583
27 17 0.250859
27 42 0.224126
27 7 0.259690
27 29 0.239714
27 12 0.257039
27 24 0.247111
27 14 0.257985
27 22 0.251282
27 15 0.257710
27 31 0.242306
27 38 0.234373
27 34 0.240676
27 33 0.242801
27 16 0.261322
27 46 0.229693
27 21 0.257793
27 50 0.226429
27 35 0.243340
27 48 0.229715
27 45 0.235537
27 44 0.237106
27 41 0.240110
27 40 0.241708
27 8 0.274027
27 32 0.252094
27 30 0.255076
27 39 0.244742
27 20 0.267325
27 37 0.247868
27 36 0.249533
27 28 0.262181
27 43 0.247019
27 18 0.275255
27 49 0.242598
28 3 0.149444
28 6 0.147179
28 2 0.154866
28 5 0.151487
28 4 0.157495
28 7 0.183780
28 0 0.211156
28 1 0.210347
28 9 0.135138
28 11 0.100733
28 10 0.111296
28 8 0.230895
28 14 0.108294
28 12 0.143975
28 13 0.148808
28 16 0.150002
28 15 0.208360
28 17 0.204092
28 23 0.209068
28 44 0.185354
28 27 0.207009
28 19 0.220480
28 38 0.199584
28 45 0.191452
28 47 0.189572
28 37 0.202738
28 24 0.219229
28 20 0.229166
28 40 0.213895
28 43 0.209510
28 18 0.262827
28 25 0.254317
28 48 0.229377
28 26 0.255083
28 22 0.259614
28 33 0.251116
28 36 0.249475
28 28 0.261059
28 46 0.240490
28 35 0.256018
28 49 0.239004
28 31 0.260573
28 30 0.261480
28 21 0.274762
28 42 0.250598
28 39 0.254806
28 34 0.263388
28 50 0.244936
28 41 0.257738
28 32 0.270824
28 29 0.275992
29 0 0.102004
29 1 0.129786
29 2 0.202612
29 3 0.206228
29 4 0.209764
29 5 0.231402
29 7 0.240148
29 44 0.229781
29 8 0.273644
29 32 0.259903
29 13 0.284354
29 28 0.273113
29 15 0.292153
29 27 0.287731
29 34 0.279642
29 30 0.289929
29 46 0.270638
29 11 0.313101
29 24 0.301545
29 40 0.281528
29 42 0.281410
29 17 0.313955
29 38 0.286698
29 16 0.324433
29 6 0.334541
29 25 0.314211
29 9 0.334521
29 36 0.302277
29 23 0.322821
29 33 0.311189
29 14 0.337474
29 22 0.332631
29 19 0.337771
29 21 0.338058
29 31 0.325645
29 12 0.350095
29 10 0.354723
29 48 0.309949
29 29 0.334096
29 39 0.333836
29 45 0.330216
29 26 0.356473
29 50 0.326851
29 18 0.368931
29 41 0.343892
29 37 0.348633
29 43 0.341193
29 35 0.356094
29 20 0.378316
29 47 0.343559
29 49 0.341370
30 0 0.143272
30 4 0.143234
30 5 0.182714
30 3 0.188445
30 2 0.195332
30 10 0.198173
30 1 0.208250
30 9 0.206470
30 7 0.220721
30 6 0.230392
30 14 0.254335
30 12 0.261871
30 19 0.259063
30 11 0.274051
30 30 0.257291
30 44 0.244605
30 23 0.269783
30 38 0.251694
30 13 0.281064
30 31 0.261473
30 21 0.274353
30 33 0.263080
30 8 0.289030
30 15 0.284445
30 22 0.278707
30 28 0.272373
30 24 0.279311
30 17 0.288217
30 26 0.278428
30 25 0.283111
30 40 0.266031
30 49 0.256355
30 45 0.263364
30 20 0.292977
30 29 0.284195
30 32 0.282148
30 16 0.301132
30 36 0.278088
30 35 0.281587
30 27 0.291453
30 39 0.279694
30 47 0.271223
30 41 0.278272
30 50 0.268275
30 43 0.277839
30 18 0.307499
30 34 0.290915
30 37 0.289971
30 42 0.284579
30 46 0.282214
30 48 0.283085
31 0 0.176000
31 2 0.189841
31 3 0.192660
31 1 0.195691
31 17 0.202561
31 10 0.208987
31 6 0.245709
31 21 0.232323
31 14 0.247083
31 11 0.273772
31 12 0.273125
31 28 0.259490
31 29 0.259328
31 32 0.257265
31 26 0.262234
31 20 0.271073
31 30 0.261032
31 8 0.282774
31 44 0.247565
31 19 0.274141
31 33 0.260045
31 9 0.283981
31 46 0.247516
31 31 0.264202
31 34 0.262242
31 24 0.271475
31 7 0.288514
31 37 0.262133
31 50 0.247106
31 42 0.258393
31 25 0.275264
31 13 0.288805
31 47 0.253577
31 4 0.298275
31 22 0.285931
31 15 0.294919
31 23 0.288021
31 38 0.274755
31 27 0.286482
31 5 0.309083
31 41 0.275064
31 43 0.276553
31 35 0.287881
31 36 0.287355
31 48 0.274092
31 40 0.285094
31 49 0.275263
31 39 0.292835
31 16 0.325379
31 18 0.326462
31 45 0.303302
32 0 0.180485
32 2 0.200293
32 1 0.209605
32 4 0.237846
32 12 0.237549
32 10 0.256637
32 14 0.255874
32 3 0.267321
32 13 0.263493
32 31 0.256042
32 6 0.285815
32 33 0.270266
32 29 0.276653
32 8 0.295699
32 44 0.266833
32 18 0.291758
32 34 0.277434
32 9 0.298985
32 16 0.295542
32 19 0.293989
32 5 0.304292
32 32 0.283644
32 17 0.298171
32 22 0.294915
32 15 0.300718
32 24 0.295278
32 28 0.294430
32 39 0.287544
32 49 0.279255
32 30 0.301552
32 11 0.318533
32 41 0.296894
32 21 0.319057
32 25 0.315309
32 47 0.297138
32 40 0.304821
32 42 0.304260
32 43 0.303946
32 20 0.325952
32 27 0.320076
32 36 0.315152
32 50 0.302658
32 26 0.326892
32 7 0.342920
32 45 0.311360
32 23 0.335287
32 48 0.310406
32 38 0.321828
32 46 0.314751
32 37 0.323765
32 35 0.326784
33 0 0.103601
33 16 0.212749
33 8 0.227065
33 1 0.236336
33 13 0.282419
33 9 0.286310
33 31 0.272624
33 2 0.301498
33 14 0.294881
33 44 0.267241
33 18 0.295528
33 32 0.284457
33 10 0.306067
33 12 0.305888
33 15 0.304930
33 3 0.317431
33 21 0.307695
33 43 0.285113
33 7 0.319863
33 30 0.299757
33 25 0.304429
33 28 0.302222
33 22 0.309242
33 11 0.319890
33 26 0.305290
33 33 0.303218
33 20 0.316005
33 5 0.331035
33 17 0.322225
33 23 0.320325
33 41 0.307033
33 29 0.319936
33 42 0.317643
33 34 0.326877
33 47 0.313841
33 4 0.354717
33 19 0.345085
33 27 0.336911
33 46 0.326849
33 48 0.328352
33 39 0.338185
33 6 0.368758
33 49 0.328243
33 50 0.327131
33 24 0.355304
33 35 0.346671
33 36 0.346198
33 45 0.336539
33 37 0.348449
33 40 0.345089
33 38 0.353559
34 0 0.093879
34 17 0.187968
34 1 0.204231
34 14 0.203932
34 4 0.216254
34 15 0.250351
34 3 0.284791
34 12 0.277941
34 30 0.260515
34 29 0.261554
34 7 0.285319
34 21 0.278873
34 5 0.295492
34 25 0.285182
34 47 0.257999
34 19 0.292945
34 32 0.281417
34 43 0.266931
34 20 0.299494
34 27 0.291968
34 10 0.311434
34 23 0.301641
34 9 0.315759
34 31 0.293151
34 35 0.292052
34 8 0.322410
34 18 0.314134
34 22 0.314631
34 11 0.326252
34 39 0.294533
34 41 0.293000
34 33 0.304995
34 2 0.336406
34 45 0.292872
34 44 0.298547
34 6 0.343647
34 28 0.326112
34 37 0.315122
34 13 0.345461
34 16 0.348879
34 46 0.313849
34 26 0.338255
34 42 0.321281
34 38 0.326652
34 50 0.314722
34 36 0.332595
34 40 0.330637
34 34 0.344755
34 49 0.325082
34 48 0.327773
34 24 0.363265
35 0 0.107197
35 14 0.207487
35 8 0.233454
35 1 0.239442
35 13 0.294999
35 9 0.300500
35 30 0.288618
35 44 0.276130
35 20 0.306732
35 10 0.322008
35 19 0.315523
35 28 0.307401
35 21 0.314297
35 4 0.328388
35 12 0.323098
35 32 0.306553
35 6 0.328829
35 18 0.320010
35 11 0.330085
35 31 0.317525
35 5 0.342264
35 7 0.342298
35 24 0.328213
35 29 0.324882
35 42 0.311920
35 15 0.338141
35 33 0.322532
35 17 0.338951
35 46 0.311176
35 2 0.355353
35 22 0.339896
35 34 0.333756
35 38 0.329870
35 50 0.328821
35 35 0.347877
35 3 0.375562
35 26 0.356505
35 47 0.336843
35 49 0.335412
35 37 0.352419
35 41 0.348172
35 36 0.355279
35 25 0.364643
35 40 0.350818
35 48 0.344717
35 23 0.369970
35 27 0.370895
35 16 0.382707
35 39 0.361690
35 45 0.357331
35 43 0.365109
36 0 0.078452
36 1 0.178823
36 2 0.198656
36 3 0.216049
36 29 0.237729
36 15 0.278851
36 30 0.257485
36 17 0.278392
36 7 0.288819
36 14 0.284057
36 11 0.288137
36 18 0.295405
36 12 0.300576
36 26 0.294538
36 9 0.319126
36 47 0.269302
36 28 0.306556
36 41 0.283479
36 23 0.306105
36 5 0.328917
36 33 0.294404
36 37 0.290657
36 19 0.321458
36 21 0.308452
36 45 0.288591
36 13 0.333710
36 39 0.299942
36 25 0.319004
36 10 0.341661
36 4 0.347421
36 20 0.333887
36 8 0.347445
36 31 0.318186
36 50 0.294856
36 16 0.342202
36 49 0.297242
36 24 0.329645
36 43 0.315340
36 32 0.330910
36 42 0.320169
36 44 0.320879
36 46 0.322649
36 34 0.339460
36 6 0.376632
36 27 0.353752
36 48 0.327982
36 38 0.342914
36 35 0.346715
36 40 0.346983
36 36 0.352393
36 22 0.371026
37 0 0.192220
37 2 0.215432
37 1 0.229614
37 8 0.228046
37 13 0.266048
37 12 0.280523
37 31 0.266642
37 10 0.299023
37 30 0.279962
37 44 0.266669
37 28 0.282647
37 14 0.299781
37 25 0.307341
37 6 0.324309
37 32 0.303624
37 7 0.326765
37 22 0.326066
37 17 0.347332
37 42 0.321839
37 11 0.352045
37 50 0.313381
37 21 0.345790
37 5 0.361333
37 19 0.352657
37 9 0.360434
37 27 0.343808
37 24 0.348333
37 26 0.345315
37 46 0.326769
37 29 0.346110
37 37 0.342196
37 33 0.346689
37 4 0.374501
37 16 0.366928
37 38 0.346545
37 43 0.342374
37 3 0.384630
37 45 0.346712
37 48 0.354232
37 23 0.381550
37 34 0.369768
37 40 0.365202
37 36 0.370563
37 18 0.389458
37 15 0.392635
37 47 0.365111
37 35 0.383041
37 41 0.379503
37 39 0.386304
37 49 0.380285
37 20 0.412658
38 0 0.121931
38 1 0.195087
38 2 0.201862
38 3 0.238571
38 10 0.243099
38 28 0.251159
38 12 0.272399
38 30 0.257508
38 16 0.277164
38 31 0.269210
38 8 0.304588
38 14 0.304643
38 18 0.316302
38 32 0.304343
38 20 0.331832
38 6 0.342599
38 44 0.310575
38 5 0.347835
38 11 0.344238
38 40 0.321366
38 15 0.344984
38 22 0.338298
38 13 0.349333
38 24 0.340667
38 21 0.345886
38 7 0.358392
38 29 0.340800
38 17 0.354711
38 48 0.327969
38 19 0.359198
38 9 0.367834
38 47 0.333625
38 38 0.351160
38 33 0.357663
38 41 0.350688
38 4 0.387742
38 26 0.370570
38 46 0.354430
38 43 0.363248
38 34 0.374453
38 39 0.375507
38 36 0.378117
38 27 0.386728
38 49 0.366812
38 50 0.366948
38 42 0.379219
38 35 0.386298
38 23 0.404813
38 37 0.398617
38 45 0.398289
38 25 0.420479
39 0 0.104702
39 1 0.201461
39 13 0.242788
39 20 0.254134
39 11 0.263004
39 12 0.270430
39 33 0.268505
39 19 0.283767
39 5 0.296051
39 21 0.285724
39 4 0.301390
39 39 0.274864
39 29 0.283857
39 2 0.314113
39 14 0.308074
39 28 0.296296
39 18 0.307039
39 37 0.293102
39 17 0.311725
39 31 0.298612
39 3 0.327613
39 10 0.324496
39 22 0.316350
39 30 0.309829
39 24 0.315619
39 48 0.292831
39 23 0.318281
39 6 0.331847
39 9 0.330914
39 8 0.336453
39 15 0.340875
39 32 0.326765
39 7 0.350024
39 42 0.321605
39 46 0.317255
39 44 0.320408
39 25 0.345057
39 40 0.333721
39 49 0.325592
39 45 0.333215
39 41 0.338126
39 36 0.344017
39 26 0.353331
39 38 0.345214
39 50 0.333501
39 16 0.369683
39 35 0.353203
39 43 0.345509
39 27 0.362424
39 34 0.358849
39 47 0.360882
40 0 0.100482
40 1 0.187332
40 9 0.207300
40 17 0.202093
40 3 0.212166
40 2 0.233153
40 8 0.264485
40 13 0.273651
40 12 0.275185
40 5 0.280981
40 19 0.274058
40 14 0.284131
40 16 0.284150
40 33 0.269595
40 10 0.294563
40 18 0.289130
40 32 0.277824
40 11 0.297886
40 21 0.291439
40 23 0.297856
40 28 0.305813
40 6 0.325358
40 31 0.304555
40 4 0.327678
40 44 0.290881
40 30 0.306589
40 40 0.297571
40 25 0.316676
40 22 0.322654
40 24 0.326325
40 34 0.318835
40 43 0.310261
40 7 0.345223
40 29 0.327101
40 15 0.341038
40 38 0.318482
40 20 0.337993
40 26 0.333849
40 45 0.321578
40 47 0.326110
40 41 0.339524
40 36 0.347125
40 42 0.346778
40 35 0.355434
40 46 0.343386
40 37 0.356896
40 49 0.344070
40 27 0.368554
40 39 0.357132
40 48 0.347604
40 50 0.346227
41 12 0.186642
41 0 0.219692
41 11 0.215258
41 3 0.240762
41 1 0.251722
41 2 0.281058
41 29 0.274677
41 28 0.284634
41 10 0.292866
41 32 0.282141
41 14 0.299552
41 8 0.305800
41 31 0.298178
41 13 0.315437
41 33 0.298740
41 44 0.287809
41 6 0.340335
41 19 0.331572
41 5 0.341733
41 40 0.323704
41 4 0.355858
41 18 0.346761
41 17 0.347755
41 30 0.339675
41 9 0.359387
41 46 0.325758
41 16 0.361721
41 25 0.351645
41 26 0.355717
41 38 0.346036
41 41 0.345919
41 15 0.377930
41 43 0.361160
41 50 0.354176
41 39 0.366547
41 34 0.376945
41 36 0.377122
41 37 0.377282
41 21 0.393672
41 48 0.366860
41 23 0.391809
41 45 0.373565
41 24 0.394448
41 49 0.377914
41 35 0.396247
41 20 0.413339
41 22 0.421016
41 7 0.434504
41 47 0.398660
41 42 0.415962
41 27 0.432935
42 0 0.237925
42 1 0.245195
42 8 0.242197
42 2 0.255750
42 14 0.307333
42 32 0.313391
42 13 0.334500
42 11 0.336079
42 44 0.311110
42 33 0.325415
42 41 0.315803
42 23 0.339238
42 17 0.346505
42 21 0.343834
42 31 0.331880
42 39 0.322570
42 34 0.329939
42 19 0.348680
42 37 0.328413
42 28 0.338918
42 10 0.359898
42 43 0.327500
42 27 0.350589
42 15 0.365426
42 46 0.330787
42 35 0.345122
42 22 0.362406
42 29 0.353636
42 3 0.380675
42 25 0.365626
42 38 0.351744
42 4 0.386732
42 6 0.384718
42 20 0.377475
42 47 0.348798
42 5 0.393610
42 42 0.359022
42 30 0.377495
42 12 0.402133
42 9 0.410359
42 26 0.403129
42 45 0.383509
42 48 0.382091
42 16 0.421930
42 50 0.382426
42 40 0.395718
42 7 0.433769
42 49 0.395370
42 24 0.425758
42 18 0.434353
42 36 0.423496
43 1 0.218051
43 13 0.214477
43 8 0.226271
43 10 0.245601
43 2 0.253860
43 12 0.257281
43 0 0.270119
43 9 0.271882
43 5 0.275634
43 3 0.278655
43 6 0.300603
43 4 0.302896
43 14 0.296962
43 28 0.299802
43 11 0.442904
43 16 0.421340
43 32 0.343848
43 33 0.343910
43 30 0.366245
43 15 0.419644
43 19 0.400801
43 18 0.398510
43 22 0.414835
43 26 0.402238
43 7 0.479893
43 31 0.393654
43 29 0.404468
43 20 0.434114
43 17 0.447590
43 38 0.365565
43 21 0.442563
43 23 0.452061
43 44 0.300174
43 24 0.458070
43 25 0.471712
43 42 0.387087
43 40 0.420467
43 34 0.464283
43 48 0.356752
43 39 0.451963
43 50 0.353794
43 47 0.362632
43 36 0.475120
43 41 0.457739
43 49 0.369051
43 37 0.486542
43 43 0.422832
43 45 0.395353
43 27 0.539166
43 46 0.393786
43 35 0.534037
44 0 0.160319
44 9 0.193682
44 13 0.203866
44 10 0.214275
44 1 0.273014
44 12 0.274506
44 29 0.293228
44 30 0.292208
44 11 0.341125
44 15 0.354880
44 31 0.335584
44 33 0.337665
44 2 0.393145
44 32 0.360756
44 5 0.402181
44 8 0.427445
44 17 0.421316
44 37 0.397952
44 43 0.396774
44 3 0.457144
44 35 0.425825
44 36 0.425035
44 14 0.454849
44 45 0.414880
44 44 0.426617
44 27 0.449716
44 21 0.455721
44 28 0.459482
44 39 0.446409
44 7 0.487836
44 41 0.447267
44 19 0.486695
44 23 0.485891
44 20 0.492557
44 47 0.467419
44 50 0.463042
44 38 0.482578
44 24 0.499421
44 34 0.495310
44 4 0.553542
44 18 0.546796
44 6 0.568792
44 26 0.546208
44 40 0.533105
44 22 0.553771
44 46 0.528818
44 16 0.576328
44 25 0.569661
44 49 0.550766
44 48 0.560242
44 42 0.573034
45 1 0.310750
45 11 0.176506
45 0 0.323351
45 9 0.194115
45 8 0.200234
45 10 0.211470
45 13 0.221741
45 2 0.363744
45 5 0.300442
45 3 0.361287
45 4 0.332716
45 14 0.256804
45 12 0.300438
45 6 0.397914
45 7 0.415302
45 28 0.252724
45 29 0.255204
45 20 0.314932
45 16 0.439758
45 18 0.396460
45 30 0.292847
45 32 0.324136
45 15 0.530855
45 22 0.385548
45 23 0.389341
45 19 0.433111
45 21 0.405216
45 27 0.385078
45 17 0.544612
45 31 0.367803
45 44 0.320462
45 26 0.404466
45 24 0.429710
45 33 0.407349
45 25 0.453756
45 34 0.473115
45 40 0.457866
45 43 0.450367
45 48 0.442003
45 36 0.489929
45 38 0.487800
45 39 0.488842
45 49 0.456153
45 47 0.464326
45 41 0.487230
45 42 0.489288
45 46 0.479595
45 37 0.512505
45 35 0.532659
45 45 0.498680
45 50 0.488125
46 0 0.170078
46 1 0.272953
46 30 0.282094
46 12 0.311973
46 28 0.314410
46 9 0.350084
46 14 0.346910
46 33 0.339777
46 19 0.352863
46 11 0.364979
46 29 0.349401
46 10 0.385155
46 32 0.374534
46 2 0.400096
46 7 0.397369
46 44 0.363519
46 38 0.384768
46 8 0.410961
46 41 0.381689
46 26 0.396208
46 31 0.393573
46 21 0.404626
46 17 0.413045
46 40 0.391163
46 13 0.416725
46 22 0.411413
46 4 0.430114
46 42 0.401980
46 49 0.398738
46 15 0.442775
46 3 0.451197
46 25 0.436197
46 20 0.445477
46 46 0.421241
46 6 0.460197
46 18 0.455620
46 5 0.471543
46 47 0.437923
46 35 0.453032
46 16 0.491208
46 37 0.482670
46 36 0.486137
46 45 0.478594
46 39 0.492762
46 50 0.480387
46 48 0.487764
46 43 0.498621
46 24 0.522552
46 27 0.522708
46 23 0.531119
46 34 0.524612
47 9 0.298141
47 11 0.299571
47 13 0.300116
47 33 0.294857
47 12 0.336048
47 31 0.331773
47 30 0.338188
47 14 0.351709
47 8 0.358050
47 27 0.351085
47 15 0.359837
47 0 0.382555
47 26 0.366824
47 29 0.367251
47 7 0.402866
47 2 0.419404
47 32 0.400637
47 41 0.406288
47 44 0.405632
47 3 0.438572
47 24 0.424766
47 28 0.424719
47 37 0.422171
47 10 0.442708
47 17 0.439327
47 22 0.437357
47 38 0.429746
47 18 0.447300
47 21 0.447267
47 5 0.458483
47 23 0.447747
47 16 0.456498
47 6 0.465150
47 39 0.444705
47 1 0.474057
47 25 0.459435
47 49 0.442286
47 35 0.459252
47 4 0.481972
47 43 0.460260
47 45 0.457952
47 48 0.456127
47 19 0.491030
47 34 0.494098
47 40 0.490464
47 20 0.514109
47 36 0.506582
47 46 0.501902
47 47 0.501127
47 42 0.536015
47 50 0.544908
48 7 0.319555
48 12 0.318890
48 28 0.301108
48 14 0.323995
48 10 0.327911
48 8 0.384175
48 2 0.388824
48 44 0.343293
48 3 0.407993
48 11 0.405221
48 17 0.404116
48 30 0.392391
48 4 0.424014
48 29 0.407556
48 9 0.435136
48 5 0.439292
48 1 0.443000
48 18 0.444063
48 16 0.445671
48 33 0.424647
48 0 0.458122
48 13 0.475296
48 6 0.481042
48 24 0.488961
48 32 0.476574
48 36 0.473822
48 31 0.479243
48 20 0.498971
48 38 0.485874
48 47 0.487593
48 19 0.540476
48 22 0.541750
48 40 0.525224
48 42 0.522299
48 34 0.537143
48 35 0.536797
48 43 0.538876
48 23 0.570235
48 46 0.537993
48 48 0.548687
48 15 0.594249
48 26 0.582546
48 27 0.582054
48 50 0.556795
48 45 0.565614
48 37 0.577534
48 25 0.598596
48 39 0.577673
48 21 0.618951
48 49 0.604225
48 41 0.640006
49 9 0.291155
49 11 0.289805
49 12 0.291795
49 14 0.296435
49 13 0.297684
49 29 0.298357
49 31 0.307903
49 10 0.334611
49 15 0.384916
49 1 0.429218
49 7 0.434667
49 30 0.429762
49 19 0.452115
49 25 0.447158
49 17 0.464072
49 34 0.454233
49 43 0.448234
49 23 0.471426
49 0 0.495280
49 2 0.494713
49 18 0.487591
49 8 0.494952
49 3 0.502153
49 4 0.514391
49 28 0.494297
49 49 0.478032
49 32 0.499915
49 33 0.512663
49 44 0.505753
49 6 0.541156
49 5 0.542422
49 38 0.512566
49 50 0.498888
49 27 0.525245
49 47 0.526131
49 45 0.528648
49 37 0.539976
49 16 0.561041
49 42 0.541284
49 21 0.573348
49 39 0.553636
49 35 0.560667
49 46 0.547410
49 22 0.609922
49 40 0.589712
49 41 0.595263
49 36 0.603718
49 20 0.624676
49 24 0.634805
49 26 0.636386
49 48 0.616167
50 30 0.334553
50 33 0.334610
50 28 0.338945
50 13 0.351174
50 14 0.351251
50 32 0.337865
50 9 0.357312
50 12 0.363524
50 8 0.368267
50 31 0.351447
50 5 0.386838
50 1 0.396719
50 29 0.377085
50 7 0.397091
50 11 0.394219
50 3 0.401658
50 0 0.421607
50 44 0.395093
50 36 0.418420
50 19 0.438247
50 24 0.438235
50 6 0.456421
50 22 0.445021
50 21 0.446323
50 4 0.462601
50 35 0.441289
50 10 0.461706
50 15 0.465650
50 41 0.456198
50 16 0.478537
50 27 0.473480
50 26 0.486533
50 20 0.506576
50 49 0.480771
50 17 0.514692
50 45 0.492754
50 37 0.505154
50 23 0.521631
50 2 0.546932
50 43 0.514475
50 38 0.521385
50 34 0.528679
50 25 0.542181
50 18 0.563444
50 39 0.549516
50 40 0.550144
50 46 0.545719
50 47 0.548486
50 50 0.554939
50 42 0.565200
50 48 0.566563
51 11 0.304746
51 9 0.307123
51 13 0.415601
51 31 0.390836
51 10 0.423596
51 5 0.427702
51 7 0.436745
51 33 0.400020
51 29 0.406357
51 6 0.456018
51 37 0.430828
51 28 0.446671
51 15 0.474226
51 1 0.501387
51 3 0.499893
51 35 0.461394
51 44 0.457429
51 27 0.496965
51 17 0.512233
51 23 0.509884
51 2 0.536933
51 8 0.533641
51 30 0.501392
51 14 0.531794
51 21 0.521819
51 19 0.526537
51 12 0.543998
51 16 0.541748
51 39 0.517989
51 41 0.519959
51 25 0.548441
51 32 0.538781
51 46 0.550593
51 22 0.585358
51 4 0.614245
51 38 0.568554
51 43 0.565131
51 49 0.599670
51 40 0.615289
51 50 0.600675
51 36 0.641768
51 18 0.674770
51 47 0.641202
51 26 0.676561
51 0 0.721784
51 42 0.666388
51 24 0.703823
51 45 0.675054
51 20 0.718770
51 34 0.705057
51 48 0.698745
52 4 0.254972
52 0 0.292891
52 2 0.427482
52 16 0.418054
52 1 0.429980
52 44 0.356484
52 15 0.521739
52 14 0.524727
52 17 0.523449
52 24 0.495152
52 20 0.523708
52 19 0.524874
52 40 0.468034
52 32 0.477521
52 22 0.511675
52 26 0.487613
52 8 0.536037
52 12 0.533339
52 30 0.483051
52 28 0.486065
52 46 0.469048
52 7 0.541667
52 10 0.547371
52 41 0.496557
52 18 0.563687
52 13 0.567837
52 3 0.588292
52 45 0.515542
52 38 0.526981
52 6 0.592472
52 31 0.547058
52 33 0.549525
52 37 0.545113
52 36 0.553274
52 42 0.553720
52 29 0.569193
52 34 0.570398
52 11 0.640370
52 9 0.661797
52 5 0.667205
52 25 0.624941
52 35 0.616702
52 49 0.628314
52 27 0.655914
52 50 0.632378
52 23 0.697175
52 39 0.664946
52 43 0.665492
52 47 0.664982
52 21 0.722093
52 48 0.681129
53 13 0.308282
53 28 0.309282
53 11 0.323729
53 10 0.325715
53 12 0.333284
53 33 0.342886
53 9 0.362933
53 44 0.375193
53 1 0.428405
53 4 0.447611
53 8 0.450781
53 14 0.448690
53 30 0.452172
53 24 0.462427
53 42 0.449414
53 31 0.460377
53 5 0.479801
53 29 0.463496
53 40 0.454775
53 45 0.449749
53 7 0.481841
53 19 0.477430
53 25 0.476035
53 32 0.470675
53 27 0.479436
53 2 0.518598
53 39 0.494772
53 50 0.500147
53 18 0.535640
53 41 0.529482
53 34 0.539274
53 26 0.554686
53 3 0.576127
53 36 0.553944
53 17 0.572884
53 43 0.565548
53 21 0.587943
53 23 0.589715
53 49 0.566585
53 6 0.607085
53 35 0.586556
53 0 0.616737
53 15 0.607023
53 20 0.612457
53 37 0.601093
53 46 0.592493
53 38 0.608043
53 22 0.629884
53 47 0.612436
53 48 0.620454
53 16 0.660801
54 12 0.301998
54 10 0.353280
54 2 0.367892
54 8 0.380217
54 3 0.395591
54 1 0.404842
54 11 0.423184
54 6 0.430380
54 0 0.449929
54 14 0.442253
54 4 0.490454
54 5 0.505426
54 13 0.490450
54 9 0.516031
54 30 0.409245
54 7 0.649562
54 20 0.539587
54 15 0.637272
54 32 0.527553
54 28 0.545997
54 18 0.581982
54 22 0.582708
54 23 0.592178
54 44 0.398785
54 26 0.631239
54 17 0.653835
54 16 0.706236
54 25 0.638692
54 19 0.651137
54 33 0.605953
54 27 0.635060
54 31 0.623130
54 24 0.659046
54 29 0.646185
54 21 0.686377
54 34 0.626008
54 46 0.490789
54 48 0.487629
54 38 0.561876
54 43 0.514473
54 37 0.580290
54 40 0.556059
54 42 0.549130
54 47 0.542765
54 36 0.627041
54 39 0.610244
54 41 0.590303
54 35 0.681609
54 49 0.566335
54 45 0.592099
54 50 0.572673
55 11 0.277548
55 9 0.282038
55 13 0.298614
55 12 0.302200
55 1 0.442432
55 14 0.443999
55 2 0.459210
55 10 0.478845
55 15 0.484036
55 6 0.571694
55 3 0.575627
55 5 0.590607
55 16 0.601863
55 29 0.526135
55 20 0.575753
55 17 0.628082
55 19 0.615239
55 24 0.571091
55 30 0.555408
55 33 0.550584
55 22 0.581791
55 23 0.577718
55 0 0.726085
55 4 0.752387
55 31 0.593990
55 21 0.627777
55 28 0.608182
55 8 0.769417
55 7 0.786406
55 25 0.647577
55 44 0.461777
55 18 0.713638
55 32 0.637257
55 27 0.653573
55 35 0.579812
55 26 0.723144
55 38 0.578059
55 47 0.539743
55 36 0.602835
55 34 0.667475
55 43 0.589555
55 50 0.486093
55 37 0.645915
55 41 0.630866
55 42 0.635804
55 45 0.625964
55 40 0.655722
55 46 0.634719
55 39 0.673791
55 48 0.620445
55 49 0.555744
56 10 0.231201
56 9 0.271222
56 8 0.307646
56 3 0.340117
56 12 0.325032
56 5 0.348689
56 11 0.347008
56 0 0.379739
56 6 0.383198
56 1 0.388429
56 13 0.366206
56 4 0.390513
56 14 0.376217
56 20 0.351161
56 2 0.487558
56 28 0.412674
56 15 0.554184
56 7 0.591536
56 30 0.443921
56 27 0.452042
56 26 0.453924
56 16 0.555261
56 17 0.550495
56 25 0.457605
56 29 0.451966
56 19 0.515112
56 24 0.476669
56 32 0.452320
56 22 0.499861
56 21 0.519995
56 44 0.315894
56 18 0.552020
56 31 0.504829
56 33 0.527357
56 23 0.584180
56 34 0.551224
56 42 0.484122
56 41 0.506683
56 43 0.488618
56 46 0.460192
56 40 0.548205
56 38 0.594895
56 49 0.459732
56 35 0.637426
56 36 0.639087
56 37 0.637926
56 50 0.484623
56 45 0.535986
56 47 0.515728
56 39 0.631802
56 48 0.541578
57 9 0.430629
57 13 0.428353
57 30 0.407369
57 11 0.430349
57 14 0.428890
57 3 0.450980
57 5 0.489052
57 1 0.574503
57 29 0.546660
57 15 0.566707
57 33 0.543836
57 25 0.553238
57 28 0.549711
57 22 0.563955
57 19 0.566527
57 2 0.577776
57 0 0.581717
57 43 0.541195
57 18 0.584647
57 31 0.566314
57 12 0.595056
57 21 0.609996
57 17 0.617593
57 44 0.578598
57 32 0.599215
57 27 0.625723
57 23 0.636859
57 41 0.614454
57 10 0.658013
57 42 0.622127
57 8 0.677316
57 36 0.655861
57 39 0.673123
57 48 0.658538
57 7 0.733528
57 34 0.708232
57 47 0.690067
57 4 0.747713
57 45 0.700301
57 38 0.716698
57 35 0.728734
57 50 0.709916
57 16 0.773297
57 20 0.788119
57 26 0.775371
57 49 0.745619
57 37 0.781103
57 46 0.782494
57 40 0.796485
57 24 0.824082
57 6 0.874323
58 9 0.250093
58 12 0.272332
58 13 0.282857
58 8 0.292277
58 14 0.305573
58 11 0.319827
58 10 0.321387
58 5 0.484270
58 44 0.464815
58 28 0.482953
58 32 0.507808
58 2 0.614706
58 31 0.530673
58 0 0.638621
58 29 0.542565
58 6 0.654340
58 43 0.573400
58 34 0.609918
58 33 0.636223
58 16 0.729185
58 30 0.672478
58 19 0.728670
58 38 0.677005
58 18 0.774922
58 39 0.724825
58 3 0.878276
58 7 0.881910
58 42 0.774354
58 4 0.893586
58 47 0.794274
58 40 0.810362
58 36 0.823191
58 46 0.841962
58 22 0.880692
58 35 0.879042
58 41 0.875614
58 1 0.997351
58 17 0.967275
58 48 0.881482
58 20 0.975360
58 26 0.937215
58 45 0.920218
58 23 0.950127
58 15 1.053904
58 50 0.945304
58 37 0.958585
58 21 1.020398
58 25 1.002094
58 24 1.008119
58 49 0.992113
58 27 1.036657
59 9 0.240812
59 10 0.332205
59 3 0.366102
59 4 0.384058
59 8 0.375256
59 11 0.360864
59 5 0.391964
59 13 0.373000
59 1 0.416151
59 2 0.453815
59 14 0.392266
59 12 0.428234
59 6 0.507631
59 0 0.516956
59 16 0.473688
59 17 0.485502
59 22 0.482574
59 30 0.199832
59 28 0.277762
59 15 0.561700
59 7 0.634623
59 18 0.547778
59 23 0.560077
59 29 0.272101
59 25 0.515034
59 32 0.331511
59 33 0.338068
59 31 0.346279
59 20 0.642967
59 21 0.669266
59 19 0.696706
59 44 0.340196
59 24 0.703730
59 26 0.588954
59 27 0.585912
59 34 0.448712
59 36 0.452181
59 43 0.405408
59 35 0.491838
59 37 0.494094
59 49 0.404199
59 42 0.484907
59 40 0.499588
59 41 0.511879
59 38 0.523567
59 46 0.489988
59 50 0.478437
59 47 0.493527
59 48 0.497335
59 45 0.508944
59 39 0.557966
60 8 0.215763
60 9 0.227773
60 10 0.313504
60 12 0.371406
60 11 0.402441
60 5 0.525656
60 14 0.498559
60 3 0.530457
60 1 0.533432
60 0 0.539306
60 13 0.510481
60 2 0.548468
60 6 0.558998
60 30 0.484163
60 4 0.620711
60 15 0.588125
60 44 0.524714
60 32 0.580576
60 29 0.589837
60 20 0.605743
60 28 0.603042
60 31 0.601916
60 7 0.701303
60 36 0.617282
60 22 0.638410
60 39 0.659807
60 48 0.603748
60 16 0.733832
60 23 0.713983
60 33 0.712989
60 26 0.725287
60 18 0.743510
60 24 0.747739
60 40 0.762154
60 37 0.773894
60 45 0.749112
60 35 0.804095
60 34 0.808837
60 42 0.806323
60 27 0.828137
60 17 0.885326
60 50 0.786900
60 25 0.886011
60 46 0.812155
60 21 0.894312
60 43 0.861999
60 19 0.907576
60 38 0.911692
60 49 0.833642
60 47 0.864183
60 41 0.931306
61 10 0.272418
61 9 0.290927
61 28 0.299050
61 44 0.294656
61 29 0.323251
61 11 0.373058
61 32 0.353419
61 14 0.376090
61 8 0.412123
61 31 0.386897
61 3 0.556354
61 13 0.552757
61 33 0.528483
61 18 0.548277
61 19 0.545934
61 36 0.528779
61 1 0.572086
61 7 0.579728
61 45 0.536415
61 12 0.582050
61 43 0.551798
61 38 0.573086
61 23 0.624999
61 30 0.622129
61 39 0.634780
61 16 0.670823
61 25 0.661600
61 37 0.652254
61 41 0.650811
61 15 0.691273
61 42 0.658911
61 5 0.707561
61 24 0.690267
61 35 0.683499
61 0 0.726406
61 21 0.728282
61 49 0.702792
61 26 0.743964
61 47 0.723375
61 27 0.752372
61 4 0.778057
61 17 0.771559
61 22 0.762419
61 34 0.756640
61 40 0.754234
61 50 0.746925
61 48 0.759581
61 2 0.818097
61 6 0.819993
61 20 0.807691
61 46 0.783061
62 5 0.290636
62 8 0.298953
62 10 0.298146
62 11 0.324957
62 3 0.343212
62 1 0.345216
62 12 0.349330
62 4 0.405988
62 14 0.431952
62 2 0.455072
62 0 0.466040
62 6 0.489144
62 9 0.498047
62 13 0.510645
62 29 0.442908
62 7 0.563563
62 30 0.447135
62 32 0.446884
62 44 0.478565
62 28 0.518887
62 36 0.515060
62 31 0.531789
62 18 0.659939
62 33 0.588561
62 17 0.710459
62 48 0.594461
62 40 0.607884
62 34 0.618509
62 24 0.652501
62 38 0.619502
62 16 0.743223
62 26 0.659852
62 19 0.757813
62 20 0.770711
62 43 0.692341
62 15 0.820290
62 47 0.711428
62 45 0.716980
62 22 0.809816
62 50 0.734123
62 46 0.748383
62 42 0.754826
62 21 0.867517
62 35 0.803098
62 49 0.788467
62 41 0.817233
62 37 0.825811
62 27 0.852349
62 39 0.842596
62 23 0.911971
62 25 0.881606
63 9 0.394817
63 11 0.395947
63 14 0.407564
63 31 0.408370
63 3 0.442175
63 1 0.478706
63 33 0.453098
63 7 0.496810
63 12 0.493813
63 13 0.499964
63 15 0.500193
63 29 0.485020
63 5 0.570845
63 10 0.584468
63 25 0.572750
63 21 0.588616
63 23 0.600908
63 43 0.586040
63 22 0.613867
63 17 0.623492
63 37 0.625355
63 34 0.631197
63 44 0.617970
63 35 0.637071
63 28 0.646442
63 8 0.666540
63 27 0.658278
63 32 0.657297
63 38 0.671150
63 20 0.713366
63 30 0.712493
63 50 0.705028
63 39 0.725946
63 16 0.756379
63 19 0.755233
63 42 0.731120
63 47 0.727313
63 18 0.765020
63 41 0.737791
63 6 0.778336
63 48 0.735970
63 0 0.790723
63 45 0.751436
63 4 0.811543
63 24 0.799640
63 49 0.782925
63 26 0.813309
63 2 0.847946
63 40 0.827703
63 46 0.828999
63 36 0.862087
64 10 0.248858
64 9 0.266217
64 11 0.294910
64 5 0.405790
64 8 0.412815
64 13 0.358184
64 3 0.442228
64 0 0.467962
64 4 0.467384
64 12 0.444857
64 14 0.376151
64 1 0.521334
64 6 0.527155
64 7 0.583247
64 28 0.257555
64 32 0.259414
64 29 0.284834
64 2 0.711474
64 33 0.301779
64 30 0.377399
64 19 0.521229
64 17 0.571732
64 22 0.486055
64 31 0.411833
64 15 0.610289
64 16 0.605729
64 21 0.525723
64 26 0.473929
64 27 0.467783
64 23 0.536286
64 18 0.597394
64 20 0.579503
64 44 0.406661
64 24 0.575709
64 25 0.613609
64 35 0.555065
64 36 0.564591
64 40 0.528122
64 45 0.492837
64 43 0.547766
64 34 0.633400
64 38 0.597051
64 47 0.503820
64 41 0.608167
64 39 0.618731
64 49 0.538086
64 42 0.656408
64 46 0.599719
64 48 0.572001
64 50 0.544973
64 37 0.689553
65 10 0.288804
65 9 0.358490
65 8 0.359576
65 3 0.364015
65 22 0.345634
65 0 0.371020
65 20 0.443221
65 16 0.464761
65 4 0.523715
65 6 0.523603
65 11 0.533203
65 7 0.540238
65 18 0.543293
65 23 0.539799
65 2 0.560922
65 30 0.523756
65 12 0.555595
65 15 0.552863
65 38 0.530025
65 27 0.562238
65 47 0.520350
65 35 0.556382
65 26 0.574989
65 42 0.532751
65 50 0.532950
65 32 0.584090
65 28 0.597561
65 13 0.624895
65 5 0.633903
65 43 0.574768
65 31 0.612318
65 14 0.646679
65 44 0.582311
65 21 0.641725
65 37 0.623795
65 25 0.667974
65 29 0.662298
65 48 0.614697
65 33 0.662842
65 1 0.711641
65 34 0.666103
65 46 0.633467
65 36 0.677211
65 45 0.676177
65 49 0.672237
65 24 0.744840
65 39 0.739247
65 41 0.724038
65 17 0.798605
65 40 0.759844
65 19 0.816329
66 1 0.262099
66 0 0.298743
66 10 0.302178
66 11 0.308872
66 4 0.350093
66 9 0.382693
66 13 0.356354
66 8 0.395362
66 3 0.416778
66 14 0.331105
66 7 0.415375
66 12 0.394179
66 6 0.434536
66 2 0.489189
66 5 0.528172
66 19 0.434859
66 20 0.428413
66 15 0.475246
66 28 0.253268
66 16 0.500774
66 18 0.496261
66 21 0.494184
66 30 0.261202
66 31 0.283637
66 29 0.310795
66 17 0.595182
66 33 0.265949
66 32 0.310540
66 24 0.499202
66 25 0.509917
66 44 0.301263
66 23 0.590875
66 27 0.508529
66 22 0.685802
66 35 0.444102
66 26 0.587384
66 43 0.432347
66 45 0.430973
66 36 0.500691
66 39 0.491030
66 41 0.496993
66 46 0.443479
66 42 0.494964
66 48 0.439204
66 40 0.510894
66 37 0.530095
66 49 0.432277
66 34 0.533864
66 50 0.452044
66 38 0.567781
66 47 0.516911
67 12 0.323652
67 13 0.334999
67 10 0.435999
67 28 0.409745
67 0 0.466342
67 3 0.485450
67 31 0.458519
67 5 0.503719
67 14 0.498479
67 4 0.539383
67 8 0.559012
67 32 0.523059
67 2 0.567645
67 7 0.564729
67 6 0.604581
67 17 0.596720
67 11 0.635395
67 29 0.630044
67 30 0.670156
67 33 0.489708
67 27 0.701729
67 26 0.704755
67 9 0.737640
67 18 0.752063
67 44 0.247132
67 15 0.806381
67 1 0.818734
67 19 0.816156
67 22 0.812834
67 21 0.825530
67 16 0.846672
67 24 0.836346
67 25 0.848981
67 20 0.878498
67 23 0.904958
67 38 0.476967
67 36 0.481346
67 40 0.403577
67 49 0.388063
67 41 0.416286
67 34 0.657632
67 35 0.564651
67 45 0.478595
67 39 0.557322
67 47 0.475257
67 43 0.519971
67 46 0.511087
67 48 0.509103
67 37 0.620666
67 42 0.540750
67 50 0.526261
68 11 0.268630
68 6 0.321679
68 10 0.314221
68 8 0.361020
68 14 0.352692
68 12 0.356066
68 0 0.413258
68 13 0.364311
68 9 0.390451
68 2 0.413064
68 4 0.445530
68 1 0.524587
68 3 0.527595
68 20 0.466991
68 22 0.451339
68 19 0.509397
68 24 0.491049
68 25 0.484569
68 15 0.549103
68 5 0.595963
68 7 0.627268
68 26 0.511395
68 21 0.564939
68 23 0.567253
68 31 0.325548
68 16 0.679090
68 32 0.379245
68 27 0.492396
68 30 0.403995
68 28 0.445222
68 44 0.332757
68 34 0.393350
68 18 0.717220
68 35 0.424717
68 29 0.486403
68 33 0.449746
68 17 0.758856
68 42 0.413932
68 50 0.384640
68 36 0.477464
68 37 0.497025
68 46 0.460427
68 38 0.527943
68 47 0.512070
68 40 0.533206
68 45 0.519872
68 43 0.550063
68 48 0.535968
68 49 0.532392
68 39 0.575305
68 41 0.579252
69 4 0.317910
69 9 0.312801
69 10 0.318231
69 1 0.431571
69 8 0.445640
69 14 0.407525
69 13 0.414569
69 3 0.459699
69 11 0.440222
69 5 0.480016
69 0 0.504964
69 17 0.481188
69 7 0.541886
69 6 0.545279
69 12 0.529152
69 30 0.416951
69 2 0.588588
69 15 0.583576
69 32 0.420723
69 18 0.602104
69 28 0.523240
69 20 0.601329
69 29 0.526992
69 33 0.358399
69 31 0.518520
69 22 0.688580
69 26 0.679433
69 24 0.702533
69 16 0.766318
69 44 0.361827
69 23 0.751745
69 25 0.756073
69 19 0.810460
69 27 0.763047
69 40 0.414686
69 21 0.820387
69 35 0.587395
69 48 0.398103
69 39 0.464448
69 38 0.480880
69 45 0.458037
69 41 0.465351
69 49 0.438491
69 36 0.637499
69 47 0.456651
69 34 0.683275
69 43 0.547818
69 42 0.548535
69 46 0.507634
69 37 0.583759
69 50 0.514436
70 8 0.311927
70 10 0.311882
70 9 0.401153
70 14 0.400260
70 12 0.443886
70 4 0.469998
70 2 0.499015
70 11 0.511100
70 13 0.503362
70 7 0.541229
70 3 0.554266
70 28 0.443566
70 1 0.574900
70 33 0.353118
70 30 0.513009
70 6 0.639904
70 5 0.647841
70 29 0.529958
70 0 0.659526
70 15 0.635125
70 16 0.713072
70 32 0.525989
70 31 0.613542
70 19 0.737727
70 26 0.719366
70 24 0.727498
70 44 0.319793
70 21 0.785222
70 18 0.858206
70 20 0.846787
70 27 0.823595
70 25 0.847257
70 22 0.868441
70 45 0.473540
70 17 0.962255
70 23 0.918743
70 36 0.610859
70 40 0.621651
70 42 0.608409
70 34 0.785372
70 38 0.650883
70 35 0.759453
70 50 0.509025
70 37 0.672290
70 47 0.582289
70 41 0.672977
70 43 0.655163
70 46 0.611048
70 48 0.561635
70 39 0.706308
70 49 0.585176
71 9 0.344724
71 13 0.365438
71 8 0.437205
71 12 0.476142
71 28 0.474703
71 3 0.525811
71 29 0.499489
71 1 0.537504
71 5 0.554652
71 33 0.585441
71 15 0.618368
71 21 0.627313
71 11 0.648065
71 30 0.622167
71 7 0.660362
71 31 0.647492
71 27 0.669347
71 47 0.651325
71 0 0.727775
71 23 0.730932
71 14 0.757690
71 2 0.768454
71 43 0.713276
71 10 0.768541
71 38 0.726390
71 44 0.723534
71 32 0.781941
71 16 0.820701
71 35 0.792407
71 40 0.804834
71 25 0.833915
71 6 0.893726
71 39 0.844675
71 46 0.834672
71 37 0.865641
71 41 0.866922
71 45 0.863876
71 26 0.901862
71 19 0.927139
71 17 0.936511
71 4 0.964605
71 20 0.968712
71 49 0.921323
71 34 0.957045
71 24 0.982726
71 50 0.939235
71 42 0.960744
71 36 0.977684
71 48 0.969199
71 22 1.020490
71 18 1.065495
72 3 0.305755
72 5 0.307503
72 1 0.412976
72 8 0.407478
72 10 0.407892
72 12 0.405072
72 0 0.417463
72 9 0.410158
72 2 0.417017
72 13 0.409188
72 11 0.434403
72 14 0.450292
72 4 0.462144
72 7 0.474759
72 28 0.448134
72 32 0.463698
72 30 0.537004
72 6 0.568587
72 27 0.541470
72 29 0.549905
72 33 0.595894
72 48 0.587855
72 20 0.629982
72 31 0.614669
72 39 0.623568
72 35 0.645645
72 45 0.654927
72 34 0.666992
72 16 0.702279
72 17 0.708519
72 41 0.678031
72 22 0.706013
72 44 0.688935
72 43 0.730577
72 25 0.756012
72 37 0.742412
72 18 0.778947
72 23 0.784298
72 24 0.783751
72 47 0.762976
72 26 0.791610
72 36 0.796698
72 50 0.786911
72 38 0.800340
72 15 0.830384
72 40 0.799413
72 19 0.832732
72 21 0.833502
72 46 0.813867
72 42 0.831519
72 49 0.907149
73 8 0.363739
73 11 0.372879
73 10 0.408419
73 12 0.428187
73 13 0.426432
73 0 0.527295
73 5 0.558808
73 9 0.538188
73 1 0.586355
73 2 0.593455
73 14 0.540322
73 3 0.627041
73 7 0.642024
73 6 0.648107
73 16 0.601149
73 30 0.324273
73 4 0.788465
73 28 0.441190
73 29 0.416887
73 31 0.412516
73 33 0.425928
73 32 0.442366
73 17 0.750403
73 18 0.678994
73 44 0.397684
73 15 0.867493
73 21 0.646630
73 24 0.670587
73 25 0.684946
73 26 0.692306
73 36 0.597191
73 27 0.670777
73 42 0.519345
73 22 0.735468
73 19 0.781079
73 23 0.745737
73 37 0.629632
73 50 0.519350
73 45 0.570959
73 39 0.638408
73 20 0.837727
73 35 0.715518
73 48 0.595142
73 34 0.745307
73 43 0.660421
73 49 0.613366
73 41 0.704926
73 40 0.731622
73 46 0.676675
73 38 0.787204
73 47 0.726692
74 9 0.301239
74 33 0.325738
74 11 0.365406
74 13 0.444992
74 15 0.497952
74 12 0.536869
74 28 0.514702
74 42 0.496653
74 30 0.541199
74 1 0.591545
74 44 0.556961
74 38 0.577778
74 27 0.616226
74 19 0.651031
74 31 0.634790
74 39 0.631537
74 37 0.642712
74 22 0.670642
74 21 0.718548
74 7 0.741373
74 10 0.763695
74 32 0.736168
74 25 0.755897
74 43 0.731817
74 47 0.733827
74 18 0.786061
74 8 0.803649
74 29 0.774780
74 2 0.819952
74 14 0.854705
74 16 0.853385
74 17 0.864382
74 3 0.905760
74 46 0.845030
74 0 0.915287
74 50 0.851232
74 35 0.877073
74 26 0.897037
74 40 0.890524
74 23 0.917541
74 45 0.889186
74 5 0.959430
74 4 0.985091
74 20 0.968798
74 34 0.944857
74 6 0.998938
74 48 0.943146
74 24 1.013285
74 36 1.005113
74 41 1.012689
74 49 1.004264
75 12 0.330885
75 8 0.357821
75 9 0.375366
75 13 0.373564
75 10 0.398198
75 11 0.426400
75 14 0.504870
75 5 0.535385
75 1 0.540440
75 0 0.580148
75 3 0.590308
75 2 0.673702
75 28 0.570269
75 29 0.632994
75 4 0.867374
75 6 0.899280
75 7 0.898903
75 32 0.689525
75 17 0.887967
75 18 0.899187
75 16 0.926511
75 15 0.942212
75 44 0.589592
75 19 0.937020
75 30 0.797272
75 31 0.788178
75 33 0.755758
75 21 0.940210
75 23 0.919426
75 24 0.914355
75 26 0.967578
75 22 1.039757
75 25 1.020700
75 41 0.782931
75 36 0.832840
75 20 1.157340
75 47 0.802195
75 49 0.801271
75 27 1.124209
75 34 0.940559
75 40 0.889319
75 37 0.899425
75 45 0.875245
75 39 0.899925
75 50 0.841215
75 46 0.879786
75 35 0.969440
75 48 0.898520
75 43 0.955158
75 42 0.961160
75 38 0.999719
76 11 0.350002
76 13 0.423415
76 9 0.447913
76 10 0.447565
76 29 0.422035
76 14 0.458202
76 12 0.507618
76 8 0.519017
76 3 0.553389
76 32 0.559655
76 30 0.562580
76 28 0.567029
76 31 0.563438
76 5 0.624186
76 33 0.589329
76 0 0.659079
76 1 0.755093
76 44 0.807236
76 2 0.860332
76 41 0.833459
76 23 0.855362
76 21 0.881506
76 34 0.966147
76 39 0.961386
76 48 0.950553
76 17 0.994511
76 7 1.003686
76 37 0.965198
76 25 0.980792
76 47 0.960403
76 40 0.971349
76 19 1.004788
76 43 0.994765
76 35 1.004518
76 15 1.052064
76 45 1.015472
76 22 1.053009
76 38 1.065734
76 27 1.084882
76 46 1.061685
76 24 1.094088
76 6 1.129301
76 49 1.096284
76 16 1.147234
76 50 1.106463
76 18 1.154463
76 4 1.170613
76 26 1.180309
76 42 1.165367
76 20 1.224115
76 36 1.228105
77 9 0.290749
77 10 0.313892
77 8 0.362677
77 14 0.392104
77 12 0.403545
77 11 0.458506
77 13 0.459631
77 3 0.675358
77 1 0.700873
77 5 0.712014
77 2 0.804350
77 0 0.841088
77 31 0.339388
77 29 0.389264
77 30 0.389473
77 7 0.788452
77 4 0.923640
77 6 0.805470
77 32 0.436651
77 28 0.511556
77 33 0.515038
77 19 0.753600
77 16 0.861890
77 24 0.706694
77 17 0.833414
77 44 0.449107
77 15 0.998920
77 36 0.632554
77 23 0.873372
77 35 0.667893
77 22 0.891567
77 21 0.946441
77 37 0.702605
77 26 0.835070
77 25 0.846113
77 46 0.543038
77 27 0.844871
77 38 0.755072
77 42 0.646870
77 18 1.018122
77 34 0.804218
77 50 0.543646
77 45 0.655020
77 47 0.610611
77 20 1.072196
77 41 0.749249
77 40 0.756609
77 43 0.778576
77 48 0.712388
77 49 0.709078
77 39 0.886064
78 3 0.388498
78 9 0.409534
78 1 0.455684
78 22 0.442693
78 0 0.528627
78 20 0.543921
78 12 0.597828
78 29 0.603420
78 10 0.621165
78 48 0.594812
78 31 0.638774
78 32 0.655695
78 11 0.675278
78 2 0.691755
78 13 0.699753
78 30 0.684459
78 17 0.698008
78 43 0.707044
78 25 0.728372
78 44 0.725430
78 4 0.776336
78 7 0.782377
78 27 0.807494
78 28 0.826891
78 18 0.847534
78 33 0.847196
78 19 0.886323
78 37 0.867458
78 14 0.909698
78 24 0.917296
78 8 0.935336
78 39 0.912644
78 5 0.951122
78 26 0.943264
78 21 0.955206
78 34 0.968295
78 42 0.983152
78 6 1.031458
78 45 1.000270
78 36 1.011136
78 49 1.002431
78 15 1.045845
78 46 1.014128
78 50 1.009815
78 47 1.041837
78 23 1.077109
78 38 1.080156
78 16 1.118350
78 35 1.118606
78 40 1.122891
78 41 1.146697
79 8 0.365323
79 10 0.392175
79 14 0.509466
79 12 0.510994
79 11 0.511934
79 13 0.511074
79 9 0.617849
79 31 0.605931
79 2 0.717540
79 5 0.748942
79 32 0.709071
79 3 0.780724
79 0 0.830523
79 28 0.784791
79 40 0.768768
79 42 0.768941
79 36 0.779313
79 30 0.789136
79 16 0.826644
79 1 0.841415
79 29 0.795825
79 38 0.817974
79 44 0.817211
79 4 0.895927
79 47 0.833730
79 33 0.866164
79 27 0.923176
79 22 0.946170
79 18 0.963345
79 24 0.954221
79 19 0.983500
79 23 0.990955
79 48 0.952588
79 37 0.980136
79 45 1.017322
79 34 1.040186
79 20 1.072457
79 6 1.107663
79 7 1.110129
79 17 1.107922
79 26 1.087880
79 50 1.062867
79 35 1.086701
79 41 1.088757
79 21 1.127208
79 46 1.088848
79 15 1.191061
79 43 1.141384
79 49 1.134354
79 39 1.166749
79 25 1.219082
80 28 0.443379
80 12 0.470494
80 33 0.461879
80 13 0.615968
80 8 0.643908
80 9 0.654837
80 31 0.692412
80 29 0.728003
80 1 0.793894
80 43 0.752764
80 11 0.787626
80 5 0.796479
80 17 0.814824
80 25 0.807953
80 35 0.805156
80 26 0.836352
80 18 0.854987
80 21 0.857066
80 7 0.875875
80 14 0.893817
80 44 0.885824
80 10 0.923708
80 4 0.928317
80 48 0.902208
80 30 0.925870
80 32 0.923963
80 37 0.957772
80 42 1.003382
80 3 1.076266
80 22 1.068639
80 46 1.039961
80 6 1.098121
80 15 1.106265
80 2 1.125253
80 39 1.187892
80 0 1.226177
80 24 1.206287
80 19 1.212288
80 20 1.241974
80 47 1.230408
80 16 1.274893
80 23 1.277747
80 38 1.285748
80 50 1.279794
80 27 1.317810
80 45 1.303370
80 36 1.315237
80 41 1.329020
80 40 1.348179
80 34 1.363631
80 49 1.403131
81 8 0.390735
81 44 0.383387
81 29 0.401862
81 12 0.445283
81 28 0.428861
81 3 0.469103
81 31 0.450676
81 11 0.527603
81 32 0.528742
81 30 0.542248
81 5 0.571917
81 9 0.578401
81 0 0.586164
81 10 0.608018
81 14 0.625764
81 1 0.635525
81 13 0.662836
81 4 0.761251
81 33 0.740804
81 2 0.780593
81 47 0.783931
81 17 0.827446
81 6 0.847176
81 26 0.843997
81 38 0.874530
81 46 0.893096
81 36 0.910993
81 35 0.912059
81 7 0.944796
81 40 0.928973
81 20 0.952066
81 21 0.952906
81 18 0.963929
81 42 0.938714
81 19 0.967682
81 50 0.942175
81 16 0.985835
81 22 0.983072
81 34 0.983132
81 37 0.988031
81 24 1.026474
81 15 1.040042
81 23 1.034798
81 41 1.030632
81 45 1.032967
81 27 1.052047
81 25 1.067339
81 43 1.051736
81 49 1.072703
81 48 1.105417
81 39 1.208542
82 8 0.320835
82 10 0.325288
82 9 0.359127
82 0 0.507268
82 12 0.457206
82 11 0.466183
82 13 0.464460
82 3 0.557404
82 1 0.560554
82 14 0.502426
82 6 0.682267
82 4 0.744280
82 5 0.735953
82 29 0.631445
82 31 0.611159
82 2 0.790486
82 7 0.772512
82 33 0.595550
82 30 0.734295
82 28 0.774857
82 24 0.823234
82 44 0.399154
82 22 0.865338
82 32 0.792899
82 27 0.898087
82 16 0.963581
82 23 0.937775
82 19 0.994675
82 15 1.022304
82 20 0.998631
82 21 1.030016
82 34 0.851541
82 18 1.064752
82 38 0.810034
82 36 0.849061
82 47 0.709181
82 45 0.727606
82 40 0.861674
82 43 0.779680
82 17 1.233633
82 25 1.202176
82 26 1.202025
82 35 1.060971
82 46 0.851018
82 41 0.966299
82 48 0.838324
82 42 0.894563
82 49 0.847664
82 39 1.066636
82 37 1.088254
82 50 0.879721
83 8 0.285679
83 10 0.334525
83 9 0.336813
83 12 0.354688
83 11 0.378832
83 13 0.390402
83 5 0.481351
83 3 0.496803
83 7 0.491730
83 0 0.531025
83 14 0.497614
83 1 0.553836
83 2 0.589050
83 4 0.603191
83 18 0.662597
83 28 0.649673
83 30 0.657317
83 29 0.705343
83 33 0.688651
83 19 0.746164
83 16 0.779939
83 31 0.763617
83 15 0.824938
83 32 0.761011
83 6 0.873728
83 21 0.901660
83 44 0.617674
83 17 0.959265
83 26 0.937652
83 24 0.952308
83 22 0.968167
83 25 0.978556
83 36 0.917472
83 23 0.988008
83 27 0.980673
83 20 1.003210
83 41 0.780638
83 40 0.809057
83 48 0.732154
83 45 0.787265
83 43 0.796602
83 49 0.759236
83 42 0.819714
83 39 0.938125
83 34 1.067430
83 50 0.803046
83 46 0.864773
83 35 1.130527
83 38 1.089997
83 37 1.164304
83 47 0.913688
84 9 0.511124
84 8 0.561189
84 32 0.585087
84 44 0.623758
84 38 0.654078
84 0 0.765777
84 41 0.716651
84 14 0.757231
84 23 0.768887
84 2 0.794694
84 5 0.792313
84 6 0.797818
84 28 0.785277
84 25 0.807059
84 10 0.825636
84 3 0.836474
84 30 0.803310
84 29 0.809258
84 20 0.843769
84 11 0.857033
84 13 0.878822
84 12 0.881706
84 15 0.883596
84 35 0.864138
84 42 0.853579
84 33 0.881850
84 50 0.865688
84 31 0.895076
84 43 0.884476
84 40 0.930642
84 46 0.955454
84 27 0.995506
84 39 0.992065
84 1 1.041582
84 47 1.004587
84 36 1.038451
84 34 1.044667
84 22 1.075318
84 7 1.118113
84 16 1.108548
84 49 1.070387
84 4 1.127038
84 26 1.115277
84 48 1.087013
84 18 1.123925
84 24 1.124918
84 45 1.111855
84 19 1.149918
84 37 1.129993
84 17 1.170306
84 21 1.193059
85 10 0.385310
85 44 0.392751
85 9 0.438972
85 13 0.444360
85 14 0.456414
85 8 0.688285
85 6 0.697802
85 11 0.694377
85 12 0.694636
85 22 0.689657
85 29 0.692916
85 30 0.706526
85 24 0.714706
85 34 0.750447
85 32 0.752881
85 33 0.793502
85 20 0.810018
85 28 0.800002
85 31 0.835461
85 42 0.860371
85 3 0.902315
85 1 0.921353
85 50 0.892049
85 27 0.939479
85 36 0.941650
85 15 0.971790
85 0 0.991950
85 37 0.964742
85 18 1.019962
85 23 1.031893
85 40 1.034508
85 4 1.085177
85 26 1.070504
85 45 1.088744
85 5 1.137975
85 2 1.144924
85 25 1.146489
85 16 1.176658
85 49 1.156357
85 46 1.165084
85 7 1.206470
85 48 1.171553
85 38 1.182265
85 35 1.197933
85 47 1.192822
85 43 1.207932
85 39 1.254711
85 41 1.284025
85 17 1.316197
85 19 1.322146
85 21 1.397377
86 9 0.382108
86 12 0.459928
86 8 0.491942
86 0 0.750376
86 1 0.779218
86 11 0.772672
86 2 0.818502
86 13 0.794036
86 7 0.816445
86 44 0.776616
86 3 0.855592
86 33 0.812466
86 5 0.848089
86 36 0.875604
86 28 0.898891
86 10 0.917410
86 30 0.898971
86 6 0.936837
86 32 0.913482
86 4 0.973781
86 24 0.982518
86 31 0.994854
86 29 1.039245
86 14 1.068607
86 43 1.045576
86 49 1.064546
86 37 1.118349
86 46 1.118939
86 45 1.145427
86 22 1.194167
86 41 1.195064
86 27 1.211074
86 15 1.228126
86 50 1.194793
86 20 1.230970
86 19 1.246647
86 21 1.266308
86 48 1.261488
86 47 1.281768
86 34 1.323913
86 26 1.350697
86 40 1.339595
86 35 1.351452
86 16 1.372278
86 39 1.353822
86 23 1.378118
86 17 1.383870
86 38 1.361608
86 25 1.392503
86 42 1.397600
86 18 1.427899
87 8 0.438969
87 14 0.440795
87 9 0.477678
87 10 0.575480
87 28 0.549525
87 12 0.651180
87 11 0.682235
87 30 0.655506
87 1 0.728323
87 6 0.725871
87 26 0.705707
87 32 0.692751
87 44 0.673476
87 22 0.745493
87 0 0.774835
87 7 0.824338
87 5 0.857788
87 4 0.870364
87 29 0.840527
87 24 0.872672
87 13 0.898985
87 31 0.879037
87 40 0.865439
87 21 0.908520
87 38 0.954814
87 33 0.967023
87 2 1.027118
87 34 0.990829
87 39 1.011704
87 27 1.040365
87 19 1.061863
87 36 1.079036
87 46 1.062594
87 3 1.143732
87 47 1.091840
87 37 1.121923
87 45 1.117628
87 15 1.182203
87 23 1.176425
87 48 1.173502
87 42 1.184937
87 25 1.220376
87 50 1.175144
87 35 1.220863
87 49 1.207550
87 16 1.272182
87 18 1.275780
87 17 1.283900
87 43 1.247772
87 20 1.328212
87 41 1.307638
88 8 0.410381
88 13 0.439432
88 12 0.489528
88 9 0.517784
88 29 0.513455
88 32 0.601667
88 2 0.639490
88 1 0.644389
88 28 0.626481
88 31 0.690481
88 10 0.725806
88 3 0.746705
88 44 0.705342
88 11 0.755957
88 4 0.780121
88 33 0.779229
88 14 0.829274
88 7 0.838686
88 30 0.824595
88 5 0.979442
88 19 0.991290
88 0 1.025002
88 40 1.034869
88 6 1.078719
88 15 1.070979
88 17 1.069679
88 18 1.077783
88 38 1.078706
88 37 1.101934
88 16 1.145801
88 22 1.149896
88 21 1.167503
88 50 1.143863
88 49 1.147712
88 42 1.164172
88 43 1.171655
88 34 1.242367
88 25 1.257004
88 23 1.265957
88 35 1.255393
88 27 1.301855
88 26 1.306668
88 46 1.297368
88 47 1.311686
88 36 1.339533
88 45 1.334162
88 24 1.371499
88 41 1.355304
88 39 1.357840
88 20 1.381479
88 48 1.404484
89 9 0.355130
89 10 0.448767
89 11 0.449386
89 8 0.451920
89 12 0.535168
89 3 0.597530
89 14 0.548852
89 13 0.610336
89 1 0.688882
89 5 0.726644
89 0 0.798703
89 30 0.785281
89 2 0.916074
89 4 0.963276
89 33 0.886503
89 31 0.923130
89 29 0.927625
89 7 0.995562
89 28 0.972994
89 32 1.006085
89 18 1.123259
89 6 1.145122
89 20 1.150147
89 44 1.083623
89 16 1.180303
89 15 1.187975
89 19 1.246900
89 21 1.258359
89 35 1.260676
89 45 1.288046
89 22 1.347448
89 23 1.392505
89 43 1.350415
89 34 1.374762
89 37 1.390396
89 25 1.423660
89 47 1.374783
89 17 1.483961
89 27 1.453218
89 49 1.401245
89 40 1.457805
89 41 1.457078
89 39 1.472293
89 50 1.433386
89 38 1.492097
89 36 1.519636
89 42 1.502763
89 46 1.507572
89 26 1.569856
89 24 1.580755
89 48 1.618234
90 12 0.405255
90 13 0.485345
90 8 0.513315
90 14 0.574704
90 28 0.603738
90 10 0.638429
90 31 0.705194
90 1 0.760292
90 43 0.751934
90 19 0.790669
90 44 0.777971
90 11 0.815409
90 24 0.850071
90 30 0.857284
90 2 0.898796
90 4 0.895909
90 6 0.915539
90 45 0.868098
90 33 0.901140
90 46 0.889882
90 9 0.954186
90 32 0.927679
90 5 0.972699
90 29 0.950455
90 38 0.959104
90 16 1.003843
90 3 1.026151
90 20 0.999720
90 0 1.071427
90 47 1.013441
90 7 1.075852
90 40 1.081178
90 36 1.097279
90 18 1.122123
90 26 1.133208
90 15 1.157091
90 37 1.137549
90 41 1.149485
90 48 1.145400
90 21 1.215692
90 17 1.225292
90 34 1.215541
90 25 1.256557
90 27 1.264860
90 42 1.254892
90 50 1.256255
90 22 1.307739
90 35 1.302101
90 23 1.325833
90 49 1.303778
90 39 1.321360
91 10 0.456243
91 13 0.479370
91 30 0.547360
91 9 0.601390
91 11 0.616971
91 28 0.604764
91 29 0.604655
91 8 0.653682
91 1 0.683072
91 33 0.640552
91 12 0.692472
91 14 0.690350
91 3 0.710662
91 7 0.726154
91 44 0.705318
91 0 0.767396
91 31 0.770298
91 32 0.803487
91 4 0.896028
91 35 0.918707
91 43 0.907316
91 2 0.972928
91 5 0.969596
91 47 0.925066
91 15 0.983453
91 37 0.954046
91 46 0.941780
91 50 0.949954
91 38 0.968095
91 23 0.989250
91 42 0.962285
91 22 0.995024
91 17 1.034119
91 27 1.026807
91 20 1.053017
91 34 1.057103
91 19 1.096045
91 16 1.112458
91 45 1.082205
91 49 1.082065
91 41 1.094398
91 6 1.144045
91 18 1.142396
91 21 1.146368
91 24 1.151197
91 40 1.156040
91 36 1.178246
91 39 1.208574
91 25 1.239064
91 48 1.254073
91 26 1.307743
92 9 0.388126
92 13 0.682470
92 8 0.686436
92 12 0.684428
92 29 0.734246
92 2 0.800665
92 33 0.770940
92 30 0.825299
92 11 0.851588
92 4 0.871549
92 1 0.874454
92 32 0.857975
92 0 0.938969
92 3 0.951298
92 6 0.958606
92 7 1.033287
92 28 1.036008
92 44 1.021200
92 14 1.071708
92 21 1.064621
92 19 1.098005
92 10 1.117167
92 25 1.106135
92 31 1.185148
92 17 1.207878
92 36 1.195457
92 40 1.207984
92 26 1.240233
92 5 1.283389
92 22 1.343254
92 42 1.320873
92 18 1.363288
92 37 1.360315
92 39 1.380225
92 38 1.388677
92 23 1.406456
92 20 1.418975
92 35 1.416329
92 50 1.422311
92 15 1.491253
92 47 1.463568
92 41 1.481255
92 24 1.508515
92 49 1.488539
92 16 1.536979
92 27 1.538202
92 45 1.533978
92 34 1.573062
92 43 1.570479
92 46 1.585582
92 48 1.645116
93 11 0.473437
93 44 0.479520
93 21 0.521132
93 33 0.568329
93 32 0.631571
93 10 0.663973
93 9 0.716504
93 30 0.697408
93 14 0.741677
93 31 0.735593
93 29 0.807336
93 12 0.859646
93 19 0.854629
93 8 1.023831
93 4 1.048896
93 3 1.069429
93 28 1.058417
93 13 1.077002
93 7 1.109872
93 15 1.104501
93 2 1.127451
93 41 1.095751
93 1 1.202933
93 5 1.288926
93 0 1.317421
93 50 1.275838
93 39 1.289981
93 17 1.323553
93 20 1.330360
93 25 1.357842
93 43 1.424908
93 35 1.445303
93 22 1.485994
93 24 1.525348
93 37 1.524490
93 36 1.535564
93 49 1.520835
93 40 1.540511
93 42 1.548778
93 46 1.561316
93 26 1.593984
93 48 1.579691
93 45 1.584544
93 34 1.632454
93 47 1.625830
93 18 1.660028
93 16 1.687387
93 38 1.673576
93 27 1.703457
93 6 1.744429
93 23 1.759432
94 10 0.461811
94 14 0.496918
94 44 0.478552
94 12 0.712545
94 0 0.812193
94 11 0.830640
94 1 0.837829
94 3 0.849657
94 2 0.915708
94 5 0.914933
94 9 0.980505
94 29 0.978415
94 13 1.023489
94 4 1.092210
94 18 1.083490
94 30 1.071373
94 31 1.071598
94 8 1.116155
94 28 1.134298
94 45 1.116716
94 33 1.131558
94 48 1.121335
94 32 1.149942
94 34 1.183072
94 17 1.201680
94 36 1.208556
94 38 1.216204
94 37 1.227275
94 7 1.255176
94 47 1.226258
94 19 1.257542
94 15 1.287002
94 20 1.299205
94 40 1.293482
94 49 1.322294
94 6 1.381105
94 21 1.378931
94 27 1.393477
94 35 1.410229
94 43 1.403095
94 24 1.463873
94 16 1.487215
94 25 1.494079
94 23 1.506275
94 26 1.502582
94 22 1.516686
94 46 1.510935
94 41 1.545840
94 39 1.647531
94 50 1.658507
94 42 1.704813
95 3 0.734617
95 11 0.788029
95 33 0.814588
95 29 0.830336
95 1 0.865023
95 8 0.862480
95 31 0.841339
95 5 0.875190
95 28 0.982386
95 45 0.961078
95 9 1.003261
95 37 0.972537
95 13 1.001880
95 44 0.966037
95 15 1.048054
95 14 1.057272
95 10 1.087489
95 4 1.104197
95 32 1.108765
95 39 1.100895
95 12 1.132767
95 19 1.126221
95 27 1.117952
95 22 1.127467
95 0 1.211539
95 25 1.190224
95 7 1.226447
95 43 1.189084
95 30 1.210661
95 40 1.239575
95 36 1.253054
95 50 1.260799
95 35 1.329339
95 20 1.356337
95 47 1.327553
95 46 1.368148
95 17 1.412467
95 21 1.408148
95 16 1.415449
95 41 1.409789
95 34 1.425070
95 23 1.459331
95 49 1.432399
95 42 1.446694
95 48 1.443626
95 18 1.481698
95 38 1.475612
95 24 1.493864
95 2 1.513857
95 6 1.547603
95 26 1.540362
96 8 0.399674
96 10 0.494990
96 12 0.481387
96 9 0.498126
96 14 0.471856
96 13 0.504363
96 0 0.629018
96 7 0.705985
96 2 0.770848
96 6 0.773910
96 5 0.831719
96 1 0.847910
96 30 0.778867
96 3 0.863294
96 4 0.914057
96 31 0.836838
96 32 0.863392
96 11 0.916375
96 15 0.898002
96 38 0.927763
96 44 0.933079
96 28 0.964017
96 29 0.962586
96 36 0.973436
96 42 0.991280
96 50 0.990444
96 33 1.060521
96 20 1.121197
96 47 1.085190
96 18 1.147588
96 45 1.115492
96 24 1.152809
96 35 1.145479
96 23 1.182152
96 39 1.170224
96 19 1.206536
96 17 1.254975
96 16 1.264727
96 40 1.229135
96 34 1.258237
96 25 1.285430
96 43 1.262815
96 46 1.268616
96 22 1.315639
96 21 1.325256
96 48 1.295174
96 26 1.344398
96 37 1.336206
96 27 1.414446
96 41 1.438367
96 49 1.473090
97 9 0.490928
97 10 0.528994
97 13 0.527483
97 8 0.531549
97 12 0.529713
97 30 0.525063
97 19 0.679026
97 21 0.687571
97 48 0.707380
97 14 0.743835
97 31 0.764014
97 0 0.808419
97 29 0.784673
97 6 0.812174
97 28 0.836772
97 32 0.856100
97 44 0.847237
97 7 0.915842
97 5 0.957008
97 11 0.967644
97 27 0.980070
97 2 1.007863
97 38 0.978739
97 33 0.991218
97 1 1.095674
97 40 1.062017
97 24 1.085881
97 22 1.088906
97 4 1.102891
97 36 1.076386
97 3 1.162002
97 20 1.187863
97 23 1.196553
97 39 1.188113
97 34 1.194283
97 45 1.206157
97 47 1.270492
97 16 1.311584
97 25 1.312667
97 26 1.321717
97 43 1.305014
97 18 1.351234
97 41 1.345036
97 17 1.375465
97 42 1.351641
97 50 1.351420
97 37 1.405143
97 35 1.416775
97 49 1.408953
97 46 1.447521
97 15 1.488830
98 13 0.740250
98 0 0.819882
98 1 0.819827
98 3 0.818935
98 12 0.874902
98 6 0.880356
98 14 0.957779
98 5 0.964727
98 8 1.046777
98 42 1.014837
98 10 1.046433
98 9 1.106971
98 31 1.126186
98 29 1.303257
98 30 1.303112
98 28 1.306665
98 44 1.288677
98 47 1.286031
98 22 1.314015
98 20 1.318019
98 11 1.356487
98 45 1.322328
98 33 1.335625
98 36 1.386288
98 26 1.414590
98 32 1.407769
98 35 1.405163
98 2 1.451204
98 4 1.473436
98 23 1.486397
98 16 1.493570
98 50 1.519607
98 27 1.548387
98 38 1.561293
98 15 1.596815
98 24 1.602178
98 19 1.623857
98 17 1.658119
98 34 1.669960
98 21 1.686075
98 7 1.707967
98 40 1.747663
98 43 1.756127
98 37 1.781629
98 49 1.799731
98 46 1.820568
98 25 1.879725
98 18 1.908573
98 39 1.905632
98 41 1.938622
98 48 1.942306
99 11 0.568597
99 10 0.692305
99 8 0.746672
99 31 0.880113
99 29 0.952777
99 30 0.981436
99 1 1.072443
99 44 1.027599
99 32 1.076200
99 9 1.190134
99 0 1.198575
99 5 1.195710
99 15 1.305833
99 7 1.314493
99 28 1.276882
99 20 1.298154
99 2 1.320479
99 6 1.395428
99 13 1.390254
99 12 1.391360
99 14 1.391283
99 33 1.422733
99 3 1.475323
99 19 1.484155
99 27 1.503644
99 38 1.515332
99 17 1.561690
99 41 1.512412
99 35 1.629980
99 50 1.599360
99 4 1.685956
99 26 1.650373
99 46 1.608335
99 24 1.671076
99 47 1.646080
99 16 1.718472
99 25 1.708096
99 42 1.732622
99 49 1.726915
99 23 1.836400
99 43 1.796821
99 34 1.810768
99 40 1.817689
99 37 1.825497
99 48 1.817149
99 36 1.846735
99 22 1.927670
99 45 1.877387
99 21 1.956133
99 18 1.962863
99 39 2.022542
100 8 0.417622
100 9 0.479379
100 10 0.503097
100 13 0.497537
100 0 0.600371
100 3 0.626562
100 44 0.578230
100 1 0.704401
100 5 0.698014
100 14 0.692011
100 11 0.699003
100 2 0.725415
100 29 0.666573
100 12 0.731464
100 31 0.708026
100 7 0.855274
100 28 0.809269
100 33 0.824475
100 32 0.855783
100 4 0.955564
100 30 0.898487
100 6 0.998820
100 42 0.927485
100 25 1.007291
100 50 0.997540
100 38 1.073113
100 18 1.187165
100 20 1.188306
100 27 1.166138
100 48 1.136221
100 15 1.254633
100 26 1.231153
100 39 1.178588
100 40 1.178876
100 36 1.235264
100 19 1.325537
100 16 1.336288
100 21 1.336212
100 47 1.259574
100 23 1.339069
100 17 1.364646
100 35 1.303323
100 45 1.286106
100 41 1.300832
100 43 1.301278
100 34 1.333843
100 22 1.400080
100 24 1.394881
100 49 1.320245
100 37 1.404845
100 46 1.527826
101 8 0.444494
101 44 0.567883
101 14 0.602757
101 1 0.635360
101 10 0.630557
101 31 0.612095
101 45 0.628801
101 11 0.681199
101 0 0.736522
101 33 0.741754
101 4 0.780999
101 13 0.809079
101 9 0.812150
101 30 0.795685
101 40 0.799711
101 28 0.821737
101 12 0.901231
101 36 0.878768
101 29 0.886652
101 6 0.909194
101 47 0.911409
101 19 0.962319
101 32 0.993218
101 15 1.087414
101 39 1.059800
101 20 1.099866
101 41 1.074454
101 3 1.125243
101 34 1.099342
101 35 1.119692
101 42 1.126212
101 5 1.164815
101 48 1.120825
101 2 1.182136
101 16 1.199108
101 21 1.215412
101 49 1.227892
101 37 1.255954
101 38 1.255515
101 26 1.372728
101 17 1.384811
101 46 1.350596
101 43 1.355154
101 7 1.393962
101 18 1.386971
101 22 1.383232
101 24 1.380082
101 50 1.349752
101 23 1.417163
101 27 1.426073
101 25 1.471606
102 8 0.376742
102 14 0.446689
102 30 0.434550
102 12 0.494076
102 32 0.531622
102 29 0.604339
102 0 0.642061
102 10 0.680657
102 1 0.699767
102 2 0.733390
102 13 0.748663
102 6 0.784716
102 5 0.787833
102 44 0.750427
102 33 0.793080
102 31 0.803163
102 22 0.813069
102 24 0.812087
102 28 0.859173
102 11 0.894666
102 39 0.877044
102 27 0.920507
102 9 0.985462
102 4 0.998977
102 23 0.972369
102 36 0.987050
102 17 1.012811
102 16 1.022267
102 46 1.000000
102 41 1.006024
102 38 1.022375
102 47 1.038294
102 7 1.092389
102 42 1.067355
102 15 1.106136
102 43 1.094512
102 3 1.179477
102 49 1.147888
102 35 1.171078
102 40 1.164840
102 25 1.187891
102 26 1.188883
102 18 1.207026
102 45 1.185117
102 20 1.217936
102 48 1.200260
102 50 1.218654
102 37 1.237476
102 34 1.250725
102 19 1.312598
102 21 1.317409
103 10 0.507827
103 8 0.509704
103 14 0.704442
103 3 0.771127
103 0 0.773669
103 4 0.771299
103 2 0.773879
103 6 0.807758
103 33 0.828058
103 7 0.852709
103 31 0.864651
103 5 0.888441
103 28 0.870246
103 32 0.865631
103 12 0.906301
103 1 0.931406
103 40 0.889961
103 11 0.991922
103 29 0.976641
103 13 1.031603
103 35 1.010100
103 30 1.031920
103 9 1.052163
103 15 1.064378
103 21 1.060816
103 44 1.029740
103 20 1.085855
103 36 1.097161
103 18 1.123808
103 26 1.202300
103 45 1.205997
103 37 1.251381
103 16 1.289065
103 19 1.298433
103 24 1.323105
103 43 1.306419
103 23 1.336214
103 27 1.342415
103 17 1.364448
103 39 1.350554
103 46 1.363362
103 25 1.437237
103 38 1.429604
103 22 1.473891
103 48 1.449111
103 34 1.472310
103 41 1.460321
103 50 1.100984
103 47 1.497988
103 49 1.373277
103 42 1.548280
104 9 0.390609
104 10 0.491272
104 11 0.658723
104 28 0.622284
104 8 0.685865
104 2 0.702954
104 1 0.704346
104 32 0.661841
104 3 0.746158
104 5 0.771430
104 31 0.723036
104 44 0.853724
104 6 0.918301
104 4 0.921505
104 36 0.865800
104 12 0.916020
104 18 0.897929
104 29 0.894304
104 13 0.931207
104 33 0.907816
104 30 0.944801
104 14 1.006664
104 24 0.986683
104 38 1.009639
104 43 1.030136
104 47 1.060076
104 42 1.123797
104 0 1.203341
104 26 1.187099
104 7 1.310535
104 22 1.321978
104 40 1.304926
104 48 1.303567
104 23 1.351650
104 37 1.359689
104 50 1.344982
104 16 1.404272
104 34 1.373298
104 39 1.379339
104 15 1.417705
104 21 1.410332
104 46 1.400796
104 45 1.408281
104 35 1.429105
104 19 1.465021
104 17 1.468659
104 27 1.475067
104 41 1.460573
104 25 1.488273
104 49 1.469337
104 20 1.519671
105 9 0.409855
105 11 0.546632
105 10 0.548249
105 8 0.555085
105 12 0.545371
105 13 0.578742
105 0 0.634008
105 14 0.754639
105 29 0.746408
105 1 0.828923
105 2 0.861325
105 31 0.821955
105 6 0.866823
105 30 0.846421
105 5 0.902842
105 3 0.908655
105 33 0.906825
105 7 0.946236
105 28 0.941200
105 4 1.038903
105 32 1.013286
105 44 0.954529
105 15 1.082234
105 16 1.276188
105 40 1.344239
105 18 1.393038
105 19 1.435389
105 35 1.429641
105 24 1.442628
105 45 1.343480
105 17 1.475459
105 21 1.476635
105 27 1.482526
105 36 1.472567
105 43 1.415765
105 37 1.565973
105 47 1.433650
105 20 1.614239
105 25 1.612996
105 38 1.600990
105 46 1.491446
105 39 1.613582
105 23 1.672168
105 34 1.663737
105 50 1.520969
105 41 1.673092
105 48 1.553524
105 22 1.731273
105 42 1.669778
105 26 1.740786
105 49 1.595512
106 12 0.441297
106 11 0.488963
106 44 0.454847
106 31 0.683433
106 1 0.732705
106 5 0.780268
106 4 0.908351
106 30 0.896874
106 28 0.901345
106 7 0.951497
106 43 0.947710
106 15 0.979837
106 9 0.999349
106 14 1.013061
106 13 1.028527
106 2 1.082387
106 10 1.077753
106 8 1.081975
106 29 1.073756
106 20 1.125117
106 33 1.125079
106 32 1.126405
106 0 1.152991
106 42 1.148461
106 45 1.188415
106 3 1.230293
106 40 1.199347
106 6 1.280338
106 50 1.244797
106 36 1.319341
106 46 1.349823
106 26 1.382390
106 24 1.400361
106 34 1.423346
106 16 1.466145
106 37 1.457644
106 38 1.463736
106 21 1.482782
106 35 1.514072
106 18 1.548243
106 17 1.556528
106 39 1.547919
106 49 1.534146
106 22 1.576066
106 47 1.565363
106 48 1.565836
106 27 1.603780
106 19 1.611834
106 25 1.639089
106 41 1.650970
106 23 1.750400
107 32 0.454430
107 10 0.491920
107 8 0.503427
107 12 0.562190
107 44 0.521535
107 28 0.668833
107 0 0.819836
107 14 0.824444
107 30 0.825255
107 5 0.913380
107 4 0.962882
107 11 0.960737
107 29 0.946171
107 31 0.958749
107 6 1.068417
107 9 1.176280
107 34 1.197896
107 47 1.218716
107 36 1.240508
107 7 1.286761
107 13 1.287094
107 2 1.408285
107 33 1.469147
107 3 1.545652
107 37 1.589289
107 42 1.585840
107 16 1.641890
107 27 1.642644
107 48 1.610869
107 39 1.625684
107 40 1.624704
107 49 1.612584
107 1 1.692064
107 50 1.667248
107 23 1.708403
107 26 1.717947
107 18 1.735038
107 20 1.745625
107 46 1.720475
107 43 1.736623
107 38 1.750785
107 41 1.779152
107 35 1.793455
107 45 1.804902
107 19 1.855153
107 22 1.852467
107 24 1.869200
107 25 1.880414
107 15 1.960137
107 21 1.965138
107 17 2.023671
108 9 0.487983
108 11 0.498005
108 31 0.542405
108 8 0.707196
108 13 0.720105
108 14 0.993806
108 30 0.995189
108 5 1.076697
108 1 1.163128
108 40 1.296787
108 12 1.490443
108 3 1.497803
108 33 1.468436
108 29 1.472297
108 44 1.515193
108 35 1.538624
108 32 1.627760
108 10 1.702501
108 46 1.662877
108 16 1.730564
108 36 1.745180
108 28 1.768934
108 22 1.823071
108 7 1.865140
108 0 1.948499
108 24 1.989963
108 20 2.002052
108 45 1.973723
108 2 2.045945
108 43 2.004310
108 15 2.041001
108 17 2.069262
108 21 2.073395
108 4 2.133819
108 41 2.183878
108 34 2.217898
108 25 2.232331
108 39 2.231922
108 26 2.250964
108 18 2.269036
108 23 2.265813
108 49 2.270140
108 37 2.290499
108 50 2.282469
108 42 2.359097
108 48 2.359076
108 6 2.420412
108 27 2.406950
108 19 2.499953
108 38 2.607312
108 47 2.662700
109 32 0.548387
109 14 0.693191
109 0 0.769026
109 13 0.777426
109 31 0.774729
109 8 0.795139
109 9 0.795880
109 2 0.845889
109 44 0.809477
109 30 0.895366
109 28 0.956965
109 12 0.978561
109 10 0.980492
109 33 1.000992
109 5 1.048307
109 26 1.047347
109 7 1.092644
109 21 1.103634
109 42 1.082894
109 29 1.101381
109 11 1.122375
109 37 1.155293
109 22 1.179250
109 50 1.186988
109 6 1.240668
109 4 1.262432
109 16 1.303543
109 48 1.277495
109 39 1.316379
109 46 1.325603
109 40 1.345644
109 34 1.351694
109 23 1.363654
109 49 1.337376
109 18 1.386705
109 38 1.368506
109 1 1.423818
109 41 1.397242
109 15 1.422494
109 27 1.412523
109 43 1.408821
109 25 1.444308
109 24 1.455598
109 35 1.473151
109 3 1.506364
109 36 1.479349
109 45 1.494196
109 47 1.496158
109 19 1.544314
109 20 1.555381
109 17 1.562231
110 9 0.767984
110 11 0.807361
110 12 0.892316
110 33 0.867987
110 10 1.005580
110 13 1.120130
110 14 1.119928
110 29 1.096508
110 32 1.146541
110 5 1.190030
110 1 1.218369
110 8 1.213017
110 28 1.186061
110 3 1.225183
110 44 1.199497
110 31 1.282476
110 42 1.265113
110 47 1.276512
110 4 1.374848
110 30 1.351544
110 7 1.405027
110 0 1.508990
110 35 1.472788
110 15 1.545207
110 24 1.570131
110 39 1.555613
110 20 1.598771
110 6 1.665004
110 40 1.629562
110 17 1.677914
110 16 1.817533
110 43 1.764028
110 2 1.831478
110 41 1.769044
110 50 1.756726
110 45 1.764303
110 37 1.776635
110 36 1.780930
110 27 1.803063
110 38 1.777038
110 34 1.786509
110 21 1.817457
110 26 1.873227
110 19 1.888754
110 48 1.831349
110 49 1.851451
110 18 1.913132
110 46 1.867090
110 25 1.921864
110 22 1.972296
110 23 2.044850
111 30 0.402754
111 14 0.563842
111 44 0.529123
111 32 0.567732
111 8 0.594440
111 10 0.636593
111 28 0.630035
111 12 0.730699
111 18 0.820981
111 7 0.848343
111 5 0.887108
111 29 0.872855
111 4 0.898115
111 2 0.922491
111 34 0.894034
111 0 0.950076
111 9 0.947581
111 31 0.994663
111 11 1.018774
111 20 1.011238
111 16 1.027757
111 21 1.042811
111 38 1.035454
111 33 1.054140
111 22 1.087885
111 13 1.115299
111 6 1.131536
111 17 1.123354
111 43 1.092292
111 42 1.094076
111 23 1.118295
111 19 1.131477
111 24 1.126304
111 48 1.097890
111 15 1.146580
111 3 1.184309
111 26 1.185585
111 45 1.168572
111 36 1.237401
111 1 1.280104
111 46 1.234194
111 40 1.241945
111 39 1.261155
111 25 1.296134
111 47 1.288253
111 41 1.302042
111 27 1.323701
111 37 1.330117
111 35 1.332692
111 49 1.335957
111 50 1.372850
112 9 0.564072
112 28 0.728264
112 31 0.725753
112 44 0.708891
112 30 0.729098
112 29 0.760512
112 11 0.868183
112 14 0.918179
112 10 0.983777
112 32 0.962103
112 13 1.111316
112 3 1.121875
112 33 1.093269
112 5 1.219807
112 1 1.224791
112 8 1.255433
112 0 1.282210
112 27 1.313609
112 40 1.366585
112 2 1.453141
112 47 1.519667
112 12 1.592812
112 18 1.676145
112 37 1.681266
112 35 1.800255
112 15 1.825053
112 25 1.814866
112 45 1.789517
112 39 1.798948
112 17 1.827137
112 43 1.810678
112 7 1.868106
112 42 1.830798
112 26 1.865990
112 34 1.857403
112 24 1.884066
112 19 1.891931
112 36 1.907611
112 49 1.905738
112 16 1.961412
112 21 1.968333
112 46 1.963482
112 6 2.033230
112 4 2.035142
112 22 2.019840
112 38 2.001164
112 23 2.030903
112 20 2.050155
112 48 2.072491
112 41 2.097323
112 50 2.230115
113 8 0.549985
113 11 0.566458
113 9 0.657740
113 31 0.683698
113 10 0.721088
113 32 0.891603
113 30 0.963754
113 44 0.959932
113 28 1.057134
113 13 1.119689
113 14 1.183922
113 0 1.330465
113 2 1.350372
113 12 1.349641
113 5 1.356234
113 29 1.334650
113 7 1.388238
113 6 1.396539
113 45 1.437198
113 18 1.492125
113 3 1.533700
113 1 1.536547
113 33 1.504782
113 43 1.492131
113 49 1.494685
113 39 1.551118
113 17 1.600605
113 4 1.618634
113 42 1.586227
113 34 1.605907
113 21 1.631562
113 24 1.685315
113 27 1.685715
113 35 1.678379
113 16 1.701780
113 36 1.682300
113 41 1.677992
113 20 1.742391
113 50 1.716782
113 15 1.771562
113 38 1.757924
113 23 1.785434
113 19 1.795256
113 40 1.768155
113 47 1.765907
113 46 1.784665
113 26 1.837642
113 25 1.854061
113 48 1.833791
113 22 1.881185
113 37 1.977695
114 31 0.549919
114 8 0.601776
114 10 0.674084
114 0 0.759682
114 12 0.752099
114 29 0.797271
114 9 0.844034
114 14 0.869135
114 44 0.830824
114 32 0.847671
114 1 0.950225
114 30 1.016647
114 28 1.049845
114 2 1.111848
114 11 1.173919
114 33 1.192256
114 4 1.272646
114 13 1.260569
114 43 1.231399
114 16 1.282318
114 6 1.298312
114 36 1.300108
114 24 1.398715
114 40 1.390751
114 7 1.487364
114 3 1.518924
114 5 1.532141
114 26 1.563939
114 34 1.659666
114 15 1.692181
114 48 1.673242
114 42 1.727861
114 45 1.755922
114 18 1.788836
114 37 1.780676
114 49 1.773976
114 22 1.806509
114 25 1.831025
114 39 1.869992
114 35 1.914151
114 23 1.971063
114 38 1.985264
114 19 2.009892
114 46 1.986953
114 41 1.994967
114 50 2.010992
114 27 2.047744
114 21 2.111383
114 17 2.127584
114 20 2.127160
114 47 2.193704
115 14 0.488898
115 10 0.605102
115 12 0.604853
115 9 0.607448
115 30 0.603123
115 8 0.666560
115 31 0.646783
115 28 0.699753
115 44 0.681892
115 13 0.762733
115 11 0.771115
115 6 0.824289
115 33 0.911469
115 29 0.915737
115 39 1.021858
115 24 1.037358
115 2 1.081775
115 4 1.080927
115 32 1.083863
115 26 1.099745
115 42 1.100805
115 40 1.134339
115 35 1.148708
115 5 1.187365
115 45 1.149113
115 48 1.148987
115 18 1.204722
115 3 1.225970
115 41 1.198949
115 25 1.230710
115 16 1.252715
115 23 1.255284
115 43 1.252187
115 0 1.300568
115 36 1.278088
115 22 1.300130
115 19 1.321679
115 17 1.335326
115 1 1.370331
115 49 1.325095
115 21 1.367746
115 20 1.368800
115 50 1.341752
115 47 1.356082
115 27 1.386145
115 7 1.419143
115 34 1.405115
115 38 1.402077
115 37 1.444108
115 15 1.472976
115 46 1.461229
116 9 0.515584
116 8 0.562886
116 11 0.616610
116 10 0.769626
116 30 0.764762
116 13 0.783818
116 29 0.796140
116 5 0.850108
116 4 0.851621
116 2 0.908723
116 1 0.910149
116 3 0.965520
116 31 0.983791
116 44 0.970462
116 12 1.047134
116 14 1.078066
116 7 1.083655
116 16 1.135686
116 33 1.116869
116 22 1.177432
116 25 1.178194
116 43 1.159961
116 0 1.246717
116 27 1.226290
116 32 1.249992
116 28 1.257692
116 39 1.317847
116 41 1.379837
116 45 1.391885
116 38 1.511937
116 24 1.530622
116 23 1.531995
116 47 1.519951
116 6 1.563185
116 42 1.565957
116 35 1.574182
116 48 1.561289
116 26 1.598961
116 34 1.589095
116 46 1.620379
116 37 1.641204
116 36 1.642328
116 17 1.665291
116 18 1.665844
116 15 1.690783
116 20 1.686795
116 19 1.689319
116 40 1.677101
116 49 1.690577
116 21 1.733630
116 50 1.733319
117 11 0.556811
117 30 0.644464
117 10 0.701616
117 8 0.907054
117 31 0.954021
117 29 0.960510
117 0 0.986868
117 44 1.027119
117 12 1.122393
117 5 1.128003
117 28 1.124558
117 13 1.168982
117 42 1.174340
117 2 1.217920
117 32 1.189039
117 6 1.228534
117 3 1.258072
117 9 1.254340
117 36 1.275735
117 1 1.315112
117 49 1.289891
117 14 1.335402
117 25 1.469611
117 46 1.442541
117 4 1.489269
117 27 1.469522
117 33 1.502040
117 7 1.580543
117 40 1.571077
117 16 1.605158
117 43 1.647284
117 47 1.658833
117 37 1.672094
117 34 1.697487
117 21 1.755018
117 20 1.772958
117 45 1.842961
117 19 1.878642
117 24 1.873826
117 35 1.859235
117 38 1.854676
117 15 1.884867
117 23 1.895593
117 50 1.859185
117 26 1.893990
117 22 1.935646
117 39 1.932698
117 18 1.962369
117 48 1.923533
117 41 1.932587
117 17 2.009105
118 9 0.480783
118 8 0.659633
118 11 0.657573
118 12 0.660921
118 13 0.721130
118 14 0.897712
118 10 1.003837
118 0 1.015977
118 28 0.996838
118 4 1.050468
118 1 1.055581
118 5 1.111848
118 3 1.192358
118 29 1.161344
118 31 1.158488
118 32 1.206758
118 7 1.299766
118 2 1.334565
118 17 1.362905
118 30 1.354971
118 44 1.298860
118 16 1.460612
118 6 1.492238
118 33 1.465731
118 15 1.548461
118 20 1.574513
118 18 1.611383
118 25 1.605877
118 22 1.647135
118 19 1.703575
118 38 1.734289
118 40 1.775552
118 34 1.821979
118 37 1.824495
118 21 1.898578
118 48 1.574955
118 26 1.907548
118 23 1.959581
118 46 1.743240
118 50 1.525687
118 43 1.886403
118 24 1.973602
118 42 1.913991
118 41 2.016980
118 45 1.928006
118 35 2.042165
118 39 2.025674
118 36 2.041040
118 49 1.739627
118 47 1.869458
118 27 2.102934
119 31 0.600468
119 8 0.678363
119 32 0.670323
119 44 0.877052
119 12 0.981098
119 11 1.023994
119 30 1.028990
119 3 1.068173
119 10 1.108147
119 48 1.090577
119 29 1.145157
119 46 1.127306
119 13 1.203142
119 14 1.239259
119 33 1.239942
119 9 1.273153
119 1 1.279695
119 4 1.311222
119 40 1.297119
119 37 1.310299
119 25 1.365514
119 0 1.404040
119 28 1.393111
119 43 1.386407
119 22 1.425575
119 2 1.469594
119 27 1.470457
119 42 1.482405
119 34 1.510435
119 36 1.528344
119 24 1.621233
119 19 1.637648
119 26 1.638703
119 49 1.612266
119 20 1.645720
119 18 1.655912
119 50 1.621390
119 15 1.678140
119 41 1.658456
119 6 1.699616
119 35 1.692057
119 5 1.719468
119 7 1.725650
119 39 1.715726
119 16 1.778905
119 23 1.779337
119 45 1.769926
119 17 1.815737
119 21 1.859638
119 38 1.846314
119 47 1.902402
120 8 0.801756
120 11 1.003768
120 12 1.003621
120 14 1.002460
120 10 1.008120
120 0 1.249299
120 9 1.243541
120 1 1.251454
120 6 1.249056
120 4 1.252200
120 5 1.300810
120 44 1.200439
120 2 1.406958
120 33 1.369125
120 28 1.398628
120 18 1.492846
120 13 1.527952
120 31 1.475567
120 15 1.538236
120 32 1.526561
120 19 1.631350
120 16 1.691425
120 29 1.713898
120 3 1.800069
120 30 1.740479
120 27 1.800811
120 17 1.838199
120 22 1.818263
120 23 1.863039
120 24 1.994584
120 20 2.010366
120 47 1.904398
120 43 1.992885
120 41 2.001996
120 45 1.981514
120 42 2.000324
120 26 2.046663
120 37 2.016178
120 36 2.040422
120 46 2.092082
120 21 2.183580
120 25 2.185342
120 48 2.069082
120 40 2.147791
120 50 1.968419
120 34 2.188618
120 38 2.204787
120 7 2.282746
120 39 2.229636
120 35 2.243089
120 49 2.171732
