21 3 0.135424
21 9 0.118964
21 0 0.188138
21 1 0.191102
21 2 0.189781
21 5 0.172264
21 11 0.129392
21 8 0.178295
21 4 0.194565
21 7 0.183079
21 10 0.156583
21 6 0.200779
21 12 0.178857
21 15 0.108664
21 13 0.153474
21 16 0.133310
21 14 0.160811
21 19 0.152718
21 18 0.167496
21 17 0.197770
21 20 0.188671
21 37 0.191691
21 28 0.206749
21 26 0.229830
21 22 0.238249
21 45 0.202295
21 30 0.227982
21 43 0.208291
21 47 0.200027
21 23 0.241403
21 33 0.228731
21 39 0.217264
21 42 0.214887
21 44 0.213555
21 21 0.253341
21 31 0.238888
21 46 0.212380
21 48 0.210094
21 25 0.248189
21 40 0.227682
21 27 0.246568
21 32 0.242696
21 41 0.228408
21 35 0.236724
21 29 0.246412
21 38 0.233037
21 36 0.237005
21 34 0.245842
21 24 0.261168
21 50 0.224005
21 49 0.243200
22 0 0.124519
22 1 0.144840
22 4 0.184335
22 3 0.194372
22 2 0.196808
22 17 0.205018
22 19 0.221786
22 5 0.239871
22 32 0.228912
22 28 0.242034
22 14 0.261521
22 12 0.263492
22 44 0.221929
22 33 0.237563
22 30 0.241769
22 11 0.265427
22 26 0.258880
22 24 0.263362
22 8 0.284733
22 43 0.244977
22 46 0.241688
22 22 0.271774
22 37 0.254346
22 38 0.255395
22 10 0.291113
22 20 0.278138
22 29 0.269938
22 16 0.288824
22 50 0.244589
22 31 0.272453
22 41 0.261168
22 18 0.293708
22 40 0.262972
22 9 0.301513
22 7 0.303407
22 6 0.305766
22 42 0.268302
22 47 0.262349
22 13 0.307943
22 48 0.263254
22 49 0.263312
22 34 0.283600
22 27 0.293210
22 21 0.299595
22 36 0.281606
22 25 0.296527
22 45 0.275836
22 39 0.284379
22 23 0.305328
22 15 0.318964
22 35 0.293115
23 0 0.075621
23 3 0.143525
23 1 0.145771
23 2 0.179592
23 13 0.175282
23 4 0.184579
23 12 0.210485
23 6 0.226990
23 32 0.220309
23 29 0.234623
23 10 0.260877
23 33 0.238947
23 8 0.266667
23 31 0.251692
23 7 0.276457
23 5 0.278992
23 11 0.274159
23 47 0.234847
23 20 0.267790
23 34 0.252920
23 42 0.242834
23 19 0.270923
23 16 0.274220
23 28 0.260337
23 14 0.277258
23 23 0.267234
23 21 0.271410
23 26 0.264008
23 9 0.283328
23 44 0.245777
23 50 0.239678
23 25 0.268181
23 18 0.277791
23 36 0.257751
23 35 0.259309
23 15 0.282544
23 30 0.265921
23 38 0.256111
23 22 0.277137
23 41 0.252843
23 39 0.256153
23 40 0.256109
23 27 0.272397
23 37 0.260560
23 46 0.253758
23 48 0.253443
23 45 0.259303
23 24 0.283530
23 17 0.292773
23 43 0.264456
23 49 0.260054
24 1 0.061076
24 0 0.121909
24 3 0.139179
24 2 0.143955
24 5 0.175089
24 12 0.183762
24 13 0.186346
24 14 0.199053
24 9 0.214602
24 20 0.212447
24 10 0.236694
24 23 0.235013
24 11 0.246247
24 17 0.242324
24 7 0.250798
24 29 0.231365
24 28 0.233661
24 39 0.223848
24 31 0.232020
24 19 0.246177
24 32 0.232387
24 46 0.219151
24 24 0.242298
24 25 0.241397
24 44 0.222237
24 34 0.234478
24 21 0.249334
24 8 0.259540
24 48 0.221427
24 18 0.252900
24 42 0.228983
24 27 0.244059
24 6 0.263396
24 33 0.239168
24 37 0.235612
24 36 0.237104
24 4 0.266787
24 30 0.245163
24 22 0.255651
24 16 0.261342
24 38 0.239345
24 43 0.235553
24 45 0.233971
24 15 0.265548
24 41 0.240846
24 50 0.231467
24 47 0.235861
24 49 0.234046
24 26 0.257891
24 35 0.255791
24 40 0.251632
25 0 0.064007
25 1 0.127805
25 3 0.138768
25 2 0.150284
25 10 0.174681
25 4 0.179772
25 13 0.203682
25 22 0.200415
25 33 0.217945
25 31 0.228043
25 12 0.246720
25 32 0.228301
25 20 0.240906
25 5 0.254465
25 15 0.248061
25 9 0.253793
25 39 0.230339
25 29 0.239377
25 19 0.250789
25 17 0.253279
25 14 0.261653
25 11 0.263969
25 21 0.260617
25 42 0.239236
25 41 0.242707
25 34 0.252056
25 16 0.272503
25 8 0.279759
25 43 0.247051
25 30 0.261074
25 6 0.283183
25 44 0.249678
25 45 0.250527
25 28 0.267723
25 18 0.280053
25 37 0.264153
25 49 0.249836
25 26 0.274031
25 23 0.278551
25 25 0.276761
25 48 0.253779
25 38 0.266813
25 36 0.268785
25 35 0.270877
25 7 0.296155
25 47 0.258255
25 40 0.268021
25 46 0.261402
25 50 0.258658
25 27 0.283938
25 24 0.289176
26 0 0.064513
26 3 0.117444
26 1 0.146407
26 2 0.155297
26 4 0.172071
26 11 0.181419
26 6 0.196846
26 21 0.195210
26 16 0.199546
26 20 0.208212
26 5 0.232967
26 17 0.239028
26 14 0.243735
26 34 0.225846
26 12 0.247460
26 29 0.233789
26 13 0.254018
26 9 0.259938
26 32 0.242226
26 8 0.264170
26 23 0.254653
26 28 0.248562
26 19 0.260028
26 30 0.248113
26 42 0.235764
26 33 0.247157
26 37 0.243691
26 41 0.239130
26 47 0.234125
26 38 0.244522
26 31 0.253530
26 50 0.233057
26 22 0.266219
26 10 0.275313
26 43 0.242363
26 27 0.259877
26 44 0.242090
26 46 0.240429
26 48 0.238814
26 24 0.265653
26 39 0.248767
26 25 0.265139
26 26 0.265157
26 49 0.243087
26 15 0.281660
26 7 0.289945
26 18 0.284743
26 45 0.256408
26 35 0.270405
26 36 0.269868
26 40 0.266990
27 1 0.163066
27 3 0.168554
27 2 0.179543
27 4 0.194084
27 9 0.195215
27 5 0.207595
27 7 0.209318
27 13 0.203043
27 8 0.209648
27 6 0.213159
27 12 0.214232
27 0 0.232398
27 10 0.221286
27 16 0.164416
27 14 0.212561
27 11 0.239931
27 20 0.169508
27 15 0.208720
27 21 0.177305
27 19 0.201466
27 18 0.213410
27 17 0.218339
27 22 0.203971
27 23 0.179796
27 28 0.125801
27 26 0.134416
27 25 0.193399
27 47 0.118972
27 34 0.145726
27 29 0.173041
27 33 0.149873
27 42 0.135521
27 27 0.184463
27 43 0.146889
27 30 0.188809
27 40 0.155550
27 38 0.160477
27 48 0.143439
27 32 0.187419
27 44 0.152205
27 31 0.193843
27 46 0.156975
27 24 0.243457
27 39 0.167713
27 41 0.169187
27 35 0.183994
27 37 0.180572
27 45 0.171007
27 50 0.156794
27 36 0.189727
27 49 0.160564
28 0 0.095643
28 1 0.163247
28 2 0.173091
28 3 0.183923
28 6 0.188516
28 8 0.196437
28 7 0.200458
28 14 0.247082
28 15 0.248379
28 12 0.252481
28 28 0.240255
28 41 0.222039
28 11 0.262825
28 20 0.255279
28 30 0.252850
28 34 0.250330
28 4 0.284449
28 24 0.265518
28 26 0.263312
28 22 0.268349
28 10 0.283458
28 16 0.279924
28 23 0.273144
28 19 0.280578
28 38 0.255408
28 48 0.247193
28 36 0.265655
28 49 0.247341
28 32 0.270535
28 42 0.257764
28 9 0.299952
28 50 0.249257
28 44 0.260485
28 5 0.310350
28 43 0.265324
28 31 0.284184
28 33 0.283280
28 40 0.272257
28 13 0.309474
28 21 0.301903
28 35 0.286355
28 27 0.296218
28 29 0.295065
28 37 0.282844
28 17 0.312578
28 45 0.277130
28 47 0.275684
28 46 0.277122
28 39 0.283881
28 25 0.304499
28 18 0.314164
29 0 0.116312
29 1 0.154663
29 2 0.185892
29 3 0.191085
29 4 0.199936
29 6 0.223344
29 14 0.245127
29 10 0.248444
29 19 0.241765
29 13 0.246879
29 22 0.241000
29 33 0.235252
29 8 0.262064
29 28 0.243373
29 30 0.242981
29 9 0.276665
29 12 0.275062
29 34 0.252279
29 17 0.274686
29 31 0.258741
29 15 0.276913
29 44 0.247534
29 11 0.283421
29 32 0.263875
29 29 0.270205
29 5 0.293701
29 25 0.277461
29 43 0.261582
29 24 0.285837
29 18 0.294223
29 20 0.293813
29 39 0.274064
29 16 0.299112
29 38 0.275574
29 42 0.276019
29 41 0.280136
29 36 0.287414
29 7 0.318318
29 35 0.291088
29 46 0.280294
29 47 0.279715
29 40 0.288962
29 45 0.285160
29 37 0.297088
29 23 0.311708
29 26 0.308870
29 48 0.284857
29 21 0.318268
29 27 0.310598
29 49 0.286743
29 50 0.287229
30 1 0.073628
30 3 0.154941
30 0 0.161621
30 2 0.160031
30 13 0.179124
30 20 0.177702
30 9 0.186248
30 10 0.186304
30 4 0.198396
30 6 0.203496
30 5 0.206278
30 12 0.207713
30 31 0.226416
30 8 0.248849
30 44 0.210215
30 18 0.257674
30 22 0.264265
30 7 0.279638
30 11 0.276709
30 26 0.262142
30 30 0.258682
30 29 0.273577
30 33 0.269903
30 21 0.283690
30 14 0.290862
30 37 0.252955
30 34 0.271844
30 19 0.290377
30 39 0.253659
30 17 0.294097
30 28 0.284526
30 24 0.292782
30 50 0.248658
30 25 0.292554
30 47 0.253057
30 23 0.298571
30 27 0.293638
30 32 0.290377
30 15 0.309630
30 43 0.265324
30 42 0.267181
30 46 0.263124
30 16 0.312742
30 36 0.279358
30 35 0.293573
30 38 0.275571
30 41 0.276475
30 40 0.277844
30 49 0.268819
30 48 0.273283
30 45 0.280927
31 3 0.134357
31 1 0.146692
31 0 0.171319
31 6 0.179103
31 2 0.192868
31 4 0.220104
31 9 0.184639
31 7 0.227020
31 5 0.242299
31 8 0.221911
31 11 0.130730
31 10 0.139705
31 12 0.120627
31 13 0.147549
31 14 0.152956
31 19 0.148654
31 17 0.156177
31 20 0.167314
31 21 0.174556
31 15 0.194597
31 33 0.183608
31 23 0.210683
31 37 0.193642
31 44 0.177283
31 25 0.221191
31 28 0.216347
31 18 0.271218
31 16 0.276394
31 24 0.258810
31 46 0.221305
31 42 0.230489
31 45 0.227469
31 48 0.215468
31 29 0.265543
31 27 0.270820
31 39 0.242010
31 47 0.223220
31 22 0.283799
31 36 0.255581
31 26 0.274816
31 38 0.249683
31 30 0.268466
31 34 0.260975
31 32 0.264728
31 31 0.274569
31 50 0.227304
31 35 0.270325
31 41 0.260341
31 40 0.268789
31 49 0.247987
31 43 0.278491
32 1 0.108005
32 2 0.176069
32 0 0.206563
32 12 0.196805
32 3 0.205567
32 14 0.247180
32 16 0.247720
32 5 0.262750
32 30 0.268091
32 11 0.292629
32 43 0.271009
32 21 0.302008
32 50 0.265550
32 26 0.298711
32 22 0.304410
32 10 0.325941
32 34 0.291365
32 4 0.326094
32 23 0.306281
32 13 0.319002
32 28 0.301926
32 9 0.323986
32 20 0.315727
32 24 0.310549
32 8 0.319591
32 39 0.300286
32 44 0.296017
32 31 0.313546
32 32 0.318047
32 6 0.349323
32 40 0.314268
32 29 0.329739
32 37 0.325521
32 46 0.316755
32 36 0.330920
32 48 0.318805
32 33 0.337542
32 17 0.360710
32 38 0.335450
32 7 0.372638
32 18 0.365536
32 45 0.334201
32 42 0.345464
32 15 0.379510
32 27 0.366005
32 35 0.357747
32 19 0.380256
32 25 0.372055
32 47 0.347496
32 49 0.355264
32 41 0.367132
33 0 0.109492
33 2 0.178340
33 1 0.183127
33 9 0.178215
33 3 0.188096
33 4 0.219806
33 13 0.219335
33 12 0.271084
33 8 0.280005
33 33 0.295848
33 14 0.315688
33 32 0.297062
33 31 0.298415
33 28 0.346808
33 44 0.348945
33 10 0.384103
33 29 0.365069
33 30 0.364514
33 26 0.373519
33 21 0.386492
33 35 0.379398
33 24 0.389498
33 18 0.398287
33 7 0.407428
33 43 0.373477
33 19 0.400345
33 15 0.417810
33 11 0.424798
33 25 0.410813
33 27 0.408992
33 23 0.417957
33 22 0.421466
33 17 0.429254
33 6 0.441677
33 16 0.435572
33 20 0.432676
33 50 0.403287
33 36 0.421330
33 38 0.419232
33 5 0.454285
33 46 0.413436
33 37 0.426675
33 45 0.418508
33 41 0.423895
33 34 0.434342
33 40 0.428322
33 47 0.425953
33 42 0.432860
33 49 0.426463
33 39 0.437608
33 48 0.428942
34 0 0.106980
34 1 0.161489
34 2 0.167786
34 6 0.173521
34 10 0.166491
34 8 0.176656
34 3 0.192792
34 9 0.186773
34 4 0.213662
34 5 0.220727
34 14 0.186076
34 13 0.219552
34 12 0.224973
34 15 0.197535
34 11 0.228955
34 16 0.208704
34 17 0.209153
34 7 0.264739
34 19 0.195195
34 21 0.180500
34 18 0.221718
34 25 0.195046
34 22 0.200134
34 24 0.199682
34 23 0.211962
34 26 0.214397
34 30 0.190771
34 28 0.209006
34 32 0.189004
34 29 0.229657
34 20 0.272625
34 27 0.252448
34 31 0.212431
34 33 0.205244
34 44 0.174585
34 35 0.203974
34 38 0.205376
34 43 0.198226
34 46 0.173027
34 37 0.223935
34 40 0.211189
34 47 0.169480
34 48 0.166190
34 42 0.210481
34 50 0.161958
34 45 0.185135
34 36 0.238241
34 34 0.248219
34 49 0.170285
34 41 0.223398
34 39 0.245645
35 0 0.149858
35 3 0.193009
35 1 0.218921
35 2 0.230451
35 4 0.254216
35 14 0.276670
35 9 0.287862
35 29 0.277474
35 17 0.295636
35 13 0.311990
35 31 0.306030
35 44 0.293388
35 35 0.302640
35 33 0.306824
35 11 0.333441
35 5 0.338221
35 15 0.331399
35 19 0.327815
35 10 0.338409
35 37 0.317015
35 41 0.314386
35 34 0.324658
35 12 0.349400
35 8 0.356387
35 21 0.346572
35 48 0.316251
35 25 0.341150
35 38 0.328213
35 39 0.331038
35 32 0.344681
35 30 0.347842
35 6 0.371661
35 23 0.358344
35 28 0.353370
35 22 0.367088
35 26 0.364246
35 18 0.377962
35 7 0.386803
35 16 0.387847
35 49 0.350658
35 27 0.376934
35 42 0.362063
35 20 0.390833
35 50 0.356611
35 43 0.366632
35 45 0.369727
35 36 0.380245
35 40 0.377420
35 46 0.371628
35 47 0.371669
35 24 0.407287
36 0 0.070224
36 1 0.138145
36 2 0.179578
36 3 0.190206
36 9 0.196822
36 5 0.262827
36 12 0.303069
36 13 0.323368
36 19 0.318760
36 31 0.306066
36 21 0.317604
36 15 0.324199
36 33 0.305654
36 7 0.330460
36 11 0.341927
36 6 0.345689
36 22 0.332464
36 30 0.323207
36 29 0.328957
36 23 0.336915
36 27 0.334877
36 17 0.346782
36 14 0.369506
36 42 0.353653
36 36 0.361745
36 43 0.374180
36 4 0.412666
36 32 0.387201
36 34 0.386685
36 39 0.382233
36 28 0.393406
36 20 0.404645
36 16 0.409590
36 44 0.380341
36 25 0.400999
36 50 0.375306
36 40 0.388235
36 24 0.405204
36 37 0.392355
36 8 0.420668
36 47 0.384567
36 45 0.387610
36 41 0.391820
36 46 0.389216
36 10 0.426114
36 18 0.420470
36 26 0.410782
36 35 0.402962
36 49 0.387704
36 38 0.401203
36 48 0.399054
37 1 0.195716
37 2 0.214866
37 0 0.235174
37 5 0.228230
37 3 0.236134
37 13 0.161522
37 4 0.240060
37 10 0.204249
37 12 0.174627
37 9 0.207431
37 6 0.244393
37 8 0.228583
37 14 0.172206
37 11 0.222873
37 7 0.287185
37 15 0.254778
37 17 0.233058
37 16 0.265737
37 18 0.228128
37 20 0.198267
37 22 0.190592
37 30 0.193733
37 23 0.209792
37 28 0.206928
37 31 0.200563
37 27 0.214950
37 24 0.257710
37 21 0.259898
37 47 0.220134
37 34 0.242302
37 42 0.238223
37 19 0.314303
37 32 0.252942
37 44 0.244408
37 45 0.242256
37 40 0.249086
37 25 0.271329
37 33 0.257865
37 26 0.274887
37 38 0.263928
37 29 0.290052
37 37 0.278275
37 41 0.277765
37 46 0.279186
37 35 0.302520
37 43 0.296092
37 36 0.307178
37 39 0.305587
37 48 0.299654
37 50 0.310759
37 49 0.342901
38 10 0.203198
38 0 0.241385
38 3 0.239819
38 44 0.254235
38 14 0.288179
38 6 0.298980
38 5 0.300266
38 2 0.302518
38 28 0.281525
38 8 0.302056
38 31 0.320647
38 1 0.346692
38 9 0.341504
38 11 0.340781
38 33 0.320747
38 4 0.355242
38 30 0.339118
38 16 0.359130
38 29 0.350768
38 13 0.366169
38 15 0.364578
38 40 0.343743
38 12 0.383314
38 18 0.388066
38 32 0.390589
38 26 0.410579
38 17 0.423610
38 27 0.415118
38 25 0.421665
38 22 0.425072
38 34 0.434419
38 37 0.432236
38 19 0.454061
38 49 0.422401
38 45 0.430413
38 43 0.443789
38 48 0.440412
38 46 0.444508
38 7 0.483204
38 21 0.473826
38 39 0.458225
38 36 0.461200
38 38 0.469485
38 35 0.475018
38 20 0.493372
38 42 0.474375
38 23 0.493797
38 24 0.493958
38 41 0.477633
38 47 0.476934
38 50 0.475911
39 0 0.169958
39 5 0.194379
39 1 0.208288
39 8 0.244186
39 13 0.242528
39 28 0.241427
39 39 0.232397
39 32 0.241407
39 14 0.259799
39 3 0.272012
39 29 0.250695
39 2 0.276585
39 4 0.280525
39 12 0.277807
39 30 0.260820
39 33 0.266844
39 31 0.275600
39 11 0.295894
39 17 0.293795
39 9 0.300517
39 37 0.272894
39 44 0.269765
39 20 0.301608
39 36 0.283646
39 26 0.297099
39 48 0.271069
39 10 0.311838
39 23 0.304951
39 16 0.321725
39 21 0.317658
39 19 0.327435
39 6 0.338155
39 15 0.337251
39 45 0.306292
39 18 0.337148
39 40 0.314108
39 41 0.316340
39 25 0.336640
39 35 0.325394
39 24 0.340301
39 7 0.355667
39 46 0.320228
39 22 0.351628
39 34 0.339727
39 27 0.350634
39 43 0.337959
39 42 0.339779
39 49 0.231185
39 50 0.227811
39 47 0.347631
39 38 0.362182
40 0 0.124545
40 6 0.140646
40 5 0.199291
40 4 0.212370
40 3 0.228281
40 8 0.271164
40 9 0.273161
40 19 0.282174
40 21 0.281080
40 11 0.296321
40 14 0.295843
40 12 0.300465
40 2 0.308198
40 33 0.286054
40 13 0.317725
40 1 0.327267
40 10 0.321585
40 30 0.302972
40 38 0.310745
40 29 0.323760
40 43 0.313968
40 44 0.316512
40 28 0.333854
40 18 0.345762
40 17 0.350609
40 32 0.334640
40 22 0.355785
40 45 0.332767
40 31 0.348672
40 7 0.371638
40 36 0.344266
40 40 0.341835
40 34 0.351373
40 16 0.375057
40 24 0.371882
40 35 0.359732
40 15 0.384347
40 23 0.382836
40 47 0.355630
40 46 0.361343
40 50 0.367684
40 26 0.398751
40 20 0.408146
40 41 0.384440
40 42 0.383444
40 27 0.400659
40 37 0.397434
40 39 0.404283
40 25 0.421994
40 49 0.396127
40 48 0.400616
41 5 0.212822
41 6 0.225807
41 0 0.293067
41 33 0.265060
41 8 0.290572
41 12 0.291990
41 14 0.291536
41 4 0.300475
41 29 0.280458
41 31 0.278430
41 1 0.307215
41 44 0.265223
41 9 0.314315
41 3 0.321695
41 10 0.317040
41 13 0.347213
41 2 0.372385
41 18 0.363968
41 16 0.373935
41 17 0.393930
41 20 0.390456
41 35 0.378405
41 11 0.404062
41 21 0.397137
41 32 0.390115
41 7 0.421127
41 48 0.379816
41 30 0.412693
41 19 0.431598
41 45 0.404602
41 26 0.427333
41 27 0.432492
41 41 0.422232
41 28 0.450665
41 43 0.435669
41 39 0.444242
41 50 0.436480
41 42 0.457766
41 34 0.468390
41 37 0.468757
41 22 0.486086
41 40 0.468270
41 49 0.460132
41 46 0.466521
41 47 0.469531
41 38 0.482124
41 15 0.515824
41 25 0.509391
41 24 0.510633
41 36 0.502752
41 23 0.524966
42 1 0.191245
42 0 0.198027
42 14 0.276741
42 2 0.287398
42 20 0.313291
42 3 0.330205
42 44 0.286405
42 10 0.325332
42 8 0.327796
42 12 0.324484
42 32 0.303316
42 28 0.308624
42 16 0.322670
42 29 0.311547
42 30 0.321498
42 26 0.326621
42 22 0.334273
42 24 0.332702
42 6 0.352331
42 25 0.345025
42 33 0.342558
42 42 0.334548
42 37 0.341726
42 4 0.387223
42 31 0.360283
42 13 0.382932
42 46 0.353616
42 34 0.377267
42 11 0.405706
42 45 0.378257
42 40 0.385330
42 43 0.382616
42 7 0.429061
42 36 0.398796
42 41 0.393583
42 5 0.441127
42 9 0.438382
42 48 0.395021
42 17 0.433207
42 23 0.425698
42 18 0.434592
42 50 0.399494
42 21 0.437776
42 47 0.412450
42 39 0.428171
42 27 0.444708
42 35 0.436152
42 49 0.428002
42 38 0.444157
42 19 0.467519
42 15 0.490223
43 8 0.206201
43 9 0.212461
43 10 0.229124
43 3 0.240537
43 11 0.231393
43 2 0.270165
43 13 0.254070
43 4 0.278964
43 12 0.269964
43 6 0.284742
43 7 0.286573
43 1 0.294466
43 0 0.300367
43 5 0.315469
43 29 0.393025
43 19 0.434675
43 18 0.436384
43 14 0.444083
43 47 0.357542
43 17 0.438923
43 33 0.395095
43 31 0.397419
43 15 0.443870
43 39 0.394691
43 21 0.445434
43 45 0.378345
43 43 0.393239
43 41 0.405087
43 28 0.438287
43 37 0.419765
43 32 0.444521
43 35 0.438436
43 16 0.490002
43 44 0.422836
43 49 0.420859
43 30 0.485114
43 23 0.506248
43 27 0.497149
43 25 0.505804
43 20 0.531205
43 38 0.479749
43 50 0.450164
43 48 0.477865
43 36 0.519963
43 42 0.512947
43 24 0.558951
43 26 0.557922
43 40 0.533314
43 34 0.550390
43 46 0.519715
43 22 0.587922
44 0 0.238649
44 14 0.289631
44 8 0.313693
44 2 0.336232
44 12 0.337560
44 4 0.344386
44 5 0.349885
44 11 0.345691
44 28 0.334690
44 44 0.317411
44 10 0.354933
44 3 0.388832
44 30 0.362718
44 31 0.362142
44 9 0.398831
44 1 0.441740
44 7 0.439388
44 13 0.464052
44 6 0.470407
44 29 0.452997
44 46 0.443743
44 16 0.479616
44 20 0.480751
44 33 0.466783
44 32 0.469648
44 34 0.479453
44 40 0.473639
44 18 0.500686
44 38 0.482130
44 42 0.483699
44 37 0.500091
44 36 0.506345
44 47 0.498671
44 45 0.502192
44 35 0.513797
44 17 0.553957
44 24 0.549711
44 15 0.559867
44 26 0.547424
44 43 0.529922
44 19 0.557680
44 22 0.563808
44 41 0.542111
44 49 0.535034
44 50 0.548639
44 25 0.593271
44 48 0.574916
44 23 0.603810
44 39 0.590710
44 27 0.607148
44 21 0.619286
45 11 0.143297
45 8 0.224839
45 9 0.219971
45 4 0.300622
45 10 0.236919
45 5 0.318956
45 3 0.327045
45 2 0.340530
45 12 0.225013
45 7 0.373088
45 1 0.391408
45 13 0.250888
45 6 0.397800
45 14 0.239338
45 0 0.456577
45 31 0.196346
45 29 0.203620
45 32 0.228385
45 28 0.259673
45 44 0.181503
45 17 0.362134
45 15 0.385802
45 30 0.296944
45 19 0.382946
45 33 0.294007
45 16 0.421912
45 23 0.378936
45 21 0.398305
45 26 0.345838
45 20 0.411970
45 25 0.390333
45 22 0.408921
45 24 0.424343
45 34 0.363201
45 27 0.409485
45 39 0.361618
45 18 0.499965
45 36 0.411353
45 35 0.432746
45 37 0.426113
45 46 0.388970
45 49 0.386495
45 41 0.420378
45 38 0.452251
45 45 0.425490
45 42 0.434883
45 48 0.420983
45 40 0.445698
45 43 0.446633
45 47 0.432197
45 50 0.364461
46 1 0.259282
46 4 0.226294
46 0 0.279440
46 12 0.135081
46 11 0.161812
46 7 0.245281
46 8 0.227500
46 10 0.177882
46 9 0.195546
46 2 0.322995
46 13 0.202675
46 6 0.324273
46 3 0.339605
46 5 0.361597
46 14 0.225861
46 20 0.232993
46 28 0.232785
46 16 0.351929
46 30 0.283947
46 32 0.276737
46 21 0.304837
46 18 0.320822
46 19 0.352487
46 29 0.331881
46 31 0.325511
46 15 0.448241
46 17 0.381081
46 25 0.358600
46 44 0.311486
46 26 0.364387
46 38 0.358991
46 24 0.389255
46 27 0.384333
46 33 0.374016
46 47 0.376504
46 22 0.439981
46 40 0.401812
46 46 0.384478
46 42 0.412622
46 41 0.430721
46 23 0.472358
46 37 0.446731
46 34 0.454380
46 36 0.452612
46 43 0.435753
46 35 0.463134
46 39 0.454460
46 49 0.434882
46 45 0.455366
46 48 0.463378
46 50 0.462136
47 0 0.293808
47 8 0.288557
47 14 0.337574
47 11 0.339844
47 9 0.341909
47 28 0.325855
47 29 0.325340
47 3 0.348000
47 10 0.342688
47 2 0.384991
47 33 0.358601
47 44 0.350569
47 1 0.411786
47 12 0.404321
47 4 0.411124
47 30 0.395077
47 31 0.421864
47 5 0.453060
47 32 0.430374
47 23 0.440342
47 25 0.456933
47 13 0.470292
47 48 0.437587
47 22 0.487429
47 6 0.502213
47 17 0.495113
47 19 0.497225
47 49 0.466175
47 27 0.491276
47 26 0.502240
47 24 0.513852
47 47 0.492181
47 21 0.519632
47 41 0.505660
47 7 0.536728
47 20 0.530657
47 15 0.541184
47 35 0.521884
47 43 0.514552
47 18 0.541056
47 39 0.522544
47 16 0.554810
47 34 0.540128
47 40 0.540151
47 45 0.534810
47 37 0.544920
47 38 0.544542
47 36 0.547506
47 46 0.554172
47 42 0.564635
47 50 0.574971
48 4 0.288551
48 2 0.311639
48 9 0.388594
48 10 0.447612
48 0 0.457258
48 44 0.373037
48 3 0.467440
48 14 0.483734
48 32 0.401672
48 8 0.455628
48 12 0.452234
48 30 0.418976
48 28 0.457056
48 6 0.454169
48 5 0.455583
48 20 0.487757
48 18 0.490474
48 16 0.519041
48 40 0.457928
48 31 0.487964
48 11 0.531943
48 26 0.506798
48 1 0.552547
48 48 0.481904
48 33 0.538445
48 7 0.591964
48 36 0.536238
48 22 0.572630
48 34 0.548001
48 13 0.610057
48 42 0.543133
48 29 0.573496
48 35 0.570307
48 24 0.602879
48 47 0.562868
48 15 0.646108
48 38 0.597829
48 25 0.635726
48 17 0.662887
48 23 0.674374
48 43 0.633962
48 46 0.635020
48 50 0.635372
48 45 0.649505
48 21 0.722988
48 37 0.679517
48 27 0.707847
48 49 0.658248
48 41 0.680455
48 19 0.744652
48 39 0.706305
49 0 0.353724
49 2 0.352410
49 10 0.346158
49 3 0.372138
49 5 0.375751
49 13 0.386256
49 11 0.395614
49 9 0.434691
49 28 0.430626
49 1 0.493047
49 32 0.461756
49 4 0.492678
49 14 0.509368
49 8 0.516776
49 33 0.523560
49 30 0.527445
49 44 0.510098
49 29 0.533767
49 31 0.531422
49 6 0.557728
49 7 0.558037
49 12 0.579580
49 18 0.589684
49 16 0.628331
49 24 0.626301
49 17 0.650480
49 15 0.664813
49 34 0.654437
49 49 0.635668
49 23 0.678076
49 43 0.654122
49 50 0.646489
49 47 0.653881
49 25 0.687440
49 36 0.671680
49 40 0.670514
49 45 0.675095
49 39 0.684336
49 38 0.685816
49 20 0.714535
49 19 0.716064
49 22 0.716864
49 21 0.720803
49 27 0.717878
49 41 0.700691
49 35 0.709585
49 48 0.697035
49 42 0.706727
49 26 0.740766
49 46 0.731083
49 37 0.757713
50 0 0.228163
50 2 0.314094
50 8 0.311959
50 12 0.319117
50 28 0.307147
50 5 0.330741
50 3 0.334465
50 1 0.337223
50 13 0.345412
50 4 0.356991
50 10 0.355323
50 44 0.322199
50 9 0.356833
50 11 0.374860
50 14 0.379233
50 31 0.364622
50 30 0.381118
50 29 0.382987
50 32 0.393181
50 33 0.401345
50 24 0.416029
50 19 0.432082
50 22 0.430861
50 18 0.443673
50 6 0.454761
50 41 0.425661
50 43 0.429984
50 34 0.443670
50 27 0.464360
50 23 0.485010
50 17 0.494548
50 36 0.475490
50 20 0.498844
50 45 0.473454
50 7 0.510864
50 15 0.507207
50 47 0.474602
50 21 0.503176
50 40 0.484961
50 16 0.517897
50 38 0.508675
50 48 0.499321
50 42 0.514470
50 37 0.526389
50 26 0.539956
50 35 0.532334
50 50 0.515686
50 25 0.544433
50 46 0.526623
50 49 0.525041
50 39 0.543269
51 8 0.196657
51 9 0.198789
51 12 0.204654
51 10 0.235229
51 5 0.281350
51 0 0.329088
51 13 0.309686
51 3 0.343608
51 11 0.329047
51 1 0.368951
51 7 0.355455
51 14 0.313734
51 4 0.425458
51 2 0.434558
51 6 0.497542
51 15 0.458222
51 16 0.451845
51 29 0.355173
51 19 0.471036
51 28 0.396879
51 30 0.385399
51 33 0.374732
51 32 0.387746
51 21 0.533712
51 22 0.538107
51 17 0.552627
51 26 0.528042
51 31 0.451395
51 44 0.318134
51 20 0.587774
51 18 0.603527
51 24 0.589957
51 27 0.577784
51 23 0.614953
51 25 0.607223
51 39 0.488419
51 38 0.501655
51 35 0.521630
51 34 0.544617
51 40 0.505060
51 42 0.500480
51 45 0.434819
51 46 0.434707
51 36 0.566343
51 37 0.564458
51 50 0.451505
51 43 0.519328
51 48 0.461198
51 41 0.562308
51 47 0.487558
51 49 0.528861
52 11 0.200997
52 12 0.232642
52 0 0.244289
52 9 0.244900
52 1 0.278689
52 5 0.300873
52 3 0.332491
52 13 0.325914
52 7 0.344915
52 29 0.394095
52 4 0.437736
52 17 0.422701
52 31 0.391552
52 33 0.387661
52 2 0.446336
52 27 0.412308
52 15 0.446196
52 25 0.432773
52 45 0.414679
52 35 0.452391
52 23 0.477952
52 14 0.500973
52 47 0.439663
52 32 0.471834
52 37 0.481879
52 10 0.534114
52 39 0.481456
52 41 0.476902
52 21 0.545503
52 28 0.533515
52 8 0.571299
52 30 0.537078
52 43 0.512128
52 22 0.560230
52 44 0.524378
52 26 0.573770
52 19 0.596078
52 6 0.645753
52 24 0.622466
52 38 0.601834
52 50 0.577995
52 49 0.584283
52 42 0.603853
52 48 0.602621
52 46 0.615183
52 36 0.649664
52 40 0.648442
52 18 0.691438
52 34 0.667523
52 20 0.723858
52 16 0.739976
53 9 0.292875
53 8 0.293863
53 14 0.291492
53 12 0.331997
53 0 0.370669
53 28 0.348380
53 30 0.347805
53 10 0.382355
53 44 0.366774
53 4 0.407538
53 33 0.391883
53 1 0.428225
53 3 0.427798
53 29 0.421819
53 18 0.455916
53 19 0.473676
53 17 0.486556
53 24 0.479895
53 34 0.478434
53 16 0.497614
53 22 0.495534
53 7 0.511915
53 49 0.474085
53 2 0.526607
53 42 0.488268
53 32 0.503750
53 21 0.515938
53 13 0.526902
53 20 0.521218
53 11 0.538004
53 31 0.535182
53 15 0.551837
53 40 0.541643
53 36 0.550154
53 25 0.563432
53 48 0.538760
53 27 0.568759
53 37 0.561290
53 38 0.563335
53 50 0.553833
53 6 0.604472
53 26 0.604146
53 5 0.626902
53 46 0.603914
53 35 0.625204
53 45 0.625229
53 43 0.640150
53 41 0.643914
53 39 0.662547
53 23 0.684724
53 47 0.675209
54 2 0.371191
54 8 0.366766
54 13 0.377221
54 5 0.383915
54 31 0.358446
54 11 0.380138
54 33 0.357616
54 3 0.390673
54 30 0.375250
54 4 0.401073
54 28 0.378582
54 44 0.399269
54 9 0.453385
54 46 0.415416
54 29 0.435776
54 19 0.459131
54 14 0.464177
54 12 0.470235
54 6 0.486084
54 38 0.465533
54 37 0.468639
54 32 0.486860
54 43 0.475099
54 24 0.500397
54 27 0.495526
54 17 0.507815
54 22 0.506829
54 18 0.510726
54 1 0.534635
54 10 0.530597
54 15 0.533560
54 7 0.561300
54 47 0.524651
54 25 0.551937
54 21 0.569679
54 34 0.558353
54 0 0.595819
54 49 0.549016
54 20 0.591996
54 36 0.573459
54 42 0.572390
54 48 0.577345
54 41 0.604508
54 35 0.615301
54 50 0.601041
54 39 0.613487
54 45 0.614342
54 23 0.642125
54 40 0.627830
54 16 0.659762
54 26 0.662754
55 8 0.174987
55 10 0.189498
55 14 0.167102
55 11 0.201272
55 2 0.265233
55 13 0.225276
55 12 0.236859
55 9 0.272437
55 0 0.336771
55 1 0.333803
55 4 0.339554
55 7 0.390195
55 3 0.436045
55 28 0.201002
55 16 0.387857
55 15 0.403593
55 6 0.461071
55 5 0.492465
55 30 0.221029
55 29 0.233566
55 32 0.255929
55 18 0.413836
55 31 0.293740
55 17 0.490639
55 22 0.365007
55 20 0.408521
55 26 0.380097
55 19 0.451089
55 33 0.352094
55 25 0.411262
55 24 0.420496
55 21 0.473699
55 44 0.306962
55 35 0.377383
55 38 0.367860
55 36 0.394559
55 34 0.409172
55 27 0.513599
55 42 0.415809
55 50 0.326320
55 47 0.364847
55 40 0.456955
55 45 0.397287
55 23 0.571092
55 43 0.451092
55 37 0.487945
55 46 0.421219
55 41 0.487800
55 49 0.415161
55 39 0.531804
55 48 0.472929
56 9 0.171487
56 1 0.269534
56 0 0.274458
56 10 0.184614
56 5 0.297078
56 2 0.305376
56 11 0.187434
56 3 0.319337
56 4 0.320136
56 8 0.293104
56 14 0.216543
56 13 0.219787
56 20 0.117383
56 6 0.346256
56 7 0.356822
56 12 0.254657
56 15 0.287782
56 29 0.193049
56 19 0.330720
56 24 0.268322
56 26 0.250892
56 30 0.244819
56 16 0.394081
56 28 0.267499
56 17 0.367327
56 25 0.278227
56 21 0.326057
56 18 0.369999
56 32 0.275672
56 33 0.279756
56 22 0.356752
56 31 0.347724
56 44 0.314978
56 41 0.334720
56 27 0.389453
56 23 0.415034
56 35 0.394961
56 34 0.406033
56 43 0.393619
56 38 0.408169
56 49 0.397371
56 45 0.411454
56 42 0.423308
56 37 0.442391
56 46 0.431709
56 50 0.431497
56 40 0.447064
56 47 0.441866
56 39 0.458138
56 48 0.457276
56 36 0.481968
57 3 0.310417
57 10 0.329766
57 11 0.336398
57 13 0.336858
57 12 0.367257
57 14 0.375683
57 1 0.411340
57 5 0.418913
57 8 0.446702
57 9 0.454099
57 32 0.448017
57 29 0.451755
57 15 0.481639
57 33 0.465042
57 30 0.476077
57 34 0.483626
57 44 0.489023
57 26 0.515846
57 31 0.515462
57 24 0.522657
57 28 0.519056
57 7 0.552097
57 39 0.523487
57 43 0.529190
57 19 0.559347
57 16 0.582667
57 0 0.595477
57 42 0.560972
57 17 0.604446
57 22 0.602732
57 4 0.621620
57 20 0.614737
57 25 0.614614
57 49 0.594513
57 2 0.641875
57 36 0.624254
57 35 0.634412
57 45 0.624111
57 18 0.659144
57 48 0.634312
57 37 0.649098
57 27 0.665252
57 6 0.694676
57 40 0.671198
57 50 0.661508
57 47 0.671065
57 38 0.682095
57 23 0.700687
57 46 0.697711
57 41 0.706146
57 21 0.740492
58 33 0.358537
58 31 0.361720
58 4 0.412463
58 12 0.406610
58 32 0.380321
58 3 0.424972
58 1 0.447527
58 0 0.448503
58 44 0.441398
58 7 0.487261
58 9 0.538958
58 30 0.517116
58 13 0.545474
58 14 0.556102
58 10 0.558993
58 43 0.517555
58 5 0.564793
58 18 0.573847
58 15 0.598452
58 28 0.597961
58 11 0.618912
58 29 0.612795
58 6 0.649734
58 17 0.642251
58 8 0.714123
58 46 0.690698
58 41 0.715204
58 23 0.742354
58 22 0.756028
58 2 0.882734
58 36 0.843225
58 38 0.841818
58 16 0.873278
58 21 0.868549
58 20 0.882244
58 19 0.888464
58 39 0.867089
58 50 0.880948
58 34 0.903794
58 37 0.904360
58 40 0.906692
58 48 0.901302
58 25 0.935451
58 45 0.908522
58 49 0.905281
58 47 0.915465
58 26 0.943201
58 35 0.930793
58 24 0.973555
58 27 0.971506
58 42 0.959522
59 9 0.292386
59 8 0.318585
59 1 0.378599
59 3 0.373848
59 11 0.349047
59 13 0.282090
59 12 0.294247
59 4 0.394821
59 10 0.378799
59 5 0.410047
59 0 0.481305
59 2 0.486598
59 6 0.491130
59 16 0.412491
59 17 0.425166
59 7 0.540685
59 18 0.508037
59 33 0.248248
59 14 0.547922
59 15 0.550494
59 30 0.267410
59 28 0.322183
59 32 0.319464
59 29 0.323777
59 20 0.507196
59 31 0.377387
59 44 0.353902
59 34 0.424022
59 23 0.527236
59 22 0.531753
59 43 0.421389
59 26 0.482149
59 49 0.421803
59 21 0.593730
59 19 0.727946
59 24 0.532127
59 41 0.480282
59 27 0.540577
59 45 0.494349
59 25 0.570052
59 40 0.532899
59 37 0.542713
59 38 0.568900
59 36 0.600935
59 39 0.583401
59 42 0.584518
59 48 0.564244
59 46 0.584049
59 35 0.624417
59 47 0.588411
59 50 0.589968
60 9 0.235146
60 11 0.227662
60 8 0.300012
60 10 0.312207
60 5 0.373018
60 14 0.258374
60 12 0.287688
60 1 0.459512
60 3 0.446098
60 2 0.492579
60 0 0.506967
60 7 0.505372
60 13 0.397979
60 6 0.510339
60 4 0.531254
60 28 0.317289
60 30 0.314148
60 31 0.330741
60 16 0.485864
60 29 0.335620
60 15 0.515150
60 32 0.386987
60 44 0.303558
60 33 0.402922
60 23 0.483267
60 17 0.558873
60 22 0.519043
60 18 0.574451
60 27 0.508558
60 39 0.439406
60 20 0.566242
60 19 0.571717
60 45 0.430209
60 21 0.603783
60 36 0.489355
60 25 0.582567
60 24 0.606816
60 35 0.499367
60 48 0.448473
60 26 0.633971
60 42 0.546034
60 34 0.610974
60 40 0.591452
60 43 0.563857
60 37 0.600896
60 38 0.618843
60 46 0.584536
60 41 0.633229
60 49 0.556442
60 50 0.557389
60 47 0.629152
61 10 0.236844
61 8 0.273075
61 9 0.280431
61 13 0.316170
61 4 0.368081
61 14 0.345727
61 11 0.357501
61 3 0.427657
61 5 0.425876
61 2 0.479340
61 0 0.488651
61 1 0.489656
61 6 0.519883
61 12 0.540341
61 31 0.458220
61 15 0.552094
61 29 0.513004
61 7 0.652737
61 21 0.622334
61 30 0.579529
61 20 0.655932
61 33 0.589908
61 32 0.607200
61 16 0.688494
61 44 0.492554
61 22 0.683534
61 28 0.632513
61 18 0.706893
61 23 0.711717
61 19 0.720056
61 27 0.704869
61 17 0.770744
61 25 0.737626
61 24 0.770406
61 34 0.758959
61 35 0.767819
61 43 0.752033
61 45 0.656327
61 37 0.791950
61 40 0.787429
61 26 0.850467
61 42 0.802347
61 47 0.664868
61 39 0.813832
61 38 0.828475
61 36 0.837374
61 49 0.677615
61 46 0.707848
61 48 0.689523
61 41 0.876266
61 50 0.706247
62 8 0.255250
62 5 0.276764
62 0 0.287895
62 10 0.299808
62 1 0.314847
62 12 0.299222
62 13 0.312200
62 14 0.329742
62 4 0.379375
62 3 0.381669
62 11 0.379421
62 9 0.405881
62 2 0.417489
62 19 0.419120
62 7 0.514244
62 20 0.464330
62 18 0.508805
62 6 0.581238
62 28 0.282050
62 31 0.255680
62 16 0.547179
62 33 0.294568
62 15 0.603688
62 21 0.581704
62 32 0.342215
62 17 0.649766
62 22 0.610479
62 29 0.428056
62 25 0.558620
62 44 0.347823
62 23 0.618404
62 24 0.618764
62 30 0.476074
62 36 0.433485
62 26 0.539967
62 35 0.466250
62 40 0.430336
62 27 0.532671
62 46 0.464741
62 37 0.524814
62 45 0.472370
62 34 0.568252
62 41 0.530562
62 43 0.524870
62 47 0.510813
62 48 0.536831
62 39 0.572243
62 50 0.506183
62 42 0.570284
62 49 0.526842
62 38 0.607015
63 9 0.157989
63 8 0.262278
63 10 0.269933
63 5 0.291088
63 11 0.296252
63 12 0.304458
63 14 0.297515
63 13 0.321318
63 7 0.356204
63 2 0.362686
63 0 0.388417
63 3 0.381245
63 4 0.392006
63 1 0.436479
63 6 0.446626
63 15 0.368637
63 29 0.217238
63 33 0.204000
63 16 0.371471
63 30 0.248344
63 31 0.255319
63 28 0.321236
63 18 0.461572
63 17 0.538208
63 32 0.391639
63 21 0.466960
63 44 0.340272
63 25 0.468068
63 22 0.494628
63 23 0.493254
63 27 0.475108
63 20 0.526242
63 19 0.530362
63 24 0.515514
63 35 0.448670
63 43 0.419531
63 34 0.540880
63 26 0.603710
63 45 0.514618
63 39 0.548752
63 47 0.514197
63 40 0.555351
63 38 0.574685
63 36 0.584724
63 41 0.593729
63 48 0.540190
63 42 0.591523
63 37 0.623250
63 50 0.527525
63 49 0.535726
63 46 0.640205
64 9 0.253616
64 8 0.298308
64 11 0.287722
64 12 0.296046
64 1 0.349947
64 13 0.318116
64 14 0.346202
64 10 0.360127
64 3 0.396534
64 5 0.465255
64 0 0.489312
64 6 0.467629
64 28 0.484024
64 2 0.563924
64 29 0.497335
64 31 0.471615
64 30 0.508232
64 4 0.625716
64 16 0.628551
64 7 0.659724
64 44 0.546114
64 24 0.641057
64 26 0.661974
64 17 0.700248
64 33 0.638428
64 32 0.690143
64 18 0.752989
64 25 0.739555
64 23 0.742561
64 36 0.689593
64 20 0.763109
64 45 0.650714
64 15 0.800678
64 35 0.727057
64 22 0.803388
64 40 0.731331
64 21 0.816812
64 19 0.850992
64 34 0.795270
64 38 0.793404
64 42 0.787945
64 48 0.704742
64 50 0.618337
64 27 0.874080
64 37 0.848207
64 47 0.773772
64 43 0.838153
64 41 0.850233
64 46 0.790797
64 49 0.746602
64 39 0.919688
65 8 0.174530
65 3 0.265025
65 5 0.285604
65 12 0.223737
65 9 0.269304
65 1 0.336751
65 14 0.287804
65 7 0.342062
65 10 0.330057
65 11 0.332404
65 0 0.438624
65 13 0.363314
65 4 0.453109
65 2 0.457704
65 16 0.346501
65 29 0.198800
65 6 0.526413
65 15 0.477582
65 18 0.418232
65 28 0.259872
65 30 0.263717
65 32 0.247888
65 27 0.296068
65 22 0.337283
65 31 0.281342
65 26 0.309038
65 20 0.375995
65 34 0.315894
65 17 0.550370
65 25 0.401388
65 35 0.376485
65 33 0.385429
65 44 0.329453
65 43 0.345744
65 24 0.454971
65 42 0.353860
65 23 0.493366
65 36 0.393622
65 19 0.559034
65 50 0.343961
65 37 0.401301
65 38 0.416077
65 45 0.408361
65 47 0.390643
65 21 0.586572
65 48 0.401580
65 39 0.447122
65 46 0.435155
65 41 0.497589
65 49 0.486620
65 40 0.534836
66 8 0.149524
66 0 0.246872
66 9 0.227500
66 11 0.224670
66 1 0.286133
66 14 0.203506
66 13 0.211429
66 4 0.278476
66 10 0.267822
66 12 0.267017
66 6 0.358565
66 3 0.384608
66 2 0.416068
66 7 0.411391
66 5 0.416828
66 15 0.403563
66 20 0.338613
66 16 0.421461
66 30 0.305422
66 18 0.484510
66 21 0.478174
66 29 0.373452
66 22 0.507415
66 17 0.587490
66 28 0.406796
66 33 0.400712
66 44 0.373225
66 32 0.421946
66 24 0.493096
66 19 0.625859
66 31 0.481228
66 23 0.545552
66 45 0.493851
66 26 0.570417
66 36 0.549046
66 25 0.599764
66 37 0.567431
66 34 0.585792
66 43 0.565980
66 27 0.610378
66 41 0.585069
66 46 0.531439
66 40 0.593415
66 35 0.604318
66 48 0.504427
66 42 0.587996
66 49 0.511709
66 39 0.626926
66 50 0.532655
66 38 0.685843
66 47 0.639843
67 8 0.289876
67 9 0.285815
67 11 0.318524
67 10 0.351091
67 3 0.384746
67 1 0.447124
67 13 0.407874
67 5 0.436290
67 0 0.475014
67 12 0.432501
67 14 0.444848
67 2 0.551192
67 7 0.547436
67 31 0.509482
67 4 0.594175
67 6 0.609330
67 28 0.578318
67 29 0.586560
67 44 0.569800
67 32 0.630406
67 33 0.630304
67 19 0.658203
67 15 0.665877
67 17 0.709444
67 30 0.711951
67 21 0.731586
67 18 0.786499
67 20 0.790585
67 35 0.774614
67 45 0.729190
67 39 0.775762
67 24 0.826511
67 41 0.800901
67 27 0.851416
67 23 0.868541
67 25 0.866872
67 43 0.817281
67 49 0.700087
67 16 0.917786
67 36 0.887912
67 37 0.887726
67 40 0.878119
67 26 0.930225
67 47 0.854166
67 48 0.794852
67 38 0.930360
67 22 0.979180
67 34 0.980532
67 42 0.942897
67 50 0.766050
67 46 0.920187
68 13 0.266496
68 11 0.283971
68 8 0.350004
68 12 0.357031
68 14 0.369682
68 2 0.437598
68 6 0.466942
68 0 0.500759
68 4 0.505376
68 1 0.522653
68 10 0.532335
68 3 0.558504
68 5 0.560026
68 7 0.582799
68 9 0.577614
68 19 0.550609
68 20 0.583726
68 28 0.499203
68 29 0.513382
68 30 0.522598
68 22 0.595352
68 26 0.543409
68 32 0.478105
68 24 0.589303
68 23 0.627348
68 17 0.693072
68 34 0.462678
68 33 0.474834
68 27 0.621132
68 31 0.606844
68 21 0.705990
68 18 0.751854
68 44 0.290987
68 16 0.778594
68 15 0.792928
68 25 0.725324
68 39 0.459889
68 35 0.553185
68 38 0.480710
68 50 0.357969
68 42 0.412924
68 36 0.599621
68 37 0.609471
68 46 0.454349
68 45 0.471832
68 47 0.466920
68 49 0.464103
68 48 0.475710
68 40 0.620236
68 41 0.629637
68 43 0.550271
69 17 0.401015
69 13 0.415972
69 10 0.424013
69 7 0.429742
69 31 0.401729
69 30 0.428909
69 29 0.480556
69 41 0.460331
69 44 0.455048
69 45 0.576164
69 0 0.636552
69 11 0.629127
69 3 0.635720
69 2 0.636791
69 25 0.613969
69 47 0.578118
69 1 0.638979
69 37 0.594940
69 9 0.634497
69 33 0.600837
69 28 0.612715
69 5 0.661268
69 4 0.663012
69 39 0.626747
69 32 0.663930
69 8 0.712756
69 6 0.725666
69 14 0.719962
69 12 0.731565
69 21 0.727131
69 26 0.719787
69 49 0.686250
69 24 0.752905
69 36 0.742606
69 46 0.746967
69 35 0.765764
69 15 0.800468
69 48 0.760226
69 19 0.810485
69 40 0.795992
69 43 0.793293
69 22 0.827927
69 20 0.837147
69 18 0.844192
69 38 0.823582
69 27 0.846129
69 23 0.865199
69 34 0.858837
69 50 0.846909
69 42 0.861363
69 16 0.903410
70 8 0.248260
70 4 0.410186
70 9 0.337623
70 11 0.328891
70 10 0.360612
70 2 0.480547
70 3 0.487328
70 12 0.381162
70 14 0.364448
70 0 0.560638
70 1 0.578435
70 7 0.523252
70 5 0.540167
70 13 0.559847
70 6 0.659354
70 30 0.324004
70 16 0.599005
70 31 0.397828
70 19 0.487756
70 28 0.431259
70 21 0.510578
70 32 0.452571
70 26 0.497435
70 24 0.523994
70 33 0.465765
70 25 0.534919
70 44 0.402336
70 17 0.712186
70 29 0.524855
70 15 0.817420
70 18 0.671312
70 20 0.640907
70 23 0.638694
70 22 0.651186
70 45 0.503722
70 27 0.639623
70 36 0.583385
70 50 0.585451
70 40 0.638888
70 42 0.633278
70 37 0.675024
70 46 0.631560
70 47 0.634234
70 38 0.671624
70 34 0.739063
70 41 0.676233
70 43 0.684223
70 35 0.754193
70 39 0.714935
70 49 0.685521
70 48 0.695392
71 11 0.537430
71 9 0.541334
71 29 0.513713
71 8 0.544690
71 1 0.554902
71 28 0.522009
71 10 0.573506
71 3 0.584726
71 33 0.549497
71 13 0.605483
71 5 0.634935
71 31 0.609623
71 7 0.796390
71 15 0.787263
71 39 0.752538
71 19 0.786081
71 42 0.755463
71 47 0.747700
71 21 0.788399
71 30 0.788551
71 37 0.779234
71 14 0.830131
71 38 0.801458
71 44 0.794495
71 12 0.858100
71 32 0.828294
71 35 0.825220
71 27 0.849974
71 43 0.856018
71 25 0.900979
71 40 0.884003
71 26 0.929225
71 17 0.948188
71 50 0.900039
71 23 0.943178
71 2 0.975632
71 0 0.997086
71 41 0.948974
71 48 0.977076
71 18 1.026405
71 20 1.023863
71 36 1.019725
71 34 1.023620
71 4 1.099613
71 16 1.097423
71 6 1.146936
71 22 1.126242
71 24 1.133476
71 46 1.103492
71 49 1.135341
71 45 1.147790
72 2 0.341968
72 8 0.351160
72 0 0.400925
72 20 0.377785
72 9 0.393837
72 1 0.461954
72 44 0.506801
72 24 0.529835
72 10 0.561520
72 5 0.570570
72 7 0.576258
72 22 0.561781
72 30 0.572462
72 3 0.608712
72 17 0.624613
72 4 0.651137
72 32 0.621339
72 12 0.650612
72 6 0.656645
72 14 0.649260
72 26 0.639686
72 28 0.656508
72 18 0.705081
72 40 0.677991
72 48 0.714534
72 36 0.728718
72 31 0.735397
72 13 0.762067
72 50 0.723038
72 33 0.742877
72 11 0.800115
72 16 0.798577
72 25 0.792888
72 37 0.781252
72 29 0.801832
72 27 0.804501
72 21 0.815277
72 49 0.785191
72 34 0.809020
72 46 0.817240
72 42 0.823113
72 43 0.826961
72 15 0.864585
72 23 0.861227
72 47 0.835046
72 35 0.854511
72 39 0.852447
72 19 0.907343
72 38 0.883742
72 45 0.926376
72 41 0.961826
73 9 0.339014
73 11 0.475616
73 13 0.474613
73 12 0.475636
73 14 0.474393
73 10 0.478560
73 8 0.486009
73 31 0.519492
73 5 0.617581
73 1 0.632194
73 30 0.587176
73 33 0.580855
73 2 0.634085
73 3 0.647210
73 0 0.670288
73 6 0.696759
73 29 0.664939
73 7 0.730003
73 4 0.783063
73 32 0.751451
73 25 0.844466
73 48 0.818617
73 26 0.890158
73 44 0.849203
73 17 0.928806
73 28 0.926015
73 42 0.894276
73 50 0.918131
73 21 0.990955
73 15 1.010343
73 16 1.008663
73 23 1.028811
73 45 1.005126
73 36 1.051651
73 37 1.050877
73 35 1.059521
73 46 1.038518
73 39 1.061408
73 43 1.051168
73 20 1.110403
73 27 1.116935
73 49 1.073815
73 18 1.146837
73 41 1.128499
73 40 1.155436
73 47 1.160881
73 34 1.196816
73 19 1.237673
73 38 1.214551
73 24 1.261987
73 22 1.310134
74 11 0.287739
74 9 0.329235
74 12 0.361733
74 2 0.471321
74 10 0.469034
74 32 0.490037
74 6 0.548134
74 5 0.588192
74 8 0.594751
74 28 0.574991
74 30 0.573032
74 44 0.558493
74 19 0.603909
74 29 0.589895
74 4 0.620710
74 34 0.583068
74 42 0.594562
74 18 0.643193
74 13 0.648854
74 26 0.647840
74 14 0.687386
74 33 0.671409
74 17 0.703963
74 22 0.700667
74 16 0.713189
74 20 0.726008
74 36 0.728526
74 27 0.759143
74 31 0.756120
74 50 0.731184
74 15 0.797702
74 25 0.784816
74 23 0.792548
74 38 0.776804
74 37 0.784573
74 0 0.854867
74 43 0.801922
74 47 0.799726
74 7 0.863060
74 1 0.879816
74 46 0.829649
74 3 0.896082
74 45 0.835241
74 48 0.839577
74 40 0.867398
74 21 0.919118
74 39 0.896538
74 35 0.921502
74 24 0.959163
74 41 0.939577
74 49 0.937298
75 12 0.245534
75 13 0.280831
75 8 0.337635
75 10 0.348266
75 14 0.361124
75 9 0.399765
75 11 0.397499
75 5 0.444992
75 3 0.590159
75 0 0.625926
75 1 0.639037
75 31 0.237798
75 2 0.676838
75 28 0.300794
75 17 0.685821
75 7 0.746923
75 30 0.350457
75 29 0.387327
75 6 0.817022
75 19 0.742416
75 4 0.826325
75 32 0.413309
75 33 0.424640
75 15 0.794794
75 18 0.835555
75 44 0.357643
75 16 0.874636
75 20 0.856041
75 21 0.794798
75 24 0.657576
75 23 0.683835
75 35 0.642856
75 25 0.741765
75 37 0.650796
75 22 0.807609
75 27 0.704763
75 34 0.706031
75 38 0.718519
75 46 0.619170
75 40 0.754127
75 45 0.649384
75 39 0.787789
75 36 0.797195
75 26 0.879956
75 49 0.659449
75 41 0.807689
75 48 0.680757
75 43 0.757950
75 42 0.787376
75 50 0.701045
75 47 0.740845
76 8 0.396660
76 14 0.504598
76 10 0.551238
76 0 0.589651
76 1 0.612753
76 6 0.606348
76 2 0.644300
76 31 0.606117
76 5 0.671913
76 28 0.665320
76 30 0.662787
76 7 0.702236
76 9 0.736823
76 13 0.756605
76 29 0.795430
76 44 0.801385
76 11 0.858878
76 12 0.883465
76 37 0.863582
76 32 0.896582
76 15 0.933876
76 33 0.928025
76 36 0.932696
76 4 1.035035
76 3 1.045329
76 42 1.032682
76 35 1.054396
76 23 1.094247
76 24 1.098810
76 47 1.080062
76 46 1.091447
76 18 1.129396
76 40 1.111765
76 26 1.134158
76 17 1.145661
76 19 1.150378
76 43 1.126262
76 22 1.190138
76 49 1.173381
76 34 1.195171
76 48 1.184675
76 21 1.217731
76 50 1.191152
76 16 1.250421
76 41 1.240466
76 27 1.256103
76 45 1.259410
76 38 1.288298
76 25 1.319483
76 39 1.334008
76 20 1.413737
77 9 0.378693
77 10 0.417399
77 8 0.453394
77 13 0.480884
77 14 0.470989
77 11 0.483139
77 12 0.482976
77 3 0.629879
77 5 0.641139
77 31 0.435913
77 28 0.617107
77 0 0.766021
77 29 0.576095
77 2 0.768606
77 1 0.855262
77 24 0.824944
77 32 0.646802
77 33 0.634367
77 7 0.929104
77 30 0.679444
77 21 0.906574
77 27 0.853562
77 25 0.911171
77 18 0.955940
77 15 0.971096
77 44 0.404111
77 4 1.020645
77 19 0.983764
77 6 1.043506
77 23 1.010580
77 17 1.098508
77 46 0.527483
77 37 0.718880
77 16 1.162165
77 45 0.591471
77 22 1.156269
77 38 0.776723
77 36 0.818329
77 26 1.163158
77 47 0.643893
77 35 0.883636
77 34 0.906594
77 42 0.686946
77 50 0.684245
77 40 0.829795
77 49 0.716976
77 41 0.754411
77 39 0.902064
77 20 1.314370
77 43 0.765980
77 48 0.790877
78 9 0.305188
78 10 0.418036
78 0 0.483516
78 3 0.481701
78 11 0.475831
78 1 0.508424
78 12 0.500188
78 20 0.552272
78 5 0.604065
78 8 0.607002
78 6 0.639452
78 2 0.682631
78 44 0.642903
78 16 0.751830
78 32 0.735636
78 24 0.744696
78 30 0.753780
78 4 0.779894
78 39 0.760460
78 14 0.788060
78 28 0.775973
78 31 0.801610
78 15 0.851786
78 25 0.851126
78 33 0.856976
78 37 0.860932
78 17 0.883400
78 46 0.861061
78 22 0.896371
78 13 0.917305
78 29 0.916319
78 7 0.937129
78 23 0.937206
78 27 0.938840
78 45 0.926611
78 34 0.950168
78 42 0.972825
78 36 1.013324
78 18 1.040505
78 48 1.013163
78 26 1.038881
78 19 1.075062
78 40 1.125128
78 43 1.128970
78 21 1.165407
78 41 1.207701
78 50 1.212062
78 35 1.252621
78 47 1.257626
78 38 1.291524
78 49 1.322401
79 10 0.347712
79 9 0.360039
79 13 0.435472
79 11 0.463053
79 12 0.492377
79 8 0.508822
79 14 0.515606
79 24 0.502645
79 1 0.598594
79 6 0.600704
79 3 0.648317
79 2 0.671393
79 29 0.566953
79 0 0.730634
79 28 0.636637
79 22 0.751699
79 27 0.697675
79 32 0.438151
79 7 0.847395
79 16 0.831759
79 4 0.857262
79 33 0.465182
79 19 0.831932
79 21 0.840972
79 31 0.521216
79 30 0.538144
79 20 0.891907
79 44 0.349181
79 23 0.914744
79 18 0.953051
79 25 0.951529
79 40 0.474030
79 34 0.633622
79 26 1.006886
79 15 1.043176
79 5 1.101896
79 36 0.643362
79 38 0.624640
79 17 1.129772
79 39 0.646450
79 41 0.605197
79 35 0.737716
79 37 0.728342
79 45 0.639812
79 46 0.633530
79 43 0.684751
79 47 0.622478
79 48 0.621130
79 42 0.732744
79 50 0.631486
79 49 0.643754
80 10 0.364916
80 9 0.382510
80 44 0.403338
80 12 0.461935
80 13 0.473671
80 33 0.617537
80 14 0.642024
80 29 0.625835
80 8 0.663653
80 31 0.640506
80 28 0.645682
80 4 0.718059
80 0 0.721488
80 30 0.758105
80 18 0.810856
80 2 0.823796
80 3 0.842932
80 40 0.844149
80 32 0.906816
80 39 0.900211
80 17 0.928605
80 20 0.951386
80 11 0.961376
80 25 0.958394
80 21 0.983009
80 6 1.004173
80 43 0.972122
80 35 1.010093
80 45 1.027233
80 38 1.067456
80 5 1.156653
80 26 1.137853
80 16 1.164386
80 19 1.162586
80 7 1.180489
80 34 1.158731
80 41 1.157991
80 48 1.156299
80 1 1.208753
80 42 1.172474
80 50 1.176884
80 46 1.188850
80 24 1.245865
80 37 1.239743
80 15 1.273656
80 47 1.247186
80 36 1.293459
80 22 1.333230
80 27 1.336802
80 49 1.337240
80 23 1.387522
81 9 0.414190
81 32 0.442997
81 10 0.474022
81 14 0.528807
81 11 0.546416
81 44 0.533168
81 8 0.601809
81 13 0.608997
81 47 0.668334
81 28 0.724191
81 29 0.740244
81 30 0.739960
81 17 0.764487
81 3 0.840980
81 37 0.791578
81 43 0.794261
81 22 0.860586
81 18 0.871047
81 5 0.910901
81 7 0.907055
81 33 0.884250
81 15 0.915913
81 23 0.930908
81 46 0.926329
81 0 1.004665
81 12 1.008810
81 31 0.988764
81 41 0.997247
81 19 1.068074
81 20 1.076364
81 45 1.035328
81 1 1.111583
81 42 1.054384
81 38 1.111736
81 36 1.120041
81 25 1.147608
81 27 1.146143
81 34 1.150359
81 26 1.190190
81 40 1.200545
81 21 1.247865
81 48 1.205303
81 49 1.215785
81 35 1.248171
81 4 1.300224
81 39 1.253108
81 2 1.327010
81 16 1.314875
81 50 1.258357
81 24 1.340972
81 6 1.390447
82 8 0.401293
82 12 0.434151
82 28 0.436957
82 0 0.483367
82 30 0.453309
82 14 0.492087
82 10 0.623510
82 11 0.696681
82 40 0.688184
82 9 0.777730
82 31 0.765034
82 44 0.752041
82 33 0.771202
82 1 0.811202
82 3 0.827018
82 29 0.825438
82 13 0.852804
82 22 0.867954
82 34 0.892542
82 32 0.897974
82 35 0.902543
82 2 0.935111
82 24 0.915627
82 17 0.923037
82 4 0.934894
82 6 0.939785
82 21 0.931897
82 15 0.950730
82 20 0.953890
82 36 0.967851
82 7 1.007275
82 25 0.994773
82 26 1.052921
82 39 1.045145
82 38 1.051911
82 45 1.048437
82 16 1.086708
82 37 1.072553
82 42 1.073798
82 27 1.095743
82 50 1.070262
82 41 1.085330
82 5 1.143191
82 47 1.113773
82 43 1.117733
82 48 1.116960
82 46 1.125059
82 18 1.160846
82 19 1.161262
82 23 1.160302
82 49 1.194612
83 9 0.185530
83 14 0.283780
83 13 0.410173
83 11 0.433325
83 10 0.479232
83 8 0.483561
83 7 0.505182
83 5 0.532815
83 0 0.546232
83 2 0.574228
83 1 0.577779
83 12 0.533570
83 4 0.610346
83 3 0.732166
83 6 0.739767
83 16 0.725428
83 30 0.400719
83 29 0.488153
83 18 0.799199
83 20 0.752314
83 28 0.528177
83 31 0.454766
83 33 0.406057
83 19 0.837246
83 15 0.901233
83 32 0.454665
83 26 0.745956
83 27 0.764125
83 25 0.783901
83 17 0.956427
83 21 0.835241
83 44 0.448951
83 23 0.817093
83 24 0.844851
83 34 0.584230
83 22 0.887279
83 49 0.569546
83 43 0.610417
83 41 0.629690
83 48 0.606313
83 35 0.709629
83 50 0.627349
83 39 0.695192
83 36 0.710345
83 42 0.705835
83 45 0.692517
83 40 0.722222
83 46 0.750729
83 37 0.798414
83 38 0.802550
83 47 0.782122
84 10 0.477954
84 32 0.460130
84 44 0.465912
84 14 0.508048
84 8 0.534421
84 31 0.518424
84 9 0.591174
84 28 0.580406
84 30 0.613553
84 29 0.624199
84 11 0.663697
84 33 0.653765
84 12 0.694922
84 38 0.690216
84 13 0.745973
84 22 0.750854
84 34 0.738855
84 23 0.781929
84 42 0.777910
84 36 0.830432
84 25 0.854512
84 6 0.872410
84 2 0.909796
84 26 0.892310
84 1 0.915322
84 41 0.886818
84 20 0.912631
84 5 0.931026
84 21 0.921871
84 24 0.921203
84 46 0.912854
84 0 0.969947
84 37 0.952166
84 18 0.982044
84 50 0.951339
84 47 0.960380
84 40 0.970314
84 4 1.010690
84 16 1.003398
84 48 0.977121
84 49 0.984880
84 7 1.029477
84 17 1.025101
84 3 1.050409
84 15 1.041059
84 27 1.033757
84 19 1.042863
84 39 1.040903
84 43 1.038341
84 45 1.040498
84 35 1.109855
85 9 0.487405
85 30 0.464896
85 44 0.651065
85 8 0.695930
85 14 0.700796
85 2 0.752747
85 15 0.773640
85 3 0.782201
85 33 0.752724
85 10 0.806099
85 13 0.804832
85 1 0.844035
85 46 0.793400
85 32 0.912188
85 0 0.943645
85 28 0.916846
85 12 0.936892
85 25 0.937340
85 23 0.940855
85 16 0.952688
85 47 0.923617
85 24 1.010123
85 29 1.002510
85 19 1.026186
85 11 1.040623
85 31 1.018438
85 45 1.003357
85 49 1.010230
85 34 1.037386
85 22 1.065894
85 6 1.079945
85 27 1.112203
85 40 1.101835
85 35 1.141392
85 5 1.198691
85 26 1.184871
85 36 1.178176
85 38 1.186319
85 4 1.236120
85 37 1.212540
85 20 1.278736
85 21 1.279077
85 7 1.316453
85 17 1.357180
85 42 1.333900
85 50 1.326104
85 41 1.372043
85 18 1.411340
85 43 1.426104
85 39 1.439614
85 48 1.433577
86 12 0.482616
86 11 0.490932
86 8 0.512019
86 9 0.560093
86 10 0.571483
86 13 0.575767
86 14 0.586030
86 4 0.773169
86 6 0.778059
86 3 0.784909
86 1 0.823673
86 2 0.823496
86 7 0.823994
86 0 0.879473
86 5 0.881854
86 30 0.801604
86 29 0.917237
86 28 0.928572
86 20 1.003066
86 32 0.871581
86 21 1.033421
86 44 0.536462
86 15 1.068801
86 33 0.906781
86 19 1.101049
86 31 1.021875
86 16 1.148827
86 23 1.165474
86 22 1.182856
86 17 1.220689
86 27 1.214947
86 18 1.278101
86 46 0.758483
86 36 0.919983
86 26 1.281206
86 37 0.946484
86 45 0.839472
86 47 0.803445
86 24 1.372052
86 25 1.377700
86 39 1.028071
86 35 1.151188
86 38 1.061919
86 48 0.897843
86 34 1.272106
86 41 1.044570
86 40 1.098612
86 49 0.948040
86 43 1.031723
86 42 1.120894
86 50 1.056923
87 9 0.273666
87 8 0.321114
87 11 0.376622
87 13 0.347875
87 10 0.433838
87 12 0.476858
87 14 0.467850
87 6 0.724663
87 0 0.753866
87 2 0.742405
87 31 0.332682
87 3 0.769789
87 4 0.786677
87 29 0.409419
87 5 0.807262
87 1 0.832251
87 30 0.451167
87 7 0.845902
87 32 0.450132
87 28 0.494418
87 21 0.674389
87 33 0.473818
87 27 0.550437
87 17 0.876746
87 19 0.838349
87 26 0.693986
87 15 0.976431
87 44 0.365397
87 25 0.715248
87 22 0.768741
87 37 0.590252
87 24 0.794239
87 34 0.670190
87 16 1.055243
87 20 0.980274
87 23 0.891113
87 40 0.569292
87 35 0.713948
87 38 0.663797
87 18 1.103642
87 47 0.534596
87 36 0.747633
87 45 0.575700
87 46 0.564811
87 42 0.693371
87 41 0.734021
87 39 0.794817
87 49 0.658981
87 43 0.747003
87 48 0.700660
87 50 0.670190
88 8 0.413407
88 10 0.374646
88 12 0.373196
88 9 0.445583
88 11 0.415482
88 13 0.444157
88 3 0.702234
88 5 0.703941
88 14 0.513613
88 1 0.751608
88 0 0.794665
88 2 0.820057
88 4 0.828547
88 7 0.839181
88 6 0.949550
88 28 0.446056
88 32 0.406993
88 31 0.461789
88 29 0.537423
88 18 0.766537
88 30 0.579387
88 33 0.554943
88 16 0.856299
88 44 0.431467
88 15 1.001589
88 19 0.960658
88 20 0.995638
88 22 0.933099
88 21 1.026636
88 26 0.937253
88 23 0.990029
88 17 1.182567
88 24 0.978932
88 25 0.979740
88 35 0.909385
88 40 0.816307
88 27 1.030251
88 43 0.845238
88 34 1.000506
88 42 0.887771
88 50 0.818508
88 38 0.984159
88 45 0.936598
88 37 1.035302
88 41 0.997361
88 47 0.953711
88 49 0.956136
88 36 1.124256
88 48 0.978211
88 39 1.070602
88 46 1.003987
89 13 0.460163
89 10 0.495227
89 11 0.548503
89 31 0.619417
89 1 0.762174
89 44 0.707948
89 14 0.794434
89 3 0.803598
89 5 0.836538
89 28 0.814223
89 32 0.806452
89 9 0.919824
89 29 0.963874
89 16 1.050118
89 33 1.077685
89 7 1.235507
89 8 1.268772
89 12 1.266888
89 17 1.262591
89 4 1.332774
89 15 1.329883
89 35 1.292015
89 22 1.463908
89 30 1.480915
89 0 1.610585
89 23 1.575209
89 2 1.642902
89 40 1.631198
89 34 1.665432
89 50 1.669110
89 47 1.677632
89 21 1.779810
89 46 1.746613
89 27 1.779303
89 45 1.761849
89 25 1.816714
89 36 1.801662
89 48 1.791612
89 38 1.809425
89 49 1.805493
89 24 1.852492
89 39 1.852586
89 37 1.855528
89 20 1.898273
89 18 1.920259
89 26 1.898050
89 42 1.881680
89 6 1.956332
89 41 1.911008
89 43 1.931741
89 19 1.988403
90 14 0.458959
90 10 0.497361
90 13 0.495792
90 3 0.526151
90 11 0.499223
90 12 0.498932
90 9 0.510077
90 28 0.695228
90 30 0.693408
90 0 0.749622
90 7 0.726473
90 8 0.719288
90 33 0.781246
90 20 0.796863
90 18 0.805234
90 44 0.799315
90 4 0.871825
90 1 0.884868
90 32 0.857777
90 2 0.926036
90 6 0.937155
90 31 0.910488
90 5 0.956609
90 47 0.910608
90 36 0.933727
90 29 0.943286
90 38 0.943289
90 16 1.048549
90 43 1.056836
90 26 1.131185
90 34 1.161902
90 40 1.160637
90 45 1.153005
90 21 1.193315
90 49 1.159381
90 46 1.174483
90 24 1.210935
90 42 1.200392
90 19 1.235527
90 17 1.238067
90 27 1.229630
90 50 1.211135
90 35 1.233295
90 37 1.237087
90 22 1.267195
90 48 1.247069
90 25 1.281444
90 39 1.316295
90 41 1.313783
90 15 1.348605
90 23 1.392010
91 8 0.412562
91 12 0.447246
91 30 0.497880
91 9 0.548881
91 11 0.555782
91 28 0.562579
91 1 0.631475
91 3 0.630999
91 31 0.621716
91 5 0.658779
91 44 0.606966
91 13 0.707011
91 10 0.713893
91 29 0.689174
91 33 0.739804
91 7 0.853323
91 19 0.845859
91 35 0.841662
91 2 0.887782
91 32 0.866093
91 22 0.961991
91 37 0.960941
91 14 1.012793
91 47 0.989520
91 16 1.032628
91 23 1.019235
91 0 1.052905
91 46 0.995042
91 49 0.997769
91 42 1.027721
91 17 1.069821
91 15 1.094247
91 4 1.120505
91 38 1.096754
91 41 1.108625
91 20 1.144789
91 27 1.152821
91 18 1.174207
91 48 1.140973
91 43 1.154175
91 50 1.145765
91 24 1.191445
91 39 1.228564
91 40 1.226907
91 21 1.253317
91 36 1.267980
91 34 1.270670
91 6 1.320413
91 45 1.290130
91 25 1.326636
91 26 1.495039
92 9 0.540119
92 44 0.503726
92 13 0.538226
92 11 0.684069
92 31 0.688465
92 3 0.766368
92 32 0.795053
92 8 0.852326
92 6 0.907726
92 0 0.913404
92 14 0.913415
92 1 0.922665
92 30 0.933230
92 5 0.958172
92 7 0.975092
92 33 0.986482
92 28 1.031620
92 12 1.063526
92 19 1.058814
92 21 1.083230
92 42 1.069418
92 29 1.084594
92 10 1.115294
92 40 1.114430
92 17 1.183472
92 18 1.201451
92 2 1.232468
92 36 1.224045
92 43 1.227513
92 45 1.251038
92 47 1.293616
92 24 1.355112
92 38 1.348464
92 4 1.390837
92 16 1.389024
92 50 1.357811
92 20 1.395202
92 34 1.387636
92 15 1.408746
92 41 1.387568
92 26 1.405531
92 35 1.423507
92 23 1.455778
92 46 1.441104
92 49 1.435388
92 22 1.478307
92 39 1.468906
92 27 1.498074
92 25 1.533811
92 48 1.507454
92 37 1.575741
93 9 0.515572
93 12 0.574176
93 28 0.558169
93 10 0.576820
93 30 0.555579
93 19 0.572879
93 8 0.583206
93 21 0.584116
93 14 0.597600
93 13 0.801573
93 32 0.779772
93 29 0.783901
93 33 0.781810
93 0 0.922731
93 4 0.920590
93 1 0.979623
93 7 0.977708
93 31 1.005358
93 2 1.035192
93 20 1.046197
93 5 1.061893
93 11 1.069913
93 44 1.033983
93 16 1.112448
93 24 1.211165
93 26 1.220249
93 27 1.218774
93 40 1.201871
93 41 1.277539
93 43 1.275904
93 3 1.392906
93 18 1.391488
93 49 1.364291
93 6 1.446931
93 42 1.415918
93 17 1.446777
93 35 1.456051
93 38 1.453081
93 34 1.467588
93 23 1.533063
93 39 1.520445
93 45 1.513990
93 15 1.561184
93 47 1.551614
93 36 1.573541
93 50 1.556810
93 37 1.582783
93 46 1.591138
93 22 1.630256
93 25 1.680499
93 48 1.664657
94 9 0.804757
94 28 0.883769
94 11 1.014222
94 32 1.176706
94 29 1.269195
94 10 1.391062
94 30 1.463571
94 8 1.623147
94 1 1.661147
94 20 1.645161
94 44 1.666025
94 14 1.802904
94 34 1.780179
94 12 1.827210
94 36 1.830059
94 31 1.948212
94 40 1.937110
94 7 1.975866
94 24 1.959689
94 33 1.949357
94 5 1.979598
94 37 1.955816
94 23 1.974337
94 13 1.984559
94 0 1.996589
94 27 1.971392
94 6 1.993141
94 26 1.974305
94 38 1.969664
94 35 1.985662
94 2 2.035190
94 3 2.035619
94 17 2.036055
94 15 2.061322
94 19 2.069769
94 45 2.050486
94 4 2.119980
94 43 2.085948
94 21 2.115927
94 48 2.127592
94 16 2.184576
94 39 2.157405
94 25 2.183284
94 50 2.168487
94 42 2.196709
94 22 2.222642
94 47 2.201287
94 18 2.269702
94 46 2.259935
94 41 2.301679
94 49 2.573906
95 30 0.527443
95 8 0.720574
95 32 0.716348
95 12 0.823727
95 10 0.848179
95 28 0.856251
95 3 0.877592
95 5 0.910618
95 33 0.901343
95 0 0.945292
95 11 1.045219
95 25 1.050709
95 44 1.032480
95 31 1.050457
95 48 1.038471
95 16 1.075126
95 13 1.112853
95 43 1.083161
95 2 1.123401
95 1 1.126115
95 14 1.130714
95 9 1.145890
95 45 1.112321
95 29 1.162656
95 18 1.180192
95 35 1.184316
95 20 1.248984
95 26 1.276163
95 39 1.268173
95 6 1.322621
95 27 1.338231
95 15 1.355458
95 36 1.347104
95 42 1.348025
95 34 1.372646
95 46 1.425203
95 22 1.451976
95 4 1.484073
95 40 1.456842
95 24 1.490763
95 19 1.505700
95 50 1.478491
95 38 1.500107
95 23 1.517325
95 41 1.517141
95 21 1.546834
95 37 1.535472
95 7 1.569806
95 49 1.532455
95 47 1.551067
95 17 1.625389
96 12 0.396750
96 9 0.445081
96 8 0.459873
96 14 0.450799
96 13 0.485368
96 10 0.523930
96 11 0.581743
96 0 0.624245
96 29 0.596054
96 32 0.627217
96 3 0.726903
96 1 0.769136
96 30 0.739103
96 7 0.782755
96 31 0.740336
96 5 0.819607
96 42 0.762764
96 50 0.766090
96 33 0.805475
96 44 0.792837
96 43 0.831528
96 28 0.871617
96 6 0.936616
96 23 0.913709
96 4 0.954161
96 45 0.923209
96 37 1.033541
96 47 1.020451
96 48 1.019857
96 16 1.078026
96 35 1.044352
96 36 1.041407
96 15 1.080179
96 2 1.098464
96 40 1.035829
96 38 1.038566
96 25 1.068253
96 17 1.083541
96 22 1.073053
96 18 1.086394
96 49 1.042015
96 39 1.087072
96 24 1.136595
96 20 1.148917
96 26 1.162466
96 41 1.158761
96 46 1.153735
96 27 1.211716
96 19 1.249569
96 34 1.226871
96 21 1.279500
97 8 0.578823
97 30 0.605750
97 13 0.633590
97 5 0.671862
97 10 0.669063
97 32 0.719123
97 1 0.828555
97 31 0.846770
97 44 0.846785
97 11 0.905396
97 6 0.911362
97 4 0.956333
97 22 0.958413
97 19 1.045209
97 28 1.035533
97 2 1.145092
97 38 1.108812
97 20 1.206124
97 47 1.194881
97 9 1.241555
97 39 1.219827
97 14 1.268146
97 23 1.261266
97 0 1.280610
97 29 1.254485
97 12 1.273707
97 24 1.287215
97 21 1.323995
97 48 1.383147
97 33 1.402323
97 42 1.445489
97 25 1.502235
97 15 1.520000
97 36 1.507718
97 16 1.545776
97 3 1.569962
97 45 1.525515
97 17 1.652040
97 40 1.630461
97 18 1.658399
97 46 1.625971
97 50 1.626482
97 43 1.639416
97 7 1.686407
97 26 1.676888
97 35 1.675411
97 34 1.699701
97 37 1.773595
97 27 1.826754
97 41 1.873775
97 49 1.889308
98 33 0.761378
98 0 0.881436
98 30 0.866476
98 3 0.896054
98 11 0.905781
98 8 1.000144
98 50 1.024505
98 42 1.037072
98 35 1.109386
98 44 1.139020
98 29 1.157454
98 28 1.174169
98 10 1.240145
98 5 1.263894
98 9 1.311609
98 12 1.311568
98 14 1.310578
98 45 1.297635
98 31 1.369071
98 34 1.365948
98 13 1.411412
98 25 1.400187
98 32 1.392751
98 22 1.490586
98 46 1.463756
98 27 1.507192
98 24 1.523771
98 1 1.555652
98 26 1.564122
98 43 1.572735
98 23 1.617498
98 20 1.650374
98 18 1.662307
98 48 1.628717
98 6 1.682516
98 17 1.675565
98 15 1.766744
98 38 1.741679
98 49 1.730666
98 21 1.763982
98 4 1.778017
98 36 1.777947
98 2 1.813012
98 40 1.863890
98 16 1.906144
98 19 1.937319
98 47 1.956042
98 7 2.013579
98 37 2.042157
98 39 2.052532
98 41 2.090372
99 8 0.549167
99 10 0.598526
99 9 0.600528
99 11 0.643058
99 12 0.643915
99 29 0.956347
99 14 1.000595
99 1 1.079855
99 13 1.090714
99 0 1.102040
99 3 1.130694
99 47 1.197901
99 31 1.218468
99 2 1.277468
99 4 1.277003
99 32 1.236299
99 44 1.252997
99 33 1.283263
99 28 1.294167
99 30 1.365594
99 6 1.401172
99 42 1.419876
99 35 1.429510
99 43 1.419693
99 24 1.447206
99 17 1.533938
99 25 1.552730
99 38 1.547346
99 20 1.579206
99 22 1.575671
99 27 1.593227
99 7 1.624556
99 19 1.625572
99 49 1.627128
99 26 1.688959
99 46 1.675954
99 18 1.732775
99 41 1.709314
99 36 1.741430
99 5 1.802128
99 16 1.810327
99 50 1.784558
99 40 1.832331
99 34 1.852317
99 39 1.867431
99 37 1.887478
99 48 1.943703
99 15 2.006553
99 45 2.015219
99 21 2.053619
99 23 2.091246
100 9 0.310604
100 8 0.339320
100 11 0.401614
100 13 0.371628
100 10 0.482297
100 3 0.557287
100 2 0.669204
100 32 0.244136
100 14 0.637164
100 1 0.705960
100 5 0.702078
100 12 0.685475
100 28 0.354790
100 30 0.374993
100 31 0.409109
100 7 0.834359
100 29 0.436337
100 0 0.867942
100 4 0.963734
100 33 0.490420
100 44 0.338667
100 19 0.869656
100 6 1.028804
100 25 0.751511
100 21 0.915192
100 15 1.088279
100 17 1.108354
100 16 1.133501
100 26 0.938145
100 23 1.066882
100 18 1.228964
100 20 1.179248
100 42 0.737107
100 24 1.074960
100 27 1.009403
100 22 1.174715
100 50 0.715424
100 39 0.829641
100 38 0.925357
100 48 0.800049
100 47 0.817541
100 49 0.834341
100 40 0.882860
100 35 1.037612
100 41 0.901456
100 43 0.940023
100 45 0.966678
100 36 1.100855
100 34 1.159362
100 37 1.214881
100 46 1.123466
101 8 0.459372
101 13 0.490063
101 9 0.549735
101 11 0.602913
101 1 0.790213
101 30 0.818368
101 29 0.820104
101 10 0.877273
101 5 0.983775
101 45 0.959877
101 14 1.046747
101 28 1.050599
101 40 1.040192
101 31 1.090093
101 44 1.074355
101 7 1.172944
101 4 1.175554
101 2 1.180544
101 3 1.180370
101 49 1.163369
101 39 1.190907
101 6 1.256213
101 50 1.211663
101 16 1.275899
101 33 1.279184
101 32 1.281119
101 12 1.323649
101 43 1.294222
101 20 1.332040
101 0 1.360531
101 24 1.464549
101 36 1.451228
101 48 1.436979
101 37 1.451198
101 41 1.446184
101 22 1.490753
101 42 1.500372
101 38 1.507615
101 17 1.553044
101 46 1.541276
101 19 1.573803
101 35 1.586615
101 47 1.628521
101 21 1.669649
101 23 1.688485
101 15 1.705223
101 26 1.708792
101 27 1.720301
101 34 1.724287
101 18 1.741901
101 25 1.756878
102 9 0.504897
102 11 0.518213
102 32 0.517958
102 29 0.537139
102 12 0.622264
102 33 0.618656
102 31 0.667622
102 5 0.781034
102 13 0.792771
102 1 0.852104
102 8 0.864758
102 7 0.877023
102 28 0.849834
102 3 0.903085
102 14 0.899464
102 44 0.911003
102 27 0.949742
102 49 0.950825
102 10 1.017117
102 26 1.008664
102 38 1.017865
102 16 1.057364
102 30 1.043981
102 21 1.083395
102 43 1.076951
102 6 1.160045
102 0 1.172581
102 34 1.129465
102 23 1.165997
102 41 1.151711
102 48 1.143822
102 35 1.170931
102 45 1.159559
102 37 1.169760
102 4 1.242782
102 2 1.246024
102 19 1.329864
102 25 1.320249
102 40 1.303678
102 18 1.333619
102 17 1.335107
102 42 1.302866
102 47 1.296938
102 15 1.338926
102 46 1.298933
102 24 1.352480
102 36 1.339367
102 22 1.377890
102 50 1.368812
102 20 1.417927
102 39 1.407683
103 9 0.409320
103 14 0.505212
103 10 0.634783
103 11 0.685420
103 29 0.765100
103 28 0.871224
103 4 0.941777
103 30 0.919190
103 0 0.976063
103 44 0.962771
103 32 0.978834
103 16 0.996572
103 8 1.159729
103 33 1.139059
103 31 1.140976
103 48 1.214913
103 21 1.261499
103 12 1.413373
103 42 1.470222
103 6 1.508158
103 45 1.469164
103 19 1.538824
103 49 1.521252
103 13 1.562110
103 40 1.597355
103 2 1.647398
103 38 1.627452
103 43 1.636020
103 37 1.643908
103 36 1.672786
103 18 1.704975
103 20 1.713427
103 3 1.738554
103 1 1.771694
103 23 1.777618
103 34 1.832210
103 39 1.835612
103 24 1.864192
103 15 1.875122
103 26 1.905166
103 27 1.926348
103 5 1.956214
103 17 1.968813
103 35 2.050349
103 50 2.032127
103 7 2.078720
103 25 2.063770
103 22 2.067676
103 41 2.097380
103 46 2.119387
103 47 2.176147
104 10 0.450628
104 13 0.460400
104 11 0.463374
104 9 0.553085
104 14 0.590743
104 8 0.622096
104 31 0.684407
104 5 0.897929
104 12 0.937507
104 44 0.919210
104 2 1.002494
104 0 1.004523
104 3 1.042585
104 33 0.998262
104 29 1.040332
104 38 1.100388
104 1 1.186390
104 28 1.165873
104 42 1.180412
104 19 1.225295
104 32 1.214045
104 50 1.196504
104 16 1.254014
104 36 1.219397
104 4 1.276498
104 6 1.305815
104 7 1.313669
104 30 1.308363
104 40 1.310102
104 17 1.365731
104 41 1.326581
104 34 1.368626
104 47 1.375504
104 39 1.420446
104 45 1.423288
104 35 1.440480
104 27 1.477060
104 48 1.458937
104 23 1.502053
104 22 1.506645
104 15 1.525205
104 25 1.522558
104 26 1.530600
104 37 1.529495
104 43 1.535415
104 18 1.600421
104 46 1.559370
104 21 1.606270
104 24 1.604251
104 49 1.637261
104 20 1.702415
105 9 0.454568
105 8 0.474405
105 44 0.483177
105 29 0.500142
105 12 0.547322
105 10 0.744349
105 28 0.763918
105 36 0.997770
105 13 1.059628
105 1 1.085085
105 5 1.081901
105 30 1.070300
105 4 1.122988
105 32 1.106487
105 31 1.115623
105 14 1.180494
105 40 1.147326
105 6 1.202645
105 7 1.207489
105 11 1.273600
105 33 1.266176
105 0 1.367830
105 45 1.381198
105 37 1.432290
105 24 1.479884
105 39 1.521912
105 47 1.565249
105 16 1.635515
105 34 1.619735
105 35 1.700624
105 3 1.779280
105 42 1.764157
105 22 1.840595
105 46 1.815244
105 27 1.886823
105 2 1.945101
105 26 1.918681
105 15 1.944163
105 43 1.940753
105 38 1.951633
105 18 2.034383
105 20 2.046978
105 21 2.051441
105 50 2.013953
105 48 2.023685
105 49 2.054629
105 23 2.101242
105 19 2.115840
105 17 2.125161
105 41 2.116783
105 25 2.151186
106 11 0.541985
106 9 0.605951
106 13 0.611512
106 31 0.888736
106 29 0.991129
106 33 1.029517
106 5 1.056320
106 12 1.188321
106 14 1.229298
106 8 1.235420
106 4 1.263364
106 10 1.305132
106 50 1.266237
106 45 1.290917
106 34 1.303734
106 30 1.401651
106 28 1.404459
106 1 1.432647
106 32 1.428620
106 47 1.423227
106 43 1.428557
106 41 1.433068
106 44 1.554325
106 0 1.615573
106 3 1.698715
106 21 1.703942
106 7 1.730716
106 2 1.779851
106 48 1.748434
106 19 1.851635
106 20 1.871254
106 38 1.859635
106 15 1.901581
106 40 1.884490
106 46 1.889035
106 16 1.948180
106 36 1.963439
106 17 2.004520
106 35 1.991792
106 39 2.025581
106 26 2.050404
106 25 2.134346
106 42 2.116505
106 22 2.156134
106 27 2.152140
106 49 2.144344
106 18 2.178467
106 37 2.173219
106 23 2.279353
106 24 2.278695
106 6 2.293095
107 9 0.570275
107 31 0.623408
107 13 0.678630
107 12 0.680295
107 10 0.737193
107 28 0.737913
107 0 1.036157
107 29 1.044858
107 8 1.067465
107 14 1.150818
107 2 1.159573
107 11 1.155234
107 32 1.134175
107 1 1.163064
107 16 1.152981
107 30 1.202639
107 4 1.272618
107 41 1.235857
107 6 1.319289
107 44 1.361018
107 33 1.548678
107 22 1.618559
107 26 1.650322
107 34 1.686631
107 49 1.685288
107 38 1.734291
107 45 1.726398
107 3 1.790808
107 47 1.812797
107 48 1.822811
107 25 1.865370
107 36 1.851879
107 27 1.864157
107 7 1.894445
107 5 1.897117
107 20 1.887725
107 24 1.898310
107 23 1.908911
107 37 1.906589
107 43 1.917442
107 40 1.930607
107 35 1.948194
107 18 1.980325
107 50 1.961619
107 42 1.988599
107 39 2.012996
107 15 2.041309
107 21 2.114230
107 19 2.124924
107 46 2.114877
107 17 2.319458
108 8 0.882075
108 33 0.879925
108 11 0.915655
108 30 0.958714
108 12 1.117488
108 28 1.120955
108 32 1.117258
108 5 1.175323
108 4 1.182342
108 2 1.242573
108 9 1.268769
108 0 1.310643
108 44 1.265484
108 13 1.334985
108 7 1.339733
108 14 1.356552
108 1 1.390949
108 10 1.385137
108 29 1.530256
108 35 1.535353
108 31 1.540340
108 26 1.659119
108 49 1.664672
108 40 1.769121
108 36 1.783986
108 16 1.872784
108 18 1.872299
108 37 1.873234
108 46 1.869088
108 3 2.007130
108 45 2.031111
108 34 2.055029
108 6 2.093829
108 27 2.124909
108 38 2.127564
108 24 2.151219
108 22 2.158823
108 48 2.127403
108 41 2.238266
108 23 2.268074
108 20 2.353869
108 43 2.325725
108 25 2.349985
108 17 2.364245
108 15 2.384481
108 39 2.362721
108 42 2.358699
108 50 2.390666
108 21 2.531404
108 47 2.513751
108 19 2.600129
109 9 0.509856
109 11 0.602245
109 44 0.607765
109 8 0.713304
109 14 0.773248
109 28 0.808307
109 32 0.834631
109 7 0.922900
109 33 0.900376
109 10 0.949285
109 30 0.934279
109 12 0.986386
109 29 0.970834
109 1 1.023704
109 22 1.071628
109 5 1.141953
109 13 1.169262
109 3 1.217991
109 31 1.193607
109 36 1.203494
109 43 1.216530
109 15 1.257395
109 2 1.284209
109 48 1.239247
109 27 1.301365
109 34 1.301670
109 47 1.392780
109 0 1.454017
109 21 1.432556
109 16 1.448731
109 39 1.433536
109 35 1.472521
109 37 1.485394
109 38 1.505972
109 41 1.523282
109 19 1.555368
109 25 1.573918
109 4 1.601806
109 17 1.603290
109 23 1.602959
109 6 1.619387
109 26 1.614826
109 24 1.632407
109 18 1.644794
109 46 1.621054
109 40 1.638337
109 50 1.633374
109 49 1.636572
109 42 1.649403
109 20 1.700386
109 45 1.720647
110 33 0.659292
110 28 0.787118
110 44 0.861566
110 14 1.018479
110 0 1.059688
110 42 1.021241
110 29 1.138676
110 30 1.207132
110 32 1.205004
110 9 1.229984
110 7 1.277833
110 11 1.283978
110 8 1.286542
110 31 1.313416
110 12 1.334846
110 2 1.342704
110 6 1.340433
110 10 1.390742
110 16 1.387940
110 39 1.394025
110 34 1.401473
110 13 1.482253
110 25 1.519856
110 45 1.493476
110 36 1.527943
110 48 1.551859
110 3 1.704756
110 24 1.690390
110 50 1.657173
110 43 1.666119
110 37 1.673244
110 49 1.659044
110 41 1.669739
110 47 1.662964
110 5 1.708416
110 17 1.757632
110 20 1.766127
110 40 1.752735
110 4 1.799773
110 19 1.812725
110 26 1.815488
110 35 1.825432
110 1 1.859899
110 15 1.860391
110 38 1.840809
110 27 1.868970
110 46 1.850184
110 21 1.883830
110 18 1.911181
110 22 1.967973
110 23 2.078519
111 31 0.406465
111 11 0.602443
111 3 0.609720
111 5 0.637131
111 44 0.596715
111 33 0.622354
111 43 0.851675
111 13 0.922199
111 10 1.260708
111 21 1.264212
111 1 1.282060
111 50 1.228871
111 47 1.233425
111 7 1.278742
111 29 1.260802
111 9 1.278212
111 30 1.260328
111 28 1.262920
111 12 1.290715
111 17 1.288374
111 38 1.263043
111 8 1.314967
111 14 1.327533
111 19 1.334467
111 32 1.344727
111 18 1.397258
111 2 1.411367
111 39 1.370538
111 0 1.415442
111 48 1.372100
111 23 1.436218
111 16 1.447981
111 45 1.413316
111 15 1.469005
111 42 1.443862
111 4 1.486368
111 34 1.484166
111 25 1.499760
111 46 1.479325
111 41 1.499472
111 20 1.544240
111 6 1.586900
111 27 1.577485
111 35 1.597578
111 36 1.605555
111 22 1.626092
111 49 1.611659
111 40 1.647059
111 26 1.712659
111 24 1.755054
111 37 1.756488
112 9 0.672660
112 32 0.707057
112 8 0.777210
112 11 0.903172
112 13 1.000947
112 44 1.086063
112 31 1.222735
112 3 1.276094
112 14 1.269385
112 0 1.349507
112 1 1.349505
112 30 1.392775
112 26 1.397861
112 2 1.482083
112 10 1.477612
112 43 1.438109
112 28 1.462049
112 49 1.503060
112 36 1.522045
112 42 1.581734
112 29 1.616169
112 27 1.637846
112 50 1.617291
112 33 1.692247
112 12 1.721205
112 40 1.684866
112 5 1.765027
112 45 1.719386
112 46 1.736244
112 16 1.813471
112 47 1.784145
112 37 1.938995
112 24 1.961925
112 7 1.976080
112 25 1.961345
112 6 1.991015
112 38 1.989319
112 34 2.020649
112 17 2.058176
112 35 2.076622
112 4 2.135274
112 20 2.178481
112 15 2.199005
112 41 2.163998
112 48 2.182836
112 23 2.239086
112 18 2.260018
112 22 2.267323
112 39 2.277541
112 19 2.307761
112 21 2.358881
113 29 0.586877
113 14 0.679372
113 11 0.733606
113 28 0.820793
113 12 0.858457
113 8 0.936621
113 13 0.966835
113 31 0.960602
113 9 0.996385
113 41 0.960371
113 45 1.047599
113 30 1.094644
113 44 1.084719
113 32 1.141901
113 5 1.216589
113 7 1.252338
113 3 1.257687
113 21 1.266635
113 10 1.287869
113 34 1.292866
113 36 1.300370
113 17 1.346853
113 37 1.350005
113 19 1.391600
113 4 1.461458
113 33 1.441108
113 40 1.444003
113 42 1.474124
113 6 1.524352
113 35 1.516385
113 0 1.570062
113 49 1.524790
113 1 1.593409
113 39 1.557453
113 15 1.632139
113 27 1.638956
113 2 1.665393
113 23 1.686301
113 48 1.667869
113 16 1.715880
113 46 1.691307
113 43 1.698731
113 50 1.707302
113 38 1.776109
113 47 1.781739
113 18 1.828718
113 20 1.841363
113 25 1.841106
113 26 1.841466
113 22 1.920758
113 24 2.030476
114 11 0.527099
114 8 0.552832
114 14 0.622394
114 9 0.668579
114 0 0.773116
114 1 0.846337
114 32 0.858614
114 3 0.904926
114 31 0.938775
114 12 1.027133
114 5 1.040395
114 30 1.015388
114 10 1.098295
114 44 1.044143
114 2 1.139747
114 29 1.143821
114 13 1.192799
114 4 1.200862
114 28 1.205996
114 33 1.293885
114 40 1.551933
114 42 1.585392
114 43 1.924722
114 46 1.967609
114 34 2.026576
114 25 2.149851
114 45 2.121392
114 27 2.190856
114 26 2.192170
114 6 2.239196
114 22 2.272860
114 36 2.266943
114 16 2.363859
114 50 2.313298
114 7 2.391913
114 37 2.350798
114 19 2.435466
114 48 2.398813
114 18 2.451068
114 24 2.445075
114 15 2.473907
114 39 2.482300
114 20 2.523266
114 41 2.511759
114 23 2.570009
114 21 2.588579
114 35 2.622919
114 47 2.625359
114 49 2.626904
114 17 2.733847
114 38 2.768276
115 10 0.638363
115 8 0.663369
115 45 0.643942
115 11 0.705568
115 28 0.748308
115 29 0.901004
115 0 0.966137
115 30 0.991817
115 12 1.217916
115 14 1.217676
115 9 1.222391
115 4 1.226803
115 2 1.228726
115 1 1.250814
115 3 1.250017
115 44 1.203670
115 32 1.225178
115 18 1.259195
115 47 1.252810
115 31 1.310477
115 6 1.371054
115 13 1.454420
115 40 1.492870
115 36 1.615917
115 25 1.647803
115 33 1.813818
115 21 1.843845
115 19 1.920371
115 24 1.925201
115 23 1.927987
115 22 1.967124
115 16 1.973924
115 49 1.946041
115 26 2.000816
115 20 2.016235
115 38 1.998951
115 34 2.027885
115 39 2.037936
115 48 2.049689
115 41 2.066395
115 27 2.128633
115 43 2.111222
115 17 2.147781
115 5 2.176986
115 42 2.134078
115 35 2.159900
115 15 2.207535
115 37 2.179090
115 46 2.187908
115 7 2.270425
115 50 2.234603
116 11 0.553908
116 8 0.601718
116 9 0.745649
116 10 0.769427
116 12 0.960578
116 6 1.031044
116 4 1.067971
116 13 1.060397
116 14 1.107166
116 2 1.124767
116 28 1.155558
116 29 1.251647
116 7 1.332127
116 3 1.337724
116 17 1.315296
116 31 1.255772
116 15 1.346551
116 0 1.392978
116 5 1.457044
116 32 1.410492
116 1 1.505039
116 33 1.443680
116 44 1.454126
116 16 1.702691
116 30 1.656171
116 22 1.883920
116 19 1.917504
116 25 1.903819
116 18 1.975527
116 34 1.962847
116 20 2.062337
116 46 1.998980
116 38 2.091662
116 26 2.161124
116 21 2.196362
116 43 2.144234
116 48 1.948395
116 42 2.161659
116 45 2.177241
116 49 1.924203
116 37 2.213512
116 24 2.284348
116 47 2.088044
116 40 2.232229
116 27 2.274105
116 35 2.251789
116 50 1.907433
116 41 2.233847
116 36 2.287213
116 39 2.277741
116 23 2.446940
117 9 0.681397
117 11 0.916479
117 12 0.916866
117 8 1.087910
117 13 1.157300
117 10 1.160248
117 32 1.173641
117 0 1.251342
117 14 1.285525
117 3 1.383715
117 29 1.403687
117 20 1.453653
117 25 1.481304
117 5 1.668240
117 31 1.633928
117 28 1.639702
117 47 1.708774
117 2 1.776904
117 7 1.774184
117 30 1.776242
117 33 1.851143
117 38 1.897351
117 44 1.917151
117 40 1.933132
117 49 1.950136
117 6 2.019546
117 16 2.087822
117 37 2.188484
117 50 2.167621
117 23 2.242828
117 1 2.278475
117 35 2.254365
117 41 2.261803
117 18 2.322500
117 36 2.309500
117 27 2.415575
117 26 2.439400
117 34 2.434390
117 45 2.427831
117 17 2.507237
117 43 2.475631
117 22 2.519824
117 39 2.482631
117 4 2.551499
117 19 2.565929
117 42 2.534785
117 15 2.596956
117 46 2.640389
117 21 2.695529
117 24 2.692519
117 48 2.818321
118 8 0.534110
118 10 0.711933
118 31 0.745084
118 28 0.834099
118 11 0.920493
118 32 0.998677
118 44 1.065742
118 4 1.188186
118 9 1.211051
118 0 1.241348
118 12 1.271533
118 29 1.365885
118 7 1.387041
118 14 1.382564
118 2 1.392807
118 46 1.511687
118 13 1.600774
118 41 1.563469
118 30 1.630124
118 33 1.623103
118 26 1.737240
118 50 1.726948
118 3 1.822915
118 40 1.784024
118 34 1.855989
118 22 1.989680
118 20 1.992511
118 48 1.948594
118 6 2.004523
118 17 1.996592
118 39 1.965399
118 38 1.966582
118 1 2.010908
118 19 2.008163
118 24 2.004221
118 16 2.013350
118 42 1.974480
118 5 2.034282
118 27 2.013823
118 18 2.059746
118 35 2.055177
118 37 2.074979
118 25 2.131418
118 36 2.165690
118 47 2.193987
118 15 2.257672
118 21 2.264075
118 23 2.334564
118 43 2.323250
118 45 2.373021
118 49 2.383870
119 44 0.576249
119 11 0.671427
119 12 0.821760
119 28 0.845553
119 13 0.866501
119 32 1.015781
119 10 1.205818
119 30 1.223979
119 0 1.248721
119 3 1.338822
119 33 1.355177
119 14 1.415290
119 48 1.372944
119 8 1.467296
119 29 1.495507
119 45 1.479869
119 9 1.621417
119 41 1.616446
119 5 1.671028
119 16 1.711762
119 31 1.701876
119 26 1.734996
119 4 1.763016
119 46 1.748060
119 2 1.960272
119 39 1.936713
119 19 1.977595
119 37 1.952710
119 15 1.992871
119 22 1.987550
119 1 2.013064
119 18 2.027346
119 34 2.020543
119 7 2.057261
119 17 2.052068
119 36 2.029736
119 27 2.053942
119 25 2.057898
119 23 2.082720
119 49 2.089313
119 50 2.136905
119 40 2.155635
119 21 2.194187
119 6 2.216708
119 20 2.264733
119 43 2.250422
119 24 2.304391
119 42 2.284175
119 35 2.294411
119 38 2.451256
119 47 2.493427
120 9 0.834521
120 12 0.832846
120 13 0.909611
120 14 1.322845
120 10 1.329607
120 44 1.479167
120 8 1.643918
120 28 1.598360
120 3 1.849139
120 31 1.794646
120 5 1.957752
120 4 1.959952
120 6 1.957762
120 2 2.089216
120 11 2.330306
120 33 2.283363
120 29 2.316245
120 1 2.372233
120 26 2.377706
120 19 2.396984
120 32 2.414684
120 30 2.498947
120 41 2.509419
120 18 2.560849
120 0 2.589819
120 22 2.592870
120 7 2.654950
120 20 2.629419
120 16 2.677241
120 43 2.613074
120 42 2.776587
120 47 2.685662
120 34 2.877768
120 40 2.917901
120 27 2.943818
120 39 2.922843
120 46 2.831235
120 24 3.022625
120 49 2.812349
120 36 3.046796
120 25 3.073368
120 48 2.909246
120 45 2.944713
120 37 3.109616
120 17 3.177975
120 50 2.967302
120 35 3.186647
120 23 3.229533
120 21 3.330712
120 38 3.301013
120 15 3.358820
