21 1 0.133599
21 10 0.112383
21 8 0.136289
21 0 0.152126
21 4 0.145888
21 2 0.153388
21 9 0.142955
21 5 0.164548
21 3 0.177301
21 11 0.158871
21 12 0.126692
21 7 0.191067
21 6 0.193917
21 13 0.144255
21 15 0.109623
21 17 0.097673
21 18 0.115474
21 16 0.131872
21 22 0.135833
21 14 0.185370
21 23 0.149012
21 32 0.163013
21 29 0.167029
21 25 0.187613
21 45 0.161925
21 39 0.171985
21 20 0.202253
21 48 0.162669
21 24 0.195482
21 26 0.194339
21 19 0.206515
21 31 0.193552
21 36 0.190975
21 38 0.186703
21 34 0.190396
21 37 0.190660
21 44 0.180454
21 46 0.179197
21 21 0.217528
21 42 0.188782
21 50 0.180873
21 43 0.187132
21 49 0.182677
21 33 0.205195
21 41 0.196835
21 40 0.201018
21 35 0.207922
21 30 0.214591
21 28 0.219935
21 27 0.224445
21 47 0.204351
22 0 0.132592
22 8 0.144044
22 5 0.160005
22 2 0.167036
22 1 0.168236
22 7 0.164917
22 6 0.200521
22 9 0.203167
22 10 0.220888
22 12 0.253653
22 32 0.232713
22 14 0.255777
22 28 0.241508
22 29 0.254706
22 3 0.283268
22 22 0.264954
22 26 0.261807
22 31 0.256038
22 20 0.268739
22 34 0.253873
22 4 0.293121
22 18 0.279285
22 41 0.251327
22 16 0.283574
22 30 0.267399
22 36 0.263304
22 15 0.287332
22 46 0.252141
22 49 0.248412
22 43 0.260987
22 50 0.253819
22 13 0.301331
22 48 0.256898
22 11 0.303641
22 44 0.263408
22 45 0.263184
22 47 0.261175
22 24 0.291393
22 33 0.282070
22 23 0.293137
22 40 0.270605
22 19 0.297718
22 21 0.295620
22 39 0.279296
22 25 0.295784
22 42 0.273938
22 27 0.294636
22 17 0.308122
22 35 0.290024
22 37 0.290172
22 38 0.294439
23 1 0.147162
23 0 0.152354
23 3 0.150230
23 5 0.149074
23 4 0.154751
23 2 0.160880
23 7 0.212237
23 10 0.220436
23 9 0.227959
23 11 0.233323
23 29 0.219449
23 14 0.238516
23 32 0.220460
23 12 0.241119
23 6 0.253485
23 35 0.225707
23 13 0.248494
23 34 0.235609
23 8 0.261140
23 33 0.238623
23 38 0.234711
23 15 0.260025
23 50 0.224164
23 16 0.261626
23 21 0.257642
23 42 0.234833
23 17 0.263615
23 39 0.239968
23 18 0.263113
23 30 0.249910
23 44 0.235537
23 45 0.234685
23 19 0.264185
23 24 0.258012
23 23 0.259407
23 31 0.251357
23 20 0.264359
23 27 0.256570
23 36 0.248789
23 47 0.237281
23 26 0.262271
23 28 0.261009
23 37 0.254258
23 22 0.271657
23 43 0.249700
23 41 0.253194
23 40 0.254667
23 49 0.245973
23 48 0.247977
23 46 0.251336
23 25 0.275077
24 0 0.113133
24 5 0.126914
24 3 0.137437
24 4 0.137039
24 1 0.145524
24 2 0.145623
24 8 0.170046
24 6 0.210510
24 11 0.212114
24 9 0.216259
24 10 0.221286
24 20 0.213178
24 17 0.219859
24 12 0.225293
24 15 0.235794
24 14 0.236839
24 31 0.222123
24 27 0.227463
24 13 0.240961
24 39 0.217444
24 7 0.246993
24 48 0.213493
24 23 0.240765
24 36 0.228644
24 29 0.235666
24 30 0.234928
24 42 0.225442
24 25 0.244753
24 37 0.233252
24 22 0.247679
24 28 0.241920
24 18 0.251848
24 32 0.239501
24 38 0.234222
24 44 0.227162
24 46 0.226143
24 41 0.232935
24 50 0.222604
24 16 0.257956
24 34 0.241292
24 33 0.242790
24 19 0.255999
24 26 0.250986
24 24 0.253625
24 49 0.227869
24 45 0.234390
24 43 0.237581
24 47 0.233591
24 35 0.247404
24 21 0.261811
24 40 0.246202
25 1 0.127603
25 0 0.132063
25 5 0.134674
25 3 0.137241
25 2 0.146047
25 4 0.146546
25 7 0.144999
25 6 0.198259
25 9 0.208201
25 14 0.222584
25 8 0.238963
25 10 0.237588
25 20 0.231432
25 29 0.227653
25 11 0.245733
25 13 0.247740
25 12 0.249207
25 30 0.232310
25 31 0.240633
25 17 0.256293
25 33 0.239708
25 21 0.253056
25 32 0.241744
25 44 0.233517
25 42 0.237173
25 24 0.257203
25 39 0.242799
25 26 0.260507
25 28 0.259041
25 19 0.269336
25 16 0.274775
25 50 0.239800
25 34 0.256189
25 18 0.275651
25 22 0.271297
25 36 0.257025
25 41 0.253846
25 38 0.256505
25 48 0.247629
25 23 0.273863
25 40 0.257227
25 45 0.252334
25 43 0.255268
25 35 0.263852
25 46 0.253938
25 27 0.273191
25 37 0.263078
25 15 0.286121
25 49 0.251819
25 25 0.277869
25 47 0.255141
26 3 0.107272
26 0 0.112840
26 6 0.133019
26 1 0.150129
26 4 0.153470
26 2 0.157883
26 5 0.163117
26 9 0.196505
26 11 0.213312
26 19 0.214142
26 13 0.226687
26 8 0.235594
26 20 0.226545
26 17 0.232529
26 37 0.213298
26 38 0.213198
26 21 0.236805
26 34 0.223975
26 42 0.216928
26 10 0.250907
26 23 0.238359
26 14 0.246541
26 50 0.211022
26 12 0.250148
26 33 0.232122
26 44 0.219983
26 30 0.239264
26 29 0.240793
26 16 0.254909
26 41 0.229631
26 24 0.247542
26 18 0.257389
26 39 0.235927
26 47 0.227961
26 28 0.249391
26 35 0.244226
26 32 0.247483
26 48 0.230971
26 7 0.272561
26 26 0.255899
26 22 0.260048
26 46 0.234927
26 31 0.252158
26 45 0.237896
26 49 0.234286
26 27 0.258972
26 40 0.245070
26 25 0.263877
26 15 0.279502
26 43 0.250550
26 36 0.262715
27 0 0.127803
27 1 0.140663
27 5 0.150212
27 3 0.151873
27 4 0.154445
27 2 0.156133
27 6 0.193726
27 7 0.209883
27 10 0.219124
27 38 0.200068
27 9 0.237523
27 33 0.217002
27 12 0.243719
27 14 0.242545
27 13 0.244032
27 8 0.252825
27 34 0.229962
27 21 0.246480
27 15 0.251641
27 24 0.244199
27 22 0.248079
27 39 0.230811
27 16 0.256861
27 28 0.247824
27 32 0.244503
27 50 0.226164
27 42 0.236216
27 25 0.254631
27 47 0.231985
27 11 0.267657
27 29 0.251817
27 17 0.265024
27 31 0.250208
27 19 0.263985
27 18 0.265164
27 46 0.236007
27 45 0.237928
27 23 0.263168
27 35 0.250117
27 27 0.259540
27 26 0.262187
27 30 0.259045
27 44 0.243486
27 43 0.245774
27 20 0.271416
27 40 0.250608
27 48 0.243686
27 41 0.251292
27 36 0.257071
27 37 0.256460
27 49 0.251574
28 0 0.125929
28 1 0.137141
28 2 0.141250
28 3 0.140675
28 5 0.148603
28 6 0.156671
28 4 0.200020
28 8 0.209109
28 9 0.246036
28 11 0.244521
28 49 0.215415
28 10 0.256558
28 27 0.243336
28 19 0.253572
28 15 0.258267
28 17 0.256902
28 41 0.233087
28 23 0.252633
28 12 0.262751
28 7 0.266785
28 14 0.263692
28 20 0.259785
28 31 0.250443
28 16 0.265232
28 28 0.255406
28 21 0.265017
28 18 0.267893
28 40 0.246373
28 36 0.252520
28 42 0.247392
28 13 0.276743
28 30 0.261470
28 44 0.247002
28 33 0.259489
28 29 0.263420
28 50 0.242584
28 32 0.263500
28 45 0.250363
28 47 0.249223
28 39 0.257084
28 38 0.259091
28 43 0.254894
28 25 0.274141
28 26 0.273646
28 35 0.264318
28 24 0.276511
28 37 0.265332
28 22 0.280467
28 34 0.269216
28 48 0.257768
28 46 0.262405
29 0 0.114618
29 1 0.155865
29 4 0.164274
29 2 0.169167
29 3 0.172470
29 5 0.172436
29 8 0.214401
29 6 0.243428
29 9 0.251703
29 14 0.272376
29 11 0.283472
29 13 0.284175
29 10 0.290781
29 12 0.289857
29 15 0.288099
29 7 0.294845
29 34 0.270877
29 31 0.274145
29 28 0.277856
29 37 0.268400
29 30 0.276106
29 42 0.263052
29 33 0.274180
29 20 0.290667
29 19 0.291661
29 32 0.278264
29 22 0.289011
29 29 0.284164
29 44 0.267935
29 21 0.293238
29 43 0.275019
29 24 0.296126
29 27 0.293039
29 26 0.296014
29 39 0.285530
29 17 0.311234
29 49 0.278986
29 25 0.307638
29 23 0.309900
29 36 0.297333
29 38 0.294911
29 40 0.293102
29 16 0.323017
29 41 0.298718
29 18 0.323312
29 50 0.289304
29 46 0.293629
29 45 0.297420
29 35 0.310266
29 48 0.302056
29 47 0.308455
30 0 0.130612
30 4 0.141339
30 5 0.143695
30 1 0.150941
30 3 0.153191
30 2 0.157612
30 11 0.201633
30 7 0.207722
30 29 0.232053
30 9 0.253834
30 13 0.251032
30 32 0.242629
30 25 0.256198
30 27 0.253740
30 23 0.258805
30 15 0.268451
30 8 0.274462
30 28 0.256096
30 19 0.266455
30 21 0.265964
30 40 0.245515
30 10 0.277017
30 6 0.280273
30 14 0.274763
30 30 0.260712
30 20 0.271781
30 44 0.246121
30 17 0.275747
30 33 0.259897
30 26 0.270911
30 12 0.285541
30 38 0.263932
30 36 0.268848
30 35 0.270992
30 47 0.258522
30 31 0.280026
30 43 0.266988
30 22 0.292796
30 41 0.272318
30 16 0.302357
30 42 0.274324
30 18 0.300780
30 45 0.272112
30 49 0.268379
30 37 0.283710
30 46 0.274682
30 50 0.271042
30 39 0.288305
30 34 0.293920
30 24 0.305165
30 48 0.287681
31 3 0.151137
31 5 0.157104
31 0 0.160835
31 2 0.168675
31 1 0.174636
31 4 0.175725
31 6 0.191813
31 8 0.193550
31 11 0.235680
31 33 0.215663
31 21 0.234663
31 20 0.239875
31 13 0.252726
31 17 0.251951
31 19 0.250423
31 9 0.260311
31 12 0.258290
31 10 0.260626
31 31 0.242177
31 44 0.229081
31 29 0.245177
31 22 0.252519
31 37 0.238301
31 14 0.260821
31 42 0.233737
31 23 0.254110
31 27 0.251171
31 34 0.250718
31 50 0.234206
31 28 0.261005
31 30 0.258999
31 46 0.243012
31 24 0.266806
31 47 0.243991
31 32 0.260218
31 41 0.252983
31 38 0.258203
31 25 0.271232
31 26 0.270748
31 49 0.248746
31 16 0.284355
31 7 0.292888
31 39 0.266541
31 35 0.273695
31 15 0.293915
31 18 0.292501
31 48 0.261561
31 36 0.278587
31 40 0.274839
31 43 0.272638
31 45 0.280213
32 7 0.160586
32 0 0.166955
32 2 0.166798
32 4 0.166776
32 1 0.169769
32 3 0.247245
32 11 0.245956
32 33 0.238383
32 10 0.261366
32 13 0.261172
32 14 0.261974
32 30 0.248768
32 6 0.272188
32 12 0.277643
32 8 0.282595
32 31 0.262774
32 44 0.248836
32 9 0.284506
32 28 0.271735
32 5 0.290942
32 17 0.282869
32 20 0.280759
32 29 0.278573
32 16 0.296361
32 22 0.291787
32 19 0.295632
32 36 0.279252
32 40 0.280622
32 23 0.298429
32 15 0.306639
32 39 0.285256
32 21 0.303597
32 37 0.288265
32 32 0.292788
32 18 0.308957
32 25 0.304116
32 34 0.295221
32 43 0.286577
32 38 0.296967
32 24 0.311873
32 49 0.287473
32 26 0.314100
32 45 0.295566
32 47 0.294998
32 42 0.301803
32 35 0.310855
32 41 0.308228
32 27 0.324479
32 48 0.305134
32 50 0.303456
32 46 0.307901
33 2 0.147671
33 0 0.161868
33 1 0.175622
33 5 0.175595
33 4 0.177557
33 6 0.182268
33 10 0.200780
33 9 0.246779
33 11 0.253699
33 30 0.238886
33 12 0.255532
33 33 0.236459
33 32 0.241812
33 8 0.269279
33 44 0.237850
33 14 0.268923
33 28 0.259046
33 13 0.284289
33 3 0.294752
33 15 0.285926
33 29 0.273250
33 7 0.296121
33 25 0.282741
33 31 0.276657
33 18 0.289181
33 36 0.274152
33 19 0.293421
33 22 0.291467
33 21 0.293265
33 16 0.298430
33 38 0.278476
33 39 0.280101
33 20 0.303789
33 43 0.283657
33 34 0.296264
33 35 0.295343
33 27 0.303623
33 41 0.290830
33 42 0.291956
33 45 0.291416
33 37 0.302867
33 48 0.293479
33 24 0.319295
33 47 0.297171
33 46 0.298351
33 49 0.296715
33 17 0.332945
33 40 0.310518
33 23 0.329633
33 26 0.331392
33 50 0.306521
34 3 0.144470
34 0 0.147076
34 1 0.150251
34 4 0.152817
34 2 0.159534
34 9 0.205416
34 5 0.214313
34 6 0.235970
34 11 0.237892
34 10 0.242003
34 12 0.248770
34 8 0.254130
34 32 0.251507
34 7 0.274404
34 29 0.254212
34 14 0.269181
34 28 0.257021
34 19 0.270369
34 17 0.272559
34 33 0.258272
34 44 0.245124
34 26 0.267914
34 47 0.245579
34 40 0.253289
34 36 0.261111
34 22 0.274730
34 30 0.267483
34 21 0.277370
34 31 0.267566
34 20 0.279059
34 38 0.262545
34 16 0.284426
34 23 0.278745
34 18 0.285106
34 15 0.289143
34 34 0.271852
34 43 0.263042
34 13 0.295147
34 25 0.284829
34 45 0.264763
34 41 0.271602
34 50 0.264392
34 42 0.276313
34 37 0.284508
34 46 0.276030
34 35 0.290319
34 39 0.286821
34 27 0.299942
34 48 0.277419
34 49 0.280498
34 24 0.309628
35 6 0.186547
35 0 0.207671
35 5 0.207498
35 3 0.211565
35 2 0.226962
35 9 0.258607
35 4 0.265664
35 8 0.288676
35 31 0.268181
35 28 0.294838
35 1 0.315591
35 10 0.306815
35 12 0.322800
35 30 0.304273
35 14 0.322662
35 33 0.303818
35 44 0.288175
35 17 0.323148
35 32 0.308430
35 42 0.293373
35 29 0.320272
35 37 0.310320
35 50 0.307351
35 20 0.346311
35 21 0.352974
35 11 0.364798
35 46 0.324768
35 41 0.338174
35 48 0.328394
35 38 0.345658
35 13 0.376585
35 19 0.372391
35 26 0.367246
35 16 0.380678
35 18 0.379402
35 24 0.378674
35 35 0.370578
35 36 0.367779
35 47 0.354646
35 7 0.404374
35 40 0.367137
35 22 0.395968
35 34 0.391497
35 49 0.369386
35 15 0.415208
35 23 0.407563
35 43 0.386285
35 25 0.410010
35 27 0.412421
35 39 0.397954
35 45 0.393173
36 8 0.131928
36 0 0.141628
36 1 0.141546
36 2 0.160558
36 3 0.169404
36 10 0.207891
36 9 0.212122
36 4 0.241901
36 13 0.237082
36 11 0.260526
36 29 0.258107
36 14 0.276730
36 12 0.278502
36 32 0.260688
36 44 0.255716
36 50 0.250185
36 25 0.277595
36 19 0.286946
36 31 0.276060
36 23 0.284235
36 16 0.291090
36 30 0.278283
36 26 0.282296
36 39 0.269971
36 37 0.274558
36 33 0.279211
36 6 0.303796
36 21 0.291705
36 24 0.289347
36 34 0.279389
36 15 0.297984
36 18 0.296757
36 28 0.288605
36 17 0.300144
36 20 0.297417
36 47 0.270698
36 22 0.297072
36 42 0.277202
36 48 0.276885
36 5 0.321458
36 46 0.282204
36 36 0.293790
36 7 0.320890
36 38 0.293768
36 43 0.291258
36 45 0.289364
36 27 0.314979
36 35 0.307669
36 49 0.294101
36 40 0.305879
36 41 0.313955
37 4 0.199962
37 2 0.201837
37 1 0.209302
37 0 0.212159
37 8 0.229958
37 3 0.235349
37 6 0.247011
37 9 0.248032
37 11 0.277452
37 5 0.302022
37 44 0.248676
37 14 0.298947
37 10 0.321127
37 32 0.301464
37 25 0.309482
37 12 0.328769
37 24 0.313825
37 29 0.311236
37 30 0.313418
37 37 0.309697
37 17 0.338230
37 13 0.343183
37 22 0.331489
37 20 0.340483
37 46 0.309153
37 7 0.381815
37 16 0.371521
37 31 0.353703
37 33 0.353889
37 50 0.325578
37 42 0.336881
37 27 0.367885
37 18 0.383285
37 28 0.371720
37 40 0.353647
37 15 0.395492
37 48 0.350650
37 38 0.373179
37 26 0.395904
37 34 0.387394
37 47 0.364228
37 43 0.377030
37 23 0.409045
37 36 0.395693
37 39 0.395307
37 35 0.402905
37 45 0.389033
37 19 0.440522
37 21 0.441534
37 41 0.420774
37 49 0.412384
38 0 0.203356
38 2 0.202442
38 4 0.203669
38 6 0.210132
38 5 0.229243
38 11 0.249448
38 30 0.234936
38 14 0.252044
38 8 0.269642
38 1 0.277164
38 12 0.274184
38 44 0.265589
38 13 0.296512
38 31 0.284987
38 3 0.308346
38 9 0.304635
38 28 0.297785
38 10 0.313204
38 32 0.294614
38 29 0.306210
38 33 0.310618
38 7 0.339654
38 21 0.333844
38 17 0.341107
38 18 0.341035
38 34 0.326991
38 23 0.338326
38 45 0.322873
38 40 0.333349
38 41 0.334422
38 35 0.341673
38 39 0.340410
38 15 0.363462
38 42 0.336940
38 46 0.332951
38 48 0.331514
38 43 0.337456
38 19 0.362661
38 22 0.362145
38 25 0.362497
38 16 0.374609
38 47 0.344570
38 26 0.367268
38 27 0.366933
38 37 0.360271
38 50 0.350468
38 20 0.383511
38 49 0.353177
38 24 0.379466
38 36 0.369551
38 38 0.368791
39 0 0.156107
39 5 0.165750
39 3 0.181826
39 1 0.193590
39 8 0.205037
39 4 0.220967
39 2 0.234110
39 9 0.250477
39 11 0.253162
39 14 0.251745
39 10 0.256065
39 13 0.254325
39 20 0.274491
39 28 0.265732
39 17 0.277834
39 6 0.287311
39 12 0.282145
39 31 0.263862
39 33 0.267201
39 7 0.305017
39 19 0.297347
39 48 0.268133
39 32 0.287002
39 30 0.289422
39 29 0.296053
39 21 0.306803
39 44 0.282758
39 18 0.318386
39 39 0.296738
39 23 0.314886
39 22 0.324224
39 25 0.321117
39 46 0.306033
39 45 0.307656
39 15 0.340056
39 37 0.320090
39 43 0.314496
39 27 0.335612
39 40 0.322995
39 16 0.348133
39 41 0.323374
39 26 0.341073
39 24 0.344043
39 35 0.333065
39 38 0.333241
39 49 0.324737
39 36 0.339769
39 34 0.341816
39 50 0.327267
39 42 0.339982
39 47 0.356796
40 6 0.137360
40 5 0.166797
40 0 0.173602
40 4 0.184829
40 2 0.205240
40 1 0.206523
40 10 0.245492
40 13 0.246196
40 12 0.265089
40 19 0.261872
40 8 0.271786
40 31 0.250537
40 17 0.266306
40 14 0.269717
40 3 0.278325
40 33 0.250859
40 21 0.264468
40 9 0.274668
40 11 0.275752
40 44 0.247827
40 34 0.261162
40 16 0.288301
40 18 0.287017
40 30 0.277526
40 32 0.277793
40 7 0.304654
40 22 0.293170
40 29 0.287029
40 23 0.295120
40 28 0.291724
40 25 0.313651
40 20 0.321181
40 35 0.306371
40 43 0.301342
40 38 0.308111
40 42 0.303516
40 15 0.333315
40 47 0.305157
40 46 0.307593
40 36 0.319632
40 37 0.320839
40 40 0.317837
40 24 0.339077
40 26 0.338689
40 50 0.314022
40 41 0.324900
40 48 0.320768
40 39 0.334113
40 45 0.328784
40 27 0.350231
40 49 0.329105
41 3 0.177627
41 0 0.202481
41 5 0.206726
41 1 0.224744
41 7 0.239519
41 4 0.250777
41 8 0.262524
41 9 0.262213
41 13 0.266920
41 14 0.266503
41 29 0.256623
41 33 0.265350
41 6 0.294048
41 11 0.301981
41 32 0.284170
41 16 0.310430
41 2 0.325481
41 44 0.284936
41 18 0.314387
41 28 0.308619
41 20 0.318065
41 43 0.297549
41 39 0.304748
41 31 0.315552
41 17 0.331422
41 35 0.316328
41 12 0.339199
41 21 0.333143
41 30 0.333726
41 10 0.352543
41 34 0.334050
41 37 0.337295
41 22 0.358573
41 41 0.341623
41 15 0.370369
41 45 0.339412
41 25 0.363018
41 26 0.366406
41 24 0.368316
41 27 0.369503
41 19 0.377118
41 48 0.351684
41 46 0.355664
41 23 0.384100
41 40 0.369868
41 42 0.367659
41 49 0.362333
41 38 0.378539
41 47 0.369458
41 50 0.366338
41 36 0.393727
42 0 0.182931
42 1 0.222049
42 3 0.239713
42 5 0.235493
42 9 0.177357
42 11 0.185211
42 12 0.187979
42 6 0.267151
42 2 0.307653
42 10 0.200054
42 4 0.286068
42 14 0.204509
42 13 0.215303
42 8 0.244652
42 20 0.192825
42 7 0.331709
42 17 0.247736
42 19 0.245497
42 21 0.235985
42 15 0.283315
42 23 0.237724
42 16 0.290842
42 29 0.175032
42 18 0.329953
42 24 0.301801
42 31 0.201084
42 30 0.204112
42 25 0.304256
42 34 0.187939
42 22 0.315472
42 27 0.247282
42 26 0.307961
42 32 0.222314
42 28 0.269282
42 44 0.211861
42 33 0.246496
42 43 0.234458
42 35 0.260870
42 37 0.266414
42 47 0.219791
42 41 0.265082
42 48 0.234040
42 49 0.233780
42 40 0.272973
42 45 0.245252
42 38 0.277195
42 39 0.279183
42 46 0.249514
42 42 0.284546
42 36 0.310393
42 50 0.251081
43 0 0.255272
43 5 0.251467
43 1 0.262050
43 8 0.273528
43 14 0.291344
43 9 0.298562
43 28 0.280587
43 29 0.298636
43 30 0.298271
43 32 0.296033
43 10 0.369894
43 2 0.378160
43 12 0.371102
43 44 0.335557
43 18 0.366119
43 13 0.372724
43 4 0.381707
43 42 0.340078
43 6 0.380513
43 16 0.372586
43 15 0.384049
43 3 0.396773
43 31 0.371659
43 33 0.374268
43 23 0.385156
43 34 0.373882
43 38 0.371006
43 50 0.357777
43 47 0.363035
43 11 0.407270
43 19 0.400531
43 25 0.396196
43 43 0.376083
43 39 0.386587
43 40 0.390761
43 7 0.423987
43 36 0.398116
43 20 0.418033
43 27 0.420415
43 21 0.430000
43 41 0.409066
43 45 0.410318
43 24 0.439976
43 46 0.417161
43 37 0.432014
43 48 0.420910
43 26 0.449498
43 17 0.461361
43 22 0.454777
43 49 0.425250
43 35 0.446361
44 0 0.261966
44 6 0.265318
44 5 0.306167
44 11 0.301761
44 1 0.309901
44 10 0.303437
44 9 0.328782
44 44 0.294578
44 13 0.326139
44 33 0.315978
44 2 0.378073
44 4 0.377010
44 29 0.373810
44 32 0.371275
44 3 0.397751
44 15 0.408935
44 7 0.415190
44 8 0.415569
44 30 0.408246
44 14 0.423869
44 12 0.430823
44 31 0.426457
44 16 0.441795
44 28 0.436894
44 47 0.417694
44 35 0.434530
44 45 0.429438
44 27 0.453588
44 50 0.431056
44 37 0.446606
44 20 0.470515
44 41 0.448978
44 39 0.469437
44 23 0.487347
44 36 0.474370
44 43 0.471464
44 40 0.476273
44 19 0.501418
44 38 0.482220
44 17 0.505556
44 46 0.483990
44 22 0.513857
44 24 0.511731
44 25 0.516645
44 26 0.515727
44 48 0.497324
44 42 0.511139
44 18 0.542465
44 34 0.525734
44 49 0.518793
44 21 0.571055
45 8 0.195931
45 3 0.327233
45 0 0.343602
45 11 0.198046
45 1 0.349859
45 2 0.347117
45 13 0.195866
45 9 0.203868
45 6 0.344738
45 4 0.370530
45 12 0.240133
45 10 0.251326
45 7 0.337636
45 14 0.259189
45 5 0.430695
45 20 0.284307
45 31 0.317043
45 18 0.342650
45 15 0.498954
45 28 0.328106
45 16 0.452669
45 22 0.343365
45 25 0.346357
45 19 0.363816
45 17 0.367461
45 26 0.361133
45 21 0.380899
45 33 0.354525
45 44 0.346375
45 35 0.360453
45 39 0.356346
45 30 0.404234
45 29 0.410854
45 32 0.428696
45 49 0.404801
45 47 0.414100
45 46 0.430480
45 45 0.438864
45 36 0.452323
45 40 0.451804
45 43 0.449564
45 42 0.456650
45 23 0.506207
45 38 0.465926
45 27 0.505571
45 24 0.507255
45 50 0.465780
45 48 0.472402
45 41 0.483370
45 37 0.514635
45 34 0.523051
46 12 0.208400
46 0 0.252264
46 1 0.255594
46 10 0.244153
46 2 0.257144
46 4 0.293189
46 3 0.315207
46 44 0.270057
46 13 0.318273
46 8 0.348875
46 6 0.353532
46 28 0.329082
46 11 0.376875
46 29 0.360564
46 41 0.364307
46 14 0.402706
46 38 0.370012
46 31 0.383759
46 30 0.394277
46 32 0.396366
46 20 0.414642
46 49 0.388465
46 40 0.402488
46 47 0.396084
46 16 0.451387
46 43 0.418862
46 33 0.435748
46 9 0.469399
46 19 0.458237
46 35 0.444884
46 46 0.432609
46 34 0.453426
46 7 0.500957
46 5 0.506580
46 48 0.455171
46 39 0.472320
46 26 0.496383
46 24 0.499024
46 37 0.484397
46 50 0.473245
46 21 0.522943
46 22 0.524704
46 45 0.495264
46 18 0.532801
46 17 0.566222
46 15 0.585764
46 36 0.557220
46 42 0.555449
46 27 0.594464
46 25 0.599753
46 23 0.630503
47 1 0.264317
47 0 0.318082
47 8 0.352114
47 11 0.351530
47 9 0.379807
47 2 0.394282
47 29 0.370121
47 3 0.394576
47 30 0.370082
47 4 0.394574
47 7 0.392811
47 13 0.388518
47 49 0.347974
47 33 0.367367
47 22 0.386270
47 26 0.381916
47 28 0.382295
47 27 0.383999
47 41 0.366908
47 31 0.375803
47 5 0.411208
47 14 0.409211
47 15 0.415929
47 43 0.391613
47 32 0.418504
47 44 0.406121
47 25 0.437153
47 12 0.451688
47 39 0.423420
47 46 0.416332
47 38 0.437636
47 20 0.470821
47 36 0.450047
47 10 0.488272
47 45 0.444728
47 6 0.495905
47 23 0.482075
47 19 0.493363
47 17 0.496610
47 40 0.472554
47 18 0.502749
47 35 0.492639
47 48 0.480682
47 24 0.518319
47 47 0.489331
47 34 0.522597
47 42 0.514294
47 16 0.560928
47 50 0.518560
47 21 0.572376
47 37 0.556100
48 0 0.193432
48 8 0.266680
48 13 0.294626
48 33 0.287233
48 10 0.326143
48 4 0.334846
48 11 0.344230
48 30 0.327892
48 14 0.361015
48 32 0.350670
48 31 0.376226
48 28 0.382742
48 20 0.392990
48 5 0.414236
48 18 0.412187
48 17 0.416528
48 7 0.426437
48 24 0.414239
48 9 0.433007
48 12 0.443244
48 27 0.435157
48 44 0.430552
48 42 0.433220
48 38 0.439213
48 29 0.448648
48 19 0.464205
48 36 0.460102
48 43 0.458524
48 21 0.489305
48 2 0.506932
48 3 0.508755
48 45 0.471939
48 22 0.497657
48 15 0.507168
48 1 0.519059
48 35 0.497236
48 47 0.486969
48 40 0.503962
48 39 0.508585
48 48 0.506517
48 25 0.530665
48 6 0.549570
48 37 0.522615
48 46 0.515471
48 26 0.539949
48 16 0.551068
48 41 0.532368
48 50 0.524773
48 49 0.528844
48 23 0.556989
48 34 0.549610
49 12 0.233243
49 0 0.269837
49 11 0.263042
49 5 0.296318
49 3 0.301174
49 1 0.307900
49 13 0.344206
49 7 0.352692
49 2 0.358028
49 4 0.359968
49 9 0.361997
49 20 0.363250
49 10 0.458983
49 19 0.453067
49 6 0.463545
49 15 0.466673
49 17 0.466239
49 16 0.471127
49 33 0.410863
49 29 0.426175
49 31 0.436423
49 30 0.478296
49 14 0.529680
49 18 0.530882
49 8 0.539287
49 44 0.471478
49 21 0.560908
49 22 0.549093
49 32 0.513754
49 43 0.494159
49 24 0.547583
49 28 0.541660
49 25 0.564333
49 47 0.482552
49 38 0.548401
49 27 0.587030
49 23 0.604153
49 34 0.571325
49 36 0.572469
49 45 0.554971
49 39 0.587555
49 37 0.605575
49 26 0.637332
49 41 0.600332
49 42 0.603734
49 40 0.612271
49 50 0.547806
49 48 0.567234
49 35 0.662161
49 46 0.637588
49 49 0.601017
50 28 0.290751
50 10 0.306676
50 12 0.305513
50 8 0.309165
50 0 0.315691
50 32 0.288324
50 4 0.341429
50 29 0.343372
50 9 0.362249
50 1 0.396899
50 13 0.391458
50 44 0.364953
50 33 0.380476
50 3 0.430496
50 7 0.428131
50 31 0.409908
50 14 0.436266
50 22 0.432460
50 2 0.452481
50 6 0.454033
50 11 0.451280
50 30 0.433234
50 46 0.418469
50 21 0.450833
50 16 0.463790
50 45 0.436745
50 49 0.438815
50 25 0.474538
50 42 0.456151
50 18 0.494116
50 24 0.491231
50 5 0.517149
50 20 0.510321
50 34 0.499878
50 15 0.522320
50 26 0.515520
50 35 0.512796
50 36 0.514482
50 27 0.531814
50 50 0.510780
50 19 0.544664
50 41 0.522766
50 47 0.522243
50 17 0.559833
50 38 0.541789
50 43 0.537133
50 39 0.547359
50 48 0.541663
50 37 0.576281
50 23 0.594047
50 40 0.582956
51 9 0.281009
51 3 0.292606
51 1 0.315429
51 5 0.312567
51 29 0.290637
51 8 0.346044
51 30 0.317863
51 11 0.348868
51 14 0.348222
51 0 0.372520
51 4 0.370411
51 44 0.345398
51 2 0.404822
51 6 0.430009
51 15 0.418639
51 33 0.412693
51 7 0.451949
51 12 0.445202
51 28 0.437391
51 13 0.463368
51 21 0.472991
51 10 0.489917
51 45 0.440576
51 46 0.443698
51 43 0.453357
51 42 0.454666
51 32 0.472233
51 47 0.457683
51 26 0.493820
51 31 0.492389
51 34 0.506500
51 39 0.502494
51 37 0.519557
51 22 0.558270
51 27 0.549330
51 17 0.576506
51 16 0.596633
51 35 0.572614
51 19 0.596430
51 25 0.594090
51 24 0.595177
51 41 0.571990
51 48 0.565539
51 20 0.629475
51 49 0.583578
51 18 0.636614
51 40 0.616975
51 36 0.627494
51 50 0.621385
51 38 0.644123
51 23 0.693063
52 0 0.219707
52 6 0.209478
52 1 0.244881
52 5 0.256954
52 3 0.265496
52 9 0.192987
52 10 0.192673
52 2 0.294351
52 14 0.229212
52 11 0.243075
52 13 0.248570
52 12 0.254505
52 4 0.332700
52 8 0.297624
52 7 0.358857
52 20 0.401320
52 24 0.352174
52 32 0.297561
52 44 0.265951
52 16 0.525764
52 22 0.355293
52 25 0.340688
52 31 0.314602
52 18 0.506757
52 27 0.340259
52 26 0.344807
52 15 0.560162
52 17 0.547829
52 28 0.372944
52 42 0.343643
52 30 0.388618
52 40 0.361965
52 38 0.372225
52 36 0.381332
52 29 0.413776
52 19 0.584793
52 46 0.366610
52 34 0.409117
52 48 0.373073
52 33 0.424084
52 41 0.438684
52 23 0.517335
52 21 0.569946
52 50 0.423981
52 47 0.436182
52 45 0.441188
52 43 0.473111
52 35 0.501347
52 49 0.465940
52 37 0.505865
52 39 0.504032
53 10 0.300236
53 8 0.314252
53 9 0.315855
53 0 0.325635
53 11 0.325066
53 14 0.332160
53 1 0.359950
53 3 0.358737
53 33 0.326797
53 29 0.357375
53 5 0.384390
53 28 0.390181
53 12 0.432090
53 31 0.448365
53 6 0.484008
53 45 0.447240
53 25 0.479039
53 4 0.496776
53 18 0.486090
53 2 0.498910
53 27 0.479732
53 49 0.453762
53 13 0.506063
53 44 0.471925
53 23 0.502694
53 30 0.500448
53 38 0.514791
53 42 0.527230
53 32 0.536799
53 48 0.521556
53 20 0.569261
53 15 0.575811
53 46 0.548706
53 17 0.586462
53 19 0.591884
53 41 0.566664
53 43 0.568306
53 21 0.608086
53 35 0.588943
53 7 0.619952
53 37 0.590994
53 40 0.592998
53 24 0.624957
53 34 0.611755
53 26 0.628878
53 50 0.610053
53 16 0.665132
53 36 0.640558
53 39 0.641471
53 47 0.635511
53 22 0.671775
54 8 0.386933
54 2 0.391877
54 0 0.398980
54 12 0.387888
54 14 0.386186
54 9 0.392761
54 10 0.391605
54 30 0.365686
54 44 0.343846
54 6 0.404575
54 3 0.423273
54 28 0.399413
54 33 0.421370
54 31 0.426665
54 4 0.470040
54 29 0.450674
54 1 0.490621
54 20 0.486131
54 19 0.499146
54 32 0.473505
54 46 0.453622
54 5 0.521720
54 42 0.462664
54 13 0.524231
54 24 0.519252
54 18 0.532404
54 36 0.505983
54 11 0.554898
54 50 0.488856
54 48 0.495680
54 25 0.558273
54 39 0.552147
54 37 0.563493
54 40 0.551030
54 16 0.601898
54 17 0.617370
54 15 0.627097
54 35 0.605274
54 26 0.620296
54 22 0.636466
54 34 0.621217
54 21 0.648601
54 45 0.608133
54 23 0.644943
54 38 0.622789
54 47 0.620252
54 49 0.617320
54 7 0.703203
54 27 0.692750
54 43 0.665649
54 41 0.669563
55 9 0.323520
55 0 0.331778
55 33 0.301493
55 1 0.334938
55 11 0.354406
55 29 0.371812
55 13 0.395677
55 31 0.378398
55 8 0.422832
55 2 0.437004
55 10 0.431948
55 3 0.455452
55 44 0.421253
55 43 0.425222
55 5 0.467324
55 7 0.473273
55 6 0.539433
55 27 0.525440
55 12 0.552924
55 50 0.508941
55 42 0.521639
55 17 0.553725
55 32 0.537236
55 15 0.559782
55 28 0.561144
55 47 0.547827
55 30 0.567881
55 14 0.606109
55 24 0.603234
55 45 0.576830
55 20 0.611145
55 39 0.595753
55 36 0.602714
55 19 0.630222
55 4 0.650601
55 35 0.619256
55 38 0.621692
55 37 0.625346
55 26 0.659355
55 25 0.667275
55 22 0.682470
55 41 0.660814
55 49 0.651675
55 34 0.674086
55 16 0.708071
55 46 0.675098
55 23 0.704168
55 21 0.713385
55 18 0.717857
55 40 0.704996
55 48 0.718356
56 9 0.154348
56 10 0.142571
56 3 0.240183
56 1 0.267285
56 0 0.271543
56 5 0.280184
56 2 0.316560
56 8 0.278039
56 13 0.252287
56 20 0.181647
56 11 0.267357
56 6 0.350851
56 12 0.260513
56 7 0.341165
56 14 0.258557
56 4 0.370587
56 24 0.268571
56 32 0.277683
56 19 0.367309
56 17 0.374859
56 30 0.309063
56 22 0.361124
56 28 0.332162
56 15 0.403419
56 21 0.367417
56 27 0.336288
56 26 0.342342
56 16 0.394972
56 18 0.409966
56 23 0.391494
56 33 0.330011
56 31 0.343091
56 29 0.373467
56 25 0.406523
56 44 0.299153
56 34 0.393815
56 38 0.415156
56 40 0.397264
56 36 0.434784
56 49 0.357548
56 41 0.425256
56 46 0.382065
56 35 0.495007
56 43 0.415969
56 39 0.495551
56 50 0.398661
56 42 0.440258
56 37 0.504789
56 47 0.410620
56 48 0.413652
56 45 0.418395
57 8 0.293744
57 10 0.300266
57 11 0.370459
57 3 0.430104
57 14 0.432324
57 28 0.417762
57 12 0.467100
57 29 0.460077
57 1 0.498761
57 32 0.480452
57 13 0.513440
57 0 0.524500
57 44 0.500823
57 7 0.567085
57 9 0.565927
57 2 0.585643
57 4 0.584832
57 6 0.584549
57 33 0.553504
57 30 0.570553
57 31 0.562283
57 5 0.609918
57 18 0.601383
57 27 0.606633
57 22 0.617711
57 26 0.641416
57 34 0.619738
57 15 0.672072
57 47 0.616361
57 50 0.617297
57 40 0.650085
57 24 0.700311
57 23 0.704246
57 16 0.715179
57 48 0.659177
57 25 0.719784
57 43 0.681999
57 42 0.696996
57 39 0.704696
57 36 0.711859
57 21 0.757472
57 20 0.761161
57 17 0.770398
57 19 0.771609
57 37 0.737413
57 41 0.734183
57 38 0.743218
57 35 0.756230
57 46 0.741856
57 49 0.740771
57 45 0.766192
58 9 0.329715
58 0 0.372618
58 2 0.378378
58 8 0.383547
58 3 0.394681
58 28 0.369049
58 14 0.390773
58 10 0.395352
58 30 0.402707
58 12 0.443399
58 29 0.431181
58 31 0.432926
58 13 0.454859
58 44 0.445154
58 32 0.467021
58 11 0.502424
58 33 0.479258
58 7 0.537940
58 4 0.566664
58 5 0.629778
58 18 0.621846
58 1 0.638420
58 41 0.699656
58 16 0.728672
58 50 0.693804
58 24 0.723936
58 19 0.729333
58 34 0.712148
58 48 0.697718
58 42 0.704331
58 26 0.724000
58 36 0.710903
58 39 0.709271
58 37 0.711901
58 45 0.704345
58 6 0.745239
58 46 0.704516
58 15 0.738648
58 43 0.708170
58 23 0.731014
58 20 0.738698
58 38 0.721572
58 40 0.728345
58 17 0.772045
58 49 0.747690
58 25 0.776696
58 21 0.786210
58 47 0.770649
58 35 0.783825
58 27 0.798719
58 22 0.805227
59 8 0.302286
59 9 0.312390
59 1 0.341323
59 5 0.348410
59 0 0.365812
59 32 0.329348
59 3 0.390434
59 13 0.394253
59 2 0.420847
59 17 0.408278
59 16 0.417857
59 7 0.450654
59 29 0.418526
59 30 0.421561
59 12 0.475337
59 33 0.461734
59 31 0.468250
59 43 0.455261
59 14 0.502418
59 6 0.513342
59 4 0.558631
59 11 0.559646
59 10 0.564651
59 15 0.556834
59 21 0.550441
59 44 0.532103
59 28 0.563711
59 19 0.586819
59 20 0.588093
59 24 0.588340
59 26 0.593858
59 34 0.600583
59 41 0.611851
59 18 0.645479
59 25 0.640641
59 48 0.630138
59 49 0.632856
59 39 0.651502
59 42 0.652970
59 40 0.667474
59 47 0.661188
59 35 0.680299
59 50 0.664301
59 45 0.682190
59 27 0.706487
59 36 0.708506
59 37 0.715674
59 22 0.735665
59 23 0.739833
59 38 0.728424
59 46 0.762335
60 8 0.244051
60 10 0.261561
60 3 0.307928
60 11 0.334092
60 12 0.340922
60 13 0.357684
60 1 0.423497
60 5 0.406400
60 9 0.413929
60 14 0.387005
60 0 0.469878
60 7 0.469521
60 2 0.595396
60 6 0.591130
60 4 0.622335
60 30 0.530409
60 23 0.557590
60 29 0.550766
60 15 0.614268
60 31 0.594576
60 32 0.597757
60 20 0.622557
60 17 0.637730
60 28 0.643847
60 33 0.638628
60 27 0.663915
60 22 0.689050
60 19 0.700427
60 25 0.695211
60 44 0.534581
60 21 0.756949
60 18 0.765126
60 48 0.559207
60 39 0.640482
60 36 0.724921
60 45 0.602169
60 16 0.825054
60 35 0.784428
60 40 0.707675
60 43 0.680457
60 24 0.842389
60 26 0.848244
60 37 0.800001
60 34 0.863191
60 42 0.741073
60 38 0.837213
60 49 0.712181
60 46 0.740479
60 41 0.813963
60 47 0.757955
60 50 0.715146
61 9 0.251641
61 10 0.243761
61 0 0.392193
61 8 0.332563
61 4 0.366640
61 12 0.254654
61 3 0.396502
61 1 0.439016
61 13 0.266190
61 11 0.333388
61 6 0.450365
61 14 0.285031
61 5 0.461679
61 7 0.453471
61 2 0.555444
61 28 0.190030
61 30 0.206501
61 29 0.211845
61 32 0.210185
61 15 0.498377
61 18 0.428898
61 19 0.456745
61 33 0.328508
61 31 0.372387
61 20 0.498233
61 24 0.453916
61 25 0.454021
61 44 0.295875
61 22 0.489344
61 16 0.629316
61 26 0.479578
61 36 0.402545
61 17 0.578325
61 21 0.550127
61 27 0.527567
61 23 0.582939
61 34 0.517738
61 35 0.535522
61 40 0.511510
61 45 0.472399
61 38 0.527517
61 37 0.577312
61 39 0.557124
61 48 0.472122
61 43 0.550079
61 42 0.581229
61 50 0.492462
61 47 0.514788
61 41 0.613919
61 49 0.522552
61 46 0.557404
62 0 0.252546
62 5 0.263479
62 10 0.317579
62 9 0.323875
62 3 0.337502
62 1 0.355402
62 13 0.348558
62 7 0.406484
62 12 0.403937
62 31 0.383547
62 11 0.442560
62 8 0.449822
62 33 0.425446
62 29 0.429162
62 6 0.475577
62 32 0.435121
62 45 0.416167
62 21 0.508554
62 4 0.537501
62 23 0.558270
62 14 0.574606
62 44 0.523100
62 27 0.554902
62 28 0.558306
62 2 0.609822
62 43 0.553885
62 30 0.582761
62 19 0.616415
62 37 0.599986
62 49 0.582513
62 35 0.610283
62 41 0.600453
62 15 0.646278
62 47 0.605906
62 25 0.651157
62 36 0.640046
62 20 0.670296
62 40 0.640056
62 46 0.627690
62 17 0.684894
62 39 0.655269
62 38 0.704045
62 50 0.704485
62 42 0.721810
62 48 0.712637
62 34 0.744236
62 24 0.771228
62 16 0.792403
62 18 0.801765
62 22 0.807215
62 26 0.806306
63 9 0.264293
63 10 0.262179
63 8 0.307825
63 5 0.339098
63 13 0.270765
63 11 0.332465
63 3 0.371019
63 2 0.379401
63 14 0.264489
63 12 0.318824
63 4 0.387005
63 7 0.403092
63 0 0.444042
63 6 0.456367
63 1 0.461192
63 16 0.350562
63 15 0.361790
63 28 0.244115
63 33 0.285845
63 44 0.273701
63 30 0.337869
63 18 0.488985
63 31 0.398452
63 32 0.400271
63 43 0.372982
63 19 0.550791
63 17 0.610754
63 35 0.397195
63 20 0.498887
63 22 0.461805
63 26 0.441003
63 29 0.445708
63 34 0.463963
63 42 0.452393
63 24 0.513764
63 38 0.474328
63 39 0.481579
63 50 0.478647
63 23 0.587045
63 36 0.531668
63 27 0.565063
63 49 0.523662
63 45 0.531860
63 41 0.550767
63 21 0.632226
63 40 0.573950
63 47 0.576744
63 25 0.634489
63 48 0.607058
63 46 0.627903
63 37 0.657019
64 9 0.256350
64 13 0.328869
64 11 0.342684
64 1 0.382686
64 12 0.348240
64 8 0.358715
64 5 0.389791
64 3 0.404570
64 0 0.418478
64 10 0.448562
64 6 0.499485
64 7 0.534946
64 14 0.536289
64 4 0.562735
64 31 0.493506
64 30 0.508013
64 29 0.509649
64 33 0.554211
64 15 0.633876
64 17 0.680551
64 2 0.720640
64 44 0.598089
64 16 0.707088
64 19 0.706129
64 28 0.674419
64 45 0.624072
64 35 0.654578
64 25 0.706633
64 32 0.744796
64 47 0.702724
64 39 0.737984
64 27 0.795321
64 36 0.765560
64 23 0.822578
64 21 0.831990
64 22 0.848469
64 43 0.770914
64 26 0.855865
64 49 0.772102
64 41 0.797019
64 18 0.906310
64 37 0.848698
64 42 0.849445
64 40 0.873474
64 20 0.960747
64 24 0.951202
64 48 0.893395
64 38 0.926539
64 34 0.953263
64 46 0.917683
64 50 0.935069
65 10 0.312578
65 5 0.321082
65 3 0.326047
65 12 0.318397
65 9 0.331422
65 13 0.328456
65 8 0.337865
65 14 0.384921
65 11 0.389102
65 7 0.417746
65 0 0.431077
65 33 0.415125
65 15 0.499574
65 22 0.485478
65 1 0.538682
65 30 0.488909
65 31 0.486380
65 4 0.536385
65 29 0.506682
65 23 0.542141
65 35 0.515197
65 28 0.554713
65 39 0.523234
65 25 0.561696
65 16 0.582498
65 2 0.610663
65 17 0.612612
65 43 0.555773
65 32 0.587204
65 37 0.576458
65 45 0.565145
65 26 0.615213
65 24 0.625833
65 42 0.579679
65 19 0.641808
65 34 0.605209
65 50 0.587978
65 44 0.597804
65 6 0.676252
65 21 0.655213
65 27 0.656433
65 38 0.636646
65 36 0.647733
65 18 0.693719
65 40 0.641687
65 49 0.650978
65 47 0.663866
65 20 0.728659
65 41 0.674654
65 46 0.698308
65 48 0.705868
66 12 0.353534
66 4 0.361116
66 32 0.368415
66 10 0.450299
66 6 0.458645
66 9 0.457643
66 30 0.407824
66 1 0.495216
66 16 0.520240
66 8 0.527804
66 36 0.502497
66 45 0.493583
66 40 0.506767
66 22 0.576615
66 44 0.526749
66 14 0.588172
66 29 0.552675
66 26 0.562778
66 20 0.622714
66 47 0.584546
66 19 0.643745
66 23 0.634224
66 18 0.653296
66 0 0.668454
66 2 0.668738
66 21 0.660568
66 46 0.618864
66 34 0.648903
66 49 0.642140
66 41 0.655488
66 28 0.669923
66 31 0.668367
66 7 0.727346
66 5 0.740693
66 13 0.738836
66 33 0.704857
66 42 0.701452
66 11 0.763346
66 17 0.764798
66 24 0.753850
66 38 0.744871
66 3 0.810989
66 43 0.742379
66 50 0.743178
66 35 0.758801
66 15 0.837858
66 39 0.803823
66 37 0.815544
66 48 0.842822
66 27 0.885913
66 25 0.908625
67 11 0.319429
67 13 0.434815
67 8 0.448731
67 33 0.406952
67 0 0.466526
67 9 0.502109
67 29 0.466638
67 10 0.527502
67 7 0.541701
67 5 0.562673
67 30 0.591646
67 47 0.587529
67 49 0.592511
67 39 0.605229
67 15 0.639248
67 41 0.614018
67 31 0.633275
67 36 0.677168
67 23 0.693524
67 1 0.739750
67 44 0.675435
67 19 0.739220
67 3 0.774835
67 14 0.779364
67 43 0.747265
67 26 0.773861
67 18 0.794945
67 28 0.796220
67 45 0.780467
67 20 0.817180
67 21 0.827697
67 16 0.866890
67 12 0.886830
67 40 0.840763
67 32 0.863807
67 2 0.916125
67 24 0.885626
67 34 0.895364
67 17 0.917532
67 46 0.886354
67 25 0.930331
67 50 0.922021
67 6 1.025920
67 48 0.972030
67 22 1.005008
67 35 0.999935
67 38 1.005863
67 27 1.020596
67 42 1.016324
67 4 1.098944
67 37 1.083895
68 8 0.284250
68 11 0.342624
68 10 0.407651
68 9 0.409662
68 13 0.403701
68 14 0.401644
68 6 0.434435
68 0 0.448481
68 4 0.445608
68 1 0.490676
68 2 0.493974
68 3 0.504193
68 24 0.468963
68 28 0.485799
68 19 0.518064
68 21 0.519780
68 44 0.464346
68 30 0.533795
68 12 0.588481
68 32 0.574935
68 27 0.585321
68 7 0.646058
68 15 0.651825
68 34 0.610196
68 20 0.666277
68 26 0.655190
68 42 0.643098
68 35 0.668747
68 5 0.749278
68 33 0.688729
68 38 0.694377
68 23 0.728525
68 46 0.644599
68 31 0.729700
68 29 0.734362
68 50 0.654673
68 22 0.766997
68 45 0.685254
68 36 0.759399
68 18 0.791400
68 16 0.809750
68 17 0.807619
68 49 0.723877
68 40 0.795515
68 25 0.829093
68 37 0.825953
68 47 0.816402
68 48 0.830438
68 43 0.871269
68 39 0.922774
68 41 0.929652
69 10 0.294049
69 9 0.348950
69 8 0.434724
69 4 0.439640
69 1 0.448621
69 12 0.462217
69 0 0.543960
69 3 0.549709
69 7 0.545408
69 31 0.509942
69 5 0.573926
69 13 0.566741
69 11 0.575744
69 41 0.513063
69 29 0.537559
69 6 0.581816
69 44 0.513005
69 45 0.624404
69 15 0.681455
69 30 0.652539
69 2 0.703480
69 20 0.675357
69 28 0.659718
69 14 0.686737
69 17 0.680348
69 49 0.626942
69 47 0.642870
69 39 0.662071
69 21 0.698727
69 36 0.712934
69 23 0.739969
69 33 0.721993
69 32 0.735114
69 48 0.710600
69 40 0.729328
69 34 0.742230
69 27 0.757051
69 50 0.720858
69 25 0.769267
69 46 0.743945
69 26 0.779461
69 38 0.773936
69 42 0.779277
69 35 0.811947
69 43 0.802001
69 19 0.858172
69 24 0.852028
69 22 0.863575
69 37 0.857177
69 18 0.901649
69 16 0.918446
70 8 0.247572
70 4 0.434796
70 9 0.361461
70 3 0.496751
70 2 0.510105
70 5 0.490890
70 12 0.355452
70 0 0.530053
70 11 0.389679
70 7 0.474570
70 10 0.440265
70 14 0.313442
70 6 0.561589
70 1 0.613272
70 13 0.448503
70 32 0.276280
70 29 0.285803
70 31 0.306090
70 16 0.529792
70 28 0.371853
70 15 0.616018
70 44 0.381951
70 21 0.487254
70 30 0.447466
70 19 0.554557
70 18 0.617243
70 33 0.475144
70 25 0.535656
70 24 0.542613
70 36 0.572396
70 17 0.793731
70 23 0.628439
70 22 0.648978
70 27 0.641170
70 47 0.599261
70 40 0.620495
70 42 0.626060
70 45 0.622444
70 46 0.635250
70 26 0.688115
70 48 0.643507
70 38 0.681802
70 20 0.768191
70 49 0.685334
70 41 0.717896
70 50 0.690817
70 43 0.713107
70 37 0.729727
70 35 0.760012
70 34 0.775559
70 39 0.780871
71 8 0.327861
71 10 0.381705
71 30 0.438029
71 2 0.524919
71 0 0.543545
71 9 0.585728
71 44 0.523924
71 32 0.560105
71 31 0.569340
71 33 0.570049
71 4 0.656154
71 42 0.593004
71 13 0.655299
71 28 0.644427
71 50 0.603937
71 20 0.666445
71 12 0.681059
71 14 0.686881
71 21 0.681353
71 46 0.637230
71 29 0.691914
71 16 0.722703
71 18 0.724412
71 38 0.725582
71 11 0.798969
71 47 0.736017
71 5 0.834375
71 3 0.839833
71 40 0.781136
71 26 0.831785
71 6 0.867076
71 36 0.851480
71 27 0.882459
71 1 0.932115
71 23 0.905980
71 19 0.923562
71 39 0.882115
71 43 0.875604
71 48 0.870042
71 15 0.943014
71 34 0.931621
71 7 0.993681
71 17 0.997274
71 24 0.988407
71 22 0.994821
71 45 0.953030
71 37 0.990982
71 41 0.990929
71 49 0.979375
71 25 1.046312
71 35 1.025793
72 10 0.335767
72 8 0.436773
72 3 0.443758
72 1 0.445677
72 9 0.439154
72 2 0.447184
72 44 0.394947
72 20 0.455391
72 30 0.459266
72 12 0.489906
72 4 0.507623
72 7 0.506092
72 43 0.507907
72 29 0.523633
72 25 0.535177
72 13 0.576402
72 28 0.561849
72 33 0.557508
72 0 0.606569
72 32 0.573857
72 5 0.611269
72 39 0.599141
72 11 0.655915
72 17 0.677190
72 23 0.663682
72 27 0.674698
72 42 0.659697
72 31 0.677974
72 35 0.685617
72 15 0.729550
72 47 0.685926
72 14 0.746971
72 38 0.715887
72 21 0.768532
72 6 0.806044
72 26 0.790401
72 19 0.813747
72 48 0.784850
72 22 0.823406
72 24 0.812385
72 50 0.788118
72 45 0.794221
72 49 0.808164
72 16 0.865991
72 18 0.870871
72 37 0.845096
72 46 0.843007
72 34 0.864020
72 41 0.873045
72 36 0.894069
72 40 0.897799
73 8 0.282583
73 9 0.351019
73 10 0.350570
73 12 0.308932
73 11 0.350947
73 14 0.312834
73 13 0.380629
73 0 0.572201
73 2 0.635912
73 6 0.648041
73 5 0.670945
73 1 0.708651
73 7 0.709660
73 3 0.778615
73 4 0.802998
73 30 0.328927
73 32 0.323514
73 31 0.328483
73 28 0.352471
73 16 0.599430
73 18 0.619287
73 29 0.438937
73 33 0.401573
73 26 0.556998
73 17 0.690070
73 19 0.685147
73 44 0.315811
73 21 0.648632
73 25 0.614082
73 20 0.720324
73 36 0.479861
73 50 0.327691
73 27 0.637822
73 15 0.853294
73 42 0.454670
73 23 0.749198
73 45 0.447021
73 35 0.563475
73 24 0.763526
73 22 0.782835
73 34 0.644087
73 43 0.547569
73 48 0.501480
73 37 0.647844
73 39 0.621392
73 41 0.597691
73 46 0.582462
73 40 0.639369
73 38 0.701125
73 49 0.565467
73 47 0.602810
74 11 0.313874
74 13 0.375864
74 9 0.392563
74 28 0.385632
74 33 0.413367
74 31 0.422071
74 16 0.471300
74 4 0.493495
74 7 0.510922
74 3 0.545354
74 5 0.562362
74 8 0.556729
74 43 0.520156
74 37 0.528459
74 1 0.587209
74 2 0.625738
74 10 0.617444
74 42 0.568912
74 0 0.685608
74 19 0.667205
74 30 0.658144
74 21 0.680002
74 14 0.694880
74 6 0.710282
74 15 0.695705
74 23 0.682927
74 29 0.690920
74 12 0.724352
74 44 0.694020
74 47 0.700667
74 17 0.753932
74 32 0.736982
74 25 0.754690
74 27 0.747895
74 34 0.744415
74 18 0.776139
74 20 0.810461
74 22 0.809154
74 50 0.772501
74 38 0.808018
74 39 0.811180
74 46 0.803730
74 45 0.805064
74 35 0.832614
74 24 0.905194
74 40 0.885689
74 48 0.883276
74 49 0.900563
74 26 0.950549
74 36 0.935867
74 41 1.013698
75 8 0.402269
75 12 0.434487
75 32 0.425089
75 31 0.440070
75 30 0.471254
75 11 0.524276
75 1 0.546806
75 9 0.579457
75 14 0.588360
75 5 0.611712
75 10 0.632793
75 3 0.640642
75 13 0.657051
75 29 0.662960
75 6 0.723916
75 28 0.718896
75 44 0.699412
75 2 0.803716
75 40 0.753693
75 20 0.807933
75 0 0.849293
75 33 0.818575
75 46 0.800837
75 48 0.840091
75 19 0.886649
75 27 0.873638
75 16 0.929150
75 4 0.945375
75 41 0.913073
75 7 0.975482
75 25 0.952115
75 49 1.001756
75 35 1.021066
75 23 1.039138
75 18 1.048915
75 45 1.008313
75 43 1.012795
75 24 1.038541
75 38 1.022006
75 17 1.056464
75 34 1.026364
75 21 1.048810
75 42 1.018088
75 37 1.024982
75 36 1.040424
75 39 1.048712
75 26 1.084677
75 22 1.096620
75 47 1.068628
75 15 1.136393
75 50 1.094804
76 11 0.412749
76 10 0.500139
76 9 0.504708
76 12 0.535848
76 5 0.557135
76 1 0.573210
76 3 0.580345
76 0 0.593313
76 13 0.618252
76 44 0.581491
76 2 0.656544
76 4 0.656384
76 8 0.700423
76 29 0.671259
76 7 0.716447
76 14 0.730558
76 31 0.755449
76 33 0.768964
76 30 0.798106
76 28 0.869656
76 6 0.908478
76 32 0.942726
76 40 0.968823
76 47 0.982457
76 15 1.043361
76 41 1.021255
76 23 1.067048
76 35 1.069216
76 20 1.122124
76 21 1.129277
76 26 1.130420
76 37 1.126250
76 17 1.178134
76 34 1.164123
76 18 1.198406
76 45 1.186886
76 49 1.174187
76 19 1.240105
76 27 1.243408
76 46 1.217518
76 38 1.237808
76 22 1.265253
76 50 1.233588
76 16 1.322739
76 36 1.312481
76 48 1.283876
76 43 1.309200
76 39 1.339216
76 25 1.362527
76 24 1.376660
76 42 1.352280
77 8 0.363491
77 9 0.379159
77 11 0.433214
77 44 0.381174
77 12 0.485669
77 10 0.573037
77 28 0.552112
77 14 0.635660
77 5 0.688335
77 42 0.647295
77 1 0.710074
77 31 0.670962
77 32 0.691762
77 46 0.676813
77 29 0.702701
77 2 0.763949
77 30 0.718888
77 7 0.798205
77 38 0.756146
77 13 0.804174
77 37 0.772954
77 41 0.772903
77 45 0.771635
77 4 0.839842
77 33 0.793997
77 50 0.781801
77 35 0.803330
77 6 0.895597
77 25 0.875973
77 0 0.930045
77 3 0.948731
77 40 0.893313
77 22 0.948077
77 36 0.924449
77 15 0.966203
77 34 0.933618
77 20 0.963877
77 27 0.963397
77 19 0.990849
77 24 0.984850
77 21 1.005490
77 47 0.975588
77 48 0.993521
77 49 1.014265
77 26 1.051487
77 43 1.034159
77 39 1.046019
77 23 1.085111
77 16 1.106431
77 17 1.133065
77 18 1.162789
78 31 0.295128
78 8 0.523826
78 3 0.528627
78 12 0.522390
78 29 0.507495
78 13 0.523191
78 9 0.526741
78 28 0.597582
78 32 0.600190
78 33 0.613846
78 22 0.632650
78 11 0.671653
78 6 0.676024
78 44 0.674557
78 4 0.763138
78 27 0.765975
78 1 0.799831
78 7 0.819206
78 39 0.816407
78 5 0.863530
78 34 0.841422
78 10 0.890072
78 37 0.856501
78 0 0.899363
78 24 0.915000
78 26 0.920472
78 14 0.939517
78 50 0.920061
78 20 0.967928
78 2 0.983221
78 15 0.987904
78 25 1.014527
78 45 0.994202
78 17 1.040416
78 21 1.054709
78 30 1.052683
78 19 1.065559
78 23 1.094592
78 41 1.077649
78 36 1.088787
78 43 1.081732
78 48 1.090223
78 40 1.099904
78 46 1.115446
78 18 1.169591
78 35 1.152481
78 47 1.143215
78 16 1.199304
78 38 1.174516
78 42 1.198494
78 49 1.249484
79 8 0.412248
79 14 0.421435
79 30 0.437110
79 32 0.448720
79 10 0.544957
79 44 0.531065
79 33 0.557285
79 3 0.664015
79 40 0.635856
79 28 0.652435
79 45 0.650993
79 31 0.671719
79 12 0.736967
79 24 0.728309
79 36 0.712226
79 5 0.763994
79 13 0.753742
79 7 0.764184
79 20 0.772830
79 29 0.761495
79 9 0.800963
79 6 0.811974
79 11 0.823426
79 18 0.818725
79 15 0.822950
79 16 0.831040
79 26 0.819481
79 35 0.814413
79 34 0.824054
79 2 0.903726
79 46 0.858497
79 38 0.871219
79 4 0.916562
79 21 0.925016
79 50 0.901262
79 1 0.964556
79 27 0.936492
79 22 0.942663
79 39 0.940615
79 0 0.996523
79 37 0.959632
79 42 0.957184
79 23 0.986847
79 48 0.983378
79 47 1.010838
79 49 1.044610
79 41 1.099937
79 43 1.099823
79 25 1.145870
79 17 1.161355
79 19 1.166077
80 11 0.445940
80 29 0.431302
80 30 0.472000
80 28 0.496346
80 9 0.583011
80 10 0.583080
80 8 0.585131
80 14 0.724282
80 0 0.745378
80 3 0.799424
80 5 0.836574
80 31 0.852195
80 27 0.857554
80 32 0.853142
80 19 0.865204
80 13 0.903544
80 20 0.906933
80 33 0.942740
80 12 0.964610
80 44 0.809624
80 17 0.986369
80 25 0.982068
80 35 0.980728
80 34 0.982995
80 7 1.029139
80 36 1.023621
80 18 1.071546
80 16 1.095602
80 26 1.114122
80 21 1.155832
80 2 1.192630
80 15 1.224774
80 24 1.231156
80 4 1.269303
80 1 1.283326
80 48 0.999976
80 43 1.187745
80 39 1.325913
80 42 1.227506
80 6 1.382781
80 46 1.141238
80 47 1.120363
80 38 1.383575
80 45 1.190252
80 23 1.409198
80 40 1.413232
80 41 1.412523
80 37 1.418041
80 50 1.003037
80 22 1.464759
80 49 1.262198
81 10 0.252503
81 9 0.273081
81 8 0.331005
81 3 0.432018
81 0 0.525961
81 13 0.377261
81 14 0.381324
81 11 0.429968
81 5 0.574688
81 1 0.603832
81 12 0.491003
81 4 0.703910
81 2 0.723400
81 30 0.231235
81 29 0.458686
81 33 0.448789
81 28 0.522218
81 6 0.932407
81 32 0.488841
81 20 0.685439
81 44 0.377899
81 19 0.696311
81 7 0.947917
81 31 0.553026
81 22 0.727716
81 15 0.853638
81 18 0.772474
81 16 0.831500
81 21 0.816646
81 26 0.749200
81 17 0.859765
81 24 0.828619
81 23 0.899140
81 27 0.833723
81 25 0.886627
81 38 0.760720
81 36 0.831473
81 35 0.853876
81 47 0.698038
81 37 0.835040
81 34 0.889060
81 42 0.798914
81 40 0.836974
81 46 0.761101
81 43 0.824288
81 50 0.763657
81 41 0.901700
81 45 0.852188
81 49 0.835918
81 39 0.991055
81 48 0.905597
82 11 0.412729
82 28 0.424244
82 14 0.455853
82 31 0.457384
82 9 0.513764
82 13 0.511153
82 1 0.530996
82 3 0.582273
82 8 0.595506
82 29 0.621674
82 44 0.629627
82 10 0.702639
82 32 0.682650
82 5 0.743573
82 12 0.756114
82 40 0.747142
82 34 0.795838
82 33 0.805244
82 25 0.841843
82 7 0.861880
82 30 0.845071
82 19 0.870764
82 0 0.896326
82 16 0.888179
82 35 0.870260
82 39 0.873122
82 23 0.916818
82 41 0.912654
82 24 0.940814
82 47 0.814523
82 27 0.962769
82 4 1.024627
82 36 1.003148
82 22 1.027445
82 26 1.040271
82 45 1.020199
82 21 1.055852
82 20 1.064902
82 18 1.081748
82 6 1.100860
82 17 1.096066
82 43 1.071303
82 37 1.081992
82 2 1.161382
82 49 0.988832
82 38 1.131887
82 15 1.166279
82 48 1.024073
82 42 1.184003
82 50 1.084719
82 46 1.257397
83 10 0.362215
83 8 0.408245
83 14 0.413639
83 12 0.430305
83 32 0.444796
83 2 0.596695
83 9 0.619234
83 0 0.638604
83 30 0.647343
83 28 0.661851
83 13 0.700220
83 4 0.710440
83 44 0.672591
83 7 0.779883
83 6 0.798888
83 33 0.766630
83 20 0.801225
83 36 0.796488
83 48 0.785668
83 1 0.867215
83 50 0.820359
83 34 0.853021
83 29 0.884488
83 26 0.899098
83 25 0.912403
83 43 0.886258
83 3 0.960217
83 18 0.951716
83 16 0.987449
83 37 0.940450
83 11 0.999995
83 5 1.009802
83 42 0.947394
83 41 0.972013
83 31 0.994033
83 19 1.032684
83 24 1.029247
83 40 0.998584
83 22 1.053903
83 49 1.042391
83 45 1.072314
83 21 1.123354
83 39 1.086143
83 17 1.134139
83 15 1.140249
83 47 1.088537
83 23 1.151446
83 38 1.122557
83 46 1.144970
83 27 1.208060
83 35 1.227277
84 8 0.365171
84 11 0.432401
84 32 0.411344
84 29 0.422715
84 33 0.476292
84 14 0.515878
84 9 0.529481
84 10 0.539229
84 44 0.502612
84 31 0.590921
84 28 0.613777
84 30 0.633520
84 1 0.696564
84 0 0.706105
84 47 0.666765
84 26 0.722803
84 5 0.745100
84 13 0.748186
84 39 0.745940
84 4 0.787639
84 12 0.789604
84 45 0.761977
84 6 0.821930
84 3 0.856093
84 23 0.854543
84 37 0.853653
84 20 0.885000
84 38 0.872406
84 25 0.906235
84 42 0.890394
84 21 0.933696
84 24 0.950154
84 17 0.970674
84 19 0.975812
84 34 0.960974
84 41 0.960284
84 40 0.978305
84 48 0.972755
84 36 0.995952
84 49 0.996111
84 35 1.012054
84 27 1.026057
84 22 1.038344
84 15 1.049927
84 18 1.069483
84 46 1.044546
84 7 1.098917
84 50 1.061257
84 43 1.084482
84 2 1.128701
84 16 1.152305
85 11 0.446077
85 8 0.483375
85 3 0.488160
85 5 0.557565
85 9 0.658426
85 28 0.641559
85 22 0.649847
85 44 0.673833
85 29 0.736700
85 0 0.799117
85 4 0.805085
85 2 0.835230
85 13 0.835113
85 17 0.848174
85 14 0.861273
85 30 0.864682
85 36 0.884512
85 1 0.918909
85 32 0.895306
85 12 0.916910
85 31 0.915563
85 10 0.953359
85 40 0.956408
85 7 1.007543
85 24 1.005603
85 35 1.005354
85 38 1.022683
85 33 1.040089
85 45 1.044554
85 34 1.093709
85 47 1.083385
85 6 1.136684
85 23 1.144312
85 26 1.160011
85 37 1.147609
85 25 1.193884
85 41 1.180025
85 50 1.171578
85 27 1.213782
85 46 1.196191
85 15 1.238676
85 18 1.243042
85 20 1.241687
85 16 1.252284
85 43 1.221601
85 49 1.297351
85 39 1.310496
85 42 1.314197
85 19 1.342148
85 48 1.313067
85 21 1.366784
86 10 0.496423
86 13 0.521353
86 14 0.533865
86 12 0.554178
86 11 0.669142
86 9 0.689604
86 0 0.769706
86 8 0.770945
86 6 0.806646
86 5 0.828597
86 2 0.838780
86 4 0.855553
86 32 0.824004
86 44 0.805579
86 29 0.832501
86 3 0.893328
86 30 0.851702
86 28 0.901614
86 31 0.962525
86 7 1.013938
86 33 1.017507
86 19 1.048753
86 38 1.032994
86 21 1.067261
86 45 1.042667
86 16 1.101819
86 37 1.105905
86 46 1.092041
86 36 1.121037
86 1 1.198726
86 15 1.181205
86 48 1.143400
86 43 1.188775
86 34 1.201946
86 20 1.250204
86 40 1.252073
86 17 1.333423
86 26 1.328288
86 27 1.332678
86 24 1.346193
86 35 1.337100
86 22 1.361074
86 47 1.337550
86 23 1.394807
86 41 1.379108
86 42 1.387993
86 39 1.427191
86 25 1.465509
86 18 1.480535
86 49 1.460716
86 50 1.472761
87 8 0.429914
87 14 0.433795
87 9 0.446664
87 31 0.424835
87 13 0.581280
87 32 0.597205
87 29 0.638095
87 11 0.679989
87 12 0.685388
87 10 0.739125
87 19 0.736770
87 33 0.750650
87 44 0.745605
87 28 0.825490
87 5 0.878460
87 37 0.849246
87 15 0.879100
87 2 0.911597
87 38 0.871478
87 30 0.886852
87 34 0.915912
87 45 0.917003
87 25 0.961803
87 7 0.986946
87 24 0.969713
87 36 0.959471
87 21 1.000238
87 27 1.003238
87 3 1.029338
87 22 1.015192
87 26 1.016143
87 43 0.999797
87 23 1.033558
87 47 0.995311
87 48 1.006168
87 35 1.055691
87 40 1.073203
87 17 1.111416
87 0 1.125787
87 46 1.078726
87 1 1.135704
87 6 1.163468
87 41 1.124042
87 39 1.144314
87 4 1.209375
87 18 1.206500
87 49 1.171575
87 50 1.188885
87 20 1.251190
87 42 1.243155
87 16 1.369858
88 8 0.344741
88 9 0.366208
88 10 0.397933
88 11 0.405428
88 13 0.446557
88 12 0.459686
88 14 0.470056
88 2 0.653000
88 1 0.769973
88 5 0.759146
88 3 0.774868
88 30 0.733954
88 0 0.859958
88 7 0.903611
88 28 0.861135
88 15 0.913263
88 6 0.971067
88 16 0.949157
88 18 0.959329
88 4 1.027424
88 31 0.927445
88 29 0.964729
88 32 0.981551
88 44 0.940392
88 33 1.004887
88 17 1.091702
88 19 1.130220
88 22 1.282494
88 35 1.274413
88 26 1.311213
88 20 1.364227
88 43 1.280175
88 23 1.349021
88 40 1.291857
88 21 1.411546
88 41 1.346399
88 42 1.366833
88 47 1.364730
88 50 1.199549
88 49 1.325062
88 39 1.409161
88 25 1.469201
88 45 1.413685
88 24 1.519215
88 37 1.485922
88 34 1.512449
88 48 1.478473
88 46 1.490254
88 27 1.555407
88 36 1.545837
88 38 1.546935
89 8 0.346234
89 13 0.384433
89 9 0.472805
89 14 0.576273
89 12 0.643941
89 11 0.656037
89 29 0.615117
89 3 0.786527
89 1 0.821374
89 10 0.798988
89 31 0.628032
89 2 0.885126
89 30 0.765748
89 28 0.864652
89 33 0.747892
89 0 1.009098
89 6 0.999343
89 16 1.019047
89 15 1.035148
89 32 0.828266
89 5 1.105394
89 19 1.139277
89 22 1.182569
89 25 1.182978
89 21 1.214139
89 7 1.266821
89 44 0.561609
89 17 1.238866
89 23 1.267159
89 20 1.274139
89 18 1.339790
89 4 1.403060
89 35 1.080679
89 36 1.120427
89 27 1.405174
89 34 1.258675
89 26 1.484020
89 24 1.520604
89 40 1.049600
89 43 1.000952
89 50 0.855239
89 39 1.208906
89 45 0.956498
89 47 0.937822
89 38 1.233864
89 42 1.045445
89 37 1.241147
89 49 0.976776
89 41 1.156592
89 46 1.092194
89 48 1.066908
90 11 0.343645
90 30 0.471690
90 3 0.534958
90 12 0.552664
90 14 0.551549
90 31 0.604968
90 33 0.603880
90 32 0.626485
90 5 0.670071
90 29 0.663602
90 10 0.760841
90 8 0.809063
90 9 0.816110
90 7 0.820167
90 2 0.912860
90 4 0.930921
90 13 0.915027
90 47 0.914239
90 1 0.978758
90 44 0.947346
90 45 0.949204
90 28 0.977843
90 38 0.969075
90 25 0.984163
90 16 1.004661
90 0 1.031754
90 36 0.996581
90 22 1.013592
90 6 1.097344
90 18 1.073926
90 27 1.091989
90 43 1.078947
90 20 1.142872
90 21 1.151294
90 24 1.199493
90 46 1.177631
90 19 1.216164
90 49 1.191631
90 17 1.237829
90 48 1.207959
90 35 1.231911
90 15 1.271419
90 40 1.262810
90 41 1.295099
90 34 1.311499
90 37 1.324026
90 26 1.342059
90 23 1.347374
90 42 1.336770
90 50 1.369765
90 39 1.390979
91 12 0.401086
91 9 0.446827
91 31 0.465846
91 28 0.507594
91 8 0.564614
91 30 0.568683
91 35 0.662774
91 2 0.716454
91 14 0.714709
91 4 0.779445
91 10 0.811053
91 43 0.819950
91 0 0.878089
91 38 0.839605
91 29 0.853421
91 11 0.885674
91 18 0.883351
91 32 0.869079
91 5 0.899820
91 44 0.862185
91 34 0.896965
91 13 0.919309
91 7 0.979551
91 42 0.949457
91 22 0.976377
91 19 0.993164
91 37 0.978995
91 33 0.984669
91 1 1.058897
91 46 1.016713
91 36 1.051428
91 15 1.081900
91 23 1.078918
91 49 1.062134
91 40 1.084310
91 3 1.147611
91 16 1.151768
91 50 1.121078
91 47 1.143169
91 20 1.206920
91 24 1.212065
91 6 1.238398
91 25 1.231747
91 21 1.243232
91 27 1.240530
91 17 1.259456
91 45 1.236645
91 48 1.235085
91 39 1.254787
91 41 1.280313
91 26 1.330440
92 10 0.649147
92 11 0.674328
92 2 0.719098
92 32 0.741361
92 3 0.829587
92 44 0.827559
92 21 0.892983
92 4 0.906796
92 42 0.872220
92 0 0.911059
92 6 0.950580
92 43 0.938001
92 28 0.954787
92 8 0.984595
92 33 0.971922
92 1 1.010871
92 13 1.003154
92 31 1.054731
92 30 1.056994
92 14 1.073158
92 9 1.081136
92 12 1.102936
92 29 1.193243
92 20 1.225183
92 16 1.277927
92 19 1.288741
92 41 1.275730
92 46 1.270258
92 26 1.324754
92 35 1.333598
92 45 1.332747
92 18 1.379699
92 48 1.361045
92 15 1.405436
92 24 1.397281
92 37 1.384414
92 50 1.382837
92 27 1.418705
92 49 1.394662
92 5 1.459753
92 25 1.461951
92 40 1.461509
92 7 1.553731
92 22 1.552416
92 34 1.569672
92 38 1.639038
92 17 1.682415
92 47 1.669938
92 36 1.690327
92 39 1.701434
92 23 1.755087
93 14 0.520764
93 10 0.542573
93 31 0.684430
93 8 0.718139
93 12 0.716597
93 13 0.795890
93 11 1.085115
93 28 1.152500
93 44 1.156133
93 33 1.216700
93 4 1.240976
93 32 1.240201
93 19 1.274946
93 21 1.307093
93 1 1.321421
93 7 1.333713
93 30 1.371205
93 0 1.394505
93 9 1.517748
93 2 1.522877
93 29 1.568162
93 41 1.641200
93 3 1.766801
93 20 1.917270
93 42 1.902275
93 6 1.937470
93 36 1.940464
93 34 1.968591
93 23 1.988830
93 5 2.026327
93 48 1.996857
93 26 2.054518
93 45 2.053413
93 38 2.081317
93 15 2.119310
93 24 2.137425
93 49 2.121278
93 37 2.135485
93 18 2.172688
93 50 2.147203
93 40 2.168053
93 35 2.181386
93 43 2.173879
93 47 2.179233
93 17 2.219520
93 39 2.198432
93 27 2.227629
93 22 2.240503
93 16 2.255675
93 25 2.266477
93 46 2.252978
94 8 0.660395
94 1 0.745631
94 0 0.834484
94 3 0.894213
94 44 0.870011
94 28 0.890347
94 13 0.922022
94 12 0.925730
94 10 0.949386
94 31 0.928276
94 30 0.947654
94 34 0.981557
94 29 1.014217
94 20 1.044635
94 4 1.055390
94 33 1.031530
94 11 1.057470
94 6 1.071879
94 32 1.057914
94 16 1.100912
94 14 1.115102
94 9 1.134195
94 35 1.132864
94 46 1.154945
94 7 1.354230
94 36 1.335827
94 27 1.346625
94 47 1.329325
94 5 1.390205
94 2 1.392599
94 23 1.421051
94 19 1.433644
94 25 1.425398
94 45 1.399810
94 22 1.434941
94 26 1.435527
94 43 1.425970
94 18 1.469264
94 37 1.461948
94 38 1.460369
94 24 1.488531
94 40 1.477018
94 17 1.549788
94 48 1.509536
94 41 1.581315
94 39 1.664631
94 15 1.707785
94 42 1.693360
94 21 1.722881
94 50 1.756120
94 49 1.873800
95 30 0.453729
95 44 0.459551
95 12 0.556090
95 8 0.582297
95 10 0.616615
95 3 0.642212
95 32 0.638711
95 14 0.915467
95 9 0.948364
95 1 1.026351
95 28 0.995392
95 22 1.043479
95 0 1.069987
95 2 1.069083
95 27 1.067264
95 16 1.115730
95 35 1.090973
95 13 1.121191
95 7 1.147189
95 43 1.103209
95 34 1.117091
95 11 1.155845
95 29 1.139952
95 48 1.152553
95 33 1.171798
95 40 1.170919
95 4 1.316652
95 31 1.283152
95 6 1.316334
95 5 1.317786
95 19 1.302576
95 50 1.264757
95 42 1.282937
95 46 1.277778
95 49 1.275759
95 18 1.320341
95 25 1.311185
95 47 1.299529
95 45 1.305896
95 23 1.335194
95 15 1.379813
95 36 1.363934
95 41 1.358832
95 24 1.379552
95 20 1.419992
95 38 1.407346
95 26 1.480799
95 37 1.500144
95 21 1.548896
95 39 1.594542
95 17 1.656122
96 14 0.427513
96 11 0.467521
96 12 0.562344
96 13 0.593268
96 28 0.625464
96 30 0.646941
96 29 0.674734
96 33 0.670558
96 0 0.710823
96 32 0.711727
96 10 0.737409
96 47 0.724947
96 44 0.734166
96 16 0.769317
96 8 0.794559
96 31 0.785950
96 15 0.887997
96 42 0.881587
96 1 0.933359
96 18 0.920129
96 7 0.950040
96 38 0.929042
96 50 0.916299
96 2 0.973981
96 9 0.975432
96 3 0.985835
96 36 0.961653
96 4 1.021703
96 45 0.998296
96 20 1.049029
96 37 1.050776
96 6 1.088109
96 46 1.060423
96 17 1.106703
96 23 1.108877
96 48 1.083993
96 5 1.144400
96 40 1.121836
96 43 1.121045
96 35 1.132605
96 26 1.190963
96 19 1.205738
96 34 1.208585
96 39 1.216540
96 27 1.245246
96 25 1.263828
96 41 1.251929
96 24 1.277270
96 21 1.305983
96 22 1.308012
96 49 1.301125
97 8 0.432644
97 32 0.430963
97 44 0.481940
97 9 0.560426
97 3 0.676063
97 5 0.693414
97 14 0.710155
97 21 0.704080
97 0 0.743490
97 10 0.773199
97 29 0.856869
97 11 0.884678
97 4 0.891222
97 19 0.892360
97 36 0.886684
97 13 0.911447
97 28 0.896505
97 23 0.905423
97 30 0.910298
97 48 0.891002
97 1 0.940055
97 12 0.951763
97 20 0.969834
97 33 1.019951
97 38 1.015212
97 39 1.014978
97 46 1.013528
97 6 1.094859
97 31 1.094910
97 26 1.110431
97 34 1.145346
97 42 1.217669
97 27 1.234876
97 43 1.218028
97 45 1.218074
97 2 1.281155
97 22 1.273801
97 7 1.294034
97 24 1.285359
97 40 1.274135
97 49 1.264729
97 50 1.277153
97 47 1.310552
97 17 1.361313
97 18 1.365529
97 41 1.350252
97 15 1.391663
97 35 1.387612
97 37 1.436606
97 16 1.468599
97 25 1.489382
98 9 0.545297
98 44 0.565797
98 11 0.613541
98 1 0.740320
98 3 0.787728
98 8 0.922896
98 6 0.951248
98 10 1.040295
98 16 1.127287
98 33 1.095147
98 28 1.152941
98 13 1.181955
98 4 1.188349
98 2 1.189932
98 14 1.184210
98 45 1.219719
98 29 1.239347
98 34 1.234311
98 31 1.238482
98 35 1.252448
98 30 1.288252
98 12 1.349707
98 15 1.349305
98 0 1.459374
98 24 1.438958
98 32 1.419671
98 20 1.448100
98 38 1.413950
98 7 1.509694
98 27 1.563758
98 17 1.601324
98 43 1.560020
98 26 1.585087
98 39 1.580884
98 42 1.592379
98 21 1.640486
98 22 1.671501
98 50 1.644233
98 19 1.706512
98 36 1.723556
98 47 1.758681
98 5 1.825689
98 23 1.822209
98 49 1.785602
98 46 1.813197
98 40 1.845432
98 25 1.898196
98 18 1.958694
98 37 1.938136
98 48 1.969119
98 41 1.991363
99 11 0.543075
99 9 0.593254
99 44 0.568945
99 33 0.583843
99 29 0.716482
99 10 0.865010
99 28 0.868044
99 31 0.892995
99 14 0.986323
99 32 1.076631
99 8 1.140037
99 1 1.145256
99 0 1.155830
99 12 1.242098
99 13 1.263208
99 15 1.262817
99 30 1.264656
99 7 1.311298
99 43 1.272285
99 27 1.317688
99 25 1.369759
99 20 1.425305
99 39 1.481581
99 35 1.518235
99 19 1.560510
99 17 1.660171
99 18 1.660334
99 38 1.633127
99 49 1.619550
99 45 1.641847
99 16 1.683373
99 42 1.665420
99 3 1.726615
99 5 1.741373
99 24 1.724931
99 41 1.713547
99 22 1.745307
99 46 1.712163
99 26 1.740382
99 47 1.727935
99 48 1.727340
99 50 1.740550
99 37 1.775468
99 2 1.830989
99 4 1.844724
99 34 1.847997
99 21 1.880510
99 6 1.911006
99 36 1.935163
99 23 1.967892
99 40 1.941746
100 8 0.317187
100 9 0.339752
100 11 0.396546
100 12 0.434886
100 3 0.565649
100 10 0.486915
100 0 0.622433
100 13 0.504683
100 2 0.660145
100 14 0.546497
100 32 0.275348
100 30 0.292055
100 5 0.771790
100 28 0.402738
100 7 0.871863
100 1 0.928489
100 4 0.910696
100 33 0.435656
100 29 0.478762
100 31 0.489915
100 6 1.089115
100 44 0.438334
100 16 0.942484
100 26 0.843696
100 21 0.859697
100 42 0.641157
100 23 0.898189
100 50 0.557181
100 20 0.921400
100 19 0.972243
100 25 0.930819
100 17 1.099095
100 18 1.027504
100 48 0.652490
100 15 1.229737
100 41 0.765553
100 27 0.995373
100 38 0.828539
100 39 0.852000
100 47 0.746495
100 43 0.856307
100 35 0.920477
100 40 0.908644
100 45 0.861298
100 24 1.120931
100 22 1.128151
100 34 1.041819
100 36 0.983125
100 49 0.841683
100 37 1.100922
100 46 1.107420
101 9 0.526603
101 11 0.642095
101 28 0.660463
101 44 0.643370
101 10 0.880644
101 3 0.885900
101 29 0.885408
101 5 0.906975
101 32 0.911320
101 0 0.939746
101 1 0.979309
101 33 1.043883
101 20 1.101891
101 49 1.081571
101 30 1.163707
101 4 1.186722
101 13 1.181101
101 42 1.151239
101 8 1.226644
101 14 1.230871
101 37 1.208180
101 31 1.214703
101 12 1.252252
101 15 1.281907
101 47 1.263791
101 45 1.267298
101 7 1.324513
101 39 1.322114
101 35 1.369515
101 36 1.382695
101 48 1.380715
101 26 1.534002
101 16 1.545772
101 46 1.511760
101 2 1.556102
101 40 1.520185
101 18 1.558741
101 25 1.602594
101 19 1.619690
101 21 1.618749
101 50 1.597502
101 41 1.610802
101 17 1.639453
101 24 1.634161
101 23 1.646800
101 34 1.661478
101 38 1.681316
101 27 1.705977
101 43 1.730477
101 6 1.798928
101 22 1.844226
102 8 0.421393
102 10 0.488074
102 9 0.532712
102 14 0.677397
102 12 0.687577
102 0 0.838994
102 28 0.829457
102 13 0.865864
102 11 0.869159
102 1 0.906726
102 2 0.977956
102 3 0.974960
102 32 0.890476
102 4 1.002235
102 30 1.045331
102 33 1.006580
102 44 0.614683
102 22 1.165889
102 16 1.232707
102 31 1.196956
102 27 1.208741
102 29 1.237381
102 17 1.273482
102 19 1.278754
102 23 1.282648
102 6 1.321016
102 5 1.353616
102 25 1.314401
102 24 1.324326
102 7 1.369625
102 20 1.345929
102 36 1.203707
102 15 1.447539
102 26 1.461080
102 34 1.464704
102 18 1.538918
102 21 1.562122
102 35 1.480377
102 38 1.202003
102 41 1.078065
102 45 1.060419
102 49 0.954087
102 42 1.234920
102 50 1.020608
102 46 1.109503
102 43 1.228453
102 37 1.489128
102 47 1.149652
102 39 1.419403
102 48 1.108313
102 40 1.331258
103 9 0.454937
103 10 0.561533
103 11 0.576264
103 8 0.654220
103 32 0.843518
103 29 0.884156
103 31 0.960820
103 28 0.964606
103 14 0.982328
103 12 1.026194
103 4 1.130263
103 21 1.180293
103 13 1.189402
103 48 1.214501
103 33 1.236479
103 30 1.241915
103 39 1.229575
103 36 1.235160
103 44 1.318496
103 7 1.363420
103 45 1.351481
103 5 1.401295
103 6 1.495204
103 24 1.530880
103 19 1.575380
103 0 1.676124
103 22 1.673797
103 1 1.708883
103 27 1.707583
103 2 1.744843
103 16 1.753316
103 43 1.734949
103 20 1.782765
103 26 1.807735
103 23 1.822369
103 40 1.819027
103 3 1.875845
103 35 1.923491
103 25 1.989859
103 18 2.008953
103 50 1.979870
103 15 2.037574
103 34 2.069251
103 47 2.076028
103 17 2.131235
103 42 2.119518
103 46 2.122489
103 37 2.146712
103 49 2.130712
103 41 2.154878
103 38 2.180247
104 8 0.558754
104 14 0.551661
104 10 0.616683
104 12 0.646683
104 9 0.714011
104 11 1.024741
104 13 1.109842
104 2 1.232881
104 30 1.207448
104 28 1.210458
104 16 1.232963
104 29 1.221865
104 31 1.220220
104 6 1.295169
104 33 1.294124
104 4 1.379147
104 5 1.388694
104 44 1.336248
104 47 1.334242
104 1 1.434547
104 0 1.471681
104 32 1.440469
104 42 1.444148
104 23 1.486568
104 17 1.546378
104 7 1.590047
104 48 1.533729
104 3 1.611409
104 34 1.569155
104 43 1.647287
104 38 1.654438
104 49 1.657242
104 26 1.695269
104 15 1.724577
104 19 1.736249
104 50 1.748167
104 22 1.816665
104 36 1.808228
104 20 1.825258
104 27 1.824189
104 39 1.811917
104 41 1.809635
104 21 1.870260
104 24 1.867667
104 46 1.866347
104 18 1.901296
104 45 1.889246
104 37 1.912728
104 40 1.932235
104 35 1.942325
104 25 1.971041
105 8 0.519089
105 9 0.530439
105 14 0.548114
105 0 0.603797
105 31 0.586656
105 33 0.689053
105 28 0.739360
105 12 0.795850
105 11 0.814208
105 44 0.794376
105 6 0.905192
105 10 1.036985
105 30 1.032617
105 32 1.110479
105 2 1.187046
105 3 1.210015
105 29 1.190347
105 5 1.260602
105 13 1.345372
105 45 1.412840
105 34 1.478894
105 47 1.500545
105 1 1.574507
105 24 1.544691
105 36 1.542420
105 22 1.586266
105 15 1.607932
105 40 1.575444
105 41 1.603189
105 35 1.614117
105 38 1.626705
105 23 1.667132
105 46 1.639897
105 7 1.697423
105 4 1.703260
105 17 1.697241
105 37 1.673507
105 18 1.707497
105 27 1.712464
105 50 1.726960
105 39 1.753207
105 42 1.757696
105 20 1.808671
105 26 1.836507
105 25 1.842548
105 16 1.864688
105 49 1.828475
105 48 1.835052
105 43 1.842047
105 21 1.911897
105 19 1.981846
106 8 0.496477
106 44 0.727566
106 9 0.877725
106 11 0.891220
106 0 1.059834
106 30 1.060402
106 3 1.141115
106 12 1.164832
106 33 1.189571
106 4 1.307698
106 31 1.311176
106 1 1.338042
106 29 1.364222
106 46 1.358011
106 14 1.413566
106 13 1.415152
106 28 1.458970
106 36 1.449465
106 22 1.466092
106 32 1.482931
106 18 1.522349
106 10 1.550235
106 7 1.616020
106 50 1.581061
106 24 1.623858
106 25 1.668420
106 35 1.687660
106 19 1.714983
106 6 1.740743
106 20 1.748094
106 2 1.769251
106 21 1.775665
106 15 1.782533
106 5 1.835554
106 42 1.821637
106 43 1.829252
106 27 1.868295
106 38 1.855462
106 26 1.886258
106 40 1.876895
106 39 1.892297
106 23 1.948680
106 17 1.965526
106 45 1.943698
106 37 1.974052
106 16 2.006415
106 47 1.996962
106 34 2.045880
106 41 2.098181
106 48 2.096359
106 49 2.096928
107 11 0.539803
107 9 0.600112
107 8 0.640421
107 10 0.639542
107 13 0.986176
107 44 1.051980
107 12 1.210404
107 29 1.230104
107 0 1.322313
107 32 1.383697
107 3 1.420043
107 33 1.481923
107 14 1.599901
107 41 1.565791
107 30 1.716964
107 1 1.775560
107 2 1.853575
107 31 1.818895
107 28 1.986451
107 5 2.095156
107 4 2.183251
107 47 2.234675
107 27 2.285695
107 7 2.352790
107 46 2.658229
107 49 2.700516
107 26 2.758781
107 25 2.760545
107 48 2.766299
107 50 2.765790
107 19 2.813874
107 43 2.784568
107 39 2.788732
107 40 2.799179
107 38 2.802599
107 42 2.820511
107 22 2.846990
107 23 2.883943
107 16 2.896322
107 34 2.882946
107 17 2.917530
107 18 2.928082
107 24 2.961817
107 35 2.959063
107 21 3.003445
107 36 2.993944
107 15 3.111264
107 6 3.119113
107 45 3.079409
107 20 3.112025
107 37 3.088941
108 32 0.592403
108 13 0.624410
108 11 0.626241
108 44 0.713500
108 28 1.012480
108 9 1.166353
108 5 1.250956
108 30 1.315978
108 37 1.315967
108 26 1.329585
108 10 1.402477
108 14 1.421782
108 1 1.443267
108 3 1.477151
108 41 1.467822
108 4 1.510601
108 12 1.570494
108 29 1.584278
108 40 1.599616
108 33 1.624654
108 27 1.679368
108 7 1.716712
108 31 1.719767
108 46 1.715660
108 8 1.788506
108 34 1.787270
108 20 1.861050
108 2 1.881986
108 0 1.925487
108 24 1.926876
108 35 1.920432
108 39 1.977040
108 45 2.010411
108 36 2.040285
108 19 2.096080
108 15 2.184910
108 38 2.167371
108 6 2.210633
108 49 2.180691
108 18 2.266325
108 17 2.303572
108 22 2.376897
108 23 2.413164
108 25 2.422203
108 21 2.433592
108 50 2.443557
108 43 2.465948
108 47 2.537788
108 48 2.553217
108 16 2.591245
108 42 2.677545
109 10 0.639439
109 30 0.727621
109 14 0.781335
109 8 0.805170
109 32 0.856892
109 6 1.036905
109 4 1.065914
109 12 1.059397
109 28 1.053450
109 31 1.052123
109 9 1.106086
109 46 1.103378
109 44 1.126754
109 36 1.205850
109 13 1.243138
109 33 1.227388
109 2 1.272297
109 7 1.312178
109 26 1.307771
109 3 1.328549
109 48 1.297365
109 11 1.336303
109 41 1.336838
109 0 1.390069
109 21 1.392545
109 40 1.373978
109 37 1.401196
109 27 1.432404
109 5 1.462864
109 22 1.460733
109 25 1.472839
109 29 1.486742
109 16 1.508666
109 34 1.548495
109 35 1.591694
109 50 1.581560
109 15 1.619032
109 20 1.624024
109 45 1.615114
109 38 1.663211
109 24 1.692732
109 23 1.702754
109 17 1.715786
109 18 1.720791
109 39 1.728644
109 43 1.780930
109 42 1.821182
109 19 1.849773
109 47 1.874291
109 1 1.957184
109 49 1.953464
110 11 0.700371
110 33 0.718909
110 29 0.724538
110 32 0.875075
110 30 0.913832
110 28 0.919404
110 9 0.962309
110 13 0.969189
110 31 0.985066
110 44 1.124567
110 8 1.165549
110 10 1.353998
110 12 1.353023
110 20 1.380699
110 1 1.419912
110 24 1.558868
110 3 1.577693
110 14 1.628484
110 18 1.676432
110 43 1.678771
110 19 1.746012
110 35 1.726495
110 50 1.720607
110 6 1.781916
110 7 1.806233
110 16 1.809502
110 39 1.783129
110 46 1.815263
110 5 1.895334
110 42 1.863963
110 38 1.899598
110 37 1.910304
110 25 1.937830
110 4 2.025107
110 47 1.987292
110 21 2.021893
110 36 2.046089
110 27 2.120661
110 23 2.136720
110 0 2.165957
110 49 2.122022
110 15 2.223108
110 40 2.238185
110 2 2.294492
110 45 2.289525
110 34 2.344750
110 17 2.377156
110 48 2.396574
110 41 2.460491
110 26 2.548390
110 22 2.560843
111 33 0.575985
111 13 0.659468
111 11 0.730550
111 28 0.715127
111 32 0.865613
111 9 0.888462
111 44 0.855606
111 12 0.895801
111 5 0.927599
111 31 0.905482
111 7 0.983235
111 10 1.045322
111 0 1.056083
111 29 1.113276
111 16 1.141203
111 3 1.153471
111 17 1.159393
111 47 1.129200
111 14 1.205790
111 23 1.209274
111 30 1.266025
111 45 1.308631
111 8 1.353183
111 18 1.346006
111 21 1.367132
111 1 1.401440
111 38 1.448247
111 20 1.630029
111 15 1.642436
111 22 1.657855
111 19 1.724077
111 4 1.741798
111 49 1.709354
111 25 1.751836
111 37 1.787440
111 2 1.862227
111 43 1.817361
111 36 1.840030
111 26 1.899964
111 39 1.894245
111 27 1.938544
111 41 1.927610
111 6 1.987498
111 34 1.987219
111 50 1.990715
111 42 2.026165
111 24 2.051417
111 48 2.037579
111 46 2.070043
111 35 2.159086
111 40 2.183953
112 12 0.686330
112 9 0.694537
112 14 0.723895
112 8 0.938402
112 10 1.024178
112 13 1.103793
112 11 1.265548
112 29 1.030550
112 30 0.927868
112 31 0.890097
112 33 1.078660
112 32 1.153456
112 25 1.725285
112 0 1.749362
112 28 1.605362
112 3 1.838976
112 20 1.825084
112 19 1.837495
112 2 1.877325
112 17 2.012483
112 27 1.892926
112 5 2.186162
112 26 2.167583
112 4 2.188072
112 44 1.285190
112 1 2.192366
112 15 2.222466
112 6 2.262195
112 22 2.248022
112 7 2.409132
112 24 2.415760
112 18 2.440576
112 38 1.763774
112 16 2.508663
112 23 2.529856
112 21 2.554913
112 36 1.890754
112 35 1.892061
112 45 1.718761
112 40 1.876170
112 34 2.073953
112 47 1.846283
112 39 2.160448
112 43 2.063714
112 37 2.205960
112 49 2.089217
112 50 2.071360
112 42 2.194743
112 46 2.123169
112 48 2.121560
112 41 2.270102
113 32 0.796852
113 9 0.868062
113 28 0.862268
113 44 0.882733
113 11 0.955732
113 13 0.954789
113 8 0.961552
113 30 1.104652
113 31 1.353988
113 33 1.420851
113 5 1.487909
113 29 1.473169
113 10 1.510007
113 2 1.546317
113 12 1.560499
113 41 1.560049
113 14 1.602939
113 7 1.609623
113 1 1.626039
113 36 1.669137
113 6 1.732959
113 35 1.729406
113 4 1.765411
113 17 1.765964
113 45 1.771017
113 0 1.823109
113 15 1.840642
113 38 1.819397
113 21 1.856158
113 49 1.845716
113 16 1.899361
113 3 1.921217
113 42 2.044574
113 46 2.095833
113 39 2.113510
113 43 2.127378
113 37 2.144461
113 19 2.195064
113 34 2.182023
113 27 2.198210
113 50 2.210264
113 47 2.232454
113 23 2.269247
113 48 2.244324
113 22 2.308066
113 25 2.308698
113 18 2.360589
113 40 2.337003
113 20 2.364245
113 26 2.392954
113 24 2.526681
114 10 0.651017
114 9 0.829826
114 8 0.831868
114 13 0.851279
114 14 0.904272
114 29 0.930521
114 1 1.158595
114 44 1.153209
114 31 1.167337
114 3 1.209779
114 30 1.176449
114 5 1.234798
114 28 1.297311
114 32 1.308196
114 12 1.333861
114 11 1.467928
114 33 1.594256
114 2 1.642667
114 7 1.637568
114 0 1.649209
114 46 1.622685
114 16 1.780881
114 37 1.762071
114 39 1.783128
114 4 1.852570
114 25 1.833710
114 22 1.851327
114 40 1.888442
114 6 1.948412
114 21 1.937140
114 43 1.930848
114 15 1.981153
114 24 1.973760
114 36 2.017659
114 26 2.048835
114 45 2.053138
114 42 2.062875
114 27 2.101396
114 41 2.113429
114 34 2.145963
114 17 2.181311
114 50 2.171143
114 19 2.227514
114 48 2.207209
114 49 2.222883
114 18 2.281503
114 20 2.309636
114 35 2.313978
114 47 2.388330
114 23 2.502724
114 38 2.558122
115 8 0.637320
115 28 0.621002
115 10 0.674137
115 29 0.829504
115 30 0.852858
115 44 0.849358
115 33 0.886758
115 11 0.936412
115 12 0.975681
115 0 0.984849
115 31 1.015177
115 32 1.014115
115 14 1.071676
115 48 1.038275
115 47 1.059443
115 24 1.128498
115 36 1.147088
115 13 1.201475
115 19 1.228198
115 26 1.263476
115 9 1.286680
115 2 1.291863
115 40 1.279174
115 3 1.316669
115 41 1.330116
115 45 1.362136
115 4 1.430561
115 22 1.457965
115 34 1.455963
115 21 1.481681
115 39 1.462584
115 38 1.478998
115 43 1.477083
115 49 1.477631
115 5 1.543985
115 6 1.603923
115 18 1.610630
115 17 1.625363
115 7 1.638570
115 16 1.639900
115 46 1.620758
115 1 1.671196
115 42 1.643517
115 27 1.685052
115 23 1.791025
115 20 1.794306
115 50 1.761049
115 25 1.790751
115 15 1.799948
115 35 1.779463
115 37 1.807759
116 11 0.616681
116 44 0.730865
116 28 0.867640
116 12 0.883291
116 32 0.865397
116 29 0.868873
116 31 0.948300
116 6 1.066146
116 9 1.210916
116 2 1.267837
116 13 1.261793
116 38 1.282568
116 3 1.362880
116 5 1.405818
116 33 1.400514
116 41 1.404812
116 17 1.453154
116 1 1.480901
116 14 1.491096
116 10 1.494595
116 4 1.504855
116 47 1.482743
116 43 1.490603
116 0 1.555477
116 8 1.583006
116 42 1.556509
116 30 1.591616
116 16 1.631910
116 15 1.698777
116 40 1.681262
116 45 1.765959
116 48 1.783734
116 34 1.828118
116 39 1.835919
116 26 1.906653
116 23 1.921468
116 19 1.927197
116 22 1.925687
116 25 1.936853
116 49 1.903190
116 36 1.950852
116 50 1.948165
116 24 1.998505
116 37 2.004101
116 7 2.037996
116 18 2.042753
116 35 2.031170
116 21 2.112106
116 46 2.088908
116 20 2.221235
116 27 2.341332
117 32 0.708827
117 10 0.828429
117 13 0.849393
117 33 1.023833
117 30 1.127137
117 31 1.186656
117 28 1.476091
117 9 1.493361
117 11 1.493413
117 1 1.500937
117 22 1.486393
117 34 1.470098
117 38 1.462326
117 0 1.504302
117 4 1.603796
117 47 1.591661
117 5 1.661764
117 29 1.664962
117 19 1.676314
117 8 1.686826
117 12 1.700022
117 23 1.693904
117 14 1.701504
117 16 1.738274
117 46 1.699823
117 44 1.721508
117 43 1.811981
117 37 1.942806
117 27 2.071088
117 17 2.133924
117 41 2.293733
117 3 2.393884
117 49 2.484432
117 21 2.527246
117 26 2.598082
117 15 2.642742
117 6 2.680176
117 25 2.666877
117 40 2.743958
117 35 2.758223
117 48 2.739913
117 2 2.794110
117 20 2.782039
117 24 2.780961
117 45 2.762311
117 7 2.853543
117 50 2.851927
117 42 2.882159
117 39 2.967162
117 36 3.003107
117 18 3.127477
118 32 0.754658
118 13 0.775678
118 9 0.779397
118 12 0.777646
118 31 0.774745
118 30 0.776693
118 8 0.973192
118 29 0.953453
118 11 1.014250
118 28 0.997815
118 10 1.059171
118 44 1.170928
118 14 1.255373
118 0 1.498484
118 2 1.572913
118 26 1.553304
118 33 1.545219
118 39 1.535785
118 3 1.582694
118 7 1.602295
118 5 1.624217
118 46 1.598292
118 41 1.944071
118 23 1.984082
118 47 1.996657
118 4 2.058444
118 34 2.031082
118 50 2.034227
118 1 2.120699
118 18 2.120942
118 45 2.118757
118 22 2.158224
118 21 2.171280
118 38 2.150131
118 27 2.195676
118 15 2.220786
118 17 2.220354
118 35 2.219631
118 16 2.255344
118 6 2.280405
118 49 2.241904
118 19 2.321721
118 42 2.306101
118 37 2.324891
118 40 2.322179
118 25 2.355428
118 36 2.351803
118 48 2.351650
118 20 2.471429
118 24 2.565839
118 43 2.542605
119 32 0.634545
119 9 0.976695
119 29 1.026329
119 11 1.077300
119 28 1.084098
119 44 1.097920
119 30 1.116561
119 39 1.259109
119 14 1.301412
119 36 1.310896
119 7 1.439880
119 26 1.460560
119 5 1.503428
119 21 1.598600
119 46 1.593293
119 13 1.683113
119 10 1.772808
119 33 1.768677
119 27 1.774889
119 31 1.772972
119 40 1.763151
119 47 1.761008
119 24 1.821625
119 8 1.854168
119 3 1.879335
119 20 1.874330
119 2 1.895152
119 48 1.855131
119 15 1.900620
119 4 1.916297
119 43 1.882266
119 12 1.925439
119 49 1.913501
119 1 1.988946
119 0 2.019434
119 18 2.014952
119 42 1.999611
119 17 2.037237
119 37 2.064203
119 19 2.098025
119 23 2.103203
119 34 2.107332
119 25 2.180486
119 35 2.178300
119 45 2.217367
119 6 2.287845
119 41 2.302374
119 16 2.380764
119 50 2.384131
119 38 2.507563
119 22 2.535370
120 10 0.813569
120 8 0.862527
120 9 0.862325
120 11 1.515592
120 32 1.598191
120 13 1.635418
120 28 1.838738
120 3 1.936934
120 5 2.061340
120 14 2.055702
120 12 2.057950
120 45 1.992496
120 31 2.025616
120 30 2.168478
120 42 2.143449
120 26 2.260169
120 16 2.336956
120 29 2.362373
120 44 2.331597
120 27 2.434349
120 18 2.479100
120 22 2.495767
120 17 2.511137
120 34 2.476480
120 36 2.471063
120 37 2.468481
120 23 2.496346
120 33 2.509321
120 41 2.488125
120 1 2.584327
120 49 2.504653
120 15 2.576495
120 50 2.525017
120 46 2.534291
120 25 2.596822
120 21 2.610569
120 24 2.601706
120 39 2.570648
120 20 2.717604
120 4 2.739637
120 6 2.738502
120 40 2.677334
120 7 2.739534
120 19 2.774574
120 47 2.768817
120 2 2.978461
120 0 2.981123
120 48 2.902761
120 35 3.028138
120 38 3.020593
120 43 3.204291
