21 2 0.091714
21 8 0.096089
21 0 0.146779
21 4 0.139822
21 1 0.163465
21 7 0.133241
21 3 0.170667
21 11 0.092429
21 5 0.180485
21 13 0.086777
21 10 0.125995
21 9 0.162597
21 6 0.190846
21 14 0.097050
21 18 0.079874
21 16 0.093278
21 23 0.084063
21 19 0.106259
21 12 0.176091
21 22 0.103878
21 20 0.107056
21 24 0.100116
21 21 0.108386
21 26 0.095693
21 17 0.133451
21 25 0.110797
21 28 0.105445
21 15 0.163866
21 30 0.113397
21 29 0.122257
21 27 0.138283
21 35 0.105665
21 34 0.108208
21 37 0.100234
21 32 0.126597
21 39 0.093684
21 31 0.136133
21 36 0.113927
21 33 0.129978
21 38 0.115133
21 40 0.105659
21 42 0.088087
21 41 0.097461
22 1 0.118791
22 3 0.127048
22 0 0.131273
22 4 0.132849
22 2 0.138710
22 5 0.159047
22 6 0.165984
22 9 0.167019
22 8 0.168949
22 7 0.172126
22 10 0.169544
22 25 0.186263
22 11 0.211925
22 21 0.201213
22 33 0.182676
22 13 0.218258
22 35 0.178424
22 23 0.208535
22 15 0.225327
22 27 0.214026
22 17 0.229135
22 30 0.202382
22 39 0.187740
22 36 0.192542
22 37 0.191481
22 12 0.236397
22 31 0.203995
22 19 0.229972
22 20 0.226765
22 41 0.190482
22 14 0.237886
22 29 0.211035
22 38 0.198222
22 24 0.228553
22 40 0.197029
22 22 0.234272
22 18 0.243773
22 34 0.214688
22 16 0.252226
22 32 0.221711
22 42 0.207989
22 28 0.233136
22 26 0.252775
23 2 0.127802
23 1 0.131376
23 0 0.133383
23 5 0.182383
23 3 0.196808
23 25 0.184074
23 14 0.196716
23 36 0.176130
23 8 0.205065
23 12 0.210369
23 9 0.215177
23 10 0.215105
23 28 0.199192
23 11 0.215240
23 4 0.220807
23 13 0.215186
23 22 0.207280
23 26 0.204355
23 24 0.208435
23 34 0.198405
23 23 0.212213
23 21 0.216454
23 42 0.194691
23 7 0.230432
23 6 0.231940
23 16 0.225554
23 20 0.222126
23 32 0.211109
23 38 0.205128
23 27 0.218198
23 31 0.216310
23 15 0.231905
23 33 0.215083
23 39 0.207724
23 30 0.219492
23 37 0.211340
23 19 0.233569
23 17 0.236222
23 41 0.211349
23 40 0.213196
23 29 0.226355
23 35 0.219132
23 18 0.238063
24 0 0.110951
24 2 0.114436
24 3 0.113844
24 1 0.117958
24 5 0.189264
24 4 0.190084
24 12 0.199805
24 10 0.203244
24 34 0.183829
24 16 0.203009
24 22 0.197580
24 17 0.202656
24 11 0.207675
24 6 0.213157
24 9 0.211336
24 15 0.206925
24 13 0.208634
24 38 0.183979
24 14 0.208995
24 8 0.214358
24 40 0.183036
24 26 0.198388
24 31 0.192968
24 29 0.195508
24 25 0.200020
24 23 0.202655
24 36 0.190187
24 24 0.202377
24 32 0.198781
24 18 0.213685
24 20 0.211796
24 21 0.211790
24 7 0.224564
24 42 0.190097
24 30 0.202161
24 37 0.197587
24 39 0.194588
24 28 0.207066
24 33 0.205671
24 41 0.198272
24 19 0.221567
24 27 0.214444
24 35 0.210102
25 3 0.105842
25 5 0.106797
25 1 0.117755
25 4 0.116412
25 0 0.119338
25 8 0.176039
25 2 0.205160
25 14 0.197015
25 12 0.201070
25 26 0.188365
25 10 0.204287
25 6 0.208318
25 11 0.205336
25 25 0.193337
25 23 0.195147
25 36 0.181845
25 9 0.211446
25 17 0.205730
25 21 0.200874
25 13 0.210500
25 24 0.200591
25 22 0.202426
25 32 0.194445
25 29 0.202477
25 30 0.201931
25 7 0.224515
25 28 0.206221
25 27 0.209534
25 16 0.221956
25 42 0.196155
25 18 0.221981
25 33 0.206105
25 37 0.201811
25 34 0.205658
25 20 0.221899
25 40 0.201091
25 15 0.227040
25 31 0.213551
25 41 0.204108
25 35 0.210983
25 39 0.206953
25 19 0.232440
25 38 0.213638
26 3 0.089646
26 5 0.091117
26 0 0.112974
26 4 0.114363
26 1 0.172412
26 6 0.172412
26 10 0.186616
26 15 0.182974
26 27 0.174132
26 17 0.184177
26 11 0.190760
26 20 0.183882
26 2 0.203943
26 19 0.193486
26 29 0.183822
26 9 0.203417
26 23 0.191219
26 33 0.183431
26 25 0.191620
26 36 0.181333
26 13 0.204053
26 18 0.199988
26 28 0.192112
26 16 0.203670
26 39 0.180407
26 38 0.183357
26 21 0.202621
26 42 0.182282
26 24 0.201044
26 34 0.193309
26 12 0.215223
26 30 0.198348
26 26 0.203084
26 41 0.187120
26 22 0.207451
26 14 0.215272
26 31 0.199155
26 40 0.189112
26 8 0.222194
26 35 0.199059
26 37 0.200976
26 7 0.233405
26 32 0.214593
27 0 0.181950
27 2 0.182561
27 3 0.229719
27 1 0.231550
27 24 0.273593
27 10 0.285958
27 14 0.282780
27 12 0.286447
27 36 0.261724
27 22 0.285202
27 42 0.261603
27 18 0.291040
27 16 0.286380
27 30 0.279305
27 25 0.286808
27 20 0.292129
27 38 0.270031
27 6 0.304687
27 4 0.306653
27 8 0.310076
27 32 0.286791
27 29 0.296160
27 28 0.298196
27 35 0.289343
27 13 0.314850
27 15 0.316453
27 40 0.287827
27 39 0.290490
27 17 0.316930
27 19 0.322344
27 34 0.304010
27 31 0.308880
27 27 0.318182
27 23 0.325777
27 11 0.337748
27 9 0.339950
27 21 0.330767
27 26 0.327294
27 37 0.313484
27 33 0.320006
27 7 0.352270
27 5 0.355982
27 41 0.319438
28 1 0.143591
28 0 0.149830
28 2 0.149379
28 4 0.177589
28 11 0.206498
28 3 0.217673
28 5 0.238973
28 24 0.228798
28 33 0.216842
28 12 0.243155
28 25 0.241823
28 22 0.248225
28 8 0.261493
28 41 0.224351
28 9 0.263934
28 18 0.256293
28 10 0.263996
28 14 0.262695
28 42 0.228799
28 23 0.254913
28 16 0.261731
28 40 0.231306
28 15 0.263748
28 26 0.254208
28 13 0.266637
28 35 0.243601
28 19 0.263661
28 32 0.250952
28 7 0.277463
28 17 0.269012
28 27 0.261082
28 28 0.261638
28 34 0.255706
28 36 0.251216
28 29 0.265941
28 21 0.276870
28 30 0.265528
28 39 0.253589
28 37 0.255957
28 20 0.279433
28 6 0.292825
28 38 0.257961
28 31 0.269685
29 0 0.131048
29 4 0.146934
29 2 0.154590
29 3 0.156945
29 10 0.220829
29 1 0.229712
29 8 0.227089
29 21 0.220896
29 11 0.230600
29 9 0.235185
29 13 0.232480
29 5 0.238571
29 36 0.206098
29 26 0.220846
29 24 0.225227
29 22 0.227527
29 12 0.241509
29 14 0.244822
29 23 0.236604
29 25 0.236561
29 29 0.241201
29 35 0.232943
29 17 0.259664
29 27 0.249165
29 18 0.258939
29 15 0.262505
29 19 0.260235
29 37 0.238238
29 33 0.246234
29 39 0.237273
29 32 0.249785
29 7 0.275210
29 28 0.259466
29 30 0.258016
29 16 0.279218
29 31 0.266446
29 20 0.279020
29 38 0.261901
29 34 0.269931
29 40 0.262352
29 41 0.262541
29 42 0.261505
29 6 0.303984
30 0 0.149838
30 2 0.152784
30 4 0.151547
30 1 0.157558
30 3 0.204467
30 6 0.230047
30 12 0.233012
30 10 0.236716
30 8 0.238808
30 14 0.241662
30 23 0.234038
30 28 0.231879
30 26 0.234497
30 13 0.248819
30 36 0.226451
30 5 0.258512
30 24 0.242401
30 25 0.241754
30 11 0.255429
30 9 0.257290
30 18 0.250638
30 27 0.247627
30 16 0.261004
30 19 0.261946
30 30 0.250671
30 29 0.251975
30 42 0.233959
30 38 0.241666
30 22 0.260322
30 7 0.273557
30 15 0.268232
30 33 0.251223
30 35 0.248481
30 31 0.253476
30 32 0.255016
30 34 0.253647
30 17 0.274072
30 39 0.250288
30 40 0.249111
30 20 0.273612
30 41 0.248729
30 21 0.274033
30 37 0.258070
31 3 0.128478
31 0 0.150807
31 1 0.161806
31 4 0.174714
31 6 0.189550
31 5 0.193409
31 16 0.211362
31 35 0.191786
31 10 0.219079
31 29 0.201846
31 12 0.218385
31 22 0.213078
31 15 0.222801
31 14 0.224094
31 39 0.200047
31 9 0.229347
31 11 0.228608
31 2 0.236301
31 17 0.225251
31 27 0.215156
31 24 0.218751
31 18 0.226531
31 26 0.221160
31 13 0.233091
31 42 0.205002
31 8 0.238434
31 23 0.226500
31 25 0.225599
31 36 0.213507
31 21 0.233050
31 20 0.234754
31 28 0.228095
31 31 0.225691
31 32 0.224392
31 30 0.227128
31 40 0.217172
31 19 0.241002
31 34 0.227814
31 38 0.226932
31 7 0.259661
31 33 0.241082
31 41 0.234109
31 37 0.239782
32 0 0.157091
32 4 0.154508
32 2 0.158523
32 1 0.168022
32 3 0.197448
32 14 0.223340
32 24 0.220196
32 13 0.233845
32 8 0.238302
32 37 0.210353
32 10 0.239209
32 5 0.244800
32 23 0.238989
32 12 0.252262
32 26 0.240346
32 9 0.255885
32 28 0.237901
32 16 0.252971
32 25 0.245782
32 11 0.260455
32 31 0.244951
32 27 0.256007
32 15 0.270981
32 7 0.277028
32 33 0.252859
32 18 0.272348
32 30 0.263769
32 32 0.264740
32 20 0.279492
32 41 0.255493
32 22 0.280294
32 39 0.260935
32 38 0.262201
32 40 0.260759
32 17 0.288347
32 6 0.297511
32 35 0.269284
32 19 0.288269
32 29 0.278214
32 36 0.269973
32 21 0.287937
32 34 0.274735
32 42 0.267064
33 2 0.130163
33 0 0.161011
33 4 0.168918
33 1 0.174643
33 9 0.220303
33 28 0.206117
33 30 0.204458
33 11 0.233234
33 12 0.235473
33 13 0.234942
33 29 0.222261
33 8 0.243146
33 3 0.247590
33 25 0.227810
33 10 0.244774
33 5 0.251707
33 27 0.234177
33 39 0.224908
33 26 0.238969
33 14 0.253507
33 15 0.254669
33 6 0.265102
33 7 0.268624
33 16 0.263866
33 18 0.264313
33 23 0.263041
33 22 0.264015
33 32 0.256691
33 24 0.265244
33 36 0.253937
33 33 0.261500
33 20 0.274832
33 38 0.260793
33 17 0.283987
33 21 0.285089
33 34 0.273498
33 31 0.277435
33 40 0.268290
33 37 0.272505
33 19 0.291804
33 35 0.282885
33 42 0.275869
33 41 0.279268
34 1 0.129301
34 3 0.129671
34 4 0.134411
34 0 0.138700
34 8 0.187231
34 5 0.196408
34 2 0.208164
34 10 0.220357
34 12 0.222168
34 11 0.228349
34 25 0.219653
34 7 0.236707
34 35 0.212864
34 15 0.234355
34 21 0.231978
34 13 0.238737
34 37 0.215175
34 38 0.216476
34 9 0.246127
34 26 0.231787
34 24 0.237002
34 20 0.240818
34 33 0.231064
34 40 0.223982
34 23 0.243993
34 27 0.240417
34 17 0.250040
34 28 0.239367
34 36 0.230683
34 42 0.224106
34 32 0.235562
34 16 0.253310
34 30 0.239906
34 19 0.252149
34 29 0.243796
34 18 0.255445
34 14 0.260193
34 31 0.244157
34 39 0.234754
34 34 0.248297
34 22 0.262762
34 6 0.278526
34 41 0.249109
35 3 0.181465
35 0 0.188150
35 5 0.184795
35 1 0.191569
35 7 0.244863
35 9 0.249719
35 2 0.257193
35 11 0.254436
35 26 0.241640
35 27 0.247571
35 13 0.262704
35 24 0.252775
35 28 0.250919
35 8 0.270560
35 10 0.276234
35 12 0.281436
35 4 0.288307
35 23 0.273531
35 37 0.258717
35 25 0.275672
35 35 0.265952
35 30 0.278592
35 19 0.298074
35 33 0.285509
35 16 0.305487
35 39 0.282104
35 17 0.306356
35 22 0.301789
35 31 0.292762
35 15 0.311117
35 21 0.307399
35 14 0.314958
35 34 0.294626
35 41 0.290587
35 18 0.320135
35 20 0.320264
35 42 0.296522
35 6 0.334204
35 32 0.314217
35 38 0.307026
35 36 0.315582
35 29 0.330860
35 40 0.323279
36 0 0.124193
36 5 0.137039
36 2 0.145020
36 3 0.150100
36 4 0.152762
36 1 0.191486
36 12 0.203593
36 9 0.210331
36 11 0.213071
36 8 0.225863
36 27 0.210967
36 17 0.221239
36 24 0.215741
36 23 0.220412
36 34 0.209061
36 16 0.228062
36 7 0.238033
36 10 0.235897
36 13 0.236014
36 28 0.224579
36 31 0.224204
36 22 0.234512
36 36 0.220279
36 21 0.236607
36 26 0.232471
36 42 0.214795
36 25 0.234911
36 39 0.224866
36 38 0.229305
36 30 0.239793
36 14 0.260239
36 29 0.245501
36 20 0.258836
36 32 0.246179
36 19 0.260349
36 18 0.261963
36 15 0.266347
36 33 0.250154
36 37 0.245991
36 35 0.253380
36 6 0.283450
36 40 0.251195
36 41 0.250312
37 2 0.178499
37 0 0.182980
37 4 0.180208
37 5 0.195669
37 3 0.203348
37 9 0.229584
37 13 0.241047
37 11 0.245266
37 37 0.215628
37 25 0.229734
37 27 0.228435
37 10 0.254382
37 30 0.229752
37 29 0.235472
37 6 0.265725
37 8 0.264940
37 28 0.238748
37 23 0.247236
37 12 0.262280
37 1 0.279354
37 26 0.250927
37 24 0.254090
37 22 0.259307
37 14 0.272738
37 17 0.272476
37 15 0.277774
37 21 0.271829
37 39 0.250382
37 32 0.268754
37 33 0.268199
37 36 0.268061
37 31 0.274242
37 40 0.267316
37 34 0.274430
37 35 0.275412
37 7 0.312164
37 16 0.308219
37 41 0.276324
37 18 0.307580
37 20 0.306234
37 38 0.286096
37 42 0.289041
37 19 0.318234
38 3 0.181839
38 5 0.222135
38 2 0.237678
38 0 0.239389
38 12 0.258308
38 11 0.259570
38 13 0.264779
38 31 0.248776
38 9 0.272275
38 29 0.257385
38 33 0.253238
38 14 0.287971
38 4 0.299137
38 39 0.264440
38 16 0.292076
38 6 0.306589
38 30 0.285853
38 15 0.302016
38 7 0.313354
38 8 0.317154
38 1 0.324025
38 28 0.300591
38 36 0.296798
38 38 0.294724
38 18 0.319912
38 25 0.313239
38 10 0.329498
38 32 0.308435
38 34 0.308077
38 17 0.327733
38 35 0.312565
38 21 0.333672
38 22 0.334580
38 41 0.312778
38 24 0.338263
38 27 0.337001
38 20 0.344580
38 23 0.361738
38 26 0.368230
38 37 0.359252
38 42 0.350973
38 19 0.384618
38 40 0.361120
39 8 0.149609
39 7 0.152986
39 5 0.180921
39 0 0.198135
39 3 0.198288
39 1 0.203890
39 6 0.204368
39 9 0.202221
39 2 0.227880
39 4 0.231480
39 14 0.143763
39 10 0.162389
39 12 0.168207
39 13 0.167590
39 17 0.206246
39 29 0.193633
39 11 0.224227
39 27 0.205584
39 26 0.208995
39 28 0.207853
39 25 0.213563
39 24 0.219437
39 37 0.194482
39 32 0.202453
39 40 0.193859
39 18 0.235599
39 16 0.241228
39 20 0.248006
39 31 0.231736
39 15 0.256763
39 39 0.219993
39 19 0.253579
39 33 0.231446
39 22 0.255998
39 38 0.228899
39 21 0.258363
39 30 0.246643
39 34 0.237480
39 23 0.263318
39 41 0.232849
39 35 0.247430
39 36 0.248043
39 42 0.241531
40 3 0.160476
40 0 0.194492
40 1 0.204659
40 4 0.261628
40 11 0.257708
40 13 0.266730
40 19 0.262408
40 26 0.256698
40 29 0.256520
40 2 0.283714
40 10 0.279293
40 14 0.276499
40 5 0.285231
40 9 0.282004
40 16 0.276530
40 12 0.281582
40 24 0.270556
40 28 0.267975
40 8 0.287159
40 6 0.289432
40 18 0.282586
40 15 0.292133
40 37 0.265081
40 30 0.276385
40 22 0.295245
40 17 0.303793
40 27 0.295136
40 34 0.289130
40 31 0.294882
40 7 0.320082
40 25 0.311254
40 21 0.316070
40 32 0.313490
40 36 0.306752
40 20 0.328640
40 39 0.304155
40 40 0.307140
40 35 0.323646
40 23 0.338329
40 41 0.315129
40 38 0.320272
40 33 0.339634
40 42 0.328610
41 5 0.180091
41 4 0.217231
41 28 0.201823
41 1 0.228522
41 0 0.230172
41 12 0.250036
41 7 0.255312
41 10 0.253915
41 24 0.244485
41 37 0.245115
41 23 0.267182
41 13 0.276968
41 26 0.264263
41 9 0.281783
41 27 0.265561
41 6 0.285423
41 3 0.291523
41 8 0.294870
41 11 0.292903
41 25 0.287391
41 2 0.313077
41 16 0.321018
41 15 0.322474
41 36 0.301743
41 14 0.331239
41 17 0.334679
41 33 0.320105
41 19 0.336341
41 20 0.338686
41 29 0.332460
41 41 0.319663
41 38 0.326693
41 39 0.326440
41 30 0.340818
41 31 0.341407
41 32 0.341485
41 21 0.354088
41 18 0.360300
41 22 0.357002
41 40 0.346115
41 34 0.354753
41 42 0.348709
41 35 0.357894
42 7 0.113396
42 2 0.154626
42 1 0.189780
42 0 0.203640
42 3 0.180948
42 8 0.139358
42 9 0.156735
42 11 0.141816
42 10 0.165563
42 4 0.217816
42 5 0.210616
42 12 0.159864
42 6 0.217355
42 13 0.187608
42 16 0.157168
42 14 0.193617
42 15 0.217424
42 19 0.191901
42 30 0.162798
42 28 0.177886
42 25 0.183039
42 18 0.282333
42 17 0.284739
42 37 0.161621
42 20 0.273913
42 26 0.217202
42 29 0.217733
42 38 0.182175
42 40 0.196671
42 21 0.291715
42 27 0.250909
42 22 0.293605
42 23 0.293823
42 24 0.281373
42 39 0.222631
42 32 0.264862
42 36 0.237421
42 31 0.273570
42 33 0.259139
42 34 0.271844
42 35 0.274955
42 41 0.282999
42 42 0.291520
43 5 0.196248
43 4 0.243867
43 27 0.239215
43 0 0.272784
43 8 0.285629
43 12 0.282952
43 14 0.283635
43 3 0.300602
43 11 0.310268
43 26 0.295279
43 9 0.314252
43 10 0.332518
43 7 0.335899
43 24 0.318252
43 36 0.308762
43 28 0.323620
43 2 0.351387
43 6 0.348191
43 25 0.331780
43 13 0.354153
43 31 0.340618
43 18 0.359946
43 34 0.342583
43 23 0.355333
43 19 0.362592
43 16 0.369815
43 40 0.349635
43 39 0.351911
43 32 0.367808
43 20 0.386819
43 38 0.368223
43 30 0.385128
43 1 0.418493
43 17 0.407955
43 15 0.410233
43 42 0.383227
43 21 0.414196
43 29 0.408746
43 41 0.395872
43 33 0.408324
43 37 0.416357
43 35 0.429509
43 22 0.451402
44 9 0.229028
44 1 0.257131
44 37 0.230840
44 5 0.265506
44 3 0.276978
44 25 0.259172
44 0 0.281733
44 14 0.271020
44 10 0.275177
44 11 0.279123
44 13 0.285594
44 27 0.272950
44 23 0.277776
44 8 0.301206
44 2 0.307423
44 24 0.303199
44 4 0.346073
44 22 0.351505
44 12 0.362718
44 6 0.367306
44 26 0.349413
44 15 0.366454
44 31 0.359503
44 30 0.365131
44 7 0.386932
44 35 0.363040
44 33 0.371076
44 18 0.394692
44 21 0.413132
44 19 0.419159
44 39 0.400121
44 38 0.401356
44 32 0.426706
44 41 0.421605
44 36 0.433239
44 17 0.458021
44 28 0.451330
44 29 0.455931
44 40 0.441951
44 42 0.446221
44 16 0.478852
44 20 0.484923
44 34 0.474991
45 8 0.224160
45 9 0.227224
45 11 0.240955
45 10 0.249903
45 12 0.240966
45 14 0.310615
45 4 0.353371
45 13 0.328643
45 1 0.361803
45 5 0.359113
45 3 0.367481
45 7 0.372047
45 0 0.389089
45 2 0.390351
45 27 0.281404
45 26 0.296444
45 6 0.417075
45 24 0.334714
45 25 0.369802
45 19 0.417199
45 15 0.473211
45 21 0.432847
45 29 0.317842
45 16 0.524660
45 23 0.463943
45 22 0.489592
45 17 0.538369
45 18 0.527420
45 28 0.388141
45 38 0.246009
45 20 0.541468
45 34 0.409240
45 30 0.457402
45 37 0.402353
45 31 0.435723
45 35 0.431573
45 33 0.444955
45 32 0.451290
45 40 0.283910
45 42 0.278145
45 36 0.468428
45 39 0.299455
45 41 0.321371
46 14 0.240325
46 9 0.245425
46 13 0.245665
46 4 0.256971
46 0 0.263005
46 8 0.263713
46 2 0.272469
46 12 0.281365
46 10 0.286190
46 6 0.342845
46 24 0.315716
46 26 0.387841
46 28 0.384066
46 11 0.431027
46 3 0.450159
46 22 0.421563
46 37 0.377592
46 34 0.384185
46 1 0.463069
46 38 0.387928
46 32 0.400380
46 18 0.453101
46 36 0.403159
46 39 0.395456
46 7 0.479330
46 5 0.481490
46 42 0.387949
46 30 0.431395
46 40 0.413279
46 29 0.450712
46 20 0.485709
46 27 0.461089
46 25 0.471106
46 35 0.443149
46 16 0.504363
46 17 0.512067
46 41 0.462965
46 33 0.488038
46 19 0.536373
46 31 0.516640
46 15 0.573109
46 21 0.567482
46 23 0.606885
47 8 0.296177
47 11 0.297251
47 7 0.300849
47 25 0.285585
47 28 0.282792
47 9 0.300980
47 13 0.298476
47 4 0.313241
47 1 0.322370
47 2 0.321537
47 0 0.323696
47 27 0.300656
47 26 0.312304
47 21 0.322818
47 19 0.328444
47 29 0.320607
47 36 0.318038
47 3 0.349563
47 12 0.345103
47 20 0.338805
47 38 0.321035
47 22 0.345229
47 10 0.356250
47 14 0.369753
47 6 0.376094
47 30 0.355748
47 5 0.390362
47 23 0.378128
47 42 0.360048
47 41 0.366647
47 16 0.391992
47 34 0.376631
47 24 0.387141
47 33 0.380741
47 31 0.390613
47 15 0.406555
47 37 0.401881
47 17 0.426102
47 35 0.413696
47 40 0.410415
47 32 0.421707
47 39 0.421551
47 18 0.464738
48 4 0.240216
48 5 0.322551
48 3 0.328036
48 12 0.336035
48 28 0.330452
48 0 0.357638
48 30 0.333057
48 1 0.357980
48 9 0.357910
48 7 0.376507
48 13 0.373275
48 26 0.361513
48 27 0.360968
48 29 0.374693
48 8 0.396371
48 38 0.368755
48 14 0.395700
48 25 0.394759
48 10 0.407939
48 2 0.420583
48 11 0.414654
48 19 0.417436
48 17 0.443993
48 39 0.428195
48 33 0.435006
48 16 0.454219
48 35 0.436874
48 20 0.456085
48 24 0.457301
48 32 0.450328
48 15 0.480035
48 36 0.462729
48 22 0.476550
48 18 0.484365
48 31 0.474702
48 34 0.482784
48 23 0.495966
48 6 0.516282
48 37 0.491742
48 42 0.488154
48 21 0.519394
48 40 0.510867
48 41 0.511456
49 1 0.240867
49 5 0.254796
49 7 0.262723
49 9 0.261504
49 29 0.244550
49 27 0.251604
49 26 0.255571
49 10 0.270351
49 13 0.278342
49 3 0.286122
49 11 0.282455
49 0 0.297580
49 28 0.277333
49 4 0.305127
49 2 0.315936
49 31 0.290841
49 30 0.291910
49 12 0.309771
49 8 0.315984
49 40 0.284236
49 16 0.371673
49 14 0.377733
49 17 0.383916
49 36 0.375759
49 39 0.372922
49 18 0.398737
49 34 0.388307
49 37 0.384766
49 25 0.403960
49 20 0.411035
49 22 0.411891
49 23 0.411258
49 35 0.398964
49 19 0.416180
49 6 0.427049
49 15 0.426887
49 33 0.418619
49 41 0.413117
49 38 0.420016
49 21 0.444808
49 32 0.436648
49 24 0.450107
49 42 0.454710
50 8 0.247545
50 38 0.252598
50 28 0.264699
50 26 0.268816
50 14 0.281685
50 13 0.282669
50 10 0.286328
50 3 0.298306
50 30 0.273675
50 12 0.301695
50 4 0.309923
50 9 0.320922
50 1 0.327766
50 5 0.325639
50 0 0.329876
50 29 0.326483
50 31 0.332338
50 27 0.343082
50 11 0.364680
50 7 0.411793
50 2 0.427860
50 33 0.422533
50 6 0.461968
50 23 0.453442
50 15 0.464578
50 16 0.465932
50 17 0.466115
50 36 0.449975
50 20 0.477553
50 32 0.470873
50 25 0.481293
50 39 0.468753
50 35 0.474341
50 19 0.494191
50 21 0.496172
50 22 0.494969
50 41 0.475993
50 24 0.495942
50 18 0.507441
50 34 0.498784
50 37 0.503737
50 40 0.504765
50 42 0.505419
51 9 0.192194
51 12 0.276774
51 14 0.276115
51 5 0.317026
51 3 0.332171
51 1 0.339226
51 13 0.293510
51 11 0.319231
51 0 0.393132
51 10 0.382842
51 2 0.434415
51 4 0.434104
51 8 0.419076
51 6 0.456121
51 15 0.429029
51 18 0.432648
51 7 0.519919
51 19 0.505683
51 27 0.262338
51 25 0.328998
51 17 0.525149
51 26 0.303227
51 21 0.536105
51 16 0.559423
51 23 0.468955
51 20 0.577999
51 22 0.571224
51 29 0.352972
51 37 0.290134
51 24 0.503123
51 28 0.375901
51 34 0.403119
51 39 0.377042
51 32 0.455871
51 30 0.462069
51 31 0.474516
51 41 0.416641
51 33 0.498865
51 42 0.418544
51 36 0.436874
51 40 0.429541
51 35 0.451026
51 38 0.458535
52 3 0.222630
52 38 0.253006
52 1 0.288606
52 26 0.268240
52 11 0.281506
52 27 0.288791
52 9 0.304923
52 13 0.330592
52 7 0.336331
52 29 0.329088
52 19 0.350589
52 4 0.373267
52 5 0.381140
52 15 0.396537
52 20 0.399585
52 41 0.378524
52 23 0.400347
52 35 0.387922
52 10 0.419555
52 37 0.406211
52 30 0.416638
52 14 0.432131
52 24 0.424020
52 0 0.445214
52 25 0.425147
52 18 0.435995
52 12 0.441091
52 31 0.432378
52 16 0.447807
52 34 0.438438
52 6 0.478394
52 39 0.446524
52 28 0.462453
52 8 0.480432
52 2 0.498558
52 22 0.515326
52 42 0.497732
52 40 0.500333
52 21 0.533427
52 36 0.535543
52 33 0.545222
52 32 0.560123
52 17 0.596970
53 14 0.266562
53 8 0.276558
53 24 0.265642
53 9 0.294584
53 28 0.315015
53 11 0.331943
53 5 0.392411
53 13 0.426385
53 26 0.414059
53 10 0.448600
53 12 0.501784
53 29 0.504870
53 0 0.546140
53 1 0.545673
53 4 0.544134
53 27 0.542594
53 25 0.592806
53 38 0.585358
53 7 0.664196
53 2 0.671067
53 17 0.661963
53 16 0.665366
53 34 0.647422
53 36 0.645923
53 22 0.664851
53 18 0.690268
53 20 0.701523
53 3 0.717866
53 31 0.695409
53 21 0.706258
53 6 0.720655
53 37 0.691595
53 15 0.724164
53 30 0.710695
53 40 0.706891
53 39 0.710920
53 23 0.729997
53 32 0.724191
53 19 0.737888
53 33 0.724385
53 42 0.717578
53 41 0.721631
53 35 0.740411
54 8 0.257830
54 10 0.289511
54 14 0.314227
54 26 0.307072
54 11 0.321833
54 12 0.321677
54 2 0.329787
54 24 0.313801
54 0 0.334116
54 5 0.346819
54 4 0.349689
54 38 0.324619
54 9 0.355087
54 28 0.340504
54 3 0.363177
54 29 0.341094
54 27 0.353295
54 13 0.373070
54 25 0.369725
54 16 0.392456
54 32 0.390552
54 15 0.411776
54 18 0.415899
54 6 0.438202
54 1 0.445829
54 39 0.417895
54 7 0.460398
54 17 0.452812
54 42 0.430902
54 21 0.460212
54 19 0.462433
54 20 0.467130
54 36 0.450693
54 41 0.451428
54 31 0.467299
54 34 0.463314
54 35 0.465663
54 37 0.470740
54 23 0.486643
54 40 0.480423
54 30 0.502958
54 33 0.505601
54 22 0.532260
55 30 0.250682
55 14 0.277676
55 8 0.282474
55 13 0.286387
55 9 0.291021
55 10 0.293658
55 27 0.279153
55 0 0.316609
55 11 0.342334
55 29 0.326401
55 28 0.328191
55 1 0.358334
55 12 0.350052
55 3 0.361392
55 25 0.344614
55 26 0.349842
55 39 0.338351
55 4 0.408614
55 35 0.393433
55 17 0.415893
55 32 0.405703
55 2 0.433499
55 41 0.402128
55 23 0.433415
55 24 0.438557
55 21 0.443473
55 5 0.458302
55 16 0.450557
55 38 0.463738
55 31 0.471429
55 7 0.496705
55 15 0.500108
55 19 0.497738
55 20 0.500555
55 36 0.488236
55 40 0.488188
55 33 0.501138
55 18 0.527421
55 6 0.539810
55 42 0.511798
55 37 0.519529
55 22 0.536625
55 34 0.534864
56 11 0.185870
56 8 0.236106
56 1 0.282407
56 0 0.291168
56 5 0.284180
56 10 0.285133
56 13 0.276731
56 2 0.309494
56 3 0.317284
56 12 0.289135
56 9 0.316115
56 6 0.354805
56 4 0.386335
56 14 0.380172
56 19 0.377875
56 7 0.409662
56 29 0.345586
56 15 0.393260
56 17 0.395029
56 31 0.350054
56 21 0.401050
56 20 0.405085
56 25 0.394441
56 30 0.380748
56 22 0.423474
56 26 0.417026
56 28 0.403670
56 23 0.444410
56 33 0.361013
56 24 0.442322
56 27 0.454650
56 16 0.492240
56 32 0.413825
56 18 0.507531
56 38 0.245402
56 34 0.427579
56 37 0.373989
56 41 0.296679
56 35 0.440144
56 36 0.418268
56 40 0.316965
56 42 0.342000
56 39 0.347288
57 3 0.284582
57 24 0.297227
57 37 0.283714
57 12 0.325176
57 26 0.338100
57 10 0.356731
57 2 0.394473
57 5 0.403223
57 28 0.380393
57 11 0.399221
57 14 0.402471
57 0 0.419651
57 8 0.439588
57 1 0.446062
57 13 0.439684
57 36 0.450874
57 25 0.474342
57 27 0.476074
57 23 0.485752
57 21 0.502769
57 9 0.515761
57 7 0.520361
57 34 0.493676
57 18 0.516453
57 20 0.525929
57 29 0.523860
57 35 0.518587
57 17 0.549212
57 40 0.523544
57 16 0.558904
57 4 0.606116
57 22 0.614373
57 41 0.597422
57 32 0.607140
57 19 0.634186
57 42 0.611133
57 6 0.656705
57 15 0.659656
57 30 0.646078
57 33 0.644595
57 38 0.643571
57 39 0.648543
57 31 0.667498
58 9 0.278112
58 8 0.339253
58 11 0.338944
58 13 0.373201
58 29 0.353154
58 4 0.416766
58 0 0.419745
58 1 0.433122
58 5 0.473657
58 27 0.437066
58 3 0.477557
58 12 0.468987
58 7 0.484222
58 31 0.444860
58 10 0.516953
58 28 0.506175
58 14 0.575137
58 39 0.511561
58 2 0.616907
58 30 0.569828
58 32 0.578128
58 15 0.622289
58 37 0.582108
58 38 0.611554
58 21 0.661878
58 35 0.631298
58 16 0.696448
58 34 0.657347
58 25 0.706731
58 23 0.712506
58 33 0.685119
58 41 0.663580
58 18 0.739047
58 17 0.748236
58 6 0.770271
58 36 0.708148
58 19 0.767522
58 22 0.767245
58 24 0.788458
58 40 0.750355
58 42 0.750918
58 20 0.831451
58 26 0.835482
59 9 0.211085
59 8 0.273245
59 1 0.315889
59 3 0.314469
59 4 0.331239
59 12 0.255255
59 2 0.399440
59 10 0.313994
59 0 0.417792
59 14 0.282849
59 11 0.315822
59 5 0.419996
59 13 0.365108
59 7 0.487078
59 26 0.189497
59 16 0.329493
59 31 0.185881
59 18 0.369638
59 28 0.310875
59 38 0.230727
59 27 0.331699
59 29 0.333055
59 6 0.646373
59 30 0.280795
59 20 0.425982
59 24 0.392754
59 23 0.408790
59 25 0.404899
59 17 0.472805
59 21 0.461747
59 32 0.374313
59 15 0.564210
59 37 0.361663
59 35 0.412654
59 19 0.546465
59 36 0.432516
59 22 0.541529
59 33 0.453341
59 34 0.461789
59 42 0.421165
59 39 0.448371
59 41 0.452997
59 40 0.497789
60 8 0.219212
60 9 0.241363
60 11 0.286699
60 14 0.332052
60 3 0.363112
60 13 0.400777
60 29 0.347089
60 28 0.358506
60 27 0.399363
60 0 0.491918
60 5 0.466916
60 1 0.492757
60 25 0.416665
60 7 0.486152
60 26 0.463850
60 12 0.518818
60 10 0.521175
60 2 0.555766
60 15 0.519272
60 33 0.477756
60 39 0.278787
60 4 0.604543
60 30 0.571489
60 17 0.647006
60 21 0.643494
60 6 0.693787
60 19 0.661065
60 35 0.484450
60 31 0.624764
60 40 0.407359
60 20 0.686962
60 23 0.688731
60 32 0.680623
60 41 0.465289
60 24 0.737050
60 16 0.773623
60 36 0.517323
60 22 0.785897
60 18 0.821660
60 38 0.577806
60 34 0.714912
60 42 0.629274
60 37 0.660694
61 9 0.297943
61 12 0.336626
61 28 0.336254
61 30 0.386913
61 27 0.412446
61 3 0.458609
61 4 0.460321
61 0 0.468249
61 10 0.458882
61 2 0.487705
61 14 0.478374
61 32 0.468116
61 38 0.459685
61 5 0.526374
61 18 0.507798
61 6 0.525986
61 13 0.553127
61 34 0.513658
61 11 0.586459
61 8 0.602568
61 37 0.547105
61 15 0.608551
61 31 0.579703
61 29 0.582790
61 19 0.655715
61 36 0.621739
61 16 0.670486
61 20 0.664079
61 41 0.630717
61 40 0.635754
61 24 0.681361
61 7 0.714962
61 26 0.685880
61 1 0.729643
61 22 0.711865
61 42 0.673625
61 23 0.722706
61 33 0.706786
61 17 0.747960
61 21 0.759733
61 39 0.737422
61 35 0.754163
61 25 0.785999
62 3 0.300842
62 8 0.285715
62 1 0.309620
62 5 0.358746
62 10 0.353290
62 12 0.355610
62 11 0.375318
62 0 0.402430
62 14 0.375855
62 2 0.423187
62 9 0.425544
62 13 0.411252
62 4 0.447232
62 24 0.335584
62 6 0.460582
62 7 0.458712
62 23 0.380488
62 25 0.365015
62 19 0.520725
62 15 0.549928
62 26 0.402354
62 27 0.376352
62 20 0.532567
62 16 0.581610
62 18 0.620721
62 28 0.387966
62 17 0.636634
62 22 0.610773
62 38 0.265179
62 21 0.658035
62 34 0.377868
62 31 0.387469
62 30 0.393691
62 39 0.350724
62 35 0.437319
62 29 0.528049
62 37 0.387700
62 42 0.402449
62 32 0.483514
62 36 0.417058
62 40 0.416684
62 33 0.497936
62 41 0.428085
63 9 0.289160
63 28 0.280395
63 31 0.295419
63 8 0.318159
63 2 0.327619
63 10 0.324885
63 32 0.322391
63 3 0.362566
63 5 0.369879
63 27 0.355966
63 13 0.381258
63 14 0.380871
63 12 0.382582
63 0 0.402944
63 4 0.406991
63 29 0.420088
63 39 0.408659
63 11 0.440023
63 30 0.432195
63 38 0.445851
63 34 0.453836
63 1 0.511748
63 18 0.499035
63 6 0.521181
63 15 0.516839
63 36 0.496825
63 24 0.516505
63 26 0.515304
63 16 0.525147
63 20 0.529743
63 23 0.530006
63 7 0.570679
63 40 0.542679
63 33 0.553531
63 42 0.548489
63 22 0.587088
63 17 0.599195
63 37 0.593343
63 25 0.609086
63 21 0.619662
63 19 0.641985
63 41 0.630146
63 35 0.637837
64 11 0.299179
64 13 0.302224
64 12 0.309865
64 10 0.315105
64 7 0.325320
64 8 0.325597
64 9 0.321644
64 2 0.353680
64 3 0.386898
64 1 0.452520
64 4 0.451107
64 29 0.310873
64 0 0.493055
64 5 0.509425
64 32 0.197170
64 28 0.402010
64 30 0.409572
64 6 0.593387
64 27 0.495290
64 14 0.616790
64 24 0.563403
64 34 0.353868
64 15 0.654109
64 31 0.496763
64 25 0.597343
64 20 0.627125
64 40 0.323187
64 18 0.681948
64 16 0.710243
64 19 0.694260
64 21 0.663200
64 23 0.663059
64 22 0.702112
64 38 0.415745
64 17 0.763905
64 35 0.495609
64 41 0.425815
64 26 0.710058
64 36 0.465579
64 42 0.457032
64 39 0.507557
64 33 0.590135
64 37 0.531929
65 6 0.195068
65 7 0.217882
65 10 0.179877
65 11 0.180397
65 9 0.223127
65 4 0.308367
65 8 0.271547
65 12 0.229833
65 3 0.349359
65 1 0.358356
65 5 0.441029
65 2 0.502909
65 0 0.524240
65 25 0.271262
65 17 0.370333
65 27 0.283732
65 24 0.294793
65 26 0.320691
65 23 0.338838
65 21 0.376492
65 15 0.495558
65 18 0.469109
65 16 0.482466
65 13 0.536119
65 28 0.382768
65 19 0.482388
65 29 0.404513
65 14 0.565354
65 20 0.484222
65 37 0.362274
65 22 0.494433
65 33 0.447707
65 31 0.481466
65 30 0.485647
65 36 0.413940
65 38 0.423135
65 42 0.329239
65 35 0.432520
65 40 0.426671
65 41 0.376058
65 32 0.525597
65 39 0.481765
65 34 0.501824
66 8 0.242497
66 1 0.271268
66 4 0.292062
66 10 0.300896
66 28 0.288264
66 0 0.331406
66 30 0.295911
66 12 0.332155
66 38 0.309767
66 27 0.345808
66 14 0.360742
66 13 0.361890
66 5 0.405163
66 26 0.389530
66 6 0.425402
66 3 0.473401
66 18 0.465017
66 25 0.465311
66 9 0.483940
66 19 0.481351
66 11 0.499311
66 20 0.493380
66 39 0.469347
66 34 0.479616
66 29 0.494048
66 2 0.536577
66 16 0.524129
66 17 0.547843
66 15 0.555730
66 24 0.545090
66 32 0.532824
66 36 0.529579
66 35 0.546848
66 37 0.545000
66 40 0.546281
66 7 0.593471
66 22 0.576982
66 23 0.583970
66 41 0.564180
66 31 0.583591
66 33 0.580521
66 42 0.581363
66 21 0.639140
67 27 0.279176
67 8 0.319494
67 10 0.332330
67 26 0.320333
67 13 0.337524
67 36 0.321533
67 4 0.481110
67 0 0.483877
67 1 0.483655
67 11 0.474628
67 5 0.481838
67 29 0.449649
67 7 0.512002
67 3 0.517361
67 14 0.541647
67 24 0.544245
67 21 0.551503
67 2 0.603250
67 12 0.591964
67 28 0.600174
67 37 0.581857
67 9 0.640808
67 35 0.602393
67 19 0.649964
67 34 0.637068
67 20 0.669522
67 39 0.645757
67 23 0.681585
67 18 0.691435
67 25 0.680594
67 15 0.716337
67 31 0.691288
67 30 0.699038
67 32 0.713644
67 33 0.716827
67 41 0.725250
67 17 0.781236
67 6 0.811323
67 42 0.758516
67 16 0.808295
67 40 0.770875
67 38 0.773839
67 22 0.908945
68 12 0.337569
68 7 0.398612
68 9 0.407510
68 0 0.449401
68 13 0.431395
68 28 0.410242
68 6 0.446157
68 30 0.407865
68 2 0.462081
68 22 0.441892
68 11 0.468238
68 8 0.479547
68 16 0.477736
68 5 0.497503
68 24 0.474031
68 26 0.472643
68 4 0.505623
68 10 0.513861
68 37 0.478798
68 1 0.536937
68 32 0.495213
68 20 0.517726
68 19 0.531251
68 3 0.560558
68 17 0.548871
68 27 0.540266
68 25 0.551469
68 23 0.555064
68 21 0.564856
68 29 0.552497
68 42 0.548752
68 31 0.567336
68 36 0.568990
68 14 0.603436
68 38 0.573198
68 18 0.607669
68 34 0.594437
68 15 0.635697
68 40 0.628645
68 41 0.632726
68 35 0.643356
68 33 0.668758
68 39 0.677758
69 7 0.276597
69 17 0.254888
69 9 0.282397
69 4 0.333119
69 8 0.300414
69 11 0.324546
69 1 0.431214
69 14 0.350694
69 13 0.353504
69 0 0.463543
69 5 0.443981
69 10 0.435640
69 12 0.440396
69 6 0.476804
69 2 0.620662
69 3 0.620944
69 19 0.528263
69 25 0.283794
69 27 0.265900
69 29 0.269747
69 26 0.291529
69 28 0.295408
69 20 0.591735
69 30 0.347288
69 18 0.670547
69 23 0.559049
69 15 0.713611
69 21 0.673574
69 33 0.371981
69 35 0.342354
69 16 0.731085
69 37 0.334178
69 40 0.330905
69 24 0.528996
69 22 0.662819
69 41 0.353580
69 36 0.382644
69 34 0.421841
69 38 0.392736
69 32 0.471705
69 39 0.432858
69 31 0.532372
69 42 0.450889
70 8 0.358207
70 26 0.344936
70 12 0.359781
70 9 0.365966
70 24 0.412206
70 11 0.427834
70 28 0.436308
70 10 0.478071
70 4 0.487608
70 14 0.480564
70 0 0.497206
70 3 0.506663
70 27 0.493213
70 29 0.501475
70 1 0.528543
70 39 0.492817
70 40 0.492878
70 6 0.535441
70 5 0.538007
70 18 0.543514
70 25 0.550691
70 35 0.546831
70 13 0.577369
70 22 0.588211
70 38 0.588074
70 41 0.585522
70 32 0.595633
70 16 0.621144
70 20 0.640369
70 2 0.656913
70 15 0.648132
70 31 0.639396
70 42 0.660937
70 36 0.684881
70 30 0.699890
70 7 0.729701
70 34 0.719192
70 17 0.738002
70 37 0.725979
70 21 0.754566
70 33 0.759980
70 23 0.773084
70 19 0.789653
71 8 0.269543
71 6 0.274086
71 7 0.324423
71 9 0.358423
71 11 0.369583
71 12 0.447463
71 3 0.490800
71 0 0.510339
71 1 0.528573
71 5 0.556589
71 28 0.508560
71 10 0.560772
71 24 0.545818
71 16 0.574898
71 25 0.566358
71 19 0.589058
71 26 0.581112
71 2 0.657645
71 4 0.653811
71 18 0.657058
71 17 0.665024
71 29 0.629486
71 27 0.668896
71 37 0.622634
71 15 0.758618
71 20 0.748443
71 32 0.680463
71 40 0.683861
71 13 0.821299
71 36 0.742741
71 31 0.768580
71 41 0.728935
71 14 0.859336
71 22 0.838258
71 33 0.774391
71 34 0.777050
71 35 0.780166
71 42 0.763030
71 30 0.838706
71 23 0.886843
71 21 0.895090
71 38 0.817488
71 39 0.815713
72 5 0.308291
72 10 0.324310
72 14 0.479155
72 4 0.504694
72 8 0.500676
72 7 0.503804
72 25 0.470766
72 17 0.478846
72 2 0.514436
72 3 0.512297
72 11 0.491776
72 34 0.458173
72 23 0.475985
72 13 0.488238
72 38 0.455011
72 1 0.521297
72 0 0.553777
72 28 0.501377
72 16 0.519085
72 9 0.551340
72 31 0.538181
72 19 0.703766
72 12 0.713189
72 29 0.691308
72 22 0.703131
72 32 0.689808
72 18 0.707976
72 27 0.699621
72 26 0.701570
72 21 0.707748
72 36 0.686509
72 24 0.706310
72 6 0.746052
72 37 0.712501
72 15 0.742670
72 30 0.725121
72 20 0.747566
72 41 0.715803
72 33 0.766788
72 42 0.755465
72 40 0.789027
72 39 0.811931
72 35 0.851584
73 8 0.325561
73 23 0.374305
73 10 0.394572
73 12 0.443746
73 26 0.503534
73 13 0.544936
73 24 0.535859
73 38 0.520318
73 28 0.541318
73 14 0.568097
73 11 0.583778
73 42 0.555244
73 4 0.665285
73 20 0.669782
73 30 0.684042
73 37 0.692764
73 0 0.807230
73 40 0.755925
73 33 0.781641
73 36 0.801445
73 2 0.897479
73 18 0.921928
73 9 0.973208
73 34 0.950844
73 25 0.995231
73 31 0.989468
73 27 0.995657
73 19 1.036792
73 5 1.054778
73 41 1.002017
73 35 1.015654
73 6 1.080414
73 15 1.083109
73 32 1.070980
73 16 1.109783
73 22 1.118907
73 39 1.090519
73 1 1.154211
73 3 1.153259
73 29 1.148014
73 21 1.196717
73 7 1.238680
73 17 1.304143
74 7 0.283811
74 8 0.283191
74 9 0.327012
74 11 0.321423
74 10 0.369912
74 15 0.375477
74 13 0.395197
74 17 0.400142
74 27 0.378707
74 12 0.456494
74 25 0.449187
74 1 0.504833
74 29 0.461634
74 3 0.536173
74 5 0.554312
74 18 0.544509
74 2 0.595912
74 4 0.599050
74 37 0.518107
74 14 0.588653
74 28 0.551116
74 30 0.544262
74 16 0.610998
74 0 0.641919
74 31 0.565089
74 6 0.661885
74 21 0.629601
74 26 0.603641
74 38 0.584748
74 24 0.643550
74 20 0.652004
74 39 0.599946
74 23 0.661593
74 22 0.669650
74 33 0.627187
74 40 0.631815
74 32 0.655747
74 36 0.656381
74 35 0.667114
74 42 0.678193
74 19 0.742770
74 41 0.718551
74 34 0.732612
75 27 0.328110
75 12 0.347498
75 28 0.371389
75 10 0.416848
75 14 0.415972
75 37 0.394442
75 26 0.442508
75 13 0.469605
75 24 0.491610
75 25 0.502776
75 9 0.519859
75 8 0.523985
75 11 0.527919
75 1 0.560229
75 3 0.614526
75 5 0.619269
75 29 0.616227
75 0 0.699623
75 2 0.703973
75 31 0.679033
75 6 0.729376
75 32 0.705848
75 20 0.725837
75 34 0.727342
75 16 0.758439
75 39 0.752192
75 38 0.756349
75 42 0.754235
75 22 0.789902
75 30 0.794580
75 33 0.808385
75 21 0.824953
75 41 0.808335
75 15 0.841817
75 36 0.819050
75 18 0.841930
75 23 0.842592
75 17 0.849716
75 4 0.869817
75 7 0.883884
75 35 0.856787
75 40 0.923920
75 19 0.962470
76 26 0.459819
76 1 0.571576
76 14 0.573867
76 10 0.584555
76 8 0.614479
76 2 0.667422
76 6 0.675923
76 4 0.702723
76 12 0.695854
76 0 0.720832
76 3 0.805706
76 11 0.810692
76 28 0.805867
76 9 0.856659
76 24 0.895355
76 5 0.920839
76 38 0.901728
76 23 0.940505
76 35 0.959844
76 22 0.989822
76 25 0.991010
76 27 0.989746
76 20 1.002129
76 16 1.021001
76 13 1.026706
76 7 1.084143
76 41 1.086338
76 42 1.110843
76 37 1.123548
76 15 1.155937
76 19 1.151543
76 18 1.157643
76 33 1.140663
76 30 1.165914
76 32 1.171903
76 29 1.195546
76 34 1.202679
76 36 1.213947
76 39 1.219799
76 17 1.273448
76 31 1.296487
76 40 1.292993
76 21 1.407943
77 7 0.358949
77 8 0.438367
77 9 0.435064
77 13 0.426642
77 11 0.503519
77 12 0.507536
77 10 0.572347
77 23 0.558405
77 1 0.698562
77 5 0.711717
77 3 0.716539
77 25 0.615486
77 26 0.617755
77 24 0.649519
77 27 0.644888
77 0 0.802297
77 28 0.734198
77 19 0.838664
77 15 0.868010
77 20 0.874775
77 37 0.502195
77 4 0.962174
77 6 0.970592
77 17 0.932480
77 18 0.948007
77 21 0.942413
77 2 1.011389
77 16 0.995576
77 14 1.011283
77 39 0.617321
77 32 0.792014
77 22 1.019696
77 31 0.817883
77 30 0.879079
77 38 0.652106
77 33 0.816402
77 40 0.658772
77 36 0.722535
77 29 1.018989
77 41 0.736193
77 42 0.701843
77 35 0.865896
77 34 0.888862
78 10 0.390818
78 19 0.409607
78 31 0.396751
78 21 0.431226
78 14 0.452461
78 13 0.461474
78 39 0.432605
78 30 0.446031
78 12 0.520245
78 26 0.507599
78 32 0.499960
78 8 0.531074
78 11 0.560636
78 27 0.546230
78 0 0.602740
78 28 0.685781
78 29 0.685367
78 25 0.690916
78 36 0.675980
78 9 0.706320
78 2 0.711691
78 3 0.718393
78 1 0.721249
78 16 0.722473
78 24 0.713870
78 23 0.754867
78 38 0.736816
78 42 0.749833
78 4 0.792104
78 5 0.791645
78 6 0.820077
78 34 0.799239
78 17 0.845502
78 41 0.833663
78 33 0.862587
78 22 0.893601
78 40 0.880589
78 18 0.917580
78 37 0.900476
78 15 0.944079
78 20 0.945726
78 35 0.934988
78 7 1.114276
79 13 0.364938
79 29 0.376289
79 11 0.451481
79 26 0.452410
79 23 0.502419
79 8 0.532818
79 7 0.542834
79 3 0.569658
79 27 0.544217
79 21 0.558287
79 25 0.554812
79 5 0.591054
79 9 0.615765
79 1 0.709772
79 0 0.754086
79 2 0.702719
79 24 0.690380
79 12 0.716182
79 38 0.701488
79 10 0.757164
79 30 0.734522
79 19 0.758496
79 28 0.757340
79 34 0.751867
79 42 0.742886
79 40 0.761642
79 33 0.807168
79 6 0.847924
79 31 0.822997
79 39 0.822674
79 17 0.870428
79 41 0.840331
79 15 0.903490
79 37 0.874223
79 16 0.911058
79 35 0.889857
79 20 0.919982
79 4 0.959750
79 18 0.954727
79 14 0.963308
79 32 0.944492
79 36 0.993549
79 22 1.026851
80 12 0.458835
80 14 0.579989
80 25 0.603370
80 27 0.608398
80 13 0.709433
80 0 0.770382
80 28 0.746298
80 8 0.766028
80 10 0.764775
80 29 0.746819
80 26 0.785391
80 39 0.769293
80 30 0.811765
80 9 0.910813
80 3 0.926128
80 11 0.920714
80 32 0.897691
80 16 0.927791
80 17 0.953355
80 18 0.952774
80 23 0.979120
80 36 0.988210
80 7 1.040060
80 4 1.043161
80 21 1.031027
80 38 1.026107
80 35 1.038208
80 2 1.110002
80 41 1.113307
80 42 1.129560
80 40 1.138436
80 22 1.173170
80 5 1.203149
80 1 1.215840
80 20 1.228772
80 31 1.225304
80 34 1.230883
80 24 1.253615
80 6 1.277835
80 15 1.271753
80 19 1.278971
80 37 1.256022
80 33 1.337052
81 10 0.338773
81 9 0.391143
81 12 0.336045
81 8 0.413427
81 13 0.378602
81 7 0.538087
81 3 0.556135
81 0 0.565911
81 5 0.617799
81 1 0.668705
81 26 0.526240
81 4 0.696119
81 11 0.604034
81 25 0.582637
81 28 0.586569
81 24 0.595725
81 6 0.779616
81 38 0.593516
81 27 0.697759
81 14 0.778295
81 16 0.787484
81 29 0.779329
81 2 0.930104
81 20 0.860473
81 30 0.868991
81 18 0.943960
81 22 0.950893
81 33 0.946962
81 34 0.957098
81 17 1.019417
81 23 1.009891
81 21 1.015710
81 32 1.003525
81 41 0.808015
81 36 1.011823
81 15 1.070835
81 37 1.004315
81 39 0.926760
81 19 1.085646
81 42 0.816867
81 31 1.072641
81 40 0.924259
81 35 1.166517
82 13 0.444599
82 0 0.455922
82 27 0.440777
82 9 0.468478
82 8 0.470313
82 10 0.481397
82 29 0.474935
82 26 0.502390
82 40 0.479600
82 31 0.513193
82 11 0.556558
82 14 0.555905
82 3 0.612001
82 30 0.594345
82 28 0.597217
82 12 0.612866
82 1 0.694062
82 20 0.684418
82 25 0.693111
82 34 0.835016
82 23 0.851884
82 32 0.844726
82 38 0.831363
82 41 0.826922
82 5 0.903206
82 39 0.862449
82 17 0.899879
82 21 0.896418
82 36 0.887194
82 19 0.916037
82 42 0.881788
82 6 0.942340
82 22 0.931136
82 24 0.932890
82 2 0.953462
82 7 0.960719
82 37 0.925367
82 15 0.959530
82 4 0.974123
82 18 0.999561
82 33 1.015797
82 16 1.059612
82 35 1.098635
83 7 0.361307
83 13 0.379571
83 26 0.373365
83 27 0.375517
83 25 0.384340
83 11 0.479584
83 0 0.503593
83 5 0.505713
83 9 0.515277
83 28 0.496426
83 6 0.581988
83 2 0.604534
83 1 0.609341
83 4 0.631729
83 15 0.653775
83 30 0.642473
83 10 0.680719
83 8 0.689566
83 38 0.655168
83 29 0.694025
83 12 0.720309
83 37 0.696076
83 33 0.707824
83 31 0.721660
83 41 0.737607
83 21 0.763724
83 19 0.779196
83 36 0.762933
83 34 0.771610
83 17 0.801140
83 40 0.780436
83 39 0.788587
83 22 0.814819
83 35 0.798819
83 32 0.802609
83 3 0.846602
83 18 0.862284
83 14 0.878391
83 42 0.848423
83 20 0.882377
83 16 0.905299
83 23 0.921050
83 24 0.953694
84 6 0.392801
84 8 0.432700
84 24 0.421787
84 26 0.427530
84 36 0.455068
84 25 0.488354
84 10 0.517763
84 5 0.533274
84 27 0.540254
84 9 0.560138
84 22 0.582831
84 7 0.600388
84 11 0.676750
84 0 0.801601
84 23 0.787780
84 32 0.819261
84 14 0.854460
84 1 0.883738
84 21 0.891981
84 20 0.903382
84 16 0.913732
84 4 0.935440
84 12 0.932096
84 30 0.917805
84 39 0.912139
84 40 0.930853
84 2 0.975206
84 35 0.944200
84 28 0.965925
84 33 0.959928
84 34 0.963944
84 37 0.964354
84 3 1.002201
84 18 0.993560
84 17 0.995064
84 42 0.968012
84 41 0.982084
84 19 1.017344
84 38 1.026330
84 13 1.058987
84 31 1.037764
84 29 1.045359
84 15 1.077891
85 11 0.387141
85 39 0.377072
85 9 0.411287
85 8 0.461009
85 14 0.481905
85 31 0.495880
85 29 0.498842
85 13 0.517498
85 3 0.564352
85 12 0.565121
85 27 0.570037
85 22 0.578661
85 25 0.583500
85 26 0.610029
85 5 0.641566
85 20 0.634733
85 28 0.624401
85 1 0.659762
85 30 0.642451
85 10 0.675107
85 6 0.696207
85 4 0.721560
85 32 0.741823
85 0 0.773753
85 19 0.774355
85 15 0.792353
85 7 0.809416
85 2 0.824924
85 18 0.818401
85 38 0.793760
85 21 0.832538
85 17 0.864965
85 35 0.862054
85 41 0.861012
85 16 0.906928
85 34 0.896164
85 37 0.908024
85 23 0.939884
85 42 0.923496
85 33 0.941654
85 40 0.933579
85 36 0.967322
85 24 1.032186
86 8 0.348881
86 9 0.441272
86 7 0.547992
86 10 0.548726
86 12 0.622266
86 30 0.596251
86 26 0.617346
86 2 0.764506
86 20 0.735097
86 0 0.810896
86 28 0.753446
86 3 0.819841
86 29 0.753010
86 4 0.876398
86 6 0.873995
86 19 0.889795
86 31 0.866708
86 39 0.852909
86 1 0.971142
86 18 0.943021
86 27 0.911827
86 13 0.995715
86 11 1.007367
86 34 0.945191
86 22 1.027866
86 5 1.051342
86 40 0.972927
86 14 1.085241
86 32 1.065946
86 33 1.081539
86 42 1.082107
86 41 1.088675
86 23 1.182242
86 16 1.218676
86 24 1.198558
86 38 1.165350
86 25 1.261480
86 35 1.232250
86 37 1.241759
86 17 1.315984
86 15 1.318679
86 21 1.345752
86 36 1.336041
87 9 0.250412
87 8 0.363349
87 11 0.411953
87 10 0.443304
87 12 0.460512
87 13 0.489168
87 14 0.492902
87 26 0.618695
87 25 0.631739
87 27 0.631719
87 3 0.729331
87 37 0.562152
87 29 0.632583
87 1 0.783267
87 7 0.791402
87 4 0.801415
87 15 0.765441
87 5 0.835521
87 0 0.865549
87 2 0.858886
87 28 0.754658
87 30 0.766027
87 19 0.866414
87 18 0.872244
87 21 0.882065
87 6 0.941242
87 17 0.897681
87 36 0.850779
87 40 0.828954
87 23 0.969541
87 35 0.907066
87 24 0.991116
87 39 0.878854
87 31 0.955088
87 22 1.003912
87 33 0.969172
87 34 0.964347
87 32 1.016376
87 16 1.086443
87 38 0.977300
87 41 0.973587
87 20 1.119298
87 42 1.051370
88 8 0.438109
88 10 0.445534
88 28 0.441377
88 11 0.507882
88 12 0.519027
88 14 0.528523
88 9 0.542448
88 24 0.511949
88 26 0.534462
88 38 0.562902
88 27 0.603373
88 2 0.669059
88 25 0.641933
88 1 0.713592
88 3 0.717032
88 29 0.687618
88 0 0.789913
88 13 0.791036
88 4 0.813002
88 16 0.833950
88 17 0.948384
88 5 0.983963
88 37 0.940481
88 6 1.022030
88 34 0.975747
88 42 1.003769
88 22 1.067003
88 30 1.050747
88 20 1.076743
88 31 1.054221
88 35 1.067992
88 40 1.060825
88 7 1.160661
88 15 1.141374
88 41 1.103758
88 33 1.151218
88 36 1.150410
88 39 1.177030
88 18 1.232803
88 23 1.229665
88 32 1.237991
88 21 1.283123
88 19 1.298513
89 29 0.434223
89 30 0.457619
89 27 0.494293
89 25 0.511253
89 11 0.537760
89 8 0.541022
89 13 0.567216
89 12 0.609133
89 3 0.646253
89 28 0.636871
89 38 0.665458
89 14 0.703713
89 10 0.707039
89 9 0.724543
89 1 0.753689
89 5 0.801291
89 26 0.788949
89 0 1.004694
89 31 1.007239
89 20 1.085241
89 2 1.106668
89 4 1.114188
89 19 1.115290
89 37 1.089683
89 7 1.156682
89 32 1.153595
89 23 1.170399
89 15 1.177848
89 36 1.156193
89 17 1.189583
89 18 1.189596
89 39 1.158527
89 33 1.172991
89 16 1.196784
89 35 1.173811
89 21 1.200737
89 24 1.204879
89 6 1.247504
89 22 1.234951
89 42 1.200893
89 34 1.236272
89 41 1.250455
89 40 1.279552
90 8 0.371156
90 9 0.501286
90 6 0.519679
90 26 0.491300
90 2 0.525300
90 10 0.520637
90 12 0.519882
90 28 0.526734
90 24 0.533996
90 38 0.547209
90 34 0.622076
90 32 0.679084
90 11 0.743190
90 39 0.733600
90 17 0.766828
90 0 0.859018
90 14 0.865036
90 29 0.840571
90 3 0.897232
90 18 0.886311
90 27 0.871063
90 16 0.901925
90 22 0.891828
90 13 0.917824
90 7 0.947417
90 37 0.908017
90 4 0.966053
90 25 0.944099
90 1 0.995260
90 36 0.962528
90 41 0.963761
90 30 0.977624
90 40 0.983989
90 15 1.024272
90 19 1.118376
90 42 1.087490
90 20 1.118445
90 31 1.119042
90 35 1.145155
90 5 1.206000
90 23 1.181928
90 21 1.191377
90 33 1.175095
91 25 0.411690
91 13 0.458950
91 11 0.503600
91 29 0.484352
91 9 0.525400
91 27 0.528573
91 12 0.561322
91 30 0.556404
91 1 0.608921
91 38 0.590226
91 10 0.621031
91 3 0.665714
91 8 0.683507
91 26 0.694062
91 7 0.722532
91 5 0.734794
91 14 0.734696
91 28 0.719752
91 33 0.768067
91 15 0.804589
91 19 0.810737
91 41 0.792366
91 24 0.847338
91 31 0.853521
91 32 0.885373
91 23 0.902857
91 6 0.919362
91 16 0.923999
91 21 0.926288
91 17 0.935489
91 22 0.936661
91 37 0.921378
91 20 0.947234
91 35 0.929494
91 40 0.938584
91 39 0.940808
91 2 0.980884
91 0 0.995343
91 42 0.974377
91 34 1.000692
91 18 1.026383
91 36 1.018288
91 4 1.072356
92 28 0.470852
92 29 0.494389
92 8 0.527178
92 13 0.524875
92 10 0.545995
92 30 0.554178
92 27 0.616651
92 11 0.646160
92 14 0.644577
92 3 0.718860
92 19 0.734221
92 2 0.748270
92 25 0.810823
92 12 0.837442
92 38 0.807743
92 9 0.866691
92 26 0.893069
92 42 0.884503
92 34 0.956175
92 18 1.006620
92 0 1.020144
92 6 1.039358
92 17 1.162635
92 37 1.155704
92 32 1.179992
92 36 1.216879
92 4 1.284078
92 39 1.265775
92 23 1.317468
92 31 1.342506
92 20 1.365820
92 16 1.379566
92 5 1.402248
92 22 1.387821
92 7 1.419906
92 33 1.392521
92 21 1.409674
92 1 1.426554
92 15 1.424889
92 24 1.442780
92 40 1.429325
92 35 1.461350
92 41 1.470759
93 7 0.472824
93 17 0.467229
93 27 0.576056
93 25 0.582659
93 24 0.583931
93 12 0.595373
93 11 0.649970
93 13 0.717853
93 9 0.721573
93 39 0.727910
93 10 0.817955
93 18 0.875496
93 19 0.875457
93 28 0.874350
93 1 0.910263
93 26 0.930663
93 29 1.063447
93 3 1.098648
93 8 1.095875
93 5 1.118676
93 0 1.245671
93 37 1.226694
93 23 1.306006
93 30 1.308976
93 38 1.346064
93 20 1.370965
93 6 1.400643
93 31 1.384641
93 33 1.382000
93 15 1.419159
93 16 1.434898
93 36 1.418539
93 4 1.465378
93 22 1.451859
93 21 1.455162
93 2 1.479024
93 41 1.448950
93 35 1.495728
93 14 1.530353
93 42 1.555380
93 40 1.567432
93 32 1.578659
93 34 1.612079
94 30 0.481854
94 28 0.508607
94 12 0.571706
94 27 0.627886
94 32 0.622940
94 34 0.709918
94 10 0.745129
94 8 0.766038
94 13 0.788743
94 26 0.780908
94 39 0.808549
94 1 0.870899
94 14 0.878327
94 6 0.885017
94 29 0.864425
94 36 0.894696
94 0 0.938545
94 11 0.931509
94 9 0.966124
94 31 0.962338
94 35 0.976052
94 24 0.990711
94 40 0.988398
94 23 1.060922
94 18 1.075432
94 2 1.101843
94 22 1.088423
94 19 1.090734
94 38 1.070491
94 20 1.183020
94 21 1.183230
94 4 1.195906
94 33 1.169274
94 15 1.198952
94 25 1.201362
94 5 1.216724
94 17 1.235326
94 42 1.225170
94 7 1.270566
94 37 1.242621
94 16 1.271943
94 3 1.298722
94 41 1.340057
95 11 0.704460
95 0 0.738767
95 5 0.735420
95 13 0.784383
95 31 0.761342
95 9 0.828889
95 16 0.824433
95 28 0.833857
95 3 0.857689
95 29 0.842130
95 36 0.866860
95 14 0.910529
95 39 0.888674
95 38 0.890444
95 8 0.926927
95 30 0.913172
95 21 0.926957
95 32 0.923921
95 27 0.969000
95 2 1.027447
95 10 1.037196
95 15 1.039603
95 37 1.019937
95 26 1.047948
95 12 1.067691
95 4 1.087000
95 22 1.089880
95 7 1.117320
95 19 1.123361
95 1 1.138134
95 24 1.133186
95 23 1.145421
95 17 1.160632
95 33 1.147431
95 34 1.176190
95 35 1.182239
95 20 1.216124
95 25 1.236668
95 6 1.271587
95 40 1.241161
95 42 1.256409
95 41 1.262893
95 18 1.313941
96 26 0.465120
96 14 0.480884
96 8 0.514653
96 23 0.565325
96 11 0.594910
96 9 0.626066
96 12 0.647891
96 27 0.638007
96 42 0.625790
96 0 0.678934
96 25 0.658964
96 32 0.654451
96 28 0.661217
96 35 0.702140
96 24 0.715533
96 40 0.711148
96 37 0.718722
96 2 0.755083
96 10 0.749359
96 13 0.755377
96 3 0.815390
96 6 0.910063
96 7 0.939485
96 5 0.941823
96 36 0.947676
96 30 0.960293
96 16 1.009861
96 29 1.029700
96 38 1.023463
96 33 1.034672
96 19 1.061066
96 18 1.073048
96 31 1.065963
96 22 1.079903
96 34 1.068744
96 17 1.096153
96 41 1.075013
96 39 1.092685
96 15 1.124134
96 4 1.146596
96 21 1.131316
96 20 1.149688
96 1 1.179974
97 26 0.378294
97 29 0.407518
97 8 0.432555
97 18 0.426401
97 28 0.600315
97 10 0.673035
97 2 0.686788
97 12 0.720994
97 9 0.753941
97 4 0.768763
97 30 0.756231
97 39 0.801628
97 16 0.851184
97 25 0.852962
97 11 0.876970
97 5 0.892663
97 27 0.873342
97 13 0.899157
97 20 0.904819
97 38 0.880647
97 1 0.921585
97 34 0.931154
97 0 0.977336
97 7 0.981867
97 21 0.983142
97 15 1.021254
97 37 1.025270
97 24 1.051920
97 41 1.039914
97 32 1.058500
97 36 1.120989
97 17 1.156857
97 14 1.193339
97 35 1.189189
97 6 1.235367
97 42 1.201217
97 3 1.269798
97 19 1.284934
97 40 1.266427
97 22 1.312460
97 31 1.308714
97 33 1.343438
97 23 1.396632
98 28 0.569537
98 8 0.660688
98 3 0.748140
98 29 0.790005
98 11 0.883960
98 31 0.905743
98 38 0.897564
98 27 0.955979
98 40 0.955731
98 34 0.980337
98 17 1.000755
98 13 1.021142
98 10 1.041753
98 9 1.042611
98 42 1.028424
98 30 1.072198
98 19 1.098085
98 12 1.104864
98 14 1.126457
98 32 1.116527
98 23 1.148578
98 5 1.268394
98 7 1.267617
98 1 1.271603
98 36 1.238815
98 0 1.295524
98 33 1.265829
98 18 1.322287
98 4 1.332822
98 41 1.310337
98 26 1.350666
98 22 1.376496
98 6 1.392215
98 21 1.428602
98 35 1.456148
98 39 1.496749
98 37 1.519794
98 2 1.577254
98 24 1.570086
98 16 1.617399
98 25 1.655107
98 20 1.746404
98 15 1.818666
99 25 0.553267
99 26 0.619857
99 38 0.610910
99 7 0.744450
99 10 0.782124
99 17 0.875713
99 12 0.923136
99 28 0.929913
99 0 0.979416
99 24 0.986172
99 9 1.001513
99 27 0.986634
99 37 1.086182
99 8 1.143413
99 13 1.157666
99 29 1.183988
99 2 1.222191
99 6 1.237791
99 4 1.276192
99 11 1.311076
99 21 1.342393
99 14 1.377230
99 15 1.418397
99 1 1.457338
99 39 1.443868
99 40 1.459362
99 32 1.484161
99 35 1.515410
99 33 1.537139
99 42 1.543007
99 23 1.560909
99 31 1.679237
99 34 1.678189
99 22 1.688167
99 20 1.691281
99 16 1.695305
99 36 1.679343
99 41 1.673633
99 18 1.714409
99 30 1.720448
99 3 1.756558
99 5 1.887036
99 19 1.875975
100 28 0.341677
100 8 0.391217
100 38 0.445359
100 24 0.520594
100 10 0.566916
100 12 0.584858
100 29 0.569975
100 27 0.587064
100 7 0.645074
100 26 0.652552
100 0 0.708644
100 25 0.722244
100 13 0.856727
100 3 0.867331
100 42 0.816929
100 11 0.874531
100 9 0.884106
100 36 0.907835
100 1 1.111683
100 2 1.154112
100 32 1.172767
100 35 1.181201
100 5 1.223288
100 14 1.216580
100 21 1.222471
100 40 1.202125
100 4 1.262422
100 22 1.246765
100 6 1.294106
100 18 1.290818
100 20 1.291037
100 30 1.284355
100 41 1.273431
100 34 1.286509
100 39 1.296533
100 33 1.307477
100 19 1.334174
100 16 1.354402
100 37 1.341286
100 17 1.375544
100 23 1.365803
100 15 1.382244
100 31 1.485573
101 7 0.331226
101 24 0.532431
101 23 0.533742
101 28 0.533802
101 0 0.561388
101 11 0.562505
101 4 0.612533
101 37 0.583549
101 9 0.629641
101 25 0.670426
101 1 0.690901
101 26 0.679508
101 13 0.740267
101 6 0.746658
101 41 0.984656
101 2 1.021517
101 8 1.018148
101 5 1.020501
101 36 0.992364
101 29 1.002580
101 42 0.987329
101 10 1.019849
101 17 1.015924
101 35 0.997121
101 27 1.018595
101 12 1.032687
101 33 1.026887
101 3 1.101151
101 32 1.122240
101 15 1.150907
101 39 1.171311
101 16 1.197626
101 21 1.196160
101 31 1.184842
101 30 1.187993
101 14 1.218155
101 38 1.207123
101 40 1.217956
101 34 1.225982
101 19 1.243181
101 22 1.313788
101 20 1.328422
101 18 1.387040
102 14 0.391575
102 24 0.399496
102 8 0.457423
102 28 0.486591
102 13 0.522324
102 0 0.543709
102 10 0.544476
102 29 0.546065
102 12 0.567295
102 2 0.593583
102 26 0.633161
102 36 0.507894
102 32 0.633783
102 4 0.666613
102 27 0.676639
102 9 0.695035
102 22 0.703470
102 18 0.717024
102 25 0.724916
102 20 0.783377
102 11 0.803251
102 30 0.803904
102 19 0.820257
102 16 0.832352
102 1 0.865148
102 17 0.919188
102 3 0.941820
102 5 0.961783
102 6 0.975439
102 7 0.990828
102 35 0.856627
102 37 0.794512
102 34 0.871457
102 15 1.033248
102 21 1.035543
102 31 1.036369
102 33 1.041835
102 23 1.057707
102 41 0.644511
102 40 0.680328
102 42 0.645316
102 38 0.752057
102 39 0.724120
103 10 0.448967
103 25 0.451197
103 9 0.467947
103 28 0.448576
103 12 0.507538
103 27 0.492624
103 39 0.475406
103 14 0.529344
103 8 0.535397
103 11 0.533499
103 13 0.533545
103 29 0.543642
103 26 0.577808
103 18 0.712168
103 30 0.697052
103 0 0.751762
103 33 0.718479
103 5 0.774355
103 16 0.806593
103 6 0.837096
103 3 0.908990
103 36 0.887288
103 40 0.906669
103 1 0.964348
103 7 0.960563
103 15 0.967834
103 2 0.979827
103 34 0.973905
103 32 0.991820
103 38 1.003252
103 4 1.060826
103 17 1.049278
103 41 1.017127
103 35 1.028352
103 20 1.048690
103 19 1.062840
103 37 1.051266
103 42 1.063293
103 22 1.193610
103 24 1.192225
103 21 1.195778
103 23 1.195253
103 31 1.208253
104 9 0.268719
104 13 0.275810
104 10 0.284137
104 7 0.298648
104 12 0.421207
104 11 0.428577
104 8 0.462464
104 23 0.442705
104 25 0.456795
104 3 0.555448
104 26 0.480153
104 0 0.565396
104 37 0.447618
104 15 0.555302
104 28 0.519855
104 1 0.606714
104 24 0.600492
104 2 0.685200
104 4 0.690316
104 27 0.617738
104 18 0.682219
104 5 0.748498
104 31 0.707845
104 35 0.683026
104 6 0.801455
104 30 0.722100
104 19 0.748748
104 38 0.681975
104 33 0.708236
104 41 0.663328
104 42 0.668061
104 21 0.786116
104 29 0.775383
104 34 0.742183
104 36 0.740367
104 32 0.759782
104 39 0.733153
104 17 0.833973
104 14 0.886726
104 16 0.856313
104 40 0.764721
104 20 0.871121
104 22 0.886463
105 12 0.355120
105 8 0.396594
105 25 0.417060
105 22 0.452453
105 10 0.500946
105 24 0.513628
105 0 0.584342
105 26 0.602222
105 1 0.673095
105 4 0.719327
105 7 0.723085
105 13 0.734000
105 37 0.745177
105 34 0.757388
105 38 0.752623
105 23 0.804394
105 14 0.838513
105 11 0.858505
105 9 0.869636
105 16 0.876248
105 27 0.885440
105 30 0.886860
105 36 0.939412
105 3 1.030428
105 6 1.041822
105 32 1.023277
105 28 1.063784
105 18 1.087515
105 21 1.096542
105 2 1.145802
105 40 1.138926
105 41 1.146396
105 20 1.196245
105 39 1.226583
105 19 1.263202
105 17 1.271874
105 33 1.256125
105 29 1.268079
105 5 1.332463
105 35 1.298716
105 31 1.313036
105 15 1.350340
105 42 1.397817
106 11 0.430608
106 9 0.432601
106 28 0.433914
106 27 0.530886
106 1 0.581483
106 25 0.599355
106 8 0.620185
106 14 0.615910
106 24 0.629409
106 5 0.699497
106 3 0.701356
106 36 0.790205
106 29 0.811530
106 0 0.858434
106 33 0.836741
106 26 0.856850
106 15 0.919489
106 12 0.956226
106 10 0.966813
106 13 0.977557
106 34 0.959306
106 17 0.982939
106 4 1.024673
106 19 1.025330
106 31 1.022887
106 7 1.072822
106 6 1.088600
106 21 1.103148
106 38 1.082631
106 2 1.164068
106 41 1.130235
106 35 1.148992
106 16 1.180738
106 18 1.185875
106 20 1.202377
106 39 1.178993
106 37 1.204338
106 42 1.197417
106 30 1.255739
106 40 1.263377
106 22 1.307058
106 32 1.294870
106 23 1.320780
107 7 0.375312
107 36 0.401642
107 11 0.458680
107 21 0.487756
107 1 0.521577
107 9 0.516560
107 23 0.525488
107 12 0.606700
107 25 0.595866
107 3 0.617150
107 8 0.632737
107 13 0.706642
107 5 0.994120
107 10 1.190722
107 24 1.179955
107 0 1.199238
107 35 1.168971
107 32 1.172957
107 22 1.186517
107 17 1.204116
107 26 1.196183
107 29 1.204850
107 31 1.203690
107 27 1.245958
107 14 1.291710
107 19 1.325443
107 39 1.331243
107 4 1.365443
107 41 1.343121
107 34 1.365607
107 28 1.374104
107 6 1.402460
107 15 1.397290
107 40 1.371420
107 20 1.403284
107 37 1.386071
107 42 1.378847
107 18 1.423354
107 2 1.452233
107 16 1.466664
107 38 1.489999
107 30 1.515613
107 33 1.566557
108 8 0.497596
108 14 0.516776
108 9 0.543410
108 13 0.733998
108 22 0.785809
108 37 0.762500
108 12 0.817741
108 26 0.811635
108 10 0.832198
108 11 0.850559
108 24 0.909120
108 23 0.933054
108 25 1.020408
108 27 1.246857
108 4 1.306607
108 0 1.542697
108 2 1.551467
108 33 1.522438
108 3 1.566301
108 1 1.575247
108 29 1.549229
108 5 1.595985
108 38 1.574326
108 7 1.626857
108 6 1.698836
108 18 1.698370
108 36 1.688481
108 19 1.720960
108 30 1.717674
108 28 1.727016
108 34 1.725324
108 39 1.728971
108 31 1.745239
108 20 1.770737
108 21 1.789007
108 40 1.764985
108 32 1.777540
108 15 1.804083
108 16 1.814688
108 41 1.796515
108 42 1.803392
108 35 1.868594
108 17 1.940188
109 10 0.473847
109 24 0.473245
109 14 0.502439
109 26 0.541602
109 28 0.557741
109 8 0.577748
109 12 0.641690
109 0 0.696809
109 2 0.703326
109 36 0.707268
109 33 0.767075
109 37 0.780301
109 9 0.808563
109 13 0.806424
109 29 0.807153
109 11 0.880449
109 17 0.881817
109 4 0.902336
109 6 0.901689
109 22 0.894318
109 25 0.910028
109 31 0.911279
109 42 0.940621
109 27 0.967556
109 20 0.979119
109 18 0.991605
109 32 0.978810
109 1 1.017823
109 38 0.998942
109 34 1.012631
109 5 1.056062
109 40 1.039646
109 16 1.075463
109 30 1.061513
109 23 1.067080
109 15 1.100102
109 35 1.090614
109 3 1.129598
109 41 1.132122
109 7 1.184925
109 39 1.159897
109 21 1.187094
109 19 1.201092
110 11 0.394620
110 13 0.449522
110 12 0.460094
110 14 0.535829
110 8 0.624891
110 27 0.493648
110 25 0.569875
110 9 0.684001
110 10 0.702251
110 23 0.638197
110 24 0.631108
110 26 0.777299
110 5 0.958376
110 28 0.809866
110 3 1.010615
110 1 1.013461
110 15 1.014314
110 38 0.756985
110 2 1.073789
110 6 1.081160
110 4 1.099077
110 19 1.049920
110 0 1.111601
110 7 1.125796
110 16 1.119353
110 18 1.138231
110 17 1.157994
110 31 0.972340
110 34 0.941386
110 35 0.948040
110 33 0.958543
110 30 1.016833
110 22 1.142017
110 20 1.159115
110 39 0.972426
110 29 1.062582
110 36 1.014066
110 42 0.804295
110 32 1.057819
110 41 0.817122
110 40 0.907774
110 21 1.221085
110 37 1.057386
111 10 0.397944
111 11 0.566908
111 8 0.569867
111 3 0.575692
111 9 0.571017
111 0 0.579592
111 12 0.680961
111 6 0.705706
111 28 0.710473
111 18 0.739624
111 25 0.737959
111 26 0.739921
111 2 0.790334
111 39 0.747572
111 38 0.786802
111 15 0.828128
111 4 0.840259
111 30 0.809364
111 7 0.851227
111 1 0.857336
111 27 0.856465
111 37 0.853294
111 13 0.889256
111 16 0.894980
111 21 0.898167
111 29 0.908479
111 5 0.954144
111 14 0.970556
111 20 1.002260
111 17 1.013409
111 31 1.016717
111 24 1.032234
111 33 1.022879
111 35 1.044456
111 32 1.060860
111 36 1.057861
111 42 1.090396
111 41 1.103320
111 23 1.134156
111 34 1.133344
111 19 1.168716
111 22 1.165033
111 40 1.160897
112 11 0.529564
112 28 0.538050
112 25 0.543165
112 13 0.585474
112 29 0.584197
112 9 0.631886
112 8 0.685235
112 1 0.751416
112 12 0.867547
112 30 0.871250
112 27 0.934187
112 34 0.926914
112 39 0.920568
112 26 0.939145
112 3 0.965055
112 14 0.977029
112 21 0.987417
112 23 1.097379
112 36 1.081352
112 7 1.153922
112 15 1.148705
112 19 1.257180
112 10 1.267342
112 31 1.240888
112 0 1.275416
112 6 1.272230
112 24 1.252745
112 5 1.273708
112 17 1.264334
112 35 1.252361
112 37 1.251154
112 20 1.286473
112 16 1.294141
112 32 1.283951
112 42 1.308375
112 18 1.354910
112 41 1.323454
112 2 1.417639
112 33 1.440638
112 38 1.452324
112 40 1.451395
112 22 1.476603
112 4 1.498100
113 10 0.419468
113 37 0.409808
113 24 0.475472
113 22 0.565518
113 23 0.583606
113 26 0.579124
113 8 0.657185
113 14 0.679911
113 25 0.690586
113 9 0.704189
113 12 0.725848
113 27 0.743288
113 13 0.785025
113 11 0.786834
113 4 0.815014
113 2 0.819889
113 16 0.897769
113 0 0.916915
113 3 0.915921
113 19 0.916150
113 5 0.938015
113 1 0.955690
113 18 0.961247
113 17 0.978496
113 34 0.962412
113 21 0.982190
113 36 0.967582
113 38 0.966106
113 20 0.994884
113 31 0.996977
113 6 1.074068
113 33 1.077092
113 15 1.112092
113 29 1.102636
113 7 1.147210
113 41 1.116323
113 42 1.120332
113 30 1.151906
113 40 1.147995
113 28 1.190360
113 39 1.178317
113 35 1.207106
113 32 1.322395
114 26 0.438486
114 23 0.462234
114 13 0.512376
114 7 0.536189
114 9 0.557406
114 11 0.556369
114 25 0.561413
114 27 0.574704
114 24 0.620890
114 0 0.690568
114 37 0.667651
114 8 0.702486
114 10 0.712165
114 1 0.736051
114 3 0.756342
114 12 0.784575
114 38 0.760772
114 33 0.797851
114 5 0.833865
114 2 0.845429
114 28 0.826692
114 36 0.951912
114 15 0.995777
114 16 1.013461
114 6 1.029171
114 14 1.037194
114 30 1.072548
114 29 1.107361
114 35 1.107378
114 4 1.141835
114 21 1.158055
114 18 1.168446
114 22 1.216942
114 42 1.194973
114 31 1.223520
114 39 1.213065
114 20 1.267458
114 41 1.282841
114 32 1.304999
114 17 1.338837
114 40 1.330859
114 34 1.363306
114 19 1.402116
115 8 0.378744
115 10 0.397333
115 6 0.497465
115 25 0.500096
115 11 0.513223
115 24 0.504878
115 0 0.549342
115 12 0.581277
115 26 0.573235
115 27 0.603813
115 2 0.625488
115 9 0.636023
115 32 0.624576
115 14 0.647538
115 16 0.680833
115 4 0.691806
115 38 0.662228
115 7 0.718431
115 29 0.731712
115 28 0.735434
115 3 0.802468
115 30 0.795142
115 18 0.821770
115 5 0.851410
115 13 0.853672
115 21 0.847845
115 20 0.857900
115 39 0.840188
115 42 0.836918
115 22 0.883946
115 1 0.899666
115 40 0.864414
115 33 0.898876
115 17 0.949083
115 35 0.931090
115 19 0.971443
115 15 0.995001
115 41 0.961311
115 36 0.975372
115 37 0.972930
115 23 1.027228
115 34 1.021399
115 31 1.062171
116 11 0.452237
116 8 0.503484
116 9 0.503561
116 25 0.632546
116 1 0.780607
116 27 0.802317
116 13 0.832692
116 24 0.851430
116 34 0.847341
116 10 0.872497
116 37 0.887612
116 3 0.920570
116 35 0.919819
116 15 0.961842
116 26 0.979780
116 14 0.994445
116 2 1.044938
116 4 1.044082
116 12 1.039522
116 29 1.022569
116 30 1.037556
116 5 1.061852
116 28 1.052280
116 0 1.090918
116 42 1.152201
116 40 1.157846
116 32 1.170092
116 41 1.158943
116 31 1.228199
116 7 1.252357
116 21 1.242041
116 18 1.256308
116 23 1.250065
116 17 1.277908
116 6 1.298495
116 33 1.274388
116 36 1.292435
116 20 1.321820
116 19 1.334361
116 16 1.377579
116 39 1.352544
116 22 1.434972
116 38 1.462812
117 39 0.560320
117 11 0.622449
117 25 0.611807
117 30 0.613247
117 14 0.669235
117 29 0.740349
117 13 0.757120
117 0 0.810097
117 8 0.805319
117 28 0.809349
117 27 0.874106
117 9 0.889789
117 12 0.888792
117 10 0.929174
117 26 0.963288
117 5 1.010770
117 4 1.025475
117 38 1.009201
117 6 1.042810
117 2 1.046897
117 18 1.037726
117 22 1.089879
117 34 1.089763
117 33 1.092873
117 40 1.084209
117 1 1.231087
117 3 1.230123
117 21 1.217780
117 16 1.226018
117 15 1.237747
117 35 1.215624
117 23 1.270699
117 36 1.279797
117 32 1.297739
117 31 1.301480
117 37 1.331851
117 20 1.392771
117 41 1.380875
117 7 1.418597
117 42 1.383303
117 19 1.464038
117 24 1.459774
117 17 1.495300
118 12 0.481860
118 9 0.527979
118 8 0.541984
118 11 0.531552
118 10 0.575884
118 13 0.655661
118 14 0.648466
118 0 0.780303
118 5 0.904544
118 1 0.913521
118 7 0.903617
118 4 0.921561
118 25 0.496968
118 29 0.474288
118 17 1.012215
118 15 1.022786
118 27 0.576258
118 26 0.621136
118 2 1.130203
118 3 1.136615
118 30 0.697342
118 37 0.672249
118 6 1.281381
118 28 0.819146
118 16 1.294007
118 19 1.103759
118 18 1.218281
118 22 1.085121
118 35 0.940362
118 21 1.133560
118 31 0.984524
118 20 1.184933
118 33 1.086535
118 23 1.204347
118 34 1.111513
118 42 1.086185
118 24 1.249924
118 36 1.257432
118 38 1.245430
118 32 1.272736
118 40 1.232454
118 39 1.241561
118 41 1.233414
119 8 0.615154
119 27 0.610261
119 25 0.649242
119 0 0.751624
119 12 0.743972
119 26 0.762142
119 10 0.775414
119 29 0.849105
119 2 0.936389
119 6 1.037714
119 24 1.033140
119 11 1.044055
119 7 1.048840
119 9 1.192953
119 13 1.231509
119 28 1.226591
119 4 1.269418
119 37 1.247390
119 5 1.289832
119 33 1.293145
119 36 1.328268
119 40 1.332222
119 23 1.370703
119 20 1.383093
119 15 1.393196
119 30 1.385449
119 3 1.416639
119 38 1.391581
119 1 1.425607
119 16 1.428758
119 34 1.421640
119 18 1.439916
119 17 1.448066
119 39 1.440860
119 14 1.472269
119 42 1.451051
119 32 1.488199
119 19 1.517072
119 41 1.493431
119 35 1.555028
119 22 1.577942
119 31 1.606885
119 21 1.667903
120 5 0.614804
120 11 0.712402
120 6 0.720505
120 8 0.719089
120 10 0.897798
120 0 0.912547
120 4 0.911583
120 3 0.913052
120 2 1.007969
120 7 1.027465
120 37 0.961388
120 27 0.990823
120 26 1.007345
120 1 1.105051
120 13 1.092547
120 14 1.091798
120 29 1.090210
120 28 1.122020
120 25 1.159256
120 9 1.190327
120 24 1.193048
120 21 1.199749
120 23 1.344818
120 38 1.402274
120 22 1.470443
120 12 1.599036
120 19 1.589118
120 33 1.548296
120 15 1.597272
120 35 1.545350
120 20 1.590045
120 31 1.557243
120 30 1.560982
120 18 1.596646
120 32 1.555201
120 40 1.533432
120 36 1.565651
120 34 1.569182
120 17 1.617439
120 16 1.637208
120 42 1.655154
120 41 1.659317
120 39 1.672646
