21 0 0.121046
21 8 0.127285
21 10 0.123568
21 2 0.156309
21 5 0.156545
21 1 0.186280
21 11 0.148403
21 9 0.161507
21 4 0.194981
21 3 0.199582
21 6 0.188965
21 7 0.187970
21 12 0.168966
21 13 0.135990
21 16 0.104456
21 18 0.100827
21 19 0.100173
21 14 0.147932
21 15 0.148851
21 24 0.156162
21 23 0.159411
21 36 0.139198
21 27 0.161200
21 37 0.150664
21 34 0.156099
21 25 0.171516
21 20 0.192663
21 21 0.175247
21 26 0.166967
21 35 0.158365
21 22 0.180131
21 39 0.155486
21 29 0.169142
21 30 0.170153
21 28 0.171607
21 33 0.164723
21 38 0.166854
21 40 0.164753
21 32 0.174625
21 31 0.178458
21 42 0.164032
21 17 0.215844
21 41 0.182152
22 1 0.149821
22 0 0.153933
22 3 0.159111
22 5 0.164223
22 2 0.174451
22 7 0.207693
22 8 0.208935
22 10 0.218554
22 11 0.222209
22 25 0.205318
22 20 0.211359
22 9 0.225155
22 13 0.222504
22 22 0.211495
22 33 0.202496
22 19 0.227888
22 21 0.230117
22 35 0.208380
22 12 0.247992
22 15 0.244090
22 29 0.221666
22 23 0.236299
22 14 0.251909
22 4 0.260446
22 27 0.233241
22 17 0.249944
22 38 0.220757
22 24 0.245429
22 36 0.226708
22 39 0.223845
22 16 0.258932
22 30 0.237556
22 31 0.239888
22 34 0.236536
22 6 0.275486
22 32 0.241053
22 26 0.250192
22 41 0.228781
22 40 0.229935
22 37 0.233617
22 28 0.254422
22 42 0.238882
22 18 0.281602
23 0 0.157301
23 2 0.159267
23 1 0.162362
23 3 0.206324
23 12 0.200566
23 5 0.209570
23 9 0.208463
23 8 0.209522
23 24 0.195797
23 14 0.216758
23 16 0.221688
23 34 0.205075
23 36 0.204013
23 23 0.216298
23 25 0.215608
23 38 0.203681
23 21 0.223221
23 22 0.220983
23 13 0.231193
23 10 0.233753
23 42 0.203531
23 19 0.226861
23 11 0.233915
23 17 0.229123
23 15 0.231705
23 26 0.219964
23 30 0.218149
23 4 0.241774
23 37 0.211856
23 28 0.221026
23 27 0.221889
23 39 0.211517
23 33 0.218585
23 31 0.222318
23 32 0.222735
23 6 0.246588
23 18 0.238824
23 20 0.237406
23 35 0.222759
23 7 0.251078
23 29 0.231236
23 40 0.221476
23 41 0.222641
24 0 0.150203
24 1 0.153747
24 2 0.153175
24 3 0.179992
24 12 0.195568
24 16 0.193526
24 10 0.202643
24 15 0.201195
24 11 0.206284
24 26 0.195645
24 21 0.201278
24 9 0.211362
24 14 0.208725
24 31 0.193326
24 22 0.203349
24 40 0.186737
24 8 0.215663
24 20 0.207116
24 24 0.203337
24 13 0.213310
24 7 0.217664
24 23 0.208575
24 38 0.195747
24 36 0.197795
24 27 0.206194
24 17 0.218035
24 34 0.202729
24 19 0.216768
24 30 0.206366
24 5 0.228183
24 25 0.212496
24 29 0.209970
24 28 0.212875
24 37 0.206184
24 35 0.210374
24 32 0.213127
24 42 0.203820
24 39 0.209716
24 18 0.229306
24 4 0.239978
24 6 0.238863
24 33 0.216661
24 41 0.209659
25 0 0.162102
25 1 0.164067
25 2 0.164820
25 6 0.170478
25 10 0.191247
25 17 0.210913
25 14 0.218328
25 4 0.226864
25 9 0.229263
25 8 0.241724
25 26 0.227838
25 24 0.229999
25 22 0.236112
25 12 0.251076
25 18 0.246788
25 36 0.226297
25 19 0.248070
25 20 0.247716
25 25 0.240403
25 21 0.248818
25 5 0.264561
25 7 0.266311
25 23 0.251430
25 11 0.266371
25 34 0.242169
25 16 0.264314
25 28 0.249171
25 3 0.277046
25 40 0.240092
25 42 0.240758
25 41 0.244071
25 30 0.257569
25 32 0.255274
25 39 0.249469
25 33 0.256214
25 13 0.279326
25 29 0.261169
25 38 0.252902
25 27 0.265274
25 35 0.258900
25 31 0.263899
25 37 0.258309
25 15 0.286100
26 0 0.066893
26 1 0.159779
26 2 0.167698
26 5 0.169683
26 3 0.191596
26 17 0.187335
26 6 0.208755
26 16 0.206469
26 19 0.206658
26 25 0.199480
26 10 0.214434
26 18 0.209224
26 38 0.190985
26 11 0.216001
26 20 0.209288
26 13 0.216173
26 27 0.202923
26 23 0.208129
26 15 0.216461
26 28 0.203501
26 8 0.222293
26 26 0.209567
26 22 0.215516
26 39 0.198450
26 33 0.206877
26 30 0.209628
26 29 0.210576
26 31 0.209740
26 40 0.200936
26 36 0.206976
26 21 0.221774
26 42 0.202159
26 12 0.231232
26 41 0.204491
26 14 0.230544
26 34 0.212281
26 9 0.235986
26 24 0.225306
26 7 0.241901
26 35 0.220347
26 32 0.225164
26 4 0.250460
26 37 0.228112
27 0 0.132948
27 2 0.144638
27 1 0.147311
27 5 0.184949
27 9 0.184372
27 19 0.199066
27 29 0.188052
27 3 0.213555
27 14 0.207010
27 39 0.188394
27 21 0.208222
27 20 0.212510
27 17 0.215664
27 34 0.201245
27 6 0.226642
27 35 0.201339
27 10 0.224105
27 28 0.207899
27 30 0.206602
27 18 0.221056
27 32 0.206760
27 15 0.223780
27 42 0.197408
27 22 0.220150
27 31 0.211184
27 36 0.207481
27 33 0.210247
27 13 0.229749
27 24 0.219410
27 8 0.234452
27 27 0.218155
27 16 0.230064
27 11 0.233364
27 26 0.221941
27 4 0.243653
27 23 0.228710
27 25 0.228225
27 12 0.241515
27 38 0.217171
27 37 0.219723
27 40 0.217263
27 41 0.219346
27 7 0.251381
28 2 0.143724
28 1 0.145687
28 0 0.148133
28 4 0.186203
28 33 0.185102
28 6 0.211791
28 8 0.213510
28 36 0.200282
28 15 0.223122
28 18 0.222738
28 5 0.237919
28 11 0.233886
28 25 0.221985
28 17 0.233532
28 10 0.239289
28 14 0.240150
28 35 0.221494
28 7 0.247082
28 9 0.246702
28 41 0.217315
28 34 0.225506
28 13 0.244702
28 12 0.245471
28 28 0.233711
28 39 0.224972
28 23 0.240098
28 31 0.233698
28 27 0.237551
28 22 0.242031
28 30 0.235638
28 37 0.230017
28 16 0.252560
28 26 0.242483
28 29 0.240522
28 19 0.251294
28 24 0.245350
28 3 0.264579
28 42 0.229140
28 21 0.251827
28 20 0.253729
28 32 0.244304
28 40 0.236964
28 38 0.242828
29 0 0.065327
29 1 0.141930
29 2 0.150097
29 10 0.214461
29 8 0.223823
29 26 0.211232
29 15 0.222916
29 23 0.217132
29 12 0.226134
29 13 0.227726
29 11 0.230805
29 14 0.234075
29 3 0.247832
29 21 0.234152
29 24 0.232865
29 7 0.248202
29 36 0.226298
29 25 0.238623
29 9 0.252984
29 22 0.243466
29 32 0.236536
29 17 0.253433
29 19 0.256030
29 33 0.244074
29 31 0.246126
29 18 0.259813
29 30 0.248328
29 4 0.271796
29 34 0.245645
29 20 0.260554
29 6 0.271608
29 39 0.241969
29 35 0.247275
29 37 0.245953
29 16 0.266448
29 5 0.275472
29 42 0.243790
29 27 0.258989
29 29 0.261223
29 38 0.255899
29 40 0.254159
29 28 0.265838
29 41 0.261531
30 4 0.135956
30 2 0.172534
30 0 0.175228
30 5 0.154225
30 9 0.115627
30 3 0.237738
30 10 0.095527
30 6 0.221618
30 8 0.155461
30 11 0.100367
30 1 0.288626
30 13 0.113373
30 7 0.202881
30 17 0.139157
30 16 0.150961
30 14 0.158617
30 18 0.165235
30 19 0.193441
30 15 0.211471
30 12 0.218446
30 28 0.200840
30 23 0.217884
30 33 0.190627
30 27 0.207239
30 41 0.178213
30 21 0.233103
30 20 0.242957
30 38 0.189349
30 37 0.190244
30 35 0.196097
30 34 0.201607
30 24 0.231911
30 29 0.217224
30 36 0.198019
30 31 0.216408
30 39 0.196645
30 30 0.221511
30 25 0.242136
30 22 0.256043
30 26 0.249823
30 42 0.216710
30 32 0.236595
30 40 0.236330
31 0 0.122896
31 9 0.169262
31 12 0.170314
31 6 0.179160
31 2 0.195921
31 1 0.237858
31 8 0.236358
31 11 0.235508
31 20 0.222031
31 18 0.230139
31 31 0.214256
31 10 0.247785
31 17 0.241079
31 28 0.221790
31 39 0.208831
31 16 0.246160
31 23 0.240394
31 14 0.250331
31 24 0.235646
31 7 0.262004
31 21 0.247070
31 5 0.269058
31 41 0.222356
31 19 0.253605
31 3 0.278879
31 34 0.238144
31 29 0.247565
31 15 0.273246
31 35 0.242192
31 36 0.241215
31 26 0.257255
31 42 0.236782
31 27 0.257026
31 25 0.262249
31 32 0.251574
31 4 0.288923
31 22 0.268847
31 13 0.285670
31 38 0.249520
31 30 0.268754
31 40 0.261288
31 33 0.274502
31 37 0.281401
32 0 0.103978
32 4 0.173941
32 11 0.226358
32 2 0.233249
32 3 0.233365
32 23 0.219022
32 14 0.230732
32 28 0.216905
32 9 0.241805
32 12 0.241370
32 1 0.250189
32 8 0.246608
32 31 0.225042
32 37 0.218014
32 5 0.250405
32 24 0.236694
32 26 0.238176
32 32 0.239867
32 16 0.258067
32 22 0.254071
32 19 0.259250
32 10 0.266188
32 21 0.259318
32 27 0.251567
32 38 0.239976
32 17 0.264590
32 25 0.258094
32 33 0.251652
32 18 0.268670
32 7 0.276582
32 36 0.249160
32 30 0.257526
32 13 0.280595
32 20 0.278138
32 15 0.288831
32 29 0.277691
32 40 0.266148
32 34 0.274485
32 39 0.268199
32 6 0.302313
32 41 0.272055
32 42 0.271095
32 35 0.280785
33 0 0.109246
33 2 0.169934
33 5 0.212625
33 14 0.216417
33 9 0.222792
33 4 0.228028
33 10 0.228694
33 12 0.229380
33 8 0.234636
33 11 0.232633
33 27 0.219779
33 3 0.245407
33 28 0.223007
33 13 0.239746
33 29 0.228126
33 30 0.228871
33 1 0.255028
33 26 0.239492
33 39 0.229263
33 25 0.248072
33 7 0.271992
33 22 0.262517
33 15 0.269567
33 6 0.280838
33 21 0.269105
33 24 0.267716
33 23 0.273021
33 18 0.279556
33 31 0.268837
33 20 0.280654
33 16 0.284820
33 38 0.266340
33 40 0.271214
33 37 0.277609
33 42 0.272733
33 34 0.285253
33 17 0.302598
33 41 0.280075
33 19 0.306030
33 33 0.291767
33 35 0.289465
33 32 0.293508
33 36 0.289034
34 0 0.100794
34 3 0.104917
34 5 0.183298
34 10 0.182062
34 8 0.225794
34 9 0.228872
34 4 0.235465
34 16 0.227858
34 26 0.247261
34 1 0.269031
34 7 0.268927
34 11 0.270166
34 2 0.277394
34 23 0.265583
34 13 0.274996
34 19 0.288603
34 24 0.284519
34 15 0.308415
34 37 0.272497
34 25 0.302649
34 27 0.304208
34 12 0.318221
34 6 0.323445
34 28 0.313614
34 18 0.329941
34 40 0.263035
34 20 0.343822
34 32 0.324297
34 14 0.350757
34 21 0.346612
34 36 0.314234
34 34 0.318767
34 17 0.353502
34 29 0.342679
34 38 0.305161
34 35 0.321545
34 30 0.344569
34 42 0.289768
34 22 0.358817
34 31 0.350300
34 41 0.301133
34 33 0.340519
34 39 0.307357
35 0 0.190235
35 9 0.207788
35 1 0.247425
35 7 0.243341
35 24 0.230339
35 25 0.229729
35 8 0.249476
35 37 0.220394
35 10 0.249212
35 11 0.248906
35 2 0.257368
35 12 0.250183
35 13 0.249825
35 27 0.236342
35 5 0.277732
35 26 0.258314
35 18 0.279466
35 16 0.281797
35 28 0.269606
35 23 0.275183
35 19 0.281810
35 17 0.285609
35 6 0.294659
35 14 0.296215
35 3 0.313475
35 35 0.286516
35 32 0.292321
35 39 0.287041
35 20 0.310504
35 21 0.309991
35 41 0.289082
35 42 0.289267
35 30 0.305326
35 31 0.305117
35 40 0.294823
35 15 0.323719
35 34 0.303547
35 33 0.307606
35 38 0.305004
35 22 0.325286
35 4 0.347510
35 29 0.326685
35 36 0.324725
36 0 0.116697
36 1 0.157836
36 4 0.206953
36 2 0.248332
36 26 0.232247
36 11 0.251009
36 23 0.244383
36 16 0.265257
36 34 0.270148
36 12 0.300045
36 22 0.292582
36 13 0.300822
36 3 0.308234
36 8 0.305109
36 14 0.301458
36 17 0.299993
36 21 0.296300
36 36 0.281629
36 24 0.294582
36 28 0.291391
36 5 0.312464
36 7 0.311243
36 20 0.301976
36 25 0.309470
36 15 0.318706
36 10 0.325889
36 38 0.299074
36 9 0.328461
36 31 0.310506
36 42 0.303163
36 37 0.312181
36 33 0.319240
36 19 0.334260
36 30 0.323583
36 27 0.326861
36 39 0.321794
36 35 0.330270
36 41 0.325584
36 29 0.340478
36 18 0.352064
36 6 0.363164
36 32 0.350792
36 40 0.347934
37 0 0.160277
37 3 0.190893
37 2 0.211568
37 1 0.238393
37 14 0.237260
37 7 0.261024
37 17 0.281614
37 13 0.290706
37 19 0.285030
37 9 0.309467
37 11 0.308054
37 6 0.330548
37 25 0.309558
37 29 0.289246
37 37 0.288589
37 5 0.364020
37 27 0.355894
37 10 0.408975
37 26 0.401516
37 23 0.405344
37 8 0.438154
37 4 0.445663
37 12 0.443361
37 30 0.396700
37 21 0.440607
37 28 0.429842
37 39 0.383825
37 35 0.393858
37 32 0.406438
37 34 0.397796
37 33 0.402382
37 24 0.451697
37 22 0.456977
37 16 0.468132
37 15 0.469623
37 31 0.418884
37 41 0.404283
37 38 0.409049
37 40 0.407725
37 18 0.475640
37 42 0.407452
37 20 0.486190
37 36 0.427132
38 0 0.214259
38 14 0.215875
38 4 0.262025
38 2 0.263793
38 10 0.261604
38 3 0.268012
38 11 0.263384
38 32 0.234758
38 28 0.242261
38 8 0.287230
38 18 0.291742
38 31 0.276936
38 30 0.282158
38 12 0.308669
38 15 0.309196
38 5 0.325317
38 29 0.302276
38 23 0.314107
38 1 0.339174
38 21 0.325108
38 7 0.344365
38 25 0.328584
38 20 0.334221
38 13 0.343363
38 6 0.352170
38 33 0.318637
38 35 0.316006
38 39 0.312173
38 9 0.354446
38 16 0.347166
38 22 0.341076
38 17 0.346549
38 40 0.315356
38 42 0.313448
38 38 0.323428
38 34 0.328559
38 24 0.347384
38 36 0.328555
38 26 0.348416
38 19 0.366537
38 37 0.343360
38 27 0.377091
38 41 0.360873
39 0 0.127682
39 2 0.155824
39 3 0.191713
39 17 0.323205
39 10 0.385606
39 37 0.417741
39 1 0.458676
39 12 0.450384
39 40 0.416090
39 13 0.452641
39 24 0.442435
39 29 0.451824
39 32 0.448020
39 14 0.471206
39 9 0.475387
39 16 0.470204
39 11 0.476985
39 5 0.485747
39 26 0.467207
39 4 0.491307
39 27 0.471694
39 7 0.494390
39 25 0.476430
39 8 0.502589
39 28 0.481956
39 6 0.508320
39 21 0.496696
39 18 0.501498
39 22 0.496455
39 23 0.497255
39 33 0.484354
39 19 0.507488
39 31 0.491907
39 38 0.482928
39 20 0.511629
39 15 0.518896
39 41 0.489078
39 35 0.498448
39 34 0.504003
39 30 0.511467
39 39 0.499380
39 36 0.513278
39 42 0.513820
40 0 0.123063
40 11 0.264189
40 6 0.280880
40 2 0.291979
40 13 0.282468
40 14 0.282288
40 24 0.270260
40 29 0.265798
40 19 0.280638
40 9 0.288888
40 27 0.269721
40 18 0.282916
40 15 0.285226
40 3 0.297908
40 17 0.286220
40 8 0.294833
40 4 0.302342
40 30 0.275855
40 28 0.281904
40 20 0.294632
40 5 0.309577
40 37 0.273843
40 16 0.305095
40 21 0.299522
40 26 0.300091
40 12 0.319864
40 25 0.306304
40 10 0.324119
40 7 0.327055
40 1 0.333825
40 34 0.302912
40 33 0.305904
40 36 0.304407
40 40 0.301872
40 32 0.321121
40 31 0.331453
40 23 0.339276
40 22 0.342316
40 35 0.327013
40 38 0.323972
40 42 0.322199
40 39 0.331024
40 41 0.329623
41 9 0.200487
41 0 0.216448
41 2 0.231886
41 3 0.255390
41 27 0.232615
41 10 0.253120
41 13 0.262750
41 28 0.248715
41 7 0.280380
41 12 0.277538
41 11 0.278325
41 25 0.265467
41 1 0.286980
41 8 0.283534
41 5 0.286332
41 4 0.288124
41 24 0.273952
41 26 0.278227
41 37 0.273794
41 23 0.292897
41 17 0.302722
41 6 0.314850
41 15 0.313225
41 18 0.314603
41 16 0.321831
41 19 0.322088
41 41 0.306102
41 33 0.315975
41 21 0.333383
41 39 0.316805
41 30 0.327039
41 14 0.348719
41 20 0.342950
41 22 0.341794
41 32 0.332442
41 35 0.329700
41 36 0.332716
41 31 0.339507
41 34 0.346423
41 40 0.343701
41 38 0.346580
41 42 0.342698
41 29 0.360323
42 2 0.239347
42 0 0.259040
42 7 0.243570
42 1 0.270881
42 4 0.279715
42 6 0.283668
42 5 0.311116
42 12 0.132388
42 8 0.185840
42 3 0.321007
42 11 0.149146
42 9 0.186004
42 10 0.168248
42 13 0.187824
42 16 0.130317
42 17 0.139529
42 14 0.238306
42 19 0.200277
42 25 0.207070
42 38 0.183877
42 32 0.197853
42 15 0.297182
42 18 0.261329
42 27 0.218157
42 30 0.217743
42 26 0.229959
42 24 0.239757
42 37 0.210634
42 23 0.265281
42 41 0.211710
42 36 0.230824
42 31 0.239437
42 20 0.294948
42 22 0.289229
42 21 0.302280
42 33 0.251549
42 29 0.265281
42 28 0.268136
42 39 0.257164
42 42 0.251757
42 40 0.269729
42 35 0.289896
42 34 0.297472
43 5 0.248751
43 23 0.239088
43 27 0.252871
43 9 0.274262
43 0 0.287755
43 10 0.281349
43 1 0.290497
43 13 0.281985
43 3 0.298431
43 25 0.276826
43 11 0.292207
43 39 0.278482
43 36 0.285739
43 2 0.324227
43 26 0.301474
43 7 0.330135
43 31 0.309627
43 12 0.335825
43 24 0.331054
43 14 0.343258
43 19 0.337292
43 15 0.344189
43 17 0.343830
43 8 0.357311
43 33 0.332280
43 35 0.334844
43 4 0.368626
43 6 0.369890
43 21 0.358389
43 40 0.338123
43 28 0.359506
43 41 0.346389
43 30 0.363619
43 42 0.354580
43 22 0.379580
43 37 0.365814
43 34 0.373358
43 16 0.397062
43 20 0.395159
43 29 0.389651
43 18 0.405937
43 32 0.417435
43 38 0.423229
44 0 0.183909
44 11 0.260728
44 24 0.249293
44 14 0.272097
44 22 0.267678
44 26 0.264730
44 8 0.304445
44 9 0.304966
44 2 0.312104
44 13 0.309447
44 10 0.317945
44 4 0.323720
44 12 0.317962
44 27 0.319434
44 37 0.330281
44 25 0.376843
44 32 0.385632
44 23 0.402984
44 16 0.417530
44 36 0.400524
44 19 0.435594
44 38 0.417989
44 7 0.452898
44 17 0.445266
44 20 0.448261
44 30 0.434662
44 6 0.460576
44 40 0.426921
44 1 0.474246
44 3 0.479581
44 21 0.466057
44 31 0.457200
44 15 0.481203
44 35 0.461924
44 34 0.467952
44 5 0.502040
44 29 0.478372
44 28 0.483715
44 41 0.472881
44 18 0.509010
44 33 0.491442
44 42 0.480832
44 39 0.484763
45 10 0.295472
45 11 0.295038
45 9 0.296903
45 38 0.266242
45 27 0.277323
45 1 0.309054
45 13 0.314759
45 14 0.314713
45 25 0.310058
45 0 0.370338
45 26 0.347927
45 5 0.373308
45 29 0.358583
45 24 0.375823
45 2 0.401517
45 6 0.401869
45 18 0.411400
45 19 0.414874
45 21 0.412618
45 35 0.406161
45 4 0.441143
45 7 0.442635
45 12 0.444379
45 23 0.433581
45 17 0.441443
45 31 0.425815
45 33 0.426566
45 3 0.459575
45 8 0.463552
45 28 0.448483
45 39 0.448257
45 20 0.469403
45 15 0.482154
45 42 0.451671
45 37 0.457262
45 30 0.478926
45 36 0.484407
45 16 0.511334
45 22 0.503845
45 40 0.493326
45 34 0.502048
45 32 0.509949
45 41 0.528781
46 4 0.242914
46 12 0.240601
46 24 0.235389
46 11 0.249744
46 14 0.262450
46 0 0.295913
46 8 0.306897
46 27 0.294029
46 10 0.317447
46 29 0.298953
46 1 0.326737
46 9 0.323871
46 6 0.339034
46 28 0.319537
46 13 0.334303
46 25 0.326331
46 37 0.311642
46 26 0.341057
46 19 0.365687
46 7 0.379844
46 39 0.367382
46 2 0.410581
46 5 0.438362
46 42 0.401601
46 20 0.427912
46 22 0.426431
46 3 0.444429
46 41 0.422054
46 33 0.430597
46 21 0.452509
46 31 0.444119
46 35 0.448392
46 40 0.443514
46 34 0.458061
46 23 0.472795
46 16 0.482194
46 32 0.469089
46 38 0.469449
46 36 0.474593
46 15 0.501038
46 18 0.500616
46 30 0.492392
46 17 0.519470
47 8 0.290458
47 29 0.275331
47 27 0.285266
47 9 0.307604
47 7 0.309445
47 13 0.307760
47 11 0.326372
47 12 0.333213
47 1 0.349763
47 5 0.351424
47 3 0.353315
47 25 0.345673
47 4 0.364082
47 23 0.369522
47 0 0.404150
47 38 0.388578
47 20 0.415566
47 26 0.409840
47 36 0.400409
47 28 0.412033
47 30 0.413240
47 10 0.441186
47 21 0.436101
47 19 0.447172
47 6 0.464993
47 41 0.431600
47 22 0.465490
47 2 0.481951
47 15 0.475262
47 34 0.464999
47 24 0.480203
47 17 0.491648
47 31 0.480065
47 39 0.474823
47 42 0.471910
47 37 0.482858
47 33 0.494967
47 18 0.518008
47 32 0.512545
47 14 0.533974
47 16 0.535866
47 35 0.529876
47 40 0.530162
48 4 0.179249
48 3 0.283651
48 10 0.284129
48 0 0.294615
48 9 0.293637
48 8 0.305284
48 5 0.307794
48 27 0.289982
48 11 0.304918
48 29 0.290152
48 13 0.318422
48 25 0.310534
48 14 0.337307
48 2 0.355238
48 12 0.355836
48 38 0.332822
48 26 0.348013
48 30 0.344062
48 7 0.365271
48 19 0.359273
48 28 0.350185
48 1 0.382020
48 17 0.406935
48 15 0.410486
48 39 0.390747
48 33 0.401661
48 35 0.408796
48 24 0.426158
48 21 0.430630
48 32 0.426733
48 22 0.453762
48 37 0.437461
48 23 0.455722
48 6 0.473453
48 31 0.458700
48 16 0.476269
48 41 0.451649
48 18 0.481502
48 20 0.480387
48 36 0.466137
48 34 0.488476
48 42 0.488320
48 40 0.493575
49 7 0.213444
49 9 0.210604
49 3 0.268075
49 10 0.231347
49 11 0.245303
49 12 0.246662
49 13 0.247938
49 8 0.307884
49 1 0.336193
49 4 0.328352
49 0 0.354266
49 6 0.379408
49 5 0.405004
49 2 0.426750
49 17 0.333365
49 26 0.204973
49 28 0.205168
49 31 0.218320
49 14 0.444536
49 16 0.430258
49 15 0.432422
49 18 0.444486
49 40 0.226366
49 19 0.446137
49 21 0.426238
49 29 0.299327
49 20 0.436232
49 30 0.309043
49 27 0.330576
49 22 0.460823
49 25 0.406350
49 23 0.467056
49 33 0.357583
49 39 0.358192
49 37 0.363956
49 34 0.375832
49 24 0.490118
49 41 0.343379
49 36 0.374024
49 32 0.394612
49 38 0.383366
49 35 0.393434
49 42 0.343835
50 1 0.285522
50 30 0.254318
50 14 0.275893
50 13 0.285933
50 10 0.293224
50 0 0.318805
50 26 0.295503
50 38 0.280727
50 3 0.339281
50 9 0.337027
50 4 0.346237
50 12 0.339702
50 31 0.316372
50 8 0.346668
50 28 0.325143
50 27 0.329584
50 29 0.329530
50 2 0.370033
50 11 0.374652
50 5 0.381006
50 7 0.380893
50 22 0.392911
50 20 0.397499
50 18 0.402518
50 39 0.383166
50 35 0.390669
50 16 0.417352
50 23 0.423798
50 32 0.414364
50 36 0.418120
50 15 0.445969
50 6 0.455538
50 25 0.439682
50 17 0.459283
50 41 0.432522
50 21 0.461610
50 33 0.452263
50 40 0.447753
50 19 0.474463
50 34 0.459992
50 42 0.453147
50 37 0.465732
50 24 0.489359
51 24 0.302552
51 37 0.287079
51 11 0.316646
51 8 0.322827
51 12 0.321015
51 27 0.305724
51 29 0.304723
51 9 0.325343
51 13 0.332987
51 25 0.323532
51 5 0.376032
51 3 0.378074
51 1 0.394539
51 28 0.395519
51 7 0.448849
51 15 0.444541
51 34 0.433283
51 0 0.468192
51 26 0.444292
51 31 0.444128
51 10 0.473926
51 14 0.472369
51 18 0.469620
51 35 0.450272
51 2 0.484205
51 19 0.472458
51 21 0.499145
51 41 0.505587
51 36 0.523653
51 39 0.520231
51 6 0.563806
51 38 0.530398
51 4 0.566557
51 22 0.557838
51 16 0.569426
51 30 0.554239
51 20 0.574422
51 42 0.554300
51 32 0.568570
51 23 0.577716
51 33 0.569815
51 40 0.567444
51 17 0.598799
52 0 0.261044
52 10 0.271775
52 14 0.271641
52 12 0.270918
52 4 0.291788
52 8 0.275955
52 26 0.262793
52 38 0.251356
52 3 0.287945
52 2 0.287271
52 6 0.295608
52 29 0.280410
52 28 0.286360
52 1 0.340846
52 13 0.344638
52 24 0.344787
52 16 0.361793
52 11 0.377989
52 21 0.377341
52 20 0.382959
52 27 0.375200
52 25 0.379737
52 22 0.395376
52 5 0.430401
52 42 0.399894
52 37 0.406279
52 30 0.429794
52 39 0.421347
52 33 0.428155
52 9 0.460111
52 35 0.442485
52 7 0.487421
52 18 0.489799
52 40 0.479509
52 23 0.504163
52 15 0.518060
52 19 0.514313
52 32 0.503346
52 34 0.507122
52 36 0.518896
52 31 0.542926
52 41 0.540962
52 17 0.573886
53 8 0.270667
53 11 0.284514
53 14 0.283046
53 27 0.274900
53 9 0.307456
53 38 0.278977
53 10 0.332786
53 0 0.350727
53 5 0.389207
53 26 0.390252
53 24 0.411984
53 28 0.440519
53 13 0.497512
53 3 0.527071
53 12 0.520599
53 25 0.539658
53 4 0.561484
53 29 0.571817
53 15 0.592963
53 36 0.575183
53 7 0.611916
53 16 0.608549
53 1 0.620882
53 31 0.596448
53 19 0.610249
53 2 0.625353
53 23 0.614189
53 17 0.620668
53 35 0.617943
53 20 0.636549
53 42 0.618107
53 34 0.652773
53 39 0.659559
53 41 0.661805
53 33 0.676539
53 30 0.682733
53 21 0.705328
53 18 0.709398
53 37 0.690648
53 22 0.708941
53 6 0.731294
53 40 0.706017
53 32 0.721703
54 26 0.278260
54 3 0.302183
54 24 0.288900
54 0 0.311903
54 8 0.306890
54 10 0.307067
54 25 0.293031
54 28 0.292811
54 9 0.312913
54 2 0.322427
54 11 0.319284
54 13 0.328865
54 4 0.336915
54 29 0.323096
54 38 0.325051
54 27 0.337416
54 1 0.377640
54 14 0.370990
54 12 0.375727
54 15 0.402682
54 5 0.418119
54 32 0.400343
54 19 0.416472
54 41 0.402457
54 34 0.428575
54 36 0.431167
54 17 0.450841
54 31 0.436968
54 21 0.450173
54 7 0.463713
54 6 0.476574
54 23 0.469038
54 42 0.450677
54 20 0.476029
54 39 0.458032
54 30 0.468837
54 22 0.478289
54 16 0.487354
54 18 0.490651
54 40 0.471461
54 35 0.479723
54 37 0.487539
54 33 0.494830
55 8 0.299799
55 11 0.301204
55 28 0.332638
55 25 0.336097
55 10 0.364667
55 14 0.362218
55 12 0.364572
55 0 0.378937
55 29 0.379149
55 30 0.377084
55 27 0.387965
55 13 0.421004
55 26 0.426149
55 6 0.459505
55 9 0.462624
55 17 0.466397
55 32 0.453964
55 1 0.484934
55 39 0.446463
55 35 0.458051
55 5 0.496047
55 21 0.490759
55 41 0.467689
55 3 0.508868
55 24 0.496324
55 22 0.502698
55 20 0.515760
55 16 0.522052
55 38 0.497746
55 2 0.541999
55 4 0.541030
55 37 0.532679
55 15 0.562178
55 42 0.544293
55 18 0.576557
55 40 0.553411
55 31 0.565315
55 36 0.559926
55 7 0.591619
55 34 0.564168
55 23 0.580755
55 33 0.571554
55 19 0.602997
56 10 0.276687
56 0 0.322646
56 3 0.336805
56 1 0.341892
56 5 0.336740
56 2 0.361116
56 20 0.372256
56 30 0.366651
56 32 0.368227
56 33 0.369672
56 24 0.391542
56 34 0.373199
56 4 0.414762
56 22 0.414811
56 8 0.430700
56 7 0.432250
56 9 0.430939
56 14 0.427495
56 12 0.429392
56 39 0.399186
56 28 0.419783
56 29 0.422955
56 25 0.438072
56 26 0.444895
56 11 0.475719
56 18 0.473272
56 40 0.438123
56 31 0.472445
56 13 0.507621
56 38 0.468010
56 6 0.525319
56 23 0.515456
56 19 0.529374
56 27 0.518329
56 36 0.504605
56 17 0.544460
56 15 0.560387
56 16 0.559952
56 41 0.523014
56 42 0.521782
56 21 0.583244
56 37 0.555053
56 35 0.585979
57 11 0.325243
57 26 0.307091
57 25 0.325743
57 3 0.384657
57 10 0.379514
57 0 0.408103
57 9 0.404701
57 4 0.435101
57 13 0.431602
57 5 0.439149
57 14 0.440442
57 2 0.457223
57 27 0.441418
57 16 0.466648
57 12 0.480841
57 7 0.489520
57 19 0.477542
57 23 0.484060
57 1 0.509002
57 8 0.514192
57 37 0.487723
57 20 0.517489
57 17 0.530214
57 24 0.523616
57 28 0.519379
57 6 0.560723
57 35 0.529574
57 29 0.540092
57 42 0.552145
57 34 0.565509
57 32 0.579000
57 15 0.603968
57 36 0.582197
57 21 0.610934
57 18 0.632845
57 33 0.626451
57 40 0.631087
57 38 0.636385
57 30 0.649639
57 22 0.670030
57 41 0.646288
57 31 0.667244
57 39 0.683971
58 8 0.262872
58 9 0.260708
58 3 0.331388
58 11 0.302496
58 12 0.310346
58 2 0.363541
58 13 0.315604
58 14 0.311021
58 10 0.341950
58 5 0.374114
58 1 0.391847
58 4 0.388392
58 0 0.418137
58 7 0.409418
58 6 0.499238
58 18 0.491638
58 28 0.208233
58 27 0.229588
58 16 0.534536
58 29 0.244949
58 15 0.545922
58 32 0.269978
58 17 0.615167
58 31 0.343882
58 30 0.349155
58 39 0.331424
58 19 0.650291
58 20 0.607846
58 36 0.414935
58 38 0.423319
58 23 0.530944
58 25 0.487068
58 21 0.549255
58 34 0.451329
58 24 0.513594
58 35 0.475829
58 33 0.480376
58 26 0.516626
58 41 0.474160
58 22 0.583734
58 40 0.486446
58 42 0.496924
58 37 0.559298
59 8 0.284442
59 10 0.366987
59 12 0.365982
59 2 0.404110
59 28 0.359961
59 5 0.406663
59 0 0.411248
59 14 0.397641
59 30 0.379550
59 4 0.427545
59 9 0.418812
59 38 0.375769
59 26 0.424272
59 32 0.420465
59 24 0.458664
59 6 0.495526
59 7 0.494854
59 18 0.481393
59 16 0.494348
59 3 0.524863
59 22 0.494546
59 1 0.528138
59 13 0.519918
59 31 0.504394
59 11 0.548819
59 29 0.526893
59 27 0.536272
59 42 0.535479
59 36 0.553871
59 34 0.589297
59 37 0.583982
59 40 0.592487
59 17 0.652247
59 25 0.646034
59 19 0.663460
59 41 0.620054
59 23 0.657540
59 15 0.682088
59 33 0.646355
59 35 0.643846
59 20 0.690859
59 39 0.659800
59 21 0.703538
60 8 0.217691
60 9 0.280261
60 11 0.276553
60 10 0.285318
60 5 0.360528
60 14 0.302106
60 3 0.401748
60 1 0.429033
60 7 0.453543
60 12 0.406705
60 0 0.492358
60 13 0.425401
60 4 0.545413
60 29 0.200593
60 25 0.255545
60 6 0.571009
60 2 0.618018
60 26 0.303988
60 27 0.311845
60 15 0.515367
60 28 0.299416
60 39 0.212376
60 16 0.521939
60 19 0.497161
60 21 0.445382
60 30 0.397351
60 17 0.552350
60 24 0.478829
60 18 0.571208
60 35 0.362889
60 20 0.568348
60 22 0.535406
60 40 0.347390
60 23 0.535456
60 33 0.431599
60 32 0.462723
60 41 0.370072
60 31 0.475559
60 34 0.488644
60 36 0.432247
60 38 0.454631
60 37 0.478949
60 42 0.454286
61 14 0.305113
61 10 0.315892
61 9 0.318922
61 11 0.319248
61 32 0.322959
61 12 0.341753
61 8 0.345655
61 27 0.367927
61 29 0.378888
61 31 0.377697
61 4 0.432362
61 2 0.465915
61 5 0.474294
61 30 0.459414
61 0 0.491428
61 38 0.462148
61 13 0.505428
61 28 0.502835
61 39 0.497617
61 6 0.541767
61 16 0.538371
61 3 0.553149
61 34 0.550116
61 41 0.556020
61 15 0.586250
61 20 0.586946
61 21 0.587455
61 37 0.574328
61 18 0.597634
61 17 0.601711
61 36 0.584026
61 26 0.598481
61 1 0.621421
61 24 0.612105
61 25 0.615308
61 19 0.621780
61 22 0.634092
61 42 0.632628
61 33 0.657332
61 7 0.684825
61 40 0.655505
61 35 0.667046
61 23 0.697627
62 1 0.240032
62 5 0.257108
62 8 0.284034
62 3 0.317794
62 9 0.305671
62 2 0.379478
62 7 0.378507
62 11 0.376488
62 6 0.459755
62 27 0.416714
62 0 0.481475
62 13 0.452925
62 23 0.430610
62 10 0.459232
62 25 0.445674
62 19 0.477887
62 15 0.483337
62 31 0.493663
62 39 0.449759
62 28 0.508693
62 12 0.559272
62 4 0.578053
62 14 0.595705
62 24 0.581014
62 38 0.525349
62 37 0.532610
62 17 0.619943
62 20 0.644515
62 26 0.624762
62 29 0.616982
62 33 0.609654
62 34 0.611592
62 18 0.670450
62 41 0.588210
62 21 0.674726
62 35 0.608655
62 30 0.667310
62 32 0.682037
62 22 0.740870
62 40 0.667165
62 16 0.756484
62 42 0.688903
62 36 0.700987
63 9 0.247658
63 13 0.306926
63 29 0.303431
63 11 0.323149
63 14 0.321391
63 39 0.300461
63 30 0.310235
63 8 0.330935
63 32 0.312044
63 12 0.344019
63 3 0.377611
63 31 0.355282
63 2 0.382713
63 5 0.391594
63 0 0.397855
63 27 0.378865
63 4 0.399656
63 28 0.382463
63 7 0.415483
63 10 0.421742
63 1 0.447284
63 15 0.446171
63 38 0.439995
63 18 0.467832
63 33 0.459782
63 16 0.491301
63 21 0.487979
63 25 0.502197
63 22 0.520286
63 23 0.521699
63 34 0.514349
63 35 0.517038
63 6 0.556521
63 20 0.550961
63 37 0.540600
63 36 0.541742
63 24 0.558438
63 19 0.564809
63 17 0.575818
63 26 0.574759
63 42 0.560886
63 41 0.576781
63 40 0.580140
64 8 0.185135
64 7 0.211382
64 12 0.186578
64 2 0.335550
64 13 0.248432
64 4 0.342021
64 10 0.275769
64 9 0.362824
64 1 0.380972
64 27 0.262341
64 40 0.259590
64 11 0.314332
64 31 0.281052
64 3 0.408341
64 0 0.412604
64 30 0.314731
64 29 0.319866
64 28 0.332087
64 5 0.455421
64 32 0.335607
64 6 0.501069
64 41 0.388311
64 35 0.405195
64 16 0.450425
64 25 0.481385
64 21 0.491983
64 14 0.505013
64 15 0.506710
64 36 0.470960
64 23 0.504763
64 34 0.476250
64 38 0.476089
64 18 0.521780
64 20 0.520366
64 33 0.502386
64 24 0.524295
64 42 0.496282
64 22 0.554290
64 26 0.558236
64 17 0.572387
64 39 0.535092
64 19 0.587138
64 37 0.566286
65 9 0.311413
65 10 0.311285
65 11 0.310867
65 25 0.320076
65 12 0.364868
65 28 0.348879
65 24 0.353865
65 4 0.372187
65 8 0.393255
65 1 0.400572
65 18 0.399438
65 2 0.411201
65 22 0.397261
65 6 0.409474
65 20 0.405158
65 30 0.398021
65 42 0.386111
65 37 0.398278
65 26 0.409495
65 40 0.419572
65 5 0.458203
65 14 0.460212
65 0 0.489830
65 7 0.487971
65 19 0.480598
65 23 0.477956
65 35 0.480288
65 36 0.484720
65 34 0.496704
65 21 0.515879
65 32 0.503748
65 29 0.506800
65 3 0.530597
65 38 0.501738
65 17 0.529068
65 27 0.517563
65 15 0.540842
65 16 0.540509
65 13 0.543849
65 39 0.532566
65 33 0.547322
65 31 0.574126
65 41 0.567199
66 8 0.193983
66 9 0.256071
66 11 0.310162
66 10 0.327574
66 14 0.375348
66 27 0.323676
66 1 0.404711
66 13 0.389182
66 7 0.403963
66 5 0.426524
66 4 0.434146
66 12 0.429314
66 3 0.445407
66 6 0.511248
66 19 0.459649
66 29 0.437220
66 25 0.443915
66 16 0.491519
66 0 0.522213
66 38 0.426910
66 26 0.512804
66 28 0.530271
66 2 0.610445
66 15 0.585494
66 30 0.533758
66 39 0.554495
66 37 0.561783
66 18 0.628833
66 33 0.609954
66 34 0.619790
66 21 0.659573
66 24 0.657311
66 32 0.654912
66 35 0.655334
66 31 0.662108
66 23 0.676635
66 17 0.717716
66 20 0.696793
66 22 0.696067
66 40 0.673458
66 41 0.682744
66 36 0.714425
66 42 0.735633
67 12 0.365487
67 28 0.342891
67 14 0.365224
67 10 0.428166
67 36 0.407988
67 26 0.497387
67 8 0.528370
67 0 0.535058
67 4 0.534001
67 9 0.536569
67 13 0.543601
67 24 0.532537
67 30 0.540266
67 27 0.549796
67 18 0.579272
67 40 0.567006
67 5 0.638303
67 34 0.614158
67 22 0.649199
67 25 0.651525
67 29 0.650505
67 11 0.681942
67 6 0.692703
67 1 0.713521
67 31 0.688885
67 3 0.730245
67 16 0.721051
67 20 0.717523
67 19 0.722966
67 32 0.707636
67 2 0.745413
67 37 0.717585
67 41 0.730790
67 33 0.755406
67 42 0.749352
67 38 0.758390
67 21 0.810089
67 17 0.822049
67 15 0.828095
67 7 0.840321
67 35 0.802023
67 39 0.839972
67 23 0.926821
68 7 0.263343
68 9 0.338245
68 37 0.321148
68 29 0.355428
68 11 0.385421
68 2 0.407863
68 12 0.442013
68 28 0.438104
68 13 0.474658
68 27 0.455094
68 25 0.467102
68 3 0.514845
68 10 0.515213
68 31 0.501075
68 21 0.536078
68 19 0.540283
68 23 0.534512
68 1 0.566113
68 5 0.609842
68 15 0.607094
68 32 0.580366
68 39 0.572493
68 35 0.588115
68 26 0.613618
68 22 0.622483
68 8 0.645679
68 36 0.612893
68 24 0.637355
68 30 0.642820
68 0 0.688179
68 17 0.672214
68 20 0.681811
68 14 0.701119
68 33 0.664508
68 18 0.696095
68 4 0.721284
68 6 0.719515
68 16 0.715434
68 42 0.672116
68 41 0.689588
68 34 0.714765
68 38 0.733613
68 40 0.748760
69 12 0.334299
69 14 0.382285
69 29 0.378389
69 8 0.407927
69 0 0.415094
69 15 0.517715
69 6 0.527818
69 27 0.498152
69 37 0.471267
69 10 0.524678
69 34 0.480632
69 20 0.516269
69 4 0.532322
69 26 0.503270
69 18 0.522001
69 36 0.483866
69 2 0.565780
69 17 0.555674
69 25 0.563092
69 30 0.557983
69 40 0.537694
69 13 0.598400
69 9 0.606917
69 32 0.572377
69 39 0.562147
69 28 0.601971
69 38 0.587351
69 7 0.650905
69 41 0.596293
69 24 0.646930
69 35 0.623256
69 22 0.663402
69 11 0.684388
69 42 0.646188
69 16 0.722359
69 3 0.745852
69 19 0.736185
69 1 0.768898
69 23 0.748853
69 33 0.736204
69 5 0.791980
69 31 0.781984
69 21 0.801594
70 11 0.349545
70 39 0.320361
70 13 0.398743
70 28 0.397312
70 9 0.416249
70 12 0.414727
70 8 0.435906
70 29 0.428503
70 14 0.453531
70 3 0.476807
70 10 0.478277
70 25 0.467273
70 2 0.505098
70 18 0.533973
70 5 0.554253
70 7 0.555202
70 1 0.560725
70 26 0.542015
70 6 0.561144
70 31 0.548217
70 27 0.555714
70 24 0.559491
70 4 0.577666
70 22 0.582090
70 0 0.601037
70 33 0.592275
70 37 0.591163
70 17 0.653011
70 19 0.654629
70 16 0.658536
70 15 0.671100
70 40 0.650180
70 35 0.684482
70 42 0.686867
70 38 0.700561
70 34 0.709948
70 36 0.709157
70 23 0.739003
70 21 0.750663
70 41 0.736396
70 20 0.776144
70 32 0.782313
70 30 0.794356
71 26 0.357495
71 24 0.366964
71 12 0.384565
71 28 0.365580
71 8 0.393800
71 0 0.432388
71 6 0.445573
71 16 0.437834
71 10 0.446647
71 32 0.439820
71 25 0.470383
71 2 0.539379
71 7 0.545034
71 29 0.522750
71 40 0.517074
71 37 0.523846
71 9 0.594140
71 13 0.602034
71 11 0.607707
71 27 0.600739
71 4 0.666948
71 35 0.634771
71 34 0.647146
71 36 0.647906
71 42 0.658070
71 18 0.691022
71 22 0.686127
71 33 0.680115
71 3 0.722408
71 5 0.730015
71 17 0.724549
71 1 0.740521
71 20 0.728507
71 30 0.721884
71 15 0.756162
71 39 0.731110
71 14 0.763261
71 38 0.741919
71 41 0.746193
71 19 0.773696
71 31 0.769720
71 21 0.794210
71 23 0.811411
72 5 0.320684
72 3 0.355318
72 9 0.343445
72 1 0.394373
72 17 0.405223
72 27 0.394836
72 11 0.413044
72 15 0.422799
72 21 0.426495
72 20 0.432124
72 13 0.446703
72 25 0.443965
72 12 0.459489
72 31 0.463812
72 29 0.466282
72 24 0.484815
72 37 0.472668
72 7 0.524069
72 41 0.499117
72 32 0.517668
72 0 0.558708
72 39 0.511456
72 8 0.557543
72 28 0.553935
72 2 0.592890
72 23 0.564585
72 35 0.564583
72 26 0.591819
72 22 0.602614
72 10 0.616787
72 38 0.593259
72 14 0.627154
72 18 0.667734
72 34 0.656735
72 16 0.705187
72 40 0.689505
72 4 0.739919
72 30 0.716258
72 36 0.714887
72 42 0.734993
72 19 0.766459
72 6 0.788700
72 33 0.776060
73 9 0.243651
73 10 0.264745
73 13 0.244913
73 11 0.269569
73 12 0.262148
73 8 0.329055
73 0 0.472599
73 2 0.484498
73 23 0.391387
73 14 0.506308
73 3 0.629212
73 1 0.634816
73 24 0.385943
73 5 0.616266
73 27 0.347990
73 25 0.392868
73 19 0.505041
73 7 0.589113
73 37 0.295037
73 16 0.567051
73 17 0.575773
73 26 0.457519
73 28 0.420970
73 18 0.602340
73 6 0.722910
73 35 0.399306
73 15 0.686610
73 21 0.613669
73 4 0.821429
73 22 0.626071
73 31 0.480881
73 42 0.399736
73 38 0.498346
73 20 0.725258
73 30 0.570919
73 40 0.497069
73 36 0.557597
73 33 0.561788
73 29 0.616143
73 41 0.541955
73 34 0.589649
73 32 0.635192
73 39 0.574825
74 10 0.302243
74 7 0.401407
74 27 0.397898
74 9 0.421480
74 29 0.436320
74 13 0.457836
74 25 0.443265
74 15 0.458156
74 0 0.470361
74 38 0.478767
74 12 0.511719
74 3 0.525013
74 37 0.497106
74 26 0.516972
74 30 0.519015
74 6 0.592088
74 33 0.564973
74 5 0.599216
74 31 0.603295
74 21 0.620465
74 11 0.636032
74 8 0.652983
74 2 0.662662
74 39 0.629669
74 23 0.653901
74 17 0.665577
74 19 0.667844
74 28 0.662713
74 24 0.674438
74 1 0.704522
74 40 0.667693
74 32 0.687296
74 36 0.687457
74 35 0.693033
74 42 0.684829
74 4 0.730726
74 16 0.727096
74 41 0.693667
74 14 0.730944
74 18 0.735743
74 22 0.746233
74 34 0.757463
74 20 0.799102
75 8 0.429927
75 10 0.432283
75 12 0.434585
75 9 0.464059
75 5 0.543017
75 14 0.562617
75 1 0.581441
75 28 0.573579
75 3 0.624998
75 0 0.627954
75 37 0.616269
75 11 0.679495
75 26 0.651993
75 2 0.719779
75 6 0.724971
75 27 0.700136
75 25 0.703068
75 24 0.713834
75 13 0.746481
75 29 0.734673
75 7 0.784901
75 4 0.823760
75 30 0.801487
75 32 0.806202
75 34 0.818915
75 42 0.853028
75 22 0.945852
75 38 0.908150
75 21 0.982324
75 17 1.003183
75 39 0.950181
75 15 1.027551
75 16 1.033452
75 18 1.035337
75 35 1.013800
75 41 0.999347
75 20 1.055156
75 31 1.035698
75 36 1.028304
75 40 1.051862
75 23 1.101190
75 33 1.096078
75 19 1.135267
76 11 0.391675
76 9 0.423321
76 13 0.415088
76 3 0.567909
76 1 0.594959
76 0 0.619969
76 10 0.610731
76 6 0.646659
76 8 0.646120
76 7 0.659468
76 12 0.684743
76 26 0.655888
76 23 0.681286
76 4 0.720755
76 25 0.683228
76 2 0.762042
76 15 0.743983
76 5 0.762117
76 27 0.738190
76 38 0.722638
76 14 0.781181
76 24 0.796706
76 28 0.849031
76 40 0.880572
76 33 0.938799
76 41 0.930422
76 19 1.009769
76 22 1.010131
76 35 0.983404
76 32 0.993383
76 39 0.986929
76 17 1.051586
76 34 1.015576
76 31 1.054568
76 16 1.101311
76 20 1.102241
76 29 1.093212
76 30 1.109316
76 42 1.105375
76 21 1.140836
76 18 1.156734
76 37 1.127676
76 36 1.176593
77 8 0.420847
77 25 0.444373
77 9 0.503820
77 7 0.549353
77 23 0.592686
77 30 0.586800
77 10 0.609980
77 37 0.620600
77 27 0.640131
77 11 0.658531
77 24 0.645897
77 5 0.698284
77 19 0.696454
77 12 0.708085
77 13 0.707894
77 26 0.699101
77 36 0.689162
77 28 0.707781
77 1 0.738880
77 31 0.722111
77 0 0.765423
77 33 0.737813
77 16 0.762534
77 18 0.779510
77 42 0.761220
77 41 0.774353
77 40 0.779663
77 2 0.827381
77 3 0.834688
77 32 0.820132
77 39 0.818927
77 34 0.823556
77 22 0.839697
77 38 0.826038
77 20 0.855306
77 6 0.893415
77 4 0.900376
77 35 0.906121
77 29 0.926610
77 14 0.950762
77 15 0.984818
77 17 0.985163
77 21 0.996922
78 39 0.364078
78 9 0.420398
78 13 0.432386
78 3 0.440600
78 1 0.469193
78 0 0.501542
78 30 0.483904
78 33 0.506410
78 31 0.565729
78 8 0.620182
78 23 0.608188
78 11 0.642263
78 32 0.626990
78 29 0.649016
78 35 0.642834
78 19 0.663340
78 24 0.667296
78 27 0.667760
78 12 0.719544
78 28 0.713345
78 26 0.716786
78 21 0.740146
78 5 0.761841
78 37 0.731670
78 14 0.764771
78 42 0.749161
78 7 0.800189
78 10 0.837106
78 15 0.852623
78 4 0.868339
78 25 0.889758
78 6 0.919663
78 41 0.889277
78 17 0.941656
78 2 0.958795
78 38 0.935372
78 36 0.943947
78 20 0.963918
78 18 0.989755
78 40 0.970770
78 16 0.997948
78 22 1.053598
78 34 1.081654
79 8 0.369841
79 7 0.452105
79 9 0.449518
79 12 0.501527
79 25 0.528406
79 28 0.545507
79 26 0.578791
79 29 0.575285
79 3 0.639184
79 10 0.637648
79 1 0.662242
79 38 0.629156
79 2 0.687313
79 20 0.681433
79 0 0.706831
79 24 0.678116
79 18 0.691287
79 13 0.710857
79 4 0.734499
79 32 0.696349
79 6 0.748781
79 11 0.757294
79 27 0.744729
79 5 0.791080
79 35 0.757684
79 30 0.776110
79 41 0.777550
79 21 0.803843
79 23 0.811456
79 19 0.860564
79 36 0.846515
79 22 0.885924
79 34 0.879295
79 31 0.893668
79 37 0.908963
79 33 0.925031
79 39 0.925760
79 16 0.961009
79 40 0.931287
79 42 0.942744
79 17 0.980144
79 14 0.984010
79 15 1.043554
80 8 0.351718
80 9 0.407466
80 30 0.422884
80 11 0.444221
80 25 0.429523
80 13 0.485990
80 26 0.472159
80 39 0.503951
80 29 0.645015
80 14 0.662991
80 27 0.682329
80 10 0.701440
80 28 0.706887
80 4 0.751077
80 12 0.745522
80 1 0.773307
80 22 0.782493
80 17 0.797719
80 3 0.835868
80 5 0.847020
80 16 0.838840
80 35 0.824974
80 7 0.873806
80 2 0.878148
80 32 0.857640
80 41 0.856509
80 37 0.862677
80 19 0.910221
80 24 0.917789
80 23 0.929308
80 21 0.941602
80 0 0.981110
80 34 0.955300
80 15 0.979273
80 6 0.993074
80 42 0.968441
80 38 0.974794
80 18 1.033984
80 36 1.039000
80 31 1.060880
80 20 1.128578
80 40 1.115559
80 33 1.190012
81 26 0.325407
81 28 0.373984
81 24 0.385727
81 12 0.399463
81 9 0.432136
81 11 0.460684
81 13 0.506123
81 38 0.505900
81 25 0.536702
81 10 0.603845
81 29 0.592932
81 0 0.670426
81 27 0.647125
81 1 0.675202
81 8 0.669019
81 7 0.677675
81 3 0.719019
81 16 0.717315
81 36 0.764944
81 17 0.790216
81 34 0.778050
81 42 0.786057
81 14 0.822150
81 4 0.839814
81 41 0.805280
81 5 0.854784
81 30 0.831972
81 32 0.838060
81 22 0.853063
81 6 0.869433
81 40 0.838524
81 20 0.861684
81 21 0.871422
81 2 0.904385
81 39 0.882618
81 37 0.889066
81 31 0.898682
81 33 0.913411
81 18 0.953789
81 15 0.973342
81 19 0.970807
81 23 1.043249
81 35 1.067001
82 11 0.435146
82 27 0.431118
82 14 0.469297
82 13 0.470644
82 8 0.475507
82 31 0.490761
82 29 0.504455
82 0 0.543604
82 9 0.553889
82 10 0.567633
82 30 0.569994
82 26 0.621836
82 3 0.654331
82 12 0.673353
82 28 0.734686
82 40 0.736839
82 42 0.745066
82 36 0.771550
82 23 0.791964
82 1 0.824892
82 5 0.826812
82 25 0.808922
82 41 0.841691
82 21 0.868631
82 7 0.887849
82 20 0.877124
82 15 0.895513
82 38 0.895134
82 19 0.962091
82 6 0.979414
82 17 0.980232
82 32 0.969511
82 16 0.986730
82 18 0.991789
82 39 0.975718
82 33 0.988465
82 24 1.002789
82 37 0.992549
82 34 1.000729
82 22 1.024741
82 4 1.051853
82 2 1.080696
82 35 1.159959
83 8 0.305451
83 11 0.406059
83 13 0.424584
83 25 0.458398
83 3 0.521758
83 28 0.506943
83 12 0.535683
83 29 0.536193
83 26 0.539836
83 6 0.559829
83 1 0.599765
83 5 0.597359
83 9 0.600582
83 0 0.615704
83 2 0.630498
83 30 0.603451
83 27 0.608864
83 4 0.632657
83 38 0.597492
83 7 0.635034
83 10 0.646903
83 16 0.699001
83 18 0.728912
83 14 0.737423
83 24 0.726433
83 34 0.722129
83 20 0.743816
83 36 0.731833
83 15 0.762342
83 21 0.783782
83 32 0.778860
83 19 0.798522
83 33 0.788328
83 17 0.809187
83 37 0.796310
83 35 0.803716
83 41 0.803447
83 23 0.830206
83 22 0.838393
83 31 0.828378
83 40 0.824575
83 42 0.827903
83 39 0.844221
84 6 0.332340
84 7 0.356759
84 9 0.401628
84 5 0.436138
84 8 0.552438
84 25 0.550480
84 36 0.552025
84 11 0.586392
84 27 0.579668
84 23 0.605896
84 24 0.609333
84 22 0.611887
84 10 0.660997
84 32 0.641008
84 17 0.662951
84 4 0.682831
84 26 0.716652
84 39 0.727271
84 34 0.736237
84 16 0.755434
84 37 0.734751
84 35 0.743863
84 41 0.752193
84 21 0.781893
84 30 0.773764
84 33 0.773578
84 40 0.777405
84 19 0.805554
84 15 0.814422
84 1 0.833066
84 38 0.813227
84 20 0.840981
84 0 0.864136
84 31 0.843197
84 13 0.866730
84 18 0.865540
84 14 0.896464
84 28 0.901952
84 3 0.928215
84 42 0.892003
84 2 0.952415
84 12 0.954717
84 29 0.980983
85 9 0.351420
85 39 0.381937
85 11 0.410621
85 30 0.407659
85 3 0.499970
85 5 0.549911
85 10 0.564194
85 1 0.630721
85 26 0.646301
85 29 0.643878
85 13 0.683576
85 27 0.671235
85 14 0.718635
85 40 0.731954
85 8 0.769832
85 4 0.772974
85 42 0.739402
85 7 0.885987
85 22 0.893567
85 33 0.884114
85 15 0.918675
85 12 0.921366
85 34 0.922579
85 31 0.933702
85 28 0.946154
85 6 0.990992
85 21 0.989946
85 19 1.028239
85 24 1.038744
85 41 1.027156
85 25 1.063510
85 0 1.090236
85 23 1.090077
85 18 1.101862
85 37 1.081588
85 20 1.101200
85 16 1.118888
85 32 1.120756
85 17 1.142744
85 38 1.140966
85 36 1.149980
85 2 1.195268
85 35 1.226803
86 8 0.404091
86 10 0.416012
86 9 0.525949
86 39 0.552028
86 26 0.567816
86 28 0.565926
86 27 0.567487
86 7 0.595084
86 29 0.590488
86 12 0.613482
86 13 0.652225
86 11 0.655820
86 30 0.639400
86 31 0.663028
86 34 0.718021
86 2 0.863018
86 40 0.832336
86 32 0.841886
86 41 0.874454
86 20 0.898457
86 1 0.955276
86 33 0.947971
86 5 0.975931
86 19 0.979706
86 25 0.974567
86 36 0.967305
86 0 1.021536
86 16 1.023138
86 38 0.999804
86 14 1.030194
86 18 1.027535
86 15 1.047554
86 24 1.048757
86 6 1.065599
86 37 1.039284
86 35 1.053956
86 42 1.051670
86 17 1.086724
86 4 1.104831
86 3 1.112308
86 22 1.112759
86 21 1.118275
86 23 1.129116
87 8 0.406210
87 9 0.405809
87 11 0.409451
87 10 0.523427
87 14 0.526767
87 12 0.646961
87 26 0.636055
87 28 0.635115
87 37 0.631581
87 13 0.722603
87 25 0.676898
87 29 0.718952
87 30 0.718931
87 3 0.808281
87 27 0.751355
87 1 0.816116
87 0 0.841989
87 31 0.792950
87 4 0.881578
87 2 0.891088
87 35 0.842753
87 7 0.939809
87 24 0.889547
87 39 0.872900
87 23 0.981832
87 5 1.058561
87 33 0.996441
87 36 0.990127
87 21 1.062228
87 6 1.094293
87 22 1.066691
87 19 1.083209
87 38 1.018678
87 34 1.031253
87 15 1.110876
87 17 1.120547
87 16 1.135704
87 40 1.073553
87 20 1.148478
87 18 1.157977
87 32 1.114373
87 41 1.149720
87 42 1.189732
88 11 0.412081
88 13 0.430514
88 28 0.464048
88 24 0.540979
88 27 0.591405
88 25 0.615850
88 29 0.618511
88 26 0.673389
88 9 0.756243
88 3 0.768063
88 38 0.737675
88 14 0.814841
88 4 0.842417
88 12 0.873328
88 8 0.895721
88 10 0.902005
88 0 0.949962
88 7 0.963466
88 17 0.997150
88 5 1.049968
88 1 1.068451
88 2 1.134622
88 34 1.101629
88 31 1.121287
88 15 1.216357
88 22 1.222183
88 6 1.253735
88 21 1.240349
88 37 1.235184
88 42 1.240804
88 33 1.261841
88 16 1.291962
88 39 1.273139
88 30 1.300711
88 19 1.317615
88 36 1.307378
88 40 1.316888
88 32 1.342090
88 18 1.364262
88 23 1.385562
88 35 1.383785
88 41 1.380641
88 20 1.422028
89 9 0.435498
89 12 0.475231
89 11 0.478819
89 13 0.535015
89 10 0.699757
89 8 0.720311
89 27 0.643369
89 1 0.757248
89 5 0.806925
89 14 0.764465
89 3 0.829729
89 0 0.909554
89 29 0.846442
89 30 0.857032
89 7 0.960995
89 26 0.885858
89 25 0.896128
89 6 1.010046
89 2 1.044914
89 28 1.003410
89 38 0.936509
89 16 1.123940
89 4 1.236281
89 15 1.223523
89 19 1.220951
89 20 1.240835
89 32 1.201182
89 31 1.209790
89 17 1.278961
89 18 1.330309
89 21 1.328630
89 36 1.293209
89 37 1.306922
89 33 1.394355
89 22 1.471544
89 23 1.475487
89 24 1.489817
89 34 1.456909
89 41 1.299366
89 40 1.319481
89 42 1.297428
89 35 1.479175
89 39 1.455107
90 8 0.381709
90 28 0.448690
90 10 0.515745
90 7 0.542011
90 6 0.587601
90 26 0.550589
90 2 0.611522
90 12 0.617904
90 25 0.654964
90 9 0.705473
90 0 0.771071
90 32 0.778935
90 29 0.793752
90 3 0.848931
90 11 0.843028
90 38 0.835136
90 14 0.920219
90 34 0.891945
90 4 0.945170
90 27 0.912700
90 24 0.918981
90 23 0.930107
90 13 0.962861
90 33 0.935466
90 30 0.947811
90 1 1.004448
90 20 0.987464
90 41 0.960631
90 16 1.008446
90 17 1.035855
90 18 1.044884
90 37 1.018226
90 15 1.066522
90 35 1.060405
90 22 1.094441
90 31 1.102382
90 40 1.093874
90 42 1.093359
90 21 1.149133
90 36 1.119598
90 5 1.189608
90 19 1.220044
90 39 1.190246
91 26 0.443139
91 10 0.483525
91 27 0.525386
91 38 0.530388
91 9 0.572242
91 30 0.604904
91 12 0.632559
91 1 0.652822
91 25 0.622638
91 8 0.699189
91 28 0.726393
91 32 0.731909
91 14 0.791275
91 29 0.808215
91 0 0.845903
91 11 0.836631
91 22 0.881596
91 33 0.971503
91 17 1.004054
91 24 0.997145
91 13 1.036609
91 15 1.037984
91 20 1.067126
91 40 1.055749
91 5 1.119750
91 23 1.120687
91 7 1.150551
91 4 1.153397
91 34 1.116474
91 19 1.141773
91 2 1.163645
91 16 1.159173
91 42 1.143129
91 18 1.180963
91 21 1.177050
91 3 1.226633
91 35 1.210883
91 6 1.256352
91 41 1.209885
91 37 1.222290
91 31 1.264563
91 39 1.274224
91 36 1.285969
92 9 0.380786
92 25 0.399239
92 11 0.439780
92 8 0.458395
92 12 0.489405
92 19 0.533087
92 13 0.539910
92 30 0.523244
92 28 0.534943
92 14 0.567826
92 38 0.704815
92 3 0.741016
92 29 0.717845
92 10 0.737348
92 26 0.731154
92 27 0.741255
92 2 0.904411
92 15 0.915034
92 1 0.949346
92 6 0.988856
92 18 0.988378
92 22 0.997204
92 23 1.005590
92 37 0.989106
92 4 1.033316
92 5 1.056183
92 35 1.038549
92 34 1.048675
92 41 1.049134
92 7 1.108732
92 40 1.082422
92 16 1.111534
92 39 1.093552
92 36 1.115818
92 20 1.136292
92 33 1.121797
92 0 1.161908
92 42 1.129148
92 24 1.160961
92 17 1.168903
92 32 1.171268
92 21 1.229574
92 31 1.228372
93 10 0.493661
93 8 0.562463
93 24 0.638425
93 28 0.667748
93 17 0.689692
93 7 0.726763
93 27 0.741540
93 11 0.778191
93 19 0.813382
93 26 0.829555
93 9 0.893441
93 13 0.890754
93 0 0.930275
93 3 0.961929
93 4 0.962758
93 25 0.956255
93 39 0.936885
93 12 1.036980
93 29 1.021366
93 2 1.057260
93 5 1.092369
93 6 1.098904
93 1 1.131412
93 38 1.102514
93 37 1.142550
93 18 1.295108
93 35 1.355175
93 41 1.358493
93 42 1.375447
93 15 1.431221
93 22 1.450155
93 40 1.427019
93 34 1.491434
93 32 1.507155
93 14 1.527117
93 30 1.511561
93 36 1.502632
93 31 1.520010
93 21 1.571517
93 33 1.582226
93 16 1.620186
93 20 1.634060
93 23 1.653881
94 9 0.423966
94 13 0.463317
94 11 0.465432
94 27 0.466564
94 39 0.450098
94 8 0.560159
94 29 0.636734
94 31 0.680367
94 28 0.698721
94 12 0.743975
94 32 0.767955
94 19 0.785010
94 33 0.768796
94 1 0.801493
94 26 0.779918
94 5 0.810305
94 10 0.921237
94 21 0.922439
94 14 0.939295
94 30 0.933807
94 23 0.974875
94 3 1.002635
94 17 1.000285
94 7 1.019731
94 36 1.004135
94 25 1.030012
94 35 1.016535
94 0 1.072332
94 2 1.086363
94 15 1.092168
94 37 1.083508
94 20 1.120779
94 40 1.100966
94 34 1.122365
94 41 1.133431
94 22 1.213476
94 24 1.235012
94 16 1.255296
94 6 1.274829
94 4 1.284873
94 38 1.260617
94 42 1.281102
94 18 1.329369
95 10 0.414627
95 30 0.462546
95 29 0.532867
95 8 0.646088
95 27 0.658063
95 28 0.696634
95 12 0.747176
95 14 0.753710
95 9 0.823328
95 32 0.799983
95 6 0.826976
95 0 0.831659
95 13 0.822670
95 4 0.847453
95 31 0.851586
95 21 0.877305
95 23 0.893901
95 38 0.895398
95 11 0.950479
95 25 0.981680
95 37 0.968812
95 16 0.997487
95 33 0.977274
95 15 1.050139
95 5 1.057857
95 42 1.021767
95 35 1.061839
95 34 1.069581
95 2 1.112453
95 19 1.126690
95 3 1.145947
95 39 1.119182
95 36 1.131165
95 20 1.154569
95 26 1.170067
95 17 1.187437
95 24 1.186260
95 1 1.214624
95 18 1.259237
95 7 1.281631
95 40 1.274455
95 22 1.305380
95 41 1.298338
96 10 0.472636
96 23 0.469479
96 27 0.499420
96 8 0.546073
96 13 0.550954
96 14 0.561133
96 37 0.538572
96 25 0.576988
96 35 0.573972
96 11 0.602498
96 9 0.644437
96 26 0.627008
96 12 0.645193
96 28 0.638532
96 24 0.698384
96 42 0.689231
96 40 0.692376
96 5 0.739089
96 7 0.767174
96 0 0.775686
96 30 0.770584
96 19 0.868497
96 32 0.854075
96 29 0.857167
96 3 0.881976
96 41 0.847299
96 15 0.873995
96 1 0.892447
96 31 0.867395
96 38 0.869922
96 17 0.893349
96 33 0.906904
96 21 0.930090
96 2 0.972299
96 16 0.966816
96 36 0.953236
96 34 0.958957
96 20 0.974927
96 6 1.010096
96 39 0.992578
96 18 1.020477
96 4 1.037444
96 22 1.023005
97 26 0.350594
97 8 0.461728
97 5 0.630580
97 4 0.641857
97 2 0.643920
97 0 0.691299
97 16 0.702013
97 25 0.692461
97 18 0.701427
97 35 0.703110
97 29 0.747884
97 38 0.770517
97 30 0.804111
97 3 0.848853
97 12 0.844917
97 28 0.870794
97 9 0.928919
97 10 0.939685
97 15 0.967130
97 13 0.989172
97 1 1.003419
97 11 0.997906
97 27 0.986973
97 40 1.016494
97 7 1.070268
97 36 1.066555
97 41 1.066909
97 31 1.100194
97 32 1.105125
97 20 1.124126
97 21 1.144002
97 19 1.163774
97 39 1.146028
97 24 1.177295
97 33 1.181269
97 14 1.225859
97 17 1.231030
97 37 1.203535
97 34 1.217476
97 22 1.257437
97 23 1.265130
97 6 1.293250
97 42 1.286994
98 9 0.554562
98 12 0.579462
98 27 0.555079
98 13 0.691876
98 31 0.827779
98 3 0.901516
98 14 0.894423
98 1 0.930704
98 8 0.952570
98 29 0.917793
98 11 1.016236
98 30 1.061334
98 5 1.100360
98 40 1.247136
98 21 1.345635
98 28 1.362721
98 0 1.403811
98 37 1.352520
98 10 1.397012
98 6 1.426367
98 2 1.444919
98 32 1.445106
98 33 1.459437
98 17 1.495841
98 38 1.464863
98 23 1.531249
98 25 1.540950
98 42 1.554399
98 26 1.613244
98 34 1.688491
98 19 1.722747
98 36 1.686721
98 24 1.714826
98 7 1.773517
98 35 1.731420
98 22 1.759490
98 41 1.743215
98 39 1.747543
98 16 1.812077
98 15 1.835427
98 4 1.870040
98 18 1.877812
98 20 1.945524
99 6 0.534083
99 24 0.534286
99 25 0.542923
99 11 0.592102
99 9 0.768096
99 12 0.771273
99 10 0.782174
99 7 0.842964
99 28 0.825926
99 27 0.831211
99 29 0.824228
99 26 0.972720
99 1 1.013513
99 23 1.033687
99 8 1.071217
99 20 1.113555
99 17 1.136509
99 0 1.163552
99 2 1.188639
99 15 1.181165
99 21 1.188544
99 13 1.231952
99 38 0.642867
99 31 1.005360
99 3 1.358935
99 33 0.917073
99 4 1.405638
99 14 1.406456
99 19 1.429685
99 30 1.291885
99 22 1.450461
99 18 1.492052
99 41 0.883669
99 35 0.993180
99 40 0.932266
99 16 1.535778
99 5 1.556046
99 37 1.002283
99 36 1.030542
99 42 0.946150
99 34 1.078477
99 39 1.101657
99 32 1.295878
100 12 0.374314
100 7 0.458028
100 25 0.441650
100 27 0.439981
100 13 0.515585
100 9 0.560682
100 29 0.510510
100 3 0.605809
100 8 0.622582
100 1 0.704406
100 28 0.659750
100 11 0.723941
100 24 0.712632
100 38 0.711241
100 5 0.806927
100 0 0.861512
100 10 0.868567
100 21 0.859131
100 33 0.840846
100 26 0.911542
100 19 0.998651
100 17 1.009054
100 2 1.090041
100 23 1.061725
100 35 1.042611
100 15 1.127324
100 42 1.049049
100 36 1.078468
100 31 1.119235
100 40 1.102127
100 39 1.115540
100 14 1.214828
100 41 1.142097
100 22 1.242222
100 16 1.274840
100 37 1.227198
100 34 1.238165
100 20 1.290116
100 6 1.326476
100 4 1.332299
100 32 1.261447
100 18 1.348783
100 30 1.367366
101 23 0.417606
101 0 0.555376
101 2 0.595634
101 24 0.626445
101 11 0.690627
101 1 0.697828
101 17 0.687908
101 36 0.667425
101 12 0.737661
101 28 0.750112
101 25 0.796455
101 8 0.842447
101 3 0.846745
101 26 0.838618
101 14 0.872216
101 10 0.877390
101 7 0.893771
101 16 0.888728
101 4 0.911244
101 13 0.907036
101 27 0.891397
101 9 0.911982
101 6 0.915076
101 35 0.887608
101 40 0.894095
101 37 0.921333
101 29 1.031159
101 38 1.024095
101 34 1.055836
101 41 1.062364
101 33 1.071026
101 30 1.092529
101 32 1.092079
101 42 1.092245
101 20 1.119441
101 22 1.117373
101 31 1.118055
101 39 1.112125
101 18 1.145553
101 15 1.238959
101 21 1.245301
101 5 1.278600
101 19 1.290599
102 14 0.430900
102 11 0.503308
102 24 0.495218
102 36 0.493742
102 28 0.583880
102 3 0.634932
102 1 0.653955
102 8 0.666709
102 12 0.678882
102 9 0.713962
102 2 0.731321
102 15 0.743600
102 32 0.712681
102 5 0.754507
102 13 0.759647
102 10 0.784740
102 27 0.768826
102 0 0.864867
102 26 0.846871
102 41 0.835376
102 25 0.866435
102 29 0.882011
102 39 0.922963
102 7 0.981959
102 16 0.985285
102 31 0.964881
102 34 0.977306
102 18 1.006692
102 4 1.034955
102 35 1.002306
102 20 1.041686
102 21 1.045517
102 23 1.100621
102 38 1.089950
102 17 1.150881
102 37 1.126466
102 33 1.145681
102 30 1.169188
102 19 1.191325
102 22 1.186543
102 42 1.177156
102 6 1.241189
102 40 1.291525
103 12 0.451167
103 26 0.538536
103 29 0.580974
103 11 0.627251
103 10 0.696085
103 25 0.680091
103 9 0.728534
103 3 0.752017
103 14 0.796247
103 0 0.828403
103 28 0.799605
103 27 0.825943
103 8 0.849212
103 19 0.864095
103 41 0.862477
103 17 0.892884
103 39 0.909333
103 36 0.928302
103 13 0.972176
103 2 0.982730
103 33 1.013883
103 16 1.057940
103 30 1.060948
103 18 1.089430
103 40 1.074508
103 32 1.095927
103 31 1.098381
103 5 1.177090
103 4 1.195179
103 37 1.168169
103 22 1.189320
103 6 1.216176
103 38 1.199480
103 20 1.242174
103 7 1.265567
103 21 1.252589
103 24 1.273188
103 34 1.261969
103 23 1.277024
103 15 1.299982
103 1 1.323093
103 35 1.287096
103 42 1.375793
104 13 0.416648
104 11 0.450382
104 9 0.477485
104 12 0.505485
104 23 0.513831
104 27 0.543789
104 25 0.547683
104 37 0.539585
104 24 0.587809
104 0 0.615628
104 7 0.631977
104 26 0.625151
104 10 0.656307
104 3 0.681923
104 8 0.687688
104 1 0.700744
104 28 0.746493
104 31 0.788418
104 15 0.809300
104 17 0.827736
104 33 0.831774
104 38 0.847097
104 35 0.865333
104 22 0.897743
104 5 0.919233
104 36 0.885095
104 42 0.885442
104 41 0.888727
104 14 0.932480
104 2 1.056704
104 40 1.015741
104 29 1.028659
104 19 1.042608
104 18 1.043808
104 32 1.026969
104 39 1.022553
104 6 1.061871
104 4 1.070738
104 20 1.061317
104 16 1.071963
104 34 1.075214
104 30 1.086662
104 21 1.129627
105 7 0.507745
105 12 0.583895
105 22 0.608557
105 24 0.636963
105 0 0.768082
105 1 0.770479
105 37 0.738202
105 2 0.833201
105 4 0.860743
105 9 0.856979
105 10 0.893915
105 25 0.863410
105 23 0.868013
105 8 0.899311
105 11 0.936710
105 13 0.942586
105 38 0.900101
105 26 0.989233
105 27 1.011548
105 36 1.109068
105 5 1.188236
105 3 1.222032
105 19 1.219100
105 6 1.248020
105 14 1.248131
105 29 1.300167
105 34 1.306247
105 30 1.346457
105 28 1.384376
105 16 1.493436
105 33 1.484174
105 15 1.544256
105 32 1.510006
105 39 1.521394
105 40 1.535652
105 20 1.608265
105 31 1.584434
105 42 1.559293
105 41 1.582714
105 21 1.639833
105 18 1.654667
105 35 1.642888
105 17 1.771332
106 8 0.429598
106 27 0.601792
106 36 0.593442
106 12 0.619693
106 25 0.609882
106 11 0.621824
106 28 0.624241
106 24 0.633162
106 9 0.648863
106 10 0.678625
106 14 0.696230
106 2 0.784162
106 26 0.766253
106 13 0.821211
106 4 0.884142
106 0 0.894413
106 29 0.939475
106 34 0.935991
106 18 0.962538
106 22 1.049287
106 16 1.061810
106 20 1.061373
106 3 1.102381
106 21 1.102164
106 37 1.090809
106 15 1.162565
106 6 1.182862
106 30 1.176235
106 42 1.163851
106 5 1.216408
106 31 1.203452
106 33 1.208816
106 1 1.238336
106 17 1.243334
106 40 1.224741
106 38 1.229229
106 41 1.260211
106 19 1.298196
106 7 1.306708
106 35 1.294346
106 39 1.332792
106 23 1.388583
106 32 1.383291
107 9 0.552045
107 11 0.581616
107 21 0.592774
107 7 0.603416
107 25 0.635091
107 23 0.638089
107 13 0.662722
107 10 0.665602
107 3 0.670672
107 1 0.708593
107 24 0.718851
107 36 0.924313
107 0 1.057658
107 12 1.080162
107 26 1.092580
107 5 1.111431
107 22 1.101229
107 35 1.110407
107 32 1.137897
107 8 1.199217
107 31 1.221572
107 18 1.250524
107 41 1.256492
107 28 1.284400
107 19 1.307148
107 14 1.323558
107 34 1.315401
107 38 1.323621
107 29 1.347816
107 30 1.373220
107 2 1.409689
107 15 1.434639
107 39 1.419117
107 17 1.454914
107 20 1.491857
107 4 1.516390
107 33 1.489767
107 6 1.535963
107 37 1.506230
107 40 1.511602
107 42 1.602280
107 27 1.621054
107 16 1.635162
108 10 0.449794
108 8 0.507063
108 37 0.714868
108 26 0.745558
108 12 0.765887
108 22 0.798492
108 24 0.813528
108 2 0.931013
108 23 0.913832
108 4 1.069860
108 0 1.105952
108 3 1.113367
108 5 1.112487
108 27 1.141711
108 13 1.195125
108 25 1.184465
108 9 1.296293
108 11 1.295660
108 1 1.343242
108 38 1.327597
108 14 1.371803
108 15 1.426292
108 16 1.432595
108 29 1.470150
108 33 1.489926
108 19 1.517657
108 20 1.526159
108 34 1.532949
108 35 1.551623
108 30 1.599060
108 28 1.614909
108 36 1.646217
108 31 1.662048
108 21 1.694652
108 6 1.714477
108 41 1.683949
108 40 1.705200
108 39 1.728679
108 32 1.757773
108 7 1.795016
108 42 1.766234
108 17 1.821155
108 18 1.905128
109 12 0.439314
109 26 0.508070
109 10 0.537813
109 24 0.577189
109 28 0.600510
109 8 0.751757
109 11 0.830009
109 29 0.851499
109 0 0.907422
109 2 0.922243
109 27 0.916969
109 13 1.004660
109 22 1.011252
109 38 0.999821
109 37 1.000972
109 9 1.028936
109 4 1.041128
109 32 1.016556
109 14 1.037983
109 35 1.027633
109 34 1.029782
109 20 1.069918
109 19 1.089871
109 6 1.104813
109 25 1.091824
109 5 1.121120
109 30 1.104650
109 15 1.128936
109 40 1.114383
109 18 1.148474
109 42 1.153259
109 36 1.177974
109 23 1.205684
109 33 1.208497
109 7 1.271151
109 31 1.254003
109 1 1.304449
109 17 1.294030
109 21 1.290589
109 41 1.305403
109 39 1.313310
109 16 1.340763
109 3 1.355325
110 27 0.591602
110 10 0.633202
110 38 0.662455
110 12 0.799144
110 9 0.840022
110 24 0.865667
110 11 0.923721
110 8 0.938180
110 25 0.942621
110 14 0.973240
110 13 0.974629
110 40 0.950015
110 26 0.962217
110 5 1.007245
110 15 1.001239
110 23 1.008086
110 28 1.024151
110 36 1.027503
110 3 1.177377
110 16 1.170053
110 31 1.154465
110 1 1.192248
110 35 1.211518
110 20 1.239583
110 7 1.250218
110 17 1.275334
110 6 1.299157
110 0 1.311819
110 42 1.283982
110 19 1.323172
110 34 1.344675
110 18 1.362932
110 2 1.373821
110 32 1.372804
110 39 1.392296
110 30 1.416800
110 41 1.433000
110 33 1.450380
110 37 1.448414
110 4 1.478031
110 29 1.509599
110 22 1.609830
110 21 1.620703
111 37 0.464468
111 12 0.489557
111 28 0.574811
111 27 0.603798
111 30 0.616938
111 8 0.706472
111 4 0.709817
111 10 0.734895
111 26 0.719595
111 18 0.749160
111 0 0.777263
111 16 0.767487
111 29 0.793771
111 20 0.842023
111 13 0.846924
111 2 0.854517
111 1 0.856000
111 7 0.854685
111 36 0.837737
111 25 0.877719
111 3 0.892816
111 22 0.903742
111 31 0.899017
111 11 0.921254
111 5 0.965311
111 9 0.982331
111 33 0.967181
111 14 0.995991
111 23 1.007342
111 21 1.022073
111 6 1.037677
111 38 1.066974
111 41 1.070069
111 42 1.078106
111 15 1.106879
111 17 1.139428
111 40 1.119734
111 24 1.141871
111 39 1.132354
111 34 1.138211
111 19 1.180003
111 32 1.194677
111 35 1.199505
112 26 0.655692
112 9 0.756816
112 25 0.750202
112 0 0.928447
112 12 0.941548
112 10 0.962118
112 1 1.041715
112 8 1.038572
112 11 1.037371
112 27 1.016313
112 30 1.018764
112 13 1.083494
112 16 1.100805
112 28 1.081151
112 5 1.238183
112 36 1.213585
112 29 1.265071
112 3 1.380040
112 37 1.421712
112 14 1.459283
112 35 1.460213
112 40 1.504117
112 33 1.564863
112 17 1.594805
112 4 1.709158
112 15 1.702750
112 6 1.709017
112 20 1.700358
112 39 1.705286
112 23 1.759421
112 38 1.763890
112 22 1.817036
112 34 1.807951
112 32 1.825144
112 18 1.873331
112 19 1.886894
112 2 1.911086
112 42 1.861071
112 31 1.878036
112 24 1.913071
112 21 1.939840
112 41 1.931242
112 7 2.012992
113 12 0.494698
113 14 0.519639
113 8 0.524532
113 22 0.549006
113 37 0.770356
113 25 0.782438
113 24 0.783714
113 23 0.841169
113 10 0.857356
113 26 0.839963
113 13 0.885497
113 9 0.931467
113 11 0.962964
113 2 1.048114
113 34 1.135230
113 27 1.172367
113 1 1.221157
113 4 1.240339
113 0 1.266482
113 3 1.301723
113 42 1.278236
113 16 1.313263
113 20 1.320926
113 36 1.322298
113 7 1.357073
113 41 1.329403
113 35 1.345155
113 6 1.378614
113 40 1.354367
113 21 1.372704
113 32 1.370299
113 28 1.409598
113 18 1.423229
113 38 1.405509
113 5 1.460220
113 39 1.434926
113 33 1.447145
113 17 1.466491
113 15 1.473906
113 30 1.457404
113 29 1.464248
113 31 1.539017
113 19 1.574894
114 10 0.464463
114 12 0.652722
114 9 0.666556
114 28 0.663252
114 0 0.712868
114 13 0.790871
114 37 0.787141
114 25 0.816791
114 8 0.867596
114 26 0.838309
114 7 0.887774
114 1 0.903516
114 23 0.888835
114 24 0.935304
114 27 0.958394
114 11 0.996791
114 2 1.007131
114 33 1.107628
114 3 1.160577
114 5 1.173571
114 17 1.221151
114 15 1.250001
114 38 1.258099
114 29 1.274059
114 14 1.335516
114 35 1.306035
114 34 1.312010
114 30 1.328223
114 4 1.399948
114 36 1.431490
114 21 1.494481
114 40 1.480956
114 31 1.490391
114 16 1.529713
114 32 1.504794
114 39 1.507567
114 19 1.529202
114 6 1.568546
114 18 1.561367
114 42 1.539174
114 22 1.586280
114 20 1.602154
114 41 1.624235
115 7 0.462376
115 10 0.461224
115 27 0.447587
115 11 0.498705
115 29 0.506526
115 25 0.589797
115 9 0.630313
115 38 0.614914
115 12 0.685944
115 8 0.744993
115 24 0.770596
115 21 0.818861
115 28 0.812795
115 15 0.825989
115 0 0.851939
115 13 0.848445
115 16 0.846837
115 19 0.860387
115 26 0.881601
115 23 0.901138
115 4 0.916985
115 17 0.924208
115 35 0.910270
115 6 0.934154
115 2 0.964599
115 41 0.941777
115 36 0.976762
115 32 0.982043
115 3 1.005741
115 1 1.024695
115 14 1.028468
115 37 1.019473
115 40 1.028916
115 30 1.156976
115 34 1.155599
115 22 1.168577
115 5 1.180782
115 33 1.159241
115 39 1.151649
115 20 1.172231
115 31 1.162797
115 42 1.157566
115 18 1.250377
116 28 0.535602
116 12 0.603359
116 8 0.607397
116 24 0.611340
116 27 0.609196
116 29 0.660569
116 14 0.693119
116 26 0.697683
116 10 0.727916
116 13 0.767233
116 0 0.829377
116 4 0.881403
116 37 0.976225
116 25 0.995180
116 32 0.983985
116 9 1.009787
116 11 1.126731
116 40 1.123831
116 6 1.162668
116 1 1.204689
116 39 1.164336
116 2 1.230783
116 5 1.228607
116 22 1.229362
116 35 1.235613
116 33 1.294108
116 36 1.291578
116 30 1.299691
116 3 1.339559
116 21 1.387647
116 18 1.403723
116 16 1.415652
116 41 1.384178
116 34 1.395780
116 23 1.422218
116 20 1.426839
116 19 1.429029
116 7 1.484664
116 15 1.491127
116 42 1.469292
116 31 1.495074
116 17 1.617466
116 38 1.603529
117 27 0.641383
117 39 0.677049
117 12 0.735261
117 25 0.785795
117 28 0.864906
117 30 0.975990
117 26 1.021583
117 3 1.137337
117 8 1.200963
117 16 1.254335
117 4 1.382355
117 10 1.378517
117 37 1.349385
117 29 1.427973
117 14 1.444450
117 1 1.454700
117 2 1.456652
117 11 1.537561
117 35 1.599494
117 13 1.625292
117 42 1.611723
117 9 1.763587
117 33 1.740283
117 0 1.810294
117 18 1.857641
117 15 1.892991
117 31 1.876789
117 19 1.926788
117 6 1.936888
117 17 1.930598
117 34 1.909661
117 24 1.946688
117 22 1.950446
117 20 1.953725
117 32 1.979412
117 21 1.994347
117 40 1.969358
117 38 1.991546
117 36 1.994603
117 23 2.074764
117 5 2.243666
117 41 2.270413
117 7 2.308378
118 8 0.485614
118 11 0.500572
118 25 0.507841
118 12 0.522641
118 10 0.569459
118 26 0.548781
118 30 0.568040
118 37 0.642451
118 28 0.717180
118 29 0.718088
118 14 0.739553
118 9 0.953264
118 13 0.951001
118 27 0.960684
118 2 1.480603
118 35 1.459732
118 0 1.498355
118 7 1.505679
118 23 1.595557
118 38 1.574193
118 6 1.611295
118 40 1.571132
118 32 1.582885
118 31 1.584882
118 36 1.579384
118 4 1.626973
118 1 1.629461
118 22 1.624110
118 41 1.611411
118 34 1.633999
118 17 1.658260
118 18 1.657809
118 3 1.682262
118 5 1.691413
118 15 1.686088
118 16 1.707213
118 19 1.739687
118 21 1.738301
118 20 1.753517
118 42 1.734018
118 39 1.762941
118 33 1.783131
118 24 1.807980
119 7 0.556369
119 28 0.640698
119 26 0.731143
119 27 0.758370
119 11 0.773700
119 37 0.770379
119 9 0.848437
119 29 0.889191
119 13 0.930413
119 1 1.096082
119 25 1.149370
119 8 1.178767
119 6 1.222007
119 17 1.214787
119 12 1.235507
119 14 1.299682
119 42 1.303667
119 39 1.344989
119 10 1.380797
119 33 1.369037
119 35 1.402106
119 40 1.402918
119 24 1.444264
119 5 1.482597
119 2 1.495817
119 31 1.479417
119 15 1.503187
119 0 1.530621
119 16 1.540558
119 3 1.550153
119 36 1.575884
119 23 1.609403
119 20 1.633594
119 32 1.628311
119 34 1.673861
119 22 1.694431
119 18 1.707024
119 21 1.709980
119 30 1.723032
119 38 1.718648
119 4 1.757891
119 19 1.757035
119 41 1.751879
120 7 0.598878
120 25 0.675934
120 10 0.688597
120 6 0.692372
120 9 0.691226
120 5 0.742274
120 11 0.880220
120 26 0.918652
120 28 0.992103
120 29 1.014878
120 0 1.186056
120 8 1.352458
120 37 1.313572
120 12 1.350995
120 2 1.359127
120 1 1.360264
120 3 1.359373
120 24 1.343616
120 27 1.337306
120 35 1.341057
120 34 1.401629
120 36 1.416421
120 31 1.450520
120 15 1.517036
120 21 1.516631
120 4 1.549474
120 32 1.539702
120 14 1.581190
120 13 1.582972
120 33 1.576029
120 22 1.614915
120 42 1.579185
120 38 1.608050
120 41 1.603867
120 16 1.758206
120 39 1.723068
120 18 1.758625
120 19 1.758487
120 23 1.754470
120 17 1.760996
120 20 1.759657
120 40 1.764487
120 30 1.781154
