21 5 0.140178
21 1 0.159361
21 7 0.147457
21 3 0.152810
21 2 0.166900
21 12 0.109213
21 6 0.167234
21 8 0.168040
21 0 0.187505
21 11 0.115993
21 4 0.191683
21 9 0.182003
21 18 0.092358
21 10 0.176830
21 19 0.092353
21 16 0.096384
21 20 0.077476
21 15 0.103795
21 13 0.125430
21 17 0.124565
21 29 0.093279
21 21 0.101552
21 23 0.103448
21 22 0.104106
21 14 0.164326
21 25 0.109725
21 27 0.110653
21 32 0.095478
21 26 0.113552
21 24 0.117290
21 30 0.111930
21 33 0.100028
21 31 0.102594
21 34 0.101251
21 28 0.124847
22 0 0.110152
22 1 0.112011
22 8 0.120983
22 2 0.145632
22 3 0.146261
22 4 0.145230
22 7 0.172279
22 14 0.168525
22 5 0.200153
22 16 0.186036
22 28 0.172392
22 10 0.203129
22 12 0.198285
22 6 0.209244
22 26 0.179874
22 11 0.209005
22 25 0.183977
22 22 0.188077
22 18 0.197617
22 13 0.204991
22 30 0.182024
22 29 0.183017
22 20 0.200429
22 15 0.207095
22 24 0.193368
22 17 0.205516
22 23 0.198327
22 34 0.177799
22 27 0.197179
22 9 0.228547
22 19 0.212834
22 33 0.184929
22 21 0.211118
22 32 0.190162
22 31 0.196542
23 4 0.174380
23 3 0.178954
23 15 0.186298
23 20 0.184777
23 5 0.208305
23 0 0.213688
23 34 0.201297
23 8 0.228086
23 6 0.229853
23 7 0.229393
23 19 0.220527
23 17 0.222384
23 22 0.216843
23 27 0.213198
23 9 0.230755
23 16 0.225850
23 32 0.208508
23 29 0.212519
23 11 0.230635
23 12 0.231197
23 10 0.233203
23 23 0.224266
23 18 0.232150
23 21 0.236907
23 13 0.245181
23 14 0.250396
23 26 0.240260
23 24 0.242684
23 1 0.265215
23 28 0.242237
23 2 0.268036
23 31 0.244918
23 33 0.243154
23 30 0.248848
23 25 0.258402
24 0 0.131042
24 1 0.135271
24 8 0.147336
24 3 0.153908
24 5 0.156051
24 9 0.168948
24 2 0.176952
24 4 0.176340
24 30 0.155728
24 20 0.166559
24 12 0.180999
24 28 0.166642
24 17 0.178636
24 23 0.173976
24 14 0.184205
24 13 0.185142
24 10 0.187605
24 25 0.174811
24 22 0.178033
24 24 0.176532
24 27 0.176006
24 32 0.169922
24 21 0.182298
24 6 0.196807
24 18 0.188173
24 11 0.195209
24 34 0.173343
24 15 0.193428
24 19 0.189758
24 31 0.178862
24 16 0.195252
24 7 0.202663
24 29 0.186587
24 33 0.183671
24 26 0.195426
25 0 0.113840
25 4 0.125423
25 1 0.168422
25 5 0.168016
25 6 0.172924
25 7 0.174862
25 20 0.166095
25 11 0.174467
25 18 0.169775
25 16 0.173571
25 8 0.179567
25 13 0.177515
25 9 0.182114
25 19 0.175769
25 28 0.171908
25 14 0.185304
25 24 0.177860
25 10 0.191873
25 31 0.173312
25 2 0.199045
25 12 0.192190
25 15 0.190618
25 17 0.190010
25 29 0.178121
25 27 0.183132
25 23 0.187853
25 3 0.204975
25 22 0.191272
25 21 0.193401
25 26 0.190118
25 33 0.182675
25 25 0.193518
25 32 0.186425
25 34 0.189846
25 30 0.194355
26 0 0.109763
26 5 0.106589
26 3 0.129503
26 6 0.135013
26 1 0.147610
26 2 0.164909
26 15 0.165313
26 13 0.169909
26 22 0.163066
26 28 0.156389
26 10 0.173346
26 4 0.178099
26 16 0.169890
26 18 0.169150
26 32 0.155645
26 30 0.157854
26 25 0.163022
26 8 0.179000
26 31 0.158959
26 7 0.181110
26 26 0.165018
26 9 0.180768
26 14 0.181167
26 24 0.173182
26 11 0.184887
26 23 0.176102
26 21 0.179888
26 17 0.185720
26 34 0.169435
26 19 0.188703
26 12 0.194362
26 33 0.174641
26 20 0.188881
26 27 0.181021
26 29 0.179982
27 6 0.122297
27 0 0.149863
27 11 0.174665
27 4 0.180639
27 9 0.180018
27 15 0.181119
27 19 0.187727
27 10 0.196565
27 24 0.186318
27 20 0.194034
27 23 0.191199
27 25 0.189829
27 27 0.189841
27 28 0.189189
27 3 0.211537
27 26 0.193170
27 1 0.215895
27 17 0.204373
27 32 0.192197
27 22 0.204245
27 34 0.191959
27 13 0.212153
27 12 0.214884
27 7 0.218883
27 5 0.220949
27 8 0.222868
27 29 0.206014
27 14 0.220511
27 16 0.219217
27 31 0.206247
27 21 0.216657
27 18 0.221471
27 33 0.206960
27 30 0.215351
27 2 0.241436
28 0 0.130376
28 5 0.152907
28 1 0.168790
28 6 0.185199
28 4 0.188190
28 2 0.196501
28 3 0.196844
28 12 0.212447
28 9 0.219205
28 15 0.217696
28 27 0.205145
28 13 0.221008
28 33 0.199855
28 26 0.208227
28 17 0.219150
28 11 0.224292
28 22 0.215397
28 20 0.219567
28 29 0.209517
28 21 0.218443
28 16 0.225796
28 8 0.232561
28 19 0.223305
28 10 0.232351
28 18 0.227058
28 25 0.219621
28 34 0.211141
28 7 0.238972
28 14 0.233431
28 28 0.220743
28 23 0.226828
28 24 0.226536
28 30 0.219958
28 32 0.220859
28 31 0.222294
29 0 0.151485
29 1 0.164193
29 4 0.176866
29 2 0.196273
29 11 0.192091
29 22 0.190272
29 10 0.209616
29 19 0.204158
29 13 0.210907
29 8 0.214899
29 26 0.198701
29 20 0.205422
29 30 0.198381
29 23 0.205959
29 9 0.219560
29 12 0.218675
29 7 0.226657
29 17 0.221136
29 28 0.211776
29 29 0.211837
29 21 0.221404
29 24 0.219693
29 15 0.239081
29 33 0.219711
29 25 0.229187
29 18 0.237530
29 16 0.240712
29 6 0.249117
29 31 0.225910
29 5 0.252287
29 27 0.231588
29 14 0.246478
29 34 0.229379
29 3 0.262135
29 32 0.240523
30 0 0.147064
30 3 0.171123
30 2 0.172032
30 4 0.189758
30 6 0.196540
30 1 0.204320
30 5 0.207531
30 10 0.210712
30 12 0.212770
30 23 0.198017
30 29 0.191282
30 14 0.212243
30 22 0.203633
30 8 0.221103
30 11 0.220041
30 20 0.207592
30 9 0.222965
30 19 0.212610
30 15 0.219885
30 24 0.208535
30 21 0.212545
30 18 0.219163
30 27 0.208736
30 28 0.209344
30 17 0.224367
30 7 0.235362
30 34 0.204243
30 32 0.206140
30 13 0.231381
30 16 0.228448
30 25 0.217405
30 26 0.218929
30 31 0.213731
30 30 0.215485
30 33 0.216010
31 4 0.160655
31 1 0.172165
31 0 0.173260
31 13 0.167643
31 3 0.180377
31 30 0.160592
31 25 0.169336
31 14 0.180897
31 15 0.180324
31 23 0.177513
31 26 0.175997
31 24 0.180602
31 11 0.193894
31 5 0.201835
31 31 0.179581
31 12 0.199116
31 34 0.176631
31 29 0.182810
31 17 0.196914
31 27 0.188178
31 19 0.198044
31 10 0.205887
31 6 0.208921
31 9 0.207814
31 21 0.197616
31 8 0.210016
31 33 0.185972
31 18 0.204499
31 16 0.206644
31 22 0.201418
31 7 0.214509
31 20 0.204211
31 32 0.191451
31 2 0.226569
31 28 0.207593
32 1 0.161378
32 9 0.131996
32 0 0.168040
32 5 0.172906
32 11 0.153403
32 7 0.178799
32 6 0.193114
32 4 0.206139
32 10 0.197754
32 8 0.200627
32 3 0.232364
32 12 0.193867
32 2 0.244035
32 13 0.195039
32 14 0.187679
32 19 0.151170
32 15 0.225059
32 20 0.144956
32 23 0.132038
32 16 0.233787
32 22 0.140159
32 21 0.142367
32 17 0.236305
32 30 0.134075
32 18 0.191800
32 25 0.169584
32 26 0.163873
32 29 0.165020
32 24 0.179092
32 31 0.162613
32 27 0.168930
32 33 0.162294
32 32 0.169824
32 34 0.150698
32 28 0.184846
33 2 0.174593
33 31 0.190917
33 13 0.211256
33 25 0.198743
33 23 0.201094
33 9 0.215763
33 0 0.223881
33 21 0.216814
33 11 0.217986
33 14 0.221114
33 3 0.224455
33 15 0.235338
33 17 0.237596
33 19 0.239917
33 20 0.238572
33 1 0.258906
33 22 0.239490
33 24 0.238538
33 5 0.259862
33 12 0.254707
33 29 0.241472
33 7 0.266605
33 8 0.276326
33 18 0.271299
33 27 0.260551
33 30 0.258930
33 28 0.262223
33 10 0.283353
33 33 0.260136
33 4 0.303677
33 16 0.302782
33 34 0.281786
33 32 0.284708
33 26 0.292766
33 6 0.315256
34 0 0.209215
34 11 0.201775
34 8 0.204606
34 30 0.184655
34 1 0.210606
34 14 0.200844
34 2 0.210439
34 9 0.207067
34 24 0.194563
34 10 0.208143
34 3 0.214251
34 6 0.212822
34 23 0.197969
34 12 0.208965
34 21 0.202003
34 4 0.216474
34 19 0.211246
34 26 0.204014
34 22 0.210320
34 5 0.224951
34 16 0.216862
34 20 0.213614
34 7 0.224821
34 18 0.217212
34 25 0.210077
34 13 0.221417
34 15 0.224595
34 29 0.211721
34 28 0.212966
34 27 0.215588
34 33 0.208766
34 31 0.213266
34 17 0.229312
34 32 0.215733
34 34 0.215631
35 0 0.201702
35 24 0.184219
35 22 0.186226
35 11 0.200479
35 12 0.200165
35 7 0.207946
35 10 0.206629
35 20 0.198762
35 4 0.212431
35 8 0.214706
35 25 0.200724
35 23 0.208732
35 30 0.201916
35 2 0.229724
35 21 0.214201
35 13 0.226468
35 17 0.223372
35 6 0.233619
35 3 0.239945
35 9 0.242105
35 5 0.246188
35 18 0.235530
35 29 0.226309
35 32 0.223798
35 34 0.228213
35 26 0.239831
35 28 0.238228
35 1 0.263717
35 15 0.255955
35 27 0.251460
35 33 0.246936
35 31 0.250211
35 14 0.268729
35 19 0.265221
35 16 0.269279
36 0 0.119796
36 1 0.170460
36 5 0.172923
36 11 0.176891
36 20 0.177715
36 21 0.177176
36 13 0.185263
36 10 0.189378
36 7 0.192480
36 3 0.196552
36 9 0.194164
36 16 0.190658
36 24 0.184015
36 15 0.192707
36 6 0.199869
36 4 0.201612
36 12 0.196278
36 8 0.200313
36 22 0.188484
36 2 0.208159
36 32 0.181972
36 25 0.191708
36 19 0.201691
36 27 0.195637
36 29 0.194991
36 33 0.190678
36 26 0.200673
36 14 0.212695
36 31 0.196012
36 34 0.192728
36 28 0.200538
36 23 0.205684
36 18 0.219130
36 17 0.223100
36 30 0.209706
37 30 0.208641
37 11 0.228837
37 9 0.235796
37 26 0.221210
37 27 0.229696
37 13 0.234656
37 21 0.231291
37 12 0.240850
37 1 0.249889
37 25 0.231686
37 14 0.233494
37 5 0.253224
37 0 0.257864
37 17 0.248758
37 2 0.262979
37 19 0.249144
37 23 0.246233
37 20 0.248636
37 3 0.275552
37 10 0.272092
37 28 0.256080
37 33 0.252722
37 7 0.281168
37 24 0.266938
37 22 0.279823
37 16 0.289734
37 8 0.297467
37 4 0.301860
37 29 0.278789
37 18 0.295979
37 6 0.316262
37 15 0.311206
37 32 0.300946
37 31 0.302587
37 34 0.309234
38 3 0.174105
38 10 0.208491
38 28 0.199347
38 12 0.218831
38 26 0.211061
38 11 0.228641
38 29 0.211978
38 32 0.211859
38 13 0.232199
38 1 0.241066
38 5 0.239174
38 0 0.244400
38 8 0.239151
38 9 0.240065
38 2 0.246189
38 24 0.231522
38 25 0.237091
38 27 0.235513
38 4 0.260493
38 16 0.258179
38 14 0.260251
38 7 0.265324
38 18 0.259980
38 34 0.245535
38 20 0.267910
38 21 0.267392
38 30 0.261540
38 15 0.279341
38 19 0.278138
38 31 0.268360
38 22 0.281355
38 17 0.289898
38 33 0.275507
38 23 0.288900
38 6 0.306223
39 0 0.178956
39 5 0.176225
39 13 0.189683
39 7 0.196476
39 9 0.195149
39 16 0.190837
39 25 0.185186
39 11 0.199520
39 21 0.191303
39 8 0.203703
39 30 0.183957
39 10 0.204795
39 12 0.213654
39 1 0.223016
39 3 0.223605
39 24 0.209643
39 20 0.214427
39 28 0.211240
39 17 0.223381
39 14 0.225922
39 23 0.217612
39 33 0.208272
39 22 0.222131
39 2 0.245032
39 27 0.225675
39 15 0.244213
39 29 0.231103
39 19 0.248741
39 31 0.238751
39 34 0.238143
39 6 0.265229
39 26 0.248414
39 32 0.245332
39 18 0.264774
39 4 0.290682
40 5 0.182134
40 2 0.190051
40 4 0.207614
40 0 0.210652
40 25 0.193901
40 6 0.210053
40 16 0.206943
40 14 0.209163
40 22 0.207491
40 9 0.219838
40 31 0.200737
40 3 0.225690
40 24 0.209251
40 1 0.230461
40 8 0.237930
40 21 0.227744
40 10 0.236861
40 12 0.236787
40 11 0.237623
40 26 0.227775
40 18 0.236933
40 17 0.239292
40 20 0.238483
40 27 0.231958
40 7 0.252539
40 30 0.234502
40 23 0.242852
40 33 0.234828
40 13 0.253909
40 29 0.243651
40 28 0.244734
40 32 0.243488
40 19 0.269134
40 34 0.255185
40 15 0.273302
41 12 0.197156
41 8 0.205028
41 10 0.204806
41 9 0.208946
41 7 0.215144
41 24 0.202378
41 11 0.214624
41 22 0.209629
41 0 0.227824
41 23 0.210058
41 27 0.206083
41 32 0.200998
41 25 0.216280
41 5 0.238548
41 2 0.241627
41 13 0.235967
41 4 0.244406
41 26 0.227000
41 6 0.246735
41 17 0.247357
41 30 0.234042
41 15 0.249698
41 1 0.260661
41 16 0.262715
41 31 0.250613
41 28 0.259330
41 18 0.270805
41 3 0.282369
41 14 0.276535
41 34 0.263291
41 20 0.279249
41 33 0.265892
41 21 0.279446
41 29 0.274921
41 19 0.288369
42 7 0.195522
42 9 0.212493
42 12 0.223330
42 11 0.224701
42 25 0.202918
42 15 0.220716
42 13 0.228828
42 5 0.240691
42 1 0.249136
42 21 0.230676
42 3 0.260388
42 2 0.262014
42 26 0.230422
42 8 0.257864
42 23 0.237645
42 31 0.234738
42 28 0.243282
42 27 0.245538
42 24 0.255705
42 34 0.244052
42 33 0.246025
42 10 0.282347
42 0 0.293194
42 22 0.265683
42 14 0.282774
42 19 0.272904
42 20 0.275036
42 17 0.284181
42 18 0.281129
42 29 0.267008
42 4 0.308063
42 32 0.271854
42 16 0.301552
42 30 0.283213
42 6 0.335904
43 24 0.207670
43 20 0.212092
43 22 0.210508
43 10 0.221601
43 8 0.225791
43 14 0.221189
43 11 0.225845
43 12 0.230751
43 23 0.224177
43 25 0.223583
43 2 0.244887
43 31 0.220024
43 0 0.256972
43 4 0.267439
43 21 0.254848
43 5 0.277018
43 13 0.271143
43 9 0.275970
43 32 0.255978
43 27 0.261380
43 29 0.274108
43 7 0.298088
43 18 0.288812
43 15 0.300732
43 26 0.292763
43 3 0.314381
43 28 0.293516
43 19 0.307945
43 34 0.293325
43 17 0.311665
43 16 0.318107
43 33 0.304286
43 6 0.332709
43 1 0.344254
43 30 0.320208
44 9 0.214283
44 11 0.217616
44 13 0.226783
44 14 0.232945
44 12 0.235466
44 20 0.227452
44 23 0.230913
44 19 0.240526
44 8 0.278752
44 22 0.265638
44 0 0.287307
44 3 0.291249
44 4 0.292336
44 1 0.305628
44 21 0.291925
44 10 0.309445
44 31 0.292030
44 2 0.327603
44 24 0.311356
44 28 0.315304
44 6 0.349242
44 5 0.351972
44 7 0.355435
44 17 0.346174
44 25 0.348044
44 15 0.370282
44 27 0.367054
44 18 0.380964
44 16 0.393032
44 26 0.387722
44 34 0.386534
44 30 0.396663
44 29 0.397846
44 32 0.399898
44 33 0.399402
45 8 0.276253
45 26 0.233159
45 24 0.284133
45 14 0.309498
45 12 0.315911
45 22 0.287674
45 31 0.277028
45 10 0.326564
45 4 0.334936
45 0 0.360833
45 6 0.377997
45 11 0.374405
45 2 0.383152
45 13 0.384958
45 9 0.404391
45 23 0.370001
45 25 0.373755
45 16 0.407684
45 7 0.437865
45 3 0.441045
45 18 0.414410
45 1 0.448422
45 33 0.396286
45 21 0.418501
45 20 0.426857
45 28 0.416387
45 34 0.425964
45 5 0.492158
45 29 0.456708
45 15 0.494746
45 30 0.495586
45 19 0.526670
45 17 0.541244
45 32 0.522780
45 27 0.529109
46 12 0.237642
46 14 0.241310
46 9 0.246555
46 11 0.245520
46 10 0.246491
46 31 0.228463
46 22 0.247304
46 25 0.273022
46 23 0.275176
46 21 0.277916
46 13 0.285308
46 20 0.280961
46 4 0.294021
46 1 0.298452
46 0 0.309413
46 24 0.302306
46 33 0.293196
46 8 0.325979
46 2 0.337653
46 18 0.326635
46 6 0.338617
46 5 0.348631
46 3 0.352891
46 17 0.346507
46 29 0.336017
46 7 0.355701
46 16 0.351994
46 28 0.344947
46 27 0.354762
46 34 0.353262
46 15 0.379176
46 19 0.389095
46 26 0.386145
46 30 0.391718
46 32 0.403132
47 6 0.237338
47 8 0.238755
47 22 0.226462
47 21 0.228935
47 26 0.224949
47 12 0.241393
47 9 0.274037
47 32 0.252472
47 7 0.287736
47 0 0.318722
47 10 0.310331
47 3 0.329555
47 24 0.310753
47 2 0.332555
47 25 0.324666
47 1 0.406710
47 23 0.402826
47 15 0.425570
47 11 0.429867
47 20 0.433866
47 16 0.445550
47 27 0.436020
47 29 0.433800
47 4 0.463965
47 28 0.440580
47 34 0.432192
47 30 0.439798
47 31 0.439782
47 18 0.458444
47 19 0.461141
47 17 0.466916
47 14 0.486049
47 5 0.494725
47 33 0.469860
47 13 0.499295
48 12 0.417218
48 4 0.442039
48 14 0.451701
48 32 0.434798
48 3 0.462102
48 21 0.447939
48 10 0.457020
48 23 0.447072
48 22 0.448578
48 26 0.463233
48 8 0.486119
48 25 0.473221
48 11 0.486860
48 24 0.478701
48 13 0.488081
48 9 0.491688
48 2 0.518980
48 1 0.533393
48 5 0.533993
48 0 0.540926
48 7 0.538349
48 18 0.536962
48 33 0.537976
48 16 0.565275
48 27 0.558549
48 20 0.576996
48 17 0.582829
48 28 0.573820
48 6 0.593742
48 29 0.576571
48 30 0.576487
48 15 0.595042
48 19 0.592696
48 31 0.580576
48 34 0.593528
49 26 0.217419
49 24 0.231790
49 9 0.251643
49 11 0.250197
49 8 0.253113
49 10 0.253586
49 7 0.259193
49 13 0.260408
49 28 0.246408
49 12 0.277919
49 29 0.270031
49 25 0.276149
49 4 0.298416
49 1 0.304464
49 0 0.312356
49 33 0.282340
49 27 0.294898
49 2 0.320630
49 3 0.324397
49 14 0.336133
49 16 0.353081
49 5 0.362219
49 18 0.354372
49 6 0.372489
49 32 0.351037
49 15 0.369150
49 34 0.353010
49 21 0.368231
49 23 0.373138
49 19 0.378565
49 17 0.386392
49 31 0.374230
49 22 0.409037
49 20 0.413861
49 30 0.409097
50 9 0.217435
50 25 0.207099
50 26 0.212910
50 32 0.207864
50 14 0.234618
50 12 0.236735
50 8 0.243866
50 23 0.234275
50 24 0.238506
50 10 0.258619
50 13 0.264795
50 28 0.258464
50 5 0.280046
50 27 0.264852
50 4 0.285666
50 0 0.294964
50 11 0.290320
50 3 0.297093
50 7 0.296138
50 2 0.309452
50 1 0.317349
50 15 0.323183
50 22 0.324833
50 6 0.341602
50 30 0.321364
50 33 0.322353
50 18 0.344184
50 20 0.344832
50 34 0.332704
50 16 0.350577
50 31 0.339690
50 17 0.364226
50 21 0.364773
50 29 0.394051
50 19 0.403924
51 8 0.238934
51 10 0.236299
51 0 0.388074
51 25 0.291869
51 12 0.345973
51 9 0.353684
51 26 0.293379
51 24 0.296073
51 7 0.357303
51 2 0.382654
51 32 0.280689
51 1 0.388382
51 13 0.350738
51 11 0.354879
51 3 0.384331
51 5 0.370377
51 14 0.351792
51 4 0.394680
51 23 0.331031
51 22 0.375066
51 6 0.438531
51 21 0.394820
51 15 0.466657
51 28 0.429686
51 18 0.472859
51 30 0.445181
51 29 0.446474
51 16 0.497861
51 20 0.478315
51 33 0.457332
51 34 0.467384
51 27 0.482884
51 31 0.513424
51 17 0.564113
51 19 0.552888
52 1 0.258558
52 3 0.261854
52 9 0.256150
52 13 0.247150
52 6 0.269923
52 0 0.276677
52 12 0.255385
52 8 0.272174
52 5 0.282462
52 2 0.300316
52 4 0.300589
52 7 0.305272
52 10 0.295928
52 11 0.298060
52 14 0.287616
52 21 0.248573
52 23 0.248317
52 22 0.273078
52 25 0.172068
52 24 0.218150
52 26 0.169813
52 20 0.336296
52 16 0.360594
52 17 0.352268
52 32 0.148084
52 19 0.348156
52 18 0.355173
52 15 0.395739
52 28 0.234544
52 31 0.240608
52 27 0.287134
52 29 0.247426
52 34 0.241502
52 33 0.255105
52 30 0.272206
53 8 0.179966
53 7 0.194559
53 12 0.177958
53 10 0.199928
53 9 0.225587
53 13 0.203763
53 0 0.277622
53 3 0.277594
53 1 0.285016
53 11 0.248794
53 2 0.319716
53 24 0.175700
53 4 0.394501
53 20 0.211167
53 23 0.195969
53 5 0.418840
53 21 0.220581
53 22 0.224021
53 6 0.437395
53 14 0.393134
53 16 0.396082
53 25 0.236995
53 31 0.245944
53 15 0.439926
53 18 0.378884
53 17 0.430578
53 19 0.336090
53 28 0.288056
53 26 0.312730
53 29 0.326948
53 32 0.333791
53 34 0.338481
53 30 0.369471
53 27 0.382644
53 33 0.412558
54 8 0.230424
54 7 0.242005
54 2 0.286457
54 1 0.351997
54 10 0.298821
54 12 0.230702
54 9 0.337086
54 4 0.363126
54 13 0.257193
54 0 0.425029
54 11 0.295184
54 5 0.404029
54 3 0.429599
54 6 0.431025
54 21 0.234400
54 20 0.243239
54 24 0.240742
54 19 0.262748
54 23 0.249839
54 22 0.251910
54 14 0.334470
54 15 0.310392
54 17 0.322088
54 30 0.242835
54 18 0.352696
54 33 0.277746
54 31 0.282960
54 16 0.397215
54 27 0.327629
54 26 0.340722
54 29 0.309546
54 34 0.322586
54 25 0.392151
54 28 0.346201
54 32 0.354914
55 9 0.231452
55 12 0.240513
55 24 0.227404
55 32 0.223201
55 6 0.264354
55 10 0.264395
55 0 0.273855
55 22 0.249063
55 20 0.255906
55 8 0.291480
55 2 0.329068
55 29 0.319760
55 11 0.364359
55 1 0.390278
55 14 0.380408
55 16 0.379320
55 21 0.368970
55 7 0.393227
55 23 0.381092
55 26 0.386907
55 17 0.406469
55 19 0.404756
55 33 0.387921
55 27 0.410577
55 28 0.418522
55 34 0.420849
55 4 0.467284
55 30 0.451885
55 15 0.493239
55 18 0.490733
55 25 0.477238
55 13 0.499965
55 31 0.475792
55 5 0.521959
55 3 0.537095
56 10 0.324660
56 19 0.421786
56 9 0.477265
56 11 0.475851
56 30 0.472116
56 8 0.493893
56 31 0.487084
56 29 0.523618
56 26 0.542472
56 14 0.559767
56 13 0.588525
56 1 0.612045
56 27 0.589702
56 33 0.584768
56 22 0.597016
56 28 0.590677
56 0 0.633729
56 12 0.633730
56 23 0.633723
56 2 0.669809
56 18 0.660355
56 25 0.660590
56 32 0.658232
56 17 0.677204
56 5 0.689563
56 24 0.677102
56 34 0.699132
56 21 0.715454
56 15 0.727952
56 3 0.737109
56 4 0.736618
56 16 0.738563
56 6 0.750306
56 7 0.754972
56 20 0.757160
57 8 0.224082
57 3 0.250707
57 9 0.275780
57 11 0.222929
57 12 0.240184
57 24 0.232631
57 32 0.226667
57 22 0.245475
57 5 0.375760
57 14 0.256146
57 21 0.251517
57 10 0.266792
57 20 0.253975
57 13 0.268168
57 2 0.396083
57 23 0.263888
57 0 0.406488
57 1 0.418153
57 25 0.282720
57 4 0.425398
57 7 0.434772
57 6 0.467719
57 16 0.381799
57 31 0.372155
57 15 0.394127
57 26 0.382036
57 19 0.398811
57 17 0.406728
57 18 0.410371
57 34 0.391518
57 30 0.413378
57 28 0.419033
57 29 0.424470
57 33 0.435113
57 27 0.456329
58 9 0.291139
58 25 0.269034
58 11 0.299387
58 27 0.286395
58 12 0.313952
58 13 0.310964
58 26 0.301276
58 24 0.342994
58 28 0.345449
58 3 0.397570
58 10 0.398877
58 23 0.392069
58 2 0.427090
58 14 0.418005
58 5 0.453701
58 8 0.454728
58 1 0.462536
58 32 0.421149
58 7 0.494193
58 17 0.521611
58 6 0.551278
58 31 0.519097
58 15 0.543533
58 30 0.529425
58 33 0.527710
58 0 0.574539
58 21 0.554284
58 16 0.562332
58 18 0.587336
58 4 0.614803
58 20 0.598490
58 22 0.602639
58 29 0.629609
58 19 0.649743
58 34 0.643111
59 8 0.271555
59 7 0.345895
59 9 0.346437
59 11 0.343590
59 12 0.342986
59 4 0.359404
59 10 0.347918
59 28 0.292964
59 2 0.380073
59 24 0.322466
59 1 0.385026
59 5 0.396976
59 0 0.407314
59 3 0.403251
59 26 0.347583
59 25 0.373100
59 27 0.391101
59 23 0.412440
59 13 0.450361
59 16 0.435342
59 32 0.365071
59 33 0.365471
59 17 0.459929
59 15 0.466768
59 6 0.507851
59 22 0.510114
59 30 0.478225
59 29 0.488577
59 14 0.551365
59 31 0.478972
59 20 0.552919
59 18 0.569773
59 34 0.498134
59 21 0.575957
59 19 0.601774
60 11 0.276628
60 12 0.281839
60 13 0.338528
60 23 0.333186
60 21 0.335731
60 25 0.342005
60 3 0.375144
60 9 0.368228
60 24 0.366351
60 14 0.385474
60 5 0.412688
60 29 0.384660
60 20 0.402781
60 32 0.395427
60 0 0.442595
60 1 0.444772
60 8 0.451824
60 22 0.442515
60 10 0.461946
60 26 0.443100
60 33 0.437931
60 34 0.441624
60 27 0.451509
60 2 0.485838
60 15 0.472409
60 30 0.455176
60 7 0.501905
60 16 0.501123
60 4 0.524179
60 28 0.505088
60 17 0.521320
60 31 0.510863
60 6 0.548617
60 18 0.577173
60 19 0.608671
61 8 0.233210
61 10 0.269936
61 13 0.252511
61 9 0.282941
61 11 0.304327
61 12 0.309571
61 14 0.319685
61 4 0.424847
61 2 0.446526
61 0 0.455758
61 3 0.451074
61 6 0.448291
61 1 0.485287
61 7 0.510234
61 5 0.533549
61 24 0.218367
61 22 0.224540
61 26 0.214087
61 23 0.251439
61 32 0.149001
61 25 0.252934
61 17 0.382530
61 15 0.488787
61 27 0.287823
61 16 0.519604
61 21 0.405494
61 18 0.451030
61 30 0.363492
61 19 0.463203
61 29 0.398349
61 20 0.452912
61 31 0.392266
61 28 0.449748
61 33 0.393863
61 34 0.424410
62 5 0.243203
62 1 0.329855
62 3 0.329287
62 20 0.313551
62 0 0.332183
62 9 0.326087
62 23 0.310672
62 25 0.305880
62 13 0.392467
62 7 0.408223
62 11 0.409009
62 4 0.427905
62 28 0.398921
62 8 0.429212
62 2 0.442924
62 15 0.437651
62 32 0.426719
62 6 0.480415
62 12 0.482241
62 10 0.495768
62 21 0.492056
62 22 0.492666
62 24 0.497144
62 33 0.486935
62 27 0.511373
62 18 0.531148
62 17 0.532350
62 19 0.532283
62 31 0.516768
62 14 0.542903
62 30 0.527158
62 29 0.547635
62 26 0.584937
62 16 0.618440
62 34 0.660595
63 8 0.250467
63 9 0.269282
63 10 0.268757
63 4 0.386903
63 12 0.326295
63 16 0.318152
63 2 0.428244
63 14 0.335389
63 11 0.400737
63 0 0.475702
63 13 0.374760
63 5 0.457152
63 1 0.488309
63 3 0.484313
63 15 0.421976
63 25 0.233027
63 7 0.554888
63 29 0.157827
63 26 0.219765
63 30 0.173467
63 6 0.581981
63 34 0.209275
63 28 0.227929
63 27 0.290383
63 17 0.612407
63 33 0.273735
63 31 0.291753
63 21 0.450184
63 20 0.463338
63 24 0.424775
63 22 0.447888
63 19 0.594839
63 18 0.658635
63 32 0.336362
63 23 0.458439
64 7 0.283855
64 2 0.368824
64 8 0.254900
64 1 0.401031
64 11 0.219849
64 12 0.221908
64 0 0.418256
64 4 0.420321
64 9 0.285737
64 3 0.439958
64 13 0.420624
64 5 0.603772
64 23 0.213721
64 10 0.447015
64 6 0.609412
64 25 0.228525
64 28 0.231534
64 27 0.238781
64 24 0.260427
64 26 0.300164
64 15 0.484610
64 33 0.328910
64 19 0.439615
64 30 0.373342
64 29 0.391515
64 18 0.471197
64 31 0.396742
64 21 0.453906
64 14 0.593864
64 17 0.514424
64 34 0.431954
64 20 0.515783
64 16 0.574264
64 22 0.544502
64 32 0.525592
65 6 0.190348
65 8 0.234912
65 4 0.262077
65 3 0.267459
65 12 0.207149
65 7 0.255213
65 9 0.328177
65 5 0.359561
65 11 0.306482
65 10 0.326898
65 2 0.393882
65 0 0.420110
65 13 0.380398
65 16 0.353364
65 1 0.475021
65 24 0.233310
65 18 0.345990
65 17 0.427330
65 23 0.297752
65 19 0.459877
65 34 0.293802
65 26 0.392957
65 21 0.399896
65 28 0.360486
65 25 0.396125
65 20 0.458590
65 22 0.400419
65 15 0.570773
65 32 0.310996
65 14 0.580713
65 29 0.363442
65 31 0.342430
65 33 0.321180
65 30 0.389673
65 27 0.424799
66 8 0.172253
66 0 0.244562
66 13 0.190161
66 1 0.270872
66 11 0.256999
66 9 0.274386
66 3 0.382207
66 7 0.367362
66 10 0.346252
66 4 0.390590
66 2 0.404574
66 25 0.339085
66 14 0.372232
66 6 0.419243
66 12 0.385118
66 22 0.369948
66 5 0.450586
66 24 0.394730
66 19 0.410938
66 18 0.433476
66 17 0.440718
66 27 0.429424
66 26 0.431075
66 23 0.435638
66 15 0.469299
66 33 0.403316
66 20 0.540185
66 21 0.539472
66 29 0.540335
66 16 0.574824
66 31 0.551192
66 32 0.552060
66 30 0.580335
66 34 0.508968
66 28 0.599399
67 8 0.288848
67 12 0.394807
67 10 0.397459
67 11 0.396882
67 9 0.408847
67 7 0.417628
67 0 0.452757
67 13 0.424789
67 1 0.467446
67 3 0.489375
67 24 0.421811
67 6 0.486750
67 5 0.489599
67 23 0.427625
67 4 0.494324
67 26 0.446405
67 2 0.531369
67 25 0.503371
67 22 0.529476
67 21 0.536689
67 30 0.523719
67 17 0.602406
67 18 0.610176
67 14 0.640074
67 28 0.596185
67 16 0.662047
67 15 0.682128
67 29 0.657954
67 34 0.562709
67 33 0.633377
67 27 0.693289
67 32 0.660810
67 20 0.725397
67 31 0.692662
67 19 0.772462
68 5 0.292635
68 25 0.329521
68 27 0.327535
68 7 0.368116
68 9 0.378012
68 23 0.367623
68 29 0.357428
68 11 0.395352
68 10 0.429507
68 8 0.433645
68 21 0.430229
68 1 0.450671
68 17 0.443018
68 32 0.424364
68 26 0.442713
68 31 0.450074
68 19 0.470701
68 15 0.479948
68 4 0.493484
68 3 0.495831
68 24 0.489244
68 6 0.508358
68 28 0.484554
68 34 0.483325
68 13 0.517118
68 2 0.551935
68 30 0.527891
68 14 0.555166
68 33 0.541611
68 0 0.583144
68 22 0.576468
68 18 0.584715
68 16 0.589756
68 20 0.586443
68 12 0.619758
69 19 0.235020
69 14 0.259389
69 6 0.343035
69 8 0.342448
69 10 0.340924
69 20 0.338853
69 9 0.358272
69 12 0.382224
69 3 0.397071
69 0 0.434542
69 7 0.450670
69 1 0.459967
69 21 0.431448
69 22 0.430993
69 5 0.471658
69 24 0.450675
69 18 0.457509
69 11 0.472576
69 4 0.481481
69 2 0.490685
69 16 0.483552
69 13 0.492693
69 28 0.413948
69 23 0.542969
69 30 0.332370
69 17 0.580963
69 26 0.494381
69 15 0.625257
69 32 0.334959
69 27 0.527031
69 25 0.635073
69 29 0.417351
69 33 0.323944
69 34 0.287701
69 31 0.357401
70 8 0.253853
70 9 0.268629
70 11 0.266747
70 12 0.317281
70 2 0.449942
70 5 0.465231
70 7 0.465485
70 10 0.432594
70 6 0.522707
70 3 0.535730
70 14 0.478330
70 13 0.483223
70 1 0.599942
70 25 0.242852
70 4 0.596910
70 23 0.288887
70 22 0.308177
70 16 0.546743
70 20 0.316566
70 0 0.698481
70 21 0.323660
70 24 0.332637
70 31 0.303563
70 15 0.632156
70 27 0.418908
70 28 0.416026
70 17 0.609584
70 18 0.565159
70 32 0.400634
70 19 0.558821
70 26 0.524502
70 29 0.505857
70 30 0.516768
70 34 0.431937
70 33 0.468810
71 20 0.278308
71 5 0.344619
71 7 0.389442
71 8 0.390591
71 22 0.403805
71 19 0.409535
71 30 0.416494
71 24 0.438943
71 6 0.468729
71 33 0.434946
71 23 0.484516
71 11 0.513179
71 10 0.517718
71 3 0.524263
71 2 0.560111
71 1 0.567909
71 14 0.569242
71 21 0.573314
71 0 0.613699
71 26 0.583004
71 28 0.582260
71 9 0.621851
71 31 0.596838
71 4 0.652315
71 18 0.687168
71 16 0.699049
71 27 0.683174
71 34 0.675594
71 29 0.704351
71 12 0.745899
71 17 0.751458
71 15 0.781957
71 13 0.812210
71 25 0.795167
71 32 0.784307
72 15 0.285375
72 9 0.333066
72 7 0.338678
72 10 0.333674
72 3 0.344878
72 11 0.334214
72 25 0.333861
72 26 0.339786
72 1 0.372180
72 23 0.354155
72 29 0.350673
72 20 0.377839
72 13 0.392664
72 24 0.385848
72 31 0.380622
72 33 0.384760
72 8 0.414279
72 6 0.421844
72 12 0.419901
72 4 0.443200
72 19 0.431609
72 0 0.473195
72 2 0.472928
72 30 0.450520
72 22 0.475261
72 27 0.482481
72 5 0.507289
72 18 0.526143
72 16 0.534922
72 21 0.530880
72 14 0.544616
72 28 0.535180
72 17 0.579428
72 32 0.568965
72 34 0.583609
73 7 0.281581
73 9 0.278994
73 8 0.376077
73 10 0.375195
73 11 0.385128
73 12 0.405492
73 13 0.448786
73 20 0.388194
73 4 0.581412
73 0 0.588093
73 2 0.619247
73 6 0.621117
73 5 0.651973
73 24 0.348320
73 16 0.561690
73 21 0.411828
73 15 0.614766
73 23 0.417937
73 14 0.628010
73 22 0.449800
73 31 0.377063
73 1 0.751921
73 17 0.632088
73 25 0.445764
73 18 0.649795
73 3 0.818046
73 19 0.674798
73 29 0.495663
73 34 0.376973
73 26 0.512867
73 32 0.478893
73 28 0.570246
73 30 0.577222
73 27 0.625927
73 33 0.542065
74 9 0.278292
74 7 0.331030
74 11 0.329154
74 21 0.320477
74 19 0.336979
74 23 0.346746
74 29 0.396477
74 15 0.417666
74 24 0.470333
74 13 0.491075
74 31 0.471350
74 22 0.496999
74 25 0.505419
74 10 0.529740
74 3 0.541721
74 12 0.534079
74 1 0.544878
74 17 0.547010
74 4 0.562482
74 6 0.565132
74 8 0.567748
74 5 0.571019
74 27 0.561434
74 30 0.569566
74 26 0.577873
74 14 0.614214
74 20 0.608275
74 32 0.617589
74 34 0.614301
74 16 0.679724
74 2 0.695234
74 28 0.676348
74 18 0.688857
74 0 0.734424
74 33 0.701816
75 8 0.292885
75 20 0.308887
75 23 0.296517
75 12 0.324612
75 30 0.288072
75 22 0.309607
75 10 0.389389
75 11 0.453076
75 19 0.475708
75 7 0.498969
75 9 0.505191
75 4 0.530522
75 24 0.515280
75 13 0.546554
75 0 0.602785
75 21 0.595431
75 1 0.624810
75 3 0.628704
75 15 0.624098
75 2 0.643565
75 28 0.637017
75 5 0.680877
75 32 0.631559
75 16 0.668443
75 26 0.656304
75 34 0.670078
75 6 0.724185
75 18 0.722261
75 31 0.727175
75 29 0.738573
75 14 0.778079
75 27 0.759472
75 25 0.778628
75 17 0.818209
75 33 0.822809
76 9 0.352973
76 8 0.472325
76 12 0.468132
76 11 0.544221
76 23 0.566266
76 3 0.621654
76 1 0.626377
76 0 0.629342
76 27 0.564598
76 6 0.656440
76 22 0.613167
76 14 0.658236
76 10 0.666473
76 24 0.642198
76 26 0.684746
76 25 0.706377
76 32 0.711071
76 2 0.781535
76 7 0.768405
76 13 0.780092
76 5 0.851526
76 4 0.919757
76 19 0.918014
76 29 0.909321
76 15 1.031240
76 16 1.072238
76 28 1.055248
76 20 1.080195
76 18 1.083455
76 30 1.067097
76 34 1.060645
76 17 1.093936
76 33 1.098543
76 31 1.104045
76 21 1.180941
77 30 0.347143
77 22 0.358991
77 8 0.388207
77 19 0.382259
77 10 0.399400
77 11 0.417708
77 9 0.439286
77 18 0.440921
77 21 0.443087
77 5 0.458608
77 6 0.497135
77 32 0.508568
77 23 0.518289
77 7 0.554266
77 20 0.582359
77 26 0.602794
77 31 0.623715
77 2 0.704548
77 28 0.686162
77 1 0.715998
77 27 0.711522
77 17 0.759627
77 25 0.752662
77 0 0.792213
77 12 0.784989
77 29 0.765319
77 13 0.788004
77 16 0.797532
77 33 0.782043
77 14 0.809130
77 4 0.819316
77 34 0.826402
77 15 0.892681
77 24 0.895911
77 3 0.977815
78 32 0.256655
78 6 0.415584
78 25 0.398216
78 11 0.413742
78 26 0.399261
78 3 0.422424
78 8 0.417699
78 16 0.412472
78 23 0.414890
78 27 0.411232
78 10 0.457468
78 7 0.469654
78 1 0.502721
78 9 0.527464
78 24 0.519790
78 22 0.529748
78 12 0.547956
78 21 0.539122
78 0 0.582572
78 18 0.600175
78 14 0.643997
78 28 0.634515
78 5 0.686166
78 20 0.687944
78 29 0.680881
78 19 0.737400
78 30 0.754656
78 15 0.777130
78 17 0.783187
78 13 0.794961
78 34 0.776915
78 4 0.840368
78 33 0.825641
78 31 0.859999
78 2 0.895740
79 31 0.343978
79 8 0.396269
79 6 0.421106
79 10 0.453763
79 18 0.454471
79 24 0.439041
79 12 0.472442
79 9 0.475933
79 19 0.486381
79 23 0.499951
79 20 0.517025
79 15 0.549309
79 22 0.536951
79 4 0.566823
79 7 0.574150
79 11 0.598713
79 2 0.612019
79 21 0.593395
79 0 0.632415
79 1 0.632568
79 32 0.600579
79 17 0.648558
79 16 0.678613
79 13 0.721969
79 25 0.714688
79 3 0.750936
79 28 0.714846
79 26 0.736242
79 5 0.794635
79 29 0.759936
79 34 0.753747
79 14 0.810589
79 30 0.809023
79 33 0.814313
79 27 0.841468
80 7 0.365565
80 9 0.404239
80 10 0.406154
80 23 0.393213
80 24 0.427922
80 13 0.440864
80 32 0.420111
80 21 0.466682
80 11 0.499196
80 22 0.514142
80 12 0.609851
80 26 0.614858
80 25 0.624544
80 8 0.642893
80 1 0.739607
80 15 0.738851
80 27 0.726187
80 16 0.747938
80 19 0.746233
80 29 0.734305
80 5 0.758351
80 31 0.771810
80 28 0.783675
80 3 0.815804
80 6 0.821365
80 33 0.864765
80 18 0.891552
80 4 0.928483
80 34 0.923048
80 0 0.964801
80 17 0.963816
80 20 0.969209
80 2 1.002363
80 14 1.007245
80 30 0.999610
81 6 0.335200
81 9 0.322863
81 10 0.357757
81 8 0.398879
81 2 0.431080
81 11 0.331728
81 7 0.416961
81 1 0.518797
81 12 0.384506
81 4 0.540628
81 0 0.595751
81 18 0.319581
81 20 0.268017
81 21 0.305420
81 19 0.330779
81 22 0.304215
81 3 0.726951
81 23 0.357489
81 30 0.321366
81 5 0.785573
81 13 0.734778
81 14 0.691717
81 15 0.657483
81 16 0.670175
81 33 0.541572
81 27 0.585975
81 24 0.603393
81 17 0.735958
81 25 0.674457
81 26 0.676642
81 34 0.639303
81 28 0.680064
81 32 0.650380
81 31 0.671616
81 29 0.679789
82 11 0.363488
82 8 0.379136
82 23 0.370955
82 13 0.391606
82 9 0.409841
82 22 0.412357
82 27 0.407564
82 0 0.455530
82 24 0.444760
82 26 0.468159
82 32 0.463606
82 14 0.487599
82 25 0.504555
82 3 0.553136
82 12 0.547663
82 10 0.572565
82 1 0.624941
82 6 0.654267
82 20 0.644626
82 29 0.642399
82 30 0.677752
82 17 0.701166
82 5 0.719695
82 31 0.696776
82 33 0.700648
82 15 0.728739
82 21 0.742893
82 2 0.771983
82 34 0.754856
82 16 0.863586
82 7 0.872521
82 28 0.849291
82 4 0.878595
82 18 0.864031
82 19 0.863220
83 7 0.340687
83 11 0.407060
83 5 0.470532
83 10 0.466244
83 24 0.444782
83 31 0.482419
83 6 0.545762
83 1 0.561954
83 8 0.561509
83 13 0.567463
83 28 0.553724
83 0 0.600857
83 15 0.596648
83 4 0.614753
83 9 0.621957
83 21 0.617724
83 27 0.621920
83 23 0.655229
83 22 0.671902
83 19 0.705512
83 20 0.712909
83 3 0.733634
83 33 0.683093
83 12 0.736825
83 17 0.752134
83 25 0.766451
83 30 0.753985
83 34 0.769972
83 14 0.833283
83 2 0.846539
83 32 0.803208
83 29 0.827284
83 16 0.886874
83 18 0.891079
83 26 0.874120
84 6 0.318218
84 4 0.333339
84 10 0.357886
84 7 0.393707
84 5 0.401456
84 23 0.436281
84 22 0.495439
84 8 0.543255
84 20 0.561633
84 24 0.548859
84 19 0.604099
84 9 0.623646
84 3 0.638336
84 30 0.617634
84 0 0.713073
84 26 0.662446
84 21 0.686657
84 28 0.696722
84 27 0.705428
84 2 0.774917
84 1 0.782195
84 14 0.778961
84 18 0.802719
84 16 0.832502
84 25 0.819548
84 32 0.817402
84 13 0.865334
84 33 0.829493
84 12 0.886470
84 17 0.877655
84 15 0.903986
84 11 0.934173
84 34 0.881226
84 29 0.930074
84 31 0.929443
85 7 0.374271
85 22 0.363853
85 10 0.502618
85 2 0.509205
85 11 0.504011
85 4 0.563282
85 5 0.585940
85 27 0.593469
85 9 0.614250
85 25 0.623830
85 1 0.643103
85 26 0.620879
85 21 0.648486
85 13 0.659581
85 8 0.674730
85 32 0.661353
85 17 0.688794
85 18 0.694913
85 23 0.701370
85 24 0.738151
85 6 0.767896
85 33 0.767436
85 12 0.798200
85 19 0.798958
85 16 0.821998
85 20 0.863786
85 15 0.881008
85 31 0.883138
85 29 0.900656
85 3 0.934728
85 30 0.957410
85 34 0.958287
85 0 1.001896
85 28 1.007011
85 14 1.069497
86 9 0.351564
86 10 0.396787
86 12 0.485850
86 25 0.467258
86 8 0.507625
86 26 0.501342
86 31 0.503261
86 22 0.546247
86 24 0.550549
86 7 0.603742
86 11 0.633949
86 13 0.642100
86 23 0.646003
86 21 0.653968
86 29 0.650674
86 28 0.663651
86 0 0.742176
86 2 0.749186
86 3 0.828392
86 32 0.794569
86 16 0.817830
86 6 0.843737
86 30 0.824084
86 19 0.854237
86 20 0.858031
86 33 0.843592
86 4 0.885946
86 34 0.888222
86 14 0.922362
86 1 0.944605
86 27 0.930315
86 18 0.942150
86 5 0.982089
86 17 0.981520
86 15 0.990818
87 5 0.307136
87 6 0.329175
87 7 0.349252
87 9 0.399243
87 8 0.410203
87 11 0.417792
87 10 0.443349
87 21 0.256815
87 4 0.658398
87 15 0.585109
87 20 0.384719
87 24 0.331440
87 14 0.622914
87 13 0.659163
87 23 0.340725
87 0 0.722123
87 1 0.723935
87 25 0.370587
87 2 0.754486
87 22 0.393206
87 31 0.322184
87 17 0.652164
87 12 0.772519
87 3 0.808953
87 18 0.667855
87 19 0.627035
87 16 0.737406
87 30 0.487700
87 26 0.557757
87 28 0.519724
87 29 0.538157
87 33 0.523136
87 27 0.587071
87 34 0.574751
87 32 0.580643
88 8 0.363325
88 9 0.421872
88 11 0.451260
88 23 0.466918
88 13 0.532421
88 10 0.547929
88 24 0.512946
88 14 0.593036
88 20 0.606733
88 22 0.606530
88 2 0.671769
88 3 0.671890
88 31 0.608738
88 5 0.678890
88 12 0.669817
88 1 0.709826
88 25 0.676136
88 21 0.690007
88 0 0.752741
88 4 0.867251
88 16 0.853076
88 7 0.886656
88 29 0.895274
88 30 0.906676
88 26 0.951874
88 17 0.998797
88 27 1.005864
88 18 1.086368
88 6 1.133452
88 34 1.077011
88 15 1.158232
88 19 1.175222
88 33 1.146528
88 32 1.150663
88 28 1.179238
89 11 0.394962
89 22 0.420288
89 12 0.472812
89 8 0.622058
89 3 0.652876
89 20 0.651908
89 1 0.694508
89 10 0.692128
89 21 0.670759
89 9 0.707816
89 23 0.677131
89 31 0.673205
89 25 0.687526
89 24 0.697344
89 13 0.750057
89 27 0.711553
89 14 0.762767
89 30 0.792347
89 17 0.866412
89 5 0.892455
89 7 0.895374
89 0 0.909893
89 29 0.883961
89 16 0.938959
89 18 0.928683
89 19 0.924833
89 28 0.961322
89 2 1.036490
89 34 0.997034
89 26 1.026247
89 6 1.089062
89 32 1.043448
89 4 1.124031
89 33 1.077807
89 15 1.203589
90 7 0.330655
90 2 0.475886
90 10 0.455695
90 6 0.501249
90 5 0.561482
90 24 0.531096
90 8 0.550868
90 26 0.530215
90 3 0.574745
90 23 0.612309
90 0 0.671164
90 28 0.634251
90 4 0.689278
90 21 0.682151
90 12 0.700415
90 11 0.717197
90 1 0.751430
90 9 0.746190
90 25 0.735923
90 22 0.746902
90 32 0.742658
90 14 0.776661
90 16 0.780860
90 30 0.795897
90 27 0.804840
90 33 0.838648
90 31 0.847573
90 18 0.896950
90 20 0.922681
90 15 0.927739
90 34 0.918029
90 29 0.930516
90 13 0.960375
90 17 1.024995
90 19 1.089217
91 7 0.399737
91 23 0.425170
91 11 0.469520
91 13 0.526569
91 27 0.519831
91 26 0.523528
91 25 0.571899
91 9 0.619806
91 1 0.638359
91 5 0.656158
91 22 0.656713
91 19 0.732452
91 33 0.724077
91 3 0.757424
91 12 0.755715
91 4 0.764601
91 17 0.754329
91 8 0.790748
91 29 0.785051
91 10 0.915748
91 28 0.896968
91 16 0.911931
91 24 0.905615
91 32 0.896775
91 21 0.963413
91 20 1.002236
91 30 0.995048
91 34 1.029356
91 6 1.078041
91 31 1.056801
91 14 1.076834
91 15 1.085961
91 0 1.115543
91 2 1.126883
91 18 1.115421
92 12 0.423527
92 23 0.457422
92 8 0.470360
92 26 0.498816
92 18 0.521624
92 22 0.531601
92 9 0.565852
92 32 0.545166
92 10 0.588055
92 13 0.625574
92 11 0.694081
92 21 0.696754
92 24 0.721272
92 25 0.730687
92 7 0.760714
92 1 0.817599
92 2 0.830374
92 17 0.832445
92 0 0.886082
92 28 0.883119
92 6 0.915377
92 29 0.907820
92 14 0.946429
92 27 0.948793
92 30 0.989943
92 34 1.001965
92 4 1.039381
92 19 1.064095
92 16 1.085128
92 20 1.094837
92 5 1.116449
92 31 1.106550
92 3 1.142442
92 15 1.141431
92 33 1.131431
93 13 0.481386
93 12 0.524180
93 20 0.520560
93 16 0.571358
93 22 0.617231
93 11 0.642450
93 18 0.667478
93 23 0.674230
93 24 0.673422
93 25 0.673452
93 7 0.713357
93 32 0.732654
93 10 0.757694
93 9 0.780508
93 21 0.778779
93 8 0.835375
93 17 0.849065
93 4 0.891716
93 3 0.940076
93 29 1.013698
93 5 1.055113
93 15 1.091993
93 28 1.092978
93 19 1.123172
93 31 1.146051
93 26 1.163652
93 0 1.201565
93 1 1.208342
93 6 1.206365
93 14 1.215782
93 34 1.225548
93 30 1.316292
93 2 1.344963
93 33 1.313864
93 27 1.396365
94 26 0.475873
94 25 0.562691
94 22 0.676159
94 28 0.695716
94 32 0.691073
94 8 0.740233
94 10 0.739216
94 9 0.741127
94 23 0.795438
94 12 0.862226
94 0 0.885158
94 11 0.878066
94 6 0.893579
94 16 0.907178
94 4 0.938807
94 29 0.926321
94 7 0.958507
94 20 0.962677
94 13 0.977891
94 24 0.967869
94 3 1.014336
94 30 1.038177
94 34 1.059351
94 27 1.077164
94 33 1.079086
94 17 1.127365
94 2 1.163291
94 1 1.253201
94 14 1.253500
94 18 1.250875
94 19 1.269356
94 15 1.305373
94 31 1.347138
94 21 1.365892
94 5 1.447649
95 7 0.475669
95 11 0.482650
95 31 0.460052
95 13 0.482690
95 23 0.472839
95 9 0.487916
95 5 0.544175
95 24 0.526124
95 20 0.532376
95 22 0.573814
95 12 0.586767
95 8 0.618984
95 10 0.638035
95 21 0.627417
95 3 0.652198
95 25 0.701248
95 0 0.739346
95 1 0.825175
95 15 0.814387
95 4 0.832792
95 29 0.817619
95 30 0.833303
95 32 0.836503
95 26 0.846187
95 19 0.898861
95 17 0.907597
95 16 0.919419
95 28 0.913467
95 14 0.933899
95 27 0.932468
95 2 0.982832
95 6 0.995435
95 33 0.995454
95 18 1.023634
95 34 1.012508
96 22 0.381777
96 18 0.403266
96 20 0.429695
96 12 0.447888
96 10 0.459887
96 8 0.482383
96 30 0.474160
96 13 0.506862
96 34 0.542307
96 11 0.586727
96 19 0.580614
96 7 0.614490
96 24 0.620576
96 4 0.662506
96 28 0.633292
96 21 0.641485
96 0 0.690036
96 3 0.698847
96 33 0.672323
96 6 0.717131
96 23 0.701573
96 25 0.704955
96 9 0.733751
96 29 0.707892
96 31 0.705875
96 15 0.742824
96 2 0.812871
96 5 0.822362
96 26 0.799598
96 14 0.821708
96 27 0.805503
96 16 0.838002
96 1 0.900091
96 32 0.888379
96 17 0.982441
97 25 0.351370
97 15 0.403056
97 21 0.399852
97 9 0.437710
97 31 0.433579
97 13 0.452897
97 2 0.519761
97 17 0.523521
97 26 0.515997
97 22 0.520123
97 8 0.561464
97 24 0.603101
97 7 0.625299
97 11 0.641606
97 1 0.716189
97 12 0.719195
97 10 0.727028
97 23 0.725310
97 29 0.735914
97 28 0.789139
97 34 0.801729
97 5 0.907778
97 6 0.913717
97 16 0.919882
97 32 0.920013
97 20 0.941408
97 18 0.943423
97 0 0.957781
97 4 0.961542
97 3 0.969833
97 30 1.022643
97 19 1.043574
97 33 1.036055
97 14 1.074288
97 27 1.118998
98 8 0.457290
98 24 0.525068
98 12 0.554352
98 10 0.556318
98 27 0.626476
98 23 0.718020
98 0 0.788421
98 2 0.807390
98 13 0.814136
98 28 0.815689
98 26 0.834934
98 33 0.839354
98 7 0.880454
98 32 0.883206
98 34 0.921425
98 25 0.931652
98 11 0.962687
98 9 1.004464
98 4 1.091581
98 22 1.096522
98 31 1.104401
98 1 1.140015
98 29 1.126497
98 30 1.151971
98 6 1.185688
98 17 1.212153
98 15 1.223229
98 20 1.231287
98 18 1.243136
98 5 1.298237
98 14 1.305377
98 21 1.300309
98 19 1.329917
98 3 1.371362
98 16 1.379341
99 5 0.485782
99 20 0.499092
99 9 0.508107
99 22 0.510018
99 19 0.534212
99 7 0.561247
99 6 0.605090
99 10 0.603747
99 23 0.632340
99 18 0.885383
99 11 0.908249
99 31 0.883009
99 8 1.264836
99 21 1.901927
99 17 1.974583
99 33 2.019519
99 29 2.047480
99 26 2.080877
99 2 2.123511
99 1 2.125701
99 32 2.138444
99 3 2.187350
99 27 2.183934
99 25 2.191141
99 12 2.203976
99 14 2.221500
99 15 2.235137
99 16 2.356946
99 13 2.360663
99 28 2.341443
99 34 2.332975
99 30 2.367937
99 0 2.426863
99 24 2.409388
99 4 2.528988
100 8 0.367469
100 7 0.435233
100 10 0.446780
100 22 0.434978
100 11 0.473965
100 24 0.451402
100 12 0.538572
100 20 0.509653
100 9 0.548496
100 23 0.552199
100 0 0.685912
100 19 0.654068
100 31 0.634370
100 29 0.758327
100 3 0.829179
100 21 0.789363
100 5 0.876671
100 2 0.888698
100 13 0.928506
100 1 0.964172
100 6 0.963234
100 4 0.967339
100 18 0.956449
100 34 0.895828
100 32 0.939535
100 25 0.979673
100 30 0.983737
100 17 1.029959
100 27 1.019134
100 26 1.045276
100 15 1.101281
100 16 1.112144
100 14 1.174392
100 28 1.126700
100 33 1.150163
101 20 0.612217
101 19 0.642660
101 11 0.664042
101 21 0.679682
101 10 0.696788
101 7 0.716746
101 29 0.710715
101 12 0.731199
101 9 0.802141
101 22 0.793676
101 18 0.825114
101 6 0.834252
101 23 0.865045
101 8 0.879933
101 15 0.894810
101 2 0.921130
101 0 1.029542
101 24 1.010980
101 1 1.030623
101 4 1.029678
101 32 1.031275
101 30 1.056047
101 27 1.086232
101 28 1.105320
101 26 1.120330
101 5 1.139372
101 3 1.199819
101 25 1.195859
101 13 1.220584
101 33 1.209029
101 31 1.223683
101 34 1.239381
101 16 1.285529
101 14 1.306874
101 17 1.317116
102 11 0.339669
102 22 0.360124
102 20 0.378139
102 10 0.393633
102 8 0.396059
102 12 0.419301
102 6 0.437504
102 21 0.493340
102 24 0.488899
102 29 0.509393
102 19 0.545263
102 9 0.580348
102 23 0.568884
102 7 0.652258
102 0 0.698237
102 26 0.689151
102 2 0.727332
102 14 0.749857
102 30 0.730866
102 16 0.761332
102 25 0.748496
102 1 0.796245
102 27 0.776724
102 17 0.807413
102 18 0.811807
102 3 0.828014
102 4 0.842565
102 15 0.835616
102 5 0.848387
102 13 0.855632
102 34 0.835282
102 31 0.864113
102 33 0.885356
102 28 0.905784
102 32 0.911434
103 7 0.377325
103 8 0.594028
103 12 0.629148
103 26 0.600450
103 22 0.637537
103 10 0.683523
103 23 0.664940
103 13 0.742350
103 25 0.717910
103 1 0.784712
103 11 0.775328
103 5 0.782127
103 27 0.764804
103 9 0.845425
103 2 0.853236
103 24 0.830695
103 0 0.891688
103 15 0.882174
103 3 0.902112
103 32 0.880098
103 14 0.928177
103 4 1.015609
103 28 1.002928
103 33 1.030529
103 16 1.107182
103 31 1.082737
103 18 1.155796
103 6 1.176562
103 29 1.131827
103 34 1.143797
103 20 1.197502
103 17 1.205783
103 19 1.213023
103 30 1.205568
103 21 1.267591
104 8 0.381478
104 18 0.439155
104 20 0.445219
104 10 0.490255
104 22 0.493638
104 6 0.541658
104 17 0.676825
104 13 0.694022
104 19 0.691125
104 30 0.677811
104 28 0.697316
104 21 0.722501
104 2 0.736079
104 7 0.751434
104 5 0.758408
104 26 0.739271
104 0 0.771638
104 9 0.777960
104 24 0.759899
104 11 0.799634
104 29 0.786544
104 27 0.800165
104 12 0.834590
104 4 0.841374
104 16 0.921095
104 32 0.919351
104 14 0.962057
104 3 0.974398
104 1 0.981862
104 33 0.967384
104 25 0.998186
104 23 1.011143
104 31 1.015343
104 15 1.070020
104 34 1.045652
105 9 0.330337
105 7 0.372150
105 19 0.405079
105 11 0.458294
105 13 0.484028
105 21 0.471530
105 17 0.499993
105 0 0.529139
105 30 0.554316
105 18 0.599552
105 10 0.632386
105 12 0.659133
105 20 0.631794
105 8 0.678704
105 28 0.670492
105 3 0.765947
105 5 0.774770
105 4 0.800833
105 1 0.807033
105 22 0.770865
105 23 0.818566
105 25 0.949324
105 31 0.946615
105 24 0.982218
105 2 1.047586
105 27 1.004343
105 26 1.036367
105 6 1.119599
105 33 1.082935
105 15 1.135452
105 14 1.155395
105 16 1.160983
105 32 1.192374
105 29 1.208333
105 34 1.224224
106 4 0.392882
106 8 0.401726
106 5 0.417488
106 6 0.429091
106 21 0.508357
106 22 0.539184
106 24 0.537226
106 30 0.633926
106 7 0.705988
106 0 0.733275
106 20 0.748993
106 9 0.767175
106 23 0.752714
106 10 0.805059
106 19 0.807868
106 28 0.802558
106 2 0.901937
106 29 0.894979
106 11 0.923541
106 12 0.939863
106 14 0.949754
106 26 0.960770
106 1 1.011312
106 3 1.030759
106 16 1.029463
106 31 1.091131
106 18 1.115298
106 25 1.143742
106 15 1.193251
106 33 1.180403
106 32 1.183764
106 34 1.196349
106 13 1.222173
106 27 1.240536
106 17 1.269154
107 9 0.464754
107 10 0.489451
107 8 0.491634
107 12 0.500801
107 11 0.507676
107 24 0.562155
107 22 0.665381
107 23 0.688146
107 0 0.733472
107 7 0.766205
107 31 0.767733
107 20 0.810436
107 1 0.825381
107 6 0.848941
107 21 0.848922
107 3 0.897947
107 5 0.906040
107 25 0.953576
107 2 1.060191
107 4 1.068733
107 14 1.065312
107 30 1.071478
107 17 1.155738
107 13 1.159510
107 28 1.162466
107 32 1.159135
107 18 1.198133
107 15 1.247360
107 26 1.267054
107 33 1.269113
107 19 1.298040
107 27 1.287972
107 34 1.307075
107 16 1.345320
107 29 1.338142
108 6 0.460330
108 22 0.454203
108 10 0.506834
108 18 0.507707
108 12 0.524827
108 9 0.567899
108 8 0.579136
108 11 0.596989
108 21 0.590255
108 31 0.596504
108 7 0.673952
108 20 0.741357
108 19 0.750065
108 23 0.794831
108 28 0.901965
108 2 0.992998
108 0 1.020754
108 3 1.034144
108 32 1.073331
108 34 1.125426
108 26 1.149837
108 5 1.188834
108 24 1.172096
108 16 1.189049
108 13 1.227198
108 29 1.212289
108 1 1.256060
108 14 1.257090
108 30 1.243234
108 27 1.257768
108 17 1.272754
108 25 1.270402
108 4 1.319707
108 15 1.333688
108 33 1.325290
109 31 0.387234
109 13 0.412460
109 7 0.427074
109 21 0.416390
109 11 0.425631
109 19 0.428335
109 23 0.422105
109 9 0.458869
109 24 0.514466
109 22 0.544668
109 20 0.570262
109 12 0.599499
109 8 0.632792
109 10 0.667523
109 1 0.791413
109 27 0.774006
109 25 0.794063
109 3 0.842950
109 32 0.823711
109 29 0.841584
109 26 0.854487
109 17 0.866272
109 2 0.896538
109 18 0.890398
109 0 0.923256
109 5 0.920152
109 16 0.918116
109 15 0.919620
109 14 0.926861
109 4 0.934713
109 30 0.922740
109 34 0.925398
109 6 0.961967
109 28 0.942879
109 33 1.010769
110 10 0.447948
110 12 0.459036
110 7 0.477846
110 11 0.518738
110 22 0.537354
110 13 0.618305
110 24 0.619619
110 20 0.663312
110 32 0.660334
110 8 0.702773
110 25 0.714407
110 9 0.777272
110 21 0.795239
110 23 0.853441
110 34 0.839261
110 31 0.863554
110 0 0.914705
110 28 0.924396
110 2 0.960826
110 27 0.989213
110 26 1.063081
110 6 1.113075
110 30 1.115482
110 4 1.162637
110 14 1.165293
110 16 1.165131
110 17 1.210311
110 5 1.227414
110 19 1.226096
110 3 1.246909
110 29 1.260890
110 1 1.294521
110 33 1.265879
110 18 1.317515
110 15 1.399933
111 23 0.334414
111 9 0.555680
111 32 0.541568
111 8 0.557837
111 26 0.551669
111 25 0.552889
111 12 0.615701
111 7 0.648525
111 11 0.647170
111 6 0.674136
111 31 0.662324
111 17 0.723348
111 24 0.727688
111 21 0.741239
111 5 0.785669
111 29 0.778324
111 19 0.786476
111 13 0.791415
111 1 0.803650
111 4 0.802914
111 27 0.789462
111 22 0.801187
111 10 0.854475
111 14 0.857389
111 28 0.857562
111 3 0.879803
111 15 0.884135
111 2 0.919240
111 33 0.930281
111 18 0.971005
111 16 0.985896
111 20 0.991676
111 30 0.992530
111 0 1.077550
111 34 1.088190
112 7 0.541043
112 9 0.621985
112 23 0.600067
112 10 0.622061
112 11 0.756878
112 25 0.734237
112 24 0.739089
112 20 0.784503
112 8 0.820808
112 22 0.800997
112 12 0.872926
112 30 0.841210
112 13 0.874311
112 21 0.917943
112 1 0.982732
112 2 1.065628
112 5 1.064421
112 29 1.095692
112 28 1.112596
112 6 1.236634
112 27 1.217072
112 3 1.272817
112 14 1.275619
112 31 1.283894
112 33 1.295648
112 32 1.297928
112 15 1.343530
112 0 1.378171
112 26 1.341719
112 34 1.328248
112 4 1.477395
112 18 1.458495
112 19 1.458079
112 16 1.462651
112 17 1.474123
113 8 0.478343
113 12 0.490345
113 14 0.489276
113 11 0.524275
113 10 0.532865
113 19 0.522081
113 18 0.541760
113 17 0.563684
113 22 0.565694
113 9 0.692587
113 13 0.719940
113 21 0.715276
113 30 0.751295
113 20 0.797047
113 1 0.840237
113 0 0.853242
113 4 0.915742
113 2 0.938354
113 27 0.918488
113 16 0.941531
113 33 0.917159
113 5 0.966729
113 23 0.949068
113 31 0.937852
113 28 0.965076
113 7 1.033910
113 24 1.027918
113 26 1.035889
113 3 1.090738
113 34 1.062783
113 6 1.113101
113 29 1.140714
113 32 1.144465
113 15 1.198575
113 25 1.236726
114 22 0.494726
114 20 0.516256
114 6 0.538027
114 12 0.538261
114 8 0.576583
114 23 0.586404
114 9 0.600791
114 24 0.618216
114 10 0.713552
114 28 0.787760
114 21 0.822507
114 7 0.848681
114 31 0.862948
114 11 0.921454
114 0 0.939317
114 1 0.939135
114 25 0.918585
114 4 0.992939
114 2 1.034315
114 5 1.041810
114 14 1.091707
114 32 1.080855
114 26 1.113362
114 30 1.120212
114 18 1.141901
114 3 1.183003
114 16 1.204157
114 34 1.188703
114 27 1.228194
114 15 1.303375
114 13 1.326156
114 33 1.333417
114 17 1.383257
114 29 1.404438
114 19 1.515550
115 7 0.357204
115 9 0.472659
115 10 0.472886
115 5 0.477151
115 8 0.475500
115 23 0.464984
115 11 0.511314
115 6 0.536788
115 26 0.537376
115 25 0.598034
115 21 0.665520
115 27 0.679191
115 22 0.696082
115 2 0.763577
115 31 0.747096
115 3 0.784297
115 30 0.762564
115 24 0.771119
115 1 0.804095
115 28 0.792248
115 13 0.824342
115 32 0.820739
115 4 0.859541
115 15 0.864648
115 19 0.861804
115 17 0.878186
115 18 0.906666
115 0 0.926687
115 20 0.918835
115 34 0.922814
115 14 0.949970
115 12 0.960816
115 16 0.973386
115 33 0.962801
115 29 0.980699
116 11 0.438232
116 30 0.433763
116 10 0.468527
116 23 0.494535
116 24 0.521264
116 20 0.553887
116 22 0.668459
116 8 0.695687
116 25 0.701500
116 6 0.738753
116 12 0.759826
116 21 0.768121
116 5 0.828333
116 7 0.844725
116 2 0.860237
116 9 0.866945
116 3 0.882862
116 28 0.880917
116 15 0.992359
116 16 1.015082
116 0 1.064890
116 4 1.073950
116 33 1.068483
116 17 1.113741
116 26 1.115323
116 29 1.126117
116 1 1.152547
116 18 1.164026
116 32 1.161321
116 34 1.180542
116 14 1.223582
116 13 1.249444
116 19 1.254725
116 27 1.269891
116 31 1.290090
117 6 0.496670
117 25 0.481315
117 27 0.499772
117 7 0.542619
117 26 0.527532
117 24 0.664719
117 23 0.686519
117 12 0.717421
117 33 0.732590
117 11 0.770466
117 9 0.772865
117 10 0.772889
117 28 0.786194
117 8 0.948713
117 14 0.998315
117 2 1.034781
117 21 1.041891
117 4 1.077546
117 3 1.097116
117 5 1.111764
117 1 1.132645
117 19 1.134010
117 29 1.140062
117 0 1.261512
117 16 1.267799
117 15 1.283322
117 17 1.283726
117 30 1.285527
117 31 1.284170
117 34 1.281821
117 13 1.319246
117 32 1.314434
117 20 1.356864
117 18 1.374452
117 22 1.398843
118 30 0.491305
118 21 0.605802
118 7 0.667178
118 9 0.702432
118 11 0.724300
118 8 0.784734
118 23 0.811525
118 22 0.831408
118 13 0.840524
118 25 0.829495
118 12 0.894808
118 20 0.900745
118 24 0.921810
118 0 0.955689
118 1 0.974152
118 10 1.003055
118 16 1.034359
118 2 1.055716
118 31 1.067721
118 17 1.094657
118 28 1.083517
118 5 1.116671
118 4 1.117683
118 3 1.118813
118 34 1.194633
118 26 1.262785
118 6 1.293919
118 19 1.321641
118 29 1.322693
118 15 1.358658
118 33 1.338533
118 27 1.417431
118 14 1.443443
118 18 1.452605
118 32 1.456093
119 12 0.450058
119 6 0.462979
119 10 0.471463
119 20 0.573407
119 18 0.584699
119 22 0.600237
119 8 0.619250
119 19 0.644045
119 21 0.738815
119 11 0.825125
119 9 0.841875
119 7 0.856371
119 17 0.857870
119 29 0.846032
119 2 0.905229
119 0 0.906920
119 25 0.913854
119 3 0.948458
119 4 0.969555
119 26 0.987569
119 32 0.993479
119 31 1.000126
119 30 1.019047
119 27 1.032692
119 24 1.041287
119 34 1.035494
119 14 1.094374
119 5 1.127156
119 33 1.124032
119 16 1.152073
119 15 1.158227
119 1 1.189951
119 23 1.232972
119 28 1.261949
119 13 1.306351
120 23 0.580058
120 19 0.633312
120 7 0.641651
120 24 0.700560
120 21 0.804628
120 5 0.859799
120 3 1.003950
120 20 1.197754
120 6 1.485018
120 14 1.482981
120 22 1.477879
120 4 1.490221
120 26 1.456068
120 0 1.494713
120 17 1.486366
120 8 1.512051
120 9 1.512618
120 30 1.502185
120 18 1.589218
120 12 1.684657
120 13 1.701765
120 34 1.686367
120 32 1.713636
120 27 1.758570
120 31 1.845179
120 1 1.904558
120 28 1.854860
120 25 1.872338
120 16 1.897603
120 2 1.924438
120 15 1.917341
120 33 1.882883
120 29 1.893973
120 11 1.982554
120 10 1.983715
