21 2 0.113259
21 0 0.116028
21 10 0.116327
21 6 0.141258
21 1 0.151838
21 4 0.161368
21 7 0.153929
21 3 0.165169
21 12 0.157344
21 5 0.176761
21 8 0.169250
21 9 0.173542
21 14 0.163953
21 13 0.175233
21 11 0.186017
21 18 0.150605
21 17 0.175180
21 15 0.211538
21 20 0.172478
21 16 0.209482
21 19 0.184556
21 25 0.153588
21 22 0.180410
21 23 0.161857
21 21 0.193548
21 24 0.185280
21 26 0.184754
21 42 0.141712
21 33 0.180400
21 31 0.182562
21 28 0.190177
21 36 0.161818
21 46 0.144839
21 45 0.146031
21 30 0.194614
21 44 0.150771
21 37 0.167905
21 40 0.166137
21 32 0.200625
21 41 0.164546
21 38 0.171094
21 34 0.199007
21 27 0.215562
21 47 0.155557
21 35 0.193016
21 39 0.174062
21 29 0.207722
21 48 0.157188
21 50 0.162150
21 43 0.177979
21 49 0.168577
22 0 0.104035
22 2 0.105914
22 5 0.160801
22 1 0.170036
22 3 0.186245
22 8 0.184659
22 4 0.191787
22 9 0.203756
22 7 0.209720
22 28 0.231388
22 41 0.222654
22 11 0.268146
22 13 0.265477
22 33 0.241274
22 24 0.261573
22 29 0.251414
22 18 0.273851
22 17 0.274904
22 19 0.273556
22 37 0.248870
22 20 0.273158
22 21 0.276646
22 39 0.255210
22 15 0.282300
22 35 0.256337
22 43 0.243502
22 46 0.254880
22 47 0.256172
22 49 0.254236
22 6 0.307682
22 23 0.291809
22 32 0.277421
22 31 0.279700
22 44 0.265267
22 40 0.270152
22 27 0.286516
22 10 0.311061
22 14 0.306896
22 45 0.270462
22 25 0.297631
22 16 0.307410
22 30 0.289698
22 50 0.267789
22 12 0.315899
22 42 0.278308
22 38 0.282779
22 48 0.274329
22 34 0.289333
22 26 0.300343
22 36 0.292833
22 22 0.314111
23 3 0.103538
23 5 0.103787
23 0 0.115820
23 4 0.164402
23 6 0.186398
23 1 0.201598
23 8 0.210391
23 2 0.225483
23 9 0.238751
23 11 0.254627
23 10 0.271600
23 12 0.277572
23 20 0.273734
23 24 0.270064
23 30 0.263821
23 31 0.263392
23 17 0.277894
23 35 0.259145
23 32 0.264329
23 26 0.272125
23 33 0.263540
23 29 0.270297
23 7 0.290806
23 42 0.256260
23 23 0.277701
23 18 0.283063
23 39 0.260346
23 25 0.276732
23 27 0.275031
23 44 0.255255
23 16 0.285882
23 34 0.266438
23 28 0.275320
23 21 0.285037
23 47 0.256250
23 41 0.264301
23 43 0.263875
23 13 0.294852
23 14 0.295119
23 50 0.255963
23 45 0.263777
23 38 0.271646
23 46 0.262950
23 19 0.293472
23 22 0.292133
23 37 0.275872
23 36 0.279473
23 15 0.302902
23 40 0.276471
23 49 0.265813
23 48 0.273240
24 0 0.088896
24 2 0.094646
24 4 0.101345
24 5 0.142774
24 3 0.159776
24 1 0.182044
24 8 0.177957
24 7 0.201855
24 10 0.203537
24 12 0.223733
24 20 0.232406
24 9 0.241447
24 39 0.216622
24 32 0.224544
24 14 0.244699
24 29 0.234689
24 6 0.255269
24 17 0.247541
24 24 0.241748
24 26 0.240651
24 11 0.254033
24 27 0.239732
24 38 0.227922
24 16 0.251263
24 44 0.223957
24 33 0.235993
24 34 0.235344
24 46 0.223882
24 28 0.242359
24 43 0.227929
24 30 0.241484
24 13 0.258940
24 15 0.259580
24 37 0.236858
24 36 0.238733
24 22 0.254193
24 31 0.244620
24 48 0.226944
24 21 0.258504
24 50 0.228412
24 23 0.257794
24 49 0.230451
24 47 0.234052
24 19 0.263496
24 42 0.239212
24 25 0.259713
24 40 0.244071
24 41 0.243845
24 35 0.250406
24 18 0.271183
24 45 0.245783
25 0 0.102371
25 1 0.101920
25 6 0.147772
25 2 0.178381
25 3 0.186880
25 4 0.193684
25 5 0.195779
25 8 0.223425
25 13 0.256965
25 33 0.239664
25 11 0.265285
25 31 0.242153
25 28 0.263363
25 9 0.283197
25 10 0.282396
25 7 0.285333
25 20 0.274013
25 44 0.257486
25 29 0.274384
25 47 0.254449
25 19 0.286721
25 17 0.291241
25 30 0.278851
25 15 0.294539
25 34 0.274726
25 14 0.298935
25 12 0.301213
25 24 0.289920
25 36 0.276895
25 21 0.296237
25 32 0.283486
25 18 0.299554
25 41 0.274501
25 27 0.290711
25 42 0.277324
25 35 0.289334
25 45 0.278882
25 22 0.304473
25 39 0.285532
25 25 0.303660
25 37 0.289856
25 49 0.276416
25 26 0.303835
25 38 0.290903
25 23 0.308068
25 48 0.280458
25 46 0.284867
25 16 0.318310
25 40 0.293003
25 43 0.290077
25 50 0.282105
26 3 0.094791
26 1 0.122509
26 0 0.140020
26 5 0.145974
26 6 0.160840
26 2 0.166962
26 8 0.161945
26 4 0.167048
26 9 0.179563
26 7 0.185044
26 10 0.191243
26 12 0.192985
26 11 0.198257
26 20 0.186841
26 19 0.195073
26 14 0.206274
26 13 0.209272
26 16 0.208862
26 21 0.195320
26 22 0.194774
26 15 0.232349
26 23 0.209367
26 17 0.227043
26 33 0.209920
26 25 0.231630
26 29 0.218735
26 37 0.196043
26 42 0.169766
26 47 0.146457
26 39 0.190564
26 30 0.226776
26 49 0.151153
26 48 0.154660
26 34 0.220211
26 18 0.266306
26 41 0.186671
26 27 0.246236
26 24 0.257970
26 35 0.229034
26 43 0.183441
26 31 0.244005
26 45 0.180797
26 46 0.175370
26 32 0.248673
26 50 0.173206
26 44 0.189317
26 38 0.224143
26 28 0.259404
26 26 0.275095
26 40 0.222832
26 36 0.244792
27 0 0.113764
27 1 0.115981
27 3 0.177038
27 2 0.177964
27 4 0.185912
27 10 0.181842
27 8 0.195566
27 34 0.218604
27 6 0.249056
27 33 0.222328
27 7 0.250402
27 19 0.242422
27 42 0.214570
27 30 0.238682
27 5 0.264994
27 22 0.250650
27 23 0.250659
27 12 0.260884
27 26 0.250692
27 50 0.221595
27 24 0.254997
27 16 0.264530
27 14 0.266907
27 29 0.253945
27 32 0.248643
27 13 0.269802
27 9 0.273184
27 44 0.235724
27 18 0.267770
27 17 0.269005
27 21 0.265357
27 47 0.236396
27 38 0.247125
27 27 0.267613
27 25 0.270736
27 40 0.252291
27 28 0.270100
27 11 0.285841
27 31 0.265638
27 48 0.247264
27 43 0.253822
27 37 0.262557
27 35 0.266132
27 39 0.261051
27 15 0.290896
27 36 0.269686
27 20 0.289983
27 46 0.258771
27 45 0.261458
27 49 0.258562
27 41 0.267321
28 0 0.100037
28 4 0.100846
28 5 0.104895
28 3 0.150300
28 1 0.182375
28 2 0.184392
28 6 0.190922
28 10 0.208895
28 7 0.243010
28 8 0.242849
28 12 0.254269
28 9 0.261639
28 20 0.258899
28 13 0.278463
28 22 0.270858
28 41 0.249859
28 26 0.267133
28 32 0.259561
28 14 0.281842
28 31 0.263668
28 24 0.274799
28 38 0.260143
28 18 0.285379
28 44 0.257612
28 34 0.273753
28 50 0.263503
28 49 0.265012
28 16 0.301027
28 21 0.296652
28 15 0.303073
28 28 0.289425
28 40 0.276742
28 35 0.281635
28 36 0.283152
28 19 0.303292
28 25 0.298400
28 30 0.292607
28 17 0.310269
28 42 0.283685
28 11 0.320351
28 29 0.304089
28 23 0.312864
28 43 0.294654
28 47 0.290094
28 27 0.312888
28 46 0.293753
28 33 0.307372
28 39 0.303175
28 37 0.308585
28 45 0.301363
28 48 0.300485
29 0 0.113441
29 2 0.132880
29 1 0.144350
29 3 0.192260
29 4 0.208780
29 33 0.243259
29 5 0.270143
29 11 0.279656
29 31 0.274966
29 12 0.293705
29 8 0.297199
29 9 0.296775
29 10 0.296165
29 6 0.300974
29 13 0.295959
29 14 0.295691
29 28 0.283599
29 44 0.268394
29 30 0.299247
29 29 0.302589
29 20 0.317182
29 7 0.328744
29 22 0.317211
29 39 0.299645
29 16 0.324228
29 27 0.326722
29 34 0.320372
29 32 0.324864
29 40 0.323456
29 17 0.347590
29 24 0.344979
29 23 0.345907
29 21 0.349645
29 42 0.328911
29 45 0.326666
29 19 0.356380
29 48 0.327329
29 18 0.359317
29 50 0.329613
29 15 0.366827
29 25 0.360439
29 38 0.346764
29 47 0.337282
29 36 0.352442
29 37 0.351548
29 46 0.342602
29 49 0.340957
29 43 0.349514
29 26 0.371055
29 35 0.362268
29 41 0.358348
30 0 0.104430
30 2 0.105600
30 6 0.108081
30 3 0.169869
30 4 0.180059
30 5 0.192851
30 9 0.206142
30 1 0.212654
30 7 0.259512
30 29 0.242867
30 13 0.259642
30 32 0.244741
30 19 0.261231
30 21 0.261940
30 10 0.285077
30 8 0.288034
30 33 0.265043
30 12 0.285538
30 27 0.272772
30 44 0.257536
30 31 0.271506
30 18 0.286977
30 11 0.293967
30 24 0.283134
30 17 0.290173
30 20 0.288849
30 23 0.289023
30 38 0.274266
30 26 0.285859
30 15 0.296976
30 14 0.298125
30 16 0.296821
30 28 0.287521
30 43 0.286704
30 25 0.307508
30 42 0.292583
30 30 0.304567
30 41 0.296437
30 47 0.292178
30 49 0.290390
30 40 0.301537
30 45 0.298074
30 39 0.305415
30 22 0.323357
30 50 0.295419
30 37 0.314337
30 36 0.315658
30 35 0.317485
30 46 0.306392
30 34 0.318484
30 48 0.313129
31 4 0.133214
31 0 0.136440
31 5 0.182206
31 3 0.200336
31 8 0.202405
31 2 0.210891
31 1 0.215892
31 6 0.218105
31 9 0.217014
31 20 0.240646
31 28 0.237242
31 27 0.239743
31 33 0.244399
31 31 0.236656
31 14 0.254902
31 7 0.260351
31 13 0.256373
31 10 0.277360
31 17 0.264172
31 50 0.227378
31 26 0.255623
31 42 0.238930
31 44 0.238385
31 29 0.255273
31 12 0.255529
31 22 0.268096
31 19 0.272023
31 38 0.252311
31 34 0.258564
31 21 0.273760
31 41 0.252606
31 24 0.272423
31 48 0.248981
31 23 0.279139
31 46 0.255986
31 30 0.275495
31 32 0.275196
31 37 0.273000
31 15 0.296898
31 11 0.300592
31 25 0.287362
31 18 0.296838
31 47 0.265117
31 16 0.302351
31 49 0.266849
31 40 0.278438
31 36 0.283001
31 39 0.285177
31 43 0.284223
31 35 0.295312
31 45 0.295446
32 1 0.128785
32 0 0.131074
32 2 0.145266
32 6 0.202173
32 5 0.203274
32 4 0.225897
32 3 0.255392
32 12 0.250902
32 10 0.253637
32 14 0.253860
32 29 0.238970
32 28 0.240811
32 8 0.259564
32 32 0.240612
32 31 0.246106
32 7 0.270338
32 13 0.268267
32 11 0.273284
32 9 0.278563
32 30 0.269537
32 20 0.282879
32 16 0.286670
32 33 0.272516
32 44 0.261238
32 36 0.270311
32 18 0.290471
32 27 0.282190
32 26 0.286944
32 40 0.272834
32 24 0.290905
32 21 0.298844
32 25 0.294699
32 22 0.298559
32 45 0.275258
32 35 0.288485
32 19 0.308022
32 17 0.310564
32 48 0.278871
32 42 0.285817
32 50 0.280575
32 39 0.292733
32 34 0.300401
32 38 0.297636
32 43 0.294006
32 23 0.320965
32 15 0.329419
32 47 0.297344
32 46 0.298489
32 37 0.310241
32 41 0.308356
32 49 0.299607
33 2 0.129912
33 0 0.144714
33 1 0.149740
33 8 0.202322
33 4 0.212207
33 10 0.219693
33 3 0.234151
33 9 0.232020
33 5 0.247096
33 33 0.228086
33 14 0.249497
33 31 0.234151
33 11 0.255492
33 7 0.262431
33 13 0.262542
33 32 0.242369
33 29 0.247077
33 30 0.259230
33 12 0.279373
33 28 0.265388
33 44 0.248193
33 18 0.291245
33 24 0.287306
33 25 0.286747
33 22 0.291167
33 15 0.306264
33 17 0.305209
33 43 0.274521
33 19 0.303779
33 21 0.301607
33 45 0.274648
33 27 0.298055
33 42 0.280585
33 16 0.312043
33 26 0.302758
33 46 0.279012
33 23 0.308753
33 47 0.280522
33 37 0.300999
33 35 0.303972
33 41 0.296829
33 49 0.287258
33 20 0.325714
33 6 0.338903
33 36 0.306717
33 34 0.312750
33 39 0.306258
33 50 0.295184
33 38 0.311779
33 40 0.309602
33 48 0.303960
34 4 0.117617
34 0 0.121163
34 3 0.180074
34 1 0.182414
34 2 0.187373
34 5 0.206683
34 8 0.216461
34 6 0.242351
34 11 0.250077
34 14 0.248209
34 28 0.240703
34 10 0.256805
34 33 0.242846
34 9 0.265877
34 7 0.267475
34 12 0.267743
34 32 0.252826
34 44 0.241261
34 43 0.243069
34 29 0.266718
34 45 0.250805
34 20 0.276770
34 16 0.280695
34 13 0.283633
34 24 0.275224
34 47 0.252994
34 38 0.262197
34 19 0.285344
34 30 0.274835
34 46 0.259981
34 27 0.280670
34 31 0.275382
34 36 0.271327
34 17 0.292754
34 41 0.272159
34 40 0.274913
34 37 0.278572
34 21 0.299128
34 26 0.296347
34 15 0.305948
34 50 0.271010
34 48 0.272840
34 25 0.299086
34 42 0.281219
34 18 0.307706
34 34 0.294941
34 39 0.293164
34 22 0.312801
34 49 0.285369
34 35 0.302645
34 23 0.317346
35 3 0.143169
35 0 0.150937
35 10 0.224683
35 5 0.235531
35 8 0.262231
35 4 0.265333
35 13 0.261112
35 32 0.243940
35 9 0.265951
35 6 0.268302
35 1 0.274536
35 29 0.252408
35 11 0.283146
35 30 0.267877
35 21 0.280727
35 2 0.296040
35 12 0.291041
35 17 0.290754
35 31 0.277363
35 19 0.289580
35 14 0.302050
35 33 0.286599
35 18 0.305019
35 35 0.289965
35 38 0.295400
35 15 0.318591
35 44 0.289401
35 42 0.296719
35 24 0.316620
35 25 0.316129
35 28 0.313804
35 41 0.301437
35 34 0.311962
35 47 0.299665
35 27 0.324913
35 50 0.302937
35 46 0.306772
35 26 0.329261
35 37 0.317293
35 22 0.338403
35 16 0.343748
35 23 0.347118
35 20 0.351342
35 7 0.362654
35 49 0.325263
35 43 0.331548
35 45 0.333495
35 36 0.344402
35 39 0.345691
35 40 0.345351
35 48 0.338426
36 0 0.101875
36 5 0.119147
36 2 0.130058
36 4 0.182957
36 1 0.194118
36 9 0.203295
36 3 0.211270
36 10 0.241593
36 13 0.248891
36 11 0.252002
36 29 0.243676
36 7 0.264150
36 12 0.262100
36 21 0.258191
36 30 0.252552
36 38 0.259887
36 6 0.295100
36 22 0.282449
36 25 0.281367
36 39 0.266039
36 28 0.279049
36 8 0.296292
36 15 0.291365
36 23 0.285190
36 33 0.274693
36 32 0.277791
36 34 0.275965
36 19 0.291463
36 42 0.270036
36 43 0.269225
36 17 0.298831
36 14 0.301536
36 46 0.272048
36 50 0.270631
36 41 0.281128
36 37 0.286699
36 44 0.281115
36 31 0.295765
36 47 0.280671
36 36 0.293768
36 27 0.305486
36 16 0.317060
36 40 0.293538
36 24 0.311583
36 26 0.314133
36 18 0.323629
36 48 0.295519
36 49 0.296175
36 45 0.301692
36 35 0.312499
36 20 0.331420
37 0 0.155237
37 2 0.168677
37 4 0.172797
37 1 0.196072
37 3 0.205413
37 6 0.169909
37 8 0.154869
37 11 0.094283
37 10 0.096672
37 5 0.235677
37 9 0.118301
37 7 0.203172
37 12 0.133299
37 14 0.135678
37 13 0.140282
37 18 0.239149
37 28 0.223745
37 26 0.275985
37 46 0.228316
37 16 0.301572
37 43 0.236546
37 22 0.287374
37 30 0.262011
37 44 0.243745
37 48 0.238975
37 40 0.275616
37 42 0.275588
37 25 0.320142
37 15 0.342039
37 32 0.296361
37 17 0.339415
37 27 0.309607
37 24 0.323643
37 21 0.328163
37 33 0.300694
37 31 0.306060
37 20 0.347910
37 37 0.309079
37 19 0.359204
37 39 0.314247
37 29 0.334742
37 47 0.313883
37 36 0.331115
37 34 0.338335
37 38 0.334977
37 45 0.328148
37 23 0.387482
37 50 0.334411
37 35 0.363891
37 41 0.354685
37 49 0.351958
38 3 0.159813
38 2 0.193286
38 0 0.198222
38 1 0.223632
38 8 0.251590
38 10 0.278470
38 12 0.278019
38 5 0.284009
38 28 0.267425
38 13 0.286084
38 9 0.290939
38 29 0.281996
38 30 0.284324
38 14 0.301930
38 11 0.316868
38 31 0.299235
38 7 0.325417
38 44 0.301962
38 33 0.332415
38 25 0.340659
38 40 0.334067
38 18 0.358629
38 32 0.346058
38 4 0.376093
38 26 0.355746
38 17 0.372545
38 22 0.371134
38 6 0.386632
38 15 0.383383
38 48 0.355682
38 42 0.362505
38 36 0.372100
38 39 0.372617
38 38 0.376440
38 16 0.400832
38 20 0.399013
38 34 0.387830
38 23 0.404977
38 45 0.379968
38 19 0.410467
38 41 0.385734
38 50 0.378606
38 27 0.409627
38 47 0.386662
38 21 0.418130
38 37 0.400842
38 24 0.420754
38 46 0.397874
38 43 0.403636
38 35 0.419631
38 49 0.405918
39 0 0.140484
39 3 0.143182
39 1 0.161877
39 5 0.173342
39 20 0.232495
39 8 0.254566
39 9 0.259227
39 11 0.257871
39 4 0.273970
39 14 0.267146
39 30 0.252102
39 12 0.272291
39 29 0.258963
39 2 0.289665
39 6 0.288473
39 32 0.265124
39 7 0.288399
39 19 0.284782
39 21 0.284339
39 17 0.287982
39 39 0.267481
39 31 0.277294
39 44 0.264780
39 10 0.299092
39 48 0.260599
39 33 0.281293
39 13 0.308255
39 28 0.296234
39 36 0.292547
39 24 0.310055
39 40 0.295511
39 26 0.313140
39 25 0.322719
39 42 0.307662
39 45 0.306351
39 18 0.340417
39 50 0.308342
39 15 0.345504
39 34 0.326967
39 38 0.322985
39 46 0.315309
39 23 0.340631
39 43 0.322215
39 22 0.348876
39 41 0.327914
39 37 0.332917
39 35 0.336725
39 16 0.359045
39 27 0.348838
39 49 0.325974
39 47 0.354136
40 3 0.117750
40 0 0.148661
40 2 0.164916
40 5 0.184491
40 6 0.201783
40 9 0.205114
40 4 0.215699
40 8 0.223070
40 19 0.242760
40 33 0.240279
40 31 0.245399
40 12 0.272126
40 21 0.267183
40 1 0.287031
40 14 0.289757
40 44 0.259512
40 16 0.289670
40 11 0.294354
40 29 0.277499
40 30 0.276615
40 28 0.279400
40 13 0.297108
40 24 0.299699
40 34 0.292724
40 40 0.285885
40 18 0.310242
40 7 0.321469
40 26 0.305540
40 10 0.320393
40 45 0.286118
40 32 0.302439
40 17 0.322311
40 22 0.317261
40 35 0.306914
40 42 0.305412
40 15 0.337498
40 46 0.307053
40 23 0.334595
40 43 0.314019
40 37 0.320840
40 47 0.311900
40 41 0.318748
40 38 0.323837
40 36 0.329547
40 50 0.325045
40 49 0.329812
40 20 0.362008
40 39 0.342420
40 27 0.360582
40 25 0.362989
40 48 0.342059
41 9 0.174914
41 0 0.182213
41 2 0.187891
41 5 0.222182
41 3 0.227887
41 8 0.224427
41 6 0.234863
41 1 0.251013
41 12 0.269459
41 14 0.268164
41 11 0.270840
41 31 0.252908
41 10 0.280553
41 33 0.252515
41 4 0.286811
41 32 0.254346
41 28 0.259698
41 44 0.261426
41 30 0.290421
41 13 0.318107
41 18 0.315418
41 7 0.323757
41 20 0.328700
41 29 0.322022
41 17 0.342816
41 19 0.341415
41 16 0.345322
41 15 0.350886
41 46 0.314749
41 43 0.318692
41 22 0.352812
41 25 0.350275
41 35 0.332398
41 39 0.336076
41 34 0.343162
41 21 0.366495
41 38 0.344483
41 37 0.352304
41 24 0.375302
41 26 0.377635
41 41 0.353709
41 48 0.346124
41 42 0.355544
41 36 0.369657
41 47 0.363029
41 23 0.397328
41 49 0.362263
41 45 0.367553
41 40 0.376546
41 27 0.396871
41 50 0.368257
42 0 0.168998
42 6 0.177870
42 3 0.241589
42 2 0.258596
42 10 0.274040
42 13 0.272094
42 8 0.311079
42 20 0.301982
42 28 0.293694
42 14 0.307180
42 9 0.313539
42 29 0.296671
42 23 0.304328
42 4 0.320778
42 1 0.324940
42 34 0.297814
42 11 0.320273
42 33 0.299267
42 7 0.326427
42 17 0.319819
42 5 0.330065
42 12 0.327467
42 44 0.293520
42 30 0.317511
42 39 0.305962
42 31 0.326436
42 41 0.312880
42 22 0.337857
42 24 0.338655
42 25 0.337967
42 38 0.320739
42 32 0.331282
42 18 0.349283
42 42 0.320679
42 15 0.353650
42 21 0.352722
42 19 0.356389
42 46 0.326918
42 35 0.342485
42 37 0.339069
42 48 0.333556
42 36 0.347577
42 43 0.343029
42 40 0.348882
42 26 0.374171
42 27 0.373333
42 16 0.385042
42 49 0.348191
42 47 0.352077
42 50 0.350483
42 45 0.361213
43 0 0.184651
43 4 0.199567
43 9 0.216600
43 8 0.233865
43 14 0.263894
43 11 0.271401
43 32 0.258200
43 12 0.284577
43 2 0.294872
43 5 0.298845
43 30 0.276304
43 44 0.264437
43 31 0.277778
43 1 0.312045
43 33 0.284688
43 10 0.307048
43 13 0.308905
43 29 0.305747
43 18 0.319896
43 28 0.311958
43 3 0.336678
43 39 0.319120
43 48 0.324717
43 42 0.334786
43 47 0.333540
43 17 0.364633
43 16 0.367653
43 38 0.349661
43 37 0.360862
43 34 0.366803
43 45 0.357703
43 26 0.382872
43 23 0.385741
43 19 0.389872
43 50 0.359416
43 40 0.372211
43 25 0.392184
43 27 0.392358
43 7 0.411378
43 21 0.402669
43 15 0.408655
43 49 0.375684
43 24 0.405695
43 41 0.391276
43 20 0.418667
43 35 0.404897
43 43 0.397399
43 36 0.405261
43 6 0.433281
43 46 0.396540
43 22 0.427843
44 9 0.202833
44 11 0.210356
44 1 0.243501
44 8 0.228605
44 3 0.315757
44 10 0.306639
44 2 0.369717
44 0 0.376760
44 7 0.361348
44 5 0.364011
44 29 0.322518
44 4 0.368668
44 13 0.378783
44 31 0.337625
44 45 0.389857
44 28 0.424617
44 17 0.454045
44 12 0.465311
44 16 0.462012
44 15 0.463507
44 33 0.417997
44 6 0.484762
44 44 0.427192
44 35 0.438225
44 39 0.450667
44 42 0.448975
44 27 0.487753
44 41 0.465011
44 19 0.522566
44 14 0.528948
44 37 0.473112
44 46 0.479328
44 21 0.543441
44 25 0.541526
44 23 0.552000
44 40 0.501638
44 32 0.519050
44 30 0.545227
44 20 0.577220
44 47 0.523282
44 50 0.527937
44 38 0.542707
44 36 0.549259
44 49 0.551299
44 24 0.612383
44 43 0.566744
44 34 0.595331
44 48 0.586359
44 18 0.670620
44 26 0.654241
44 22 0.673931
45 9 0.173463
45 8 0.221223
45 4 0.283930
45 10 0.184710
45 1 0.309756
45 5 0.302760
45 0 0.332408
45 3 0.341475
45 6 0.373537
45 14 0.255716
45 13 0.277921
45 11 0.288007
45 31 0.281292
45 2 0.479986
45 12 0.345433
45 28 0.331546
45 33 0.323856
45 7 0.477113
45 30 0.356716
45 26 0.369366
45 32 0.373658
45 17 0.399453
45 15 0.437871
45 18 0.436825
45 46 0.383300
45 20 0.436419
45 43 0.393365
45 29 0.433161
45 23 0.446163
45 44 0.404069
45 24 0.449279
45 41 0.426906
45 42 0.422442
45 48 0.410324
45 38 0.445262
45 34 0.464868
45 37 0.470402
45 40 0.467435
45 36 0.484857
45 47 0.452813
45 45 0.468511
45 35 0.506937
45 25 0.525594
45 27 0.536220
45 16 0.550423
45 22 0.547084
45 19 0.559855
45 21 0.580337
45 39 0.563541
45 49 0.537227
45 50 0.546867
46 0 0.201949
46 9 0.270364
46 10 0.276571
46 14 0.282388
46 4 0.296185
46 12 0.290598
46 1 0.299634
46 32 0.295374
46 2 0.343583
46 29 0.320032
46 3 0.345713
46 11 0.387285
46 28 0.372343
46 13 0.406320
46 7 0.413251
46 5 0.425764
46 30 0.404691
46 8 0.430966
46 31 0.407362
46 33 0.406147
46 26 0.417073
46 44 0.396251
46 49 0.400390
46 47 0.407443
46 41 0.415813
46 38 0.419106
46 40 0.418722
46 21 0.449363
46 46 0.421704
46 6 0.467468
46 16 0.463785
46 25 0.468381
46 20 0.478743
46 50 0.451113
46 27 0.483655
46 34 0.474506
46 17 0.496619
46 15 0.509174
46 19 0.509926
46 37 0.496917
46 48 0.486740
46 39 0.500188
46 36 0.505880
46 45 0.497346
46 24 0.528899
46 43 0.507911
46 35 0.517791
46 42 0.516055
46 23 0.546849
46 22 0.550473
46 18 0.557954
47 0 0.214484
47 32 0.273973
47 44 0.264771
47 5 0.316785
47 12 0.313421
47 30 0.296187
47 10 0.316450
47 4 0.330028
47 28 0.313874
47 2 0.346131
47 8 0.347288
47 9 0.350453
47 14 0.348192
47 24 0.358651
47 1 0.387607
47 22 0.372853
47 33 0.364462
47 26 0.371879
47 3 0.414678
47 7 0.438027
47 31 0.427898
47 15 0.446300
47 29 0.433690
47 11 0.453175
47 13 0.466532
47 16 0.470500
47 19 0.486947
47 20 0.492322
47 23 0.489497
47 17 0.500975
47 25 0.494321
47 18 0.514897
47 48 0.490477
47 6 0.534104
47 39 0.501897
47 43 0.508227
47 34 0.532096
47 37 0.529340
47 21 0.546993
47 35 0.531839
47 45 0.520824
47 41 0.526254
47 27 0.546729
47 49 0.524813
47 40 0.536288
47 38 0.544438
47 47 0.536477
47 46 0.543429
47 36 0.568276
47 50 0.565818
47 42 0.577071
48 3 0.205064
48 0 0.235012
48 2 0.343992
48 5 0.419637
48 14 0.448857
48 29 0.444001
48 12 0.463408
48 9 0.467392
48 11 0.465896
48 4 0.472080
48 13 0.465176
48 33 0.508631
48 30 0.511867
48 8 0.535281
48 28 0.518196
48 1 0.554229
48 31 0.558569
48 10 0.581679
48 18 0.607761
48 15 0.612478
48 6 0.637046
48 20 0.631861
48 32 0.676997
48 24 0.687385
48 22 0.711590
48 16 0.719922
48 26 0.710477
48 7 0.759803
48 44 0.719654
48 27 0.745626
48 35 0.740131
48 17 0.775865
48 19 0.780210
48 45 0.767882
48 36 0.784178
48 21 0.803553
48 40 0.781504
48 42 0.786165
48 47 0.786698
48 48 0.788545
48 50 0.784264
48 38 0.806047
48 43 0.810093
48 46 0.811943
48 37 0.828102
48 49 0.810968
48 25 0.856970
48 34 0.848235
48 39 0.845591
48 23 0.887057
48 41 0.874481
49 1 0.188057
49 8 0.249921
49 9 0.274334
49 3 0.281829
49 13 0.289505
49 12 0.291041
49 14 0.290373
49 28 0.281897
49 32 0.342896
49 0 0.374838
49 2 0.373669
49 33 0.344205
49 4 0.372719
49 10 0.368374
49 29 0.351826
49 30 0.348253
49 6 0.372822
49 31 0.348223
49 5 0.392415
49 11 0.389563
49 44 0.355566
49 16 0.422072
49 18 0.421486
49 17 0.449967
49 19 0.459533
49 24 0.460308
49 45 0.439685
49 25 0.463182
49 21 0.470023
49 23 0.469018
49 20 0.475928
49 40 0.457932
49 15 0.492532
49 43 0.474614
49 42 0.479658
49 27 0.498230
49 47 0.477940
49 46 0.479187
49 22 0.513177
49 38 0.500212
49 7 0.533466
49 50 0.491282
49 41 0.506854
49 36 0.515126
49 34 0.522968
49 26 0.534515
49 39 0.522337
49 48 0.516185
49 35 0.535641
49 49 0.530093
49 37 0.552775
50 14 0.238805
50 3 0.273068
50 8 0.263771
50 9 0.265596
50 1 0.289551
50 4 0.286989
50 5 0.296058
50 13 0.280801
50 10 0.295132
50 0 0.320243
50 12 0.294763
50 11 0.303646
50 7 0.341017
50 2 0.379158
50 6 0.388293
50 15 0.364726
50 33 0.245779
50 29 0.254280
50 17 0.449525
50 21 0.302875
50 16 0.509264
50 19 0.360034
50 32 0.251484
50 30 0.254484
50 23 0.313889
50 28 0.290642
50 22 0.320892
50 31 0.293311
50 20 0.396634
50 27 0.334255
50 24 0.345019
50 44 0.309798
50 43 0.364075
50 37 0.375410
50 45 0.371662
50 36 0.399632
50 49 0.375978
50 39 0.399099
50 41 0.397064
50 47 0.394449
50 26 0.443498
50 18 0.562716
50 46 0.415800
50 40 0.430330
50 34 0.455809
50 35 0.451996
50 42 0.454501
50 48 0.447940
50 25 0.498911
50 38 0.479439
50 50 0.460399
51 8 0.192684
51 9 0.202431
51 10 0.161486
51 5 0.268415
51 11 0.199531
51 12 0.207189
51 1 0.335821
51 0 0.362315
51 2 0.378683
51 6 0.375812
51 4 0.384184
51 28 0.270862
51 13 0.299011
51 30 0.294193
51 33 0.290649
51 44 0.297629
51 7 0.440944
51 14 0.359106
51 31 0.339144
51 32 0.338304
51 3 0.521453
51 29 0.402876
51 18 0.423737
51 37 0.413894
51 15 0.453206
51 22 0.450676
51 38 0.430357
51 26 0.459082
51 46 0.443710
51 20 0.476170
51 47 0.452242
51 36 0.468560
51 42 0.464048
51 17 0.492635
51 24 0.491516
51 19 0.496280
51 23 0.496966
51 21 0.503153
51 50 0.472969
51 41 0.488066
51 48 0.483965
51 34 0.499698
51 45 0.492692
51 35 0.504290
51 39 0.503730
51 40 0.507847
51 43 0.519699
51 16 0.556046
51 49 0.521568
51 25 0.553820
51 27 0.555106
52 10 0.156108
52 8 0.191877
52 4 0.232611
52 3 0.244228
52 1 0.250832
52 9 0.211810
52 11 0.203727
52 0 0.277460
52 2 0.273466
52 7 0.245076
52 5 0.297069
52 6 0.328880
52 14 0.262535
52 12 0.269627
52 13 0.282633
52 15 0.385307
52 17 0.320524
52 22 0.306715
52 30 0.279867
52 29 0.296413
52 28 0.300060
52 16 0.407457
52 19 0.397718
52 23 0.363546
52 26 0.354657
52 31 0.335320
52 27 0.353721
52 32 0.338365
52 18 0.419497
52 20 0.419173
52 21 0.411438
52 24 0.419221
52 25 0.422837
52 33 0.390188
52 44 0.351342
52 35 0.464111
52 36 0.470797
52 42 0.458376
52 40 0.481928
52 47 0.424565
52 45 0.448940
52 37 0.513563
52 34 0.525620
52 38 0.517054
52 41 0.513271
52 50 0.452753
52 43 0.513651
52 46 0.481971
52 39 0.543481
52 49 0.478568
52 48 0.509745
53 9 0.243781
53 11 0.307815
53 28 0.292513
53 0 0.341096
53 13 0.331354
53 14 0.335482
53 12 0.338370
53 8 0.381391
53 30 0.376671
53 4 0.409331
53 5 0.409368
53 44 0.356654
53 29 0.385571
53 10 0.420472
53 1 0.512908
53 2 0.525376
53 20 0.508295
53 21 0.531964
53 34 0.510299
53 48 0.492189
53 33 0.512223
53 24 0.531595
53 32 0.519628
53 46 0.497864
53 45 0.505232
53 31 0.535636
53 26 0.549353
53 18 0.560442
53 3 0.579224
53 15 0.575418
53 39 0.552154
53 42 0.548670
53 37 0.561061
53 40 0.556971
53 41 0.581987
53 7 0.631687
53 22 0.618145
53 17 0.625598
53 6 0.641769
53 35 0.602661
53 50 0.598972
53 16 0.652288
53 36 0.628066
53 27 0.678380
53 23 0.705166
53 25 0.705146
53 47 0.678912
53 49 0.679183
53 43 0.692652
53 19 0.736646
53 38 0.710403
54 13 0.247033
54 11 0.255333
54 10 0.257656
54 2 0.274044
54 8 0.263557
54 9 0.287676
54 3 0.324996
54 1 0.331123
54 12 0.324497
54 0 0.347644
54 14 0.343764
54 5 0.370018
54 4 0.385597
54 6 0.382517
54 7 0.425761
54 15 0.411159
54 17 0.427331
54 29 0.371537
54 31 0.339544
54 30 0.380514
54 28 0.405777
54 18 0.504706
54 16 0.506332
54 19 0.520184
54 33 0.373767
54 20 0.536261
54 21 0.565210
54 25 0.532829
54 23 0.561876
54 32 0.460640
54 27 0.544029
54 44 0.377047
54 48 0.350016
54 50 0.357433
54 37 0.427261
54 22 0.640299
54 24 0.632424
54 26 0.602804
54 35 0.455408
54 42 0.434371
54 38 0.454662
54 46 0.430238
54 40 0.458436
54 39 0.467060
54 45 0.458431
54 34 0.508403
54 43 0.488160
54 36 0.517088
54 47 0.476318
54 41 0.535438
54 49 0.508419
55 0 0.328579
55 2 0.317011
55 8 0.267186
55 9 0.276803
55 4 0.350797
55 10 0.384683
55 5 0.394864
55 14 0.386006
55 28 0.366738
55 1 0.476353
55 12 0.420739
55 6 0.483633
55 30 0.445818
55 33 0.440882
55 13 0.476208
55 7 0.490182
55 3 0.496585
55 31 0.456948
55 32 0.488843
55 38 0.481367
55 22 0.541048
55 44 0.506957
55 24 0.584899
55 43 0.559041
55 17 0.611963
55 19 0.610914
55 34 0.589112
55 40 0.599461
55 11 0.657449
55 18 0.660797
55 29 0.655153
55 15 0.680950
55 39 0.654269
55 37 0.667604
55 47 0.658084
55 26 0.701115
55 45 0.678446
55 16 0.729234
55 20 0.728981
55 46 0.687209
55 42 0.693559
55 36 0.708282
55 49 0.702211
55 50 0.704191
55 35 0.747215
55 48 0.736810
55 23 0.785324
55 27 0.779222
55 41 0.755211
55 25 0.789370
55 21 0.822953
56 0 0.290922
56 3 0.327191
56 5 0.293007
56 8 0.221852
56 2 0.349618
56 1 0.355604
56 9 0.203138
56 10 0.173475
56 4 0.385502
56 11 0.206746
56 6 0.372399
56 13 0.206920
56 7 0.351709
56 12 0.258589
56 14 0.194998
56 20 0.151960
56 15 0.311596
56 17 0.306128
56 25 0.324856
56 27 0.382455
56 33 0.362908
56 21 0.398924
56 19 0.403256
56 32 0.373021
56 29 0.381574
56 16 0.432318
56 44 0.340601
56 28 0.380290
56 31 0.377396
56 46 0.365124
56 18 0.428176
56 22 0.423376
56 23 0.428213
56 26 0.421629
56 49 0.386101
56 30 0.443965
56 24 0.494864
56 41 0.462161
56 43 0.463240
56 35 0.479466
56 34 0.497147
56 37 0.496281
56 45 0.491440
56 39 0.501367
56 47 0.524693
56 38 0.551786
56 42 0.548266
56 50 0.538677
56 40 0.560185
56 36 0.575363
56 48 0.584054
57 3 0.221853
57 8 0.323357
57 12 0.327460
57 30 0.312869
57 10 0.335955
57 44 0.295233
57 14 0.348105
57 1 0.388855
57 0 0.410368
57 11 0.403508
57 32 0.377972
57 29 0.394769
57 2 0.431132
57 28 0.427507
57 4 0.477425
57 5 0.479085
57 6 0.529533
57 18 0.515463
57 13 0.541762
57 7 0.561052
57 24 0.560383
57 31 0.559290
57 9 0.600886
57 38 0.571111
57 36 0.573504
57 34 0.578870
57 26 0.600713
57 22 0.613491
57 33 0.610156
57 41 0.606089
57 42 0.619018
57 39 0.639280
57 50 0.628473
57 16 0.685110
57 48 0.644976
57 17 0.693838
57 35 0.677048
57 20 0.702223
57 47 0.670403
57 46 0.679990
57 19 0.727246
57 43 0.717856
57 15 0.759585
57 40 0.733468
57 27 0.751814
57 25 0.757639
57 49 0.740154
57 23 0.786070
57 45 0.770248
57 21 0.818931
57 37 0.816438
58 9 0.292217
58 12 0.353744
58 3 0.362042
58 8 0.407492
58 10 0.445861
58 2 0.456492
58 7 0.476484
58 5 0.480737
58 29 0.466900
58 1 0.551921
58 0 0.553748
58 30 0.544845
58 39 0.644490
58 21 0.679750
58 15 0.691543
58 14 0.707471
58 19 0.705978
58 13 0.722481
58 11 0.728260
58 25 0.705450
58 32 0.701581
58 6 0.744482
58 20 0.724014
58 33 0.701812
58 4 0.760622
58 45 0.710140
58 27 0.745930
58 44 0.731815
58 31 0.759275
58 18 0.798445
58 23 0.802468
58 28 0.791681
58 16 0.861722
58 34 0.835429
58 35 0.853239
58 47 0.818173
58 24 0.882269
58 43 0.847083
58 49 0.821464
58 22 0.905677
58 41 0.893070
58 17 0.956307
58 37 0.922378
58 42 0.913854
58 40 0.926977
58 26 0.971489
58 48 0.912203
58 46 0.942216
58 36 0.968008
58 50 0.932678
58 38 1.005938
59 8 0.281505
59 10 0.367961
59 14 0.364471
59 4 0.375980
59 11 0.372064
59 3 0.396676
59 5 0.410938
59 30 0.382147
59 2 0.430319
59 6 0.449669
59 32 0.427139
59 44 0.426804
59 0 0.495836
59 28 0.452319
59 1 0.496047
59 7 0.508297
59 12 0.505222
59 16 0.533278
59 34 0.504667
59 33 0.529772
59 31 0.536009
59 9 0.593210
59 29 0.562296
59 13 0.592302
59 26 0.579640
59 18 0.603587
59 17 0.620260
59 48 0.573174
59 22 0.647580
59 41 0.645447
59 42 0.648043
59 43 0.666601
59 36 0.682694
59 37 0.693723
59 40 0.701144
59 20 0.737189
59 50 0.700779
59 38 0.723463
59 46 0.725521
59 24 0.770620
59 45 0.740476
59 47 0.746609
59 23 0.802312
59 21 0.815850
59 25 0.817500
59 35 0.804016
59 19 0.840570
59 49 0.796311
59 15 0.862767
59 39 0.826714
59 27 0.885804
60 8 0.290699
60 3 0.324525
60 11 0.362575
60 13 0.364282
60 1 0.403485
60 29 0.375796
60 33 0.396384
60 9 0.436133
60 10 0.436519
60 31 0.410818
60 7 0.469605
60 32 0.447650
60 0 0.505992
60 39 0.478916
60 23 0.566795
60 45 0.537698
60 24 0.603850
60 30 0.601077
60 44 0.579959
60 5 0.635991
60 14 0.635357
60 19 0.632340
60 20 0.639771
60 35 0.631836
60 48 0.685345
60 28 0.730718
60 2 0.780267
60 12 0.779891
60 43 0.743042
60 21 0.782256
60 17 0.792772
60 15 0.838532
60 36 0.824657
60 37 0.842660
60 27 0.861144
60 47 0.853215
60 40 0.869583
60 42 0.877314
60 41 0.898374
60 34 0.907845
60 49 0.894967
60 4 0.976831
60 50 0.923858
60 26 0.976259
60 18 0.994347
60 25 0.985317
60 22 1.019748
60 6 1.044934
60 16 1.052307
60 46 1.037804
60 38 1.068540
61 8 0.388080
61 30 0.374469
61 11 0.407933
61 14 0.406455
61 12 0.421864
61 1 0.497312
61 31 0.470454
61 0 0.521785
61 32 0.482293
61 44 0.469794
61 5 0.539039
61 10 0.542536
61 40 0.503667
61 28 0.527679
61 2 0.583591
61 36 0.551771
61 9 0.591704
61 29 0.586996
61 6 0.616315
61 43 0.570323
61 4 0.629754
61 38 0.601468
61 13 0.651639
61 33 0.633407
61 42 0.626677
61 24 0.662700
61 46 0.630638
61 18 0.684972
61 15 0.725006
61 16 0.730384
61 27 0.719949
61 35 0.705667
61 22 0.726984
61 20 0.729323
61 34 0.723861
61 3 0.763425
61 45 0.706914
61 47 0.727609
61 23 0.769581
61 48 0.736565
61 49 0.738941
61 50 0.745562
61 39 0.772788
61 25 0.804898
61 7 0.837469
61 41 0.793394
61 37 0.821885
61 26 0.846215
61 19 0.869579
61 21 0.907323
61 17 0.942055
62 5 0.208358
62 1 0.254444
62 3 0.298146
62 8 0.342932
62 2 0.363965
62 9 0.371810
62 11 0.381209
62 4 0.401269
62 13 0.407045
62 12 0.413343
62 10 0.420254
62 7 0.473985
62 0 0.487677
62 14 0.467363
62 6 0.487203
62 29 0.487626
62 21 0.538830
62 31 0.531529
62 28 0.538237
62 44 0.478966
62 33 0.574316
62 20 0.638100
62 23 0.660946
62 19 0.679111
62 15 0.688597
62 22 0.706356
62 30 0.693848
62 32 0.691612
62 27 0.716754
62 18 0.747849
62 16 0.754790
62 45 0.625368
62 17 0.770860
62 34 0.739402
62 37 0.759485
62 25 0.797516
62 36 0.767314
62 35 0.780912
62 43 0.725496
62 39 0.773070
62 38 0.793450
62 40 0.767763
62 24 0.844449
62 46 0.732795
62 47 0.720361
62 42 0.786971
62 41 0.797878
62 26 0.901492
62 49 0.756067
62 48 0.791688
62 50 0.793218
63 8 0.204269
63 9 0.246356
63 10 0.265305
63 13 0.266843
63 11 0.276110
63 0 0.421164
63 5 0.326220
63 14 0.290949
63 7 0.333252
63 2 0.402675
63 12 0.322308
63 1 0.466127
63 3 0.400788
63 6 0.409058
63 4 0.464295
63 16 0.446452
63 33 0.228600
63 30 0.299359
63 15 0.636218
63 43 0.371672
63 34 0.389496
63 25 0.422554
63 32 0.407417
63 35 0.414368
63 27 0.479351
63 44 0.441660
63 23 0.491422
63 29 0.494245
63 21 0.540364
63 19 0.596852
63 22 0.529973
63 20 0.563998
63 28 0.528785
63 31 0.530466
63 39 0.512160
63 24 0.551325
63 17 0.782042
63 45 0.527817
63 47 0.535426
63 42 0.543836
63 26 0.587213
63 18 0.765793
63 46 0.550967
63 37 0.570229
63 36 0.586413
63 40 0.638643
63 38 0.677737
63 49 0.665402
63 50 0.667980
63 48 0.678393
63 41 0.695224
64 9 0.261265
64 11 0.290814
64 13 0.282328
64 10 0.324131
64 3 0.371813
64 1 0.376077
64 8 0.364191
64 5 0.457559
64 12 0.454334
64 7 0.546855
64 0 0.579694
64 31 0.352100
64 28 0.492379
64 14 0.585635
64 6 0.622018
64 30 0.438925
64 4 0.677522
64 2 0.707845
64 17 0.649728
64 15 0.721667
64 23 0.649811
64 29 0.610623
64 19 0.690783
64 35 0.500872
64 24 0.673342
64 22 0.708893
64 32 0.572833
64 27 0.735621
64 20 0.782891
64 40 0.527133
64 16 0.851458
64 34 0.649977
64 25 0.798481
64 33 0.655380
64 44 0.398158
64 18 0.865893
64 21 0.879095
64 26 0.841318
64 36 0.728854
64 47 0.515358
64 38 0.697496
64 43 0.689063
64 42 0.697102
64 49 0.536843
64 45 0.565986
64 41 0.735421
64 50 0.552005
64 39 0.752183
64 37 0.837094
64 48 0.611365
64 46 0.624180
65 9 0.320127
65 1 0.367144
65 10 0.378149
65 30 0.363851
65 32 0.363514
65 13 0.383517
65 44 0.398265
65 3 0.440354
65 22 0.423366
65 28 0.417026
65 8 0.440316
65 2 0.483626
65 16 0.487376
65 33 0.474099
65 4 0.517060
65 7 0.536346
65 29 0.516770
65 20 0.526732
65 12 0.536891
65 14 0.541766
65 24 0.539320
65 18 0.549858
65 6 0.560465
65 0 0.576987
65 17 0.568616
65 50 0.540368
65 11 0.585875
65 47 0.555238
65 26 0.579079
65 31 0.575083
65 38 0.572050
65 5 0.609926
65 19 0.599744
65 43 0.585335
65 39 0.590213
65 36 0.599205
65 42 0.592457
65 25 0.628746
65 48 0.603546
65 35 0.624320
65 34 0.632111
65 45 0.620221
65 49 0.620638
65 27 0.654087
65 23 0.678559
65 41 0.662458
65 40 0.679589
65 46 0.682106
65 15 0.738680
65 37 0.718606
65 21 0.751837
66 11 0.270160
66 9 0.330442
66 13 0.336781
66 0 0.352570
66 2 0.401388
66 1 0.402859
66 4 0.411161
66 6 0.428639
66 8 0.459389
66 3 0.464159
66 5 0.463262
66 7 0.461920
66 19 0.505534
66 44 0.476742
66 10 0.537834
66 18 0.541747
66 33 0.515939
66 15 0.546474
66 14 0.567497
66 31 0.543732
66 43 0.531165
66 12 0.594077
66 29 0.572704
66 27 0.601636
66 35 0.584421
66 21 0.618652
66 28 0.616937
66 49 0.592426
66 30 0.651794
66 23 0.680272
66 41 0.647940
66 46 0.643282
66 20 0.706775
66 34 0.691993
66 32 0.700765
66 40 0.686551
66 39 0.696580
66 37 0.719310
66 24 0.743126
66 25 0.750461
66 36 0.730961
66 26 0.761682
66 45 0.734392
66 42 0.741590
66 50 0.743793
66 47 0.757339
66 16 0.820528
66 48 0.764830
66 22 0.870870
66 17 0.877713
66 38 0.863538
67 11 0.286888
67 3 0.373890
67 12 0.394009
67 8 0.397396
67 10 0.396164
67 31 0.383769
67 5 0.449666
67 1 0.473371
67 32 0.442614
67 9 0.519477
67 13 0.526813
67 7 0.531858
67 44 0.505068
67 6 0.569416
67 29 0.541099
67 19 0.599336
67 30 0.675270
67 14 0.748855
67 39 0.708657
67 41 0.741098
67 21 0.777288
67 38 0.751505
67 18 0.789638
67 35 0.763497
67 47 0.791273
67 48 0.801039
67 15 0.853373
67 0 0.873129
67 28 0.827917
67 33 0.823251
67 25 0.899924
67 23 0.914445
67 4 0.959989
67 16 0.949707
67 27 0.950752
67 2 0.999094
67 43 0.941393
67 37 0.951393
67 49 0.944344
67 36 0.966602
67 40 0.970446
67 17 1.009613
67 50 0.993067
67 22 1.047681
67 45 1.020604
67 20 1.063685
67 34 1.041941
67 24 1.080162
67 26 1.093746
67 42 1.108023
67 46 1.108741
68 8 0.321708
68 6 0.453449
68 2 0.498163
68 10 0.327992
68 0 0.521024
68 9 0.376739
68 4 0.527561
68 3 0.541599
68 1 0.554136
68 11 0.353677
68 12 0.390497
68 7 0.510653
68 13 0.400522
68 5 0.603191
68 14 0.342962
68 32 0.335557
68 28 0.351989
68 20 0.409361
68 31 0.359532
68 19 0.449415
68 25 0.401141
68 17 0.479566
68 44 0.311528
68 16 0.568387
68 30 0.396327
68 29 0.398356
68 26 0.402040
68 27 0.407965
68 15 0.641904
68 24 0.452816
68 23 0.459896
68 33 0.447528
68 18 0.565433
68 22 0.513718
68 34 0.469539
68 21 0.529434
68 35 0.471379
68 50 0.435397
68 45 0.477295
68 36 0.553323
68 37 0.548081
68 42 0.515498
68 40 0.573106
68 46 0.575762
68 38 0.624826
68 43 0.591073
68 47 0.596167
68 48 0.608968
68 39 0.645271
68 41 0.649572
68 49 0.639284
69 11 0.348720
69 7 0.377602
69 31 0.386582
69 33 0.384694
69 12 0.471996
69 17 0.532524
69 5 0.595687
69 9 0.592167
69 2 0.649805
69 41 0.607794
69 15 0.643468
69 6 0.650499
69 14 0.671034
69 8 0.675764
69 10 0.682724
69 16 0.679269
69 38 0.648566
69 18 0.685045
69 13 0.712145
69 35 0.682936
69 4 0.722070
69 30 0.720253
69 1 0.754412
69 3 0.753584
69 29 0.723499
69 0 0.761952
69 39 0.736587
69 43 0.730764
69 40 0.742641
69 44 0.751821
69 20 0.796531
69 32 0.776774
69 21 0.801678
69 49 0.759500
69 45 0.767884
69 27 0.792918
69 28 0.797414
69 24 0.841912
69 34 0.822433
69 36 0.834121
69 26 0.846712
69 23 0.858337
69 47 0.830317
69 19 0.874018
69 22 0.878075
69 42 0.858951
69 25 0.883656
69 48 0.863532
69 50 0.877491
69 46 0.937593
69 37 0.956592
70 10 0.325774
70 13 0.353371
70 8 0.357136
70 11 0.391458
70 31 0.416987
70 32 0.458125
70 9 0.514275
70 30 0.492717
70 5 0.538414
70 0 0.579815
70 14 0.611131
70 33 0.590836
70 29 0.601484
70 1 0.645774
70 12 0.643720
70 44 0.626573
70 42 0.662924
70 25 0.695445
70 36 0.693093
70 19 0.721490
70 28 0.707631
70 3 0.744625
70 6 0.747092
70 38 0.709998
70 45 0.701680
70 40 0.714517
70 47 0.708120
70 4 0.792977
70 23 0.799531
70 46 0.767616
70 15 0.809288
70 43 0.775137
70 2 0.824796
70 18 0.811772
70 21 0.868667
70 24 0.869637
70 27 0.863218
70 7 0.890647
70 50 0.839934
70 48 0.850850
70 37 0.880559
70 35 0.897408
70 39 0.908411
70 20 0.945592
70 26 0.940291
70 34 0.944323
70 49 0.929850
70 16 0.983278
70 41 0.958022
70 17 1.000865
70 22 1.024397
71 11 0.284603
71 9 0.313116
71 3 0.498455
71 1 0.534157
71 8 0.437652
71 13 0.419148
71 10 0.441319
71 2 0.573032
71 12 0.438684
71 5 0.528751
71 0 0.584773
71 14 0.464784
71 4 0.637524
71 7 0.627396
71 29 0.199347
71 15 0.662347
71 31 0.259217
71 28 0.349712
71 16 0.724262
71 18 0.663318
71 6 0.809109
71 33 0.349838
71 20 0.561157
71 23 0.512619
71 32 0.395020
71 30 0.408251
71 19 0.735792
71 27 0.506639
71 44 0.384258
71 38 0.424544
71 25 0.538612
71 21 0.608842
71 24 0.629872
71 47 0.462339
71 17 0.911403
71 26 0.646714
71 37 0.595578
71 22 0.755006
71 39 0.609618
71 36 0.617717
71 35 0.623801
71 40 0.636683
71 45 0.578079
71 46 0.572481
71 42 0.617881
71 43 0.621971
71 34 0.690045
71 48 0.600693
71 50 0.588628
71 41 0.670657
71 49 0.639210
72 0 0.349742
72 14 0.359802
72 2 0.374719
72 28 0.418173
72 8 0.490681
72 20 0.480189
72 10 0.541022
72 13 0.548674
72 30 0.535395
72 4 0.571637
72 35 0.537603
72 50 0.534470
72 25 0.569521
72 12 0.612760
72 22 0.600453
72 32 0.592889
72 43 0.607420
72 48 0.607766
72 29 0.649709
72 18 0.665597
72 41 0.641364
72 9 0.690479
72 47 0.649374
72 15 0.688336
72 33 0.671690
72 37 0.668273
72 26 0.681311
72 24 0.684085
72 3 0.714258
72 44 0.682387
72 21 0.712488
72 5 0.738131
72 31 0.729337
72 17 0.754422
72 40 0.733278
72 11 0.766967
72 1 0.784107
72 27 0.768884
72 38 0.769416
72 34 0.773774
72 19 0.800940
72 6 0.813217
72 39 0.785579
72 16 0.818172
72 46 0.806997
72 7 0.857334
72 49 0.811708
72 36 0.857934
72 42 0.858925
72 23 0.887044
72 45 0.870683
73 8 0.272503
73 9 0.366399
73 10 0.423486
73 14 0.418522
73 12 0.514480
73 0 0.568359
73 26 0.730639
73 13 0.762345
73 11 0.771648
73 45 0.779670
73 30 0.806678
73 18 0.829221
73 31 0.807092
73 36 0.798073
73 28 0.814650
73 2 0.875089
73 29 0.828312
73 44 0.803032
73 7 0.868448
73 1 0.884706
73 15 0.868530
73 6 0.899185
73 40 0.843371
73 33 0.861654
73 17 0.889225
73 27 0.889540
73 32 0.881783
73 37 0.878184
73 16 0.919528
73 25 0.918152
73 42 0.895824
73 34 0.932732
73 39 0.936875
73 5 1.007650
73 50 0.936848
73 43 0.950423
73 46 0.972976
73 3 1.054512
73 19 1.025709
73 21 1.031836
73 41 1.014569
73 47 1.013130
73 35 1.050217
73 20 1.086717
73 23 1.080802
73 4 1.121984
73 48 1.054263
73 49 1.060276
73 38 1.126145
73 24 1.166387
73 22 1.204171
74 11 0.223542
74 8 0.342301
74 12 0.339316
74 14 0.352628
74 16 0.403071
74 10 0.431375
74 13 0.417834
74 2 0.453072
74 28 0.481792
74 29 0.488711
74 0 0.555422
74 30 0.500134
74 6 0.557695
74 32 0.524600
74 18 0.566103
74 42 0.533284
74 44 0.534112
74 4 0.651457
74 33 0.618129
74 1 0.708996
74 37 0.634556
74 9 0.706457
74 46 0.634459
74 27 0.670278
74 38 0.644862
74 50 0.643186
74 25 0.710086
74 34 0.692386
74 26 0.707566
74 21 0.722784
74 31 0.748598
74 40 0.730202
74 47 0.727752
74 48 0.728014
74 22 0.782484
74 5 0.827440
74 19 0.801808
74 43 0.758698
74 15 0.823389
74 7 0.877148
74 36 0.808123
74 3 0.890254
74 23 0.866677
74 24 0.869815
74 20 0.898881
74 39 0.877316
74 17 0.938597
74 49 0.906545
74 35 0.940517
74 41 0.980954
74 45 1.020124
75 13 0.281942
75 12 0.299705
75 9 0.432873
75 5 0.516183
75 31 0.537548
75 8 0.620898
75 11 0.652450
75 1 0.681057
75 3 0.683254
75 32 0.654578
75 29 0.694664
75 15 0.755147
75 33 0.721250
75 10 0.816263
75 28 0.779732
75 0 0.865379
75 14 0.852317
75 2 0.957553
75 30 0.937969
75 44 0.913825
75 17 1.001815
75 37 0.954777
75 39 0.960678
75 16 1.024955
75 6 1.057394
75 40 0.981489
75 7 1.064762
75 36 1.033445
75 41 1.021944
75 38 1.068068
75 47 1.050521
75 27 1.100830
75 35 1.091749
75 19 1.135391
75 20 1.137791
75 45 1.086662
75 34 1.134252
75 4 1.206886
75 21 1.178858
75 23 1.188239
75 43 1.136055
75 25 1.206859
75 48 1.156034
75 46 1.161604
75 49 1.160252
75 24 1.242234
75 26 1.258299
75 18 1.340639
75 42 1.301829
75 50 1.305985
75 22 1.383766
76 28 0.343640
76 14 0.407601
76 8 0.430171
76 44 0.401973
76 9 0.517802
76 12 0.516144
76 0 0.533818
76 1 0.623314
76 2 0.663996
76 4 0.713043
76 30 0.719988
76 32 0.716971
76 10 0.759643
76 6 0.822405
76 31 0.814871
76 11 0.862451
76 29 0.902603
76 42 0.892162
76 13 0.942740
76 46 0.921962
76 34 0.953453
76 40 0.957561
76 3 1.040941
76 33 1.014675
76 38 1.035332
76 24 1.113937
76 45 1.088714
76 19 1.126794
76 18 1.128250
76 5 1.153123
76 36 1.149838
76 23 1.174348
76 41 1.175452
76 26 1.206181
76 43 1.183698
76 15 1.229572
76 17 1.233103
76 37 1.213721
76 16 1.248797
76 47 1.212483
76 22 1.255305
76 48 1.216707
76 50 1.215898
76 7 1.307368
76 20 1.310111
76 49 1.274376
76 35 1.301948
76 21 1.327461
76 25 1.351380
76 39 1.333194
76 27 1.402709
77 8 0.324972
77 13 0.350450
77 12 0.465222
77 14 0.471697
77 10 0.506164
77 1 0.668932
77 9 0.633635
77 3 0.664772
77 44 0.565393
77 0 0.760071
77 30 0.661041
77 17 0.719262
77 16 0.733847
77 2 0.781684
77 5 0.833508
77 7 0.834957
77 18 0.836144
77 32 0.817797
77 11 0.894066
77 28 0.862548
77 15 0.961445
77 37 0.934382
77 6 1.008125
77 36 0.957351
77 29 0.982981
77 4 1.110236
77 31 1.056007
77 27 1.066720
77 33 1.062479
77 46 1.032060
77 19 1.111238
77 41 1.067304
77 40 1.097938
77 45 1.110106
77 42 1.124883
77 43 1.124200
77 26 1.177273
77 22 1.187546
77 34 1.160122
77 48 1.144001
77 38 1.180771
77 50 1.157337
77 35 1.198113
77 21 1.237439
77 24 1.263662
77 47 1.214161
77 23 1.323415
77 39 1.290441
77 49 1.275741
77 20 1.349696
77 25 1.385074
78 3 0.537990
78 44 0.497360
78 9 0.543909
78 31 0.522014
78 33 0.520112
78 1 0.550996
78 29 0.529592
78 28 0.531447
78 11 0.604385
78 12 0.630566
78 8 0.633693
78 24 0.667818
78 13 0.676788
78 25 0.667986
78 5 0.683143
78 17 0.726319
78 21 0.757267
78 14 0.860927
78 22 0.915154
78 4 0.952280
78 32 0.927586
78 7 0.979640
78 6 0.981056
78 10 0.978793
78 20 0.987809
78 0 1.003200
78 26 0.991281
78 39 0.973692
78 19 1.032722
78 30 1.027212
78 2 1.060775
78 45 1.036801
78 50 1.032392
78 27 1.067229
78 42 1.054321
78 15 1.090919
78 48 1.054901
78 35 1.082123
78 18 1.112329
78 43 1.116821
78 34 1.141537
78 37 1.154158
78 41 1.177954
78 36 1.196124
78 47 1.196177
78 38 1.212612
78 46 1.220537
78 40 1.237845
78 16 1.292950
78 23 1.346015
78 49 1.333201
79 10 0.348710
79 8 0.374190
79 9 0.378067
79 14 0.389199
79 11 0.438734
79 12 0.535559
79 13 0.546218
79 6 0.673907
79 1 0.686294
79 4 0.701173
79 0 0.709656
79 2 0.748675
79 24 0.672349
79 22 0.705977
79 15 0.766259
79 29 0.470747
79 5 0.833147
79 32 0.386202
79 27 0.628891
79 16 0.839980
79 3 0.872882
79 20 0.813405
79 28 0.540630
79 21 0.825880
79 30 0.537063
79 23 0.820856
79 33 0.475206
79 18 0.908621
79 31 0.519041
79 17 0.943879
79 7 0.978259
79 44 0.388435
79 26 0.834792
79 25 0.959901
79 34 0.668811
79 36 0.680853
79 40 0.617379
79 37 0.739575
79 42 0.698046
79 35 0.798120
79 38 0.734420
79 19 1.237550
79 45 0.699613
79 39 0.779229
79 41 0.815414
79 47 0.693894
79 46 0.710912
79 43 0.821303
79 49 0.701026
79 50 0.716719
79 48 0.734292
80 8 0.409156
80 11 0.474526
80 30 0.488969
80 33 0.771871
80 32 0.791949
80 9 0.817871
80 1 0.825155
80 0 0.825988
80 10 0.819940
80 12 0.818600
80 17 0.881608
80 44 0.861500
80 19 0.920649
80 2 0.934699
80 14 0.976254
80 13 1.025599
80 31 1.018913
80 29 1.060533
80 18 1.075014
80 48 1.304683
80 21 1.343996
80 7 1.356632
80 3 1.360201
80 28 1.336350
80 15 1.352114
80 38 1.362204
80 26 1.407282
80 20 1.416247
80 4 1.430054
80 27 1.407847
80 40 1.404615
80 5 1.448177
80 25 1.465128
80 37 1.458485
80 43 1.448200
80 16 1.493656
80 35 1.471005
80 50 1.487057
80 6 1.579353
80 22 1.577767
80 39 1.560493
80 47 1.550504
80 46 1.560719
80 41 1.583758
80 45 1.600516
80 24 1.637520
80 36 1.629064
80 42 1.626443
80 23 1.713029
80 49 1.684334
80 34 1.757666
81 10 0.542508
81 5 0.588052
81 1 0.603724
81 30 0.569386
81 31 0.567607
81 12 0.647555
81 3 0.674372
81 29 0.695616
81 32 0.715895
81 0 0.788712
81 13 0.790012
81 16 0.807809
81 14 0.809966
81 8 0.815675
81 46 0.786644
81 19 0.841775
81 42 0.841194
81 4 0.894811
81 44 0.856600
81 38 0.879725
81 33 0.896863
81 28 0.932297
81 40 0.913806
81 9 0.968074
81 7 0.997977
81 11 1.001424
81 36 0.997803
81 20 1.028237
81 22 1.025089
81 35 1.044086
81 41 1.036312
81 47 1.039619
81 34 1.066279
81 6 1.125544
81 37 1.089624
81 18 1.129453
81 17 1.137111
81 26 1.140866
81 43 1.151521
81 2 1.222097
81 24 1.213386
81 45 1.195680
81 50 1.187590
81 27 1.227872
81 25 1.262362
81 23 1.285906
81 39 1.268104
81 49 1.253196
81 15 1.311668
81 21 1.321995
81 48 1.304033
82 33 0.435800
82 29 0.528259
82 1 0.667065
82 3 0.695943
82 30 0.696424
82 0 0.747367
82 13 0.744851
82 45 0.709836
82 27 0.729881
82 9 0.790583
82 31 0.797154
82 19 0.814769
82 28 0.813680
82 11 0.837164
82 8 0.867759
82 7 0.878053
82 10 0.911212
82 47 0.886801
82 22 0.919215
82 43 0.895394
82 12 0.930397
82 32 0.918659
82 24 0.947005
82 44 0.932561
82 14 0.967981
82 35 0.962852
82 21 1.012171
82 40 1.003516
82 25 1.034705
82 5 1.058413
82 6 1.067909
82 17 1.081933
82 41 1.083384
82 34 1.108371
82 15 1.167677
82 38 1.156077
82 36 1.226298
82 18 1.247024
82 48 1.216286
82 37 1.237830
82 4 1.298090
82 20 1.305520
82 23 1.308730
82 2 1.337571
82 39 1.307289
82 16 1.357239
82 46 1.326737
82 42 1.338456
82 50 1.336674
82 26 1.363475
82 49 1.355860
83 12 0.375587
83 14 0.375463
83 10 0.378630
83 11 0.400544
83 9 0.402437
83 13 0.403684
83 32 0.467537
83 3 0.553459
83 0 0.586195
83 7 0.615885
83 44 0.607818
83 30 0.642126
83 4 0.743627
83 28 0.704747
83 20 0.731595
83 16 0.760293
83 29 0.729094
83 6 0.787638
83 1 0.792246
83 8 0.808485
83 49 0.758976
83 31 0.798439
83 18 0.841787
83 19 0.869610
83 34 0.849813
83 22 0.886655
83 33 0.876914
83 21 0.914425
83 2 0.971579
83 39 0.908553
83 36 0.932445
83 48 0.931974
83 26 0.980926
83 5 1.037025
83 38 1.000842
83 42 1.004523
83 24 1.047602
83 35 1.028530
83 41 1.022503
83 40 1.048633
83 17 1.107746
83 50 1.043750
83 15 1.115091
83 43 1.064289
83 46 1.092436
83 45 1.094158
83 37 1.141899
83 27 1.177141
83 47 1.138091
83 25 1.194232
83 23 1.229144
84 31 0.430284
84 11 0.512324
84 33 0.492486
84 30 0.506181
84 44 0.508835
84 28 0.530023
84 14 0.548250
84 13 0.606973
84 8 0.653231
84 0 0.667043
84 9 0.777923
84 12 0.807607
84 1 0.823285
84 45 0.795700
84 5 0.855734
84 3 0.939672
84 10 0.943442
84 32 0.937344
84 47 0.916041
84 41 0.930738
84 29 0.948201
84 26 0.968148
84 6 0.993560
84 23 0.983411
84 39 0.964712
84 21 0.987644
84 27 1.007849
84 34 1.005416
84 49 1.000655
84 16 1.066380
84 38 1.049179
84 25 1.073227
84 37 1.064953
84 46 1.058533
84 18 1.098017
84 24 1.094788
84 48 1.081240
84 22 1.117597
84 15 1.130681
84 50 1.090226
84 43 1.099881
84 19 1.138452
84 4 1.152536
84 17 1.142526
84 20 1.140717
84 7 1.170661
84 35 1.151200
84 36 1.150346
84 40 1.209830
84 2 1.278290
84 42 1.247994
85 8 0.376183
85 9 0.495836
85 12 0.494277
85 28 0.476635
85 22 0.531646
85 44 0.549434
85 30 0.585998
85 10 0.640956
85 34 0.631320
85 29 0.636253
85 5 0.666148
85 0 0.687947
85 14 0.719928
85 32 0.748526
85 36 0.743468
85 24 0.811974
85 20 0.822372
85 31 0.817499
85 2 0.864132
85 13 0.934720
85 33 0.920236
85 11 0.953923
85 6 0.969457
85 27 1.009413
85 25 1.033379
85 16 1.048346
85 4 1.062158
85 23 1.061220
85 1 1.089901
85 47 1.054698
85 48 1.059320
85 26 1.094239
85 38 1.100733
85 46 1.097453
85 3 1.149183
85 7 1.170866
85 39 1.158592
85 41 1.168140
85 19 1.201960
85 37 1.179721
85 50 1.200675
85 15 1.248376
85 18 1.246994
85 21 1.255586
85 45 1.246969
85 40 1.269421
85 35 1.342619
85 17 1.389313
85 43 1.404520
85 42 1.421034
85 49 1.424160
86 9 0.292941
86 8 0.322424
86 13 0.513022
86 14 0.513511
86 10 0.584146
86 11 0.587159
86 1 0.720438
86 0 0.741673
86 6 0.732971
86 3 0.787113
86 12 0.758648
86 30 0.769293
86 4 0.834021
86 2 0.835730
86 5 0.831383
86 7 0.851795
86 28 0.809024
86 29 0.836796
86 31 0.885788
86 32 0.915535
86 44 0.896202
86 17 0.989465
86 33 1.001795
86 16 1.081021
86 37 1.134428
86 18 1.183291
86 46 1.136555
86 15 1.224589
86 48 1.164518
86 36 1.201798
86 45 1.184800
86 35 1.231077
86 47 1.227661
86 20 1.292369
86 21 1.291845
86 38 1.262337
86 49 1.248911
86 39 1.269529
86 24 1.322252
86 27 1.339062
86 42 1.304162
86 34 1.336026
86 19 1.367208
86 40 1.351221
86 22 1.400835
86 43 1.364121
86 41 1.398871
86 25 1.446879
86 23 1.478372
86 26 1.515145
86 50 1.502246
87 9 0.334641
87 10 0.351086
87 8 0.354241
87 11 0.383380
87 14 0.407694
87 12 0.468262
87 28 0.542049
87 32 0.472031
87 13 0.629150
87 1 0.713294
87 31 0.522281
87 29 0.575035
87 0 0.728319
87 2 0.725692
87 3 0.730365
87 30 0.582812
87 7 0.757133
87 4 0.788554
87 6 0.810930
87 33 0.587841
87 22 0.795543
87 21 0.865832
87 15 0.913986
87 26 0.876464
87 5 0.984233
87 44 0.492299
87 25 0.904489
87 24 0.923895
87 19 0.958807
87 16 0.970371
87 27 0.940638
87 18 1.042238
87 17 1.055234
87 34 0.862044
87 23 1.070158
87 40 0.738017
87 20 1.095509
87 38 0.795816
87 46 0.663214
87 37 0.904638
87 36 0.920625
87 47 0.681229
87 45 0.787263
87 42 0.828218
87 35 0.989185
87 48 0.712516
87 43 0.883094
87 39 0.964010
87 49 0.720861
87 50 0.750219
87 41 0.950245
88 8 0.380176
88 10 0.371579
88 9 0.446701
88 14 0.406682
88 1 0.645635
88 11 0.520276
88 3 0.650857
88 13 0.528967
88 2 0.671910
88 12 0.536035
88 5 0.640737
88 0 0.805399
88 7 0.725068
88 28 0.355237
88 4 0.943355
88 29 0.374552
88 30 0.402251
88 6 1.004865
88 16 0.871037
88 44 0.449775
88 31 0.511254
88 32 0.547609
88 18 0.907976
88 33 0.596136
88 15 1.114195
88 21 1.065977
88 17 1.259089
88 40 0.876542
88 19 1.152409
88 26 1.110595
88 22 1.173697
88 23 1.165445
88 25 1.159955
88 43 0.975072
88 35 1.018806
88 27 1.137890
88 20 1.284264
88 24 1.216945
88 42 1.045173
88 34 1.094697
88 45 1.097628
88 48 1.025156
88 41 1.110488
88 37 1.127050
88 38 1.120550
88 36 1.138062
88 50 1.023374
88 47 1.086198
88 49 1.052114
88 39 1.174554
88 46 1.168560
89 9 0.377930
89 8 0.450314
89 11 0.478836
89 3 0.601149
89 10 0.664587
89 1 0.695078
89 28 0.732647
89 31 0.729585
89 29 0.732773
89 5 0.810768
89 14 0.791345
89 30 0.807802
89 33 0.801876
89 44 0.820176
89 0 0.893261
89 12 0.871930
89 2 0.930804
89 4 0.959569
89 13 0.987015
89 7 1.010130
89 6 1.038845
89 45 1.112007
89 32 1.127453
89 34 1.171417
89 15 1.217714
89 17 1.254099
89 20 1.300140
89 40 1.302255
89 35 1.313385
89 22 1.368639
89 38 1.372507
89 37 1.417049
89 42 1.417323
89 25 1.462731
89 47 1.448744
89 16 1.495583
89 18 1.497818
89 21 1.508121
89 41 1.477387
89 50 1.474502
89 26 1.503531
89 43 1.494584
89 23 1.527708
89 27 1.526256
89 36 1.545158
89 24 1.571669
89 49 1.539463
89 48 1.557898
89 19 1.603552
89 39 1.608849
89 46 1.649348
90 10 0.365854
90 11 0.394074
90 13 0.413470
90 8 0.452452
90 5 0.525532
90 28 0.660719
90 0 0.721519
90 33 0.674273
90 12 0.707651
90 7 0.716962
90 18 0.694255
90 14 0.706862
90 31 0.682763
90 1 0.725819
90 29 0.702840
90 9 0.763577
90 3 0.772514
90 44 0.721913
90 30 0.759767
90 32 0.763921
90 47 0.811103
90 20 0.851613
90 17 0.887488
90 43 0.868395
90 6 0.930164
90 2 0.952087
90 4 1.015690
90 23 0.996151
90 34 0.990710
90 16 1.023504
90 38 1.008327
90 36 1.011234
90 45 1.042180
90 21 1.072738
90 42 1.047127
90 19 1.082338
90 40 1.064533
90 37 1.091863
90 24 1.118681
90 48 1.094690
90 26 1.126341
90 27 1.147520
90 25 1.155683
90 39 1.144427
90 49 1.147713
90 41 1.164268
90 46 1.171906
90 35 1.194097
90 22 1.226648
90 15 1.260922
90 50 1.221389
91 10 0.417154
91 8 0.480504
91 28 0.512341
91 12 0.697491
91 30 0.763264
91 22 0.787039
91 47 0.770955
91 32 0.791219
91 14 0.824569
91 9 0.847678
91 44 0.821712
91 0 0.912026
91 33 0.947948
91 24 0.969505
91 13 1.035529
91 34 1.014909
91 20 1.027897
91 46 1.027401
91 6 1.079589
91 45 1.178955
91 41 1.183745
91 43 1.182806
91 29 1.197664
91 5 1.221542
91 31 1.196531
91 18 1.208439
91 11 1.219672
91 2 1.228618
91 40 1.195531
91 38 1.204887
91 35 1.208128
91 23 1.220678
91 4 1.239540
91 37 1.227726
91 7 1.278965
91 16 1.268624
91 19 1.283174
91 49 1.262851
91 26 1.287116
91 50 1.270721
91 17 1.310102
91 3 1.336907
91 48 1.312065
91 1 1.370610
91 15 1.357948
91 36 1.347573
91 21 1.405647
91 27 1.491711
91 42 1.504943
91 25 1.540789
91 39 1.579284
92 9 0.512772
92 13 0.541515
92 11 0.577457
92 8 0.668848
92 30 0.723881
92 12 0.751903
92 21 0.744881
92 28 0.795712
92 1 0.860925
92 14 0.863175
92 10 0.912545
92 44 0.880615
92 31 0.894534
92 43 0.963628
92 29 0.977770
92 33 0.975236
92 3 1.082883
92 50 1.056517
92 19 1.090694
92 5 1.119875
92 27 1.127964
92 37 1.120344
92 32 1.125078
92 15 1.173147
92 2 1.191605
92 38 1.172535
92 16 1.194618
92 4 1.265958
92 17 1.287881
92 34 1.308589
92 41 1.377795
92 7 1.418807
92 40 1.389600
92 0 1.442933
92 42 1.421407
92 24 1.447257
92 26 1.452004
92 20 1.502030
92 6 1.536324
92 25 1.539265
92 46 1.533302
92 48 1.539683
92 35 1.563584
92 36 1.570607
92 18 1.596805
92 22 1.592476
92 45 1.604895
92 23 1.633021
92 49 1.657897
92 47 1.715901
92 39 1.738225
93 19 0.459457
93 11 0.531729
93 33 0.631668
93 20 0.775327
93 28 0.825278
93 31 0.843591
93 21 0.874387
93 0 0.937474
93 32 1.262973
93 9 1.286503
93 12 1.285246
93 24 1.284333
93 44 1.264581
93 5 1.296608
93 38 1.271885
93 13 1.300118
93 30 1.282823
93 10 1.303177
93 7 1.305641
93 42 1.270449
93 4 1.308430
93 29 1.285865
93 3 1.309986
93 41 1.274278
93 8 1.320503
93 14 1.350945
93 15 1.421623
93 1 1.467550
93 47 1.508697
93 50 1.533902
93 49 1.556322
93 37 1.583410
93 46 1.590871
93 27 1.619797
93 23 1.662876
93 40 1.656886
93 25 1.700613
93 16 1.724062
93 43 1.722485
93 17 1.761796
93 45 1.730398
93 2 1.773198
93 35 1.752172
93 48 1.758487
93 36 1.772655
93 18 1.804635
93 34 1.787355
93 22 1.808625
93 39 1.811485
93 6 1.875955
93 26 1.986965
94 10 0.469403
94 12 0.543086
94 13 0.600723
94 8 0.604628
94 28 0.692165
94 9 0.765288
94 0 0.843916
94 5 0.868506
94 2 0.872304
94 30 0.860177
94 35 0.890256
94 20 0.923678
94 6 0.949144
94 11 0.957294
94 32 0.949772
94 29 0.982111
94 33 0.977579
94 34 0.991290
94 7 1.019455
94 1 1.072922
94 44 1.029182
94 3 1.073835
94 14 1.091189
94 31 1.150087
94 16 1.255571
94 19 1.252979
94 4 1.265577
94 24 1.250470
94 37 1.242770
94 27 1.313553
94 45 1.305445
94 23 1.380811
94 22 1.394673
94 36 1.384022
94 17 1.418649
94 43 1.393465
94 47 1.404210
94 18 1.469792
94 40 1.456112
94 38 1.477173
94 25 1.507085
94 46 1.505194
94 21 1.566410
94 42 1.554025
94 26 1.584404
94 15 1.605474
94 39 1.585306
94 48 1.600821
94 50 1.668002
94 41 1.716652
94 49 1.825788
95 11 0.528211
95 33 0.686862
95 29 0.702854
95 0 0.790395
95 16 0.805494
95 8 0.835550
95 13 0.871672
95 4 0.891594
95 28 0.910855
95 10 0.939471
95 32 0.919565
95 14 0.968915
95 6 1.008490
95 35 0.989112
95 9 1.014271
95 30 1.003965
95 2 1.031562
95 12 1.051577
95 25 1.040627
95 49 1.034278
95 38 1.046705
95 7 1.084136
95 18 1.102575
95 31 1.117381
95 40 1.116871
95 44 1.119111
95 45 1.125759
95 24 1.173932
95 27 1.177492
95 43 1.160911
95 46 1.176314
95 42 1.199454
95 1 1.260989
95 34 1.239069
95 17 1.258373
95 5 1.267552
95 36 1.245278
95 21 1.298414
95 3 1.333700
95 26 1.343165
95 15 1.380325
95 20 1.396106
95 22 1.415950
95 47 1.396024
95 39 1.403477
95 23 1.432133
95 50 1.420047
95 19 1.473248
95 37 1.463004
95 48 1.456935
95 41 1.492480
96 14 0.518329
96 8 0.545871
96 9 0.545623
96 33 0.519727
96 13 0.563455
96 42 0.566443
96 11 0.636177
96 3 0.657963
96 47 0.606197
96 29 0.704150
96 0 0.752094
96 10 0.746537
96 30 0.720957
96 12 0.760588
96 1 0.885186
96 2 0.894069
96 6 0.888662
96 50 0.860885
96 5 0.915393
96 31 0.908160
96 32 0.908096
96 18 0.928796
96 44 0.929070
96 37 0.969747
96 28 0.980272
96 36 0.993673
96 4 1.056949
96 38 1.026416
96 7 1.107245
96 40 1.071256
96 25 1.126662
96 41 1.110982
96 35 1.150905
96 45 1.142529
96 16 1.179633
96 46 1.149201
96 43 1.169081
96 23 1.216168
96 15 1.229605
96 39 1.205133
96 21 1.240576
96 20 1.271516
96 26 1.273061
96 48 1.281053
96 17 1.320647
96 19 1.341640
96 22 1.379529
96 24 1.381935
96 27 1.376586
96 49 1.367353
96 34 1.428210
97 9 0.352009
97 12 0.651261
97 14 0.713023
97 19 0.779527
97 48 0.833116
97 6 0.896709
97 0 0.917380
97 10 0.911783
97 46 0.901448
97 1 0.962544
97 32 0.945098
97 28 0.950289
97 40 0.948179
97 33 0.957947
97 8 1.011141
97 13 1.009417
97 30 1.005653
97 31 1.007075
97 4 1.072227
97 16 1.066429
97 36 1.045617
97 29 1.053919
97 24 1.060677
97 41 1.048278
97 37 1.081163
97 22 1.100259
97 3 1.121761
97 44 1.087128
97 17 1.139635
97 11 1.150158
97 26 1.169576
97 5 1.187008
97 21 1.186735
97 18 1.250962
97 45 1.259165
97 27 1.312988
97 20 1.327947
97 39 1.327292
97 49 1.320830
97 43 1.339806
97 23 1.377346
97 35 1.373720
97 34 1.382919
97 7 1.416213
97 2 1.450890
97 47 1.406827
97 15 1.467884
97 38 1.501023
97 25 1.515352
97 50 1.492938
97 42 1.511515
98 9 0.489716
98 30 0.601885
98 11 0.642639
98 44 0.674017
98 1 0.779141
98 10 0.791261
98 3 0.871450
98 28 0.851890
98 33 0.899922
98 13 0.986487
98 34 0.962153
98 32 0.988463
98 8 1.226264
98 23 1.246576
98 35 1.230109
98 20 1.252329
98 31 1.299544
98 12 1.351367
98 6 1.357919
98 27 1.341090
98 38 1.324140
98 0 1.421937
98 42 1.379814
98 17 1.442329
98 29 1.477743
98 22 1.498622
98 14 1.517636
98 2 1.538203
98 24 1.532465
98 50 1.515452
98 41 1.549387
98 40 1.570445
98 25 1.706254
98 47 1.684243
98 5 1.765232
98 26 1.757575
98 46 1.749152
98 7 1.796581
98 45 1.793143
98 4 1.880133
98 15 1.882972
98 39 1.854026
98 16 1.898290
98 49 1.864463
98 19 1.999731
98 37 1.975594
98 43 1.980407
98 36 1.988862
98 18 2.025890
98 21 2.091210
98 48 2.064010
99 8 0.551169
99 44 0.546781
99 9 0.797175
99 32 0.985227
99 11 1.091967
99 42 1.057733
99 3 1.098613
99 0 1.101442
99 30 1.174338
99 46 1.153929
99 29 1.176845
99 4 1.198418
99 12 1.194730
99 1 1.203160
99 5 1.288690
99 10 1.359235
99 13 1.357903
99 28 1.343853
99 33 1.401132
99 31 1.440404
99 14 1.458700
99 6 1.510993
99 2 1.514468
99 15 1.543380
99 38 1.653108
99 39 1.652739
99 41 1.650050
99 45 1.646162
99 36 1.659372
99 20 1.677665
99 27 1.670918
99 22 1.693401
99 49 1.660104
99 16 1.730492
99 18 1.730506
99 17 1.741185
99 19 1.745475
99 35 1.730526
99 47 1.776846
99 23 1.819893
99 43 1.820954
99 7 1.871951
99 24 1.858947
99 50 1.851072
99 37 1.894531
99 25 1.908767
99 40 1.916041
99 21 1.962362
99 48 1.943596
99 34 2.012197
99 26 2.080918
100 9 0.362627
100 8 0.436709
100 13 0.442332
100 11 0.461902
100 3 0.552221
100 29 0.614576
100 5 0.697276
100 10 0.721544
100 31 0.678601
100 12 0.721528
100 1 0.764600
100 0 0.769151
100 14 0.777573
100 2 0.857599
100 7 0.861796
100 4 0.886778
100 33 0.828016
100 44 0.768548
100 32 0.858318
100 28 0.870606
100 30 0.904444
100 16 0.977269
100 19 0.980763
100 25 0.989157
100 21 1.078583
100 15 1.099228
100 23 1.178880
100 27 1.274234
100 17 1.291762
100 20 1.289313
100 50 0.977989
100 18 1.293614
100 39 1.205893
100 42 1.194080
100 6 1.348635
100 22 1.312881
100 47 1.203220
100 38 1.290212
100 24 1.381088
100 26 1.378459
100 48 1.148219
100 40 1.318275
100 49 1.146654
100 35 1.391339
100 41 1.353297
100 45 1.336897
100 43 1.372208
100 34 1.442725
100 36 1.473041
100 37 1.560372
100 46 1.536524
101 12 0.443819
101 30 0.485832
101 10 0.528015
101 8 0.580880
101 28 0.674526
101 1 0.727462
101 0 0.777897
101 20 0.790853
101 9 0.799451
101 14 0.857031
101 4 0.864015
101 6 0.916036
101 36 0.950418
101 11 1.010198
101 40 1.027822
101 39 1.029278
101 38 1.030585
101 46 1.022696
101 50 1.016774
101 2 1.067669
101 3 1.067829
101 33 1.040933
101 45 1.044122
101 48 1.039421
101 42 1.050781
101 37 1.069093
101 35 1.072296
101 31 1.078495
101 5 1.135627
101 44 1.099116
101 13 1.254796
101 27 1.241191
101 32 1.236603
101 7 1.261867
101 29 1.241437
101 47 1.282857
101 24 1.310747
101 23 1.313580
101 16 1.331031
101 18 1.329873
101 43 1.341905
101 49 1.377875
101 22 1.412921
101 41 1.408016
101 34 1.447531
101 15 1.497134
101 19 1.494674
101 21 1.493312
101 17 1.553262
101 26 1.543299
101 25 1.611362
102 8 0.464813
102 12 0.507953
102 10 0.562547
102 0 0.600964
102 14 0.686265
102 30 0.707349
102 31 0.804944
102 44 0.791860
102 2 0.831107
102 45 0.826241
102 6 0.872569
102 33 0.879435
102 23 0.891370
102 17 1.072777
102 21 1.069412
102 27 1.066006
102 19 1.073230
102 3 1.086639
102 32 1.062628
102 20 1.075057
102 28 1.083840
102 46 1.064734
102 29 1.083190
102 25 1.088189
102 37 1.101742
102 36 1.103984
102 11 1.127091
102 26 1.128995
102 9 1.144634
102 13 1.148844
102 4 1.169209
102 41 1.157811
102 16 1.184073
102 24 1.221136
102 7 1.251498
102 49 1.210090
102 35 1.250760
102 18 1.284669
102 47 1.278769
102 38 1.296152
102 1 1.330736
102 43 1.297492
102 40 1.314700
102 5 1.352702
102 15 1.351943
102 34 1.349514
102 42 1.364975
102 39 1.375461
102 22 1.417040
102 50 1.409558
102 48 1.484342
103 10 0.466777
103 12 0.486697
103 30 0.468667
103 44 0.481641
103 9 0.542713
103 13 0.541761
103 11 0.575739
103 14 0.671570
103 31 0.694972
103 3 0.757856
103 2 0.791717
103 32 0.765103
103 0 0.815241
103 5 0.863221
103 45 0.853436
103 7 0.916213
103 29 0.893843
103 33 0.897309
103 8 0.959725
103 1 0.966992
103 46 0.936628
103 28 0.964378
103 42 0.976286
103 23 1.016221
103 43 1.004205
103 36 1.042968
103 4 1.103362
103 21 1.089663
103 6 1.211981
103 24 1.221426
103 18 1.244320
103 16 1.263489
103 47 1.235038
103 27 1.301333
103 17 1.328324
103 20 1.334534
103 26 1.338054
103 48 1.341331
103 25 1.390942
103 40 1.372311
103 19 1.401259
103 37 1.379997
103 49 1.381796
103 34 1.420187
103 38 1.428350
103 41 1.510056
103 22 1.536185
103 15 1.543563
103 50 1.494265
103 35 1.521991
103 39 1.516932
104 8 0.369580
104 12 0.452069
104 11 0.483508
104 13 0.496855
104 9 0.526612
104 14 0.593128
104 0 0.659061
104 1 0.700148
104 3 0.720864
104 5 0.719216
104 10 0.740856
104 2 0.852156
104 16 0.844643
104 7 0.893416
104 33 0.899899
104 30 0.925301
104 4 1.029287
104 31 0.977973
104 29 0.989573
104 15 1.014045
104 28 1.006663
104 44 0.965687
104 32 0.994426
104 17 1.117463
104 6 1.174073
104 45 1.143644
104 40 1.192023
104 41 1.198711
104 43 1.207786
104 47 1.205787
104 22 1.271666
104 18 1.279667
104 37 1.247667
104 19 1.298350
104 20 1.313242
104 39 1.272739
104 36 1.310080
104 21 1.351988
104 48 1.317154
104 27 1.374532
104 25 1.378249
104 35 1.356546
104 34 1.368301
104 38 1.365664
104 50 1.337141
104 49 1.340791
104 23 1.418665
104 24 1.418256
104 42 1.383629
104 46 1.383085
104 26 1.470187
105 8 0.477822
105 12 0.511059
105 0 0.555210
105 10 0.561985
105 44 0.544747
105 9 0.608480
105 32 0.690735
105 13 0.807071
105 6 0.833527
105 3 0.849289
105 2 0.872511
105 1 0.884249
105 29 0.891886
105 4 0.936617
105 30 0.911983
105 28 0.914880
105 14 0.971467
105 33 0.946001
105 31 0.956384
105 36 0.951683
105 5 1.001595
105 40 0.999587
105 11 1.057342
105 35 1.116699
105 18 1.153497
105 20 1.205505
105 16 1.258186
105 22 1.275788
105 47 1.252312
105 43 1.314743
105 7 1.365832
105 15 1.365657
105 45 1.334148
105 50 1.360773
105 24 1.413949
105 41 1.433109
105 38 1.459385
105 37 1.492328
105 34 1.501554
105 48 1.500623
105 42 1.531866
105 46 1.544097
105 21 1.611458
105 39 1.612577
105 27 1.637329
105 49 1.617750
105 17 1.670485
105 23 1.676722
105 19 1.696483
105 26 1.703526
105 25 1.724060
106 29 0.653312
106 0 0.682367
106 1 0.809105
106 28 0.842847
106 30 0.855836
106 13 0.932915
106 12 0.979540
106 10 1.029523
106 2 1.064895
106 9 1.084362
106 4 1.098602
106 31 1.099897
106 5 1.137837
106 44 1.097109
106 32 1.125588
106 16 1.148600
106 8 1.161562
106 11 1.182294
106 18 1.201604
106 46 1.194316
106 22 1.245203
106 23 1.268686
106 14 1.276794
106 37 1.260703
106 3 1.299664
106 21 1.297892
106 15 1.302958
106 33 1.290455
106 7 1.334801
106 17 1.369830
106 45 1.401863
106 47 1.407263
106 40 1.444856
106 50 1.462980
106 20 1.537391
106 48 1.505450
106 43 1.521073
106 36 1.534316
106 41 1.543990
106 27 1.569239
106 19 1.612353
106 42 1.588439
106 26 1.651361
106 38 1.663237
106 24 1.701240
106 35 1.691182
106 6 1.722937
106 34 1.709473
106 25 1.727046
106 49 1.709148
106 39 1.739541
107 13 0.565495
107 30 0.642662
107 3 0.687102
107 44 0.678589
107 14 0.733512
107 9 0.765054
107 32 0.788260
107 2 0.820037
107 1 0.828477
107 0 0.871260
107 31 0.923142
107 12 0.946679
107 11 0.948408
107 29 1.045423
107 8 1.081014
107 4 1.191742
107 25 1.172013
107 5 1.192640
107 16 1.184147
107 28 1.170225
107 33 1.172236
107 10 1.221623
107 40 1.222337
107 47 1.281536
107 18 1.319993
107 49 1.319477
107 41 1.346489
107 15 1.392679
107 19 1.389015
107 43 1.372379
107 21 1.427231
107 42 1.411636
107 50 1.416567
107 23 1.468389
107 27 1.464068
107 6 1.487767
107 45 1.442163
107 7 1.488510
107 22 1.504183
107 36 1.496309
107 37 1.505624
107 34 1.518449
107 20 1.565109
107 46 1.563329
107 39 1.573486
107 17 1.620338
107 48 1.628258
107 26 1.658701
107 24 1.682718
107 35 1.718722
107 38 1.714879
108 14 0.464919
108 9 0.496043
108 28 0.514140
108 12 0.549297
108 8 0.597818
108 33 0.849256
108 2 1.012782
108 0 1.036795
108 31 1.045137
108 3 1.166712
108 29 1.170649
108 44 1.187358
108 27 1.365606
108 13 1.381944
108 32 1.359258
108 30 1.368740
108 10 1.489398
108 11 1.489908
108 15 1.487804
108 18 1.538898
108 22 1.547378
108 50 1.558153
108 41 1.623968
108 1 1.703804
108 48 1.677362
108 46 1.686571
108 36 1.712655
108 6 1.772681
108 49 1.730172
108 40 1.740670
108 25 1.815522
108 37 1.812055
108 34 1.830284
108 26 1.850160
108 23 1.878806
108 20 1.899425
108 24 1.901768
108 5 1.941577
108 4 1.942653
108 38 1.924896
108 39 1.929864
108 45 1.947205
108 17 1.989427
108 42 1.963693
108 7 2.008821
108 35 1.999470
108 16 2.067168
108 47 2.027990
108 19 2.090072
108 43 2.081167
108 21 2.275923
109 29 0.539698
109 11 0.567311
109 13 0.577091
109 32 0.688858
109 28 0.693511
109 10 0.773783
109 7 0.802175
109 5 0.824778
109 14 0.838562
109 3 0.887965
109 31 0.864618
109 9 0.935709
109 26 0.996897
109 8 1.098660
109 45 1.063854
109 0 1.113097
109 37 1.081759
109 12 1.106894
109 16 1.105218
109 36 1.092973
109 21 1.112807
109 44 1.136366
109 30 1.152291
109 27 1.164950
109 38 1.160508
109 40 1.188091
109 17 1.217651
109 15 1.231315
109 33 1.233836
109 4 1.268256
109 20 1.263693
109 39 1.253810
109 50 1.246695
109 1 1.299320
109 25 1.287614
109 43 1.275684
109 2 1.321499
109 23 1.329006
109 22 1.330786
109 46 1.321075
109 47 1.333995
109 34 1.359741
109 18 1.413614
109 48 1.382264
109 19 1.436180
109 6 1.457694
109 49 1.445601
109 42 1.510708
109 41 1.525208
109 24 1.554911
109 35 1.550008
110 44 0.507761
110 8 0.593035
110 32 0.633445
110 28 0.637975
110 10 0.687924
110 14 0.702909
110 12 0.862398
110 1 0.910369
110 30 0.886573
110 48 1.018842
110 0 1.142002
110 11 1.179521
110 33 1.207120
110 16 1.233606
110 20 1.231805
110 15 1.291926
110 29 1.301363
110 31 1.300536
110 50 1.280599
110 13 1.349417
110 18 1.359123
110 2 1.422095
110 9 1.441526
110 42 1.422449
110 3 1.460745
110 6 1.470729
110 35 1.459143
110 49 1.443981
110 37 1.509665
110 5 1.556197
110 45 1.528892
110 24 1.552686
110 40 1.546710
110 34 1.556127
110 39 1.577338
110 23 1.605556
110 38 1.597332
110 36 1.607882
110 7 1.643705
110 4 1.658701
110 41 1.633017
110 25 1.651064
110 26 1.669290
110 46 1.736933
110 43 1.741120
110 47 1.737852
110 27 1.758872
110 19 1.769414
110 21 1.767516
110 17 1.813750
110 22 1.977630
111 9 0.467695
111 8 0.518514
111 5 0.550875
111 3 0.589490
111 31 0.629516
111 11 0.738152
111 33 0.753438
111 29 0.799338
111 1 0.837600
111 13 0.849712
111 7 0.899625
111 17 0.904408
111 44 0.907648
111 12 0.954496
111 14 0.992144
111 39 0.967900
111 30 0.977002
111 36 0.992319
111 6 1.033713
111 19 1.038603
111 18 1.053256
111 28 1.051826
111 41 1.047403
111 15 1.177435
111 26 1.166542
111 22 1.172094
111 10 1.183153
111 27 1.167937
111 2 1.189624
111 38 1.158587
111 47 1.152170
111 20 1.183254
111 32 1.181597
111 25 1.209722
111 34 1.228671
111 46 1.214873
111 21 1.253479
111 43 1.250135
111 42 1.254173
111 45 1.256284
111 24 1.306170
111 40 1.314605
111 4 1.356684
111 48 1.334801
111 23 1.374100
111 16 1.392272
111 0 1.432101
111 50 1.435402
111 37 1.493937
111 49 1.514463
111 35 1.543734
112 13 0.533114
112 9 0.589398
112 31 0.651862
112 29 0.655675
112 11 0.784912
112 28 0.794409
112 10 0.940254
112 0 0.948130
112 8 0.943354
112 3 1.056345
112 2 1.136531
112 44 1.092609
112 5 1.160306
112 15 1.203971
112 45 1.268087
112 30 1.290781
112 33 1.286329
112 12 1.327468
112 14 1.417204
112 20 1.471313
112 32 1.476967
112 35 1.510930
112 6 1.549080
112 34 1.515017
112 39 1.544342
112 21 1.614067
112 25 1.665607
112 1 1.691397
112 50 1.631112
112 49 1.655340
112 4 1.771891
112 27 1.746475
112 38 1.731276
112 46 1.722312
112 26 1.793031
112 43 1.770019
112 41 1.773517
112 40 1.793089
112 17 1.864200
112 7 1.887218
112 19 1.879797
112 24 1.874241
112 37 1.867352
112 42 1.878681
112 36 2.002179
112 47 1.990465
112 16 2.036750
112 18 2.036054
112 48 1.991171
112 22 2.032709
112 23 2.060066
113 11 0.434892
113 8 0.439760
113 13 0.504130
113 9 0.540974
113 28 0.711128
113 32 0.826883
113 29 1.267373
113 44 1.305026
113 21 1.972674
113 5 2.011732
113 7 2.011226
113 12 2.012924
113 1 2.128296
113 41 2.208059
113 45 2.248844
113 15 2.313449
113 33 2.298879
113 4 2.334198
113 6 2.348735
113 31 2.325056
113 14 2.366882
113 3 2.388274
113 10 2.437705
113 48 2.464024
113 42 2.478985
113 2 2.533712
113 30 2.562889
113 0 2.643151
113 19 2.644075
113 34 2.638819
113 47 2.625945
113 24 2.735133
113 36 2.729390
113 39 2.745349
113 35 2.780076
113 17 2.855646
113 43 2.834489
113 50 2.843527
113 26 2.871259
113 40 2.881138
113 22 2.923447
113 49 2.900493
113 38 2.986705
113 46 2.987306
113 18 3.025939
113 16 3.095362
113 25 3.164115
113 27 3.173212
113 37 3.173071
113 20 3.209012
113 23 3.358054
114 11 0.453623
114 9 0.530474
114 44 0.551893
114 10 0.622407
114 32 0.764426
114 8 0.835045
114 29 0.810288
114 28 0.836663
114 1 0.965091
114 0 1.013345
114 30 0.999910
114 13 1.068205
114 12 1.221430
114 2 1.300064
114 14 1.287815
114 31 1.267430
114 5 1.340881
114 33 1.342371
114 7 1.514850
114 45 1.558376
114 43 1.630334
114 3 1.733947
114 40 1.693390
114 49 1.903110
114 41 1.964132
114 26 2.061142
114 22 2.104616
114 36 2.109423
114 42 2.105126
114 25 2.178729
114 27 2.193634
114 16 2.220150
114 46 2.204308
114 4 2.289867
114 37 2.260921
114 48 2.312797
114 6 2.362153
114 34 2.361614
114 50 2.356055
114 24 2.391180
114 19 2.416072
114 18 2.426089
114 35 2.412204
114 39 2.422563
114 20 2.452651
114 17 2.502001
114 21 2.503657
114 15 2.532758
114 47 2.522826
114 38 2.608636
114 23 2.637094
115 8 0.436888
115 10 0.589704
115 12 0.614269
115 13 0.635537
115 14 0.725153
115 9 0.838812
115 44 0.820580
115 32 0.863452
115 28 0.917534
115 30 0.932258
115 2 1.013154
115 31 1.016377
115 0 1.045763
115 11 1.049151
115 29 1.136975
115 33 1.151619
115 43 1.188033
115 4 1.296764
115 45 1.281833
115 36 1.322563
115 17 1.351942
115 19 1.351512
115 22 1.390070
115 25 1.419240
115 3 1.455222
115 6 1.490305
115 42 1.453587
115 41 1.473138
115 18 1.520857
115 5 1.565006
115 21 1.571082
115 48 1.557448
115 34 1.591788
115 38 1.586760
115 50 1.572359
115 16 1.633899
115 7 1.640604
115 49 1.617715
115 24 1.663215
115 1 1.696123
115 35 1.672837
115 47 1.661297
115 27 1.688159
115 40 1.678475
115 26 1.715051
115 20 1.731793
115 15 1.738732
115 39 1.725450
115 23 1.758131
115 46 1.772316
115 37 1.889002
116 11 0.662120
116 9 0.759361
116 13 0.989463
116 32 1.007013
116 29 1.011106
116 44 0.990958
116 30 1.183306
116 1 1.306984
116 8 1.314691
116 14 1.312722
116 28 1.437850
116 12 1.466913
116 31 1.439089
116 6 1.486219
116 5 1.784937
116 3 1.788811
116 0 1.794388
116 16 1.922273
116 33 1.900366
116 10 1.974189
116 22 2.071254
116 38 2.052081
116 7 2.150450
116 19 2.170084
116 39 2.203375
116 4 2.380938
116 15 2.397364
116 26 2.442177
116 40 2.459251
116 2 2.535106
116 17 2.522526
116 20 2.522522
116 47 2.612246
116 34 2.649155
116 21 2.739045
116 49 2.728643
116 50 2.726129
116 23 2.788460
116 43 2.781861
116 27 2.810433
116 24 2.841870
116 42 2.816242
116 25 2.867277
116 45 2.867392
116 46 2.895626
116 36 2.926598
116 41 2.937907
116 35 2.948039
116 48 2.911741
116 37 2.947342
116 18 2.987609
117 8 0.571023
117 12 0.628058
117 9 0.632722
117 10 0.806019
117 33 0.785283
117 13 0.893598
117 44 1.095282
117 31 1.235152
117 14 1.252455
117 11 1.582151
117 30 1.566789
117 5 1.589442
117 1 1.594294
117 35 1.620428
117 19 1.654257
117 2 1.740494
117 34 1.712578
117 46 1.867085
117 23 2.068185
117 36 2.056419
117 28 2.149747
117 21 2.158273
117 29 2.242166
117 26 2.247019
117 32 2.275878
117 15 2.294794
117 43 2.341898
117 22 2.396287
117 20 2.432516
117 40 2.443608
117 16 2.467792
117 17 2.524724
117 0 2.593064
117 25 2.596587
117 4 2.638385
117 42 2.622994
117 3 2.675957
117 27 2.658540
117 37 2.771862
117 45 2.762975
117 48 2.759691
117 7 2.801678
117 38 2.774055
117 39 2.773686
117 47 2.763492
117 6 2.805008
117 41 2.800307
117 24 2.857867
117 18 2.909034
117 49 2.875837
117 50 2.891250
118 8 0.506598
118 12 0.664664
118 13 0.664593
118 11 0.666463
118 14 0.715281
118 33 0.907099
118 28 0.956604
118 10 1.109987
118 30 1.124928
118 44 1.115323
118 31 1.167553
118 1 1.248952
118 32 1.223670
118 5 1.250703
118 9 1.250144
118 29 1.335383
118 4 1.392736
118 0 1.480038
118 2 1.482889
118 6 1.702304
118 7 1.704665
118 40 1.730464
118 34 1.914465
118 3 1.977661
118 24 2.010547
118 22 2.048295
118 26 2.097846
118 18 2.124184
118 17 2.184141
118 50 2.159198
118 37 2.197004
118 38 2.196794
118 35 2.246668
118 46 2.248695
118 23 2.279254
118 15 2.288023
118 41 2.273530
118 20 2.301199
118 43 2.301870
118 39 2.325184
118 21 2.374303
118 19 2.378673
118 45 2.346772
118 25 2.386839
118 49 2.371664
118 47 2.376019
118 27 2.403424
118 42 2.399252
118 16 2.541812
118 48 2.502315
118 36 2.520019
119 9 0.675480
119 44 0.641245
119 32 0.732029
119 14 0.877398
119 28 0.882735
119 8 0.995530
119 33 1.077007
119 12 1.151167
119 30 1.134812
119 2 1.319869
119 0 1.322422
119 31 1.297037
119 4 1.345706
119 29 1.325054
119 11 1.396192
119 10 1.402464
119 13 1.583119
119 24 1.684532
119 40 1.706151
119 46 1.716365
119 34 1.762584
119 16 1.801122
119 48 1.784083
119 6 1.841371
119 7 1.860482
119 22 1.903932
119 37 1.900353
119 5 1.997866
119 42 1.987131
119 17 2.041121
119 49 2.006846
119 45 2.021406
119 26 2.064373
119 39 2.050036
119 41 2.056585
119 3 2.131174
119 1 2.143395
119 36 2.171714
119 18 2.203744
119 43 2.185235
119 50 2.176857
119 20 2.219892
119 21 2.236179
119 47 2.218299
119 15 2.262179
119 19 2.312802
119 38 2.299195
119 35 2.311618
119 23 2.364048
119 25 2.398399
119 27 2.480889
120 12 0.871683
120 11 0.930478
120 14 0.932606
120 8 1.035784
120 0 1.263803
120 1 1.268557
120 17 1.334297
120 3 1.355367
120 9 1.376333
120 2 1.391206
120 4 1.394649
120 5 1.627193
120 32 1.543662
120 28 1.764883
120 23 1.781043
120 13 1.799877
120 16 1.798926
120 6 1.811836
120 10 1.804713
120 24 1.900309
120 27 1.895567
120 7 1.932356
120 31 1.858791
120 29 1.939532
120 26 2.132906
120 30 2.139932
120 19 2.195038
120 44 1.920811
120 33 2.147347
120 36 2.183743
120 22 2.274389
120 15 2.333768
120 37 2.249694
120 20 2.350566
120 21 2.482705
120 42 2.347036
120 25 2.473107
120 35 2.403617
120 18 2.490286
120 34 2.444289
120 49 1.799456
120 50 1.748638
120 38 2.525089
120 41 2.494182
120 43 2.490862
120 40 2.546772
120 39 2.581162
120 45 2.272076
120 47 2.105238
120 46 2.226909
120 48 2.095883
