21 0 0.112457
21 2 0.178192
21 1 0.202795
21 4 0.201261
21 3 0.208519
21 6 0.165137
21 7 0.155298
21 5 0.249416
21 8 0.163779
21 9 0.131634
21 13 0.135169
21 11 0.140323
21 12 0.141004
21 14 0.173973
21 10 0.182899
21 15 0.192048
21 16 0.202375
21 18 0.206792
21 17 0.213027
21 21 0.208435
21 20 0.213433
21 24 0.213186
21 25 0.210433
21 19 0.229067
21 22 0.225644
21 23 0.226203
21 31 0.208745
21 38 0.180132
21 33 0.237046
21 44 0.155745
21 29 0.271797
21 47 0.157845
21 42 0.185326
21 32 0.264461
21 35 0.228875
21 45 0.171267
21 28 0.280500
21 34 0.250601
21 26 0.289444
21 27 0.287048
21 46 0.163305
21 36 0.213659
21 48 0.160627
21 43 0.185206
21 40 0.201649
21 30 0.284305
21 39 0.209249
21 41 0.204303
21 50 0.163919
21 37 0.226689
21 49 0.179228
22 0 0.073501
22 2 0.129516
22 12 0.134525
22 8 0.137699
22 3 0.154206
22 9 0.168356
22 1 0.193099
22 10 0.199989
22 13 0.201152
22 11 0.217444
22 7 0.250509
22 6 0.266731
22 5 0.299644
22 4 0.343661
22 44 0.275992
22 32 0.292601
22 22 0.329536
22 28 0.307600
22 14 0.346650
22 16 0.331146
22 48 0.279530
22 30 0.300713
22 20 0.335330
22 34 0.305241
22 38 0.301860
22 26 0.322759
22 24 0.325951
22 40 0.300570
22 43 0.297913
22 17 0.342968
22 33 0.311232
22 31 0.314612
22 42 0.300879
22 18 0.343727
22 45 0.297113
22 50 0.292650
22 29 0.325994
22 46 0.297408
22 36 0.311972
22 41 0.306182
22 15 0.357219
22 49 0.304622
22 19 0.358593
22 39 0.325107
22 27 0.345432
22 47 0.314195
22 23 0.358593
22 37 0.333033
22 25 0.353324
22 35 0.335732
22 21 0.367914
23 0 0.124448
23 5 0.137265
23 3 0.139381
23 2 0.143146
23 4 0.144606
23 1 0.151854
23 8 0.183904
23 9 0.202108
23 7 0.206647
23 12 0.225943
23 11 0.229730
23 10 0.231361
23 13 0.233936
23 14 0.233943
23 6 0.243529
23 31 0.218687
23 29 0.222110
23 32 0.223873
23 21 0.242141
23 19 0.245238
23 16 0.248989
23 42 0.220843
23 18 0.250279
23 38 0.228306
23 28 0.239193
23 15 0.254319
23 20 0.250567
23 50 0.217469
23 30 0.240204
23 27 0.245328
23 33 0.240588
23 35 0.238960
23 36 0.238266
23 44 0.228438
23 43 0.232372
23 22 0.258405
23 47 0.231577
23 23 0.260267
23 37 0.245075
23 34 0.248133
23 17 0.267535
23 40 0.243362
23 45 0.238520
23 46 0.239414
23 39 0.250014
23 41 0.248145
23 24 0.269351
23 26 0.267463
23 48 0.241373
23 25 0.269302
23 49 0.241891
24 0 0.112591
24 4 0.122334
24 3 0.142962
24 5 0.142049
24 1 0.149309
24 2 0.152077
24 9 0.181773
24 7 0.216321
24 6 0.236971
24 12 0.232594
24 8 0.244111
24 20 0.234995
24 14 0.247202
24 13 0.248773
24 31 0.230957
24 37 0.227577
24 17 0.251323
24 32 0.245464
24 15 0.266830
24 39 0.241242
24 29 0.252969
24 30 0.253218
24 25 0.258132
24 19 0.267937
24 44 0.240889
24 21 0.266376
24 33 0.254323
24 11 0.278463
24 28 0.261188
24 10 0.279767
24 45 0.243590
24 26 0.264713
24 18 0.274567
24 41 0.249118
24 48 0.242914
24 23 0.270165
24 36 0.256012
24 47 0.247441
24 50 0.244366
24 35 0.260324
24 46 0.250358
24 27 0.270711
24 38 0.259434
24 42 0.255163
24 49 0.248952
24 34 0.265150
24 16 0.286699
24 40 0.263419
24 43 0.260294
24 24 0.282046
24 22 0.285348
25 0 0.122748
25 3 0.122681
25 6 0.122506
25 1 0.135833
25 2 0.141298
25 5 0.190411
25 4 0.203893
25 10 0.200761
25 8 0.208649
25 14 0.227769
25 9 0.235400
25 12 0.234169
25 20 0.229929
25 32 0.226375
25 44 0.218283
25 33 0.234395
25 29 0.240796
25 28 0.243646
25 30 0.242155
25 24 0.250464
25 39 0.237112
25 34 0.244219
25 11 0.265586
25 22 0.257206
25 31 0.248696
25 17 0.263224
25 13 0.269650
25 18 0.266346
25 7 0.274499
25 36 0.249953
25 26 0.261614
25 15 0.272570
25 49 0.237492
25 23 0.270265
25 38 0.256286
25 42 0.252153
25 40 0.255800
25 16 0.283126
25 41 0.256909
25 48 0.252017
25 37 0.266617
25 46 0.256327
25 50 0.253680
25 45 0.259154
25 19 0.287333
25 35 0.272038
25 47 0.260155
25 25 0.284850
25 43 0.264774
25 21 0.289708
25 27 0.286424
26 3 0.102590
26 0 0.107109
26 5 0.115257
26 1 0.137072
26 6 0.137787
26 2 0.143432
26 4 0.143220
26 9 0.182758
26 10 0.192008
26 8 0.223772
26 22 0.240120
26 23 0.239060
26 19 0.243826
26 14 0.251822
26 21 0.245864
26 11 0.256202
26 20 0.249079
26 30 0.237812
26 13 0.257181
26 12 0.261051
26 26 0.249833
26 39 0.236323
26 17 0.259803
26 24 0.254838
26 28 0.251589
26 41 0.237995
26 50 0.228368
26 47 0.232547
26 42 0.239182
26 37 0.245655
26 32 0.251740
26 27 0.257870
26 34 0.250693
26 7 0.276409
26 29 0.255345
26 33 0.254030
26 31 0.256518
26 49 0.237404
26 46 0.242082
26 38 0.251751
26 16 0.274688
26 48 0.241355
26 35 0.256545
26 15 0.277729
26 44 0.247502
26 25 0.268819
26 36 0.259304
26 43 0.252070
26 18 0.284187
26 45 0.255099
26 40 0.264285
27 1 0.129065
27 0 0.134212
27 2 0.139464
27 3 0.156363
27 4 0.159120
27 6 0.174734
27 5 0.187809
27 7 0.197227
27 10 0.200078
27 9 0.230247
27 8 0.232984
27 34 0.223205
27 32 0.231122
27 47 0.210247
27 27 0.240189
27 15 0.265985
27 23 0.243700
27 29 0.238045
27 13 0.265006
27 25 0.250313
27 38 0.240033
27 20 0.256389
27 14 0.256124
27 37 0.234444
27 11 0.282886
27 35 0.254545
27 40 0.246129
27 43 0.243236
27 17 0.278630
27 50 0.235117
27 12 0.285804
27 42 0.247567
27 28 0.268569
27 44 0.246489
27 21 0.276777
27 18 0.281021
27 22 0.276687
27 19 0.280032
27 24 0.277504
27 33 0.269723
27 45 0.253160
27 39 0.261251
27 26 0.280984
27 31 0.275324
27 16 0.295035
27 30 0.276374
27 48 0.253000
27 46 0.261468
27 41 0.270708
27 49 0.277299
27 36 0.297766
28 0 0.151392
28 3 0.156931
28 1 0.163144
28 2 0.164892
28 5 0.163284
28 4 0.201844
28 8 0.199145
28 6 0.210954
28 12 0.238747
28 7 0.243546
28 10 0.246594
28 9 0.248119
28 11 0.251289
28 14 0.249459
28 13 0.252249
28 30 0.233683
28 20 0.247821
28 19 0.250545
28 31 0.235337
28 32 0.234207
28 16 0.254008
28 21 0.250223
28 28 0.242165
28 29 0.243292
28 33 0.243366
28 18 0.265327
28 15 0.268774
28 27 0.258376
28 36 0.246204
28 22 0.264855
28 23 0.264544
28 35 0.250802
28 25 0.264158
28 26 0.263415
28 24 0.266328
28 17 0.274138
28 37 0.252219
28 41 0.268136
28 42 0.272843
28 49 0.265225
28 43 0.276089
28 44 0.278903
28 50 0.272257
28 34 0.290632
28 40 0.283848
28 38 0.286774
28 39 0.287833
28 46 0.284487
28 47 0.283845
28 45 0.286979
28 48 0.288478
29 0 0.139243
29 1 0.178043
29 4 0.184476
29 2 0.188826
29 3 0.193900
29 5 0.194436
29 8 0.198890
29 9 0.219509
29 14 0.292958
29 13 0.293878
29 30 0.287940
29 11 0.308043
29 10 0.335797
29 12 0.337064
29 28 0.323172
29 32 0.320545
29 6 0.350294
29 33 0.364554
29 22 0.390141
29 37 0.375982
29 25 0.401983
29 31 0.395911
29 18 0.411012
29 7 0.419707
29 23 0.406814
29 15 0.414850
29 20 0.412086
29 27 0.405771
29 24 0.408605
29 16 0.422002
29 17 0.421563
29 29 0.410512
29 19 0.422663
29 21 0.421365
29 38 0.405679
29 44 0.399796
29 35 0.413788
29 34 0.415714
29 40 0.416853
29 36 0.429407
29 39 0.429232
29 43 0.425173
29 42 0.426426
29 46 0.424233
29 47 0.423058
29 48 0.422476
29 26 0.451818
29 50 0.425372
29 41 0.436396
29 45 0.434084
29 49 0.435675
30 0 0.157419
30 4 0.158803
30 1 0.167119
30 2 0.168854
30 6 0.168517
30 3 0.172070
30 5 0.227110
30 8 0.257095
30 44 0.236553
30 28 0.256570
30 12 0.275134
30 29 0.256993
30 31 0.259140
30 13 0.279745
30 22 0.275657
30 32 0.260198
30 10 0.282891
30 9 0.294682
30 14 0.292468
30 26 0.279338
30 20 0.287239
30 38 0.271058
30 27 0.282072
30 16 0.295141
30 35 0.275719
30 23 0.288451
30 11 0.301514
30 39 0.273220
30 37 0.276228
30 17 0.298910
30 7 0.309150
30 34 0.282065
30 42 0.274474
30 18 0.301588
30 36 0.283715
30 40 0.279870
30 30 0.290333
30 49 0.268050
30 47 0.273129
30 21 0.305991
30 50 0.273636
30 45 0.279076
30 33 0.298488
30 41 0.291590
30 46 0.282642
30 19 0.316243
30 48 0.283967
30 15 0.324631
30 24 0.315976
30 25 0.319118
30 43 0.301584
31 5 0.152035
31 3 0.164139
31 0 0.176195
31 2 0.178890
31 1 0.184676
31 4 0.185141
31 10 0.185794
31 6 0.208421
31 8 0.214830
31 17 0.246674
31 33 0.230379
31 14 0.251999
31 11 0.256389
31 19 0.249512
31 20 0.252080
31 12 0.261943
31 22 0.253102
31 31 0.245712
31 26 0.251164
31 38 0.239749
31 13 0.267879
31 9 0.271262
31 27 0.254821
31 21 0.261770
31 42 0.240331
31 37 0.246806
31 25 0.259715
31 50 0.233830
31 23 0.264421
31 34 0.253651
31 41 0.247224
31 32 0.257363
31 28 0.262885
31 24 0.267440
31 44 0.246843
31 7 0.284620
31 46 0.247898
31 29 0.268355
31 30 0.267743
31 47 0.249776
31 49 0.251315
31 39 0.262204
31 15 0.293491
31 16 0.294394
31 40 0.272200
31 48 0.265211
31 18 0.296430
31 35 0.281572
31 36 0.290059
31 43 0.283984
31 45 0.285898
32 0 0.164150
32 1 0.168048
32 2 0.175553
32 4 0.176666
32 3 0.181217
32 5 0.182948
32 8 0.212834
32 7 0.219696
32 10 0.219993
32 9 0.221884
32 6 0.229596
32 12 0.256209
32 32 0.230500
32 11 0.265577
32 14 0.266557
32 31 0.246011
32 13 0.271308
32 30 0.247640
32 29 0.255339
32 20 0.278155
32 17 0.290979
32 33 0.268412
32 19 0.290451
32 18 0.296218
32 24 0.288397
32 26 0.283776
32 16 0.301616
32 22 0.293085
32 21 0.294294
32 23 0.293840
32 15 0.305592
32 44 0.265231
32 28 0.286053
32 37 0.276816
32 25 0.295678
32 34 0.282131
32 42 0.273249
32 36 0.280387
32 39 0.277624
32 27 0.295148
32 41 0.277369
32 43 0.277853
32 46 0.279879
32 49 0.278833
32 47 0.281438
32 45 0.284329
32 38 0.293642
32 40 0.292685
32 50 0.285909
32 48 0.296320
32 35 0.312335
33 2 0.164777
33 0 0.184756
33 3 0.188206
33 1 0.193949
33 4 0.191801
33 11 0.253159
33 8 0.255916
33 13 0.263811
33 44 0.242089
33 5 0.281603
33 7 0.280449
33 14 0.283069
33 10 0.300477
33 16 0.296560
33 31 0.285532
33 33 0.285693
33 21 0.301503
33 9 0.311922
33 15 0.307664
33 25 0.299351
33 17 0.306835
33 19 0.305133
33 34 0.299341
33 29 0.305221
33 47 0.295121
33 41 0.301595
33 26 0.321102
33 18 0.330495
33 46 0.300003
33 30 0.320455
33 49 0.299625
33 28 0.325793
33 32 0.324390
33 27 0.333608
33 42 0.314504
33 37 0.324804
33 38 0.323173
33 6 0.353373
33 22 0.344786
33 12 0.354308
33 23 0.351950
33 40 0.337313
33 45 0.330585
33 43 0.341097
33 39 0.349538
33 36 0.357435
33 24 0.372333
33 20 0.380353
33 35 0.368487
33 48 0.352021
33 50 0.356940
34 3 0.157420
34 1 0.162203
34 5 0.163063
34 0 0.168178
34 4 0.166112
34 2 0.170878
34 9 0.218186
34 11 0.227002
34 6 0.244356
34 12 0.252897
34 17 0.281475
34 33 0.263611
34 29 0.271015
34 31 0.269616
34 15 0.288556
34 13 0.293488
34 8 0.302650
34 43 0.266679
34 21 0.292717
34 7 0.306699
34 19 0.296365
34 28 0.285444
34 35 0.279232
34 18 0.299037
34 10 0.306888
34 14 0.303506
34 30 0.288854
34 20 0.301076
34 16 0.307458
34 34 0.287097
34 40 0.282349
34 47 0.274592
34 37 0.287050
34 44 0.281252
34 27 0.300667
34 22 0.308752
34 23 0.311084
34 45 0.286816
34 48 0.285452
34 38 0.299194
34 32 0.305446
34 42 0.296600
34 25 0.314084
34 39 0.302419
34 36 0.305816
34 50 0.293583
34 49 0.297340
34 26 0.326716
34 24 0.329557
34 46 0.310247
34 41 0.326620
35 4 0.194493
35 6 0.193120
35 2 0.215482
35 3 0.215806
35 1 0.224764
35 8 0.187456
35 0 0.238994
35 10 0.152016
35 5 0.225915
35 9 0.181381
35 7 0.245453
35 11 0.184611
35 12 0.165057
35 14 0.142121
35 13 0.169802
35 17 0.176737
35 15 0.192831
35 18 0.192752
35 19 0.175506
35 16 0.201439
35 21 0.156835
35 30 0.171427
35 31 0.179177
35 44 0.155164
35 25 0.224777
35 26 0.213716
35 22 0.232958
35 29 0.218045
35 28 0.228147
35 20 0.257054
35 50 0.189547
35 33 0.237583
35 32 0.239358
35 46 0.202887
35 47 0.211218
35 41 0.227524
35 24 0.289791
35 34 0.257957
35 36 0.246306
35 39 0.243398
35 49 0.224228
35 37 0.250123
35 42 0.248722
35 27 0.304297
35 35 0.282900
35 43 0.257936
35 38 0.278809
35 45 0.267854
35 40 0.290158
35 23 0.347961
35 48 0.275316
36 0 0.156817
36 1 0.175801
36 6 0.183066
36 2 0.186803
36 4 0.195176
36 3 0.202471
36 5 0.206591
36 9 0.228985
36 30 0.261651
36 8 0.282406
36 29 0.263177
36 13 0.291648
36 21 0.284724
36 10 0.297948
36 11 0.297555
36 19 0.290704
36 23 0.286484
36 24 0.285976
36 14 0.296146
36 31 0.282131
36 7 0.304584
36 12 0.304813
36 28 0.289917
36 33 0.285844
36 32 0.286969
36 37 0.288208
36 47 0.276338
36 15 0.314325
36 17 0.314850
36 27 0.307510
36 36 0.299939
36 43 0.293369
36 34 0.302988
36 40 0.301054
36 16 0.327411
36 45 0.296660
36 42 0.302535
36 20 0.326114
36 50 0.294163
36 49 0.297449
36 18 0.331251
36 46 0.303965
36 38 0.315369
36 44 0.309715
36 39 0.316313
36 22 0.337494
36 26 0.336232
36 41 0.323463
36 25 0.345401
36 35 0.338642
36 48 0.325923
37 4 0.170890
37 0 0.184859
37 2 0.184007
37 1 0.196694
37 9 0.190786
37 3 0.202201
37 5 0.203398
37 8 0.209346
37 13 0.254064
37 14 0.255922
37 10 0.260837
37 12 0.260084
37 11 0.263457
37 7 0.282342
37 29 0.263358
37 44 0.248010
37 24 0.278284
37 25 0.279680
37 32 0.276759
37 27 0.285695
37 17 0.305666
37 6 0.314964
37 30 0.293254
37 28 0.295915
37 47 0.278368
37 16 0.312627
37 20 0.314087
37 33 0.300190
37 31 0.303060
37 37 0.298925
37 39 0.298143
37 26 0.312601
37 36 0.305279
37 19 0.326982
37 46 0.299088
37 18 0.334293
37 15 0.339622
37 40 0.313254
37 38 0.324850
37 50 0.312468
37 22 0.344877
37 21 0.348510
37 48 0.319361
37 34 0.335680
37 45 0.325863
37 23 0.352793
37 42 0.334786
37 43 0.336201
37 41 0.339453
37 35 0.349295
37 49 0.336889
38 8 0.147997
38 3 0.183765
38 1 0.209938
38 2 0.209679
38 5 0.211432
38 7 0.210896
38 6 0.213272
38 0 0.219989
38 10 0.123749
38 11 0.120801
38 4 0.218768
38 9 0.223224
38 12 0.170620
38 15 0.238359
38 30 0.224247
38 32 0.235411
38 16 0.256362
38 31 0.237831
38 44 0.222824
38 33 0.242872
38 13 0.267793
38 29 0.250880
38 28 0.253275
38 14 0.276176
38 18 0.281547
38 43 0.262426
38 25 0.297077
38 23 0.302433
38 21 0.304483
38 17 0.311522
38 19 0.313444
38 24 0.309492
38 22 0.312565
38 27 0.311679
38 20 0.320824
38 40 0.297287
38 37 0.302323
38 36 0.306986
38 48 0.294139
38 26 0.329671
38 39 0.306848
38 41 0.305603
38 42 0.306911
38 35 0.322922
38 46 0.306841
38 38 0.316464
38 45 0.313566
38 47 0.311364
38 34 0.333837
38 49 0.315464
38 50 0.315158
39 8 0.138281
39 0 0.162454
39 3 0.178740
39 1 0.194092
39 9 0.191113
39 4 0.219356
39 2 0.224342
39 5 0.246777
39 13 0.262243
39 11 0.271115
39 30 0.259746
39 17 0.276389
39 39 0.254764
39 31 0.264577
39 33 0.263441
39 12 0.287736
39 21 0.281148
39 7 0.307074
39 19 0.305093
39 10 0.316931
39 6 0.325705
39 29 0.306095
39 28 0.307342
39 48 0.287011
39 18 0.321435
39 20 0.319372
39 22 0.319729
39 45 0.295609
39 14 0.329324
39 41 0.300576
39 44 0.297682
39 23 0.322341
39 49 0.298900
39 37 0.312805
39 27 0.323872
39 46 0.304392
39 40 0.311798
39 24 0.332855
39 25 0.331922
39 15 0.342206
39 32 0.324758
39 43 0.319619
39 35 0.336296
39 36 0.337406
39 26 0.349363
39 38 0.343654
39 16 0.374313
39 42 0.346187
39 50 0.339667
39 34 0.372199
39 47 0.359096
40 3 0.173477
40 0 0.191927
40 1 0.200438
40 2 0.207231
40 6 0.277101
40 5 0.291478
40 33 0.282435
40 13 0.300735
40 8 0.309325
40 19 0.317809
40 11 0.324000
40 4 0.339687
40 14 0.349721
40 12 0.356978
40 29 0.343598
40 31 0.357559
40 28 0.360929
40 7 0.382770
40 21 0.373730
40 9 0.382886
40 44 0.350469
40 18 0.379448
40 16 0.403772
40 10 0.408550
40 17 0.404394
40 30 0.404751
40 24 0.417814
40 37 0.416971
40 15 0.441220
40 38 0.422596
40 22 0.441835
40 23 0.440898
40 34 0.430693
40 39 0.425914
40 43 0.419902
40 40 0.426075
40 27 0.443966
40 48 0.421080
40 32 0.443697
40 20 0.462894
40 26 0.460654
40 25 0.464578
40 46 0.441186
40 47 0.440859
40 35 0.458544
40 42 0.450873
40 36 0.460321
40 41 0.454547
40 49 0.448241
40 45 0.455680
40 50 0.455446
41 8 0.236706
41 3 0.254560
41 1 0.267801
41 0 0.269323
41 2 0.270415
41 10 0.264742
41 9 0.275483
41 13 0.272438
41 6 0.282980
41 5 0.284582
41 11 0.285416
41 12 0.285977
41 14 0.299568
41 4 0.309661
41 16 0.367888
41 30 0.335100
41 28 0.351613
41 18 0.402463
41 32 0.361654
41 44 0.321486
41 20 0.408490
41 46 0.347062
41 26 0.415597
41 24 0.430389
41 36 0.395580
41 31 0.411831
41 42 0.380610
41 40 0.390217
41 33 0.429047
41 17 0.476541
41 48 0.384536
41 21 0.463369
41 15 0.481531
41 7 0.491959
41 38 0.419638
41 34 0.434087
41 29 0.456577
41 43 0.430767
41 19 0.520001
41 35 0.474068
41 39 0.467677
41 41 0.468460
41 23 0.528784
41 49 0.452500
41 50 0.452215
41 22 0.542074
41 37 0.495409
41 45 0.481231
41 27 0.536401
41 25 0.554379
41 47 0.488678
42 2 0.194096
42 0 0.202409
42 1 0.205081
42 3 0.214163
42 8 0.251300
42 5 0.275879
42 32 0.307073
42 9 0.362311
42 33 0.338860
42 23 0.378918
42 12 0.391113
42 10 0.393054
42 13 0.412207
42 34 0.404541
42 37 0.436523
42 46 0.427972
42 20 0.456971
42 17 0.461779
42 30 0.447478
42 24 0.455347
42 29 0.449464
42 7 0.472691
42 4 0.476309
42 27 0.456786
42 47 0.435906
42 31 0.464970
42 41 0.458010
42 11 0.491680
42 40 0.461205
42 14 0.492414
42 16 0.491062
42 44 0.464810
42 21 0.497609
42 6 0.542151
42 39 0.512191
42 22 0.533326
42 48 0.507396
42 38 0.517768
42 43 0.516524
42 19 0.545156
42 28 0.549757
42 49 0.528528
42 35 0.545734
42 25 0.563664
42 18 0.572038
42 36 0.556374
42 26 0.576586
42 50 0.554143
42 42 0.565936
42 45 0.563105
42 15 0.596506
43 0 0.240842
43 2 0.257858
43 5 0.256930
43 4 0.269930
43 8 0.268643
43 12 0.272498
43 13 0.282433
43 10 0.285059
43 11 0.287633
43 3 0.296323
43 44 0.280610
43 1 0.324668
43 28 0.320765
43 14 0.336090
43 47 0.314759
43 29 0.339120
43 30 0.345584
43 32 0.345445
43 9 0.373777
43 48 0.345729
43 42 0.351446
43 38 0.358285
43 17 0.381816
43 31 0.369773
43 43 0.355813
43 40 0.359789
43 7 0.396173
43 33 0.376578
43 39 0.372777
43 35 0.382127
43 36 0.385594
43 16 0.407533
43 50 0.370458
43 20 0.407700
43 41 0.384225
43 22 0.409131
43 19 0.418215
43 18 0.424219
43 34 0.407235
43 21 0.423209
43 24 0.429033
43 15 0.439862
43 23 0.439335
43 49 0.414056
43 6 0.462314
43 45 0.424381
43 25 0.454314
43 46 0.438606
43 37 0.454309
43 27 0.468451
43 26 0.477287
44 0 0.263499
44 9 0.287547
44 3 0.293260
44 6 0.291482
44 8 0.327706
44 11 0.331000
44 29 0.361643
44 2 0.418664
44 28 0.391955
44 10 0.412781
44 4 0.419888
44 5 0.426026
44 1 0.431752
44 31 0.447341
44 7 0.487367
44 33 0.457019
44 32 0.479546
44 15 0.504647
44 13 0.573432
44 12 0.611776
44 30 0.590838
44 45 0.575185
44 44 0.582526
44 35 0.593608
44 14 0.619301
44 43 0.594812
44 25 0.638529
44 47 0.618174
44 27 0.642630
44 37 0.631567
44 41 0.631995
44 40 0.635023
44 22 0.670424
44 46 0.644587
44 18 0.687471
44 42 0.684593
44 16 0.726349
44 17 0.728531
44 36 0.714201
44 20 0.734340
44 48 0.702304
44 19 0.741402
44 38 0.726435
44 21 0.753325
44 49 0.727807
44 50 0.726669
44 24 0.757380
44 26 0.776131
44 39 0.763134
44 23 0.789915
44 34 0.786447
45 10 0.246988
45 9 0.250892
45 12 0.315981
45 4 0.322428
45 30 0.290482
45 32 0.314577
45 11 0.321941
45 14 0.321227
45 8 0.323587
45 0 0.353991
45 44 0.306177
45 7 0.362366
45 6 0.372398
45 2 0.381776
45 31 0.383302
45 5 0.415753
45 3 0.419482
45 28 0.390822
45 1 0.440291
45 34 0.405435
45 22 0.482122
45 24 0.524743
45 46 0.492605
45 20 0.544693
45 13 0.556522
45 16 0.559205
45 29 0.576405
45 33 0.575620
45 17 0.599761
45 42 0.571082
45 41 0.586341
45 47 0.593088
45 37 0.611894
45 19 0.644213
45 50 0.605834
45 18 0.651557
45 40 0.623800
45 23 0.664887
45 26 0.660112
45 36 0.651345
45 27 0.669705
45 43 0.648310
45 45 0.645543
45 49 0.640501
45 38 0.661384
45 15 0.712584
45 25 0.698288
45 21 0.702657
45 48 0.663698
45 35 0.691224
45 39 0.690117
46 0 0.312624
46 1 0.252987
46 3 0.263450
46 2 0.275596
46 4 0.280192
46 11 0.231597
46 8 0.257561
46 7 0.268332
46 9 0.265214
46 12 0.257735
46 13 0.250667
46 14 0.248187
46 5 0.299093
46 10 0.294996
46 29 0.223207
46 15 0.390427
46 28 0.226243
46 6 0.423353
46 20 0.362630
46 33 0.256669
46 30 0.298023
46 21 0.404716
46 16 0.472632
46 17 0.468841
46 19 0.465386
46 26 0.322234
46 31 0.278880
46 18 0.510778
46 22 0.448746
46 25 0.378302
46 44 0.290061
46 27 0.397865
46 23 0.467390
46 32 0.355551
46 38 0.326133
46 47 0.331862
46 37 0.362466
46 46 0.343894
46 35 0.386783
46 24 0.474459
46 45 0.352065
46 39 0.380137
46 40 0.372988
46 42 0.390994
46 36 0.410969
46 49 0.357320
46 48 0.382591
46 41 0.402527
46 34 0.459437
46 50 0.360720
46 43 0.441458
47 9 0.171719
47 8 0.249592
47 10 0.248518
47 4 0.275045
47 1 0.290813
47 5 0.293092
47 0 0.298944
47 13 0.304583
47 11 0.307825
47 28 0.285930
47 3 0.333864
47 30 0.306356
47 32 0.323605
47 29 0.377979
47 2 0.414485
47 12 0.406496
47 31 0.387333
47 27 0.397815
47 14 0.419881
47 33 0.399779
47 44 0.409798
47 16 0.475425
47 15 0.502422
47 24 0.519255
47 49 0.490000
47 7 0.552578
47 41 0.506568
47 26 0.532738
47 25 0.556244
47 20 0.565156
47 35 0.557157
47 22 0.579922
47 39 0.557534
47 23 0.580635
47 37 0.562637
47 48 0.551444
47 34 0.572374
47 18 0.598890
47 46 0.573752
47 38 0.583437
47 42 0.589135
47 36 0.600809
47 40 0.596690
47 50 0.589458
47 19 0.631186
47 21 0.629782
47 45 0.599244
47 43 0.609322
47 17 0.645951
47 6 0.664791
47 47 0.622939
48 3 0.259204
48 4 0.348394
48 1 0.362337
48 13 0.354479
48 5 0.364155
48 28 0.349017
48 10 0.371259
48 2 0.379219
48 9 0.433052
48 0 0.440375
48 11 0.432240
48 7 0.435846
48 30 0.417482
48 31 0.417317
48 15 0.433348
48 17 0.432123
48 20 0.440552
48 32 0.433244
48 44 0.426444
48 36 0.439192
48 33 0.445497
48 12 0.475850
48 38 0.457647
48 26 0.471964
48 23 0.475278
48 25 0.473490
48 8 0.490573
48 24 0.478539
48 14 0.489262
48 29 0.477299
48 48 0.459490
48 37 0.485648
48 27 0.504121
48 19 0.529365
48 45 0.503908
48 43 0.513943
48 39 0.529081
48 6 0.560699
48 18 0.569230
48 16 0.571983
48 34 0.553601
48 21 0.575882
48 35 0.563418
48 47 0.552085
48 40 0.562610
48 42 0.567047
48 46 0.564878
48 50 0.564787
48 49 0.567095
48 22 0.598469
48 41 0.609532
49 10 0.236025
49 9 0.251912
49 1 0.284076
49 8 0.270812
49 12 0.271266
49 14 0.259114
49 4 0.305133
49 3 0.311971
49 5 0.314179
49 13 0.276555
49 11 0.293435
49 2 0.344456
49 0 0.368795
49 6 0.382260
49 7 0.416728
49 28 0.322281
49 30 0.366048
49 15 0.463612
49 18 0.459856
49 16 0.490596
49 19 0.494961
49 22 0.507435
49 44 0.302891
49 24 0.503306
49 27 0.490662
49 17 0.538215
49 32 0.478677
49 20 0.555530
49 23 0.550575
49 29 0.513780
49 26 0.537715
49 33 0.510228
49 21 0.600167
49 31 0.539276
49 25 0.579655
49 40 0.449200
49 41 0.447200
49 38 0.489215
49 34 0.588300
49 48 0.445505
49 42 0.476520
49 36 0.577041
49 43 0.489430
49 45 0.483203
49 50 0.465932
49 47 0.473077
49 39 0.536889
49 49 0.487561
49 35 0.649773
49 46 0.520518
49 37 0.633029
50 5 0.290707
50 9 0.288422
50 3 0.298879
50 31 0.281364
50 4 0.323360
50 11 0.319875
50 8 0.324666
50 2 0.336034
50 29 0.339873
50 13 0.358111
50 0 0.371827
50 30 0.353338
50 32 0.394830
50 7 0.420288
50 1 0.425019
50 15 0.416044
50 27 0.418007
50 12 0.437832
50 10 0.452540
50 28 0.434899
50 36 0.433312
50 44 0.429083
50 14 0.460614
50 17 0.458790
50 19 0.457466
50 23 0.458956
50 24 0.461757
50 37 0.454315
50 39 0.466129
50 45 0.456759
50 35 0.475611
50 41 0.473175
50 33 0.495625
50 21 0.530200
50 38 0.514944
50 18 0.548834
50 48 0.514876
50 40 0.530867
50 47 0.518434
50 22 0.554107
50 43 0.534278
50 20 0.567608
50 26 0.564108
50 6 0.585768
50 34 0.573807
50 49 0.561612
50 25 0.611195
50 46 0.587745
50 16 0.627499
50 42 0.619009
50 50 0.612757
51 9 0.276035
51 8 0.302874
51 3 0.307307
51 28 0.290786
51 10 0.312010
51 13 0.341934
51 2 0.355360
51 33 0.321200
51 30 0.327731
51 11 0.407342
51 5 0.415566
51 32 0.403632
51 7 0.433096
51 29 0.410439
51 31 0.426010
51 37 0.423000
51 1 0.491489
51 12 0.504169
51 26 0.491074
51 45 0.465895
51 44 0.467737
51 47 0.464390
51 43 0.473330
51 6 0.516400
51 15 0.512699
51 23 0.505636
51 18 0.520309
51 0 0.550409
51 14 0.544531
51 27 0.529723
51 36 0.528222
51 24 0.557490
51 4 0.576166
51 50 0.528723
51 39 0.541129
51 19 0.588066
51 17 0.590664
51 21 0.586912
51 41 0.573824
51 40 0.584810
51 49 0.579213
51 35 0.600196
51 22 0.620607
51 46 0.592416
51 16 0.634626
51 38 0.617863
51 34 0.637563
51 48 0.623499
51 42 0.636658
51 25 0.688682
51 20 0.702882
52 0 0.224154
52 6 0.229695
52 4 0.241141
52 12 0.236352
52 14 0.299349
52 30 0.294853
52 10 0.331516
52 31 0.385192
52 28 0.392949
52 8 0.425983
52 22 0.404392
52 25 0.403037
52 26 0.403925
52 2 0.439420
52 32 0.407242
52 38 0.403483
52 33 0.412135
52 29 0.416623
52 40 0.407799
52 3 0.475041
52 13 0.468535
52 7 0.475901
52 24 0.450363
52 44 0.425711
52 1 0.491841
52 34 0.447263
52 45 0.439463
52 11 0.489681
52 16 0.486343
52 48 0.442438
52 50 0.438408
52 36 0.465246
52 46 0.458585
52 9 0.511668
52 5 0.525968
52 27 0.496612
52 43 0.479432
52 47 0.480649
52 18 0.536911
52 17 0.546258
52 21 0.534798
52 42 0.541572
52 39 0.549402
52 23 0.574578
52 20 0.581352
52 49 0.540975
52 41 0.553787
52 35 0.565464
52 37 0.567992
52 15 0.607381
52 19 0.605134
53 10 0.273628
53 9 0.287088
53 14 0.289187
53 11 0.310315
53 8 0.323094
53 1 0.364365
53 0 0.375184
53 4 0.372879
53 12 0.368676
53 3 0.376197
53 13 0.369309
53 7 0.379154
53 28 0.363774
53 31 0.362199
53 5 0.386544
53 30 0.376888
53 33 0.404626
53 44 0.406255
53 32 0.422398
53 29 0.426182
53 40 0.413330
53 2 0.464741
53 6 0.465674
53 42 0.437870
53 22 0.465546
53 26 0.463606
53 17 0.473249
53 20 0.470616
53 19 0.482150
53 21 0.480303
53 43 0.488861
53 38 0.499233
53 18 0.523718
53 49 0.505618
53 50 0.504177
53 25 0.542014
53 35 0.539117
53 41 0.536500
53 36 0.544244
53 15 0.570434
53 45 0.543662
53 37 0.557820
53 48 0.548619
53 34 0.565140
53 46 0.553704
53 39 0.570219
53 23 0.589591
53 27 0.587712
53 24 0.595755
53 16 0.606010
53 47 0.580450
54 2 0.375884
54 10 0.375974
54 12 0.396103
54 0 0.411831
54 32 0.370329
54 1 0.417385
54 44 0.353589
54 14 0.402025
54 13 0.403222
54 8 0.407801
54 6 0.415240
54 4 0.418732
54 11 0.410506
54 28 0.386701
54 5 0.433455
54 9 0.422915
54 3 0.444852
54 15 0.438032
54 17 0.454032
54 20 0.447825
54 31 0.463758
54 30 0.467006
54 18 0.487985
54 7 0.506234
54 24 0.484969
54 33 0.474394
54 16 0.528668
54 40 0.492830
54 48 0.486459
54 46 0.493284
54 29 0.532123
54 25 0.558717
54 22 0.561343
54 43 0.535928
54 36 0.557269
54 35 0.570618
54 37 0.569023
54 23 0.595064
54 50 0.555383
54 26 0.592216
54 39 0.575126
54 19 0.615973
54 27 0.623733
54 42 0.607134
54 38 0.613283
54 45 0.606854
54 34 0.629563
54 47 0.619060
54 21 0.661870
54 41 0.634110
54 49 0.644213
55 8 0.269146
55 9 0.276375
55 10 0.276008
55 11 0.287489
55 1 0.309493
55 14 0.328941
55 13 0.342434
55 2 0.363282
55 3 0.402029
55 29 0.388805
55 17 0.460804
55 5 0.483767
55 15 0.466602
55 7 0.485912
55 33 0.441616
55 0 0.528882
55 31 0.458619
55 4 0.529726
55 38 0.455835
55 25 0.518603
55 22 0.527300
55 32 0.502143
55 6 0.571462
55 24 0.533719
55 16 0.554658
55 12 0.565833
55 18 0.554488
55 21 0.560083
55 19 0.570170
55 30 0.536225
55 23 0.562524
55 20 0.568678
55 44 0.456696
55 47 0.451916
55 28 0.580504
55 35 0.543426
55 42 0.494483
55 41 0.503653
55 27 0.605917
55 43 0.513519
55 26 0.618601
55 49 0.556113
55 40 0.625440
55 46 0.569445
55 36 0.648100
55 39 0.645407
55 45 0.599143
55 50 0.587371
55 34 0.690648
55 48 0.621159
55 37 0.718824
56 11 0.197031
56 0 0.276091
56 3 0.290890
56 8 0.293436
56 20 0.290631
56 12 0.332287
56 28 0.310744
56 14 0.332333
56 32 0.308314
56 4 0.357548
56 1 0.381159
56 24 0.344852
56 6 0.371726
56 10 0.367568
56 33 0.336396
56 2 0.391189
56 19 0.386816
56 44 0.358915
56 30 0.382719
56 27 0.388076
56 7 0.448053
56 34 0.412702
56 26 0.433626
56 25 0.457332
56 29 0.454510
56 38 0.443390
56 9 0.484484
56 16 0.473805
56 5 0.498307
56 17 0.480688
56 22 0.481980
56 13 0.498597
56 31 0.490406
56 46 0.470228
56 43 0.475164
56 49 0.475348
56 40 0.500458
56 50 0.493753
56 15 0.553486
56 36 0.529710
56 42 0.522008
56 48 0.522897
56 21 0.563764
56 41 0.538944
56 39 0.550061
56 18 0.588522
56 45 0.556086
56 35 0.577014
56 23 0.594197
56 37 0.588549
56 47 0.590066
57 8 0.198325
57 3 0.238972
57 30 0.358022
57 14 0.387125
57 10 0.405306
57 0 0.433162
57 11 0.430939
57 32 0.409736
57 13 0.464322
57 2 0.491454
57 31 0.505007
57 44 0.494796
57 1 0.569655
57 4 0.580211
57 28 0.562983
57 12 0.585180
57 34 0.602008
57 15 0.644339
57 33 0.633068
57 18 0.656888
57 16 0.685339
57 42 0.661027
57 9 0.701476
57 6 0.721599
57 26 0.718222
57 29 0.719182
57 38 0.710269
57 35 0.714151
57 5 0.752693
57 24 0.738773
57 40 0.735410
57 50 0.731395
57 23 0.766917
57 41 0.753067
57 25 0.775533
57 21 0.791179
57 19 0.796510
57 22 0.800609
57 39 0.785394
57 47 0.799237
57 37 0.810583
57 43 0.810270
57 46 0.813885
57 17 0.847026
57 49 0.811786
57 27 0.850705
57 20 0.861228
57 7 0.877417
57 36 0.876459
57 48 0.866797
57 45 0.900674
58 9 0.337746
58 30 0.385376
58 8 0.439329
58 4 0.443517
58 10 0.438273
58 2 0.447038
58 44 0.397637
58 14 0.478529
58 0 0.492324
58 12 0.481432
58 32 0.456052
58 33 0.471813
58 28 0.484321
58 13 0.552023
58 3 0.565387
58 5 0.722984
58 40 0.677833
58 6 0.727224
58 1 0.765532
58 16 0.751841
58 18 0.761921
58 29 0.745428
58 36 0.778223
58 31 0.790627
58 11 0.824464
58 43 0.781242
58 45 0.807745
58 22 0.848651
58 42 0.849327
58 24 0.879084
58 46 0.853630
58 26 0.883156
58 23 0.889973
58 50 0.858276
58 15 0.909191
58 41 0.878764
58 48 0.877659
58 38 0.900752
58 7 0.947832
58 20 0.934810
58 49 0.907939
58 39 0.920922
58 25 0.952444
58 37 0.940568
58 34 0.955440
58 47 0.939194
58 27 0.966989
58 19 0.977849
58 35 0.971733
58 17 1.001850
58 21 1.022448
59 9 0.264068
59 8 0.299002
59 10 0.296190
59 13 0.298679
59 1 0.322057
59 11 0.326862
59 14 0.338239
59 12 0.383822
59 5 0.403922
59 4 0.404845
59 3 0.436568
59 2 0.477028
59 29 0.453352
59 7 0.507217
59 31 0.460854
59 17 0.508204
59 33 0.486977
59 16 0.529236
59 0 0.564652
59 28 0.626600
59 15 0.658614
59 25 0.640651
59 43 0.583550
59 44 0.602074
59 36 0.656308
59 32 0.688649
59 30 0.691639
59 27 0.722679
59 23 0.736614
59 26 0.733778
59 41 0.674053
59 21 0.754537
59 18 0.762227
59 6 0.796353
59 39 0.699871
59 19 0.776739
59 45 0.702571
59 47 0.718650
59 34 0.769559
59 40 0.741997
59 24 0.809045
59 35 0.801068
59 20 0.845347
59 38 0.797142
59 42 0.784900
59 49 0.781406
59 48 0.787533
59 22 0.890102
59 50 0.825581
59 37 0.873480
59 46 0.847672
60 8 0.230109
60 9 0.238428
60 10 0.307370
60 14 0.387503
60 11 0.400948
60 12 0.430002
60 30 0.394212
60 3 0.442887
60 0 0.471043
60 32 0.425137
60 13 0.520756
60 35 0.485874
60 4 0.573878
60 28 0.537901
60 7 0.582453
60 48 0.535853
60 31 0.572041
60 6 0.616111
60 1 0.647673
60 5 0.646624
60 29 0.614478
60 16 0.665862
60 44 0.609850
60 40 0.624488
60 33 0.655508
60 2 0.712569
60 45 0.641668
60 15 0.720396
60 36 0.679823
60 23 0.709730
60 22 0.736617
60 18 0.747971
60 39 0.752653
60 42 0.755611
60 34 0.781894
60 43 0.766355
60 20 0.838032
60 46 0.790361
60 21 0.850753
60 24 0.841220
60 50 0.807858
60 26 0.866277
60 25 0.888068
60 38 0.867867
60 17 0.915553
60 27 0.897639
60 47 0.869651
60 19 0.932165
60 37 0.913293
60 41 0.917479
60 49 0.932368
61 9 0.257911
61 8 0.274820
61 10 0.298273
61 11 0.312383
61 14 0.318653
61 12 0.321534
61 13 0.341538
61 3 0.460151
61 5 0.481445
61 1 0.486149
61 6 0.483185
61 4 0.518981
61 32 0.433265
61 7 0.521373
61 44 0.424502
61 28 0.477522
61 33 0.461004
61 30 0.482830
61 2 0.591419
61 18 0.602891
61 15 0.627574
61 16 0.644891
61 0 0.710838
61 31 0.621022
61 17 0.693062
61 40 0.633583
61 20 0.707034
61 22 0.705117
61 24 0.709110
61 29 0.683228
61 48 0.645637
61 34 0.695958
61 39 0.698809
61 26 0.744822
61 38 0.705497
61 19 0.780829
61 43 0.714564
61 42 0.754374
61 46 0.756290
61 25 0.823303
61 41 0.784986
61 47 0.776381
61 27 0.835282
61 50 0.786256
61 35 0.823729
61 37 0.831028
61 45 0.826513
61 36 0.862315
61 21 0.929991
61 23 0.930609
61 49 0.854111
62 5 0.201475
62 8 0.295598
62 0 0.319176
62 1 0.321537
62 9 0.318923
62 12 0.345505
62 44 0.313749
62 28 0.346516
62 10 0.371718
62 14 0.401552
62 32 0.381940
62 4 0.441179
62 11 0.445230
62 3 0.466941
62 30 0.449196
62 45 0.429693
62 2 0.493727
62 36 0.450448
62 6 0.499432
62 20 0.482786
62 29 0.513714
62 40 0.509208
62 46 0.523846
62 13 0.577368
62 33 0.548626
62 24 0.568434
62 31 0.589680
62 7 0.638287
62 16 0.627363
62 22 0.620640
62 50 0.579030
62 38 0.597988
62 18 0.638414
62 34 0.615220
62 48 0.605845
62 27 0.645648
62 19 0.660552
62 42 0.637258
62 26 0.666803
62 41 0.646578
62 35 0.659992
62 47 0.649805
62 21 0.708605
62 15 0.722839
62 17 0.717787
62 43 0.682804
62 23 0.723598
62 37 0.717559
62 39 0.729498
62 49 0.717776
62 25 0.758650
63 9 0.216839
63 32 0.348494
63 30 0.351219
63 11 0.373406
63 8 0.376246
63 31 0.351585
63 5 0.379243
63 1 0.382649
63 14 0.372903
63 0 0.423971
63 29 0.418299
63 10 0.440728
63 2 0.466227
63 16 0.456233
63 3 0.476705
63 33 0.453330
63 13 0.481604
63 4 0.497901
63 43 0.454379
63 7 0.503651
63 34 0.476041
63 44 0.463187
63 12 0.531495
63 28 0.522358
63 26 0.536118
63 15 0.581510
63 24 0.581074
63 42 0.556107
63 20 0.590066
63 50 0.562378
63 46 0.574890
63 27 0.613756
63 6 0.638253
63 40 0.602821
63 38 0.607160
63 35 0.612628
63 19 0.634591
63 18 0.653207
63 22 0.662977
63 17 0.673749
63 23 0.670713
63 45 0.643013
63 36 0.659877
63 25 0.678743
63 37 0.670407
63 48 0.662409
63 21 0.700689
63 39 0.681832
63 47 0.693681
63 49 0.696560
63 41 0.738227
64 8 0.275657
64 11 0.276307
64 12 0.321136
64 10 0.327305
64 13 0.323393
64 1 0.365558
64 3 0.371963
64 5 0.415216
64 14 0.475150
64 44 0.383506
64 29 0.447268
64 0 0.507851
64 4 0.537823
64 28 0.481967
64 7 0.536365
64 6 0.550563
64 2 0.564878
64 16 0.565957
64 9 0.591387
64 33 0.541929
64 31 0.571032
64 32 0.570089
64 21 0.596102
64 18 0.624365
64 40 0.549241
64 26 0.610907
64 23 0.642755
64 30 0.633108
64 15 0.685815
64 27 0.665302
64 34 0.629805
64 25 0.682715
64 19 0.708435
64 45 0.635174
64 38 0.671265
64 36 0.682941
64 17 0.761161
64 37 0.703744
64 35 0.715581
64 24 0.768201
64 48 0.685235
64 50 0.687034
64 42 0.710174
64 43 0.711797
64 49 0.699884
64 22 0.800348
64 47 0.734975
64 41 0.744816
64 39 0.765115
64 20 0.828099
64 46 0.759260
65 9 0.286276
65 10 0.294883
65 11 0.302015
65 3 0.314181
65 12 0.305960
65 5 0.433959
65 13 0.427180
65 7 0.499362
65 1 0.507293
65 14 0.492933
65 29 0.452764
65 33 0.435865
65 0 0.690995
65 45 0.597997
65 25 0.642586
65 43 0.602144
65 27 0.640474
65 15 0.677557
65 17 0.668128
65 23 0.650538
65 30 0.634980
65 35 0.620621
65 31 0.630694
65 26 0.644866
65 8 0.688513
65 39 0.612867
65 28 0.647837
65 22 0.663787
65 16 0.692661
65 2 0.720243
65 24 0.676874
65 37 0.644411
65 41 0.645855
65 4 0.730958
65 48 0.641761
65 21 0.708077
65 6 0.742441
65 44 0.657678
65 50 0.660803
65 32 0.695297
65 47 0.694255
65 42 0.700998
65 19 0.761704
65 20 0.772340
65 38 0.726967
65 18 0.779456
65 36 0.754098
65 49 0.740289
65 34 0.773274
65 46 0.786155
65 40 0.831126
66 8 0.183808
66 10 0.222138
66 0 0.271701
66 11 0.241223
66 9 0.261478
66 1 0.287481
66 13 0.232645
66 4 0.354141
66 6 0.390970
66 14 0.314571
66 12 0.361441
66 7 0.414331
66 2 0.422879
66 5 0.434729
66 3 0.439152
66 30 0.280856
66 20 0.413465
66 15 0.481837
66 18 0.455431
66 28 0.360564
66 29 0.347682
66 32 0.340153
66 19 0.491412
66 44 0.342442
66 16 0.617015
66 22 0.583154
66 24 0.569725
66 31 0.509927
66 17 0.687892
66 21 0.656293
66 36 0.509737
66 41 0.498631
66 33 0.524710
66 26 0.589415
66 40 0.535543
66 35 0.555531
66 48 0.511419
66 39 0.582895
66 49 0.519619
66 46 0.556850
66 45 0.564446
66 25 0.678004
66 27 0.673322
66 34 0.624682
66 42 0.603824
66 38 0.621450
66 37 0.631624
66 43 0.612680
66 23 0.751226
66 50 0.585406
66 47 0.633342
67 10 0.265338
67 8 0.281627
67 9 0.312350
67 12 0.308365
67 11 0.332984
67 13 0.333222
67 3 0.380794
67 5 0.454622
67 1 0.464653
67 14 0.435886
67 0 0.478552
67 29 0.389475
67 7 0.472622
67 31 0.460118
67 28 0.482990
67 4 0.576285
67 19 0.547129
67 2 0.610756
67 17 0.566692
67 32 0.506358
67 30 0.545815
67 21 0.601282
67 18 0.637899
67 6 0.703043
67 15 0.664788
67 16 0.695811
67 20 0.688628
67 44 0.423334
67 33 0.611022
67 22 0.733757
67 27 0.728268
67 26 0.735914
67 23 0.771050
67 40 0.560261
67 25 0.777410
67 41 0.562130
67 35 0.706905
67 45 0.531555
67 49 0.500211
67 24 0.818043
67 36 0.757283
67 47 0.584464
67 39 0.665572
67 46 0.601871
67 42 0.631852
67 34 0.815999
67 38 0.739033
67 43 0.648251
67 37 0.753310
67 48 0.626872
67 50 0.646583
68 8 0.221103
68 10 0.241030
68 13 0.261713
68 11 0.281158
68 14 0.289881
68 9 0.314422
68 2 0.366075
68 6 0.361649
68 12 0.362096
68 4 0.428481
68 0 0.462687
68 1 0.480299
68 28 0.331243
68 3 0.502165
68 15 0.477432
68 29 0.365905
68 7 0.521284
68 17 0.492847
68 24 0.398091
68 22 0.405443
68 32 0.370396
68 31 0.385656
68 21 0.428445
68 25 0.424307
68 5 0.562506
68 19 0.446715
68 20 0.435074
68 16 0.543281
68 26 0.438347
68 30 0.426881
68 33 0.412153
68 27 0.466075
68 23 0.474586
68 34 0.448656
68 44 0.414789
68 35 0.466783
68 18 0.549307
68 42 0.494545
68 37 0.542696
68 50 0.440578
68 36 0.554310
68 38 0.552989
68 45 0.558318
68 46 0.539478
68 47 0.545147
68 40 0.604854
68 48 0.558474
68 43 0.606139
68 39 0.631134
68 41 0.648990
68 49 0.565639
69 8 0.292613
69 4 0.364029
69 9 0.424104
69 13 0.448203
69 31 0.521936
69 6 0.559108
69 1 0.563568
69 3 0.563054
69 32 0.523217
69 28 0.529749
69 5 0.564213
69 10 0.560318
69 11 0.559937
69 30 0.529916
69 33 0.523667
69 0 0.570681
69 45 0.502408
69 7 0.572854
69 17 0.570004
69 23 0.583936
69 39 0.541268
69 44 0.540826
69 18 0.619604
69 19 0.619302
69 15 0.641768
69 14 0.660140
69 29 0.657993
69 43 0.625860
69 38 0.640012
69 24 0.683145
69 12 0.695130
69 48 0.639563
69 49 0.656629
69 41 0.666610
69 50 0.662131
69 26 0.724809
69 46 0.693287
69 21 0.754935
69 2 0.774218
69 40 0.714760
69 47 0.707182
69 25 0.771942
69 16 0.786147
69 27 0.768084
69 36 0.759239
69 34 0.780283
69 20 0.810880
69 42 0.759337
69 22 0.814418
69 37 0.773466
69 35 0.809653
70 12 0.278912
70 10 0.368844
70 9 0.370679
70 8 0.389308
70 13 0.428022
70 44 0.389984
70 14 0.472186
70 2 0.515308
70 0 0.520222
70 1 0.551917
70 6 0.569767
70 4 0.571770
70 3 0.572604
70 5 0.571575
70 19 0.575806
70 28 0.553588
70 16 0.586833
70 30 0.586856
70 32 0.600124
70 11 0.668896
70 31 0.642977
70 26 0.675106
70 17 0.708327
70 29 0.680495
70 36 0.666080
70 45 0.659531
70 25 0.721457
70 43 0.695488
70 33 0.732715
70 40 0.712104
70 7 0.790380
70 50 0.696176
70 24 0.795993
70 46 0.744895
70 37 0.776282
70 38 0.779528
70 49 0.782056
70 42 0.827026
70 23 0.897953
70 21 0.907029
70 22 0.914955
70 34 0.885135
70 47 0.861590
70 15 0.950062
70 35 0.908984
70 39 0.900562
70 20 0.955187
70 27 0.939498
70 41 0.915102
70 18 1.000236
70 48 0.948579
71 8 0.281242
71 9 0.470296
71 12 0.477209
71 10 0.498383
71 3 0.507267
71 14 0.491627
71 11 0.523604
71 15 0.514998
71 1 0.551060
71 13 0.519673
71 29 0.467257
71 2 0.608013
71 16 0.580227
71 31 0.326921
71 32 0.327633
71 28 0.494360
71 17 0.618544
71 7 0.653582
71 0 0.670394
71 6 0.681381
71 30 0.563550
71 5 0.742324
71 4 0.757447
71 21 0.724234
71 33 0.475434
71 18 0.768663
71 20 0.762929
71 23 0.733263
71 19 0.821650
71 44 0.310224
71 25 0.773746
71 27 0.772356
71 26 0.802907
71 24 0.815805
71 22 0.855766
71 47 0.361055
71 38 0.488114
71 37 0.499125
71 35 0.524314
71 34 0.628049
71 42 0.483906
71 50 0.440033
71 39 0.502743
71 43 0.503963
71 48 0.473105
71 40 0.521370
71 36 0.597339
71 46 0.520601
71 49 0.500236
71 45 0.553437
71 41 0.558585
72 20 0.288151
72 10 0.405782
72 5 0.410727
72 2 0.414803
72 3 0.414361
72 0 0.416703
72 12 0.443744
72 22 0.463594
72 17 0.486894
72 29 0.497576
72 6 0.529835
72 32 0.496190
72 39 0.500195
72 8 0.543635
72 14 0.537586
72 44 0.519910
72 18 0.555358
72 43 0.529205
72 24 0.582000
72 28 0.579484
72 35 0.572870
72 16 0.632464
72 13 0.646658
72 11 0.652393
72 48 0.609662
72 4 0.687496
72 1 0.689852
72 26 0.656552
72 34 0.656976
72 42 0.649021
72 30 0.662615
72 36 0.682186
72 15 0.716430
72 9 0.728389
72 50 0.681928
72 31 0.702514
72 46 0.688879
72 25 0.739495
72 41 0.729976
72 7 0.784473
72 33 0.758582
72 49 0.746195
72 27 0.770174
72 47 0.755263
72 38 0.783658
72 40 0.797742
72 37 0.806431
72 19 0.854849
72 23 0.872467
72 45 0.870800
72 21 0.913999
73 11 0.422210
73 0 0.503509
73 10 0.516527
73 2 0.551891
73 1 0.556384
73 5 0.598069
73 13 0.589195
73 6 0.629434
73 45 0.570838
73 9 0.663684
73 3 0.669247
73 7 0.706393
73 8 0.706374
73 29 0.676201
73 28 0.724236
73 4 0.760482
73 31 0.717725
73 44 0.697953
73 33 0.759141
73 14 0.794535
73 30 0.793601
73 23 0.812336
73 21 0.816408
73 12 0.828462
73 47 0.785627
73 18 0.872072
73 50 0.796604
73 32 0.862169
73 43 0.859021
73 39 0.893779
73 42 0.894034
73 37 0.934744
73 27 0.960445
73 25 0.968925
73 15 0.997897
73 41 0.951911
73 35 0.968328
73 17 1.007557
73 49 0.928316
73 26 1.002326
73 22 1.010454
73 20 1.018906
73 48 0.963155
73 36 1.000705
73 38 1.011870
73 40 1.051693
73 19 1.094093
73 16 1.119904
73 46 1.067905
73 24 1.143227
73 34 1.169556
74 8 0.259361
74 10 0.262817
74 11 0.250504
74 9 0.340298
74 12 0.338296
74 2 0.459173
74 7 0.492318
74 1 0.528810
74 6 0.523560
74 14 0.389822
74 0 0.570880
74 3 0.572701
74 16 0.380074
74 4 0.593093
74 5 0.598013
74 13 0.482812
74 18 0.408510
74 15 0.511799
74 28 0.347775
74 32 0.403286
74 33 0.377330
74 20 0.569017
74 30 0.423493
74 19 0.572282
74 23 0.564781
74 31 0.454872
74 17 0.639629
74 44 0.371396
74 22 0.603906
74 29 0.515224
74 37 0.442531
74 26 0.591003
74 27 0.566020
74 34 0.491769
74 43 0.476539
74 21 0.691493
74 46 0.452725
74 25 0.669110
74 42 0.506993
74 38 0.539047
74 24 0.714833
74 40 0.578852
74 47 0.535793
74 50 0.527242
74 35 0.637594
74 48 0.566556
74 39 0.655925
74 36 0.676471
74 45 0.674191
74 49 0.645168
74 41 0.756315
75 13 0.592345
75 11 0.596123
75 29 0.568989
75 0 0.609804
75 33 0.560446
75 9 0.600684
75 10 0.600337
75 5 0.606101
75 44 0.511286
75 1 0.611669
75 28 0.573956
75 8 0.635234
75 12 0.653281
75 32 0.651867
75 3 0.763898
75 6 0.761210
75 7 0.802231
75 20 0.808644
75 23 0.806553
75 14 0.814911
75 22 0.820055
75 30 0.828882
75 31 0.834239
75 36 0.831184
75 15 0.911456
75 4 0.935335
75 16 0.930699
75 37 0.887944
75 45 0.894728
75 41 0.935269
75 46 0.936296
75 27 1.009790
75 43 0.950448
75 38 1.019106
75 26 1.074331
75 34 1.056736
75 24 1.092737
75 2 1.115251
75 48 1.019239
75 40 1.046930
75 42 1.052188
75 18 1.139827
75 17 1.152289
75 21 1.157991
75 35 1.135647
75 49 1.094473
75 25 1.199561
75 19 1.216463
75 39 1.156587
75 50 1.164637
75 47 1.208432
76 8 0.327593
76 11 0.369550
76 10 0.442700
76 14 0.494579
76 3 0.536654
76 1 0.541177
76 0 0.567543
76 12 0.532876
76 7 0.559759
76 6 0.573725
76 5 0.606760
76 13 0.599657
76 2 0.655307
76 4 0.661631
76 15 0.649648
76 30 0.426255
76 28 0.465903
76 9 0.705126
76 31 0.514965
76 29 0.569226
76 16 0.865147
76 44 0.332804
76 18 0.881235
76 32 0.583907
76 22 0.890172
76 33 0.536937
76 19 0.950364
76 24 0.915283
76 21 0.995814
76 20 1.026733
76 17 1.057086
76 26 0.987840
76 25 1.042199
76 23 1.082477
76 34 0.756636
76 27 1.061029
76 35 0.778845
76 38 0.719064
76 43 0.704046
76 47 0.684903
76 40 0.761100
76 37 0.803185
76 41 0.743339
76 46 0.747715
76 36 0.855408
76 49 0.758354
76 42 0.796913
76 45 0.802970
76 48 0.782355
76 39 0.870326
76 50 0.787218
77 10 0.380163
77 9 0.403032
77 12 0.394738
77 11 0.476630
77 13 0.434910
77 8 0.523355
77 14 0.404674
77 5 0.589558
77 1 0.607125
77 3 0.653824
77 0 0.768731
77 2 0.775244
77 28 0.336550
77 4 0.890695
77 29 0.370038
77 6 0.922744
77 32 0.405741
77 7 0.952795
77 31 0.474329
77 44 0.437916
77 30 0.518243
77 33 0.499386
77 15 0.862357
77 27 0.583868
77 19 0.669667
77 24 0.641072
77 23 0.675830
77 37 0.611461
77 17 0.842150
77 45 0.611959
77 21 0.787798
77 35 0.673616
77 46 0.640607
77 36 0.683778
77 26 0.750457
77 25 0.769491
77 41 0.696452
77 40 0.699864
77 16 1.001322
77 22 0.860063
77 20 0.879954
77 18 0.894737
77 42 0.754055
77 50 0.673949
77 47 0.732721
77 38 0.789276
77 39 0.815036
77 34 0.862496
77 49 0.799866
77 43 0.870586
77 48 0.891437
78 31 0.336194
78 10 0.393803
78 1 0.400570
78 20 0.397306
78 14 0.447943
78 12 0.457381
78 13 0.457185
78 8 0.522453
78 6 0.558010
78 0 0.620660
78 27 0.645950
78 44 0.645204
78 9 0.700382
78 5 0.704142
78 26 0.714762
78 29 0.753156
78 22 0.800799
78 2 0.836913
78 32 0.855823
78 28 0.881285
78 19 0.936457
78 3 0.967960
78 30 0.947713
78 37 0.939494
78 24 0.962604
78 40 0.952015
78 4 0.993395
78 39 0.969573
78 11 1.011474
78 33 1.013874
78 25 1.040752
78 34 1.096322
78 17 1.118909
78 48 1.104623
78 16 1.156205
78 43 1.135187
78 18 1.167745
78 36 1.148496
78 38 1.163085
78 21 1.181813
78 45 1.240915
78 15 1.272591
78 23 1.266294
78 46 1.242192
78 47 1.246233
78 49 1.250651
78 50 1.266579
78 42 1.282403
78 35 1.312496
78 7 1.350393
78 41 1.383531
79 10 0.361095
79 9 0.367436
79 11 0.366588
79 8 0.457514
79 14 0.470223
79 12 0.509088
79 3 0.620456
79 2 0.694298
79 0 0.731033
79 1 0.736015
79 6 0.748840
79 22 0.752767
79 31 0.698544
79 13 0.797637
79 7 0.829102
79 44 0.737763
79 23 0.843220
79 28 0.834219
79 30 0.818376
79 4 0.922809
79 27 0.870878
79 33 0.845850
79 19 0.922315
79 24 0.966772
79 15 1.010315
79 32 0.936393
79 20 1.026901
79 29 0.972162
79 21 1.054564
79 18 1.077070
79 5 1.103591
79 16 1.079136
79 17 1.139063
79 36 1.069686
79 26 1.171317
79 40 1.104142
79 39 1.115847
79 49 1.069603
79 25 1.208376
79 34 1.165020
79 35 1.165006
79 37 1.164061
79 38 1.168041
79 45 1.140569
79 43 1.165886
79 41 1.172477
79 46 1.140121
79 50 1.091510
79 47 1.160472
79 42 1.229333
79 48 1.213671
80 8 0.420437
80 44 0.383386
80 10 0.434229
80 11 0.459613
80 14 0.481914
80 29 0.709325
80 1 0.780742
80 48 0.749674
80 16 0.786822
80 28 0.795937
80 30 0.794253
80 33 0.835606
80 7 0.862367
80 31 0.854104
80 3 0.971187
80 4 0.971875
80 19 0.984414
80 32 1.033122
80 0 1.078231
80 9 1.172472
80 20 1.165071
80 12 1.171176
80 13 1.296442
80 18 1.293444
80 42 1.329696
80 17 1.484598
80 27 1.508396
80 21 1.610700
80 26 1.625936
80 25 1.647327
80 43 1.677615
80 2 1.725589
80 35 1.705561
80 40 1.723501
80 37 1.736673
80 41 1.731666
80 39 1.762688
80 38 1.775588
80 47 1.793636
80 6 1.845700
80 24 1.844132
80 15 1.862667
80 50 1.831637
80 45 1.837751
80 5 1.879074
80 46 1.859308
80 34 1.887100
80 22 1.947729
80 36 1.976830
80 23 2.002757
80 49 1.980485
81 30 0.407487
81 11 0.474098
81 32 0.447341
81 13 0.477783
81 3 0.487287
81 28 0.469010
81 44 0.450292
81 1 0.526313
81 33 0.490493
81 9 0.526839
81 12 0.564172
81 0 0.707065
81 47 0.643566
81 31 0.715824
81 10 0.768498
81 8 0.771744
81 14 0.769531
81 5 0.800331
81 35 0.760530
81 29 0.795826
81 37 0.782883
81 7 0.897152
81 24 0.934619
81 20 0.967834
81 25 0.974536
81 21 0.980594
81 45 0.945185
81 38 0.963636
81 18 1.004235
81 15 1.009156
81 17 1.008809
81 19 1.008641
81 16 1.017459
81 6 1.028222
81 4 1.040430
81 36 1.028328
81 26 1.045749
81 27 1.045039
81 43 1.021237
81 23 1.069618
81 42 1.041970
81 46 1.045299
81 50 1.044147
81 2 1.113154
81 41 1.066932
81 49 1.099324
81 22 1.150195
81 48 1.118367
81 39 1.151001
81 40 1.152539
81 34 1.171973
82 8 0.439581
82 12 0.451311
82 0 0.483484
82 14 0.489652
82 10 0.550125
82 1 0.568213
82 33 0.597108
82 9 0.672577
82 30 0.674226
82 3 0.711267
82 32 0.754178
82 40 0.821458
82 44 0.835195
82 29 0.856813
82 24 0.861920
82 4 0.947654
82 31 0.947252
82 28 0.985347
82 13 1.023695
82 11 1.051578
82 27 1.037605
82 2 1.062134
82 18 1.093975
82 21 1.157423
82 7 1.196431
82 36 1.169751
82 6 1.204439
82 38 1.179464
82 22 1.216518
82 5 1.379042
82 46 1.377186
82 26 1.403220
82 47 1.389108
82 19 1.429913
82 16 1.441531
82 45 1.408575
82 17 1.446583
82 42 1.423614
82 34 1.457312
82 15 1.499613
82 23 1.504989
82 43 1.498925
82 50 1.503163
82 35 1.533508
82 39 1.557957
82 49 1.548539
82 41 1.571523
82 25 1.593084
82 48 1.571951
82 20 1.617579
82 37 1.618407
83 9 0.188635
83 10 0.291758
83 8 0.344911
83 13 0.321444
83 11 0.344013
83 12 0.459303
83 7 0.488175
83 3 0.499115
83 5 0.494684
83 1 0.566134
83 0 0.584002
83 28 0.497312
83 2 0.694678
83 4 0.726751
83 30 0.612656
83 14 0.694235
83 20 0.682698
83 29 0.627148
83 18 0.706726
83 16 0.719663
83 6 0.759007
83 32 0.665367
83 31 0.671791
83 33 0.722004
83 21 0.881658
83 19 0.898407
83 44 0.731248
83 24 0.892549
83 15 0.942409
83 17 0.984516
83 27 0.943695
83 23 0.980818
83 25 1.003196
83 26 1.035374
83 41 0.960531
83 22 1.121560
83 39 1.008905
83 36 1.085728
83 43 1.016142
83 34 1.128522
83 49 0.953818
83 40 1.068488
83 48 0.978969
83 42 1.071434
83 50 0.965742
83 45 1.080700
83 35 1.197886
83 37 1.223594
83 46 1.149002
83 38 1.216305
83 47 1.136012
84 10 0.398721
84 11 0.433692
84 14 0.459178
84 8 0.495284
84 30 0.583794
84 12 0.639445
84 2 0.758440
84 26 0.759481
84 1 0.807389
84 28 0.778740
84 3 0.859624
84 4 0.874981
84 24 0.851920
84 32 0.835580
84 31 0.842053
84 6 0.886570
84 0 0.917552
84 18 0.905331
84 17 0.914969
84 9 0.927913
84 45 0.860223
84 5 0.949605
84 38 0.916670
84 29 0.953322
84 33 0.969842
84 13 1.004097
84 20 1.001517
84 41 0.972481
84 44 0.974152
84 43 0.976516
84 23 1.016903
84 21 1.052714
84 39 1.040537
84 46 1.024594
84 22 1.092511
84 35 1.072500
84 27 1.100586
84 49 1.045931
84 16 1.129643
84 47 1.058570
84 19 1.140907
84 36 1.129122
84 48 1.095551
84 25 1.157192
84 40 1.130816
84 15 1.181221
84 34 1.176737
84 50 1.152196
84 42 1.200411
84 37 1.217338
84 7 1.322331
85 11 0.383842
85 3 0.421574
85 31 0.428956
85 9 0.491948
85 5 0.543136
85 1 0.555722
85 8 0.580275
85 33 0.557750
85 28 0.619024
85 44 0.665688
85 0 0.711287
85 13 0.710471
85 27 0.700046
85 2 0.777337
85 26 0.824093
85 7 0.863193
85 14 0.867307
85 32 0.878995
85 10 0.907969
85 34 0.883808
85 29 0.917585
85 30 0.938936
85 19 0.959453
85 12 0.971938
85 47 0.934705
85 22 0.974151
85 4 0.997681
85 46 0.995994
85 25 1.029823
85 23 1.032133
85 35 1.025309
85 45 1.021241
85 43 1.032900
85 40 1.039228
85 17 1.074561
85 15 1.077956
85 6 1.097452
85 36 1.094191
85 24 1.115221
85 37 1.114661
85 21 1.201537
85 39 1.208365
85 42 1.209056
85 48 1.210973
85 38 1.224462
85 49 1.239051
85 41 1.266107
85 20 1.315216
85 50 1.286522
85 16 1.326348
85 18 1.377935
86 14 0.374461
86 8 0.485363
86 44 0.492399
86 11 0.559130
86 10 0.605237
86 1 0.781981
86 32 0.766632
86 0 0.833796
86 33 0.814523
86 31 0.817354
86 12 0.847227
86 30 0.861636
86 38 0.879338
86 46 0.871555
86 28 0.892882
86 18 0.918968
86 6 0.933638
86 45 0.917247
86 29 0.943547
86 9 1.018267
86 13 1.015273
86 2 1.030628
86 21 1.021219
86 37 1.015060
86 4 1.096483
86 27 1.083296
86 39 1.086460
86 36 1.115346
86 47 1.114364
86 15 1.200051
86 22 1.184165
86 20 1.195081
86 16 1.236355
86 49 1.206173
86 48 1.289924
86 35 1.305291
86 24 1.322440
86 50 1.300587
86 17 1.352684
86 41 1.318700
86 5 1.387422
86 26 1.382474
86 42 1.391050
86 7 1.450308
86 19 1.447161
86 40 1.427812
86 34 1.455576
86 3 1.507400
86 43 1.485247
86 25 1.506474
86 23 1.555221
87 9 0.218471
87 12 0.289485
87 11 0.302305
87 8 0.314631
87 10 0.341267
87 14 0.321271
87 13 0.345673
87 28 0.275716
87 3 0.691546
87 6 0.700051
87 2 0.749829
87 0 0.769724
87 4 0.803674
87 22 0.545130
87 32 0.460604
87 5 0.841379
87 7 0.829554
87 31 0.485583
87 30 0.509083
87 44 0.431148
87 15 0.772422
87 29 0.541616
87 19 0.749398
87 1 1.028367
87 25 0.660676
87 26 0.679854
87 16 0.874664
87 27 0.690004
87 24 0.697403
87 33 0.666111
87 18 0.835742
87 40 0.722057
87 38 0.737044
87 21 0.931582
87 20 0.947662
87 37 0.816166
87 17 1.038607
87 34 0.853826
87 47 0.747897
87 35 0.864280
87 23 1.012581
87 36 0.881175
87 46 0.784540
87 39 0.866703
87 45 0.840661
87 41 0.893776
87 50 0.825815
87 49 0.872013
87 48 0.905156
87 42 0.985913
87 43 1.032975
88 13 0.388083
88 14 0.384836
88 9 0.441119
88 8 0.487349
88 11 0.598172
88 3 0.663691
88 10 0.689799
88 5 0.695936
88 1 0.754092
88 0 0.759061
88 12 0.750701
88 2 0.828772
88 4 0.827297
88 7 0.850733
88 29 0.757927
88 31 0.741956
88 28 0.811816
88 33 0.768425
88 32 0.784055
88 18 0.875213
88 16 0.906666
88 30 0.872456
88 15 1.014764
88 44 0.681006
88 19 1.073219
88 6 1.167440
88 21 1.105234
88 25 1.195640
88 27 1.250305
88 23 1.285381
88 17 1.361605
88 20 1.365997
88 40 1.135110
88 26 1.374342
88 43 1.037912
88 22 1.386386
88 35 1.228742
88 24 1.443487
88 42 1.145187
88 34 1.384008
88 50 0.935370
88 39 1.333375
88 37 1.382698
88 47 1.131389
88 36 1.409483
88 45 1.218336
88 41 1.331112
88 38 1.393746
88 49 1.082364
88 48 1.134336
88 46 1.206369
89 10 0.348347
89 8 0.397651
89 12 0.405448
89 11 0.452116
89 13 0.450273
89 9 0.492904
89 14 0.517595
89 3 0.577707
89 28 0.694005
89 32 0.704695
89 30 0.768606
89 1 0.875234
89 31 0.778476
89 5 0.876364
89 4 0.880329
89 2 0.941367
89 29 0.894483
89 7 0.990180
89 6 0.992636
89 0 1.000970
89 33 0.965096
89 18 1.048352
89 16 1.055375
89 44 0.694854
89 22 1.098837
89 17 1.155467
89 21 1.197467
89 15 1.211692
89 20 1.226687
89 35 1.186782
89 26 1.308759
89 25 1.321720
89 27 1.335140
89 34 1.274279
89 40 1.088738
89 24 1.408980
89 23 1.420255
89 19 1.438770
89 36 1.337689
89 45 1.075005
89 47 1.087859
89 42 1.153863
89 43 1.156648
89 38 1.335733
89 41 1.222464
89 50 1.128227
89 49 1.145461
89 48 1.167778
89 46 1.223441
89 37 1.517417
89 39 1.474867
90 11 0.382547
90 8 0.455409
90 9 0.475571
90 3 0.522042
90 31 0.518935
90 5 0.559785
90 33 0.518023
90 1 0.639301
90 16 0.658400
90 14 0.673693
90 29 0.658745
90 32 0.687408
90 43 0.763653
90 13 0.833454
90 30 0.839041
90 7 0.875151
90 10 0.871135
90 0 0.961179
90 47 0.892902
90 21 0.945017
90 37 0.912719
90 45 0.899312
90 27 0.930523
90 28 0.937207
90 19 0.965749
90 17 0.986388
90 12 0.994930
90 2 1.024057
90 44 0.957769
90 41 0.977744
90 20 1.026796
90 35 0.996234
90 25 1.084007
90 18 1.122548
90 4 1.161758
90 23 1.150393
90 6 1.212886
90 39 1.171446
90 40 1.195009
90 24 1.232291
90 46 1.190388
90 48 1.279716
90 34 1.306311
90 36 1.300895
90 50 1.278348
90 42 1.292095
90 38 1.298507
90 26 1.355012
90 15 1.402072
90 22 1.412838
90 49 1.435517
91 8 0.470871
91 12 0.591858
91 11 0.658700
91 44 0.627219
91 10 0.666807
91 28 0.683329
91 30 0.714561
91 14 0.731811
91 46 0.735993
91 2 0.780517
91 0 0.807875
91 32 0.788262
91 6 0.875140
91 7 0.881276
91 13 0.879508
91 33 0.868424
91 29 0.874684
91 37 0.880343
91 16 0.964026
91 4 0.984263
91 43 0.973324
91 31 1.003797
91 9 1.029685
91 34 1.008177
91 22 1.036432
91 18 1.049468
91 5 1.106983
91 3 1.152146
91 1 1.154202
91 19 1.173724
91 27 1.166806
91 20 1.243063
91 36 1.282286
91 50 1.334682
91 35 1.354243
91 38 1.355891
91 23 1.383014
91 24 1.388874
91 15 1.411148
91 47 1.384766
91 39 1.403851
91 48 1.396171
91 17 1.448988
91 40 1.433735
91 49 1.424772
91 25 1.497594
91 21 1.535884
91 45 1.513129
91 42 1.547559
91 41 1.594372
91 26 1.620097
92 9 0.393930
92 11 0.441067
92 31 0.486097
92 21 0.553412
92 19 0.698069
92 14 0.715472
92 28 0.783767
92 2 0.811903
92 3 0.958699
92 13 1.026602
92 30 1.011137
92 4 1.133288
92 29 1.109304
92 32 1.107917
92 5 1.135398
92 8 1.249202
92 1 1.279168
92 50 1.247578
92 12 1.388417
92 49 1.370130
92 40 1.407612
92 10 1.458672
92 44 1.437955
92 46 1.448979
92 15 1.508993
92 27 1.549580
92 42 1.583582
92 43 1.598567
92 33 1.625937
92 35 1.636261
92 16 1.723208
92 17 1.757544
92 6 1.779272
92 34 1.771365
92 18 1.805135
92 41 1.785344
92 36 1.819584
92 25 1.843928
92 23 1.847089
92 26 1.853140
92 7 1.872394
92 0 1.899018
92 45 1.870852
92 47 1.878123
92 37 1.905368
92 20 1.988292
92 38 1.985726
92 48 1.976321
92 39 1.995818
92 22 2.025964
92 24 2.045651
93 21 0.486168
93 10 0.567039
93 14 0.565521
93 13 0.601896
93 44 0.618072
93 32 0.683104
93 19 0.697631
93 30 0.736802
93 12 0.797317
93 9 0.995620
93 11 1.027751
93 31 1.110633
93 29 1.193021
93 0 1.219612
93 20 1.204982
93 33 1.237835
93 8 1.522308
93 28 1.506680
93 1 1.842435
93 22 1.878267
93 26 1.876266
93 16 1.889272
93 25 1.895764
93 3 1.917599
93 17 1.925211
93 7 1.969654
93 24 1.968686
93 5 2.065355
93 40 2.042113
93 4 2.108024
93 2 2.131832
93 42 2.132669
93 18 2.173686
93 50 2.161232
93 45 2.167458
93 46 2.177275
93 36 2.200413
93 49 2.222826
93 41 2.242138
93 34 2.265305
93 43 2.261616
93 38 2.268583
93 35 2.289783
93 15 2.320392
93 27 2.320033
93 6 2.344691
93 37 2.328492
93 47 2.343497
93 48 2.372538
93 39 2.408395
93 23 2.425661
94 9 0.451601
94 12 0.520985
94 33 0.584807
94 0 0.713641
94 45 0.741521
94 29 0.846838
94 44 0.829135
94 11 0.908796
94 24 0.976066
94 1 1.041457
94 23 1.036518
94 31 1.028242
94 5 1.146581
94 28 1.198133
94 15 1.217311
94 13 1.231711
94 25 1.215218
94 19 1.243776
94 32 1.274352
94 14 1.297932
94 39 1.313870
94 8 1.452120
94 10 1.497178
94 35 1.469431
94 7 1.529651
94 30 1.526299
94 20 1.545163
94 34 1.683423
94 38 1.679905
94 36 1.685249
94 46 1.689068
94 43 1.721434
94 26 1.752706
94 3 1.801704
94 47 1.785568
94 27 1.842003
94 21 1.852714
94 6 1.866508
94 50 1.828130
94 37 1.853379
94 22 1.873299
94 40 1.852236
94 18 1.908573
94 17 1.940922
94 2 1.973335
94 42 1.930060
94 41 1.972042
94 49 1.973132
94 16 2.025934
94 4 2.044142
94 48 1.997879
95 33 0.516947
95 12 0.647082
95 10 0.675383
95 13 0.796890
95 0 0.826935
95 32 0.831070
95 30 0.869103
95 8 1.026892
95 14 1.038148
95 23 1.031266
95 11 1.043301
95 6 1.084058
95 38 1.050778
95 28 1.089392
95 43 1.113315
95 9 1.237282
95 16 1.233163
95 29 1.228450
95 4 1.257670
95 31 1.348172
95 3 1.446198
95 18 1.438835
95 47 1.416653
95 7 1.463606
95 44 1.456545
95 26 1.503376
95 45 1.538626
95 17 1.588960
95 24 1.577754
95 20 1.591582
95 42 1.572129
95 46 1.603262
95 2 1.661721
95 40 1.640345
95 37 1.677048
95 27 1.693952
95 50 1.666741
95 15 1.732754
95 48 1.696334
95 22 1.747420
95 35 1.734258
95 41 1.726892
95 5 1.770341
95 1 1.810911
95 25 1.797404
95 39 1.788539
95 21 1.834098
95 19 1.849102
95 36 1.831790
95 34 1.847300
95 49 1.929131
96 9 0.600742
96 42 0.563399
96 31 0.694340
96 29 0.714899
96 44 0.723295
96 45 0.737800
96 32 0.913029
96 13 0.965047
96 11 0.968368
96 8 0.973149
96 5 0.990058
96 10 1.012025
96 14 1.017901
96 1 1.073160
96 33 1.141137
96 35 1.261485
96 38 1.265774
96 34 1.275143
96 20 1.332603
96 47 1.303155
96 0 1.395619
96 30 1.377330
96 28 1.383438
96 7 1.438915
96 12 1.504632
96 3 1.540910
96 25 1.543370
96 24 1.564129
96 16 1.609821
96 37 1.605891
96 36 1.621574
96 50 1.617616
96 18 1.671517
96 41 1.649475
96 17 1.704650
96 21 1.711111
96 26 1.709252
96 15 1.742646
96 4 1.755391
96 23 1.736001
96 46 1.751896
96 49 1.758994
96 40 1.778789
96 27 1.841158
96 19 1.860500
96 6 1.879373
96 43 1.837312
96 39 1.862437
96 22 1.882541
96 2 1.933700
96 48 1.921134
97 28 0.506418
97 32 0.540802
97 44 0.675652
97 12 0.742996
97 19 0.754812
97 0 0.769464
97 21 0.817409
97 10 0.850747
97 8 0.896485
97 14 0.919989
97 24 1.060880
97 11 1.113004
97 30 1.112672
97 1 1.187819
97 13 1.198122
97 9 1.285134
97 36 1.257561
97 23 1.316220
97 26 1.321923
97 3 1.413980
97 40 1.378075
97 6 1.437333
97 46 1.444732
97 18 1.526170
97 29 1.535312
97 31 1.577782
97 33 1.576424
97 48 1.556940
97 4 1.632086
97 5 1.641440
97 16 1.633958
97 20 1.643896
97 34 1.627665
97 42 1.654998
97 38 1.704706
97 45 1.718639
97 25 1.747842
97 39 1.762434
97 37 1.812738
97 17 1.851653
97 22 1.855226
97 2 1.903024
97 50 1.858734
97 47 1.891428
97 27 1.939045
97 7 2.001298
97 43 1.983216
97 35 2.062540
97 41 2.086648
97 15 2.129660
97 49 2.107505
98 31 0.541146
98 8 0.601114
98 29 0.584293
98 11 0.960953
98 6 1.042594
98 13 1.050368
98 5 1.056098
98 17 1.049514
98 10 1.184399
98 12 1.184526
98 9 1.187047
98 33 1.167153
98 23 1.180472
98 34 1.209391
98 43 1.200917
98 26 1.221940
98 42 1.228819
98 45 1.227216
98 3 1.281038
98 44 1.246272
98 0 1.320015
98 22 1.358883
98 28 1.375044
98 30 1.412093
98 24 1.445176
98 32 1.435230
98 1 1.459926
98 35 1.474778
98 14 1.506999
98 19 1.559182
98 50 1.591434
98 15 1.638506
98 39 1.642138
98 46 1.654790
98 2 1.795988
98 27 1.776515
98 40 1.765527
98 48 1.757796
98 25 1.784908
98 38 1.769258
98 7 1.821321
98 37 1.870897
98 20 1.900293
98 36 1.906307
98 18 1.935135
98 21 1.949536
98 49 1.940930
98 47 1.955970
98 41 1.962615
98 16 1.987850
98 4 2.005733
99 12 0.551542
99 8 0.554719
99 14 0.551253
99 13 0.602865
99 9 0.651251
99 47 1.000667
99 49 1.001081
99 24 1.117065
99 35 1.105818
99 33 1.123136
99 11 1.243643
99 20 1.262602
99 30 1.250579
99 21 1.263326
99 36 1.261651
99 10 1.326945
99 41 1.312072
99 17 1.375736
99 44 1.343124
99 3 1.387602
99 32 1.407450
99 29 1.410182
99 31 1.409324
99 28 1.468252
99 40 1.471890
99 34 1.499640
99 0 1.549135
99 19 1.568604
99 38 1.564171
99 18 1.587468
99 48 1.581986
99 26 1.646160
99 27 1.646248
99 23 1.684132
99 46 1.656041
99 37 1.670344
99 22 1.688353
99 16 1.797346
99 2 1.827131
99 15 1.820145
99 42 1.803651
99 39 1.848204
99 43 1.857860
99 4 1.917342
99 50 1.868074
99 7 1.976309
99 25 2.062558
99 5 2.081232
99 45 2.039295
99 6 2.082230
99 1 2.086343
100 9 0.504735
100 14 0.506314
100 32 0.457708
100 31 0.483256
100 29 0.569911
100 33 0.578531
100 3 0.687213
100 11 0.742861
100 1 0.763597
100 13 0.775092
100 44 0.717666
100 0 0.879161
100 5 0.892819
100 12 0.898648
100 20 0.924288
100 39 0.863331
100 21 0.930244
100 10 0.974963
100 28 0.950022
100 8 0.990261
100 19 1.065959
100 25 1.066787
100 30 1.065854
100 2 1.147949
100 50 1.059088
100 42 1.094812
100 4 1.197519
100 48 1.110884
100 36 1.198294
100 41 1.199701
100 43 1.203385
100 15 1.304723
100 23 1.311874
100 47 1.248271
100 16 1.340154
100 18 1.347719
100 17 1.352469
100 27 1.337295
100 7 1.384500
100 45 1.319076
100 35 1.376166
100 37 1.389307
100 24 1.439007
100 38 1.394987
100 26 1.456901
100 34 1.437161
100 49 1.408541
100 40 1.431546
100 22 1.573298
100 6 1.619487
100 46 1.665745
101 8 0.499658
101 10 0.598396
101 33 0.624883
101 11 0.677451
101 20 0.741634
101 32 0.838132
101 44 0.821066
101 3 1.163363
101 29 1.186993
101 0 1.400777
101 12 1.438163
101 45 1.469851
101 30 1.491443
101 31 1.491076
101 1 1.559011
101 13 1.551001
101 9 1.554332
101 41 1.657375
101 36 1.665438
101 39 1.662548
101 28 1.677760
101 14 1.697834
101 48 1.672209
101 2 1.761494
101 24 1.762574
101 5 1.806790
101 42 1.912348
101 26 1.957970
101 4 1.979963
101 21 1.986431
101 46 1.966777
101 23 2.018289
101 40 2.028060
101 49 2.028174
101 19 2.072061
101 16 2.088451
101 15 2.114539
101 50 2.068382
101 43 2.113997
101 37 2.122483
101 34 2.128897
101 47 2.170407
101 7 2.234029
101 25 2.218059
101 22 2.223758
101 38 2.215406
101 35 2.220780
101 18 2.271738
101 6 2.295038
101 27 2.305323
101 17 2.335725
102 9 0.493031
102 32 0.600320
102 11 0.644387
102 31 0.717240
102 33 0.737852
102 28 0.778796
102 1 0.944974
102 10 0.992181
102 17 1.008372
102 5 1.021230
102 30 0.996229
102 44 0.981277
102 14 1.044232
102 8 1.105224
102 13 1.102346
102 3 1.113637
102 12 1.104446
102 27 1.098134
102 26 1.125590
102 29 1.225460
102 45 1.239849
102 25 1.313245
102 19 1.374943
102 23 1.388026
102 22 1.405234
102 21 1.407792
102 41 1.422462
102 43 1.454256
102 48 1.465628
102 39 1.485505
102 0 1.549677
102 49 1.507589
102 4 1.554147
102 18 1.578145
102 36 1.558680
102 7 1.589451
102 35 1.578244
102 47 1.574801
102 24 1.643060
102 15 1.658076
102 37 1.644718
102 2 1.719261
102 38 1.706734
102 46 1.707059
102 50 1.730309
102 6 1.775705
102 34 1.769716
102 16 1.803709
102 20 1.806329
102 42 1.826148
102 40 1.885102
103 28 0.459215
103 12 0.550067
103 8 0.575163
103 14 0.613795
103 9 0.731326
103 32 0.764161
103 11 0.921730
103 6 0.987962
103 29 0.964351
103 4 1.049378
103 44 1.007304
103 10 1.048790
103 0 1.093899
103 2 1.156283
103 30 1.235409
103 23 1.266842
103 16 1.275751
103 13 1.325331
103 19 1.346682
103 34 1.326560
103 48 1.336501
103 31 1.380445
103 46 1.417724
103 21 1.506834
103 5 1.518508
103 33 1.507982
103 20 1.544634
103 43 1.548253
103 45 1.662113
103 39 1.671054
103 24 1.692077
103 35 1.678988
103 37 1.677353
103 42 1.704082
103 27 1.737376
103 36 1.731195
103 18 1.768347
103 26 1.769147
103 50 1.741016
103 22 1.791608
103 17 1.798109
103 7 1.844658
103 40 1.808860
103 3 1.901383
103 15 1.893777
103 38 1.865798
103 1 1.931391
103 41 1.912321
103 25 1.965039
103 49 2.056980
103 47 2.098937
104 12 0.685388
104 8 0.711633
104 29 0.684200
104 33 0.798164
104 11 0.848775
104 28 0.857486
104 44 0.844639
104 31 0.917704
104 14 0.952093
104 2 0.976318
104 42 0.990156
104 4 1.039878
104 50 0.992863
104 48 0.996935
104 10 1.071511
104 30 1.047815
104 32 1.081214
104 13 1.108681
104 17 1.123983
104 6 1.188315
104 9 1.226475
104 1 1.251775
104 16 1.253193
104 43 1.236814
104 0 1.300323
104 46 1.316206
104 5 1.386991
104 47 1.361275
104 38 1.464923
104 37 1.493967
104 36 1.501697
104 40 1.558014
104 49 1.546571
104 39 1.565440
104 22 1.616147
104 34 1.604324
104 7 1.644239
104 3 1.676048
104 18 1.666057
104 45 1.642269
104 23 1.688481
104 24 1.711648
104 21 1.730943
104 26 1.760493
104 41 1.779647
104 20 1.811959
104 19 1.844701
104 15 1.867675
104 27 1.861819
104 25 1.879064
104 35 1.907624
105 8 0.524414
105 11 0.562690
105 12 0.651676
105 10 0.677367
105 0 0.739128
105 13 0.707519
105 9 0.750353
105 14 0.752054
105 6 0.801182
105 44 1.381976
105 28 1.504757
105 31 1.552734
105 1 1.636169
105 2 1.632562
105 5 1.722766
105 3 1.773555
105 32 1.747169
105 29 1.829785
105 33 1.898564
105 7 1.967405
105 30 1.990285
105 4 2.062020
105 40 2.113325
105 15 2.187176
105 24 2.195519
105 47 2.128162
105 23 2.240789
105 46 2.157744
105 16 2.281924
105 35 2.278510
105 45 2.301780
105 19 2.398578
105 20 2.406223
105 37 2.380847
105 18 2.432260
105 17 2.453411
105 22 2.463058
105 38 2.433992
105 27 2.512749
105 39 2.506366
105 21 2.574002
105 43 2.514271
105 48 2.473761
105 36 2.562423
105 42 2.545705
105 49 2.501470
105 34 2.616851
105 50 2.512881
105 41 2.611589
105 25 2.664281
105 26 2.783708
106 12 0.700416
106 28 0.767986
106 29 0.950736
106 10 1.060066
106 0 1.080108
106 44 1.039347
106 33 1.067006
106 9 1.121836
106 1 1.127721
106 5 1.149715
106 31 1.200532
106 11 1.220457
106 8 1.307632
106 30 1.289933
106 2 1.336508
106 13 1.409723
106 14 1.538665
106 3 1.615888
106 32 1.618440
106 22 1.751312
106 34 1.826908
106 41 1.892405
106 6 1.998150
106 19 2.011343
106 47 2.002340
106 49 2.072449
106 4 2.205234
106 7 2.224906
106 48 2.236103
106 45 2.249336
106 42 2.267164
106 15 2.305891
106 35 2.359206
106 36 2.380875
106 18 2.410747
106 24 2.445346
106 25 2.458834
106 20 2.477041
106 27 2.494650
106 16 2.513186
106 39 2.490191
106 40 2.521359
106 43 2.527854
106 17 2.570265
106 21 2.566710
106 37 2.557341
106 46 2.568849
106 50 2.592830
106 38 2.616413
106 26 2.634085
106 23 2.747306
107 9 0.632586
107 11 0.669109
107 8 1.013659
107 10 1.027631
107 3 1.077015
107 13 1.159881
107 1 1.321257
107 28 1.331367
107 32 1.349250
107 31 1.352293
107 33 1.381073
107 2 1.419377
107 29 1.509965
107 12 1.620786
107 5 1.628044
107 44 1.579006
107 14 1.677889
107 0 1.723100
107 4 1.896151
107 30 1.880818
107 26 1.915765
107 41 1.915681
107 27 1.947438
107 16 2.137331
107 7 2.226340
107 49 2.195375
107 37 2.230449
107 25 2.261915
107 48 2.230544
107 35 2.266793
107 15 2.296316
107 39 2.276294
107 40 2.275644
107 24 2.360124
107 38 2.361873
107 23 2.393663
107 43 2.376013
107 22 2.406094
107 45 2.386678
107 36 2.400810
107 46 2.386915
107 47 2.406896
107 42 2.425155
107 19 2.476918
107 34 2.487577
107 18 2.520345
107 6 2.599359
107 50 2.612683
107 17 2.667713
107 20 2.664479
107 21 2.737887
108 10 0.594677
108 44 0.650836
108 14 0.707217
108 32 0.746718
108 13 0.818648
108 29 0.821209
108 11 0.856687
108 28 1.074847
108 40 1.062940
108 30 1.259746
108 12 1.292683
108 4 1.340545
108 8 1.402838
108 5 1.497640
108 33 1.504076
108 2 1.553755
108 37 1.527652
108 48 1.614685
108 9 1.668391
108 16 1.681949
108 7 1.700822
108 31 1.755310
108 22 1.793990
108 35 1.812249
108 24 1.902528
108 41 1.934259
108 46 1.941366
108 1 2.010583
108 26 1.998377
108 0 2.070441
108 27 2.060510
108 6 2.102624
108 20 2.130818
108 49 2.112703
108 3 2.200875
108 45 2.168827
108 15 2.261199
108 25 2.281876
108 18 2.297416
108 39 2.305076
108 19 2.441014
108 21 2.445096
108 43 2.424155
108 42 2.433624
108 36 2.476673
108 50 2.462002
108 34 2.501551
108 47 2.579699
108 23 2.659143
108 17 2.766442
108 38 2.776548
109 9 0.686574
109 29 0.721033
109 44 0.836241
109 31 0.870407
109 13 0.933290
109 11 0.948804
109 27 1.007757
109 10 1.049562
109 28 1.178973
109 14 1.194082
109 30 1.298715
109 3 1.355061
109 37 1.325875
109 34 1.336985
109 5 1.390602
109 39 1.414392
109 21 1.441290
109 15 1.449727
109 2 1.568803
109 32 1.559594
109 8 1.583416
109 33 1.575895
109 40 1.586507
109 50 1.592392
109 4 1.647682
109 17 1.668464
109 7 1.688900
109 12 1.693655
109 42 1.673160
109 26 1.698378
109 45 1.687533
109 0 1.844886
109 25 1.826133
109 49 1.801043
109 1 1.846621
109 47 1.804507
109 46 1.805805
109 38 1.814606
109 23 1.831526
109 43 1.810562
109 41 1.813546
109 24 1.831775
109 48 1.848575
109 22 1.890033
109 35 1.880309
109 6 1.934054
109 19 1.931151
109 16 2.032644
109 18 2.044019
109 36 2.029259
109 20 2.099777
110 9 0.640768
110 11 0.653077
110 29 0.882801
110 44 1.751168
110 32 1.788287
110 28 2.099406
110 30 2.162252
110 14 2.215001
110 12 2.220841
110 33 2.246109
110 0 2.278753
110 10 2.353888
110 13 2.354429
110 8 2.359499
110 31 2.336958
110 1 2.508969
110 3 2.509341
110 7 2.629627
110 42 2.688247
110 46 2.708562
110 20 2.782211
110 24 2.859308
110 2 2.999620
110 6 2.999388
110 41 2.978553
110 45 2.992127
110 5 3.053410
110 18 3.085425
110 15 3.089268
110 43 3.091394
110 49 3.102659
110 23 3.167770
110 50 3.172349
110 38 3.201452
110 36 3.236555
110 34 3.267475
110 16 3.340738
110 21 3.354452
110 35 3.357230
110 25 3.381982
110 40 3.376248
110 26 3.409444
110 4 3.443442
110 19 3.480281
110 47 3.549783
110 27 3.576581
110 48 3.550538
110 39 3.565307
110 17 3.592558
110 37 3.568500
110 22 3.648074
111 28 0.423319
111 30 0.455555
111 12 0.474791
111 8 0.589751
111 10 0.613989
111 29 0.663314
111 11 0.732149
111 5 0.885463
111 32 0.866892
111 3 0.896709
111 44 0.891794
111 31 0.926234
111 33 0.940112
111 9 1.030005
111 15 1.043530
111 13 1.067252
111 2 1.124531
111 14 1.132303
111 17 1.287343
111 4 1.298210
111 19 1.286839
111 6 1.298707
111 41 1.263951
111 46 1.286440
111 23 1.327657
111 21 1.341018
111 0 1.365032
111 36 1.388934
111 34 1.413124
111 20 1.437991
111 22 1.466882
111 25 1.511819
111 38 1.516167
111 42 1.520796
111 26 1.552883
111 1 1.591304
111 47 1.551213
111 27 1.585824
111 18 1.638888
111 16 1.648574
111 50 1.618751
111 48 1.630961
111 43 1.645473
111 49 1.662552
111 39 1.689049
111 45 1.689186
111 37 1.708306
111 7 1.772271
111 35 1.816166
111 40 1.894289
111 24 1.923401
112 9 0.770055
112 44 0.755343
112 32 0.774601
112 33 0.883551
112 10 0.968660
112 11 1.018890
112 30 1.308291
112 12 1.329096
112 14 1.358834
112 13 1.362808
112 28 1.366399
112 8 1.513579
112 45 1.468250
112 3 1.613154
112 27 1.636884
112 5 1.739032
112 2 1.743227
112 31 1.804467
112 38 1.795188
112 49 1.817125
112 36 1.868472
112 29 1.910518
112 17 2.085674
112 0 2.098979
112 22 2.140734
112 42 2.233778
112 35 2.244350
112 47 2.251137
112 6 2.324340
112 23 2.310406
112 39 2.333192
112 50 2.336326
112 26 2.392161
112 20 2.416165
112 19 2.539491
112 4 2.553319
112 7 2.551628
112 25 2.553777
112 1 2.611060
112 34 2.594621
112 16 2.617513
112 21 2.614200
112 46 2.577563
112 37 2.612135
112 24 2.630489
112 40 2.642523
112 48 2.728984
112 18 2.805614
112 41 2.776692
112 15 2.810191
112 43 2.792550
113 9 0.716494
113 44 0.688626
113 10 0.748283
113 12 0.848898
113 13 0.904493
113 33 0.947287
113 32 1.023475
113 14 1.065862
113 8 1.070935
113 7 1.072138
113 49 1.045295
113 11 1.098488
113 30 1.135054
113 0 1.253924
113 6 1.270761
113 31 1.249440
113 28 1.359970
113 41 1.350402
113 36 1.358039
113 5 1.387742
113 29 1.397818
113 18 1.464568
113 2 1.495295
113 35 1.597765
113 1 1.635176
113 4 1.680900
113 45 1.674388
113 39 1.688785
113 37 1.716539
113 15 1.788199
113 21 1.790148
113 3 1.822087
113 19 1.837226
113 20 1.850613
113 25 1.876444
113 17 1.890061
113 42 1.868869
113 43 1.869202
113 47 1.892323
113 48 1.920024
113 50 1.924268
113 40 1.945857
113 38 2.029092
113 23 2.085839
113 16 2.132766
113 27 2.130195
113 46 2.118592
113 26 2.160427
113 24 2.205429
113 34 2.201655
113 22 2.220311
114 10 0.744115
114 31 0.808699
114 13 0.971916
114 32 0.977999
114 44 0.965435
114 1 1.029215
114 28 1.017174
114 8 1.036574
114 11 1.080210
114 29 1.320009
114 33 1.331300
114 37 1.349106
114 40 1.368383
114 30 1.382148
114 16 1.452515
114 12 1.476716
114 0 1.497431
114 34 1.511685
114 14 1.549745
114 46 1.559297
114 9 1.601195
114 6 1.631532
114 26 1.669981
114 50 1.682178
114 25 1.726890
114 22 1.773267
114 3 1.828946
114 24 1.867841
114 5 1.892620
114 7 1.891699
114 19 1.883067
114 39 1.899552
114 2 1.957400
114 15 1.974343
114 41 1.951187
114 17 1.981110
114 45 1.970625
114 4 2.070785
114 20 2.122367
114 42 2.096961
114 18 2.130491
114 36 2.150927
114 43 2.185962
114 21 2.316643
114 48 2.312916
114 27 2.365274
114 49 2.381686
114 35 2.486927
114 23 2.563201
114 38 2.591374
114 47 2.649563
115 10 0.446550
115 28 0.607282
115 14 0.666830
115 45 0.690328
115 29 0.754094
115 32 0.872930
115 8 0.926165
115 30 0.915472
115 12 0.950593
115 13 0.996663
115 11 1.058957
115 31 1.050990
115 9 1.093399
115 44 1.090917
115 1 1.131285
115 36 1.100858
115 3 1.210828
115 21 1.197497
115 39 1.178829
115 41 1.180316
115 33 1.200279
115 16 1.263069
115 23 1.394345
115 47 1.367518
115 15 1.404395
115 22 1.399179
115 19 1.436970
115 49 1.422818
115 5 1.480316
115 7 1.481262
115 0 1.495311
115 25 1.484627
115 38 1.480400
115 34 1.495785
115 35 1.504900
115 26 1.526497
115 50 1.551472
115 46 1.568359
115 24 1.592468
115 40 1.586086
115 48 1.577320
115 27 1.609028
115 37 1.601396
115 17 1.629103
115 6 1.646591
115 4 1.671513
115 2 1.681373
115 43 1.717822
115 42 1.718979
115 18 1.755925
115 20 1.872227
116 8 0.613993
116 31 0.634539
116 11 0.698734
116 32 0.676377
116 9 0.787713
116 29 0.830132
116 14 0.918164
116 28 1.010686
116 44 1.034059
116 30 1.149616
116 47 1.224222
116 10 1.284894
116 2 1.316957
116 13 1.331732
116 1 1.406458
116 12 1.400220
116 38 1.370662
116 25 1.390067
116 3 1.436241
116 33 1.467988
116 26 1.478676
116 0 1.546486
116 40 1.522001
116 34 1.529926
116 41 1.548742
116 15 1.639910
116 17 1.651713
116 50 1.674849
116 5 1.788195
116 21 1.789102
116 22 1.789089
116 7 1.813333
116 37 1.819678
116 6 1.874717
116 24 1.873074
116 35 1.873688
116 39 1.869291
116 18 1.909391
116 27 2.024986
116 49 1.994040
116 19 2.037609
116 4 2.048786
116 20 2.036953
116 42 2.035241
116 45 2.037553
116 48 2.080420
116 43 2.120666
116 46 2.156777
116 16 2.209720
116 23 2.202243
116 36 2.266996
117 8 0.829538
117 12 1.232606
117 14 1.656955
117 32 1.638199
117 29 1.643178
117 30 1.719598
117 28 1.810141
117 13 2.163027
117 6 2.235845
117 20 2.226876
117 44 2.192712
117 11 2.271958
117 4 2.379525
117 10 2.389661
117 3 2.406400
117 31 2.381653
117 9 2.404507
117 33 2.381137
117 47 2.359829
117 27 2.440606
117 0 2.463928
117 38 2.427333
117 42 2.454298
117 37 2.483160
117 1 2.520632
117 5 2.540035
117 22 2.630360
117 2 2.716003
117 46 2.666101
117 35 2.685791
117 48 2.701412
117 40 2.874577
117 39 2.918256
117 7 3.073425
117 34 3.047762
117 19 3.067458
117 24 3.062891
117 26 3.061755
117 50 3.027030
117 21 3.069878
117 41 3.082713
117 45 3.173799
117 16 3.232553
117 49 3.212103
117 15 3.276728
117 43 3.243576
117 25 3.286227
117 18 3.293803
117 23 3.349163
117 17 3.426145
117 36 3.498297
118 44 0.691962
118 8 0.797216
118 28 1.033879
118 31 1.030743
118 9 1.168519
118 30 1.175482
118 32 1.343457
118 33 1.341506
118 14 1.585972
118 12 1.697884
118 29 1.683296
118 10 1.720995
118 11 1.720766
118 13 1.809063
118 0 1.828739
118 7 1.882784
118 6 1.884347
118 2 1.955652
118 22 1.979738
118 1 2.298504
118 4 2.300089
118 26 2.313288
118 19 2.479702
118 17 2.548646
118 16 2.615369
118 46 2.604640
118 48 2.603533
118 39 2.642240
118 50 2.681218
118 40 2.695153
118 23 2.767075
118 3 2.783018
118 45 2.772939
118 5 2.844627
118 42 2.823436
118 18 2.916192
118 24 2.926153
118 41 2.936638
118 21 2.991919
118 47 2.970693
118 34 2.999648
118 15 3.045922
118 20 3.055678
118 27 3.048286
118 49 3.054822
118 37 3.124552
118 25 3.151855
118 36 3.139344
118 35 3.165639
118 38 3.277139
118 43 3.273152
119 8 0.668797
119 31 0.681071
119 10 0.725946
119 44 1.051399
119 33 1.102114
119 11 1.127174
119 12 1.425197
119 28 1.464167
119 32 1.459215
119 30 1.799190
119 13 1.856781
119 29 1.880829
119 14 2.055714
119 46 2.071981
119 9 2.124736
119 2 2.181652
119 25 2.338499
119 16 2.367540
119 48 2.360861
119 40 2.437088
119 0 2.582503
119 39 2.566256
119 7 2.599035
119 4 2.654440
119 35 2.759915
119 45 2.831603
119 5 2.874046
119 41 2.856644
119 49 2.848537
119 23 2.900814
119 17 2.929248
119 19 2.929221
119 20 2.939731
119 34 2.932131
119 37 2.958706
119 50 2.954745
119 47 2.966040
119 18 3.037292
119 3 3.056419
119 42 3.045650
119 22 3.076850
119 26 3.086769
119 36 3.083298
119 38 3.089816
119 27 3.164497
119 24 3.184280
119 43 3.184518
119 6 3.245887
119 1 3.256154
119 15 3.289721
119 21 3.329995
120 10 0.868001
120 32 0.964028
120 9 0.989576
120 12 1.120635
120 11 1.124929
120 14 1.175818
120 29 1.256361
120 30 1.396946
120 31 1.396391
120 13 1.417682
120 1 2.031774
120 3 2.144081
120 5 2.175971
120 36 2.201420
120 26 2.217616
120 48 2.185583
120 6 2.239510
120 28 2.218905
120 44 2.255383
120 23 2.289680
120 27 2.325906
120 8 2.376226
120 37 2.411048
120 0 2.483566
120 33 2.485182
120 17 2.552182
120 41 2.669502
120 25 2.697151
120 47 2.665081
120 34 2.685886
120 40 2.692933
120 38 2.716202
120 24 2.775390
120 4 2.880448
120 49 2.855453
120 42 2.999751
120 50 3.015632
120 22 3.085039
120 15 3.120675
120 18 3.144807
120 19 3.172296
120 45 3.263890
120 20 3.302754
120 35 3.280151
120 39 3.276370
120 21 3.343603
120 46 3.326824
120 16 3.390762
120 7 3.469988
120 43 3.514653
120 2 3.586291
