21 0 0.140780
21 2 0.165590
21 5 0.183180
21 4 0.186883
21 1 0.216672
21 7 0.256065
21 3 0.260307
21 11 0.254944
21 9 0.260266
21 10 0.262657
21 13 0.261910
21 21 0.252765
21 23 0.250660
21 22 0.254099
21 16 0.263909
21 20 0.259338
21 8 0.274214
21 18 0.265234
21 12 0.272200
21 25 0.257887
21 19 0.269217
21 6 0.284030
21 17 0.273289
21 14 0.281871
21 15 0.286003
21 26 0.296083
21 28 0.297046
21 24 0.302556
21 27 0.302169
21 31 0.307959
21 29 0.313619
21 30 0.330814
21 32 0.432348
21 36 0.428736
21 38 0.454980
21 42 0.450064
21 33 0.477269
21 41 0.473709
21 39 0.483924
21 35 0.507777
21 37 0.512946
21 40 0.514943
21 34 0.557124
22 1 0.146104
22 0 0.147684
22 3 0.211698
22 9 0.241311
22 2 0.251762
22 20 0.260367
22 4 0.281061
22 12 0.277092
22 21 0.273318
22 24 0.273729
22 14 0.284602
22 23 0.276420
22 10 0.290001
22 25 0.274667
22 8 0.292885
22 34 0.262245
22 13 0.291812
22 16 0.289226
22 11 0.295913
22 6 0.301377
22 22 0.287160
22 5 0.305308
22 19 0.292212
22 35 0.272669
22 37 0.270240
22 39 0.267688
22 36 0.273133
22 18 0.301743
22 33 0.281644
22 30 0.287798
22 7 0.314937
22 32 0.286243
22 38 0.280578
22 41 0.276381
22 15 0.312966
22 27 0.303153
22 28 0.302017
22 40 0.281356
22 26 0.305482
22 29 0.301198
22 17 0.316750
22 42 0.284161
22 31 0.300879
23 0 0.185781
23 3 0.217383
23 1 0.230004
23 5 0.232399
23 7 0.249464
23 6 0.254054
23 2 0.276260
23 9 0.271461
23 8 0.275520
23 11 0.277672
23 4 0.295385
23 10 0.371297
23 12 0.390473
23 14 0.434175
23 13 0.450211
23 23 0.467585
23 24 0.472588
23 26 0.471044
23 25 0.472799
23 22 0.493743
23 16 0.500349
23 36 0.477910
23 17 0.499930
23 28 0.488166
23 33 0.485939
23 34 0.486437
23 29 0.496468
23 37 0.487455
23 20 0.507094
23 31 0.495230
23 38 0.488956
23 32 0.497194
23 19 0.544796
23 42 0.519546
23 18 0.551839
23 40 0.527055
23 35 0.533262
23 27 0.543987
23 21 0.551587
23 15 0.558323
23 39 0.532088
23 30 0.574183
23 41 0.568210
24 1 0.146620
24 3 0.190405
24 4 0.198228
24 5 0.225788
24 8 0.229442
24 9 0.258749
24 11 0.262683
24 21 0.257845
24 31 0.245066
24 25 0.254675
24 23 0.262650
24 36 0.248118
24 24 0.267207
24 19 0.277338
24 14 0.284238
24 26 0.267341
24 13 0.286102
24 22 0.273542
24 15 0.285959
24 12 0.289345
24 27 0.268027
24 29 0.266944
24 16 0.286635
24 10 0.295169
24 34 0.260946
24 7 0.301706
24 6 0.302710
24 38 0.257860
24 40 0.254982
24 0 0.312458
24 30 0.274824
24 18 0.293223
24 39 0.261422
24 2 0.312079
24 42 0.259370
24 37 0.268126
24 41 0.263196
24 17 0.299926
24 32 0.280014
24 28 0.286158
24 20 0.299581
24 33 0.281199
24 35 0.283192
25 3 0.196150
25 0 0.199018
25 5 0.216021
25 1 0.229578
25 4 0.258490
25 10 0.256892
25 2 0.266358
25 8 0.261400
25 6 0.265969
25 9 0.263581
25 11 0.271389
25 14 0.274609
25 7 0.285080
25 15 0.290647
25 16 0.289907
25 13 0.310017
25 12 0.312598
25 17 0.387518
25 21 0.427642
25 26 0.451004
25 18 0.466755
25 23 0.490592
25 25 0.496790
25 40 0.474603
25 30 0.503137
25 19 0.531015
25 36 0.505306
25 32 0.538189
25 42 0.522252
25 20 0.558353
25 28 0.572925
25 34 0.571714
25 24 0.602506
25 38 0.585257
25 22 0.611275
25 27 0.604084
25 39 0.638559
25 37 0.649279
25 41 0.644351
25 29 0.662895
25 35 0.704713
25 33 0.711621
25 31 0.772358
26 0 0.147383
26 4 0.149385
26 2 0.155356
26 5 0.200083
26 3 0.202004
26 6 0.241287
26 16 0.256163
26 8 0.271487
26 10 0.273195
26 28 0.254014
26 17 0.267726
26 22 0.264136
26 18 0.268676
26 13 0.274691
26 24 0.263013
26 12 0.276257
26 23 0.265473
26 19 0.272442
26 11 0.282886
26 27 0.264915
26 15 0.279968
26 25 0.271476
26 1 0.298849
26 26 0.272482
26 20 0.281259
26 29 0.271171
26 38 0.255836
26 30 0.272080
26 21 0.284325
26 41 0.257815
26 14 0.294483
26 36 0.264102
26 33 0.268848
26 9 0.300551
26 42 0.257888
26 31 0.274162
26 39 0.262794
26 34 0.269608
26 40 0.262252
26 35 0.277662
26 7 0.315412
26 32 0.285655
26 37 0.287676
27 6 0.181031
27 0 0.192080
27 3 0.225420
27 2 0.241490
27 4 0.259386
27 10 0.255168
27 8 0.260101
27 15 0.254275
27 11 0.258641
27 9 0.261390
27 1 0.274291
27 5 0.278538
27 7 0.277946
27 17 0.276130
27 16 0.277903
27 12 0.287073
27 13 0.291293
27 14 0.376612
27 21 0.432293
27 29 0.445207
27 19 0.471107
27 24 0.476706
27 27 0.478563
27 23 0.485299
27 28 0.485617
27 18 0.501979
27 25 0.497519
27 41 0.480496
27 40 0.484620
27 30 0.509574
27 20 0.528002
27 39 0.506823
27 22 0.538792
27 31 0.534442
27 42 0.540093
27 34 0.549235
27 37 0.547285
27 35 0.551375
27 26 0.599834
27 38 0.585888
27 36 0.588736
27 32 0.615014
27 33 0.620375
28 0 0.166727
28 4 0.165169
28 3 0.168650
28 1 0.173494
28 7 0.163207
28 2 0.180214
28 6 0.248379
28 5 0.257803
28 11 0.265374
28 8 0.273609
28 33 0.241627
28 13 0.271868
28 9 0.277985
28 12 0.273985
28 24 0.260828
28 41 0.235191
28 10 0.285342
28 25 0.261341
28 15 0.279285
28 17 0.276102
28 22 0.269287
28 14 0.284792
28 16 0.284184
28 23 0.273877
28 29 0.266406
28 35 0.260092
28 21 0.282248
28 30 0.271361
28 27 0.276997
28 19 0.288623
28 37 0.264320
28 26 0.283172
28 42 0.256600
28 34 0.273636
28 36 0.271681
28 18 0.294920
28 32 0.278528
28 20 0.298154
28 31 0.284949
28 40 0.269960
28 28 0.290509
28 38 0.273178
28 39 0.275436
29 0 0.190737
29 4 0.221395
29 1 0.253789
29 9 0.299613
29 13 0.298897
29 12 0.300693
29 11 0.301956
29 22 0.292668
29 24 0.291290
29 26 0.289653
29 23 0.293448
29 8 0.312065
29 25 0.295402
29 10 0.312432
29 21 0.309972
29 14 0.318494
29 3 0.334698
29 36 0.307749
29 15 0.340528
29 16 0.342697
29 7 0.355068
29 38 0.322565
29 5 0.361206
29 18 0.350494
29 2 0.366815
29 19 0.352575
29 29 0.343457
29 32 0.339695
29 33 0.343263
29 34 0.346144
29 31 0.349985
29 6 0.379898
29 17 0.371750
29 37 0.350310
29 27 0.362591
29 20 0.371281
29 35 0.356031
29 30 0.365541
29 28 0.368379
29 40 0.359568
29 39 0.364739
29 41 0.377407
29 42 0.380002
30 0 0.185424
30 7 0.183202
30 1 0.193521
30 2 0.198062
30 8 0.221552
30 5 0.246141
30 11 0.290570
30 9 0.297235
30 6 0.304806
30 27 0.284066
30 25 0.288093
30 26 0.292440
30 23 0.299402
30 28 0.292088
30 18 0.306775
30 12 0.315766
30 14 0.318707
30 13 0.320633
30 4 0.330579
30 10 0.326547
30 3 0.338981
30 17 0.321855
30 19 0.320867
30 22 0.318250
30 16 0.331649
30 35 0.299692
30 24 0.321557
30 29 0.313953
30 31 0.312085
30 15 0.336904
30 33 0.306912
30 20 0.330775
30 21 0.329123
30 32 0.317013
30 37 0.306266
30 36 0.308084
30 39 0.306737
30 41 0.308559
30 30 0.329566
30 42 0.312111
30 38 0.322586
30 34 0.330892
30 40 0.327328
31 0 0.232386
31 6 0.247227
31 1 0.255693
31 5 0.252573
31 4 0.256586
31 2 0.288885
31 7 0.297039
31 11 0.293533
31 9 0.298862
31 3 0.321148
31 10 0.380424
31 8 0.416078
31 12 0.415785
31 15 0.439579
31 16 0.457039
31 20 0.487603
31 23 0.486974
31 13 0.497407
31 28 0.494841
31 34 0.488660
31 38 0.484933
31 25 0.502647
31 29 0.501803
31 19 0.524241
31 42 0.501390
31 26 0.532164
31 14 0.548172
31 22 0.545645
31 17 0.552370
31 31 0.543914
31 24 0.557257
31 21 0.609741
31 39 0.597381
31 35 0.602196
31 40 0.596832
31 27 0.612880
31 18 0.623504
31 30 0.609526
31 37 0.602109
31 41 0.609123
31 33 0.622969
31 32 0.634797
31 36 0.634228
32 0 0.174063
32 1 0.191444
32 4 0.192181
32 3 0.198609
32 6 0.203445
32 5 0.206122
32 7 0.244367
32 2 0.254267
32 9 0.259067
32 8 0.283447
32 10 0.278505
32 12 0.272431
32 11 0.273806
32 28 0.245566
32 26 0.254803
32 25 0.265356
32 24 0.271197
32 14 0.294600
32 23 0.280153
32 13 0.297898
32 37 0.259191
32 16 0.297051
32 27 0.277329
32 21 0.302231
32 19 0.304936
32 15 0.318370
32 32 0.292591
32 38 0.287836
32 29 0.300673
32 31 0.300402
32 20 0.321768
32 30 0.305459
32 36 0.299264
32 42 0.292678
32 18 0.329115
32 22 0.325103
32 40 0.297863
32 34 0.309506
32 33 0.311992
32 17 0.341652
32 35 0.311285
32 39 0.310425
32 41 0.308988
33 0 0.243485
33 1 0.268207
33 7 0.275425
33 25 0.273581
33 9 0.294796
33 13 0.296258
33 8 0.301564
33 12 0.298903
33 5 0.306569
33 11 0.304385
33 10 0.305587
33 26 0.289141
33 30 0.287144
33 27 0.292760
33 14 0.307409
33 29 0.296976
33 28 0.299827
33 2 0.336091
33 18 0.327564
33 15 0.331464
33 4 0.342557
33 21 0.330696
33 17 0.338312
33 23 0.335103
33 22 0.338262
33 3 0.359510
33 16 0.348895
33 24 0.343192
33 20 0.349496
33 19 0.353351
33 6 0.370873
33 32 0.441249
33 39 0.498774
33 33 0.508699
33 34 0.522320
33 31 0.549100
33 38 0.553092
33 40 0.563036
33 41 0.561959
33 37 0.573632
33 35 0.637514
33 42 0.667200
33 36 0.714523
34 0 0.191048
34 3 0.193044
34 2 0.205951
34 5 0.259307
34 1 0.263670
34 12 0.287946
34 13 0.289604
34 7 0.305582
34 31 0.280260
34 4 0.313413
34 36 0.278832
34 6 0.316863
34 9 0.314353
34 11 0.312869
34 17 0.311025
34 21 0.306307
34 10 0.324338
34 38 0.292305
34 22 0.314221
34 14 0.331988
34 25 0.320789
34 19 0.329269
34 29 0.316918
34 23 0.328450
34 33 0.316887
34 8 0.348529
34 27 0.325489
34 16 0.341205
34 28 0.325427
34 37 0.315845
34 26 0.331309
34 15 0.348276
34 24 0.335701
34 40 0.322013
34 32 0.338919
34 34 0.341386
34 18 0.365778
34 35 0.343807
34 39 0.342752
34 20 0.370436
34 30 0.361092
34 42 0.345970
34 41 0.354619
35 11 0.503330
35 13 0.507057
35 10 0.514098
35 19 0.516481
35 6 0.531584
35 32 0.506124
35 9 0.545267
35 12 0.542925
35 25 0.531908
35 33 0.524014
35 40 0.533410
35 26 0.548256
35 28 0.568009
35 39 0.563497
35 27 0.596515
35 8 0.631142
35 29 0.612673
35 5 0.642585
35 4 0.645192
35 7 0.650630
35 23 0.659782
35 35 0.658400
35 31 0.685736
35 37 0.691309
35 22 0.712294
35 30 0.704800
35 16 0.743170
35 1 0.768036
35 41 0.739174
35 3 0.798700
35 24 0.780394
35 15 0.811105
35 34 0.795395
35 17 0.813146
35 21 0.815608
35 42 0.807974
35 18 0.850085
35 36 0.837103
35 20 0.875455
35 14 0.891812
35 0 0.908592
35 38 0.878110
35 2 0.921848
36 0 0.137495
36 1 0.191029
36 8 0.205693
36 4 0.236063
36 10 0.239837
36 2 0.250963
36 3 0.253322
36 9 0.287514
36 7 0.295164
36 11 0.295619
36 23 0.276892
36 22 0.282327
36 26 0.287188
36 5 0.323380
36 12 0.325738
36 13 0.324345
36 28 0.298273
36 25 0.306676
36 6 0.337254
36 17 0.326037
36 21 0.315290
36 34 0.290048
36 42 0.280377
36 36 0.290918
36 14 0.335698
36 20 0.325878
36 24 0.317209
36 16 0.335899
36 31 0.305632
36 39 0.293936
36 35 0.299273
36 15 0.341536
36 38 0.297333
36 27 0.318634
36 30 0.314215
36 18 0.346195
36 19 0.347124
36 29 0.327399
36 41 0.315892
36 32 0.327203
36 37 0.321720
36 40 0.319382
36 33 0.327952
37 1 0.293979
37 10 0.300031
37 37 0.273096
37 9 0.307090
37 11 0.308038
37 13 0.308401
37 8 0.327617
37 6 0.329479
37 2 0.333319
37 7 0.335346
37 29 0.312383
37 4 0.343440
37 21 0.327098
37 3 0.349324
37 0 0.356064
37 27 0.329168
37 23 0.335666
37 39 0.320580
37 25 0.342071
37 22 0.347238
37 17 0.358257
37 15 0.362922
37 26 0.355926
37 32 0.349191
37 12 0.372234
37 28 0.354877
37 5 0.383140
37 14 0.375892
37 19 0.371541
37 24 0.369972
37 30 0.363742
37 33 0.368544
37 31 0.379136
37 41 0.369244
37 42 0.375306
37 35 0.384310
37 36 0.383416
37 16 0.408079
37 20 0.405500
37 38 0.390766
37 40 0.400576
37 34 0.418495
37 18 0.445026
38 0 0.227698
38 2 0.229915
38 9 0.208311
38 13 0.229116
38 3 0.256295
38 12 0.237405
38 1 0.278475
38 5 0.274490
38 10 0.255096
38 4 0.324577
38 8 0.307258
38 32 0.252784
38 29 0.269085
38 14 0.327059
38 11 0.333164
38 30 0.274630
38 28 0.283422
38 39 0.269101
38 31 0.293548
38 18 0.347525
38 33 0.316931
38 16 0.391308
38 15 0.398532
38 7 0.416250
38 6 0.423273
38 17 0.395478
38 20 0.373434
38 23 0.359854
38 35 0.343484
38 19 0.385947
38 22 0.381505
38 25 0.370272
38 26 0.369827
38 27 0.370410
38 24 0.375921
38 36 0.356217
38 38 0.350203
38 34 0.363181
38 40 0.354267
38 37 0.361611
38 41 0.357065
38 21 0.408554
38 42 0.364026
39 0 0.249436
39 5 0.263174
39 9 0.276914
39 3 0.284258
39 7 0.284894
39 11 0.287065
39 6 0.314163
39 10 0.313413
39 1 0.323078
39 8 0.320410
39 2 0.329686
39 12 0.336117
39 4 0.364782
39 17 0.413619
39 16 0.428403
39 15 0.500188
39 13 0.524475
39 24 0.527442
39 26 0.525002
39 25 0.528956
39 32 0.537118
39 23 0.586569
39 18 0.593898
39 38 0.583369
39 36 0.589327
39 42 0.597553
39 27 0.620400
39 14 0.663942
39 28 0.750040
39 39 0.736499
39 40 0.738201
39 30 0.751578
39 37 0.743887
39 20 0.764175
39 41 0.739777
39 29 0.757527
39 33 0.754031
39 22 0.784965
39 35 0.770764
39 21 0.879047
39 34 0.897800
39 31 0.965204
39 19 0.980752
40 0 0.201008
40 2 0.216661
40 3 0.221734
40 4 0.231191
40 6 0.237292
40 8 0.259659
40 1 0.295148
40 5 0.311378
40 13 0.299079
40 18 0.292734
40 10 0.304369
40 29 0.272054
40 12 0.309178
40 9 0.315450
40 11 0.314419
40 16 0.316145
40 26 0.293691
40 28 0.295231
40 14 0.331192
40 19 0.329051
40 37 0.292035
40 15 0.339796
40 24 0.316758
40 36 0.301260
40 32 0.306247
40 27 0.320951
40 25 0.329318
40 30 0.321069
40 7 0.368234
40 20 0.353147
40 22 0.344023
40 40 0.316977
40 31 0.332442
40 39 0.329162
40 34 0.337291
40 21 0.357559
40 17 0.375603
40 35 0.344559
40 23 0.363115
40 42 0.335832
40 33 0.348915
40 38 0.345709
40 41 0.341856
41 3 0.279754
41 0 0.287955
41 28 0.277314
41 12 0.304727
41 9 0.316341
41 11 0.330451
41 8 0.345652
41 7 0.348127
41 23 0.331387
41 26 0.330582
41 10 0.352614
41 13 0.354613
41 27 0.340001
41 25 0.345493
41 24 0.357422
41 2 0.380445
41 4 0.379135
41 15 0.380452
41 37 0.356332
41 1 0.414639
41 5 0.412926
41 17 0.406155
41 6 0.431616
41 22 0.420448
41 19 0.424772
41 18 0.426771
41 16 0.437086
41 14 0.439547
41 41 0.412528
41 21 0.449269
41 33 0.439922
41 39 0.431209
41 20 0.456793
41 36 0.438361
41 29 0.478789
41 40 0.464568
41 30 0.478342
41 32 0.476413
41 34 0.487118
41 38 0.486152
41 31 0.505241
41 35 0.502431
41 42 0.499437
42 0 0.208942
42 30 0.276292
42 9 0.316617
42 10 0.318744
42 2 0.331382
42 16 0.316887
42 7 0.337320
42 19 0.333171
42 3 0.351737
42 5 0.350439
42 27 0.322187
42 13 0.345802
42 11 0.349483
42 6 0.355749
42 12 0.350570
42 26 0.330541
42 8 0.358032
42 1 0.365549
42 25 0.337950
42 21 0.347427
42 34 0.333698
42 18 0.361968
42 17 0.363934
42 29 0.351636
42 24 0.359032
42 23 0.361789
42 20 0.366671
42 28 0.359178
42 37 0.347118
42 39 0.349910
42 35 0.356251
42 4 0.396818
42 14 0.394697
42 40 0.367802
42 31 0.385295
42 32 0.385089
42 41 0.377052
42 38 0.382888
42 36 0.385801
42 15 0.415920
42 33 0.398713
42 22 0.428265
42 42 0.400858
43 28 0.532724
43 27 0.536680
43 5 0.616738
43 7 0.628906
43 38 0.654119
43 11 0.680308
43 36 0.659107
43 6 0.698082
43 18 0.690334
43 1 0.708649
43 31 0.697599
43 24 0.714290
43 12 0.740386
43 39 0.717635
43 10 0.746936
43 9 0.756638
43 13 0.755393
43 33 0.738223
43 37 0.747055
43 23 0.762254
43 25 0.768513
43 42 0.763193
43 19 0.844626
43 14 0.882432
43 17 0.885515
43 0 0.911046
43 15 0.902340
43 26 0.904404
43 8 0.922569
43 32 0.901918
43 20 0.916183
43 3 0.952558
43 30 0.947394
43 40 0.940656
43 2 0.999589
43 4 0.998573
43 34 0.985178
43 29 0.990479
43 41 1.001052
43 16 1.029460
43 22 1.028591
43 35 1.052350
43 21 1.067842
44 0 0.206683
44 9 0.293762
44 10 0.316060
44 4 0.332292
44 8 0.339597
44 14 0.342352
44 11 0.354286
44 26 0.412841
44 13 0.428166
44 7 0.464448
44 18 0.462969
44 24 0.462143
44 2 0.490677
44 12 0.482232
44 3 0.493341
44 37 0.454372
44 23 0.478479
44 27 0.473658
44 25 0.476977
44 22 0.482446
44 1 0.533494
44 32 0.512263
44 33 0.518564
44 20 0.541124
44 5 0.568641
44 6 0.569097
44 38 0.543047
44 16 0.579449
44 28 0.565281
44 39 0.551417
44 29 0.565695
44 30 0.586743
44 15 0.606772
44 41 0.574421
44 35 0.601629
44 36 0.608408
44 31 0.616220
44 17 0.639879
44 40 0.609834
44 42 0.621803
44 19 0.653305
44 21 0.651578
44 34 0.655755
45 9 0.390150
45 8 0.688416
45 12 0.493852
45 0 0.785046
45 11 0.569994
45 3 0.794127
45 6 0.787126
45 10 0.647415
45 4 0.852439
45 2 0.902734
45 7 0.911593
45 14 0.662004
45 1 1.016047
45 26 0.356751
45 24 0.403418
45 20 0.573871
45 27 0.365298
45 19 0.629224
45 5 1.129316
45 29 0.373730
45 25 0.443696
45 16 0.731931
45 38 0.269482
45 18 0.659741
45 13 0.959591
45 28 0.432348
45 15 0.817630
45 22 0.636866
45 33 0.435029
45 30 0.448378
45 17 0.830565
45 40 0.400614
45 23 0.713492
45 31 0.536558
45 39 0.434017
45 21 0.808723
45 34 0.556945
45 37 0.522234
45 41 0.473880
45 35 0.599805
45 42 0.485286
45 32 0.621761
45 36 0.559457
46 6 0.287215
46 0 0.300926
46 4 0.313117
46 8 0.317938
46 9 0.337516
46 10 0.355264
46 5 0.360151
46 1 0.372035
46 2 0.372412
46 11 0.380789
46 3 0.402266
46 7 0.403381
46 12 0.412567
46 26 0.541338
46 37 0.575105
46 28 0.622505
46 35 0.623124
46 39 0.625743
46 24 0.659614
46 19 0.684727
46 14 0.698672
46 15 0.698332
46 25 0.693611
46 36 0.682017
46 41 0.676931
46 27 0.695244
46 20 0.726054
46 17 0.732074
46 13 0.756226
46 42 0.738243
46 31 0.750542
46 18 0.768238
46 29 0.760575
46 33 0.765574
46 16 0.832704
46 34 0.831395
46 32 0.841246
46 23 0.884495
46 22 0.898983
46 21 0.900941
46 40 0.890165
46 38 0.921117
46 30 1.021696
47 0 0.285321
47 4 0.298755
47 3 0.307626
47 7 0.325567
47 8 0.325045
47 26 0.308622
47 25 0.310425
47 38 0.295828
47 29 0.309443
47 12 0.340123
47 13 0.343162
47 28 0.336482
47 10 0.365046
47 27 0.364263
47 9 0.391773
47 11 0.393424
47 1 0.412143
47 20 0.403700
47 23 0.405090
47 19 0.413181
47 22 0.414422
47 30 0.405285
47 24 0.423599
47 41 0.417511
47 34 0.431670
47 36 0.434471
47 2 0.478298
47 21 0.458726
47 31 0.454692
47 35 0.453190
47 32 0.462324
47 42 0.455148
47 33 0.471438
47 6 0.511295
47 16 0.504917
47 15 0.509555
47 14 0.518168
47 39 0.485903
47 5 0.534732
47 37 0.498745
47 17 0.527749
47 18 0.555188
47 40 0.524612
48 3 0.354206
48 0 0.379071
48 1 0.421329
48 4 0.541612
48 9 0.547129
48 12 0.548267
48 28 0.564518
48 6 0.627098
48 2 0.639946
48 11 0.634930
48 10 0.642364
48 25 0.627960
48 13 0.644556
48 14 0.686328
48 7 0.716657
48 22 0.739522
48 17 0.761776
48 16 0.766545
48 21 0.762818
48 32 0.785338
48 8 0.823319
48 39 0.789718
48 27 0.834095
48 29 0.856810
48 33 0.869659
48 26 0.886694
48 30 0.884213
48 19 0.899011
48 35 0.883557
48 23 0.901002
48 38 0.908846
48 5 0.948135
48 40 0.912324
48 42 0.931168
48 18 1.033180
48 15 1.049821
48 31 1.032588
48 41 1.112669
48 24 1.139650
48 20 1.170249
48 36 1.155132
48 34 1.165250
48 37 1.242455
49 5 0.261164
49 13 0.334748
49 11 0.363106
49 7 0.374399
49 31 0.344777
49 9 0.374094
49 0 0.382353
49 27 0.354904
49 29 0.349132
49 3 0.392448
49 1 0.394596
49 8 0.394359
49 10 0.393948
49 26 0.382079
49 12 0.399930
49 28 0.395266
49 40 0.408037
49 30 0.428178
49 4 0.470672
49 2 0.477452
49 14 0.490720
49 17 0.491640
49 37 0.474691
49 15 0.508379
49 41 0.487945
49 6 0.537903
49 23 0.523549
49 36 0.504549
49 21 0.526902
49 25 0.530742
49 39 0.514974
49 18 0.544417
49 22 0.548031
49 34 0.530688
49 38 0.529351
49 33 0.540712
49 16 0.564809
49 19 0.572962
49 20 0.590534
49 35 0.569902
49 42 0.562145
49 32 0.585726
49 24 0.599398
50 9 0.272217
50 5 0.312218
50 11 0.323231
50 8 0.338059
50 1 0.354319
50 3 0.372768
50 12 0.372823
50 7 0.381374
50 4 0.388709
50 13 0.385810
50 10 0.440356
50 0 0.449517
50 2 0.461747
50 6 0.490123
50 29 0.515567
50 38 0.513063
50 26 0.528832
50 28 0.543652
50 27 0.575479
50 14 0.595739
50 32 0.740445
50 34 0.744242
50 30 0.752237
50 21 0.775019
50 19 0.795661
50 31 0.782644
50 18 0.799811
50 20 0.837885
50 24 0.835867
50 36 0.828429
50 40 0.831830
50 17 0.867339
50 42 0.859998
50 23 0.923004
50 15 0.948815
50 37 0.954143
50 22 1.010330
50 41 1.003925
50 33 1.016084
50 35 1.014210
50 16 1.052264
50 39 1.129948
50 25 1.150408
51 9 0.340401
51 27 0.319682
51 28 0.342340
51 24 0.353654
51 0 0.380351
51 37 0.344056
51 12 0.406903
51 25 0.403961
51 2 0.437950
51 5 0.436064
51 11 0.436669
51 29 0.418763
51 13 0.451921
51 26 0.447463
51 8 0.483482
51 4 0.506640
51 14 0.500743
51 3 0.518086
51 10 0.513320
51 7 0.520746
51 1 0.532473
51 6 0.550554
51 38 0.544640
51 15 0.613731
51 19 0.614741
51 20 0.621061
51 39 0.601297
51 21 0.630992
51 17 0.642443
51 30 0.625003
51 36 0.638045
51 32 0.650223
51 23 0.662804
51 35 0.660928
51 34 0.674930
51 16 0.703945
51 33 0.685119
51 31 0.689406
51 18 0.710816
51 41 0.683392
51 40 0.690704
51 22 0.720041
51 42 0.715346
52 0 0.274838
52 1 0.308987
52 11 0.313217
52 4 0.325563
52 25 0.360335
52 14 0.374560
52 12 0.382744
52 9 0.386535
52 13 0.386113
52 8 0.405919
52 27 0.383817
52 3 0.417137
52 29 0.388505
52 7 0.417569
52 5 0.435303
52 10 0.434073
52 38 0.422687
52 28 0.437093
52 26 0.440316
52 22 0.451763
52 19 0.457047
52 30 0.464973
52 21 0.473799
52 6 0.499296
52 23 0.480035
52 16 0.490336
52 34 0.478382
52 15 0.539708
52 37 0.512383
52 33 0.521063
52 32 0.530555
52 18 0.545960
52 42 0.521406
52 24 0.551905
52 2 0.577955
52 35 0.548001
52 17 0.569540
52 39 0.543304
52 36 0.553776
52 31 0.569456
52 20 0.595574
52 41 0.576435
52 40 0.583890
53 0 0.479637
53 8 0.586073
53 12 0.591103
53 2 0.614986
53 14 0.637386
53 10 0.695164
53 16 0.768371
53 29 0.761207
53 1 0.816705
53 20 0.828873
53 41 0.819146
53 4 0.861973
53 9 0.886512
53 13 0.883007
53 24 0.890467
53 15 0.939405
53 27 0.928821
53 33 0.926326
53 42 0.957009
53 26 0.987946
53 25 0.990482
53 5 1.014358
53 38 0.984568
53 11 1.051137
53 32 1.058684
53 18 1.076372
53 7 1.094904
53 34 1.099234
53 22 1.144174
53 23 1.149623
53 6 1.178554
53 36 1.148469
53 3 1.222508
53 28 1.198939
53 30 1.227220
53 40 1.218386
53 37 1.280104
53 31 1.290186
53 19 1.341301
53 17 1.387509
53 21 1.471653
53 39 1.491901
53 35 1.530648
54 0 0.366895
54 26 0.344489
54 25 0.350357
54 27 0.361238
54 14 0.379056
54 24 0.368178
54 12 0.393809
54 10 0.396128
54 3 0.409675
54 11 0.403810
54 13 0.432907
54 29 0.430451
54 9 0.458022
54 8 0.466786
54 38 0.442934
54 19 0.502497
54 4 0.521747
54 16 0.511905
54 5 0.522762
54 28 0.503319
54 2 0.533521
54 39 0.514535
54 22 0.552162
54 17 0.588011
54 41 0.561008
54 36 0.568721
54 7 0.605540
54 1 0.612010
54 20 0.598284
54 33 0.599225
54 42 0.589403
54 32 0.616124
54 40 0.616771
54 23 0.642203
54 34 0.627207
54 18 0.649912
54 35 0.638268
54 6 0.681390
54 15 0.676235
54 30 0.673776
54 31 0.682648
54 37 0.691790
54 21 0.716431
55 14 0.577809
55 25 0.576904
55 30 0.724380
55 1 0.769179
55 23 0.774675
55 18 0.901763
55 36 0.883235
55 8 0.919031
55 26 0.912558
55 10 0.936767
55 13 0.934723
55 7 0.940566
55 9 0.944027
55 39 0.923621
55 17 0.984320
55 12 1.057573
55 21 1.050934
55 32 1.115412
55 29 1.121265
55 28 1.123747
55 41 1.111000
55 22 1.132290
55 31 1.122190
55 27 1.127649
55 20 1.160256
55 2 1.177663
55 35 1.163600
55 16 1.195311
55 11 1.206932
55 38 1.183141
55 5 1.216680
55 40 1.184486
55 15 1.226195
55 4 1.245149
55 24 1.284834
55 0 1.311415
55 42 1.303687
55 6 1.352597
55 34 1.331740
55 3 1.365292
55 37 1.355555
55 19 1.402976
55 33 1.394311
56 8 0.222504
56 3 0.277466
56 5 0.279975
56 0 0.317137
56 10 0.212589
56 6 0.353796
56 1 0.369201
56 9 0.380784
56 7 0.396569
56 2 0.401309
56 11 0.287980
56 4 0.400199
56 29 0.264906
56 20 0.278519
56 13 0.305048
56 32 0.293436
56 33 0.291957
56 30 0.302847
56 12 0.337945
56 14 0.337826
56 28 0.326819
56 31 0.327396
56 38 0.332226
56 24 0.357674
56 25 0.359715
56 27 0.370724
56 17 0.399006
56 26 0.393271
56 15 0.410423
56 19 0.421516
56 34 0.436763
56 22 0.454077
56 23 0.457631
56 21 0.466387
56 37 0.458282
56 41 0.464393
56 40 0.476349
56 16 0.508021
56 39 0.484546
56 18 0.519105
56 42 0.494249
56 35 0.502002
56 36 0.506098
57 8 0.970353
57 14 0.964675
57 10 0.968559
57 11 0.995087
57 37 0.954540
57 3 1.019600
57 28 1.045193
57 26 1.055284
57 24 1.081522
57 36 1.079708
57 2 1.151287
57 13 1.140842
57 25 1.130737
57 9 1.146185
57 1 1.154035
57 12 1.171697
57 27 1.162245
57 0 1.189841
57 23 1.171086
57 31 1.181699
57 17 1.210347
57 4 1.227894
57 38 1.194498
57 41 1.104092
57 32 1.229510
57 7 1.265983
57 29 1.270998
57 16 1.292833
57 20 1.294630
57 34 1.294990
57 15 1.318655
57 5 1.342409
57 6 1.346721
57 21 1.333099
57 19 1.345079
57 30 1.342932
57 35 1.330746
57 18 1.364328
57 33 1.349706
57 22 1.361337
57 42 1.271244
57 40 1.306099
57 39 1.364738
58 9 0.641054
58 0 0.978245
58 10 0.964397
58 4 0.974319
58 5 1.016666
58 29 0.961527
58 32 0.802875
58 14 1.018003
58 6 1.048657
58 31 0.865667
58 28 1.026819
58 7 1.097555
58 13 1.103658
58 2 1.136982
58 27 1.157292
58 8 1.213079
58 11 1.234266
58 39 0.984278
58 12 1.278387
58 21 1.288421
58 3 1.378872
58 38 1.157287
58 30 1.272758
58 1 1.435754
58 33 1.242001
58 25 1.449097
58 19 1.473420
58 26 1.457155
58 22 1.483906
58 24 1.474629
58 20 1.511050
58 40 1.295680
58 16 1.581903
58 37 1.336990
58 36 1.343552
58 18 1.584612
58 35 1.363746
58 34 1.374460
58 15 1.618497
58 17 1.626710
58 41 1.327818
58 23 1.630888
58 42 1.279562
59 1 0.325366
59 28 0.332535
59 27 0.340768
59 11 0.364785
59 8 0.367783
59 0 0.401605
59 14 0.408162
59 3 0.422605
59 30 0.394914
59 29 0.408974
59 13 0.480376
59 2 0.523959
59 38 0.486625
59 5 0.528759
59 4 0.546299
59 31 0.524972
59 26 0.565686
59 12 0.582210
59 10 0.588883
59 16 0.610660
59 36 0.589074
59 9 0.648154
59 17 0.647103
59 18 0.646848
59 33 0.637084
59 23 0.664789
59 35 0.680903
59 37 0.704562
59 25 0.725812
59 39 0.720453
59 20 0.754325
59 6 0.774025
59 24 0.755735
59 15 0.782462
59 22 0.789335
59 19 0.803402
59 40 0.785859
59 32 0.802465
59 41 0.796629
59 7 0.843308
59 34 0.826262
59 21 0.882404
59 42 0.866454
60 5 0.699778
60 0 0.789438
60 2 0.765105
60 1 0.770593
60 8 0.661673
60 11 0.611598
60 3 0.832709
60 13 0.590446
60 9 0.730922
60 12 0.631983
60 10 0.704441
60 14 0.576373
60 4 0.986723
60 7 1.008801
60 6 1.135422
60 25 0.382018
60 29 0.379063
60 39 0.308065
60 26 0.433430
60 15 0.896361
60 30 0.409808
60 27 0.453747
60 17 0.821525
60 28 0.449989
60 16 0.890188
60 33 0.495574
60 32 0.513683
60 41 0.435116
60 35 0.517405
60 40 0.486051
60 19 0.700368
60 21 0.723397
60 23 0.720556
60 36 0.585740
60 22 0.733445
60 20 0.772694
60 18 0.875883
60 38 0.611887
60 34 0.687203
60 24 0.747690
60 37 0.677019
60 31 0.728270
60 42 0.649457
61 10 0.357930
61 13 0.381277
61 14 0.387433
61 11 0.393154
61 9 0.400236
61 8 0.431362
61 27 0.458049
61 1 0.554061
61 12 0.582419
61 2 0.603121
61 5 0.631527
61 0 0.695063
61 30 0.663206
61 19 0.693574
61 15 0.699952
61 38 0.673023
61 24 0.697777
61 7 0.720035
61 3 0.727992
61 26 0.719532
61 23 0.744456
61 4 0.777481
61 18 0.808660
61 32 0.798928
61 17 0.825422
61 36 0.802312
61 28 0.923428
61 22 0.946282
61 20 0.977830
61 31 0.972867
61 40 0.978685
61 6 1.023066
61 21 1.025501
61 29 1.156519
61 16 1.189443
61 42 1.157067
61 35 1.213013
61 37 1.223036
61 34 1.246645
61 41 1.314153
61 33 1.390030
61 25 1.441353
61 39 1.444447
62 5 0.303133
62 4 0.338218
62 1 0.353874
62 28 0.359767
62 8 0.382278
62 23 0.389136
62 0 0.416814
62 10 0.409226
62 38 0.378335
62 3 0.440305
62 12 0.468867
62 25 0.476674
62 14 0.488168
62 26 0.487409
62 24 0.490473
62 13 0.503200
62 7 0.527302
62 27 0.512096
62 9 0.533311
62 11 0.537589
62 18 0.571396
62 34 0.565857
62 39 0.558611
62 2 0.611920
62 19 0.615087
62 31 0.604953
62 20 0.667312
62 15 0.682062
62 16 0.697520
62 29 0.710643
62 35 0.716560
62 30 0.725933
62 32 0.733777
62 37 0.747724
62 22 0.772389
62 36 0.756462
62 6 0.793923
62 33 0.766002
62 40 0.756727
62 42 0.754134
62 17 0.802232
62 41 0.791203
62 21 0.823047
63 9 0.339293
63 30 0.346173
63 13 0.383338
63 28 0.375872
63 29 0.386925
63 4 0.419522
63 8 0.418600
63 32 0.413598
63 11 0.443138
63 0 0.463241
63 12 0.449924
63 39 0.421127
63 3 0.483002
63 2 0.497803
63 10 0.505282
63 31 0.483028
63 14 0.506544
63 27 0.493209
63 7 0.531731
63 1 0.558722
63 6 0.578168
63 5 0.587495
63 16 0.609331
63 33 0.591084
63 24 0.620647
63 15 0.637883
63 38 0.611412
63 26 0.635589
63 21 0.654056
63 41 0.639405
63 17 0.671797
63 40 0.648534
63 34 0.660860
63 35 0.660830
63 36 0.672176
63 42 0.667274
63 25 0.694615
63 18 0.710190
63 22 0.704834
63 19 0.716464
63 37 0.716263
63 23 0.737320
63 20 0.747335
64 11 0.348412
64 10 0.353970
64 12 0.352935
64 8 0.361331
64 13 0.374094
64 7 0.386014
64 9 0.390079
64 4 0.423467
64 2 0.678612
64 0 0.680868
64 3 0.678863
64 5 0.677362
64 21 0.684139
64 16 0.711750
64 1 0.731382
64 31 0.699724
64 18 0.718765
64 14 0.723250
64 15 0.723337
64 6 0.735282
64 32 0.722912
64 26 0.885150
64 19 0.940507
64 33 0.922310
64 22 0.947476
64 28 0.946213
64 36 0.940351
64 25 0.982519
64 30 1.064295
64 29 1.096804
64 27 1.116601
64 17 1.147741
64 23 1.148648
64 40 1.152819
64 39 1.162681
64 35 1.211236
64 41 1.272147
64 38 1.287042
64 42 1.282617
64 20 1.315264
64 24 1.309661
64 34 1.474021
64 37 1.613606
65 6 0.409463
65 9 0.407732
65 7 0.417406
65 28 0.394410
65 26 0.399116
65 10 0.426133
65 24 0.411086
65 0 0.436734
65 23 0.428844
65 3 0.450422
65 37 0.535986
65 22 0.558018
65 12 0.570433
65 35 0.543198
65 36 0.542274
65 17 0.567936
65 11 0.574870
65 27 0.555357
65 42 0.538559
65 20 0.566063
65 4 0.583250
65 25 0.561735
65 5 0.583692
65 1 0.588239
65 8 0.582411
65 40 0.570253
65 31 0.583149
65 38 0.581605
65 19 0.611992
65 21 0.618002
65 18 0.622490
65 33 0.605490
65 14 0.636048
65 2 0.666601
65 16 0.672933
65 34 0.651535
65 30 0.657966
65 29 0.659158
65 41 0.657493
65 39 0.666494
65 15 0.716893
65 13 0.742391
65 32 0.721393
66 1 0.447098
66 11 0.325072
66 8 0.543946
66 2 0.667845
66 9 0.627013
66 14 0.465531
66 0 0.763783
66 4 0.809037
66 3 1.048149
66 13 0.789468
66 10 0.851047
66 7 0.979353
66 12 0.797632
66 6 0.989754
66 15 0.783042
66 19 0.697617
66 30 0.458531
66 27 0.476489
66 16 0.941903
66 28 0.506160
66 5 1.309501
66 21 0.877335
66 18 0.918437
66 29 0.590278
66 25 0.728675
66 22 0.813923
66 26 0.726037
66 17 1.099996
66 20 1.084560
66 38 0.479347
66 33 0.740512
66 31 0.782648
66 32 0.776231
66 23 0.989471
66 34 0.844202
66 24 1.026752
66 37 0.665976
66 39 0.625111
66 41 0.625009
66 35 0.833988
66 42 0.673191
66 36 0.764298
66 40 0.725256
67 8 0.436055
67 12 0.454015
67 27 0.439276
67 26 0.459183
67 0 0.501078
67 25 0.476390
67 14 0.495883
67 5 0.536058
67 28 0.518935
67 36 0.510371
67 13 0.544050
67 24 0.539790
67 9 0.556137
67 10 0.564107
67 11 0.589650
67 3 0.649913
67 29 0.659477
67 2 0.711535
67 1 0.718342
67 34 0.689272
67 15 0.723867
67 40 0.709373
67 20 0.753505
67 19 0.768650
67 33 0.790891
67 21 0.818046
67 32 0.801007
67 16 0.827428
67 22 0.834166
67 7 0.856481
67 41 0.830007
67 4 0.901355
67 18 0.894720
67 37 0.883668
67 6 0.930740
67 30 0.911309
67 31 0.938359
67 17 0.995127
67 42 0.963592
67 39 0.976145
67 38 0.984894
67 35 0.997127
67 23 1.039433
68 8 0.448524
68 13 0.447935
68 10 0.471041
68 9 0.483933
68 7 0.492866
68 28 0.481964
68 30 0.480054
68 29 0.501388
68 37 0.508431
68 12 0.547902
68 27 0.531254
68 11 0.552979
68 26 0.537453
68 19 0.552034
68 32 0.539649
68 2 0.583983
68 25 0.560103
68 23 0.564969
68 1 0.592148
68 31 0.563889
68 4 0.609866
68 5 0.616252
68 17 0.621650
68 21 0.624125
68 6 0.645259
68 36 0.613179
68 0 0.665663
68 24 0.644842
68 42 0.621683
68 3 0.681173
68 14 0.676658
68 33 0.657078
68 16 0.689839
68 20 0.692153
68 15 0.706825
68 22 0.704064
68 34 0.698575
68 18 0.726934
68 39 0.704740
68 40 0.711936
68 38 0.765441
68 41 0.787425
68 35 0.810454
69 7 0.533396
69 8 0.556359
69 11 0.565439
69 10 0.579810
69 5 0.662967
69 1 0.708743
69 9 0.634667
69 3 0.757184
69 17 0.595458
69 2 0.798013
69 14 0.684456
69 4 0.815247
69 0 0.886598
69 12 0.856244
69 13 0.834823
69 6 0.957481
69 19 0.796586
69 25 0.708768
69 15 1.028707
69 26 0.790368
69 27 0.638336
69 23 0.880540
69 30 0.682352
69 28 0.710944
69 16 1.119685
69 29 0.694336
69 34 0.670616
69 37 0.604918
69 20 1.089118
69 41 0.615054
69 40 0.636676
69 36 0.675876
69 18 1.199964
69 35 0.685416
69 38 0.684837
69 22 1.045221
69 33 0.797931
69 24 1.073364
69 39 0.706495
69 32 0.833117
69 31 0.889920
69 21 1.157497
69 42 0.761440
70 24 0.389181
70 13 0.409483
70 27 0.403458
70 12 0.440081
70 28 0.427418
70 25 0.435548
70 11 0.451837
70 14 0.459053
70 8 0.476183
70 9 0.497549
70 10 0.508761
70 29 0.529342
70 0 0.671218
70 26 0.656799
70 4 0.787781
70 2 0.790043
70 18 0.776172
70 5 0.788440
70 6 0.788072
70 39 0.754850
70 20 0.817439
70 7 0.890534
70 16 0.882983
70 3 0.895221
70 15 0.884622
70 17 0.883571
70 23 0.933174
70 22 0.935751
70 21 0.937664
70 1 1.045317
70 35 1.008442
70 30 1.072879
70 33 1.078902
70 19 1.164144
70 37 1.206991
70 38 1.262428
70 32 1.313207
70 31 1.315012
70 41 1.311066
70 42 1.331970
70 34 1.413391
70 40 1.419018
70 36 1.623043
71 25 0.389389
71 9 0.427822
71 11 0.454813
71 28 0.444578
71 7 0.546878
71 8 0.548955
71 6 0.554899
71 29 0.528894
71 27 0.545047
71 0 0.578108
71 3 0.607590
71 10 0.601119
71 24 0.583999
71 12 0.617205
71 26 0.611375
71 16 0.629773
71 37 0.601801
71 1 0.661090
71 32 0.656284
71 40 0.652119
71 2 0.727274
71 13 0.719874
71 5 0.732594
71 4 0.796286
71 18 0.792407
71 15 0.830383
71 19 0.841245
71 17 0.849573
71 30 0.852257
71 20 0.873672
71 42 0.855880
71 33 0.875410
71 35 0.877514
71 14 0.907582
71 21 0.908259
71 38 0.887158
71 41 0.888922
71 36 0.902872
71 31 0.915920
71 23 0.928122
71 34 0.930107
71 39 0.927791
71 22 0.956006
72 2 0.495297
72 0 0.564450
72 10 0.550951
72 5 0.659648
72 8 0.663221
72 14 0.518242
72 9 0.689724
72 11 0.657977
72 12 0.660656
72 13 0.655539
72 3 0.869326
72 1 0.946086
72 7 0.833543
72 16 0.643118
72 17 0.627264
72 24 0.344943
72 4 1.001524
72 22 0.518834
72 18 0.722476
72 6 1.022689
72 28 0.338101
72 25 0.429240
72 20 0.680922
72 21 0.685796
72 26 0.466852
72 15 0.881781
72 27 0.461300
72 23 0.686225
72 38 0.339863
72 29 0.530658
72 19 0.848130
72 31 0.481629
72 34 0.482066
72 41 0.441584
72 37 0.550888
72 36 0.567441
72 42 0.517971
72 33 0.595072
72 40 0.558715
72 30 0.721848
72 39 0.562647
72 32 0.625211
72 35 0.646225
73 27 0.435838
73 13 0.495760
73 8 0.505883
73 25 0.501401
73 26 0.511768
73 9 0.556174
73 10 0.594460
73 14 0.595309
73 11 0.598419
73 23 0.588227
73 37 0.605034
73 24 0.638096
73 28 0.644674
73 35 0.660464
73 12 0.691467
73 42 0.704670
73 3 0.764308
73 38 0.764418
73 0 0.829146
73 1 0.828520
73 5 0.879475
73 20 0.865602
73 40 0.839188
73 4 0.889161
73 7 0.900130
73 31 0.894579
73 33 0.892416
73 16 0.916482
73 30 0.902618
73 2 0.941442
73 18 0.929959
73 34 0.923564
73 17 0.950672
73 21 0.951674
73 19 0.956447
73 36 0.947435
73 39 1.007299
73 29 1.033476
73 6 1.066066
73 22 1.090852
73 41 1.098741
73 32 1.129222
73 15 1.195412
74 10 0.438240
74 7 0.447958
74 30 0.423044
74 8 0.448141
74 26 0.463645
74 12 0.498190
74 11 0.532865
74 13 0.549219
74 25 0.562738
74 38 0.546475
74 9 0.593838
74 27 0.582232
74 17 0.628429
74 29 0.624560
74 28 0.626568
74 37 0.620602
74 32 0.640540
74 18 0.679485
74 2 0.714652
74 0 0.722229
74 15 0.708577
74 3 0.732189
74 4 0.738129
74 6 0.750782
74 24 0.738008
74 42 0.720966
74 21 0.754586
74 22 0.763022
74 39 0.750101
74 14 0.788031
74 36 0.780069
74 20 0.806418
74 31 0.794021
74 23 0.810602
74 34 0.806555
74 5 0.840177
74 16 0.829973
74 35 0.813467
74 40 0.816638
74 19 0.851131
74 1 0.868880
74 33 0.840900
74 41 0.830630
75 9 0.425402
75 10 0.467210
75 12 0.474239
75 24 0.461940
75 14 0.502639
75 13 0.509880
75 11 0.513404
75 25 0.515267
75 37 0.560142
75 5 0.620486
75 28 0.603357
75 26 0.611493
75 27 0.620743
75 29 0.679966
75 0 0.724639
75 8 0.748517
75 3 0.761310
75 17 0.874514
75 34 0.879544
75 18 0.915144
75 42 0.882386
75 21 0.912984
75 1 0.940564
75 20 0.938857
75 30 0.966668
75 19 0.996208
75 15 1.005659
75 6 1.016421
75 16 1.007466
75 2 1.028452
75 31 1.000230
75 38 0.991594
75 40 0.997826
75 7 1.050233
75 39 1.026112
75 35 1.046423
75 33 1.087010
75 22 1.110792
75 32 1.101878
75 36 1.102537
75 4 1.142256
75 41 1.123120
75 23 1.154417
76 11 0.861025
76 28 0.971935
76 23 1.276391
76 38 1.358111
76 9 1.505538
76 1 1.551978
76 24 1.527262
76 12 1.542430
76 8 1.548194
76 10 1.559968
76 26 1.551745
76 14 1.575129
76 15 1.672923
76 3 1.703155
76 13 1.691516
76 20 1.699165
76 16 1.720808
76 27 1.708251
76 25 1.842364
76 4 1.906469
76 17 1.905118
76 33 1.929968
76 22 2.023852
76 6 2.052289
76 5 2.055664
76 41 2.018037
76 0 2.111697
76 19 2.098690
76 34 2.125283
76 7 2.164732
76 37 2.162029
76 35 2.213292
76 18 2.233307
76 31 2.236286
76 2 2.279681
76 40 2.248558
76 32 2.278751
76 29 2.283562
76 30 2.300635
76 36 2.307404
76 42 2.330382
76 39 2.341572
76 21 2.385835
77 37 0.499776
77 27 0.569581
77 13 0.616565
77 25 0.628188
77 11 0.689385
77 9 0.710786
77 7 0.744121
77 26 0.726096
77 12 0.772361
77 23 0.778717
77 2 0.846898
77 32 0.832196
77 28 0.840736
77 8 0.865536
77 38 0.851959
77 30 0.934528
77 24 0.941472
77 10 0.958778
77 5 0.975567
77 35 0.965567
77 21 0.992477
77 18 1.008373
77 1 1.028670
77 29 1.005920
77 6 1.047612
77 3 1.097206
77 31 1.069394
77 19 1.101960
77 33 1.095059
77 15 1.144741
77 39 1.137528
77 40 1.140399
77 20 1.170135
77 14 1.226497
77 0 1.247551
77 41 1.210005
77 17 1.248761
77 22 1.247122
77 36 1.248594
77 42 1.263667
77 34 1.363186
77 16 1.415044
77 4 1.427504
78 13 0.421167
78 9 0.437809
78 10 0.461056
78 28 0.446978
78 8 0.481483
78 3 0.496619
78 19 0.481039
78 39 0.470954
78 30 0.510454
78 11 0.546873
78 29 0.523824
78 14 0.563358
78 21 0.566407
78 27 0.578640
78 31 0.661325
78 26 0.679207
78 5 0.717842
78 32 0.691102
78 0 0.756975
78 23 0.741078
78 16 0.824285
78 1 0.847602
78 12 0.856988
78 33 0.837352
78 24 0.860612
78 38 0.849032
78 2 0.922758
78 18 0.947425
78 25 0.946511
78 22 0.965869
78 20 0.979785
78 17 1.003224
78 36 1.025666
78 42 1.026801
78 34 1.047440
78 6 1.104912
78 41 1.069213
78 15 1.123475
78 35 1.120980
78 40 1.123400
78 37 1.138954
78 7 1.199336
78 4 1.235307
79 10 1.041362
79 38 1.180089
79 29 1.226526
79 25 1.324670
79 39 1.330098
79 9 1.385236
79 27 1.378687
79 7 1.417141
79 24 1.418471
79 21 1.434206
79 13 1.441840
79 12 1.444551
79 11 1.508684
79 5 1.598566
79 8 1.600331
79 26 1.590213
79 28 1.588438
79 6 1.619310
79 30 1.599350
79 23 1.621268
79 17 1.663089
79 19 1.667384
79 2 1.729361
79 20 1.713327
79 1 1.742120
79 32 1.727095
79 31 1.768557
79 14 1.793988
79 34 1.791229
79 18 1.806812
79 41 1.795987
79 15 1.828426
79 33 1.838375
79 3 1.872343
79 35 1.848900
79 4 1.884778
79 37 1.858147
79 0 1.913283
79 36 1.905818
79 42 1.906593
79 40 1.913945
79 22 1.982881
79 16 1.988402
80 25 0.551922
80 10 0.589070
80 26 0.571713
80 14 0.592561
80 12 0.602454
80 11 0.641046
80 8 0.644454
80 13 0.640834
80 9 0.645562
80 27 0.640955
80 28 0.690697
80 4 0.874397
80 3 0.963194
80 1 1.026145
80 18 1.062081
80 22 1.086634
80 7 1.257689
80 39 1.211402
80 5 1.260711
80 21 1.244813
80 17 1.251051
80 23 1.243148
80 2 1.265939
80 19 1.250878
80 24 1.270087
80 16 1.299616
80 20 1.323811
80 15 1.392694
80 6 1.471085
80 30 1.479136
80 29 1.525748
80 0 1.598969
80 40 1.701760
80 41 1.846200
80 35 1.889019
80 34 2.078451
80 38 2.084897
80 42 2.122337
80 32 2.152325
80 33 2.152182
80 31 2.168922
80 36 2.162694
80 37 2.184357
81 9 0.452632
81 25 0.442935
81 11 0.486790
81 8 0.566785
81 3 0.571847
81 28 0.550083
81 12 0.570208
81 7 0.588245
81 26 0.567499
81 27 0.573574
81 10 0.594711
81 13 0.643868
81 38 0.642524
81 24 0.660595
81 29 0.670940
81 5 0.787016
81 0 0.831574
81 1 0.859176
81 41 0.860505
81 17 1.003049
81 6 1.028524
81 16 1.019749
81 33 1.035554
81 21 1.062494
81 39 1.057668
81 20 1.101558
81 32 1.087156
81 42 1.076146
81 4 1.119955
81 22 1.129641
81 31 1.120198
81 37 1.121470
81 15 1.153998
81 14 1.175005
81 2 1.198669
81 40 1.169430
81 23 1.228853
81 34 1.275926
81 18 1.326120
81 36 1.343786
81 30 1.361435
81 35 1.460807
81 19 1.591300
82 14 0.582243
82 27 0.578188
82 10 0.599886
82 40 0.559629
82 0 0.635422
82 8 0.638253
82 29 0.622663
82 12 0.646050
82 28 0.627827
82 31 0.725299
82 3 0.770876
82 9 0.779151
82 11 0.784049
82 30 0.761758
82 26 0.786151
82 13 0.845260
82 34 0.900416
82 4 0.960032
82 41 0.918351
82 5 0.974502
82 1 1.009131
82 2 1.027079
82 6 1.030013
82 42 0.999542
82 20 1.041833
82 32 1.045466
82 21 1.093313
82 23 1.098234
82 25 1.097160
82 7 1.147099
82 18 1.147134
82 19 1.260287
82 16 1.264276
82 22 1.258940
82 38 1.234288
82 33 1.245620
82 36 1.239240
82 37 1.238847
82 35 1.243150
82 39 1.243251
82 24 1.307268
82 17 1.323885
82 15 1.374400
83 8 0.383097
83 11 0.487211
83 9 0.507025
83 10 0.516273
83 13 0.602497
83 26 0.605161
83 29 0.609079
83 3 0.640423
83 27 0.645308
83 7 0.705764
83 28 0.690940
83 25 0.695544
83 38 0.694981
83 0 0.750599
83 12 0.741468
83 5 0.752264
83 18 0.802851
83 30 0.795871
83 1 0.839424
83 35 0.800722
83 2 0.841132
83 16 0.836848
83 6 0.885679
83 17 0.889431
83 37 0.871542
83 4 0.925855
83 15 0.921735
83 33 0.915564
83 40 0.916339
83 14 0.951029
83 31 0.937346
83 22 0.977228
83 36 0.966627
83 24 1.009093
83 41 0.986437
83 42 1.020578
83 23 1.070716
83 34 1.066022
83 32 1.079168
83 39 1.080922
83 19 1.123890
83 21 1.143373
83 20 1.189349
84 5 0.487998
84 6 0.800718
84 9 0.650941
84 2 0.968958
84 8 0.731099
84 10 0.712367
84 7 0.873265
84 4 0.998604
84 11 0.841561
84 1 1.256396
84 0 1.411583
84 12 1.151921
84 23 0.639905
84 22 0.659727
84 3 1.388566
84 25 0.740014
84 26 0.793582
84 14 1.163961
84 36 0.653203
84 24 0.870091
84 18 0.992117
84 16 1.162733
84 27 0.859328
84 17 1.216782
84 20 1.043775
84 21 1.062646
84 19 1.132149
84 15 1.369916
84 13 1.481609
84 39 0.903943
84 32 0.989095
84 40 0.897243
84 33 0.995091
84 30 1.056217
84 34 1.056098
84 28 1.134625
84 37 1.034023
84 38 1.039143
84 41 1.013682
84 35 1.083769
84 42 1.005756
84 31 1.156398
84 29 1.269123
85 8 0.850782
85 14 0.913632
85 12 0.930426
85 6 1.028772
85 28 1.070024
85 27 1.134685
85 9 1.161194
85 15 1.189246
85 3 1.277038
85 16 1.292241
85 20 1.314475
85 36 1.365188
85 39 1.390045
85 22 1.407145
85 31 1.399006
85 0 1.481516
85 26 1.465060
85 35 1.458031
85 30 1.511461
85 13 1.572963
85 19 1.567779
85 10 1.576839
85 41 1.548362
85 18 1.690209
85 29 1.707151
85 11 1.726062
85 17 1.776649
85 23 1.797741
85 32 1.843732
85 7 1.890792
85 4 1.921490
85 25 1.917857
85 42 1.915468
85 24 1.944491
85 40 1.930672
85 1 1.979738
85 21 1.980671
85 38 2.007383
85 34 2.018852
85 5 2.056803
85 2 2.131342
85 33 2.241220
85 37 2.275333
86 30 0.451975
86 9 0.502096
86 13 0.618534
86 11 0.620999
86 7 0.625328
86 10 0.623387
86 27 0.631153
86 28 0.631517
86 8 0.654314
86 26 0.646695
86 29 0.643653
86 39 0.680175
86 31 0.751795
86 12 0.803936
86 33 1.052051
86 32 1.083916
86 41 1.071255
86 2 1.119937
86 19 1.109678
86 5 1.140009
86 1 1.144177
86 25 1.137470
86 40 1.126538
86 34 1.151663
86 14 1.178252
86 0 1.203308
86 15 1.194469
86 18 1.211177
86 24 1.205451
86 35 1.203740
86 42 1.192598
86 16 1.246583
86 17 1.286076
86 20 1.295379
86 3 1.349238
86 6 1.415789
86 38 1.411248
86 22 1.513840
86 4 1.565332
86 23 1.603461
86 37 1.603897
86 21 1.639891
86 36 1.645524
87 9 0.545190
87 29 0.526657
87 8 0.574734
87 25 0.555214
87 13 0.578521
87 14 0.586380
87 12 0.592654
87 37 0.563471
87 27 0.603319
87 30 0.622583
87 26 0.628557
87 11 0.702579
87 10 0.704093
87 28 0.713343
87 19 0.875432
87 31 0.893894
87 22 0.911693
87 35 0.914343
87 1 0.968520
87 6 0.965318
87 23 0.942759
87 36 0.936353
87 15 0.978815
87 2 0.996569
87 24 0.966878
87 39 0.967406
87 0 1.047908
87 5 1.051072
87 38 0.997833
87 17 1.053837
87 33 1.025804
87 3 1.082133
87 21 1.066108
87 18 1.135830
87 41 1.103883
87 16 1.153600
87 34 1.135238
87 40 1.141025
87 32 1.156065
87 4 1.203693
87 7 1.206775
87 20 1.244634
87 42 1.209966
88 8 0.857256
88 4 1.067794
88 2 1.176549
88 10 0.990158
88 0 1.321925
88 14 0.995293
88 9 1.409298
88 12 1.265656
88 11 1.350087
88 13 1.232342
88 5 1.596838
88 27 0.581131
88 26 0.674650
88 25 0.693760
88 28 0.684805
88 3 1.854438
88 16 1.428358
88 24 0.928163
88 29 0.719754
88 6 1.938703
88 1 2.004985
88 17 1.472395
88 38 0.494185
88 7 2.029868
88 18 1.576725
88 15 1.726105
88 20 1.511000
88 22 1.459533
88 23 1.499914
88 34 1.046458
88 21 1.643777
88 19 1.898621
88 32 1.236263
88 37 0.925412
88 31 1.349396
88 35 1.181977
88 42 0.974328
88 30 1.397101
88 36 1.222543
88 33 1.418278
88 39 1.151938
88 40 1.139211
88 41 1.119840
89 38 0.579032
89 27 0.608966
89 26 0.632408
89 9 0.710393
89 14 0.711406
89 12 0.742309
89 29 0.730691
89 0 0.856447
89 8 0.857125
89 30 0.888180
89 25 0.905860
89 11 0.957467
89 13 0.982531
89 1 1.008712
89 28 1.015398
89 10 1.048346
89 3 1.124852
89 2 1.321530
89 35 1.322189
89 41 1.323523
89 6 1.385180
89 5 1.387301
89 31 1.374836
89 4 1.411156
89 21 1.441075
89 39 1.442863
89 22 1.462507
89 20 1.478488
89 7 1.501514
89 17 1.527050
89 23 1.563232
89 15 1.584328
89 33 1.597057
89 18 1.618680
89 19 1.626352
89 40 1.612981
89 32 1.624850
89 36 1.636610
89 37 1.709956
89 42 1.731020
89 16 1.786773
89 24 1.799511
89 34 1.799878
90 11 0.490260
90 9 0.503801
90 29 0.490628
90 12 0.548280
90 27 0.528937
90 28 0.673791
90 10 0.711725
90 6 0.716223
90 38 0.670860
90 8 0.715178
90 2 0.721777
90 25 0.697595
90 7 0.722324
90 26 0.723817
90 24 0.757987
90 15 0.810688
90 0 0.847177
90 3 0.866828
90 17 0.884418
90 37 0.873416
90 41 0.878043
90 13 0.951274
90 5 0.987109
90 34 0.953933
90 1 1.006970
90 35 0.972371
90 39 0.972661
90 32 0.996694
90 22 1.036679
90 4 1.095355
90 23 1.081919
90 40 1.065699
90 21 1.097086
90 18 1.102559
90 14 1.118686
90 20 1.121814
90 33 1.111940
90 16 1.139697
90 19 1.146072
90 31 1.136522
90 42 1.148945
90 30 1.187716
90 36 1.196678
91 25 0.505131
91 9 0.535255
91 12 0.572100
91 13 0.591405
91 27 0.595844
91 26 0.598000
91 11 0.617844
91 29 0.597145
91 28 0.605070
91 8 0.654701
91 14 0.650920
91 10 0.727474
91 3 0.848241
91 5 0.889818
91 1 0.936431
91 19 0.997885
91 23 1.005182
91 24 1.094805
91 16 1.114694
91 31 1.125002
91 18 1.143286
91 0 1.229080
91 15 1.223101
91 21 1.244865
91 30 1.251919
91 2 1.305764
91 38 1.263873
91 7 1.303712
91 20 1.357071
91 22 1.355172
91 4 1.455884
91 34 1.422315
91 17 1.538184
91 33 1.535610
91 32 1.589227
91 41 1.584011
91 35 1.890266
91 6 1.945925
91 42 1.930188
91 40 1.989231
91 37 2.002993
91 36 2.131373
91 39 2.221421
92 9 0.446443
92 10 0.648177
92 29 0.817286
92 12 0.894466
92 2 0.904512
92 19 0.887708
92 8 0.900126
92 28 0.871169
92 25 0.877047
92 11 0.899123
92 27 0.922330
92 26 0.964119
92 13 0.986338
92 38 0.945259
92 3 1.018932
92 18 1.004781
92 30 1.029388
92 14 1.057313
92 0 1.156612
92 5 1.207427
92 34 1.170725
92 36 1.235862
92 35 1.252112
92 6 1.296564
92 4 1.349213
92 7 1.347501
92 21 1.380474
92 16 1.402551
92 1 1.451436
92 41 1.405001
92 39 1.436862
92 42 1.432124
92 33 1.482262
92 20 1.519881
92 15 1.527717
92 24 1.545229
92 32 1.586986
92 40 1.587777
92 37 1.611544
92 22 1.691626
92 23 1.724142
92 17 1.856162
92 31 1.844891
93 19 0.602101
93 27 0.633739
93 13 0.654173
93 10 0.693661
93 17 0.721872
93 12 0.740775
93 7 0.819791
93 25 0.799131
93 9 0.854121
93 11 0.871277
93 39 0.831025
93 8 1.020519
93 29 0.993707
93 26 1.000649
93 28 0.997827
93 24 1.004568
93 0 1.244879
93 18 1.239879
93 6 1.290764
93 4 1.319439
93 2 1.361819
93 15 1.429842
93 5 1.462197
93 31 1.441783
93 36 1.449159
93 40 1.458685
93 32 1.492066
93 42 1.487575
93 14 1.555325
93 1 1.580832
93 3 1.591405
93 41 1.557503
93 35 1.601540
93 33 1.630655
93 23 1.689358
93 30 1.699627
93 21 1.795464
93 38 1.782817
93 34 1.807126
93 37 1.823800
93 16 1.918825
93 22 1.950556
93 20 1.967767
94 39 0.644143
94 27 0.852487
94 13 0.885451
94 32 0.858365
94 26 0.898124
94 14 0.939620
94 3 0.963455
94 40 0.913571
94 12 1.014271
94 8 1.030760
94 28 1.021225
94 0 1.055433
94 10 1.046835
94 34 1.072407
94 9 1.121688
94 29 1.095710
94 5 1.141577
94 30 1.139344
94 11 1.182034
94 21 1.224896
94 36 1.233653
94 19 1.303528
94 24 1.308793
94 1 1.370073
94 31 1.355170
94 41 1.363739
94 7 1.434930
94 33 1.411451
94 42 1.415301
94 22 1.555721
94 25 1.564492
94 15 1.582244
94 18 1.594171
94 16 1.742489
94 20 1.739576
94 6 1.755163
94 2 1.760490
94 38 1.712013
94 23 1.738055
94 4 1.817393
94 35 1.776667
94 37 1.803059
94 17 1.891174
95 29 0.852640
95 14 0.885392
95 5 0.895400
95 9 0.904114
95 13 0.903797
95 28 0.898966
95 12 0.972563
95 8 1.018179
95 11 1.024348
95 31 0.995287
95 0 1.048820
95 38 0.999213
95 3 1.057349
95 30 1.021756
95 10 1.072507
95 4 1.141033
95 27 1.154890
95 20 1.277248
95 7 1.304064
95 32 1.269049
95 16 1.353884
95 6 1.393609
95 35 1.381286
95 41 1.404164
95 42 1.422441
95 1 1.495027
95 24 1.486714
95 37 1.494617
95 15 1.583576
95 34 1.554180
95 22 1.582210
95 40 1.554806
95 2 1.628848
95 18 1.621604
95 39 1.599892
95 19 1.631504
95 17 1.657136
95 23 1.649262
95 25 1.647093
95 26 1.658190
95 21 1.666675
95 36 1.653499
95 33 1.740769
96 12 0.960209
96 11 1.347539
96 24 1.459912
96 13 1.497455
96 28 1.477134
96 23 1.494277
96 40 1.454399
96 35 1.532782
96 22 1.592605
96 7 1.618895
96 25 1.604211
96 37 1.576028
96 27 1.605803
96 5 1.634682
96 9 1.654588
96 8 1.678256
96 14 1.699964
96 36 1.706822
96 10 1.770809
96 1 1.786092
96 42 1.722568
96 26 1.776859
96 20 1.800743
96 38 1.774424
96 0 1.910680
96 31 1.882749
96 17 1.930662
96 30 1.927897
96 3 1.972708
96 19 1.964482
96 29 1.954960
96 32 1.966827
96 15 1.997023
96 16 2.004101
96 2 2.018214
96 21 2.033427
96 18 2.080715
96 33 2.060486
96 6 2.107789
96 39 2.062489
96 41 2.059757
96 34 2.134330
96 4 2.209708
97 8 0.343979
97 10 0.702702
97 4 0.731421
97 2 0.768139
97 7 0.881823
97 1 0.954605
97 29 0.974388
97 3 1.085895
97 16 1.090167
97 26 1.091051
97 0 1.172007
97 11 1.343045
97 19 1.503018
97 25 1.557166
97 32 1.554392
97 5 1.603629
97 41 1.604341
97 27 1.625940
97 18 1.640253
97 28 1.627088
97 12 1.696573
97 30 1.699807
97 17 1.769544
97 9 1.788876
97 39 1.827802
97 13 1.993115
97 33 1.965663
97 38 1.959008
97 35 1.979983
97 6 2.020344
97 31 2.129708
97 24 2.177205
97 20 2.254296
97 21 2.279631
97 40 2.262767
97 36 2.301296
97 23 2.375253
97 14 2.466590
97 15 2.477304
97 22 2.505225
97 37 2.496417
97 34 2.600835
97 42 2.634337
98 9 0.606720
98 27 0.605313
98 8 0.661534
98 12 0.678239
98 28 0.944666
98 40 0.942697
98 6 1.057566
98 14 1.068839
98 31 1.108719
98 13 1.155150
98 29 1.168683
98 3 1.240997
98 11 1.311965
98 5 1.378523
98 30 1.363240
98 26 1.419960
98 2 1.475301
98 34 1.500485
98 1 1.573296
98 23 1.567155
98 17 1.577036
98 21 1.619537
98 32 1.619561
98 33 1.637046
98 10 1.670712
98 0 1.767027
98 19 1.774414
98 24 1.783630
98 35 1.801601
98 38 1.811455
98 42 1.903993
98 25 2.040191
98 7 2.089353
98 18 2.097079
98 37 2.066031
98 16 2.115527
98 41 2.101429
98 4 2.222734
98 22 2.224102
98 36 2.201600
98 15 2.236547
98 39 2.220422
98 20 2.273051
99 8 0.714069
99 7 0.738126
99 27 0.737389
99 25 0.793570
99 9 0.835509
99 10 0.859084
99 12 0.881551
99 28 1.128674
99 0 1.315198
99 4 1.333984
99 20 1.316724
99 14 1.349242
99 11 1.374862
99 33 1.362299
99 26 1.400387
99 2 1.430466
99 31 1.391416
99 6 1.429179
99 24 1.409157
99 37 1.404446
99 36 1.407665
99 38 1.406179
99 29 1.445750
99 35 1.568535
99 13 1.605431
99 15 1.604089
99 22 1.595684
99 39 1.564062
99 18 1.602746
99 42 1.662115
99 17 1.730976
99 41 1.809841
99 40 1.812967
99 19 1.924497
99 23 1.920284
99 1 1.970387
99 32 1.949215
99 5 1.991447
99 3 2.017624
99 16 2.022710
99 21 2.060272
99 30 2.069322
99 34 2.085045
100 8 0.398109
100 7 0.476719
100 28 0.432941
100 24 0.514251
100 38 0.490921
100 25 0.524429
100 12 0.615688
100 11 0.634109
100 26 0.593514
100 27 0.654071
100 3 0.729922
100 29 0.668841
100 10 0.793604
100 9 0.809322
100 5 0.859207
100 13 0.866884
100 1 0.942141
100 42 0.953068
100 0 1.082761
100 36 1.019437
100 33 1.030603
100 2 1.116169
100 40 1.065507
100 21 1.118195
100 4 1.187581
100 35 1.146378
100 41 1.140623
100 14 1.251127
100 6 1.270374
100 19 1.255725
100 17 1.262243
100 32 1.225467
100 23 1.253108
100 39 1.221258
100 34 1.242542
100 22 1.287780
100 16 1.314854
100 15 1.334697
100 30 1.313186
100 37 1.308725
100 31 1.322418
100 18 1.402248
100 20 1.440749
101 2 0.892003
101 0 0.934865
101 9 0.729040
101 7 0.837537
101 8 0.948328
101 13 0.885198
101 11 1.029940
101 12 1.022446
101 10 1.109845
101 25 0.586692
101 1 1.377192
101 3 1.324948
101 24 0.695258
101 26 0.678116
101 23 0.767783
101 17 1.172779
101 27 0.758932
101 4 1.492576
101 36 0.650822
101 28 0.777519
101 16 1.398277
101 29 0.837408
101 6 1.587517
101 5 1.592103
101 14 1.453433
101 18 1.441808
101 37 0.917040
101 32 1.018929
101 15 1.652397
101 33 1.052843
101 19 1.474694
101 35 1.077028
101 40 1.071271
101 20 1.633920
101 34 1.255361
101 30 1.288116
101 21 1.616697
101 41 1.062782
101 22 1.572096
101 38 1.229093
101 31 1.329565
101 42 1.095235
101 39 1.142334
102 0 0.982225
102 1 1.014795
102 28 0.985319
102 12 1.010790
102 7 1.039045
102 4 1.055322
102 11 1.095813
102 3 1.129539
102 16 1.145995
102 22 1.300549
102 17 1.325801
102 20 1.355911
102 25 1.427010
102 29 1.484012
102 19 1.499965
102 31 1.668049
102 8 1.766026
102 10 1.912803
102 2 1.954039
102 13 1.943686
102 6 1.951293
102 36 1.913304
102 5 1.973462
102 27 1.949216
102 9 2.000441
102 40 1.967746
102 24 2.013308
102 14 2.034381
102 42 2.026563
102 23 2.246608
102 39 2.266171
102 18 2.317993
102 26 2.371587
102 41 2.356939
102 30 2.387955
102 35 2.409396
102 32 2.473745
102 38 2.516299
102 15 2.568137
102 33 2.581142
102 34 2.740879
102 21 2.771703
102 37 2.758400
103 29 0.478758
103 13 0.646716
103 39 0.604410
103 25 0.632232
103 8 0.657113
103 9 0.656738
103 12 0.724395
103 14 0.723034
103 26 0.726428
103 28 0.746159
103 11 0.809081
103 30 0.799897
103 27 0.806934
103 4 0.928698
103 0 0.933130
103 10 0.924384
103 1 0.949604
103 2 0.972843
103 18 1.028085
103 3 1.087620
103 19 1.070326
103 38 1.050366
103 33 1.060800
103 5 1.162198
103 17 1.187187
103 41 1.147538
103 40 1.167896
103 7 1.220499
103 21 1.201526
103 35 1.198111
103 24 1.220196
103 15 1.253124
103 31 1.247784
103 6 1.302478
103 16 1.327595
103 23 1.319284
103 32 1.304846
103 36 1.350811
103 37 1.381912
103 22 1.444488
103 20 1.449341
103 42 1.413501
103 34 1.443189
104 13 0.533034
104 8 0.605424
104 23 0.608946
104 26 0.616314
104 7 0.650153
104 10 0.648531
104 37 0.652677
104 28 0.701544
104 11 0.726188
104 27 0.705585
104 9 0.730484
104 12 0.742422
104 24 0.779099
104 0 0.808129
104 25 0.821062
104 2 0.973127
104 3 1.007176
104 32 0.979984
104 17 1.063131
104 33 1.060744
104 35 1.058239
104 15 1.098156
104 4 1.110698
104 20 1.119052
104 1 1.153067
104 31 1.122105
104 38 1.110822
104 6 1.164911
104 40 1.123917
104 5 1.189223
104 36 1.155366
104 41 1.161392
104 19 1.205566
104 16 1.220255
104 21 1.216370
104 42 1.180232
104 22 1.235016
104 30 1.230988
104 39 1.233370
104 18 1.277092
104 14 1.289649
104 29 1.270720
104 34 1.276540
105 37 0.533582
105 11 0.590046
105 26 0.579581
105 23 0.622748
105 7 0.642899
105 24 0.631699
105 13 0.647802
105 25 0.649798
105 8 0.677419
105 12 0.681462
105 9 0.706498
105 10 0.754414
105 0 0.799592
105 22 0.800405
105 27 0.822818
105 5 0.998137
105 4 1.015623
105 1 1.071332
105 34 1.076741
105 38 1.119982
105 2 1.173990
105 3 1.174569
105 29 1.254842
105 14 1.291815
105 30 1.282372
105 16 1.357466
105 36 1.337419
105 39 1.348467
105 33 1.364413
105 31 1.383112
105 6 1.415106
105 28 1.400796
105 32 1.412144
105 15 1.465160
105 40 1.438016
105 21 1.468353
105 20 1.470613
105 42 1.447620
105 19 1.513010
105 41 1.481703
105 35 1.500866
105 18 1.535552
105 17 1.537374
106 9 0.646992
106 12 0.668274
106 36 0.632668
106 13 0.686807
106 24 0.731123
106 11 0.749281
106 25 0.732557
106 8 0.754623
106 14 0.750539
106 10 0.771091
106 27 0.753534
106 29 0.798221
106 28 0.802986
106 26 0.830978
106 0 0.922860
106 1 1.053802
106 5 1.192703
106 4 1.212097
106 3 1.255880
106 33 1.261938
106 7 1.311599
106 17 1.302267
106 16 1.340333
106 37 1.334270
106 2 1.395653
106 15 1.384367
106 20 1.409266
106 30 1.393111
106 35 1.402280
106 19 1.441057
106 34 1.417864
106 18 1.445181
106 6 1.471410
106 38 1.439612
106 42 1.435711
106 23 1.481981
106 21 1.486247
106 31 1.470074
106 22 1.486744
106 41 1.484746
106 40 1.501633
106 32 1.517766
106 39 1.532884
107 13 0.662118
107 7 0.755933
107 12 0.752810
107 11 0.754292
107 26 0.743892
107 36 0.730191
107 22 0.794129
107 9 0.810494
107 25 0.791551
107 23 0.834555
107 0 0.887140
107 10 0.918853
107 24 0.902658
107 21 0.912973
107 8 1.016231
107 2 1.043740
107 1 1.084419
107 3 1.083060
107 35 1.227160
107 5 1.286604
107 6 1.340837
107 14 1.349875
107 4 1.392322
107 33 1.369334
107 31 1.375899
107 41 1.357296
107 15 1.419573
107 39 1.396553
107 32 1.411712
107 34 1.427193
107 29 1.486691
107 18 1.502227
107 37 1.474383
107 27 1.491771
107 30 1.489972
107 17 1.510434
107 19 1.522467
107 28 1.513423
107 16 1.532325
107 42 1.490067
107 20 1.542733
107 40 1.510612
107 38 1.532431
108 24 0.816044
108 23 0.872929
108 13 0.952231
108 12 0.999523
108 27 0.993113
108 11 1.060163
108 25 1.059796
108 14 1.082312
108 10 1.099769
108 9 1.118770
108 26 1.108463
108 37 1.172809
108 22 1.200862
108 33 1.561384
108 8 1.598499
108 7 1.667893
108 5 1.711542
108 38 1.920379
108 34 1.933644
108 29 1.989746
108 0 2.030121
108 19 2.011022
108 18 2.021547
108 4 2.038164
108 2 2.117800
108 41 2.116195
108 1 2.222013
108 17 2.295718
108 21 2.310078
108 16 2.328266
108 3 2.381419
108 15 2.390128
108 42 2.383689
108 39 2.407314
108 30 2.436325
108 28 2.450542
108 20 2.481961
108 31 2.573278
108 36 2.575486
108 35 2.606565
108 6 2.791949
108 40 2.818917
108 32 2.837727
109 13 0.795715
109 28 0.836838
109 37 0.838995
109 11 0.981632
109 10 0.984012
109 26 0.970435
109 14 0.981159
109 25 1.038335
109 27 1.059789
109 24 1.072193
109 8 1.087155
109 9 1.161387
109 23 1.268673
109 29 1.272726
109 12 1.298109
109 7 1.376271
109 4 1.388406
109 34 1.408610
109 40 1.459858
109 20 1.490484
109 42 1.479604
109 38 1.492960
109 16 1.523455
109 39 1.540121
109 21 1.602394
109 0 1.623098
109 1 1.685677
109 30 1.668957
109 6 1.691825
109 32 1.712987
109 5 1.738931
109 33 1.722476
109 2 1.753140
109 15 1.752967
109 22 1.769251
109 3 1.798349
109 17 1.785697
109 18 1.795427
109 35 1.781902
109 36 1.801883
109 31 1.841192
109 41 1.856137
109 19 1.883149
110 14 0.837415
110 12 0.853548
110 13 0.878527
110 9 1.036190
110 8 1.092043
110 27 1.087748
110 24 1.130357
110 38 1.136157
110 11 1.333545
110 42 1.381534
110 23 1.501777
110 5 1.557927
110 30 1.648133
110 3 1.690958
110 28 1.667982
110 26 1.683553
110 25 1.685346
110 1 1.724119
110 0 1.725868
110 7 1.721025
110 10 1.767376
110 40 1.760562
110 19 1.782429
110 33 1.782752
110 18 1.798838
110 39 1.792867
110 31 1.828291
110 37 1.947031
110 22 1.977548
110 41 2.038807
110 2 2.093041
110 35 2.079375
110 36 2.112158
110 17 2.268351
110 34 2.252609
110 4 2.384868
110 15 2.390140
110 6 2.400515
110 16 2.393762
110 20 2.434821
110 32 2.440736
110 29 2.475162
110 21 2.636759
111 7 0.848111
111 30 0.997723
111 26 1.024968
111 37 1.027052
111 27 1.047293
111 25 1.050451
111 28 1.061317
111 9 1.080841
111 5 1.087923
111 12 1.102589
111 11 1.104110
111 8 1.120476
111 13 1.116809
111 10 1.247792
111 18 1.280953
111 29 1.284952
111 17 1.331071
111 21 1.357905
111 3 1.386065
111 0 1.443204
111 19 1.434751
111 15 1.439787
111 16 1.451997
111 36 1.447573
111 4 1.480454
111 20 1.465198
111 14 1.527805
111 31 1.519594
111 24 1.602974
111 2 1.634689
111 22 1.647594
111 39 1.686384
111 6 1.730259
111 33 1.737346
111 23 1.757421
111 35 1.746658
111 40 1.745719
111 32 1.763443
111 38 1.772271
111 1 1.809966
111 42 1.770883
111 34 1.833661
111 41 1.827663
112 8 0.828819
112 10 0.827405
112 27 0.681624
112 12 0.872114
112 13 0.926694
112 9 0.961432
112 26 1.018719
112 25 1.052319
112 36 0.944674
112 11 1.339043
112 17 1.417722
112 1 1.469561
112 24 1.514461
112 30 1.424720
112 29 1.432707
112 0 1.732563
112 28 1.450696
112 14 1.721320
112 22 1.688228
112 18 1.702675
112 15 1.715437
112 6 1.733301
112 3 1.758397
112 33 1.438242
112 2 1.891690
112 21 1.926890
112 31 1.686490
112 37 1.726727
112 20 2.165225
112 35 1.874217
112 16 2.231512
112 19 2.223488
112 23 2.234080
112 4 2.285526
112 42 1.945168
112 39 1.957863
112 40 1.955505
112 34 2.039744
112 38 2.012746
112 7 2.389593
112 5 2.463939
112 41 2.077287
112 32 2.183961
113 25 0.953105
113 13 1.006792
113 11 1.033315
113 8 1.059395
113 9 1.078200
113 27 1.069393
113 10 1.114556
113 37 1.097583
113 26 1.117183
113 12 1.146856
113 24 1.232388
113 22 1.263771
113 23 1.416306
113 38 1.516730
113 41 1.521476
113 4 1.561798
113 0 1.574793
113 34 1.555324
113 21 1.577108
113 14 1.597855
113 1 1.620265
113 15 1.614465
113 17 1.622236
113 29 1.638722
113 6 1.709535
113 16 1.709732
113 31 1.731706
113 19 1.783200
113 40 1.778850
113 5 1.839578
113 18 1.863705
113 42 1.862090
113 32 1.886699
113 35 1.916452
113 20 1.946495
113 30 1.938709
113 36 1.986042
113 7 2.023156
113 2 2.036340
113 33 2.009563
113 28 2.043887
113 39 2.096084
113 3 2.305687
114 26 0.915546
114 23 0.992170
114 7 1.038071
114 10 1.043397
114 37 1.094194
114 13 1.142097
114 8 1.202389
114 9 1.270533
114 25 1.255053
114 24 1.256759
114 27 1.254362
114 11 1.271416
114 28 1.371576
114 12 1.460703
114 33 1.541846
114 2 1.716483
114 30 1.694420
114 15 1.818051
114 0 1.899698
114 1 1.930564
114 5 1.963975
114 3 1.996864
114 29 1.985183
114 14 2.089656
114 31 2.103762
114 34 2.114051
114 6 2.213459
114 4 2.222959
114 40 2.204967
114 39 2.224444
114 36 2.253029
114 32 2.265463
114 35 2.263724
114 41 2.271406
114 18 2.318485
114 16 2.335781
114 19 2.361717
114 21 2.379459
114 38 2.381157
114 20 2.462961
114 17 2.479397
114 22 2.572589
114 42 2.688955
115 24 0.740084
115 8 0.768264
115 7 0.809438
115 26 0.850476
115 6 0.896994
115 27 0.917255
115 10 0.971166
115 12 0.982199
115 28 0.992353
115 9 1.081079
115 29 1.074570
115 38 1.069047
115 11 1.096463
115 39 1.083343
115 25 1.128355
115 32 1.183875
115 13 1.383865
115 23 1.388090
115 35 1.377560
115 34 1.407018
115 17 1.436418
115 37 1.433299
115 41 1.430988
115 42 1.432091
115 14 1.458164
115 21 1.465857
115 36 1.466408
115 16 1.501426
115 19 1.499271
115 15 1.517789
115 22 1.513946
115 1 1.545640
115 18 1.573626
115 30 1.577451
115 2 1.604805
115 40 1.583819
115 33 1.595073
115 0 1.749327
115 20 1.730605
115 5 1.745819
115 31 1.722472
115 3 1.749929
115 4 1.749394
116 9 0.621613
116 12 0.581307
116 14 0.533358
116 10 0.639309
116 11 0.619727
116 13 0.581638
116 28 0.536292
116 24 0.598544
116 8 0.868911
116 27 0.775465
116 5 1.134950
116 1 1.288585
116 37 0.862010
116 2 1.244220
116 26 0.992363
116 25 1.012096
116 4 1.463455
116 29 1.294726
116 6 1.527826
116 3 1.594006
116 18 1.348525
116 21 1.337392
116 0 1.714370
116 34 1.318211
116 7 1.571603
116 16 1.448642
116 39 1.380489
116 22 1.480384
116 40 1.425176
116 20 1.543956
116 42 1.468161
116 38 1.514428
116 31 1.573723
116 36 1.579600
116 15 1.666586
116 35 1.603298
116 30 1.619293
116 33 1.665170
116 17 1.751261
116 19 1.744070
116 32 1.702082
116 23 1.747546
116 41 1.695408
117 8 0.579077
117 9 0.603195
117 13 0.826496
117 14 0.835004
117 30 0.781393
117 27 1.139989
117 10 1.261792
117 12 1.256477
117 11 1.283841
117 29 1.190668
117 25 1.240815
117 28 1.266172
117 5 1.402903
117 16 1.355043
117 26 1.303903
117 39 1.302775
117 18 1.417266
117 24 1.395399
117 1 1.589628
117 23 1.557106
117 3 1.708667
117 33 1.497546
117 17 1.582966
117 6 1.681577
117 34 1.594006
117 4 1.874961
117 2 1.902276
117 7 1.867515
117 15 1.832049
117 31 1.769271
117 36 1.777661
117 21 1.876595
117 38 1.810107
117 0 2.114037
117 32 1.897177
117 22 1.984010
117 19 2.075717
117 20 2.116404
117 37 2.045507
117 40 2.117187
117 41 2.146247
117 42 2.198315
117 35 2.367527
118 10 0.634010
118 8 0.673441
118 11 0.693952
118 9 0.739954
118 25 0.724128
118 30 0.779730
118 14 0.830701
118 28 0.808991
118 29 0.909837
118 27 0.942259
118 12 0.986624
118 26 1.019182
118 13 1.111281
118 37 1.111124
118 31 1.320269
118 4 1.474515
118 1 1.497123
118 36 1.454496
118 0 1.550200
118 20 1.599984
118 15 1.625848
118 23 1.641319
118 35 1.623848
118 34 1.682059
118 21 1.737529
118 5 1.755330
118 17 1.766128
118 24 1.757118
118 3 1.852611
118 41 1.893550
118 40 1.915028
118 2 1.969345
118 18 1.974969
118 7 2.006577
118 22 2.032906
118 32 2.018515
118 33 2.048857
118 42 2.141552
118 16 2.208464
118 39 2.277849
118 19 2.312670
118 38 2.282546
118 6 2.377036
119 10 1.096234
119 11 1.129176
119 12 1.140102
119 7 1.268140
119 29 1.314262
119 25 1.332824
119 9 1.357991
119 8 1.387493
119 37 1.510013
119 5 1.590008
119 3 1.604692
119 2 1.616418
119 28 1.684081
119 27 1.697673
119 34 1.687765
119 13 1.818434
119 24 1.811408
119 0 1.843501
119 4 1.850486
119 1 1.901175
119 26 1.892133
119 41 1.878833
119 6 2.074848
119 30 2.122136
119 19 2.152005
119 40 2.134414
119 22 2.209369
119 17 2.230695
119 33 2.294432
119 42 2.281999
119 35 2.294054
119 39 2.298057
119 32 2.330451
119 16 2.393903
119 15 2.431609
119 36 2.407529
119 38 2.443551
119 18 2.477005
119 14 2.503197
119 31 2.531080
119 21 2.646529
119 23 2.653829
119 20 2.900412
120 8 0.808744
120 9 0.859229
120 7 0.862743
120 11 0.907141
120 37 1.006470
120 27 1.054138
120 10 1.404779
120 24 1.448608
120 28 1.467618
120 0 1.544139
120 34 1.500369
120 42 1.481355
120 22 1.551676
120 26 1.548531
120 6 1.574542
120 19 1.596379
120 25 1.586222
120 31 1.609590
120 4 1.644154
120 5 1.709933
120 13 1.704777
120 20 1.728364
120 29 1.777936
120 18 1.826957
120 16 1.968229
120 17 1.967927
120 15 2.035154
120 2 2.114171
120 33 2.106492
120 40 2.156787
120 32 2.175248
120 36 2.266470
120 38 2.290473
120 14 2.332437
120 1 2.397525
120 23 2.372864
120 35 2.393074
120 21 2.420261
120 3 2.439299
120 30 2.406476
120 12 2.501342
120 41 2.483555
120 39 2.492790
