21 0 0.135102
21 2 0.149186
21 1 0.156523
21 5 0.145606
21 3 0.172087
21 4 0.172161
21 6 0.182713
21 8 0.180702
21 7 0.193907
21 11 0.193106
21 12 0.216491
21 10 0.221496
21 9 0.236848
21 13 0.231593
21 14 0.258803
21 16 0.265165
21 29 0.251206
21 20 0.269883
21 44 0.225400
21 22 0.266932
21 32 0.250398
21 15 0.280943
21 28 0.255680
21 19 0.273695
21 45 0.227402
21 35 0.250147
21 18 0.280779
21 30 0.257721
21 33 0.254386
21 42 0.242282
21 36 0.252214
21 31 0.259665
21 25 0.267705
21 17 0.287678
21 27 0.268726
21 34 0.259710
21 24 0.278943
21 41 0.255624
21 23 0.284761
21 50 0.239046
21 26 0.278695
21 46 0.246322
21 21 0.290897
21 39 0.260478
21 43 0.252043
21 47 0.246628
21 38 0.264527
21 37 0.266413
21 48 0.247280
21 40 0.263323
21 49 0.252055
22 0 0.186577
22 4 0.192431
22 3 0.246333
22 5 0.261228
22 6 0.262681
22 7 0.282288
22 2 0.288595
22 1 0.313846
22 8 0.397218
22 9 0.450645
22 10 0.460707
22 20 0.461436
22 33 0.473749
22 22 0.495121
22 21 0.526046
22 28 0.523555
22 30 0.549795
22 13 0.581050
22 38 0.552144
22 36 0.562503
22 26 0.588767
22 12 0.605497
22 14 0.604326
22 37 0.575587
22 17 0.602187
22 31 0.586325
22 43 0.571722
22 25 0.627030
22 44 0.601194
22 46 0.598769
22 35 0.616715
22 18 0.640149
22 47 0.602644
22 24 0.635805
22 49 0.602381
22 29 0.632745
22 42 0.614284
22 50 0.606198
22 41 0.616841
22 32 0.660926
22 34 0.658335
22 16 0.682099
22 39 0.655216
22 48 0.686701
22 15 0.728727
22 19 0.724690
22 23 0.721703
22 11 0.751882
22 40 0.717834
22 27 0.741524
22 45 0.720970
23 0 0.167422
23 1 0.185992
23 4 0.193010
23 2 0.207444
23 6 0.225790
23 3 0.231784
23 9 0.247697
23 7 0.257036
23 12 0.272200
23 8 0.280686
23 10 0.282259
23 28 0.268540
23 29 0.270936
23 13 0.297559
23 21 0.287655
23 5 0.313649
23 23 0.294462
23 11 0.310059
23 16 0.305486
23 20 0.301048
23 19 0.308561
23 14 0.316336
23 33 0.293929
23 44 0.279391
23 31 0.300346
23 22 0.311359
23 30 0.302472
23 32 0.300992
23 38 0.294832
23 25 0.312612
23 26 0.311581
23 39 0.296234
23 35 0.304111
23 50 0.284386
23 42 0.295189
23 46 0.292025
23 17 0.334169
23 15 0.337022
23 24 0.331579
23 43 0.306614
23 18 0.340234
23 34 0.321561
23 47 0.304765
23 45 0.309973
23 37 0.322481
23 36 0.324643
23 40 0.319707
23 48 0.310740
23 27 0.340525
23 41 0.326402
23 49 0.317143
24 1 0.208298
24 2 0.208244
24 0 0.231015
24 4 0.248543
24 3 0.258512
24 20 0.253831
24 14 0.261992
24 13 0.264908
24 5 0.282106
24 7 0.286651
24 6 0.290497
24 18 0.280582
24 12 0.286338
24 24 0.293219
24 11 0.323420
24 10 0.343735
24 15 0.354913
24 22 0.380063
24 19 0.426284
24 29 0.432325
24 8 0.459952
24 32 0.446376
24 31 0.447990
24 23 0.460767
24 44 0.448064
24 33 0.462937
24 25 0.480963
24 21 0.487460
24 43 0.459587
24 27 0.482209
24 48 0.472152
24 47 0.476537
24 9 0.529528
24 45 0.490891
24 36 0.514566
24 49 0.502993
24 26 0.537987
24 17 0.554685
24 46 0.521706
24 41 0.529450
24 28 0.545375
24 38 0.534293
24 42 0.532302
24 16 0.564325
24 34 0.561160
24 50 0.543856
24 39 0.568645
24 30 0.614154
24 40 0.607649
24 37 0.613023
24 35 0.619492
25 0 0.161545
25 3 0.164182
25 2 0.180258
25 1 0.190027
25 4 0.219297
25 7 0.219556
25 6 0.224598
25 5 0.256859
25 13 0.261680
25 9 0.272379
25 10 0.271765
25 8 0.280693
25 12 0.283136
25 20 0.272676
25 31 0.259391
25 36 0.262186
25 32 0.272256
25 16 0.295183
25 11 0.302978
25 44 0.263564
25 30 0.281298
25 29 0.283928
25 28 0.286060
25 19 0.298957
25 15 0.306183
25 24 0.296044
25 33 0.286705
25 21 0.303821
25 45 0.278873
25 40 0.284563
25 14 0.320953
25 35 0.298076
25 17 0.319367
25 41 0.289533
25 42 0.293058
25 25 0.314316
25 27 0.312193
25 18 0.323957
25 34 0.306846
25 39 0.307182
25 37 0.311045
25 48 0.296880
25 43 0.305192
25 23 0.330542
25 49 0.296279
25 50 0.296701
25 38 0.314027
25 47 0.303200
25 26 0.331158
25 46 0.307780
25 22 0.339951
26 0 0.176026
26 2 0.195861
26 1 0.209555
26 20 0.213880
26 3 0.232551
26 5 0.244954
26 12 0.318476
26 11 0.329984
26 14 0.328122
26 21 0.352736
26 9 0.372341
26 8 0.378804
26 19 0.412018
26 13 0.463454
26 50 0.426355
26 34 0.452932
26 39 0.458463
26 35 0.466584
26 41 0.459373
26 15 0.513187
26 40 0.485246
26 47 0.479953
26 43 0.486935
26 33 0.501305
26 22 0.530774
26 29 0.532129
26 48 0.507730
26 24 0.541107
26 36 0.530269
26 4 0.567433
26 38 0.536722
26 30 0.547171
26 25 0.554667
26 46 0.527685
26 49 0.540547
26 7 0.598818
26 18 0.597535
26 6 0.617185
26 16 0.613303
26 42 0.581921
26 17 0.614893
26 23 0.627611
26 10 0.642639
26 31 0.624435
26 26 0.633277
26 44 0.611693
26 32 0.631109
26 28 0.636936
26 37 0.629970
26 45 0.641906
26 27 0.695308
27 0 0.187136
27 1 0.193480
27 5 0.209375
27 4 0.226061
27 3 0.245820
27 8 0.249014
27 2 0.270908
27 6 0.270256
27 11 0.306383
27 34 0.287696
27 12 0.319086
27 26 0.307639
27 10 0.330515
27 42 0.290498
27 14 0.331318
27 50 0.282698
27 44 0.291460
27 9 0.339554
27 19 0.329576
27 43 0.296011
27 37 0.304494
27 24 0.325213
27 38 0.304173
27 28 0.319670
27 21 0.330145
27 22 0.329311
27 18 0.336189
27 47 0.299826
27 7 0.354341
27 15 0.346889
27 39 0.313837
27 23 0.339257
27 41 0.313497
27 32 0.328095
27 36 0.322169
27 27 0.335531
27 13 0.354974
27 31 0.331520
27 30 0.334535
27 46 0.312516
27 16 0.353928
27 25 0.344324
27 33 0.334374
27 29 0.342549
27 17 0.360312
27 40 0.327897
27 48 0.321502
27 35 0.340980
27 20 0.363938
27 49 0.329396
27 45 0.337615
28 0 0.092927
28 2 0.268002
28 1 0.298284
28 10 0.306844
28 6 0.316218
28 12 0.331776
28 8 0.338931
28 11 0.336340
28 9 0.339713
28 14 0.336164
28 16 0.342298
28 19 0.349099
28 13 0.355860
28 20 0.348271
28 18 0.356118
28 21 0.352877
28 4 0.371696
28 17 0.359986
28 15 0.362626
28 23 0.353114
28 3 0.377110
28 5 0.376670
28 7 0.377633
28 22 0.370016
28 24 0.397240
28 25 0.400776
28 28 0.405054
28 27 0.433809
28 26 0.435424
28 29 0.481247
28 31 0.485070
28 32 0.519804
28 30 0.531397
28 41 0.539186
28 33 0.582212
28 50 0.568249
28 45 0.577515
28 36 0.621980
28 34 0.624681
28 43 0.616943
28 48 0.609668
28 47 0.611425
28 44 0.620177
28 37 0.635718
28 35 0.638941
28 39 0.651502
28 40 0.653635
28 42 0.651647
28 38 0.657795
28 49 0.671030
28 46 0.784050
29 0 0.171173
29 3 0.216125
29 1 0.222019
29 4 0.245919
29 2 0.250071
29 8 0.265148
29 11 0.286746
29 33 0.265226
29 6 0.314243
29 32 0.283730
29 12 0.317090
29 44 0.272201
29 14 0.317809
29 10 0.326463
29 9 0.343795
29 15 0.339603
29 13 0.345913
29 40 0.308832
29 7 0.369254
29 30 0.336921
29 28 0.339437
29 25 0.349735
29 18 0.364488
29 26 0.353797
29 22 0.362980
29 29 0.356989
29 5 0.390836
29 39 0.345035
29 19 0.374662
29 17 0.383068
29 35 0.359036
29 16 0.388920
29 31 0.365410
29 23 0.379295
29 43 0.354271
29 34 0.365645
29 21 0.390141
29 49 0.352581
29 46 0.360383
29 37 0.375532
29 20 0.400050
29 48 0.363301
29 45 0.367427
29 24 0.394809
29 41 0.374283
29 38 0.379817
29 42 0.374805
29 50 0.366474
29 36 0.388274
29 47 0.377309
29 27 0.404809
30 1 0.259293
30 2 0.302603
30 0 0.418808
30 12 0.520946
30 9 0.555153
30 7 0.563011
30 15 0.556318
30 16 0.555552
30 27 0.550081
30 17 0.563515
30 8 0.573789
30 10 0.574729
30 11 0.574756
30 26 0.557634
30 33 0.547099
30 18 0.570991
30 5 0.583740
30 23 0.585677
30 43 0.559929
30 47 0.556564
30 4 0.630735
30 19 0.623031
30 13 0.631962
30 50 0.595573
30 3 0.656391
30 31 0.625649
30 30 0.631610
30 25 0.638408
30 21 0.647087
30 24 0.649692
30 40 0.632054
30 34 0.638678
30 20 0.662531
30 29 0.656271
30 6 0.684802
30 41 0.645494
30 48 0.635583
30 28 0.664815
30 46 0.638572
30 44 0.655796
30 22 0.690598
30 49 0.653266
30 32 0.677980
30 42 0.668004
30 36 0.675405
30 38 0.689251
30 14 0.723479
30 35 0.697051
30 45 0.686292
30 37 0.698540
30 39 0.713542
31 0 0.206630
31 2 0.212582
31 8 0.255360
31 6 0.261385
31 3 0.267970
31 32 0.291296
31 19 0.308257
31 14 0.314226
31 12 0.316680
31 24 0.306923
31 5 0.328329
31 46 0.278393
31 10 0.328174
31 9 0.330520
31 17 0.326542
31 20 0.324340
31 7 0.340355
31 25 0.322306
31 1 0.352446
31 42 0.310126
31 13 0.350234
31 4 0.372524
31 27 0.345934
31 31 0.341953
31 22 0.356864
31 26 0.351766
31 28 0.349173
31 30 0.347314
31 44 0.330704
31 34 0.344597
31 21 0.362458
31 33 0.348178
31 23 0.361291
31 47 0.329211
31 39 0.341257
31 41 0.338430
31 15 0.372381
31 50 0.327141
31 18 0.373355
31 37 0.353367
31 29 0.363439
31 16 0.380919
31 38 0.357705
31 11 0.393026
31 36 0.363726
31 49 0.352999
31 43 0.364641
31 45 0.375137
31 48 0.376903
31 35 0.400492
31 40 0.407876
32 12 0.294858
32 11 0.302342
32 2 0.396192
32 3 0.394460
32 0 0.421106
32 8 0.349021
32 10 0.345229
32 9 0.372543
32 4 0.466461
32 7 0.417448
32 5 0.512496
32 6 0.516179
32 14 0.257218
32 17 0.229471
32 13 0.290089
32 15 0.273068
32 21 0.206639
32 16 0.275407
32 1 0.668851
32 19 0.271758
32 18 0.284845
32 31 0.175973
32 29 0.181445
32 26 0.251588
32 33 0.176465
32 20 0.268837
32 27 0.257141
32 30 0.213896
32 35 0.171021
32 24 0.306956
32 37 0.186821
32 22 0.329948
32 38 0.190860
32 23 0.333507
32 28 0.276759
32 32 0.271105
32 44 0.149476
32 25 0.362959
32 36 0.238316
32 39 0.223877
32 40 0.219355
32 45 0.168479
32 43 0.211278
32 42 0.213934
32 47 0.184085
32 46 0.184765
32 48 0.187479
32 41 0.221038
32 50 0.185495
32 34 0.327160
32 49 0.201555
33 0 0.224784
33 3 0.245658
33 2 0.269648
33 5 0.271754
33 6 0.315354
33 9 0.316221
33 30 0.292537
33 13 0.312982
33 11 0.357672
33 8 0.361363
33 7 0.362367
33 10 0.359530
33 32 0.333053
33 16 0.354577
33 33 0.346736
33 1 0.385918
33 12 0.391979
33 28 0.373491
33 31 0.369796
33 44 0.353226
33 27 0.376234
33 4 0.402563
33 15 0.392807
33 35 0.368619
33 21 0.386545
33 22 0.386613
33 36 0.369144
33 18 0.403802
33 29 0.389606
33 23 0.397887
33 39 0.378806
33 14 0.411170
33 26 0.396696
33 20 0.406824
33 24 0.401745
33 38 0.387616
33 40 0.388347
33 50 0.375268
33 25 0.413173
33 43 0.389780
33 47 0.386168
33 45 0.397605
33 48 0.392748
33 49 0.391557
33 37 0.410622
33 34 0.416521
33 19 0.437536
33 42 0.410927
33 17 0.454010
33 41 0.426090
33 46 0.422718
34 1 0.256663
34 10 0.248787
34 13 0.250832
34 9 0.269064
34 6 0.316390
34 8 0.308539
34 2 0.352268
34 12 0.321971
34 4 0.350841
34 7 0.340884
34 5 0.358015
34 0 0.422142
34 11 0.387442
34 15 0.174366
34 3 0.443670
34 14 0.386869
34 18 0.209779
34 30 0.145331
34 16 0.329010
34 29 0.224152
34 21 0.334896
34 17 0.374739
34 19 0.358329
34 23 0.323255
34 22 0.341808
34 32 0.262695
34 25 0.330519
34 27 0.329764
34 31 0.284080
34 39 0.235190
34 20 0.383378
34 34 0.259744
34 26 0.363132
34 28 0.362936
34 44 0.234264
34 37 0.329376
34 38 0.331036
34 33 0.342541
34 35 0.343254
34 43 0.298857
34 24 0.447796
34 40 0.355292
34 47 0.301358
34 46 0.306368
34 48 0.302999
34 50 0.209813
34 36 0.397610
34 41 0.378199
34 49 0.308052
34 42 0.382709
34 45 0.337183
35 0 0.236273
35 8 0.242724
35 10 0.279968
35 3 0.299772
35 12 0.294815
35 4 0.311543
35 11 0.365320
35 32 0.343325
35 2 0.379791
35 9 0.373278
35 6 0.380185
35 17 0.373226
35 14 0.384316
35 30 0.369111
35 42 0.354370
35 44 0.353013
35 22 0.389936
35 24 0.387549
35 34 0.374151
35 28 0.384532
35 50 0.352871
35 7 0.415930
35 15 0.416237
35 37 0.392268
35 33 0.397688
35 31 0.403714
35 1 0.457154
35 5 0.453723
35 18 0.441198
35 35 0.418090
35 38 0.416318
35 43 0.412766
35 25 0.440610
35 27 0.439203
35 48 0.410782
35 29 0.436652
35 16 0.455679
35 13 0.459160
35 19 0.453973
35 49 0.415582
35 40 0.428416
35 47 0.421493
35 45 0.430649
35 46 0.430176
35 41 0.438148
35 26 0.458992
35 21 0.469304
35 20 0.511877
35 36 0.496167
35 23 0.519850
35 39 0.499915
36 1 0.263911
36 0 0.299030
36 8 0.298344
36 6 0.322811
36 3 0.342625
36 2 0.350212
36 5 0.351888
36 4 0.356325
36 7 0.362775
36 9 0.549660
36 12 0.430860
36 21 0.487871
36 28 0.481590
36 34 0.476861
36 50 0.463026
36 38 0.474559
36 30 0.482227
36 44 0.469809
36 36 0.507627
36 41 0.506475
36 32 0.516584
36 43 0.512794
36 11 0.569152
36 13 0.630628
36 39 0.604218
36 47 0.597413
36 49 0.597127
36 48 0.599963
36 33 0.613753
36 25 0.632777
36 19 0.640028
36 15 0.652774
36 42 0.627605
36 26 0.646012
36 10 0.669784
36 22 0.651203
36 46 0.629357
36 14 0.662493
36 18 0.657905
36 20 0.656287
36 35 0.646576
36 31 0.652636
36 37 0.647313
36 24 0.662605
36 45 0.644760
36 23 0.669256
36 16 0.678591
36 29 0.675770
36 40 0.681884
36 27 0.719059
36 17 0.752103
37 0 0.236035
37 2 0.242841
37 5 0.252501
37 1 0.279271
37 13 0.268507
37 9 0.277193
37 4 0.287914
37 6 0.322058
37 12 0.324122
37 8 0.348906
37 7 0.350022
37 3 0.354080
37 27 0.343361
37 24 0.353029
37 29 0.350955
37 26 0.359972
37 10 0.391555
37 19 0.391323
37 36 0.367683
37 30 0.379598
37 11 0.409339
37 44 0.366441
37 23 0.396627
37 18 0.407318
37 31 0.391022
37 39 0.390288
37 17 0.423428
37 35 0.398975
37 33 0.402831
37 20 0.424374
37 28 0.418878
37 34 0.410391
37 38 0.408856
37 32 0.419614
37 43 0.405070
37 14 0.447968
37 40 0.413363
37 42 0.416912
37 25 0.442079
37 15 0.457946
37 37 0.432810
37 41 0.430993
37 21 0.458323
37 47 0.422364
37 45 0.441189
37 46 0.446629
37 48 0.449464
37 16 0.509176
37 22 0.501653
37 50 0.467754
37 49 0.473190
38 11 0.547273
38 43 0.584345
38 28 0.626129
38 9 0.655710
38 42 0.626988
38 16 0.703402
38 23 0.702176
38 33 0.695364
38 32 0.716642
38 5 0.747112
38 48 0.714683
38 12 0.753321
38 26 0.741628
38 30 0.738518
38 13 0.757414
38 8 0.765139
38 46 0.831891
38 44 0.835978
38 10 0.871612
38 0 0.882880
38 34 0.850338
38 29 0.855430
38 27 0.862538
38 38 0.853636
38 35 0.862818
38 45 0.859645
38 47 0.882916
38 15 0.934077
38 20 0.944146
38 18 0.950852
38 17 0.953127
38 3 0.967645
38 37 0.953371
38 19 0.972454
38 25 0.970699
38 31 0.966786
38 6 0.993745
38 14 0.987436
38 41 0.961599
38 2 1.007633
38 21 0.991292
38 1 1.011826
38 7 1.018718
38 49 0.977075
38 22 1.011600
38 4 1.034536
38 40 1.000620
38 24 1.032687
38 36 1.023555
38 50 1.010983
38 39 1.022241
39 0 0.233437
39 5 0.268364
39 12 0.303574
39 3 0.332504
39 6 0.340849
39 20 0.332395
39 8 0.353393
39 28 0.330600
39 13 0.350709
39 19 0.355529
39 7 0.379377
39 10 0.382600
39 17 0.380310
39 4 0.407121
39 9 0.402811
39 14 0.397710
39 11 0.401196
39 45 0.362833
39 30 0.383165
39 24 0.392640
39 44 0.367551
39 32 0.383414
39 22 0.396104
39 33 0.386061
39 31 0.388971
39 1 0.421920
39 16 0.408072
39 39 0.380346
39 27 0.397229
39 48 0.378603
39 21 0.414391
39 29 0.406029
39 34 0.401204
39 40 0.404391
39 36 0.413203
39 46 0.406038
39 23 0.436168
39 37 0.420789
39 49 0.407252
39 2 0.461509
39 41 0.426161
39 43 0.425140
39 18 0.459275
39 26 0.451027
39 38 0.437649
39 35 0.446070
39 42 0.440914
39 25 0.469100
39 50 0.437888
39 15 0.484498
39 47 0.463716
40 5 0.232038
40 0 0.245316
40 6 0.259367
40 3 0.273997
40 1 0.293746
40 2 0.322228
40 11 0.382982
40 4 0.390174
40 8 0.386870
40 17 0.379364
40 21 0.376350
40 30 0.371839
40 44 0.354010
40 13 0.397067
40 7 0.408369
40 33 0.377821
40 18 0.399712
40 10 0.417420
40 9 0.421318
40 41 0.381234
40 31 0.396861
40 19 0.416333
40 34 0.400062
40 43 0.391606
40 35 0.419032
40 24 0.438726
40 15 0.454222
40 28 0.437825
40 39 0.425218
40 12 0.461048
40 14 0.462168
40 23 0.458744
40 46 0.427686
40 36 0.447328
40 47 0.436187
40 49 0.433956
40 20 0.479835
40 25 0.472946
40 26 0.472323
40 42 0.450569
40 38 0.459143
40 29 0.474886
40 48 0.449597
40 32 0.476963
40 40 0.467335
40 16 0.500989
40 50 0.461454
40 37 0.491043
40 22 0.519550
40 27 0.522644
40 45 0.499906
41 5 0.271166
41 9 0.327922
41 13 0.324350
41 10 0.330594
41 0 0.399310
41 12 0.387912
41 33 0.363682
41 20 0.404010
41 8 0.417122
41 2 0.423233
41 18 0.407406
41 15 0.411352
41 32 0.390721
41 14 0.413092
41 1 0.433347
41 43 0.389261
41 24 0.413853
41 16 0.424956
41 27 0.410641
41 11 0.441486
41 6 0.450095
41 19 0.437493
41 28 0.425887
41 31 0.428089
41 30 0.432869
41 3 0.465126
41 46 0.426030
41 29 0.448280
41 48 0.424506
41 4 0.477484
41 23 0.479321
41 36 0.468178
41 39 0.477971
41 44 0.475982
41 41 0.483110
41 21 0.508870
41 37 0.492773
41 17 0.537539
41 45 0.506974
41 35 0.529151
41 50 0.516643
41 25 0.555443
41 49 0.528747
41 26 0.558473
41 22 0.567216
41 47 0.541214
41 34 0.564356
41 40 0.561083
41 38 0.564983
41 7 0.602558
41 42 0.567433
42 0 0.341819
42 8 0.384036
42 10 0.218841
42 3 0.511158
42 7 0.490805
42 1 0.606385
42 13 0.252604
42 5 0.619751
42 14 0.265266
42 6 0.618376
42 12 0.305063
42 2 0.662333
42 9 0.520705
42 20 0.273862
42 4 0.828227
42 34 0.167857
42 16 0.355202
42 11 0.510460
42 28 0.217777
42 32 0.202936
42 18 0.358694
42 30 0.225886
42 22 0.304926
42 21 0.383007
42 17 0.419207
42 24 0.307672
42 27 0.295624
42 33 0.292769
42 23 0.360543
42 19 0.457543
42 29 0.340766
42 31 0.342343
42 15 0.595288
42 26 0.379267
42 25 0.413843
42 40 0.208621
42 37 0.254448
42 36 0.284576
42 35 0.353029
42 38 0.288420
42 44 0.181506
42 41 0.273192
42 39 0.295683
42 43 0.199769
42 48 0.208801
42 46 0.214690
42 47 0.216462
42 49 0.219559
42 50 0.222881
42 45 0.245250
42 42 0.247998
43 8 0.302082
43 11 0.309183
43 5 0.321281
43 0 0.357451
43 3 0.355152
43 10 0.352362
43 2 0.359847
43 13 0.351839
43 1 0.404082
43 14 0.398803
43 12 0.402844
43 32 0.406136
43 29 0.409994
43 28 0.421251
43 33 0.415042
43 44 0.404908
43 31 0.424297
43 30 0.483758
43 4 0.515902
43 6 0.520686
43 39 0.483760
43 23 0.504410
43 50 0.466356
43 19 0.510583
43 15 0.521891
43 47 0.481376
43 9 0.529552
43 46 0.490377
43 7 0.548259
43 18 0.541383
43 42 0.511774
43 37 0.524334
43 49 0.509793
43 40 0.532182
43 21 0.570979
43 38 0.556576
43 34 0.565012
43 45 0.556238
43 26 0.583292
43 22 0.588229
43 35 0.582815
43 16 0.611574
43 17 0.618187
43 48 0.579118
43 20 0.620762
43 24 0.618766
43 41 0.607081
43 43 0.604668
43 27 0.643079
43 25 0.656661
43 36 0.666335
44 12 0.320063
44 14 0.317036
44 8 0.327971
44 10 0.326511
44 0 0.341900
44 3 0.357156
44 4 0.373451
44 2 0.381941
44 11 0.390518
44 9 0.392896
44 29 0.364256
44 44 0.342731
44 1 0.430292
44 33 0.370630
44 6 0.431177
44 30 0.403483
44 31 0.407084
44 5 0.470896
44 28 0.474674
44 13 0.513071
44 46 0.454883
44 32 0.482719
44 15 0.512921
44 36 0.477329
44 45 0.463041
44 40 0.472856
44 43 0.482954
44 38 0.499839
44 7 0.564041
44 47 0.502355
44 19 0.551045
44 37 0.543151
44 16 0.585477
44 41 0.545140
44 50 0.533604
44 42 0.548674
44 25 0.582396
44 35 0.567244
44 24 0.597436
44 18 0.609949
44 17 0.616623
44 20 0.618306
44 27 0.610245
44 22 0.628370
44 48 0.587934
44 34 0.636006
44 23 0.654792
44 39 0.645935
44 26 0.670975
44 49 0.644004
44 21 0.704999
45 8 0.280503
45 14 0.351185
45 9 0.367418
45 13 0.374511
45 11 0.395589
45 30 0.374445
45 44 0.359206
45 12 0.407828
45 29 0.413110
45 10 0.464680
45 32 0.435877
45 6 0.477251
45 28 0.451839
45 31 0.465409
45 0 0.513501
45 2 0.511875
45 33 0.479909
45 20 0.531024
45 4 0.556470
45 18 0.547415
45 7 0.563719
45 35 0.526256
45 1 0.571930
45 15 0.559737
45 22 0.563058
45 23 0.562587
45 47 0.540687
45 27 0.578438
45 3 0.613964
45 17 0.600063
45 5 0.616305
45 16 0.613648
45 41 0.590950
45 34 0.605981
45 26 0.624419
45 40 0.609835
45 24 0.651148
45 38 0.635320
45 39 0.639226
45 37 0.642844
45 45 0.642524
45 36 0.653650
45 46 0.645554
45 50 0.649424
45 43 0.679979
45 48 0.674907
45 19 0.720185
45 25 0.713057
45 42 0.690606
45 49 0.697807
45 21 0.757749
46 13 0.554567
46 30 0.538199
46 12 0.559304
46 2 0.636617
46 10 0.648618
46 44 0.617865
46 4 0.664803
46 40 0.631438
46 8 0.674215
46 42 0.647408
46 29 0.666911
46 0 0.747787
46 34 0.825233
46 31 0.832822
46 22 0.841839
46 33 0.840308
46 11 0.867104
46 32 0.848148
46 3 0.886132
46 46 0.857767
46 1 0.914815
46 16 0.907828
46 48 0.880432
46 28 0.922372
46 14 0.940163
46 20 0.934670
46 47 0.907610
46 49 0.906425
46 9 0.976088
46 36 0.989538
46 15 1.040130
46 27 1.036880
46 50 1.013579
46 25 1.042878
46 38 1.058439
46 6 1.098239
46 7 1.144410
46 35 1.119299
46 26 1.150445
46 41 1.149766
46 21 1.184800
46 18 1.195001
46 24 1.197276
46 19 1.219395
46 37 1.204497
46 45 1.196893
46 43 1.223488
46 39 1.229532
46 5 1.294284
46 17 1.285643
46 23 1.286180
47 4 0.267018
47 3 0.354014
47 2 0.383327
47 8 0.384483
47 11 0.390399
47 0 0.417329
47 14 0.412370
47 33 0.400977
47 29 0.412496
47 44 0.442293
47 5 0.507253
47 49 0.451025
47 9 0.506512
47 31 0.478837
47 13 0.504819
47 28 0.484019
47 35 0.484279
47 12 0.526721
47 32 0.502928
47 7 0.535163
47 30 0.510425
47 20 0.528390
47 40 0.504276
47 24 0.528357
47 16 0.564080
47 45 0.526504
47 10 0.577341
47 23 0.576187
47 1 0.601998
47 6 0.597302
47 27 0.572469
47 22 0.588086
47 48 0.560802
47 26 0.597328
47 25 0.619496
47 39 0.604537
47 17 0.642580
47 41 0.619325
47 18 0.663124
47 37 0.658189
47 19 0.685780
47 34 0.669469
47 15 0.708001
47 46 0.676548
47 36 0.703964
47 47 0.690480
47 43 0.709768
47 21 0.749115
47 50 0.719532
47 42 0.748574
47 38 0.835725
48 9 0.313602
48 10 0.339556
48 2 0.354772
48 8 0.351861
48 3 0.358354
48 11 0.374702
48 1 0.392131
48 5 0.391444
48 4 0.419972
48 33 0.377100
48 7 0.418621
48 0 0.435693
48 13 0.440058
48 31 0.417548
48 20 0.449384
48 12 0.507270
48 29 0.480138
48 28 0.487880
48 15 0.525167
48 17 0.524329
48 6 0.539873
48 25 0.534364
48 35 0.522060
48 32 0.529518
48 27 0.543244
48 44 0.519169
48 14 0.584719
48 30 0.556195
48 38 0.545966
48 22 0.580241
48 24 0.583241
48 18 0.594690
48 21 0.596929
48 34 0.577135
48 45 0.561721
48 46 0.560804
48 49 0.568106
48 43 0.601373
48 23 0.637076
48 41 0.624619
48 47 0.625421
48 39 0.636673
48 48 0.632569
48 19 0.681643
48 36 0.690073
48 40 0.692574
48 37 0.699757
48 26 0.736870
48 16 0.767645
48 42 0.725354
48 50 0.737463
49 8 0.684276
49 44 0.648594
49 4 0.720685
49 32 0.698663
49 10 0.721466
49 2 0.732855
49 47 0.722763
49 0 0.779474
49 39 0.745119
49 23 0.765891
49 22 0.776579
49 11 0.809825
49 35 0.833668
49 30 0.845541
49 31 0.916415
49 43 0.908065
49 24 0.962226
49 46 0.943513
49 28 0.970298
49 33 0.987478
49 29 1.012621
49 3 1.051148
49 17 1.044020
49 9 1.071814
49 14 1.070422
49 42 1.064355
49 12 1.107581
49 48 1.079166
49 15 1.134208
49 37 1.129083
49 20 1.234445
49 19 1.236589
49 27 1.231823
49 26 1.235054
49 16 1.245195
49 7 1.255119
49 21 1.241567
49 5 1.290130
49 36 1.263842
49 13 1.288589
49 25 1.282948
49 1 1.315774
49 18 1.319763
49 34 1.326802
49 40 1.321078
49 50 1.321958
49 38 1.365884
49 6 1.432930
49 41 1.416803
49 49 1.408772
49 45 1.438555
50 9 0.388486
50 13 0.407900
50 8 0.420342
50 10 0.424931
50 3 0.483139
50 31 0.441507
50 1 0.486035
50 5 0.481654
50 2 0.507327
50 7 0.503329
50 4 0.508117
50 6 0.507811
50 0 0.531526
50 44 0.467700
50 33 0.501080
50 29 0.509227
50 28 0.513618
50 12 0.574439
50 22 0.558157
50 14 0.587931
50 32 0.562108
50 30 0.565862
50 11 0.602734
50 16 0.605072
50 19 0.608524
50 15 0.617191
50 42 0.584918
50 24 0.634983
50 43 0.606608
50 18 0.649739
50 39 0.616742
50 17 0.655281
50 50 0.609342
50 40 0.634990
50 47 0.639268
50 21 0.678805
50 36 0.662933
50 49 0.647835
50 26 0.686084
50 34 0.675742
50 27 0.692013
50 41 0.683148
50 35 0.693796
50 45 0.685130
50 23 0.729533
50 37 0.713366
50 38 0.716739
50 25 0.752325
50 20 0.763855
50 48 0.727198
50 46 0.739716
51 11 0.416245
51 28 0.473287
51 12 0.567613
51 14 0.651810
51 7 0.664254
51 36 0.660726
51 18 0.690604
51 9 0.739992
51 0 0.760432
51 29 0.743799
51 30 0.757097
51 19 0.777633
51 16 0.788307
51 35 0.775168
51 44 0.659876
51 40 0.672941
51 13 0.818347
51 15 0.834181
51 1 0.848949
51 33 0.834555
51 38 0.766340
51 10 0.944626
51 5 0.955569
51 22 0.970709
51 39 0.859316
51 31 0.988642
51 24 1.022604
51 41 0.920646
51 8 1.071520
51 4 1.076058
51 32 1.058891
51 17 1.099871
51 50 0.884587
51 3 1.225130
51 20 1.214048
51 49 0.984197
51 42 1.111510
51 37 1.147716
51 46 1.073088
51 26 1.251311
51 45 1.128713
51 47 1.047580
51 43 1.167616
51 34 1.289297
51 48 1.095700
51 6 1.338430
51 25 1.332887
51 27 1.336651
51 2 1.374540
51 21 1.365570
51 23 1.409579
52 0 0.350054
52 3 0.403508
52 5 0.401725
52 10 0.396981
52 12 0.395380
52 11 0.403208
52 4 0.417010
52 7 0.426322
52 33 0.414979
52 2 0.477940
52 6 0.474429
52 9 0.471790
52 1 0.484631
52 29 0.474568
52 44 0.467737
52 30 0.495687
52 8 0.528068
52 32 0.506928
52 31 0.514081
52 47 0.512142
52 23 0.553578
52 15 0.570361
52 26 0.567137
52 25 0.568348
52 24 0.612375
52 28 0.623694
52 13 0.642151
52 46 0.603517
52 37 0.616293
52 38 0.616045
52 22 0.640572
52 45 0.607935
52 16 0.655993
52 20 0.651105
52 14 0.659281
52 50 0.621875
52 36 0.656898
52 48 0.641477
52 49 0.640737
52 27 0.674830
52 17 0.694603
52 35 0.674273
52 42 0.684460
52 34 0.735985
52 19 0.765801
52 18 0.768019
52 43 0.733356
52 41 0.737731
52 40 0.752550
52 21 0.812121
52 39 0.827331
53 13 0.377330
53 14 0.379722
53 8 0.424939
53 4 0.431871
53 32 0.411813
53 10 0.437777
53 9 0.458212
53 28 0.466698
53 12 0.488907
53 0 0.534498
53 30 0.513924
53 1 0.590541
53 29 0.560050
53 11 0.583839
53 5 0.598548
53 31 0.597449
53 19 0.617275
53 17 0.620778
53 42 0.586806
53 44 0.585649
53 34 0.599888
53 2 0.653912
53 22 0.633113
53 21 0.639597
53 48 0.603999
53 3 0.665189
53 24 0.650111
53 40 0.644342
53 33 0.665970
53 36 0.663003
53 26 0.697291
53 38 0.682221
53 20 0.706751
53 50 0.674891
53 18 0.723274
53 49 0.685633
53 46 0.695438
53 39 0.706437
53 45 0.701402
53 7 0.754652
53 6 0.756401
53 27 0.733412
53 15 0.753193
53 43 0.719842
53 35 0.764258
53 16 0.805734
53 41 0.789353
53 25 0.819077
53 37 0.810520
53 23 0.886190
53 47 0.857117
54 15 0.803801
54 30 0.790246
54 1 0.944856
54 49 0.897639
54 10 0.937216
54 18 0.930298
54 46 0.902053
54 14 0.934932
54 44 0.905298
54 6 0.946356
54 42 0.911914
54 8 0.950405
54 31 0.966276
54 43 0.959179
54 21 0.997066
54 20 1.025925
54 28 1.036719
54 50 1.017455
54 33 1.036372
54 16 1.065636
54 12 1.077621
54 38 1.064111
54 36 1.098150
54 40 1.103605
54 32 1.115768
54 27 1.122733
54 41 1.135942
54 13 1.167084
54 37 1.144328
54 11 1.182633
54 7 1.202501
54 4 1.218963
54 9 1.237124
54 0 1.249971
54 29 1.222088
54 34 1.229505
54 45 1.239444
54 48 1.255298
54 26 1.283237
54 22 1.291117
54 2 1.311691
54 39 1.293389
54 25 1.308640
54 3 1.368106
54 17 1.400903
54 24 1.405351
54 35 1.395221
54 47 1.407677
54 5 1.454585
54 23 1.464049
54 19 1.478299
55 8 0.316789
55 9 0.386828
55 12 0.410796
55 1 0.432926
55 11 0.426147
55 0 0.471170
55 2 0.490595
55 38 0.493201
55 3 0.539615
55 5 0.546186
55 17 0.534441
55 14 0.546689
55 16 0.550804
55 10 0.580026
55 4 0.595546
55 28 0.567893
55 33 0.568864
55 7 0.609459
55 32 0.583258
55 25 0.625338
55 31 0.619819
55 29 0.631495
55 44 0.613880
55 13 0.656962
55 23 0.645126
55 30 0.639910
55 42 0.656291
55 43 0.675868
55 40 0.690768
55 35 0.701854
55 49 0.721966
55 18 0.798227
55 47 0.770794
55 20 0.813541
55 36 0.805975
55 24 0.835836
55 6 0.859160
55 22 0.849203
55 34 0.844942
55 50 0.830829
55 37 0.853160
55 46 0.846655
55 27 0.885110
55 41 0.870910
55 15 0.930370
55 45 0.895372
55 39 0.928395
55 26 0.949926
55 21 0.958364
55 19 0.973613
55 48 0.978337
56 5 0.337272
56 8 0.351987
56 11 0.354466
56 0 0.403223
56 10 0.440686
56 13 0.438636
56 3 0.450107
56 4 0.449699
56 20 0.431693
56 14 0.445658
56 33 0.429269
56 31 0.457042
56 9 0.483535
56 6 0.498575
56 12 0.494362
56 28 0.477279
56 32 0.471159
56 29 0.489504
56 22 0.509544
56 30 0.510569
56 24 0.522961
56 44 0.503005
56 23 0.537460
56 25 0.535359
56 7 0.561406
56 37 0.536935
56 17 0.579853
56 47 0.546454
56 16 0.587239
56 19 0.584389
56 49 0.546781
56 26 0.582891
56 27 0.582371
56 15 0.604584
56 2 0.618724
56 41 0.581365
56 21 0.612354
56 1 0.635236
56 50 0.576327
56 34 0.606400
56 36 0.641596
56 35 0.669587
56 18 0.702792
56 38 0.683783
56 42 0.678750
56 46 0.690012
56 40 0.703711
56 43 0.704841
56 39 0.723362
56 45 0.723387
56 48 0.732214
57 8 0.673974
57 13 0.701530
57 30 0.924906
57 18 0.937991
57 28 0.928355
57 32 0.924479
57 45 0.912092
57 31 0.926613
57 41 0.922053
57 9 0.994883
57 12 0.996426
57 5 1.017276
57 43 1.048189
57 11 1.090114
57 3 1.120886
57 6 1.122232
57 1 1.138192
57 48 1.103368
57 21 1.171770
57 14 1.192384
57 38 1.172812
57 2 1.264739
57 33 1.234430
57 50 1.217779
57 15 1.258087
57 23 1.255527
57 29 1.254666
57 0 1.300579
57 4 1.311939
57 10 1.306464
57 44 1.285699
57 36 1.349639
57 16 1.420841
57 24 1.451783
57 22 1.458191
57 26 1.492249
57 34 1.489198
57 40 1.495595
57 39 1.529320
57 42 1.533322
57 46 1.540259
57 17 1.570073
57 35 1.562419
57 25 1.583470
57 27 1.616328
57 47 1.620544
57 20 1.651696
57 7 1.680570
57 19 1.681733
57 49 1.694688
57 37 1.719233
58 13 0.419805
58 30 0.494274
58 32 0.553661
58 3 0.605708
58 0 0.612915
58 14 0.657188
58 28 0.647095
58 33 0.679990
58 31 0.685972
58 9 0.835934
58 8 0.842107
58 39 0.861323
58 4 0.910848
58 10 0.912624
58 29 0.903629
58 38 0.891467
58 6 0.934075
58 23 0.918512
58 44 0.960405
58 36 1.006129
58 43 1.004218
58 16 1.053496
58 41 1.021579
58 1 1.078343
58 27 1.052916
58 11 1.075407
58 34 1.057455
58 2 1.102200
58 25 1.084624
58 5 1.110523
58 48 1.055442
58 15 1.103455
58 12 1.116952
58 17 1.136036
58 42 1.179176
58 7 1.231319
58 19 1.228133
58 46 1.207165
58 37 1.237003
58 21 1.313619
58 35 1.300853
58 22 1.334593
58 26 1.336004
58 20 1.363103
58 40 1.337939
58 24 1.495063
58 18 1.589483
58 49 1.556780
58 50 1.562508
58 45 1.643643
58 47 1.784771
59 11 0.341803
59 12 0.351242
59 8 0.399374
59 1 0.429847
59 5 0.431293
59 31 0.419667
59 33 0.439207
59 9 0.505989
59 10 0.588168
59 0 0.603037
59 30 0.572880
59 32 0.618837
59 20 0.665461
59 28 0.702278
59 38 0.694526
59 29 0.736790
59 4 0.773408
59 14 0.774484
59 2 0.795206
59 13 0.814696
59 36 0.785499
59 43 0.775690
59 34 0.792462
59 3 0.853636
59 25 0.828197
59 17 0.838958
59 16 0.841581
59 44 0.802514
59 18 0.870729
59 19 0.870242
59 23 0.864896
59 45 0.899633
59 7 0.957863
59 50 0.910898
59 15 0.977929
59 26 0.976087
59 21 0.995762
59 40 0.975866
59 35 0.995884
59 48 0.976073
59 24 1.018119
59 49 0.981796
59 42 1.013325
59 6 1.061693
59 41 1.025158
59 22 1.053780
59 47 1.017693
59 37 1.082965
59 46 1.088984
59 39 1.120216
59 27 1.178621
60 13 0.415627
60 32 0.398327
60 5 0.522238
60 12 0.543513
60 0 0.574113
60 23 0.578978
60 33 0.632232
60 8 0.678915
60 14 0.715200
60 15 0.727413
60 10 0.737219
60 4 0.748734
60 29 0.728048
60 43 0.709841
60 31 0.725602
60 9 0.756233
60 27 0.743092
60 35 0.772419
60 26 0.789178
60 44 0.768515
60 28 0.798835
60 20 0.835809
60 39 0.822576
60 30 0.836635
60 11 0.861400
60 45 0.821451
60 18 0.885069
60 42 0.859988
60 7 0.913820
60 16 0.914028
60 3 0.935597
60 36 0.911567
60 2 0.967046
60 1 0.992941
60 25 0.978640
60 50 0.955183
60 48 0.962361
60 17 1.053353
60 47 1.046916
60 21 1.116044
60 40 1.103663
60 49 1.096745
60 22 1.144412
60 38 1.128522
60 6 1.192521
60 34 1.175745
60 46 1.160985
60 19 1.204999
60 37 1.182605
60 41 1.178587
60 24 1.228242
61 1 0.767323
61 0 0.824572
61 4 0.810185
61 5 0.865418
61 14 0.486674
61 11 0.566191
61 13 0.552236
61 9 0.639195
61 2 0.932725
61 8 0.704574
61 10 0.677356
61 12 0.645152
61 6 0.855142
61 3 1.064827
61 7 0.967179
61 32 0.265309
61 29 0.353505
61 15 0.845827
61 28 0.388254
61 33 0.416361
61 18 0.660835
61 31 0.430044
61 16 0.806819
61 19 0.761741
61 30 0.529715
61 20 0.748619
61 44 0.416405
61 17 0.893820
61 24 0.675790
61 36 0.576779
61 23 0.716545
61 27 0.677499
61 22 0.800058
61 35 0.671255
61 25 0.744408
61 21 0.866004
61 38 0.681554
61 43 0.651953
61 48 0.556194
61 26 0.809995
61 40 0.697165
61 46 0.609404
61 37 0.752735
61 34 0.781993
61 41 0.735465
61 45 0.715458
61 39 0.820304
61 42 0.786101
61 50 0.706745
61 49 0.734170
61 47 0.789224
62 5 0.296701
62 0 0.332477
62 1 0.339136
62 11 0.356813
62 3 0.375785
62 10 0.372639
62 4 0.389345
62 12 0.419819
62 8 0.427525
62 2 0.489220
62 44 0.563249
62 6 0.618367
62 9 0.625436
62 30 0.748519
62 28 0.812595
62 20 0.825821
62 7 0.839461
62 32 0.851536
62 13 0.881807
62 29 0.872783
62 45 0.853808
62 24 0.898329
62 21 0.920535
62 14 0.936305
62 25 0.934089
62 17 0.993461
62 36 0.982862
62 48 0.996358
62 33 1.028650
62 26 1.079581
62 16 1.127233
62 31 1.120894
62 35 1.119781
62 41 1.151278
62 27 1.189605
62 47 1.171091
62 40 1.238529
62 46 1.234424
62 50 1.235493
62 23 1.278248
62 18 1.302011
62 19 1.310249
62 39 1.336465
62 15 1.449109
62 43 1.418913
62 42 1.421834
62 37 1.430947
62 38 1.438517
62 34 1.444498
62 22 1.486107
62 49 1.461122
63 13 0.409367
63 8 0.415670
63 12 0.422469
63 9 0.456535
63 11 0.462990
63 31 0.460157
63 10 0.490732
63 14 0.494758
63 5 0.508274
63 29 0.480233
63 0 0.532923
63 7 0.543226
63 32 0.515646
63 30 0.519733
63 28 0.527670
63 4 0.565451
63 33 0.530985
63 2 0.591002
63 44 0.558550
63 35 0.587905
63 6 0.680401
63 3 0.683438
63 15 0.693676
63 43 0.683898
63 16 0.758640
63 19 0.778935
63 1 0.801620
63 24 0.781233
63 40 0.766994
63 22 0.805409
63 34 0.790024
63 25 0.807382
63 47 0.785787
63 27 0.821042
63 21 0.828977
63 42 0.804666
63 18 0.850493
63 38 0.828736
63 37 0.833665
63 50 0.826702
63 17 0.880062
63 36 0.863494
63 39 0.864342
63 46 0.861875
63 49 0.873571
63 23 0.928968
63 20 0.943162
63 26 0.935700
63 48 0.915173
63 45 0.944126
63 41 0.981547
64 8 0.393583
64 3 0.581864
64 11 0.458428
64 10 0.548797
64 1 0.749373
64 0 0.874777
64 14 0.585674
64 9 0.686326
64 12 0.600654
64 5 0.813594
64 6 0.882346
64 2 1.019579
64 13 0.782927
64 29 0.478015
64 7 1.025179
64 28 0.524769
64 16 0.863910
64 4 1.212739
64 17 0.873263
64 19 0.731188
64 32 0.516601
64 31 0.574125
64 22 0.801249
64 30 0.616721
64 33 0.500283
64 44 0.456286
64 15 1.147093
64 25 0.851533
64 26 0.830684
64 27 0.821924
64 35 0.603903
64 20 0.979654
64 24 0.952490
64 36 0.668140
64 40 0.678990
64 45 0.630775
64 18 1.169542
64 23 1.083210
64 21 1.151244
64 42 0.765345
64 34 0.812113
64 38 0.782621
64 39 0.783004
64 47 0.698337
64 43 0.837705
64 48 0.643954
64 49 0.657273
64 46 0.789553
64 37 0.903168
64 41 0.920823
64 50 0.702119
65 9 0.359988
65 5 0.418012
65 11 0.388475
65 3 0.485809
65 1 0.510949
65 10 0.494964
65 8 0.505973
65 0 0.702718
65 7 0.561851
65 12 0.518991
65 14 0.381948
65 2 0.671463
65 4 0.827708
65 16 0.537070
65 13 0.774975
65 6 0.946737
65 18 0.547111
65 30 0.269902
65 28 0.427997
65 32 0.305999
65 26 0.487925
65 27 0.465792
65 23 0.556699
65 20 0.700166
65 22 0.608451
65 31 0.426763
65 24 0.608781
65 19 0.710296
65 29 0.448092
65 34 0.458597
65 17 0.891835
65 25 0.727618
65 35 0.482730
65 44 0.303331
65 33 0.578568
65 38 0.455772
65 15 1.050991
65 50 0.301669
65 42 0.396899
65 43 0.401790
65 21 0.921859
65 36 0.523395
65 47 0.378322
65 45 0.406449
65 39 0.544636
65 37 0.578814
65 48 0.385878
65 46 0.443466
65 40 0.588539
65 41 0.547537
65 49 0.458884
66 8 0.286128
66 10 0.290268
66 0 0.305913
66 1 0.305981
66 4 0.359349
66 6 0.419798
66 9 0.578810
66 30 0.551805
66 3 0.585239
66 32 0.641021
66 2 0.677581
66 20 0.674601
66 7 0.695957
66 19 0.731568
66 36 0.761122
66 15 0.790543
66 49 0.745946
66 14 0.798887
66 13 0.812873
66 16 0.812141
66 29 0.916741
66 5 0.947048
66 31 0.915401
66 21 0.930712
66 17 0.937521
66 33 0.914482
66 26 0.925665
66 50 0.960761
66 41 1.031094
66 43 1.029437
66 35 1.045939
66 24 1.071644
66 28 1.190103
66 34 1.198718
66 37 1.205132
66 25 1.228266
66 40 1.222319
66 12 1.261477
66 22 1.256942
66 11 1.276430
66 42 1.247270
66 27 1.276373
66 44 1.326557
66 39 1.461639
66 45 1.463376
66 48 1.480499
66 46 1.553264
66 23 1.635041
66 47 1.617502
66 18 1.665737
66 38 1.768614
67 10 0.335660
67 9 0.379450
67 11 0.558705
67 0 0.575721
67 8 0.588729
67 28 0.572689
67 32 0.603352
67 31 0.630048
67 2 0.694298
67 18 0.679861
67 29 0.777804
67 19 0.796560
67 47 0.763832
67 16 0.804125
67 14 0.818867
67 20 0.820286
67 44 0.798713
67 33 0.812594
67 15 0.849370
67 50 0.803857
67 3 0.882932
67 7 0.886740
67 12 0.882939
67 13 0.884952
67 5 0.904528
67 30 0.877912
67 24 0.911613
67 37 0.904981
67 1 0.969343
67 6 0.978847
67 26 1.024228
67 27 1.029723
67 42 1.021217
67 39 1.031315
67 45 1.027208
67 41 1.037902
67 40 1.053459
67 21 1.086039
67 36 1.085140
67 49 1.079523
67 48 1.089336
67 35 1.111361
67 46 1.115619
67 25 1.155479
67 4 1.186084
67 22 1.173916
67 38 1.154948
67 17 1.198028
67 23 1.213063
67 34 1.206168
67 43 1.204913
68 28 0.771826
68 24 0.857472
68 50 0.955050
68 22 1.085823
68 3 1.105894
68 34 1.115967
68 35 1.133695
68 43 1.135937
68 19 1.297697
68 14 1.342622
68 16 1.343418
68 36 1.332962
68 30 1.372696
68 8 1.428385
68 39 1.396816
68 11 1.426891
68 6 1.432699
68 20 1.419295
68 12 1.430537
68 32 1.411944
68 31 1.413979
68 13 1.433282
68 10 1.483530
68 40 1.452206
68 29 1.465021
68 44 1.449859
68 5 1.497944
68 2 1.509237
68 9 1.512224
68 0 1.567988
68 26 1.551232
68 42 1.559054
68 38 1.575598
68 33 1.593222
68 37 1.619405
68 27 1.677834
68 4 1.730155
68 49 1.687662
68 46 1.693927
68 25 1.794118
68 23 1.806213
68 48 1.782588
68 21 1.817238
68 15 1.857054
68 1 1.874245
68 7 1.873841
68 17 1.868389
68 18 1.882319
68 45 1.861967
68 41 1.913502
68 47 1.918617
69 4 0.397570
69 7 0.451517
69 33 0.428591
69 31 0.455354
69 17 0.519730
69 32 0.498928
69 0 0.548909
69 28 0.534218
69 10 0.571689
69 13 0.579113
69 2 0.602765
69 5 0.605633
69 9 0.602240
69 14 0.597470
69 30 0.600715
69 44 0.611879
69 8 0.668097
69 11 0.665460
69 3 0.694356
69 12 0.690639
69 1 0.703384
69 29 0.696940
69 20 0.716509
69 47 0.680383
69 18 0.723532
69 42 0.698006
69 45 0.693002
69 39 0.717306
69 40 0.722815
69 23 0.785765
69 41 0.785748
69 6 0.837926
69 25 0.815097
69 15 0.830966
69 43 0.792607
69 19 0.826202
69 36 0.818040
69 49 0.798394
69 48 0.801077
69 38 0.825815
69 22 0.866694
69 27 0.870327
69 26 0.878069
69 37 0.871190
69 24 0.889746
69 34 0.890687
69 46 0.890751
69 16 0.938623
69 50 0.899692
69 35 0.939726
69 21 0.970707
70 10 0.390517
70 11 0.395334
70 28 0.633686
70 2 0.668650
70 9 0.690204
70 6 0.736041
70 32 0.738377
70 4 0.783468
70 14 0.780299
70 33 0.808188
70 8 0.925778
70 12 0.935884
70 44 0.991245
70 45 1.035663
70 43 1.042697
70 23 1.081304
70 0 1.113416
70 1 1.120962
70 18 1.128249
70 3 1.211376
70 5 1.225101
70 37 1.217511
70 26 1.244887
70 35 1.242625
70 13 1.289154
70 30 1.293788
70 46 1.302128
70 34 1.444503
70 7 1.480250
70 31 1.464110
70 39 1.452541
70 21 1.500281
70 41 1.474722
70 25 1.534615
70 22 1.593335
70 42 1.572354
70 29 1.597887
70 27 1.602613
70 50 1.598504
70 24 1.638212
70 15 1.662923
70 17 1.822387
70 38 1.801360
70 47 1.787825
70 36 1.871739
70 40 1.910283
70 49 1.910230
70 19 1.961982
70 16 2.026162
70 20 2.149688
70 48 2.120584
71 8 0.364349
71 10 0.424131
71 29 0.424447
71 28 0.502788
71 9 0.587961
71 31 0.581393
71 14 0.627254
71 3 0.643838
71 44 0.600041
71 30 0.627926
71 32 0.637681
71 0 0.708165
71 20 0.731756
71 13 0.751678
71 5 0.765687
71 33 0.750111
71 11 0.783960
71 47 0.759952
71 2 0.860025
71 1 0.887969
71 12 0.880835
71 23 0.891726
71 16 1.031909
71 41 1.002212
71 40 1.009382
71 38 1.038684
71 42 1.047103
71 4 1.096431
71 18 1.088286
71 37 1.069678
71 19 1.110268
71 27 1.103641
71 48 1.078558
71 39 1.093731
71 17 1.133450
71 21 1.130267
71 22 1.134117
71 15 1.144055
71 25 1.131260
71 36 1.135196
71 26 1.148377
71 49 1.120599
71 35 1.163656
71 7 1.244746
71 46 1.222405
71 24 1.273706
71 50 1.250877
71 34 1.295531
71 43 1.320284
71 45 1.335266
71 6 1.520906
72 0 0.384877
72 3 0.393330
72 14 0.428919
72 12 0.438900
72 8 0.452194
72 13 0.457392
72 9 0.462451
72 2 0.597864
72 31 0.567649
72 28 0.572641
72 25 0.576943
72 5 0.598074
72 4 0.599260
72 15 0.597681
72 20 0.602593
72 7 0.615741
72 48 0.614959
72 32 0.638362
72 6 0.685262
72 11 0.691085
72 30 0.687931
72 27 0.709446
72 44 0.691072
72 24 0.768763
72 26 0.785464
72 36 0.779696
72 33 0.797971
72 35 0.802441
72 10 0.834923
72 22 0.824968
72 29 0.816081
72 17 0.837448
72 1 0.870415
72 39 0.873965
72 50 0.866694
72 18 0.940083
72 42 0.915223
72 34 0.939508
72 19 0.979802
72 41 0.972395
72 43 0.979484
72 38 0.985981
72 16 1.024348
72 21 1.019744
72 45 0.994448
72 47 0.993399
72 40 1.011742
72 46 1.011861
72 23 1.054066
72 49 1.054627
72 37 1.086209
73 10 0.458536
73 8 0.472869
73 44 0.438551
73 32 0.476934
73 13 0.522506
73 30 0.560335
73 2 0.701804
73 9 0.699718
73 42 0.694536
73 12 0.796571
73 50 0.740194
73 29 0.782883
73 1 0.823588
73 21 0.802783
73 39 0.774449
73 36 0.783745
73 0 0.837431
73 28 0.798839
73 14 0.825103
73 31 0.806834
73 43 0.789656
73 11 0.836584
73 33 0.828657
73 5 0.876781
73 35 0.911834
73 27 0.932530
73 17 0.959678
73 41 0.928114
73 7 0.982049
73 3 1.016142
73 15 1.012951
73 4 1.030444
73 49 0.972244
73 16 1.056631
73 45 1.031954
73 46 1.037103
73 26 1.075043
73 20 1.086815
73 6 1.113628
73 25 1.101561
73 48 1.071655
73 22 1.121289
73 23 1.133753
73 18 1.149902
73 24 1.161383
73 40 1.142274
73 37 1.158892
73 47 1.155045
73 34 1.227460
73 38 1.236936
73 19 1.334775
74 10 0.484252
74 8 0.542202
74 7 0.567263
74 11 0.520544
74 2 0.871365
74 6 0.761243
74 9 0.727634
74 13 0.640928
74 12 0.647359
74 3 0.960001
74 14 0.643232
74 0 1.056437
74 1 1.053560
74 28 0.366483
74 18 0.693996
74 16 0.776860
74 33 0.333066
74 15 0.919810
74 32 0.427854
74 5 1.212942
74 31 0.464319
74 19 0.834621
74 22 0.815637
74 26 0.723645
74 30 0.587570
74 29 0.597707
74 4 1.404800
74 27 0.746460
74 37 0.533263
74 20 0.889328
74 25 0.791640
74 23 0.877482
74 43 0.485946
74 17 1.073883
74 21 0.990313
74 34 0.668766
74 44 0.501172
74 42 0.581990
74 40 0.664591
74 46 0.517815
74 50 0.494971
74 38 0.735004
74 47 0.573157
74 35 0.840308
74 39 0.763436
74 24 1.083907
74 48 0.613743
74 36 0.902512
74 41 0.830245
74 45 0.727705
74 49 0.751209
75 12 0.388754
75 44 0.387147
75 10 0.517162
75 32 0.548230
75 9 0.586119
75 13 0.624837
75 31 0.602965
75 8 0.630449
75 11 0.637783
75 29 0.773826
75 0 0.809636
75 30 0.798931
75 1 0.979334
75 7 0.974690
75 14 0.972813
75 19 0.982922
75 35 0.999298
75 28 1.017234
75 37 1.016742
75 39 1.029224
75 20 1.056288
75 33 1.043432
75 21 1.074482
75 36 1.061923
75 49 1.055672
75 6 1.127038
75 22 1.161251
75 34 1.174095
75 42 1.222088
75 5 1.271036
75 50 1.226570
75 26 1.261516
75 46 1.237653
75 23 1.277567
75 3 1.360881
75 18 1.347145
75 48 1.306701
75 41 1.316791
75 2 1.363932
75 15 1.363122
75 40 1.335932
75 17 1.384351
75 43 1.353767
75 16 1.407889
75 25 1.435561
75 24 1.463539
75 45 1.577245
75 27 1.627387
75 47 1.665378
75 4 1.811427
75 38 1.896107
76 44 0.402238
76 11 0.458845
76 28 0.460203
76 12 0.640672
76 14 0.718180
76 9 0.730680
76 29 0.727587
76 33 0.730761
76 10 0.799845
76 31 0.773977
76 32 0.772694
76 0 0.837498
76 15 0.848550
76 1 0.880049
76 13 0.898277
76 8 0.928629
76 4 0.973953
76 30 0.987612
76 2 1.056029
76 7 1.065024
76 40 1.030773
76 23 1.075251
76 22 1.125191
76 50 1.094003
76 16 1.152385
76 6 1.171434
76 5 1.173304
76 3 1.193899
76 21 1.185634
76 48 1.160064
76 42 1.189517
76 35 1.207058
76 49 1.188862
76 34 1.227864
76 43 1.217122
76 19 1.267896
76 24 1.268007
76 38 1.272207
76 17 1.304194
76 20 1.326546
76 41 1.302740
76 25 1.365061
76 47 1.350779
76 36 1.376539
76 18 1.413591
76 46 1.388023
76 37 1.399163
76 26 1.416942
76 45 1.417003
76 39 1.435756
76 27 1.486763
77 10 0.453384
77 30 0.557923
77 44 0.546200
77 32 0.601185
77 45 0.768861
77 36 0.800576
77 14 0.836425
77 13 0.859955
77 28 0.847473
77 46 0.851246
77 12 0.900625
77 9 0.993184
77 8 0.994992
77 0 1.020081
77 11 1.017758
77 37 0.987847
77 31 0.998014
77 21 1.013076
77 5 1.047716
77 1 1.053584
77 23 1.031815
77 29 1.024818
77 35 1.015689
77 50 1.005567
77 47 1.035186
77 3 1.104078
77 33 1.119983
77 17 1.143484
77 49 1.129554
77 24 1.194702
77 15 1.231090
77 41 1.202405
77 27 1.227141
77 40 1.247386
77 6 1.312412
77 38 1.272773
77 2 1.330137
77 42 1.299697
77 48 1.324969
77 34 1.393394
77 43 1.407862
77 18 1.489794
77 19 1.508639
77 39 1.507943
77 16 1.545095
77 25 1.533594
77 7 1.600180
77 26 1.637481
77 20 1.649428
77 4 1.680494
77 22 1.841160
78 9 0.320148
78 14 0.471834
78 29 0.474362
78 20 0.496494
78 13 0.513278
78 31 0.501630
78 12 0.542438
78 44 0.509638
78 27 0.544570
78 28 0.591426
78 11 0.647410
78 1 0.678057
78 3 0.695476
78 10 0.709579
78 32 0.718779
78 30 0.731081
78 8 0.776629
78 37 0.880655
78 22 0.902330
78 21 0.914147
78 0 0.944706
78 45 0.902206
78 16 0.951763
78 40 0.959168
78 24 0.990835
78 25 0.991561
78 33 0.981793
78 6 1.013344
78 17 1.005773
78 4 1.016815
78 23 1.017212
78 46 1.002696
78 42 1.018879
78 34 1.031096
78 19 1.072601
78 2 1.104727
78 43 1.065973
78 47 1.098975
78 26 1.154664
78 5 1.177108
78 48 1.158523
78 15 1.245715
78 39 1.253851
78 7 1.320767
78 38 1.283459
78 18 1.330516
78 36 1.305595
78 49 1.311949
78 35 1.415511
78 50 1.474761
78 41 1.615226
79 8 0.498956
79 28 0.504938
79 29 0.619134
79 14 0.675734
79 33 0.674051
79 27 0.687032
79 31 0.735002
79 30 0.800567
79 0 0.859594
79 9 0.874110
79 44 0.852118
79 23 0.893598
79 35 0.879582
79 10 0.940953
79 22 0.961428
79 6 1.040495
79 41 1.044690
79 12 1.091022
79 39 1.096920
79 46 1.105467
79 32 1.141855
79 50 1.118908
79 11 1.177471
79 13 1.179718
79 2 1.191930
79 45 1.171685
79 24 1.208124
79 3 1.298774
79 36 1.263501
79 4 1.317278
79 40 1.276356
79 5 1.342661
79 15 1.351075
79 1 1.374575
79 34 1.395556
79 19 1.421496
79 49 1.388688
79 42 1.403866
79 25 1.455932
79 21 1.466212
79 38 1.477954
79 26 1.506276
79 7 1.539501
79 18 1.529785
79 47 1.488521
79 37 1.503817
79 16 1.583082
79 20 1.597859
79 48 1.568244
79 43 1.601799
79 17 1.682475
80 8 0.545238
80 10 0.487390
80 1 0.989725
80 9 0.545758
80 11 0.541652
80 13 0.575736
80 14 0.552022
80 12 0.620171
80 0 1.352518
80 30 0.467880
80 3 1.436880
80 4 1.337477
80 28 0.483472
80 32 0.507240
80 5 1.425872
80 29 0.601246
80 31 0.670917
80 17 0.991670
80 19 0.945535
80 33 0.751397
80 7 1.425817
80 44 0.696180
80 2 1.777353
80 6 1.613226
80 18 1.062479
80 21 0.959266
80 26 0.891225
80 16 1.245444
80 20 1.084943
80 35 0.941159
80 39 0.951819
80 15 1.391003
80 22 1.172057
80 43 1.017019
80 38 1.060386
80 48 0.993085
80 24 1.175233
80 27 1.185732
80 23 1.239068
80 25 1.205073
80 47 1.116820
80 40 1.203131
80 37 1.230134
80 36 1.247884
80 45 1.227739
80 42 1.295525
80 50 1.192274
80 46 1.284995
80 41 1.372923
80 49 1.310222
80 34 1.410932
81 10 0.471050
81 13 0.471028
81 3 0.652850
81 14 0.650848
81 31 0.661125
81 5 0.774218
81 32 0.785747
81 8 0.830259
81 1 0.853359
81 29 0.844693
81 33 0.884441
81 20 0.929833
81 28 0.919366
81 19 1.000022
81 9 1.017083
81 16 1.014486
81 11 1.027154
81 22 1.021614
81 30 1.015745
81 24 1.029503
81 25 1.038740
81 44 1.089632
81 12 1.214306
81 42 1.186202
81 46 1.264872
81 47 1.331459
81 0 1.397804
81 26 1.408021
81 38 1.401482
81 23 1.440270
81 17 1.452850
81 39 1.424900
81 4 1.469061
81 35 1.447542
81 49 1.431283
81 18 1.476801
81 2 1.523092
81 7 1.572256
81 37 1.546465
81 15 1.580907
81 21 1.594326
81 43 1.587595
81 50 1.585003
81 41 1.596422
81 34 1.606789
81 27 1.615770
81 36 1.625439
81 40 1.630805
81 6 1.689690
81 45 1.668661
81 48 1.840415
82 14 0.641739
82 10 0.739031
82 13 0.739498
82 8 0.795352
82 11 0.806660
82 1 1.054340
82 0 1.063952
82 9 0.845176
82 12 0.894193
82 6 1.011837
82 3 1.185063
82 2 1.461523
82 29 0.655466
82 44 0.577852
82 16 1.443122
82 15 1.448015
82 28 0.815243
82 32 0.720650
82 4 1.682782
82 5 1.633098
82 33 0.734140
82 30 0.790942
82 7 1.551635
82 31 0.777870
82 22 1.050643
82 19 1.226766
82 21 1.169127
82 27 1.033001
82 36 0.883333
82 23 1.184176
82 40 0.972970
82 26 1.180620
82 24 1.227704
82 35 1.089841
82 38 1.062123
82 20 1.527485
82 45 1.020776
82 17 1.759552
82 47 0.973178
82 43 1.181852
82 39 1.257014
82 34 1.305835
82 37 1.274093
82 18 1.773435
82 25 1.487089
82 48 1.143606
82 41 1.283400
82 50 1.189361
82 49 1.250485
82 42 1.366231
82 46 1.312447
83 9 0.527635
83 44 0.545637
83 3 0.644465
83 10 0.657626
83 0 0.755739
83 28 0.764695
83 12 0.809521
83 2 0.856792
83 16 0.844116
83 7 0.868702
83 11 0.866916
83 32 0.850752
83 18 0.870921
83 49 0.851365
83 5 0.907730
83 14 0.908282
83 1 0.922530
83 8 0.923989
83 30 0.909263
83 29 0.930610
83 13 0.975474
83 31 0.955584
83 33 0.955949
83 48 0.940892
83 40 0.980306
83 19 1.014547
83 42 1.011972
83 36 1.027745
83 24 1.070444
83 4 1.099278
83 15 1.091462
83 38 1.071127
83 50 1.054826
83 26 1.090026
83 27 1.096503
83 23 1.148168
83 6 1.184576
83 41 1.173857
83 35 1.220639
83 37 1.224911
83 43 1.225725
83 25 1.251575
83 20 1.258921
83 22 1.266928
83 45 1.285010
83 34 1.301591
83 39 1.312026
83 21 1.342981
83 47 1.310032
83 46 1.384937
83 17 1.491599
84 13 0.536425
84 9 0.565341
84 28 0.619852
84 11 0.653459
84 10 0.668477
84 12 0.678341
84 31 0.762637
84 8 0.798498
84 30 0.798652
84 14 0.824578
84 32 0.813925
84 33 0.876271
84 29 0.920512
84 23 0.975514
84 4 1.001259
84 44 0.954697
84 0 1.006506
84 17 1.029927
84 34 1.033261
84 2 1.074418
84 21 1.082976
84 18 1.091892
84 7 1.112716
84 1 1.125729
84 24 1.119087
84 5 1.139099
84 47 1.096171
84 41 1.110264
84 46 1.120575
84 27 1.174742
84 22 1.210552
84 38 1.203418
84 48 1.196464
84 36 1.228688
84 49 1.218271
84 40 1.231888
84 19 1.260421
84 16 1.282232
84 20 1.278199
84 50 1.276030
84 26 1.317456
84 39 1.312233
84 25 1.361614
84 42 1.346277
84 45 1.352712
84 6 1.417376
84 3 1.452499
84 15 1.454311
84 35 1.479068
84 37 1.500397
84 43 1.519630
85 8 0.395576
85 9 0.468210
85 3 0.497069
85 14 0.519442
85 5 0.659803
85 31 0.637375
85 11 0.745772
85 10 0.769344
85 29 0.758462
85 12 0.790612
85 30 0.767318
85 28 0.781103
85 4 0.920741
85 44 0.872124
85 27 0.907866
85 32 0.938822
85 2 1.082455
85 13 1.081772
85 1 1.123798
85 37 1.151773
85 7 1.198591
85 0 1.216098
85 19 1.209639
85 38 1.183123
85 33 1.199265
85 22 1.255028
85 40 1.237650
85 24 1.271435
85 36 1.264290
85 45 1.253333
85 15 1.345279
85 6 1.380267
85 34 1.353653
85 17 1.378880
85 20 1.396318
85 41 1.378199
85 35 1.396101
85 43 1.461899
85 23 1.505390
85 47 1.485418
85 26 1.545278
85 46 1.537210
85 50 1.532660
85 25 1.579638
85 48 1.583608
85 49 1.593810
85 42 1.605287
85 39 1.631691
85 21 1.665623
85 16 1.678441
85 18 1.692339
86 10 0.787109
86 14 0.685085
86 9 0.931287
86 13 0.814295
86 4 1.161921
86 11 0.949851
86 8 0.998921
86 0 1.280020
86 6 1.156020
86 12 0.919139
86 2 1.320340
86 15 1.118480
86 20 1.152241
86 30 0.640709
86 28 0.723503
86 32 0.591720
86 44 0.557134
86 1 1.913194
86 5 1.837229
86 29 0.783992
86 31 0.836241
86 33 0.790566
86 16 1.495379
86 3 1.942657
86 18 1.409145
86 21 1.426240
86 7 1.870562
86 17 1.595087
86 36 0.927684
86 19 1.574006
86 26 1.327622
86 27 1.189552
86 46 0.900924
86 24 1.393420
86 38 1.030685
86 37 1.053689
86 22 1.552759
86 45 1.021276
86 25 1.517626
86 40 1.144251
86 34 1.209060
86 35 1.244795
86 41 1.251434
86 48 1.159312
86 47 1.176968
86 42 1.194956
86 23 1.754763
86 39 1.382343
86 49 1.300163
86 43 1.329376
86 50 1.303844
87 29 0.528218
87 28 0.569676
87 9 0.593662
87 11 0.695230
87 14 0.716789
87 30 0.706696
87 32 0.733389
87 31 0.735175
87 12 0.774211
87 8 0.793396
87 44 0.940638
87 21 0.986532
87 13 1.005138
87 15 1.012326
87 10 1.021382
87 1 1.038069
87 47 0.991527
87 3 1.103086
87 6 1.107981
87 33 1.099095
87 27 1.156174
87 16 1.198258
87 19 1.199694
87 0 1.224633
87 37 1.248513
87 22 1.286419
87 24 1.289987
87 4 1.310697
87 38 1.316523
87 36 1.329789
87 26 1.348929
87 40 1.337467
87 46 1.335547
87 2 1.392682
87 25 1.375739
87 5 1.397872
87 17 1.399754
87 49 1.365942
87 34 1.431209
87 48 1.421709
87 42 1.456421
87 45 1.477842
87 35 1.500114
87 23 1.524108
87 7 1.559285
87 41 1.531969
87 18 1.572626
87 50 1.544032
87 43 1.563605
87 39 1.584846
87 20 1.805314
88 9 0.530991
88 14 0.611786
88 44 0.589610
88 10 0.651325
88 13 0.672618
88 12 0.684348
88 11 0.776787
88 8 0.898066
88 5 0.911694
88 33 0.891720
88 30 0.926423
88 1 1.004444
88 28 0.987869
88 0 1.023480
88 31 1.038140
88 29 1.053171
88 18 1.163816
88 32 1.166936
88 7 1.243768
88 2 1.253786
88 4 1.258645
88 3 1.362197
88 40 1.366583
88 43 1.369478
88 35 1.385726
88 26 1.429983
88 47 1.408450
88 24 1.524341
88 19 1.555645
88 49 1.534965
88 23 1.591214
88 46 1.577859
88 42 1.588196
88 16 1.718918
88 50 1.676326
88 22 1.725910
88 39 1.808656
88 15 1.848689
88 25 1.906050
88 6 1.932177
88 20 1.934399
88 41 1.908247
88 34 1.932455
88 48 1.922139
88 36 1.945206
88 38 1.960008
88 21 1.989734
88 37 1.972806
88 27 2.000467
88 17 2.035444
88 45 2.009574
89 8 0.544714
89 30 0.621623
89 9 0.660590
89 44 0.637792
89 29 0.711067
89 12 0.747025
89 14 0.768462
89 13 0.816735
89 11 0.869184
89 32 0.877670
89 31 0.960394
89 5 0.999588
89 1 1.055059
89 28 1.086881
89 10 1.114502
89 33 1.118240
89 4 1.160144
89 0 1.197202
89 20 1.182863
89 3 1.299116
89 7 1.335763
89 15 1.335362
89 35 1.327007
89 43 1.348339
89 41 1.367945
89 24 1.402535
89 18 1.432225
89 36 1.464574
89 26 1.489044
89 23 1.501519
89 34 1.495847
89 16 1.522899
89 50 1.479012
89 6 1.579994
89 40 1.551107
89 22 1.594628
89 2 1.629764
89 27 1.624273
89 49 1.621349
89 45 1.648019
89 38 1.694002
89 25 1.759166
89 21 1.764943
89 37 1.745198
89 42 1.777964
89 17 1.830374
89 47 1.790557
89 46 1.804460
89 48 1.918446
89 19 1.969619
89 39 1.979885
90 14 0.409972
90 13 0.435924
90 10 0.500969
90 31 0.509147
90 11 0.549623
90 8 0.567133
90 44 0.586553
90 9 0.643497
90 12 0.649364
90 29 0.640901
90 5 0.670164
90 33 0.669571
90 32 0.704953
90 3 0.756189
90 0 0.829973
90 16 0.828548
90 30 0.822376
90 43 0.862708
90 1 0.924565
90 28 0.956389
90 38 0.997904
90 2 1.119653
90 6 1.145423
90 21 1.135898
90 45 1.105294
90 20 1.148721
90 19 1.162966
90 18 1.174617
90 27 1.174094
90 26 1.198729
90 47 1.176641
90 17 1.246214
90 4 1.271745
90 46 1.236240
90 23 1.334958
90 36 1.319845
90 49 1.328074
90 37 1.373352
90 25 1.397571
90 15 1.471539
90 22 1.489694
90 24 1.495976
90 40 1.476106
90 42 1.473922
90 41 1.476192
90 7 1.537312
90 39 1.526951
90 35 1.547531
90 48 1.542441
90 34 1.570936
90 50 1.557694
91 12 0.900743
91 11 0.936206
91 8 1.178134
91 21 1.372566
91 1 1.533802
91 33 1.528562
91 29 1.715479
91 48 1.709251
91 23 1.774812
91 30 1.888596
91 31 1.914099
91 42 1.952083
91 28 2.016144
91 9 2.113544
91 13 2.118765
91 2 2.140981
91 44 2.136991
91 14 2.251930
91 0 2.263512
91 10 2.301873
91 32 2.289921
91 38 2.306255
91 40 2.312369
91 37 2.378995
91 41 2.395484
91 50 2.454301
91 5 2.574444
91 43 2.542309
91 49 2.548437
91 24 2.587312
91 46 2.571122
91 35 2.597687
91 47 2.588457
91 15 2.643022
91 3 2.672114
91 34 2.663821
91 27 2.708811
91 7 2.765710
91 19 2.762725
91 17 2.767265
91 45 2.752155
91 4 2.807603
91 22 2.843942
91 25 2.860181
91 6 2.891397
91 18 2.898225
91 16 2.926428
91 26 3.008065
91 39 2.997248
91 20 3.014554
91 36 3.007817
92 28 0.553394
92 9 0.766668
92 33 0.776835
92 31 0.780296
92 13 0.932138
92 21 0.936755
92 10 0.977074
92 14 1.008952
92 3 1.031826
92 30 1.016393
92 32 1.029912
92 2 1.062234
92 11 1.097583
92 44 1.057355
92 12 1.098037
92 4 1.129574
92 0 1.133729
92 8 1.165903
92 5 1.188856
92 1 1.203175
92 29 1.237067
92 50 1.220778
92 40 1.313763
92 25 1.382121
92 49 1.381556
92 37 1.413224
92 42 1.432107
92 35 1.467835
92 19 1.501668
92 27 1.518170
92 41 1.510062
92 15 1.544452
92 17 1.569580
92 7 1.577773
92 23 1.591260
92 38 1.570960
92 26 1.625460
92 43 1.654067
92 47 1.696587
92 6 1.814312
92 45 1.780166
92 34 1.823935
92 18 2.012225
92 36 1.999786
92 46 1.987049
92 16 2.040846
92 20 2.088797
92 22 2.263912
92 24 2.300944
92 48 2.328186
92 39 2.357289
93 11 0.724525
93 32 0.802481
93 31 0.817296
93 13 0.888285
93 12 0.963622
93 20 0.976211
93 9 1.069020
93 19 1.126172
93 8 1.157936
93 7 1.171522
93 28 1.170859
93 29 1.219112
93 21 1.243931
93 14 1.253619
93 10 1.270132
93 33 1.267785
93 30 1.273963
93 44 1.341348
93 15 1.396106
93 5 1.532434
93 1 1.536333
93 3 1.535204
93 27 1.549953
93 16 1.602456
93 23 1.629815
93 22 1.644503
93 18 1.721936
93 39 1.737883
93 0 1.828996
93 43 1.777563
93 42 1.790216
93 34 1.870802
93 47 1.865063
93 40 1.908890
93 2 1.985625
93 45 1.944966
93 6 2.010778
93 25 2.026461
93 41 2.034897
93 4 2.093639
93 17 2.084957
93 26 2.113744
93 36 2.137088
93 50 2.130794
93 49 2.196301
93 24 2.242541
93 38 2.277487
93 46 2.329850
93 35 2.354999
93 37 2.474395
93 48 2.651371
94 9 0.657985
94 33 0.692464
94 8 0.733958
94 30 0.864782
94 14 0.882923
94 10 0.886427
94 32 0.863196
94 0 0.948023
94 12 0.942797
94 1 0.963979
94 28 1.021206
94 34 1.066260
94 29 1.101647
94 2 1.128058
94 5 1.140569
94 31 1.136258
94 35 1.163094
94 44 1.150598
94 20 1.224965
94 26 1.237450
94 13 1.273320
94 47 1.243972
94 11 1.305536
94 43 1.266437
94 45 1.297345
94 19 1.403309
94 23 1.416890
94 7 1.432138
94 25 1.428733
94 40 1.430263
94 36 1.484301
94 46 1.498906
94 22 1.583877
94 38 1.700051
94 4 1.740271
94 24 1.722588
94 18 1.910618
94 17 1.912051
94 16 1.924769
94 21 1.922979
94 3 1.939059
94 49 1.885583
94 39 1.984904
94 6 2.040888
94 42 2.015000
94 27 2.103017
94 15 2.185041
94 37 2.168648
94 41 2.233661
94 50 2.462940
94 48 2.536276
95 8 0.502326
95 44 0.635824
95 14 0.735087
95 5 0.798383
95 33 0.874962
95 32 0.886273
95 10 0.968642
95 0 0.985253
95 30 0.968083
95 15 0.995957
95 29 1.017668
95 12 1.070980
95 18 1.075260
95 11 1.163201
95 31 1.207728
95 17 1.259671
95 13 1.278747
95 9 1.296636
95 36 1.335634
95 49 1.331157
95 27 1.411056
95 43 1.417145
95 28 1.455367
95 3 1.490594
95 37 1.452573
95 25 1.496779
95 7 1.538998
95 6 1.551092
95 21 1.568903
95 46 1.542829
95 45 1.566565
95 47 1.573116
95 34 1.604012
95 2 1.648162
95 26 1.646689
95 16 1.697531
95 41 1.678026
95 4 1.739724
95 40 1.723478
95 42 1.745678
95 20 1.793599
95 48 1.764671
95 1 1.835046
95 22 1.886264
95 35 1.875430
95 50 1.902532
95 24 1.945212
95 19 1.982906
95 23 1.977796
95 39 1.956301
95 38 2.019347
96 29 1.182188
96 13 1.203963
96 12 1.230988
96 14 1.281185
96 30 1.397841
96 36 1.444074
96 9 1.487106
96 11 1.515087
96 43 1.527412
96 10 1.564032
96 33 1.543099
96 38 1.587155
96 44 1.596058
96 31 1.760707
96 42 1.770188
96 28 1.815083
96 32 1.857210
96 1 1.949643
96 25 1.970080
96 7 2.017971
96 8 2.040082
96 15 2.077999
96 50 2.066385
96 0 2.113341
96 17 2.121028
96 45 2.103745
96 4 2.150855
96 6 2.199045
96 46 2.167630
96 23 2.197062
96 37 2.248807
96 5 2.279751
96 49 2.246786
96 24 2.276094
96 26 2.300143
96 20 2.322263
96 39 2.330205
96 47 2.341127
96 16 2.376857
96 40 2.391791
96 18 2.429910
96 22 2.431545
96 48 2.439645
96 3 2.512358
96 35 2.510636
96 41 2.560006
96 2 2.619419
96 27 2.600772
96 34 2.647547
96 19 2.702605
96 21 2.706879
97 9 0.374049
97 29 0.562934
97 11 0.685321
97 8 0.699236
97 28 0.712175
97 32 0.795509
97 31 0.810338
97 10 0.861946
97 5 0.886407
97 0 0.923154
97 3 0.936294
97 24 0.960432
97 1 0.996798
97 21 0.994395
97 30 0.995089
97 14 1.019933
97 13 1.044039
97 44 1.010224
97 20 1.142846
97 4 1.160238
97 45 1.124605
97 19 1.221638
97 6 1.303726
97 23 1.293970
97 33 1.291161
97 48 1.344206
97 34 1.366819
97 17 1.393740
97 37 1.396598
97 25 1.418938
97 38 1.412706
97 22 1.461043
97 12 1.499172
97 18 1.510999
97 7 1.543322
97 40 1.598620
97 49 1.662110
97 46 1.685877
97 35 1.713759
97 26 1.727575
97 50 1.733467
97 39 1.750932
97 41 1.776688
97 2 1.891568
97 27 1.910758
97 43 1.896300
97 15 2.000929
97 42 2.067978
97 36 2.186415
97 16 2.230187
97 47 2.250755
98 8 0.558439
98 31 0.594960
98 10 0.695752
98 12 0.713932
98 28 0.723033
98 11 0.810586
98 32 0.818327
98 14 0.913433
98 1 1.006763
98 9 1.084377
98 0 1.092346
98 3 1.090290
98 34 1.125636
98 27 1.299361
98 33 1.291639
98 23 1.341985
98 30 1.335152
98 4 1.401395
98 29 1.372128
98 17 1.409863
98 22 1.418682
98 13 1.433220
98 6 1.474823
98 44 1.328290
98 19 1.577436
98 26 1.585102
98 50 1.138543
98 36 1.610056
98 38 1.606998
98 20 1.655101
98 7 1.701629
98 18 1.791287
98 5 1.820862
98 24 1.871845
98 43 1.754271
98 2 1.965771
98 35 1.944880
98 37 1.982787
98 42 1.928450
98 25 2.079588
98 16 2.163186
98 40 2.161349
98 21 2.320830
98 47 1.985190
98 41 2.343457
98 15 2.484470
98 39 2.452116
98 45 2.182191
98 46 2.158926
98 48 2.138819
98 49 2.376378
99 30 0.631391
99 8 0.688133
99 10 0.715212
99 13 0.737760
99 9 1.043435
99 33 1.067907
99 29 1.076526
99 32 1.091121
99 38 1.103994
99 35 1.237045
99 11 1.294589
99 28 1.276954
99 12 1.296240
99 0 1.325825
99 43 1.366368
99 21 1.431086
99 42 1.430703
99 14 1.490915
99 49 1.517854
99 31 1.569434
99 47 1.581270
99 27 1.632259
99 44 1.723603
99 5 1.921316
99 17 1.931777
99 41 1.897515
99 20 1.974517
99 15 2.017940
99 36 2.122141
99 23 2.168682
99 37 2.171032
99 50 2.149233
99 2 2.257220
99 39 2.236731
99 48 2.240585
99 26 2.300491
99 3 2.346271
99 24 2.347054
99 7 2.388295
99 1 2.417159
99 16 2.427271
99 46 2.382799
99 19 2.426473
99 4 2.440806
99 45 2.388032
99 18 2.553778
99 22 2.549909
99 34 2.551894
99 40 2.563958
99 6 2.631397
99 25 2.658664
100 9 0.543003
100 28 0.536583
100 8 0.597246
100 30 0.595633
100 32 0.599457
100 44 0.633074
100 31 0.747850
100 29 0.769049
100 33 0.784690
100 11 0.818446
100 3 0.885085
100 5 0.944239
100 14 1.000735
100 2 1.115381
100 1 1.238054
100 42 1.208399
100 0 1.274288
100 39 1.227018
100 13 1.274038
100 50 1.237750
100 19 1.312322
100 10 1.325734
100 48 1.277197
100 7 1.381491
100 12 1.428965
100 17 1.500210
100 49 1.472042
100 43 1.504452
100 47 1.504426
100 21 1.543207
100 4 1.574769
100 6 1.584052
100 26 1.567745
100 36 1.592022
100 15 1.647209
100 25 1.641673
100 27 1.700132
100 41 1.710189
100 38 1.720146
100 23 1.775027
100 35 1.794750
100 40 1.830618
100 18 1.867338
100 20 1.879435
100 16 1.914345
100 22 1.925560
100 45 1.925850
100 46 1.928331
100 24 1.967522
100 34 1.997852
100 37 2.014574
101 11 1.162058
101 31 1.289900
101 10 1.332438
101 0 1.443024
101 47 1.536519
101 1 1.602060
101 45 1.757808
101 2 1.809680
101 14 1.982657
101 15 1.999721
101 36 2.071634
101 13 2.124452
101 8 2.164497
101 39 2.277261
101 22 2.291041
101 6 2.304719
101 7 2.304478
101 3 2.308526
101 20 2.318846
101 12 2.345833
101 30 2.442794
101 26 2.462860
101 40 2.486949
101 21 2.518182
101 42 2.530265
101 16 2.567732
101 4 2.584599
101 41 2.575949
101 38 2.625095
101 43 2.648854
101 29 2.712219
101 9 2.751879
101 44 2.747913
101 48 2.795132
101 28 2.830945
101 49 2.841704
101 33 2.890297
101 32 2.913707
101 5 2.954107
101 24 3.001725
101 25 3.018179
101 27 3.045702
101 19 3.207169
101 46 3.202570
101 35 3.295229
101 50 3.393402
101 37 3.418506
101 18 3.506061
101 17 3.520885
101 34 3.535412
101 23 3.544421
102 9 0.678597
102 12 0.774821
102 13 0.774295
102 30 0.761425
102 8 0.800809
102 33 0.778061
102 44 0.784435
102 11 0.833275
102 10 0.845151
102 28 0.880706
102 14 0.920194
102 1 1.073390
102 32 1.117923
102 5 1.163411
102 31 1.129985
102 2 1.257066
102 29 1.233685
102 27 1.310079
102 22 1.326496
102 49 1.334538
102 17 1.433150
102 26 1.434854
102 3 1.475686
102 25 1.458361
102 6 1.557378
102 36 1.529689
102 23 1.575641
102 0 1.611646
102 4 1.609273
102 24 1.597222
102 39 1.596927
102 45 1.591037
102 38 1.649518
102 20 1.684097
102 41 1.678647
102 46 1.686387
102 34 1.710912
102 42 1.748799
102 43 1.766522
102 37 1.786113
102 7 1.834836
102 47 1.789470
102 18 1.839465
102 19 1.847492
102 48 1.812576
102 35 1.832030
102 21 1.861198
102 40 1.840643
102 15 1.879392
102 50 1.845486
102 16 1.965768
103 9 0.527809
103 10 0.689472
103 11 0.769961
103 12 0.786809
103 8 0.791991
103 29 0.795309
103 28 0.797729
103 13 0.817484
103 31 0.850417
103 32 0.903536
103 30 0.978545
103 14 1.087892
103 19 1.125547
103 6 1.155524
103 2 1.326296
103 45 1.299715
103 44 1.302982
103 4 1.417438
103 48 1.422713
103 36 1.465207
103 33 1.487417
103 20 1.554562
103 18 1.574283
103 1 1.611408
103 0 1.636324
103 3 1.652001
103 50 1.725652
103 22 1.768018
103 43 1.738286
103 7 1.785280
103 15 1.781429
103 42 1.781051
103 40 1.786332
103 16 1.842884
103 21 1.872269
103 5 1.902888
103 39 1.880547
103 17 1.950958
103 26 1.944223
103 24 1.982281
103 49 1.975938
103 37 2.006915
103 46 1.994195
103 27 2.038999
103 23 2.046715
103 35 2.030956
103 34 2.059352
103 41 2.093957
103 25 2.131978
103 47 2.249302
103 38 2.360111
104 11 0.739502
104 28 1.017154
104 9 1.036968
104 13 1.040645
104 31 1.155507
104 12 1.184630
104 32 1.178009
104 30 1.195650
104 47 1.205822
104 10 1.252017
104 14 1.265079
104 44 1.235916
104 23 1.287818
104 8 1.313124
104 38 1.304193
104 39 1.312761
104 33 1.339153
104 29 1.346295
104 50 1.324454
104 43 1.359874
104 48 1.415752
104 49 1.501185
104 3 1.572650
104 4 1.586283
104 6 1.592675
104 24 1.584969
104 18 1.595431
104 45 1.567587
104 5 1.657252
104 46 1.649259
104 7 1.705674
104 17 1.708807
104 0 1.731075
104 15 1.764823
104 36 1.762022
104 1 1.812399
104 42 1.800067
104 34 1.833769
104 20 1.882270
104 2 1.904496
104 16 1.905906
104 27 1.893616
104 19 1.909235
104 25 1.935105
104 40 1.920569
104 21 1.966046
104 22 1.978935
104 26 1.990338
104 41 1.986146
104 35 1.998954
104 37 1.997829
105 11 0.658775
105 12 0.666426
105 8 0.684631
105 10 0.856477
105 32 0.844850
105 29 0.875328
105 13 0.901943
105 31 0.935876
105 28 0.974928
105 0 1.058008
105 30 1.059445
105 9 1.155534
105 44 1.174104
105 14 1.222081
105 40 1.288098
105 33 1.388024
105 24 1.423212
105 6 1.494420
105 5 1.545757
105 2 1.560502
105 38 1.555533
105 48 1.547869
105 45 1.601194
105 16 1.676439
105 1 1.710469
105 23 1.728055
105 3 1.778587
105 4 1.792894
105 20 1.817861
105 46 1.795872
105 18 1.852026
105 42 1.830864
105 47 1.846578
105 41 1.863641
105 7 1.982206
105 43 1.948260
105 37 1.981272
105 39 1.988261
105 35 2.073590
105 27 2.100261
105 36 2.099029
105 22 2.117170
105 15 2.157294
105 50 2.120640
105 25 2.259475
105 21 2.306266
105 34 2.317752
105 19 2.384872
105 26 2.409670
105 17 2.450514
105 49 2.564742
106 11 1.023561
106 8 1.198876
106 30 1.211490
106 12 1.259446
106 44 1.180525
106 33 1.285851
106 28 1.307383
106 32 1.323564
106 14 1.379820
106 9 1.397572
106 10 1.512250
106 5 1.658662
106 29 1.680030
106 1 1.716054
106 13 1.748195
106 31 1.741447
106 20 1.945977
106 15 1.966178
106 7 1.995889
106 19 1.997510
106 3 2.097511
106 25 2.082119
106 43 2.053445
106 41 2.100190
106 42 2.128572
106 49 2.121662
106 37 2.203389
106 38 2.233978
106 22 2.279394
106 40 2.266519
106 34 2.343535
106 6 2.453785
106 26 2.428402
106 2 2.470794
106 39 2.429106
106 45 2.385559
106 0 2.539057
106 4 2.547036
106 36 2.616468
106 48 2.561882
106 47 2.565779
106 21 2.720732
106 23 2.730905
106 27 2.821530
106 46 2.799513
106 17 2.912078
106 24 2.959021
106 18 2.975464
106 16 2.979073
106 50 2.922425
106 35 3.033400
107 9 0.865334
107 44 0.753171
107 11 0.908144
107 32 1.079660
107 10 1.137130
107 29 1.169905
107 13 1.204503
107 8 1.528924
107 1 1.571577
107 14 1.579655
107 27 1.663966
107 30 1.814265
107 12 1.850123
107 2 1.877002
107 33 1.929136
107 28 1.954567
107 39 1.960385
107 17 2.037805
107 48 1.934818
107 31 2.077973
107 7 2.283695
107 26 2.300750
107 49 2.177219
107 38 2.321154
107 40 2.333059
107 16 2.396289
107 35 2.401708
107 18 2.457311
107 3 2.485498
107 25 2.483435
107 41 2.484189
107 22 2.584032
107 47 2.488196
107 0 2.659844
107 43 2.592941
107 45 2.613192
107 21 2.771369
107 23 2.803428
107 15 2.830979
107 46 2.719640
107 5 2.918384
107 19 2.966943
107 42 2.862077
107 4 3.048328
107 6 3.062865
107 37 3.063085
107 36 3.093883
107 24 3.144346
107 50 3.062726
107 34 3.323280
107 20 3.491375
108 30 0.954542
108 10 1.063460
108 32 1.063775
108 12 1.207818
108 8 1.254264
108 28 1.386583
108 14 1.406765
108 27 1.875500
108 24 1.901502
108 33 1.955540
108 36 2.046782
108 9 2.124828
108 22 2.110426
108 13 2.147447
108 40 2.147306
108 29 2.158893
108 5 2.309312
108 44 2.308942
108 11 2.357903
108 31 2.351727
108 7 2.452636
108 39 2.407939
108 49 2.406711
108 48 2.493295
108 35 2.523114
108 4 2.720639
108 15 2.767317
108 19 2.860983
108 25 2.865174
108 45 2.848888
108 42 2.895482
108 0 2.999792
108 6 3.046442
108 34 2.999367
108 46 2.988422
108 37 2.998468
108 26 3.017269
108 50 3.005101
108 20 3.049660
108 41 3.057618
108 38 3.068680
108 2 3.169768
108 3 3.188812
108 23 3.300372
108 18 3.421762
108 16 3.472236
108 43 3.468850
108 1 3.547296
108 17 3.531821
108 21 3.757447
108 47 4.036214
109 32 0.980423
109 8 1.145768
109 12 1.255477
109 14 1.334375
109 28 1.398631
109 11 1.505983
109 13 1.513489
109 43 1.634761
109 9 1.695276
109 19 1.737037
109 44 1.727775
109 25 1.755090
109 16 1.792379
109 22 1.795166
109 33 1.838978
109 50 1.878027
109 31 1.903465
109 10 1.957332
109 40 1.984474
109 30 2.002242
109 38 2.033005
109 17 2.064461
109 26 2.070582
109 2 2.224437
109 29 2.216910
109 48 2.295802
109 27 2.326089
109 23 2.472423
109 34 2.469312
109 35 2.503393
109 37 2.518536
109 3 2.567974
109 4 2.575128
109 21 2.569348
109 15 2.588745
109 41 2.572779
109 46 2.599504
109 42 2.611906
109 7 2.646269
109 18 2.690193
109 39 2.670142
109 36 2.692851
109 6 2.741630
109 24 2.777889
109 0 2.812760
109 49 2.823971
109 45 2.837563
109 5 2.885551
109 20 2.950315
109 1 3.006379
109 47 3.018843
110 13 0.829698
110 11 0.847042
110 12 0.848175
110 14 0.867151
110 9 0.921082
110 8 0.978579
110 28 1.358137
110 10 1.476568
110 32 1.599597
110 0 1.722005
110 30 1.734719
110 44 1.747886
110 6 1.911663
110 7 1.925318
110 31 1.988944
110 3 2.057935
110 5 2.070633
110 16 2.110793
110 24 2.135904
110 17 2.158778
110 20 2.171442
110 29 2.173133
110 2 2.219428
110 21 2.291663
110 33 2.364843
110 4 2.413345
110 46 2.541306
110 50 2.550265
110 1 2.634073
110 15 2.623125
110 27 2.623385
110 18 2.758779
110 26 2.749094
110 19 2.806550
110 23 2.853154
110 45 2.828772
110 42 2.837175
110 40 2.875182
110 49 2.937939
110 41 3.002036
110 25 3.029977
110 47 3.023376
110 48 3.051704
110 34 3.128002
110 38 3.192260
110 37 3.212053
110 36 3.228275
110 39 3.242534
110 43 3.312295
110 35 3.392386
110 22 3.460750
111 12 0.960644
111 31 0.969176
111 30 1.103456
111 28 1.106724
111 8 1.127825
111 32 1.104929
111 33 1.218076
111 14 1.255965
111 9 1.271247
111 44 1.236580
111 29 1.252413
111 10 1.285512
111 47 1.512985
111 5 1.567620
111 22 1.567570
111 2 1.600508
111 43 1.569773
111 4 1.642608
111 0 1.759342
111 49 1.707476
111 45 1.721602
111 39 1.741560
111 13 1.769278
111 26 1.781904
111 37 1.812795
111 1 1.862862
111 41 1.832425
111 46 1.839866
111 25 1.886025
111 11 1.900966
111 3 1.922257
111 17 1.906018
111 6 1.932639
111 23 1.924897
111 19 1.974273
111 48 1.999529
111 21 2.085515
111 15 2.105710
111 38 2.129921
111 18 2.166184
111 20 2.179920
111 27 2.261468
111 42 2.258068
111 36 2.393048
111 16 2.478816
111 34 2.475285
111 50 2.513628
111 7 2.669769
111 35 2.658499
111 24 2.723389
111 40 2.723815
112 13 0.657255
112 9 0.781531
112 12 1.102463
112 14 1.206490
112 11 1.274292
112 8 1.315907
112 29 1.106217
112 28 1.483496
112 0 1.978254
112 31 1.556382
112 6 1.854331
112 5 2.003298
112 10 1.991537
112 2 2.149147
112 33 1.814560
112 44 1.811037
112 36 1.834454
112 24 2.154196
112 23 2.180518
112 17 2.214456
112 30 2.168920
112 3 2.486795
112 45 2.172333
112 7 2.460677
112 32 2.249105
112 15 2.411002
112 22 2.410033
112 25 2.424911
112 1 2.908116
112 37 2.657509
112 26 2.710668
112 4 3.019605
112 27 2.777397
112 50 2.810470
112 42 2.964130
112 47 2.955857
112 21 3.024017
112 39 2.975074
112 20 3.028716
112 41 2.973448
112 38 3.051274
112 35 3.177923
112 16 3.294886
112 49 3.185624
112 19 3.412432
112 34 3.389190
112 46 3.359324
112 43 3.366482
112 48 3.421702
112 40 3.545076
112 18 3.654030
113 11 0.604377
113 10 0.801989
113 9 0.813121
113 12 1.126069
113 33 1.142266
113 29 1.202292
113 14 1.274104
113 13 1.289934
113 0 1.583838
113 8 1.326510
113 5 1.426615
113 1 1.733061
113 49 1.533380
113 21 1.602589
113 6 1.724080
113 4 1.789442
113 32 1.611529
113 7 1.784161
113 30 1.746569
113 31 1.765405
113 20 1.826904
113 28 1.809247
113 16 1.856784
113 18 1.925912
113 36 1.895129
113 44 1.990816
113 50 2.134578
113 35 2.310779
113 15 2.365744
113 17 2.402418
113 41 2.412309
113 3 2.627777
113 45 2.422423
113 19 2.539747
113 39 2.556814
113 46 2.591254
113 25 2.649092
113 24 2.693533
113 2 2.887016
113 47 2.690048
113 38 2.866510
113 42 2.855403
113 34 3.034398
113 40 3.027035
113 48 3.049839
113 26 3.107895
113 43 3.070907
113 27 3.206345
113 23 3.232940
113 22 3.315701
113 37 3.306511
114 10 0.772566
114 12 0.844008
114 13 0.850578
114 28 1.049687
114 11 1.310394
114 9 1.356680
114 0 1.654109
114 5 1.561644
114 1 1.690640
114 44 1.517788
114 31 1.562033
114 32 1.565714
114 8 1.755099
114 3 1.874610
114 19 1.726371
114 4 1.919637
114 33 1.809425
114 24 1.840996
114 16 1.881906
114 37 1.831097
114 14 1.908318
114 2 2.188513
114 29 1.984983
114 30 2.037209
114 39 2.062878
114 7 2.322705
114 15 2.228264
114 6 2.538338
114 42 2.416846
114 40 2.441881
114 43 2.486470
114 50 2.483678
114 25 2.580121
114 34 2.591397
114 17 2.667812
114 36 2.611885
114 48 2.600928
114 26 2.682582
114 46 2.745514
114 35 2.781219
114 22 2.824901
114 18 2.957178
114 41 2.921713
114 45 2.927642
114 49 3.179634
114 21 3.241498
114 27 3.411177
114 20 3.445694
114 47 3.481815
114 38 3.506580
114 23 3.603645
115 9 0.486746
115 10 0.537193
115 11 0.597748
115 8 0.728516
115 14 0.727412
115 32 0.779187
115 31 0.806006
115 12 1.018927
115 28 1.000052
115 29 0.994202
115 30 0.984794
115 36 0.911772
115 13 1.115116
115 17 1.175944
115 21 1.143285
115 44 0.846755
115 5 1.493158
115 1 1.623137
115 24 1.359021
115 7 1.639873
115 6 1.753118
115 19 1.585675
115 0 1.960050
115 18 1.614829
115 2 1.951970
115 33 1.535672
115 23 1.651682
115 38 1.524650
115 26 1.646186
115 22 1.682165
115 3 2.053480
115 35 1.653348
115 48 1.423770
115 25 1.841451
115 45 1.516465
115 49 1.408243
115 27 1.900412
115 37 1.801461
115 4 2.250560
115 16 2.008190
115 39 1.804792
115 20 1.991969
115 15 2.184010
115 43 1.843117
115 46 1.801612
115 41 1.940156
115 40 2.040371
115 42 1.939782
115 34 2.138188
115 47 1.956033
115 50 2.039935
116 9 0.680696
116 13 0.695484
116 14 0.719166
116 31 0.652617
116 12 0.845003
116 11 1.239362
116 29 1.116280
116 8 1.344696
116 0 1.765630
116 10 1.400429
116 3 1.656136
116 33 1.273457
116 22 1.496686
116 28 1.493488
116 30 1.463616
116 20 1.603384
116 32 1.534467
116 7 1.832644
116 26 1.705679
116 6 2.068984
116 15 2.011774
116 16 2.013902
116 4 2.266107
116 35 1.773765
116 44 1.463019
116 2 2.444982
116 24 2.129288
116 1 2.753077
116 21 2.295813
116 17 2.329194
116 34 2.173425
116 39 2.056443
116 19 2.448366
116 41 1.992715
116 38 2.171775
116 27 2.479724
116 25 2.609783
116 36 2.426352
116 46 2.071142
116 18 2.722967
116 47 2.023466
116 42 2.251291
116 40 2.430524
116 5 3.052484
116 37 2.572627
116 50 2.178681
116 23 2.980581
116 48 2.320846
116 45 2.460333
116 49 2.333817
116 43 2.703076
117 11 0.807305
117 10 0.847075
117 8 0.870603
117 12 0.815820
117 13 0.811350
117 14 0.827984
117 9 0.917069
117 33 1.055240
117 21 1.536931
117 0 2.113791
117 46 1.618563
117 4 1.938235
117 29 1.701858
117 28 1.797564
117 2 2.293030
117 32 1.837111
117 19 1.869072
117 6 2.068221
117 1 2.351983
117 31 2.009524
117 50 2.003028
117 44 2.040515
117 30 2.146034
117 36 2.143357
117 7 2.379419
117 5 2.592234
117 24 2.400162
117 18 2.546742
117 34 2.636794
117 3 2.922869
117 42 2.716281
117 15 2.799034
117 17 2.795122
117 27 2.797664
117 25 2.805837
117 35 2.802691
117 20 2.865722
117 22 2.917062
117 26 2.930564
117 49 2.902284
117 38 2.951966
117 39 3.039812
117 45 3.084663
117 23 3.161284
117 40 3.148515
117 37 3.155613
117 16 3.232087
117 47 3.303019
117 43 3.430155
117 48 3.482676
117 41 3.499173
118 31 1.083680
118 44 1.191374
118 12 1.254417
118 33 1.280801
118 13 1.333680
118 32 1.362600
118 11 1.408306
118 9 1.428986
118 28 1.456881
118 29 1.702490
118 30 1.882049
118 10 1.921066
118 14 1.919754
118 22 2.160353
118 8 2.276567
118 16 2.416273
118 1 2.458944
118 46 2.435279
118 7 2.474776
118 5 2.518126
118 43 2.505811
118 45 2.563357
118 40 2.588658
118 2 2.625521
118 6 2.642421
118 21 2.667802
118 19 2.690252
118 27 2.704111
118 24 2.708484
118 26 2.759909
118 18 2.849780
118 15 2.880880
118 49 2.866035
118 41 2.904927
118 38 2.926535
118 37 2.949071
118 25 3.005361
118 34 3.139637
118 20 3.184863
118 17 3.272669
118 50 3.260015
118 47 3.399508
118 42 3.405652
118 48 3.400544
118 39 3.411270
118 35 3.452430
118 4 3.504510
118 36 3.516428
118 3 3.588764
118 23 3.828759
118 0 3.868945
119 29 1.123687
119 10 1.541808
119 13 1.586823
119 48 1.747169
119 9 1.805489
119 12 1.828067
119 8 2.043739
119 44 2.031690
119 32 2.087076
119 46 2.216142
119 30 2.279362
119 14 2.338155
119 33 2.349694
119 31 2.401074
119 11 2.443501
119 28 2.459090
119 42 2.471052
119 7 2.523272
119 0 2.550011
119 1 2.604602
119 27 2.672355
119 19 2.776742
119 26 2.802295
119 21 2.829636
119 5 2.868939
119 25 2.862364
119 15 2.871016
119 34 2.858383
119 22 2.912643
119 41 2.909007
119 23 2.934928
119 35 3.035410
119 4 3.061423
119 40 3.086155
119 36 3.136179
119 3 3.202369
119 37 3.186958
119 39 3.204612
119 20 3.232343
119 18 3.244383
119 45 3.290407
119 49 3.320358
119 2 3.393129
119 38 3.438708
119 50 3.452327
119 16 3.532889
119 24 3.574036
119 17 3.671227
119 43 3.729342
119 6 3.946895
119 47 4.012562
120 10 0.986953
120 11 1.125962
120 44 1.057304
120 14 1.124899
120 30 1.094303
120 12 1.128298
120 8 1.748775
120 28 1.743331
120 29 1.798981
120 17 2.017316
120 36 2.017126
120 41 2.038290
120 31 2.061374
120 9 2.169922
120 3 2.177047
120 0 2.212260
120 1 2.214708
120 13 2.373308
120 48 2.294603
120 21 2.380346
120 50 2.422152
120 32 2.599307
120 39 2.691632
120 46 2.703580
120 15 2.826697
120 5 2.869592
120 33 2.872553
120 23 2.928420
120 27 3.113718
120 19 3.223744
120 45 3.218693
120 35 3.276561
120 16 3.319279
120 25 3.479586
120 47 3.458204
120 37 3.552106
120 4 3.649856
120 38 3.642877
120 20 3.719829
120 42 3.669802
120 18 3.794431
120 7 3.841435
120 24 3.851147
120 43 3.837458
120 6 4.005213
120 22 4.018794
120 49 3.993732
120 26 4.200693
120 2 4.274726
120 34 4.305980
120 40 4.321252
