21 0 0.136845
21 2 0.161441
21 1 0.165194
21 7 0.181363
21 5 0.202046
21 6 0.223462
21 10 0.220094
21 8 0.227249
21 9 0.228013
21 3 0.234277
21 4 0.249464
21 31 0.303356
21 14 0.327651
21 27 0.312310
21 12 0.333543
21 19 0.325550
21 15 0.331153
21 13 0.333639
21 36 0.302416
21 45 0.289794
21 16 0.332097
21 28 0.316792
21 42 0.295723
21 24 0.322492
21 38 0.302969
21 22 0.333308
21 29 0.325774
21 40 0.309387
21 39 0.311956
21 32 0.324443
21 35 0.320723
21 33 0.323869
21 25 0.335198
21 26 0.334325
21 50 0.300303
21 11 0.355296
21 34 0.325908
21 30 0.331399
21 20 0.346130
21 37 0.329054
21 17 0.365016
21 18 0.364110
21 47 0.322674
21 46 0.324442
21 21 0.362371
21 49 0.322204
21 48 0.325431
21 23 0.368464
21 41 0.350805
21 44 0.357478
21 43 0.375896
22 0 0.163751
22 1 0.179333
22 8 0.215965
22 2 0.227729
22 3 0.245030
22 14 0.242593
22 15 0.274174
22 17 0.281277
22 12 0.296521
22 28 0.284701
22 26 0.314992
22 40 0.298634
22 6 0.339918
22 20 0.323351
22 16 0.330768
22 5 0.341990
22 18 0.329236
22 22 0.324206
22 31 0.316169
22 44 0.299437
22 30 0.318724
22 34 0.313814
22 10 0.342589
22 23 0.326367
22 13 0.340693
22 32 0.320490
22 24 0.329140
22 9 0.350786
22 47 0.312466
22 45 0.317409
22 11 0.359472
22 49 0.314978
22 38 0.329460
22 27 0.346255
22 21 0.353626
22 42 0.328647
22 4 0.374954
22 43 0.329280
22 46 0.327304
22 36 0.339371
22 7 0.378477
22 35 0.346744
22 41 0.341746
22 48 0.335052
22 29 0.358590
22 39 0.349031
22 33 0.357203
22 19 0.374495
22 50 0.338219
22 25 0.366918
22 37 0.359170
23 11 0.528638
23 44 0.497997
23 5 0.539417
23 27 0.523320
23 50 0.504976
23 30 0.540937
23 35 0.552744
23 3 0.586227
23 21 0.568746
23 39 0.559745
23 10 0.600206
23 25 0.594830
23 17 0.606246
23 49 0.586632
23 45 0.601455
23 37 0.609469
23 23 0.624849
23 13 0.636099
23 42 0.605789
23 33 0.615457
23 0 0.651228
23 8 0.644413
23 29 0.623040
23 9 0.647684
23 1 0.655553
23 43 0.612482
23 19 0.639611
23 15 0.646152
23 12 0.654902
23 14 0.653497
23 31 0.637088
23 46 0.622645
23 40 0.630666
23 38 0.634299
23 7 0.671603
23 41 0.637587
23 20 0.661493
23 32 0.649150
23 47 0.637398
23 22 0.664549
23 24 0.662427
23 16 0.674725
23 48 0.641689
23 4 0.687519
23 26 0.665275
23 36 0.662026
23 6 0.695769
23 28 0.674465
23 34 0.669409
23 18 0.695320
23 2 0.716315
24 0 0.160438
24 1 0.190262
24 2 0.192798
24 4 0.194060
24 3 0.210256
24 5 0.216008
24 7 0.247502
24 9 0.273540
24 39 0.240755
24 20 0.269775
24 8 0.286218
24 11 0.290380
24 17 0.288658
24 6 0.300614
24 22 0.285696
24 26 0.284011
24 29 0.281429
24 31 0.279642
24 30 0.281689
24 14 0.301691
24 13 0.304056
24 32 0.281653
24 15 0.303710
24 37 0.275710
24 12 0.307512
24 36 0.277724
24 10 0.310339
24 33 0.283866
24 23 0.298782
24 28 0.291686
24 19 0.304923
24 18 0.306528
24 21 0.303802
24 34 0.286606
24 42 0.275922
24 48 0.268626
24 27 0.297768
24 40 0.281328
24 16 0.312997
24 25 0.304135
24 47 0.272882
24 44 0.278828
24 50 0.276011
24 38 0.292604
24 49 0.278302
24 24 0.313254
24 46 0.282255
24 35 0.304881
24 45 0.290739
24 41 0.300991
24 43 0.298553
25 6 0.526246
25 41 0.494637
25 32 0.515320
25 30 0.520398
25 31 0.523577
25 12 0.549681
25 5 0.558313
25 20 0.551658
25 3 0.581435
25 13 0.575504
25 11 0.592437
25 37 0.571034
25 38 0.577350
25 29 0.590253
25 23 0.596473
25 33 0.587563
25 19 0.616872
25 16 0.620311
25 40 0.605833
25 36 0.613491
25 47 0.634995
25 46 0.638263
25 14 0.668262
25 39 0.648426
25 2 0.692318
25 49 0.655151
25 1 0.701471
25 21 0.685100
25 17 0.693747
25 35 0.677155
25 45 0.671003
25 9 0.705014
25 48 0.669328
25 15 0.702312
25 25 0.693049
25 43 0.678240
25 27 0.693539
25 34 0.688652
25 7 0.716081
25 24 0.714492
25 44 0.701907
25 10 0.733513
25 28 0.720131
25 42 0.707379
25 4 0.742945
25 0 0.747214
25 22 0.727662
25 8 0.741490
25 50 0.701772
25 26 0.725533
25 18 0.735089
26 0 0.159775
26 5 0.180024
26 4 0.191379
26 2 0.193396
26 1 0.220895
26 3 0.224537
26 10 0.248224
26 6 0.254583
26 20 0.256089
26 13 0.270676
26 9 0.278464
26 19 0.269943
26 34 0.253395
26 32 0.264305
26 22 0.280852
26 23 0.284622
26 11 0.297688
26 33 0.271957
26 8 0.301885
26 29 0.278738
26 12 0.302078
26 14 0.301039
26 28 0.287164
26 31 0.284284
26 50 0.262227
26 38 0.278716
26 42 0.274650
26 17 0.308204
26 21 0.306486
26 46 0.273172
26 7 0.321384
26 39 0.288221
26 37 0.294442
26 16 0.321506
26 47 0.281434
26 40 0.291071
26 26 0.310342
26 43 0.289706
26 48 0.283288
26 44 0.289510
26 30 0.308836
26 41 0.294368
26 24 0.317996
26 27 0.313653
26 36 0.301872
26 25 0.325947
26 49 0.295210
26 15 0.342197
26 35 0.321773
26 45 0.312445
26 18 0.350479
27 47 0.428277
27 9 0.469717
27 43 0.434518
27 34 0.454237
27 15 0.473683
27 3 0.489030
27 50 0.439114
27 1 0.494145
27 41 0.453449
27 23 0.479319
27 4 0.500949
27 33 0.472391
27 17 0.490146
27 42 0.465637
27 45 0.465106
27 14 0.501845
27 13 0.515318
27 39 0.488015
27 21 0.512676
27 12 0.525552
27 11 0.527347
27 19 0.519181
27 37 0.501607
27 16 0.524047
27 32 0.507977
27 38 0.522996
27 18 0.543829
27 10 0.553844
27 22 0.542175
27 30 0.536038
27 2 0.565658
27 24 0.543762
27 25 0.544473
27 29 0.542595
27 31 0.540819
27 48 0.521635
27 8 0.570582
27 26 0.553990
27 44 0.535342
27 46 0.532992
27 27 0.556393
27 7 0.577008
27 6 0.578418
27 28 0.558210
27 0 0.586901
27 35 0.554376
27 49 0.538595
27 36 0.558778
27 20 0.576143
27 40 0.569809
27 5 0.607721
28 0 0.184513
28 1 0.207581
28 3 0.209378
28 2 0.234391
28 9 0.260552
28 5 0.267353
28 10 0.312134
28 4 0.321297
28 13 0.329823
28 14 0.334366
28 31 0.315605
28 23 0.325891
28 18 0.333241
28 11 0.340379
28 50 0.293476
28 41 0.307675
28 6 0.383292
28 36 0.355378
28 17 0.379364
28 7 0.389781
28 19 0.378311
28 33 0.361913
28 49 0.341040
28 21 0.377975
28 29 0.368234
28 20 0.379912
28 15 0.385792
28 35 0.362887
28 32 0.366231
28 12 0.390806
28 42 0.355220
28 26 0.377699
28 22 0.383969
28 16 0.392041
28 40 0.363661
28 28 0.377797
28 24 0.383352
28 30 0.378284
28 43 0.361902
28 47 0.357094
28 44 0.362486
28 34 0.379625
28 8 0.409728
28 39 0.375131
28 38 0.376517
28 46 0.365727
28 27 0.389645
28 25 0.392924
28 45 0.368605
28 37 0.395273
28 48 0.392845
29 0 0.183158
29 1 0.199617
29 9 0.243397
29 2 0.252044
29 3 0.257830
29 10 0.284817
29 4 0.293408
29 44 0.279268
29 12 0.323855
29 30 0.307780
29 8 0.338296
29 5 0.343732
29 33 0.313207
29 13 0.341016
29 11 0.346454
29 28 0.337869
29 40 0.324159
29 32 0.338054
29 14 0.361087
29 22 0.354912
29 26 0.348917
29 25 0.355398
29 15 0.368962
29 47 0.329033
29 31 0.349819
29 49 0.327991
29 29 0.360399
29 17 0.379866
29 18 0.381412
29 23 0.378815
29 7 0.399119
29 34 0.366486
29 21 0.385899
29 36 0.365736
29 19 0.390723
29 27 0.384151
29 48 0.360131
29 16 0.401464
29 37 0.379857
29 39 0.378577
29 20 0.404851
29 35 0.384788
29 6 0.422501
29 46 0.374384
29 43 0.379483
29 38 0.385342
29 42 0.383059
29 50 0.373543
29 24 0.407631
29 45 0.389903
29 41 0.397556
30 0 0.200501
30 2 0.260873
30 1 0.302450
30 5 0.333377
30 4 0.354285
30 3 0.369844
30 7 0.529325
30 16 0.524838
30 23 0.556576
30 9 0.570105
30 15 0.565194
30 11 0.574652
30 14 0.603790
30 25 0.594816
30 30 0.626289
30 21 0.642152
30 26 0.637639
30 32 0.627894
30 10 0.657126
30 34 0.629538
30 6 0.675901
30 41 0.639091
30 12 0.681703
30 28 0.671485
30 18 0.697507
30 20 0.709391
30 17 0.722297
30 8 0.731126
30 44 0.707069
30 22 0.744617
30 13 0.755862
30 50 0.712834
30 19 0.772291
30 31 0.766536
30 37 0.776260
30 35 0.782239
30 29 0.807310
30 24 0.817009
30 33 0.807277
30 36 0.815600
30 43 0.858250
30 49 0.854348
30 47 0.857541
30 46 0.867693
30 27 0.898668
30 39 0.883914
30 40 0.892141
30 38 0.897077
30 42 0.934729
30 45 0.931014
30 48 0.970464
31 6 0.171574
31 0 0.200505
31 2 0.203367
31 5 0.215822
31 1 0.232927
31 3 0.241453
31 9 0.236728
31 10 0.236481
31 8 0.242538
31 7 0.264472
31 4 0.281162
31 11 0.281920
31 12 0.283684
31 14 0.281605
31 13 0.290392
31 19 0.288364
31 21 0.284780
31 25 0.296936
31 33 0.277896
31 28 0.306049
31 32 0.292622
31 23 0.319376
31 20 0.323905
31 22 0.322095
31 17 0.332056
31 27 0.315306
31 42 0.277085
31 44 0.277697
31 50 0.260925
31 31 0.308036
31 46 0.270428
31 26 0.328354
31 47 0.273225
31 30 0.317758
31 37 0.303645
31 15 0.355122
31 38 0.303412
31 41 0.297843
31 29 0.322556
31 24 0.342819
31 34 0.326512
31 48 0.290916
31 18 0.364338
31 49 0.293817
31 35 0.330492
31 39 0.327605
31 16 0.388149
31 36 0.346192
31 43 0.335843
31 45 0.333620
31 40 0.345350
32 17 0.574874
32 14 0.650130
32 13 0.655201
32 18 0.671610
32 48 0.648557
32 5 0.698833
32 33 0.672850
32 26 0.710629
32 16 0.747084
32 15 0.757590
32 6 0.768837
32 3 0.775443
32 31 0.787612
32 23 0.797477
32 1 0.838931
32 36 0.809982
32 25 0.836640
32 47 0.816170
32 19 0.854000
32 22 0.862793
32 8 0.880307
32 38 0.872453
32 12 0.899903
32 28 0.885937
32 45 0.871378
32 10 0.907764
32 30 0.889762
32 9 0.915632
32 29 0.895800
32 39 0.886308
32 21 0.905961
32 37 0.891150
32 35 0.893661
32 24 0.910600
32 7 0.930338
32 32 0.908271
32 11 0.930974
32 44 0.898866
32 50 0.892970
32 40 0.910367
32 43 0.911118
32 4 0.952567
32 2 0.954597
32 49 0.910164
32 27 0.933526
32 0 0.965251
32 41 0.936630
32 34 0.949598
32 42 0.945350
32 46 0.941990
32 20 0.971104
33 0 0.203711
33 2 0.212944
33 7 0.226377
33 13 0.340503
33 31 0.319507
33 6 0.351028
33 9 0.347134
33 14 0.342157
33 1 0.356857
33 30 0.322999
33 4 0.355111
33 32 0.322361
33 12 0.347155
33 8 0.352371
33 28 0.327913
33 10 0.362168
33 16 0.359127
33 44 0.326917
33 24 0.352607
33 26 0.352340
33 29 0.356110
33 33 0.355226
33 5 0.390324
33 11 0.383452
33 18 0.378400
33 35 0.358620
33 27 0.371188
33 15 0.387339
33 25 0.378278
33 47 0.352416
33 19 0.387656
33 37 0.367373
33 34 0.375713
33 39 0.369938
33 3 0.418631
33 17 0.403463
33 43 0.372951
33 20 0.402421
33 41 0.380096
33 38 0.383411
33 45 0.381908
33 36 0.393686
33 46 0.393288
33 40 0.406630
33 21 0.431604
33 22 0.433670
33 42 0.412004
33 49 0.406364
33 50 0.410137
33 48 0.414797
33 23 0.454847
34 44 0.553609
34 10 0.589120
34 14 0.662026
34 32 0.645588
34 3 0.689794
34 22 0.698149
34 23 0.697659
34 7 0.728030
34 31 0.708209
34 38 0.703348
34 20 0.761790
34 28 0.753300
34 4 0.779071
34 40 0.742106
34 37 0.745427
34 42 0.741097
34 11 0.774093
34 19 0.767072
34 30 0.760896
34 2 0.790780
34 33 0.759362
34 8 0.787472
34 35 0.780298
34 34 0.760767
34 46 0.750336
34 45 0.751682
34 9 0.790431
34 16 0.783751
34 18 0.782702
34 50 0.753158
34 0 0.804321
34 13 0.792662
34 12 0.794112
34 21 0.785500
34 36 0.773612
34 48 0.767015
34 15 0.781083
34 26 0.792832
34 6 0.822203
34 43 0.787173
34 25 0.806088
34 24 0.816843
34 27 0.815111
34 39 0.802928
34 29 0.835784
34 49 0.828918
34 47 0.831537
34 17 0.863185
34 1 0.879085
34 5 0.880155
34 41 0.867315
35 3 0.243511
35 1 0.303480
35 13 0.310228
35 8 0.318408
35 5 0.328247
35 31 0.300904
35 2 0.337581
35 0 0.342095
35 4 0.346638
35 6 0.353497
35 21 0.345015
35 14 0.390038
35 15 0.392560
35 44 0.362189
35 46 0.360791
35 40 0.368098
35 11 0.405653
35 9 0.411116
35 33 0.384035
35 27 0.391707
35 32 0.387744
35 25 0.397748
35 43 0.375701
35 30 0.392430
35 28 0.394729
35 12 0.413930
35 39 0.384804
35 16 0.413323
35 24 0.404180
35 23 0.405816
35 35 0.392236
35 29 0.402075
35 18 0.420818
35 42 0.391923
35 10 0.432093
35 34 0.405530
35 17 0.433465
35 20 0.431946
35 38 0.409273
35 41 0.408983
35 26 0.428084
35 19 0.444580
35 50 0.414356
35 47 0.419611
35 49 0.422579
35 37 0.438385
35 48 0.425874
35 7 0.474150
35 36 0.441320
35 22 0.476880
35 45 0.455806
36 1 0.592154
36 7 0.587364
36 6 0.590962
36 8 0.620592
36 14 0.687576
36 48 0.655149
36 32 0.671342
36 43 0.660664
36 26 0.677726
36 2 0.701017
36 30 0.713505
36 0 0.742279
36 4 0.738758
36 11 0.735606
36 44 0.720083
36 33 0.731495
36 12 0.752112
36 24 0.742884
36 28 0.739879
36 29 0.758560
36 16 0.773264
36 36 0.758124
36 42 0.752313
36 34 0.762243
36 22 0.776124
36 10 0.788221
36 20 0.784163
36 50 0.764669
36 46 0.775260
36 17 0.803793
36 18 0.809497
36 31 0.800651
36 5 0.829366
36 13 0.824963
36 25 0.817246
36 40 0.811753
36 45 0.813217
36 37 0.824001
36 23 0.839509
36 38 0.827450
36 39 0.826863
36 19 0.847476
36 9 0.867167
36 21 0.859118
36 27 0.857910
36 15 0.877113
36 35 0.863082
36 41 0.865004
36 3 0.907498
36 49 0.866347
36 47 0.869641
37 0 0.218312
37 2 0.253354
37 1 0.287396
37 9 0.310190
37 6 0.316774
37 4 0.329668
37 12 0.324380
37 31 0.303480
37 28 0.313893
37 13 0.334111
37 14 0.337510
37 8 0.344601
37 11 0.341554
37 3 0.353951
37 29 0.326400
37 30 0.335801
37 24 0.352075
37 10 0.369694
37 32 0.346054
37 5 0.386257
37 16 0.378337
37 33 0.364700
37 44 0.355809
37 17 0.394410
37 46 0.365949
37 38 0.379838
37 34 0.386940
37 39 0.379824
37 26 0.403628
37 19 0.417177
37 21 0.414736
37 37 0.398544
37 42 0.393847
37 25 0.421884
37 23 0.427950
37 27 0.423276
37 15 0.442488
37 40 0.411783
37 7 0.451710
37 47 0.405415
37 36 0.419867
37 22 0.445157
37 43 0.419257
37 45 0.421889
37 48 0.418794
37 20 0.454969
37 50 0.419961
37 35 0.450717
37 18 0.474669
37 49 0.444911
37 41 0.461639
38 13 0.668018
38 19 0.665111
38 29 0.651463
38 44 0.651665
38 6 0.695393
38 2 0.715365
38 8 0.712359
38 14 0.724192
38 27 0.724918
38 11 0.750567
38 32 0.727197
38 49 0.742887
38 30 0.782150
38 0 0.817758
38 24 0.818044
38 12 0.832255
38 20 0.854950
38 15 0.862089
38 18 0.867621
38 26 0.861700
38 1 0.892605
38 16 0.879210
38 34 0.859743
38 9 0.903649
38 28 0.883025
38 47 0.869257
38 17 0.907346
38 48 0.876047
38 33 0.891434
38 38 0.887891
38 41 0.889507
38 31 0.900210
38 10 0.936081
38 40 0.903919
38 39 0.910678
38 36 0.926892
38 4 0.962037
38 43 0.934790
38 22 0.965247
38 42 0.942443
38 3 0.993753
38 21 0.981455
38 46 0.954738
38 50 0.954381
38 45 0.963572
38 37 0.980005
38 7 1.020357
38 35 0.993221
38 25 1.014870
38 23 1.025119
38 5 1.043650
39 5 0.214033
39 0 0.219834
39 9 0.298112
39 3 0.320537
39 12 0.327194
39 2 0.344121
39 6 0.360271
39 4 0.363412
39 40 0.386774
39 24 0.406939
39 14 0.421287
39 8 0.430813
39 11 0.427419
39 44 0.385439
39 7 0.436375
39 20 0.417013
39 39 0.394795
39 31 0.403962
39 33 0.402792
39 17 0.424864
39 27 0.416501
39 10 0.441005
39 22 0.426806
39 1 0.456197
39 48 0.397456
39 28 0.423970
39 15 0.444242
39 30 0.431759
39 50 0.409792
39 13 0.461793
39 29 0.442586
39 26 0.450620
39 41 0.435165
39 32 0.447488
39 37 0.445177
39 19 0.466695
39 23 0.467424
39 21 0.483388
39 16 0.489996
39 46 0.455594
39 36 0.471492
39 45 0.462330
39 42 0.470443
39 49 0.468678
39 43 0.487223
39 18 0.523126
39 34 0.513780
39 25 0.526386
39 38 0.513197
39 35 0.521796
39 47 0.525839
40 6 0.526293
40 31 0.554331
40 9 0.855101
40 29 0.833149
40 10 0.852942
40 33 0.832798
40 21 0.846949
40 37 0.836108
40 19 0.853640
40 13 0.861773
40 7 0.876047
40 41 0.835620
40 11 0.867021
40 25 0.854205
40 43 0.839788
40 5 0.888191
40 23 0.908075
40 3 0.938148
40 8 0.932627
40 38 0.895320
40 17 0.916612
40 45 0.888061
40 20 0.915375
40 18 0.918109
40 2 0.941936
40 26 0.911087
40 12 0.926323
40 30 0.912026
40 47 0.905082
40 39 0.914871
40 34 0.921759
40 50 0.909934
40 24 0.936694
40 22 0.940262
40 1 0.975254
40 32 0.938034
40 16 0.954295
40 14 0.965882
40 0 0.988881
40 27 0.956778
40 48 0.937074
40 35 0.954709
40 44 0.947178
40 49 0.944350
40 15 0.982104
40 28 0.972142
40 40 0.961965
40 42 0.963049
40 36 0.984774
40 46 0.976340
40 4 1.025917
41 6 0.244286
41 13 0.323601
41 2 0.343476
41 8 0.341944
41 28 0.321466
41 3 0.362204
41 9 0.362350
41 30 0.341066
41 29 0.365599
41 18 0.390648
41 33 0.377616
41 7 0.416967
41 5 0.424186
41 11 0.421412
41 1 0.443777
41 17 0.454497
41 31 0.436244
41 44 0.423248
41 35 0.436128
41 16 0.461435
41 38 0.433468
41 0 0.478265
41 14 0.466128
41 10 0.470406
41 32 0.444856
41 40 0.437053
41 34 0.445528
41 37 0.443517
41 20 0.467352
41 12 0.476478
41 4 0.486888
41 25 0.465972
41 19 0.473367
41 43 0.460613
41 15 0.503487
41 42 0.469701
41 46 0.467637
41 50 0.462481
41 39 0.480301
41 24 0.502316
41 26 0.501263
41 23 0.512558
41 22 0.514657
41 45 0.490334
41 41 0.496519
41 48 0.491937
41 21 0.530723
41 27 0.543143
41 36 0.533364
41 47 0.519097
41 49 0.520789
42 2 0.352608
42 1 0.411023
42 3 0.475351
42 6 0.353784
42 9 0.300468
42 4 0.486283
42 7 0.442402
42 0 0.646934
42 13 0.237815
42 11 0.265710
42 10 0.349568
42 17 0.249158
42 12 0.333427
42 14 0.317971
42 8 0.571516
42 5 0.627848
42 23 0.210721
42 20 0.270421
42 15 0.324046
42 29 0.137596
42 19 0.302553
42 25 0.236753
42 18 0.355702
42 31 0.150410
42 30 0.178303
42 33 0.130747
42 34 0.123298
42 28 0.190632
42 27 0.224331
42 21 0.358474
42 24 0.321415
42 26 0.282156
42 32 0.217935
42 16 0.454398
42 22 0.400182
42 44 0.168100
42 37 0.209729
42 46 0.192851
42 39 0.217780
42 35 0.224735
42 48 0.201030
42 43 0.212484
42 40 0.231639
42 49 0.214155
42 41 0.230568
42 38 0.244833
42 47 0.223319
42 42 0.238326
42 36 0.253862
42 50 0.223222
42 45 0.240136
43 0 0.307878
43 1 0.336637
43 9 0.332554
43 14 0.331867
43 4 0.342815
43 32 0.316636
43 10 0.347967
43 28 0.331711
43 11 0.352198
43 12 0.351719
43 13 0.355697
43 8 0.364551
43 3 0.373229
43 29 0.357936
43 2 0.391305
43 5 0.420231
43 18 0.415241
43 6 0.429111
43 7 0.432407
43 30 0.424845
43 15 0.449173
43 19 0.449197
43 17 0.451844
43 21 0.460397
43 31 0.451719
43 16 0.471458
43 24 0.466080
43 20 0.480137
43 27 0.489153
43 25 0.498636
43 23 0.506440
43 26 0.509617
43 22 0.514308
43 33 0.526685
43 44 0.569272
43 35 0.624702
43 37 0.656428
43 41 0.700892
43 46 0.694731
43 49 0.694440
43 39 0.741703
43 42 0.871421
43 40 0.873955
43 34 0.881555
43 36 0.879141
43 50 0.861915
43 48 0.865644
43 38 0.879859
43 47 0.868995
43 45 0.901830
43 43 0.908711
44 0 0.347772
44 10 0.339273
44 3 0.346420
44 4 0.345797
44 13 0.337291
44 12 0.344102
44 29 0.323678
44 11 0.346232
44 32 0.321542
44 1 0.388074
44 44 0.347517
44 5 0.402330
44 2 0.423099
44 14 0.419571
44 6 0.439885
44 8 0.443858
44 28 0.427197
44 9 0.469036
44 50 0.457748
44 33 0.483293
44 30 0.487691
44 37 0.479118
44 31 0.505518
44 26 0.513873
44 45 0.506425
44 25 0.535408
44 39 0.545679
44 15 0.585036
44 17 0.589490
44 47 0.568136
44 38 0.600006
44 36 0.609425
44 41 0.602923
44 16 0.642893
44 7 0.654157
44 49 0.606312
44 46 0.629659
44 27 0.657135
44 19 0.667700
44 42 0.636542
44 18 0.676309
44 23 0.671252
44 20 0.681988
44 43 0.668635
44 40 0.674039
44 22 0.711504
44 21 0.718852
44 48 0.686794
44 35 0.716785
44 34 0.718765
44 24 0.734355
45 9 0.347945
45 8 0.362049
45 4 0.372174
45 13 0.369356
45 28 0.356006
45 12 0.379150
45 0 0.399559
45 11 0.408483
45 3 0.444726
45 1 0.480266
45 31 0.448906
45 10 0.474783
45 5 0.485900
45 30 0.467096
45 6 0.497681
45 14 0.497676
45 44 0.461838
45 32 0.484444
45 29 0.491225
45 33 0.486415
45 43 0.518626
45 37 0.527676
45 7 0.571510
45 18 0.568243
45 26 0.561925
45 15 0.580062
45 38 0.555163
45 2 0.599241
45 16 0.586956
45 20 0.582108
45 36 0.567506
45 25 0.593323
45 40 0.593766
45 41 0.597450
45 49 0.599663
45 39 0.626985
45 27 0.656888
45 46 0.652620
45 47 0.654969
45 35 0.670770
45 19 0.705614
45 42 0.681721
45 45 0.678524
45 22 0.710859
45 34 0.696784
45 24 0.710732
45 50 0.678030
45 23 0.717496
45 17 0.732686
45 48 0.694948
45 21 0.730402
46 7 0.712013
46 10 0.709683
46 48 0.754508
46 45 0.758169
46 21 0.785284
46 11 0.794951
46 31 0.839623
46 35 0.837218
46 0 0.874537
46 23 0.849554
46 1 0.876104
46 22 0.853673
46 32 0.843311
46 9 0.869674
46 26 0.925943
46 46 0.907972
46 29 0.924759
46 19 0.938925
46 41 0.914382
46 30 0.948804
46 37 0.943048
46 3 1.011131
46 12 1.002996
46 40 0.972994
46 44 1.001594
46 8 1.040112
46 42 1.004649
46 49 1.001250
46 39 1.014200
46 33 1.022834
46 18 1.042096
46 5 1.055811
46 27 1.031738
46 14 1.068235
46 28 1.051620
46 13 1.074122
46 43 1.047397
46 38 1.058373
46 47 1.061989
46 2 1.113117
46 17 1.135794
46 15 1.149405
46 20 1.154047
46 36 1.140709
46 6 1.196850
46 4 1.211041
46 50 1.183153
46 25 1.211949
46 24 1.215834
46 34 1.219250
46 16 1.245502
47 8 0.300170
47 9 0.312752
47 1 0.362737
47 33 0.347842
47 44 0.333280
47 2 0.396684
47 3 0.404628
47 13 0.416796
47 4 0.430361
47 7 0.438421
47 25 0.421669
47 11 0.441706
47 14 0.440246
47 5 0.449813
47 28 0.425722
47 24 0.432191
47 26 0.431941
47 30 0.451876
47 29 0.454445
47 31 0.451491
47 12 0.478902
47 23 0.469873
47 32 0.458228
47 0 0.507331
47 10 0.501012
47 22 0.492399
47 43 0.468853
47 20 0.505747
47 27 0.511011
47 6 0.539911
47 37 0.504247
47 41 0.507957
47 21 0.539776
47 49 0.505179
47 47 0.512911
47 45 0.521517
47 18 0.572338
47 17 0.574309
47 40 0.549286
47 16 0.587629
47 39 0.560337
47 35 0.575601
47 48 0.563008
47 38 0.590601
47 46 0.584715
47 19 0.623166
47 15 0.631548
47 34 0.605928
47 36 0.605156
47 42 0.623440
47 50 0.666452
48 10 0.607644
48 3 0.657251
48 7 0.663504
48 0 0.879567
48 45 0.838263
48 9 0.886564
48 48 0.875000
48 13 0.932296
48 29 0.933408
48 33 0.933571
48 31 0.935721
48 28 0.946557
48 14 0.963921
48 11 0.968414
48 44 0.927421
48 17 0.965571
48 1 0.984506
48 23 0.960386
48 30 0.956615
48 8 0.985697
48 2 0.997156
48 36 0.960279
48 4 0.997115
48 16 0.985495
48 5 1.004034
48 12 1.000623
48 15 1.002081
48 34 0.990512
48 27 1.000057
48 38 0.999099
48 21 1.019009
48 46 0.991377
48 19 1.033946
48 32 1.024308
48 35 1.033624
48 42 1.027668
48 22 1.068528
48 24 1.074673
48 25 1.077717
48 18 1.105297
48 6 1.120478
48 41 1.102009
48 39 1.104221
48 20 1.130477
48 37 1.115388
48 43 1.108130
48 40 1.118889
48 26 1.157143
48 50 1.151118
48 47 1.177612
48 49 1.211615
49 14 0.369066
49 1 0.446257
49 10 0.439075
49 4 0.444412
49 9 0.475293
49 30 0.461033
49 12 0.500823
49 8 0.507833
49 3 0.517016
49 11 0.516207
49 2 0.527125
49 32 0.519955
49 33 0.527484
49 28 0.533057
49 31 0.530737
49 18 0.548998
49 0 0.572616
49 44 0.543865
49 19 0.572667
49 22 0.589741
49 34 0.588482
49 29 0.601911
49 13 0.626518
49 5 0.637317
49 26 0.654807
49 6 0.680229
49 24 0.682502
49 43 0.669497
49 45 0.671724
49 47 0.669961
49 7 0.712134
49 23 0.710116
49 21 0.716871
49 40 0.699336
49 17 0.725157
49 38 0.706562
49 20 0.751499
49 41 0.741608
49 46 0.750147
49 27 0.770890
49 42 0.763383
49 16 0.801764
49 50 0.787587
49 35 0.805919
49 36 0.817679
49 25 0.838519
49 15 0.848177
49 39 0.826688
49 49 0.838494
49 48 0.896469
49 37 0.938920
50 0 0.368143
50 28 0.391515
50 5 0.420099
50 8 0.418073
50 7 0.451520
50 31 0.436116
50 30 0.446490
50 9 0.477378
50 1 0.494337
50 14 0.494534
50 44 0.463417
50 11 0.547037
50 3 0.558163
50 18 0.585101
50 4 0.601308
50 32 0.571360
50 12 0.596312
50 2 0.609173
50 17 0.594969
50 10 0.603655
50 16 0.604210
50 24 0.602770
50 13 0.616641
50 27 0.600316
50 29 0.604355
50 15 0.623716
50 33 0.614091
50 6 0.645551
50 25 0.651192
50 22 0.671848
50 35 0.659861
50 41 0.657406
50 46 0.654055
50 49 0.652133
50 20 0.692763
50 36 0.676476
50 43 0.705224
50 37 0.714707
50 23 0.735490
50 40 0.714682
50 34 0.727467
50 39 0.732320
50 19 0.765241
50 38 0.751436
50 48 0.766188
50 21 0.805037
50 45 0.778567
50 42 0.794636
50 50 0.787697
50 47 0.795436
50 26 0.892791
51 12 0.338224
51 28 0.329856
51 13 0.359951
51 14 0.365089
51 11 0.382472
51 3 0.395009
51 29 0.367436
51 9 0.407086
51 10 0.431039
51 8 0.454534
51 31 0.437911
51 33 0.436617
51 30 0.447130
51 44 0.438793
51 0 0.507309
51 2 0.511614
51 15 0.539176
51 35 0.520497
51 4 0.564841
51 16 0.559344
51 5 0.569808
51 6 0.574841
51 1 0.579322
51 25 0.562416
51 32 0.556900
51 24 0.586744
51 18 0.601165
51 17 0.610721
51 46 0.611373
51 19 0.665137
51 22 0.665899
51 43 0.644338
51 7 0.694487
51 45 0.661337
51 37 0.676943
51 20 0.707695
51 38 0.690308
51 23 0.716856
51 42 0.694421
51 21 0.732345
51 40 0.723570
51 49 0.715783
51 26 0.763789
51 36 0.755926
51 50 0.743308
51 48 0.748272
51 27 0.781146
51 47 0.758983
51 34 0.788798
51 39 0.787932
51 41 0.816053
52 3 0.292096
52 11 0.310359
52 31 0.307205
52 4 0.351128
52 12 0.349982
52 2 0.359874
52 5 0.363450
52 10 0.359265
52 0 0.375083
52 7 0.369465
52 32 0.365419
52 6 0.407311
52 8 0.410601
52 9 0.416732
52 33 0.389252
52 30 0.393949
52 1 0.444836
52 29 0.414988
52 14 0.434511
52 28 0.429116
52 44 0.412469
52 26 0.439680
52 22 0.453150
52 38 0.459188
52 23 0.498129
52 15 0.513720
52 13 0.515981
52 42 0.491476
52 46 0.495801
52 20 0.556919
52 19 0.567167
52 25 0.565487
52 39 0.544579
52 35 0.558975
52 21 0.578291
52 17 0.584823
52 16 0.586533
52 18 0.590327
52 40 0.558780
52 45 0.555313
52 27 0.588209
52 50 0.569263
52 49 0.576938
52 47 0.583253
52 34 0.606672
52 24 0.621237
52 36 0.628742
52 43 0.628960
52 48 0.630047
52 37 0.646282
52 41 0.645598
53 9 0.555333
53 10 0.623746
53 33 0.657549
53 14 0.704568
53 45 0.735596
53 20 0.799401
53 6 0.814056
53 24 0.843531
53 49 0.855681
53 3 0.905388
53 38 0.877305
53 13 0.934786
53 8 1.000130
53 50 0.969163
53 18 1.057143
53 44 1.029783
53 28 1.051013
53 12 1.068313
53 37 1.045218
53 0 1.091656
53 35 1.056974
53 32 1.083179
53 4 1.125242
53 19 1.121369
53 29 1.121866
53 30 1.129971
53 42 1.123354
53 11 1.156299
53 15 1.159495
53 31 1.146353
53 22 1.178270
53 17 1.189011
53 47 1.162519
53 43 1.193105
53 2 1.247772
53 46 1.213288
53 36 1.242956
53 1 1.282017
53 5 1.287232
53 39 1.258605
53 40 1.260014
53 26 1.283113
53 41 1.271360
53 7 1.307986
53 48 1.269274
53 34 1.284616
53 16 1.306239
53 27 1.301674
53 21 1.317573
53 25 1.332277
53 23 1.378503
54 12 0.323007
54 8 0.345657
54 10 0.348322
54 2 0.362473
54 11 0.375403
54 14 0.372988
54 9 0.380957
54 1 0.395753
54 3 0.395545
54 0 0.434652
54 13 0.458705
54 5 0.522590
54 7 0.683270
54 33 0.655482
54 30 0.659689
54 6 0.685453
54 31 0.659770
54 44 0.644096
54 32 0.659443
54 17 0.688298
54 20 0.746240
54 46 0.746849
54 48 0.748447
54 16 0.820838
54 27 0.811961
54 34 0.804552
54 24 0.828605
54 21 0.920387
54 4 1.023638
54 23 1.007781
54 26 1.006315
54 29 1.004569
54 22 1.012925
54 28 1.007226
54 25 1.013877
54 45 0.990455
54 15 1.025792
54 43 0.993419
54 19 1.023502
54 37 1.046842
54 36 1.051821
54 50 1.101527
54 47 1.139167
54 38 1.203166
54 35 1.207315
54 39 1.212665
54 18 1.246434
54 42 1.317603
54 40 1.364193
54 49 1.440193
54 41 1.498564
55 8 0.284591
55 9 0.381329
55 12 0.387717
55 0 0.406095
55 2 0.414091
55 30 0.397735
55 14 0.422473
55 28 0.420544
55 32 0.426591
55 10 0.473543
55 13 0.477036
55 33 0.462160
55 44 0.463063
55 16 0.505131
55 3 0.526774
55 35 0.483323
55 4 0.531802
55 38 0.493638
55 26 0.551818
55 40 0.541428
55 34 0.553028
55 47 0.540481
55 18 0.581173
55 20 0.577318
55 22 0.578470
55 36 0.561755
55 11 0.605239
55 46 0.600166
55 6 0.654042
55 19 0.639460
55 7 0.659209
55 31 0.628998
55 29 0.634785
55 24 0.651779
55 42 0.645861
55 25 0.677275
55 1 0.711358
55 50 0.649792
55 45 0.681679
55 39 0.711197
55 48 0.715426
55 5 0.789497
55 15 0.789984
55 27 0.786901
55 17 0.807018
55 43 0.770735
55 49 0.821858
55 41 0.835344
55 37 0.863266
55 23 0.898947
55 21 0.918779
56 10 0.291459
56 0 0.485200
56 6 0.501496
56 4 0.541554
56 2 0.562366
56 1 0.687319
56 3 0.686544
56 9 0.558415
56 12 0.447756
56 11 0.554654
56 5 0.677223
56 13 0.574732
56 8 0.694195
56 7 0.797528
56 20 0.280831
56 14 0.591727
56 16 0.614273
56 19 0.406633
56 29 0.248593
56 15 0.652446
56 22 0.444836
56 31 0.327962
56 25 0.352548
56 30 0.332587
56 17 0.620612
56 32 0.339642
56 28 0.349090
56 24 0.421711
56 33 0.341642
56 26 0.413534
56 21 0.560921
56 23 0.524085
56 27 0.428946
56 18 0.620604
56 44 0.234892
56 34 0.437215
56 37 0.429718
56 38 0.432171
56 35 0.469224
56 41 0.406710
56 49 0.337245
56 36 0.484554
56 42 0.417965
56 46 0.368434
56 43 0.391448
56 40 0.462105
56 39 0.486226
56 47 0.385006
56 50 0.376099
56 45 0.439191
56 48 0.437900
57 29 0.683195
57 16 0.830062
57 14 0.861386
57 19 0.876927
57 20 0.989440
57 30 1.011312
57 32 1.030963
57 8 1.068661
57 33 1.099537
57 35 1.130204
57 18 1.159127
57 45 1.157839
57 39 1.178346
57 40 1.178072
57 10 1.211594
57 27 1.213821
57 5 1.240271
57 42 1.228532
57 38 1.260168
57 9 1.339857
57 4 1.357917
57 44 1.319067
57 12 1.354790
57 13 1.365051
57 7 1.371938
57 3 1.433022
57 37 1.409131
57 23 1.447101
57 6 1.475974
57 2 1.479378
57 34 1.466628
57 28 1.473388
57 31 1.478805
57 11 1.505357
57 26 1.506730
57 48 1.504956
57 46 1.530846
57 25 1.555429
57 15 1.571884
57 17 1.570497
57 22 1.591538
57 41 1.578446
57 21 1.604546
57 1 1.631814
57 43 1.639484
57 49 1.668956
57 0 1.722708
57 24 1.707642
57 50 1.707292
57 47 1.719169
57 36 1.766396
58 9 0.409026
58 29 0.391062
58 2 0.536261
58 12 0.536074
58 8 0.559326
58 28 0.547856
58 5 0.589358
58 44 0.650756
58 33 0.667702
58 10 0.698400
58 31 0.672561
58 39 0.666536
58 30 0.691983
58 4 0.728610
58 14 0.732403
58 42 0.696908
58 13 0.744447
58 22 0.740209
58 32 0.754893
58 3 0.799219
58 23 0.823847
58 11 0.860369
58 0 0.881720
58 18 0.911875
58 34 0.894084
58 17 0.922034
58 6 0.938039
58 1 0.948508
58 25 0.947244
58 38 0.944190
58 20 0.975500
58 43 0.947127
58 16 0.988387
58 40 0.954227
58 46 0.977009
58 36 1.013229
58 48 1.016489
58 41 1.031580
58 15 1.082548
58 19 1.082179
58 7 1.103640
58 26 1.089079
58 49 1.073357
58 24 1.151935
58 50 1.125694
58 45 1.147243
58 27 1.199879
58 35 1.192934
58 37 1.202682
58 21 1.237796
58 47 1.212825
59 29 0.359544
59 12 0.378810
59 11 0.380041
59 30 0.378865
59 1 0.421552
59 9 0.420732
59 8 0.430209
59 10 0.439993
59 13 0.442695
59 33 0.425390
59 16 0.506038
59 43 0.487144
59 28 0.527235
59 17 0.545746
59 5 0.558790
59 44 0.514787
59 31 0.541782
59 3 0.575203
59 32 0.548371
59 14 0.571197
59 4 0.586601
59 34 0.569469
59 2 0.617710
59 22 0.634646
59 6 0.680027
59 7 0.737112
59 18 0.730915
59 0 0.750020
59 45 0.699603
59 24 0.750126
59 40 0.737691
59 27 0.777991
59 35 0.769248
59 15 0.803083
59 19 0.812651
59 37 0.795619
59 48 0.785051
59 42 0.826941
59 23 0.854989
59 38 0.838356
59 26 0.853633
59 50 0.838392
59 25 0.869516
59 39 0.853386
59 49 0.843924
59 21 0.880042
59 36 0.863904
59 41 0.858072
59 20 0.915027
59 46 0.907207
59 47 0.907167
60 10 0.396061
60 31 0.372541
60 14 0.399547
60 8 0.405271
60 29 0.387927
60 9 0.441440
60 11 0.499254
60 5 0.529489
60 33 0.504774
60 3 0.548579
60 32 0.550204
60 1 0.596951
60 13 0.586848
60 36 0.564431
60 0 0.608517
60 48 0.575205
60 28 0.605974
60 30 0.644029
60 23 0.665268
60 17 0.693888
60 18 0.701125
60 39 0.700776
60 45 0.712749
60 43 0.719133
60 20 0.755809
60 7 0.784285
60 15 0.782761
60 44 0.748250
60 12 0.791556
60 35 0.786154
60 27 0.806980
60 19 0.836922
60 50 0.829253
60 25 0.884703
60 41 0.887060
60 4 0.933857
60 16 0.925317
60 38 0.915584
60 40 0.937356
60 2 0.978722
60 24 0.974856
60 26 0.975947
60 21 1.013101
60 22 1.040429
60 49 1.004999
60 47 1.019833
60 46 1.026209
60 6 1.107700
60 34 1.093546
60 42 1.093043
60 37 1.119029
61 29 0.682981
61 11 0.707733
61 10 0.709466
61 33 0.925850
61 28 0.987150
61 0 1.023964
61 13 1.041735
61 32 1.064308
61 19 1.085783
61 2 1.151522
61 9 1.209612
61 20 1.192872
61 30 1.182774
61 15 1.248925
61 34 1.227537
61 5 1.267141
61 16 1.254443
61 31 1.253453
61 44 1.253302
61 12 1.317290
61 48 1.302461
61 50 1.312740
61 14 1.379446
61 8 1.387767
61 18 1.376458
61 23 1.400450
61 37 1.387731
61 41 1.450922
61 3 1.521455
61 27 1.495648
61 42 1.477326
61 4 1.531892
61 38 1.499849
61 6 1.558099
61 36 1.524421
61 45 1.539284
61 40 1.561395
61 1 1.627854
61 26 1.599420
61 39 1.609122
61 24 1.641048
61 46 1.612727
61 25 1.650516
61 22 1.654471
61 7 1.679316
61 21 1.668211
61 43 1.667341
61 17 1.742000
61 35 1.730217
61 47 1.743848
61 49 1.740129
62 3 0.676872
62 11 0.808336
62 13 0.810259
62 10 0.818530
62 17 0.944011
62 21 0.944472
62 14 1.011660
62 44 1.008992
62 36 1.032779
62 7 1.087463
62 33 1.073833
62 9 1.145114
62 34 1.199704
62 23 1.230975
62 35 1.234750
62 15 1.267801
62 1 1.296633
62 4 1.324141
62 28 1.350770
62 37 1.354847
62 32 1.382551
62 29 1.460920
62 40 1.451245
62 12 1.478362
62 24 1.468601
62 31 1.460745
62 26 1.491624
62 8 1.511727
62 0 1.519539
62 30 1.506798
62 5 1.577982
62 43 1.546308
62 2 1.624644
62 27 1.605921
62 18 1.623235
62 25 1.673473
62 45 1.672094
62 41 1.677033
62 46 1.675872
62 38 1.686179
62 6 1.717818
62 16 1.725651
62 20 1.733566
62 19 1.738232
62 22 1.764170
62 39 1.749919
62 42 1.757037
62 48 1.755797
62 50 1.768682
62 49 1.802508
62 47 1.813721
63 9 0.305783
63 10 0.418637
63 11 0.489276
63 4 0.512069
63 12 0.520084
63 16 0.520160
63 14 0.525533
63 28 0.519629
63 0 0.577050
63 6 0.589822
63 3 0.609965
63 29 0.609249
63 15 0.626862
63 31 0.606614
63 8 0.635307
63 33 0.604582
63 35 0.602615
63 32 0.607140
63 30 0.614120
63 44 0.601307
63 13 0.693695
63 2 0.730063
63 7 0.725463
63 5 0.745262
63 24 0.735744
63 1 0.802965
63 25 0.788914
63 42 0.768427
63 39 0.772797
63 43 0.773966
63 26 0.804168
63 46 0.786029
63 21 0.826135
63 47 0.829305
63 18 0.868922
63 48 0.832318
63 27 0.866107
63 34 0.875545
63 22 0.918533
63 36 0.905193
63 50 0.890255
63 40 0.908903
63 38 0.954667
63 20 1.001465
63 17 1.021474
63 19 1.032602
63 23 1.049005
63 45 1.033542
63 49 1.042749
63 41 1.102801
63 37 1.121792
64 14 0.412747
64 11 0.438372
64 13 0.455478
64 9 0.477205
64 12 0.481712
64 0 0.506711
64 10 0.499645
64 8 0.542494
64 1 0.553829
64 30 0.521668
64 28 0.528065
64 5 0.583757
64 32 0.553809
64 29 0.584244
64 33 0.613128
64 3 0.744385
64 31 0.715210
64 44 0.698793
64 27 0.720694
64 40 0.710822
64 4 0.757743
64 15 0.753129
64 36 0.737680
64 23 0.757166
64 45 0.734327
64 24 0.792853
64 7 0.821632
64 22 0.808137
64 39 0.792156
64 26 0.811421
64 25 0.822056
64 19 0.856853
64 49 0.819219
64 35 0.849099
64 16 0.890776
64 17 0.895614
64 21 0.895552
64 2 0.922982
64 6 0.921766
64 43 0.881073
64 37 0.895365
64 47 0.887171
64 38 0.943656
64 20 0.970916
64 34 0.958591
64 46 0.952601
64 42 0.979635
64 48 0.997215
64 18 1.035437
64 50 0.999516
64 41 1.024766
65 5 0.394497
65 11 0.394204
65 3 0.405066
65 13 0.395775
65 8 0.422645
65 9 0.453912
65 10 0.458557
65 12 0.470034
65 2 0.505491
65 28 0.484003
65 32 0.498785
65 7 0.540269
65 14 0.557713
65 39 0.565145
65 45 0.578157
65 43 0.589245
65 1 0.652019
65 23 0.634106
65 4 0.657211
65 25 0.637976
65 29 0.641748
65 44 0.735221
65 18 0.774670
65 15 0.780062
65 33 0.756051
65 35 0.753671
65 36 0.753191
65 21 0.774872
65 31 0.761958
65 34 0.757719
65 24 0.773196
65 0 0.799620
65 47 0.739843
65 50 0.736619
65 27 0.771253
65 22 0.778896
65 26 0.773361
65 30 0.769332
65 42 0.758535
65 37 0.773848
65 16 0.811143
65 38 0.849634
65 20 0.892407
65 41 0.876305
65 46 0.875121
65 48 0.872687
65 19 0.932587
65 17 0.939491
65 49 0.916449
65 6 1.012202
65 40 0.968871
66 13 0.300024
66 0 0.317067
66 30 0.313066
66 10 0.347088
66 1 0.362972
66 12 0.410139
66 29 0.397811
66 28 0.404999
66 31 0.409417
66 32 0.447227
66 11 0.477268
66 14 0.490372
66 20 0.489854
66 33 0.489206
66 9 0.516681
66 8 0.538177
66 44 0.532138
66 19 0.565158
66 7 0.588567
66 16 0.611181
66 15 0.627534
66 40 0.601741
66 39 0.617236
66 36 0.630312
66 21 0.697503
66 43 0.676459
66 45 0.673981
66 4 0.727495
66 2 0.743531
66 25 0.718580
66 37 0.713377
66 27 0.726368
66 5 0.756888
66 42 0.718212
66 18 0.747912
66 24 0.751210
66 38 0.735651
66 17 0.775308
66 49 0.733954
66 23 0.781082
66 22 0.783600
66 41 0.761783
66 6 0.806577
66 3 0.843806
66 35 0.823931
66 50 0.814665
66 48 0.818645
66 26 0.848416
66 34 0.852068
66 46 0.860049
66 47 0.921188
67 10 0.366485
67 9 0.376535
67 31 0.378290
67 13 0.421308
67 8 0.432125
67 12 0.430706
67 11 0.486310
67 14 0.513328
67 0 0.553224
67 3 0.580331
67 2 0.660548
67 4 0.689110
67 29 0.682439
67 21 0.716181
67 28 0.716673
67 33 0.739439
67 26 0.771081
67 15 0.790388
67 5 0.824389
67 7 0.844605
67 19 0.840351
67 44 0.813025
67 1 0.869982
67 6 0.866846
67 32 0.838076
67 45 0.850775
67 39 0.895830
67 40 0.922853
67 41 0.928455
67 50 0.923534
67 30 0.952464
67 35 0.960285
67 22 0.983920
67 49 0.999722
67 36 1.038631
67 20 1.068801
67 18 1.097974
67 25 1.106399
67 37 1.096004
67 17 1.138479
67 27 1.134069
67 43 1.131730
67 46 1.145114
67 48 1.142327
67 47 1.175774
67 16 1.254077
67 23 1.252862
67 38 1.242756
67 42 1.267268
67 34 1.290965
67 24 1.315216
68 8 0.376932
68 12 0.463710
68 11 0.470235
68 14 0.473502
68 35 0.476270
68 30 0.483073
68 13 0.513489
68 2 0.546533
68 9 0.557082
68 10 0.563826
68 44 0.528817
68 24 0.554455
68 32 0.564039
68 33 0.563397
68 4 0.612679
68 6 0.645770
68 29 0.621653
68 37 0.640860
68 50 0.637036
68 23 0.681178
68 17 0.689861
68 28 0.681114
68 27 0.703216
68 31 0.719157
68 22 0.747948
68 20 0.757810
68 21 0.757242
68 15 0.771780
68 26 0.759710
68 19 0.771934
68 3 0.789398
68 0 0.804702
68 7 0.798721
68 1 0.807858
68 34 0.775907
68 16 0.811089
68 42 0.790557
68 25 0.824732
68 45 0.803659
68 46 0.827875
68 40 0.841216
68 38 0.893203
68 18 0.930807
68 48 0.906870
68 36 0.924837
68 49 0.942481
68 41 0.957096
68 39 0.961297
68 47 0.958941
68 5 1.038022
68 43 1.086507
69 30 0.436627
69 12 0.474959
69 7 0.489783
69 10 0.529421
69 17 0.528115
69 8 0.588769
69 4 0.609445
69 38 0.679842
69 33 0.689080
69 28 0.696253
69 44 0.672622
69 9 0.721266
69 39 0.681567
69 14 0.717196
69 11 0.721512
69 32 0.694950
69 2 0.731366
69 6 0.727940
69 29 0.733273
69 13 0.763558
69 36 0.739233
69 18 0.775251
69 31 0.764652
69 15 0.819349
69 41 0.794637
69 50 0.797960
69 5 0.880901
69 48 0.829046
69 20 0.878840
69 22 0.884243
69 24 0.889793
69 49 0.857712
69 34 0.885031
69 40 0.889315
69 3 0.937798
69 0 0.996324
69 35 0.959820
69 1 1.002646
69 26 0.985391
69 23 1.005285
69 45 0.976663
69 19 1.025715
69 47 0.985427
69 25 1.032210
69 37 1.015256
69 42 1.013734
69 16 1.053020
69 46 1.031911
69 27 1.071697
69 43 1.090901
69 21 1.168239
70 10 0.706278
70 12 0.718241
70 29 0.971224
70 11 1.051009
70 28 1.041229
70 9 1.132133
70 2 1.194608
70 49 1.153381
70 14 1.337509
70 19 1.332582
70 1 1.356913
70 26 1.343326
70 24 1.365366
70 39 1.357582
70 8 1.398084
70 0 1.419167
70 32 1.388203
70 31 1.399339
70 42 1.396565
70 30 1.470739
70 38 1.461327
70 46 1.411513
70 13 1.552647
70 3 1.593435
70 35 1.562270
70 4 1.612946
70 6 1.626928
70 36 1.596318
70 15 1.638822
70 44 1.553749
70 25 1.657937
70 27 1.718232
70 7 1.740741
70 33 1.735755
70 5 1.801101
70 21 1.805350
70 43 1.740861
70 50 1.693569
70 40 1.846500
70 45 1.786332
70 18 1.925960
70 37 1.906349
70 48 1.801675
70 20 1.957488
70 22 1.977119
70 17 2.018340
70 16 2.056798
70 47 1.930799
70 23 2.071302
70 41 2.068125
70 34 2.097525
71 29 0.405853
71 14 0.457286
71 11 0.508174
71 10 0.559175
71 0 0.600950
71 8 0.597556
71 44 0.570569
71 12 0.630904
71 3 0.645346
71 28 0.674666
71 13 0.702171
71 33 0.706891
71 15 0.733611
71 5 0.748153
71 1 0.766419
71 25 0.742380
71 4 0.807209
71 32 0.836887
71 2 0.871578
71 6 0.874453
71 30 0.876662
71 9 0.953743
71 40 0.932168
71 46 0.944954
71 31 0.970198
71 22 1.022763
71 18 1.061124
71 47 1.035850
71 38 1.091244
71 19 1.139104
71 26 1.132351
71 24 1.140458
71 41 1.122407
71 21 1.154446
71 7 1.169298
71 37 1.146737
71 39 1.165449
71 48 1.166377
71 20 1.244669
71 16 1.255021
71 23 1.250134
71 17 1.264334
71 50 1.237630
71 27 1.308745
71 36 1.297798
71 34 1.314483
71 42 1.307115
71 49 1.318530
71 43 1.332041
71 35 1.348798
71 45 1.341462
72 20 0.320180
72 8 0.341901
72 3 0.347173
72 2 0.363931
72 0 0.367208
72 9 0.380281
72 5 0.392553
72 13 0.424796
72 1 0.442690
72 14 0.511006
72 29 0.509044
72 4 0.612338
72 15 0.603259
72 12 0.653252
72 17 0.691054
72 42 0.688188
72 33 0.701585
72 25 0.722760
72 31 0.728591
72 32 0.738627
72 27 0.754028
72 10 0.773475
72 30 0.767147
72 28 0.772402
72 6 0.796495
72 24 0.786264
72 40 0.764677
72 11 0.809286
72 26 0.800945
72 44 0.776428
72 41 0.782230
72 46 0.783431
72 34 0.817909
72 7 0.866103
72 37 0.830460
72 39 0.855017
72 35 0.878709
72 22 0.918409
72 48 0.893459
72 16 0.946646
72 47 0.912963
72 50 0.917102
72 45 0.924352
72 18 0.977003
72 38 0.949760
72 36 0.961753
72 21 0.982539
72 49 0.946322
72 23 1.025533
72 43 0.997442
72 19 1.091543
73 31 0.511412
73 14 0.568131
73 10 0.621741
73 9 0.646276
73 11 0.673909
73 29 0.662211
73 28 0.667064
73 8 0.690675
73 42 0.651186
73 30 0.695176
73 44 0.694275
73 13 0.738403
73 12 0.764069
73 32 0.739800
73 50 0.719646
73 0 0.792013
73 43 0.768501
73 33 0.799389
73 2 0.844481
73 21 0.839543
73 26 0.845370
73 6 0.923091
73 1 0.927997
73 4 0.948886
73 40 0.949258
73 45 0.947859
73 5 1.006411
73 36 0.977749
73 18 1.009156
73 27 1.015167
73 20 1.028988
73 39 1.003157
73 38 1.010526
73 16 1.050430
73 35 1.026510
73 34 1.042551
73 37 1.057598
73 19 1.100605
73 3 1.122099
73 46 1.077300
73 48 1.089752
73 7 1.150136
73 17 1.153386
73 25 1.147526
73 22 1.159370
73 24 1.187151
73 41 1.176990
73 49 1.169785
73 15 1.266032
73 23 1.283800
73 47 1.273303
74 11 0.387088
74 28 0.513558
74 10 0.548953
74 16 0.545860
74 13 0.574858
74 12 0.583063
74 2 0.618588
74 8 0.619243
74 43 0.581933
74 33 0.630048
74 32 0.637082
74 14 0.682692
74 44 0.756398
74 15 0.796477
74 18 0.791925
74 3 0.814309
74 0 0.818753
74 30 0.778340
74 9 0.810546
74 31 0.778222
74 4 0.816494
74 29 0.782208
74 17 0.831137
74 26 0.825943
74 38 0.843226
74 42 0.844751
74 19 0.882649
74 25 0.880897
74 46 0.875713
74 1 0.942201
74 34 0.897953
74 50 0.883936
74 6 0.953135
74 5 0.967810
74 7 0.973349
74 20 0.962510
74 37 0.939926
74 27 0.959737
74 21 0.993259
74 22 1.008810
74 23 1.036826
74 47 1.011885
74 39 1.037418
74 40 1.046604
74 24 1.084584
74 45 1.062067
74 48 1.081151
74 49 1.085809
74 36 1.128150
74 41 1.142530
74 35 1.177914
75 10 0.684817
75 12 0.665072
75 14 0.651299
75 13 0.687384
75 1 1.071462
75 9 0.915577
75 8 0.980848
75 6 1.146244
75 7 1.032342
75 0 1.192449
75 5 1.197699
75 4 1.283890
75 11 1.030664
75 3 1.385248
75 30 0.471578
75 2 1.514220
75 29 0.498128
75 31 0.483234
75 32 0.525777
75 28 0.627565
75 44 0.430550
75 18 1.093311
75 20 1.079615
75 33 0.771052
75 17 1.175056
75 24 1.008188
75 36 0.798114
75 19 1.250607
75 34 0.918826
75 35 0.917132
75 26 1.084977
75 21 1.171698
75 23 1.103738
75 16 1.387522
75 15 1.487999
75 37 0.915775
75 40 0.923821
75 41 0.927809
75 22 1.233845
75 39 0.982796
75 48 0.865380
75 45 0.908618
75 46 0.897025
75 50 0.886253
75 27 1.249828
75 25 1.332933
75 49 0.910464
75 42 1.063935
75 38 1.132062
75 43 1.097826
75 47 1.070441
76 11 0.519999
76 10 0.529882
76 9 0.576968
76 28 0.564013
76 8 0.602274
76 29 0.612571
76 13 0.685567
76 33 0.773889
76 3 0.819277
76 44 0.775677
76 6 0.842342
76 12 0.837238
76 14 0.836168
76 30 0.829643
76 31 0.857319
76 5 0.920924
76 2 0.937022
76 32 0.956265
76 7 0.987586
76 18 0.993090
76 4 1.015647
76 15 1.119569
76 38 1.094685
76 1 1.191201
76 48 1.132501
76 0 1.199881
76 46 1.152601
76 47 1.168147
76 49 1.197017
76 19 1.250246
76 21 1.254869
76 36 1.241222
76 42 1.240983
76 34 1.262578
76 17 1.288898
76 16 1.312316
76 37 1.299971
76 27 1.317553
76 41 1.374182
76 40 1.384131
76 35 1.405533
76 20 1.475647
76 22 1.474278
76 25 1.486695
76 39 1.482633
76 23 1.517607
76 50 1.484117
76 26 1.537219
76 43 1.529127
76 24 1.568648
76 45 1.569078
77 8 1.207566
77 37 1.179906
77 14 1.226402
77 11 1.378422
77 28 1.408007
77 9 1.502258
77 12 1.519507
77 30 1.504766
77 2 1.537575
77 31 1.508481
77 33 1.510987
77 18 1.533505
77 44 1.544603
77 15 1.628518
77 10 1.680330
77 45 1.757619
77 29 1.867722
77 25 1.885856
77 47 1.866217
77 41 1.932277
77 43 1.934569
77 3 2.046548
77 5 2.084946
77 13 2.077406
77 38 2.049114
77 32 2.056765
77 50 2.014250
77 39 2.145132
77 6 2.194290
77 48 2.145514
77 21 2.211744
77 35 2.260394
77 7 2.294731
77 34 2.302943
77 36 2.306258
77 46 2.289480
77 42 2.306827
77 27 2.353392
77 24 2.369682
77 49 2.349140
77 1 2.429896
77 20 2.448890
77 40 2.433304
77 23 2.487315
77 16 2.532202
77 19 2.531519
77 17 2.536343
77 22 2.530674
77 4 2.597047
77 0 2.628356
77 26 2.608356
78 8 0.420060
78 9 0.462723
78 10 0.489275
78 3 0.511722
78 12 0.525141
78 31 0.511594
78 13 0.539416
78 14 0.547784
78 29 0.544214
78 11 0.571424
78 28 0.589008
78 44 0.593261
78 20 0.674069
78 27 0.715799
78 32 0.717860
78 1 0.795070
78 22 0.771687
78 0 0.805457
78 24 0.817658
78 33 0.827288
78 21 0.914976
78 30 0.910646
78 19 0.937631
78 2 0.967448
78 26 0.938552
78 25 0.956196
78 6 1.021152
78 39 1.029936
78 17 1.091092
78 48 1.099384
78 46 1.102791
78 34 1.122819
78 5 1.169927
78 15 1.161086
78 35 1.141690
78 40 1.145704
78 37 1.160242
78 23 1.200944
78 36 1.266355
78 45 1.262432
78 50 1.254805
78 7 1.319429
78 47 1.272296
78 18 1.319188
78 4 1.342669
78 16 1.384945
78 43 1.362326
78 38 1.382442
78 42 1.376411
78 49 1.463543
78 41 1.815107
79 10 0.486281
79 9 0.664193
79 14 0.665309
79 29 0.694353
79 22 0.716968
79 44 0.738994
79 11 0.785021
79 0 0.893605
79 30 0.877431
79 13 0.907077
79 24 0.908104
79 8 0.935319
79 33 0.906477
79 12 0.947990
79 1 0.975549
79 18 1.016102
79 26 1.010631
79 28 1.016897
79 31 1.013815
79 17 1.035841
79 32 1.021269
79 4 1.058679
79 37 1.035431
79 5 1.080907
79 3 1.095304
79 45 1.054461
79 42 1.066238
79 43 1.075223
79 19 1.110565
79 16 1.130029
79 35 1.117394
79 48 1.104341
79 46 1.108458
79 21 1.166558
79 7 1.181455
79 36 1.170272
79 20 1.220578
79 27 1.216554
79 40 1.224371
79 15 1.263166
79 6 1.276350
79 41 1.240825
79 50 1.306197
79 23 1.347562
79 34 1.337632
79 49 1.338170
79 47 1.380984
79 25 1.414840
79 38 1.398324
79 2 1.465505
79 39 1.477256
80 11 0.604166
80 8 0.856403
80 10 0.773092
80 9 0.793857
80 12 0.644006
80 2 1.389559
80 14 0.544749
80 4 1.466287
80 1 1.595567
80 0 1.658424
80 28 0.380338
80 30 0.486986
80 3 1.801069
80 13 0.983590
80 5 1.736082
80 33 0.494832
80 7 1.650723
80 16 0.945588
80 44 0.395513
80 18 1.034867
80 29 0.687696
80 31 0.679857
80 32 0.703282
80 6 1.920097
80 26 0.897478
80 19 1.171680
80 17 1.249743
80 15 1.304684
80 25 1.092133
80 24 1.107750
80 40 0.965435
80 22 1.255475
80 20 1.381089
80 38 1.033304
80 21 1.420220
80 42 1.077794
80 34 1.120500
80 23 1.400240
80 48 0.915463
80 39 1.141867
80 35 1.177465
80 36 1.170824
80 43 1.113278
80 27 1.387183
80 46 1.098206
80 50 1.089793
80 37 1.356785
80 47 1.181551
80 41 1.388508
80 45 1.241153
80 49 1.393368
81 8 0.444345
81 12 0.527794
81 29 0.554836
81 30 0.561937
81 44 0.607387
81 10 0.688566
81 32 0.677842
81 9 0.708379
81 14 0.742833
81 13 0.796682
81 47 0.818959
81 7 0.954357
81 5 0.984791
81 11 1.052881
81 28 1.098221
81 24 1.111134
81 2 1.166154
81 15 1.173213
81 27 1.173265
81 33 1.178911
81 31 1.193342
81 6 1.244214
81 1 1.299445
81 3 1.337784
81 20 1.354404
81 38 1.355850
81 0 1.407142
81 35 1.408456
81 45 1.399200
81 21 1.448591
81 16 1.464471
81 18 1.490408
81 37 1.470449
81 34 1.476616
81 42 1.470973
81 36 1.495528
81 50 1.480979
81 19 1.541059
81 46 1.511646
81 22 1.548157
81 26 1.549147
81 17 1.621142
81 23 1.612095
81 4 1.666741
81 41 1.653921
81 43 1.655659
81 25 1.687892
81 48 1.678096
81 40 1.700421
81 49 1.729916
81 39 1.783186
82 9 0.523702
82 14 0.530561
82 13 0.555735
82 0 0.601471
82 44 0.555878
82 10 0.601251
82 11 0.630024
82 8 0.647419
82 1 0.740525
82 31 0.714324
82 12 0.739831
82 28 0.720125
82 32 0.739192
82 29 0.827579
82 33 0.856824
82 6 0.928996
82 30 0.907489
82 3 0.940118
82 24 0.918502
82 36 0.940942
82 22 0.966898
82 40 0.987401
82 4 1.039370
82 7 1.037766
82 2 1.050320
82 21 1.061491
82 47 1.091682
82 18 1.140597
82 27 1.138891
82 45 1.134913
82 19 1.179208
82 5 1.207932
82 34 1.203527
82 16 1.237652
82 38 1.235125
82 17 1.294988
82 25 1.283152
82 48 1.258174
82 42 1.267155
82 43 1.306258
82 23 1.340827
82 15 1.392219
82 35 1.369490
82 46 1.362142
82 50 1.359195
82 37 1.393258
82 39 1.399623
82 49 1.429841
82 20 1.484564
82 41 1.480989
82 26 1.531426
83 9 0.300132
83 8 0.447965
83 11 0.445697
83 13 0.444238
83 10 0.447634
83 12 0.453964
83 14 0.453512
83 29 0.486604
83 3 0.691526
83 33 0.539952
83 32 0.551401
83 0 0.711019
83 16 0.697533
83 5 0.727029
83 19 0.734374
83 30 0.672919
83 1 0.865067
83 15 0.858935
83 18 0.869583
83 7 0.902514
83 21 0.900370
83 31 0.777680
83 43 0.734295
83 24 0.963334
83 6 0.990408
83 20 0.976737
83 23 0.982807
83 2 1.013897
83 17 1.000237
83 44 0.819316
83 28 0.917536
83 22 1.058935
83 26 1.094994
83 25 1.121425
83 40 0.984638
83 49 0.957513
83 4 1.187891
83 50 0.974842
83 41 1.012486
83 36 1.036964
83 45 1.029616
83 39 1.058338
83 34 1.088694
83 38 1.103007
83 27 1.264344
83 35 1.125024
83 48 1.111548
83 47 1.151320
83 42 1.190040
83 46 1.235996
83 37 1.278274
84 20 1.657038
84 10 1.731221
84 26 1.742300
84 14 1.766419
84 0 1.875462
84 47 1.835771
84 29 1.855500
84 39 1.865618
84 30 1.882056
84 28 1.918021
84 8 1.938588
84 13 1.948180
84 32 1.949149
84 5 2.014254
84 36 1.990078
84 9 2.024247
84 33 2.013562
84 12 2.158287
84 41 2.170039
84 4 2.207180
84 23 2.204592
84 48 2.185611
84 34 2.202467
84 6 2.270079
84 31 2.329359
84 19 2.377451
84 11 2.396787
84 7 2.406341
84 45 2.449778
84 44 2.456481
84 38 2.463167
84 24 2.505312
84 21 2.573593
84 43 2.579498
84 25 2.601805
84 15 2.631095
84 49 2.598326
84 37 2.663505
84 40 2.667188
84 42 2.699172
84 22 2.724720
84 50 2.745922
84 46 2.772410
84 18 2.830351
84 27 2.830288
84 3 2.860361
84 16 2.854839
84 2 2.878278
84 35 2.851631
84 1 2.905162
84 17 2.897877
85 8 0.407907
85 11 0.451098
85 3 0.551944
85 14 0.562677
85 44 0.554393
85 29 0.593905
85 9 0.628582
85 10 0.661648
85 13 0.688520
85 1 0.713456
85 30 0.713046
85 24 0.727798
85 5 0.767594
85 6 0.775276
85 12 0.771469
85 28 0.800617
85 31 0.822816
85 33 0.837051
85 32 0.856280
85 4 0.914634
85 7 0.934926
85 23 0.948719
85 27 1.045730
85 22 1.068309
85 34 1.089593
85 0 1.132864
85 45 1.107881
85 25 1.145657
85 40 1.127619
85 37 1.133435
85 16 1.180603
85 20 1.180128
85 19 1.189460
85 17 1.212166
85 43 1.188490
85 15 1.243660
85 18 1.256964
85 46 1.228174
85 26 1.265958
85 42 1.266619
85 47 1.299263
85 36 1.323970
85 2 1.369599
85 21 1.366862
85 38 1.351308
85 35 1.381453
85 50 1.378372
85 49 1.386797
85 41 1.432321
85 39 1.435424
85 48 1.439854
86 30 0.860443
86 11 1.137133
86 10 1.138596
86 44 1.252440
86 32 1.302292
86 21 1.326232
86 9 1.370903
86 14 1.640388
86 26 1.654051
86 8 1.730289
86 1 1.989829
86 19 2.029302
86 13 2.062857
86 38 2.176065
86 47 2.168144
86 3 2.209736
86 29 2.187558
86 35 2.182639
86 31 2.187084
86 18 2.199252
86 16 2.220531
86 37 2.393545
86 41 2.409138
86 46 2.415449
86 22 2.452512
86 28 2.454184
86 12 2.504193
86 50 2.527716
86 33 2.576911
86 20 2.719892
86 6 2.733083
86 5 2.740986
86 45 2.705787
86 15 2.753546
86 4 2.771187
86 27 2.752924
86 36 2.755818
86 48 2.760900
86 2 2.934702
86 40 2.927214
86 39 2.954988
86 17 3.008334
86 23 3.025278
86 0 3.055071
86 7 3.059126
86 42 3.045298
86 34 3.061462
86 24 3.070736
86 25 3.075926
86 49 3.120504
86 43 3.132133
87 9 0.587376
87 28 0.569429
87 29 0.569316
87 12 0.701485
87 30 0.688579
87 31 0.717327
87 14 0.872068
87 8 0.878113
87 32 0.849428
87 13 0.917245
87 10 0.925837
87 1 0.995357
87 0 1.054479
87 5 1.054738
87 3 1.079759
87 4 1.101476
87 22 1.113313
87 24 1.124541
87 11 1.255999
87 15 1.253021
87 34 1.325931
87 2 1.368362
87 50 1.340539
87 40 1.413284
87 44 1.449833
87 27 1.491179
87 33 1.493471
87 18 1.625634
87 46 1.651032
87 19 1.768055
87 39 1.743508
87 47 1.733163
87 23 1.770045
87 35 1.769079
87 26 1.799073
87 7 1.859401
87 49 1.860103
87 25 1.920487
87 38 1.931956
87 20 2.103034
87 48 2.115708
87 16 2.165068
87 17 2.213632
87 37 2.245961
87 21 2.278820
87 41 2.254315
87 43 2.315761
87 45 2.324297
87 6 2.389397
87 36 2.423761
87 42 2.537251
88 10 0.503665
88 9 0.509162
88 11 0.540665
88 33 0.564581
88 13 0.597807
88 12 0.660169
88 44 0.670451
88 14 0.718698
88 30 0.710724
88 8 0.773705
88 31 0.819140
88 2 0.895222
88 28 0.873770
88 29 0.930280
88 32 0.945714
88 43 1.053506
88 18 1.268688
88 21 1.275928
88 19 1.299649
88 24 1.396239
88 4 1.449458
88 26 1.438961
88 17 1.460973
88 35 1.471470
88 50 1.460350
88 49 1.545479
88 38 1.570796
88 3 1.643912
88 6 1.646081
88 1 1.662974
88 39 1.646954
88 0 1.706042
88 47 1.674810
88 40 1.694732
88 16 1.728936
88 41 1.709527
88 5 1.840928
88 48 1.816500
88 42 1.832409
88 27 1.853646
88 20 1.913152
88 7 1.931895
88 15 1.956660
88 45 1.946870
88 25 1.982806
88 23 1.996831
88 37 1.997805
88 36 2.010957
88 34 2.048816
88 22 2.094437
88 46 2.098635
89 31 0.558470
89 8 0.592387
89 14 0.589649
89 9 0.648812
89 11 0.703471
89 30 0.693533
89 44 0.826918
89 12 0.873513
89 33 0.858703
89 13 0.900872
89 29 0.900721
89 32 0.903809
89 10 0.986548
89 5 1.057340
89 28 1.046010
89 3 1.145628
89 16 1.286999
89 2 1.314764
89 34 1.286398
89 7 1.332716
89 47 1.319910
89 1 1.380307
89 21 1.399846
89 20 1.483616
89 23 1.519992
89 37 1.508403
89 50 1.491875
89 0 1.552693
89 36 1.538892
89 6 1.601772
89 35 1.660094
89 41 1.663669
89 27 1.691563
89 25 1.731946
89 40 1.731030
89 4 1.807755
89 24 1.809529
89 46 1.787184
89 39 1.834265
89 17 1.868865
89 43 1.844647
89 22 1.872919
89 15 1.916396
89 18 1.984682
89 42 1.961134
89 38 1.975697
89 19 2.008874
89 26 2.005760
89 49 1.982238
89 45 2.000176
89 48 2.095157
90 11 0.625469
90 9 0.701656
90 13 0.728937
90 32 0.730876
90 30 0.741371
90 44 0.730978
90 29 0.743157
90 14 0.766354
90 31 0.764452
90 12 0.780325
90 28 0.805874
90 33 0.827738
90 3 0.910416
90 8 0.956732
90 16 0.970582
90 47 0.971590
90 43 0.984404
90 18 1.016013
90 20 1.047215
90 0 1.105726
90 10 1.122610
90 36 1.112589
90 1 1.139197
90 45 1.233009
90 38 1.309917
90 25 1.331648
90 17 1.349486
90 19 1.359094
90 41 1.366172
90 34 1.380097
90 37 1.381552
90 21 1.417834
90 5 1.429656
90 27 1.433017
90 22 1.439420
90 26 1.436788
90 15 1.456391
90 49 1.462513
90 39 1.524823
90 35 1.552552
90 46 1.557270
90 42 1.569296
90 4 1.600025
90 23 1.587216
90 2 1.622841
90 40 1.595655
90 7 1.657929
90 50 1.716593
90 24 1.800850
90 6 1.828909
90 48 1.865802
91 29 0.595449
91 9 0.654731
91 12 0.662543
91 13 0.691209
91 44 0.668660
91 28 0.709401
91 30 0.810222
91 33 0.825468
91 8 0.862001
91 11 0.930058
91 10 0.987633
91 3 0.993757
91 31 0.964126
91 5 1.009723
91 15 1.003574
91 37 0.984199
91 17 1.011986
91 47 0.990521
91 1 1.055724
91 22 1.056142
91 7 1.114996
91 32 1.093067
91 23 1.154745
91 19 1.166837
91 35 1.176215
91 14 1.213403
91 46 1.178421
91 16 1.222488
91 24 1.220708
91 49 1.225159
91 18 1.281675
91 21 1.304785
91 41 1.283376
91 4 1.367695
91 39 1.345071
91 34 1.403745
91 43 1.400510
91 48 1.401431
91 2 1.458256
91 0 1.481126
91 6 1.477775
91 36 1.470726
91 38 1.503471
91 50 1.539627
91 40 1.602169
91 42 1.633918
91 27 1.656768
91 20 1.708886
91 45 1.690725
91 26 1.740227
91 25 1.883052
92 9 0.439660
92 8 0.529026
92 10 0.582008
92 21 0.663103
92 19 0.795939
92 31 0.858622
92 2 0.957758
92 44 0.925886
92 3 0.983390
92 40 1.004142
92 1 1.123172
92 32 1.130651
92 4 1.171367
92 0 1.189483
92 14 1.216668
92 7 1.234046
92 28 1.212280
92 36 1.213715
92 30 1.235247
92 15 1.255285
92 27 1.241854
92 11 1.260973
92 45 1.229843
92 16 1.281161
92 12 1.296031
92 13 1.317992
92 33 1.309800
92 29 1.336806
92 46 1.325529
92 17 1.438675
92 23 1.443199
92 50 1.508466
92 42 1.532495
92 6 1.774658
92 5 1.791778
92 49 1.771008
92 20 1.823483
92 43 1.851881
92 22 1.892253
92 41 1.905789
92 26 1.926605
92 25 1.954747
92 24 1.966737
92 35 1.961849
92 18 2.009686
92 34 2.059416
92 48 2.106523
92 37 2.134694
92 38 2.158351
92 39 2.229677
92 47 2.219190
93 8 0.525934
93 29 0.635830
93 19 0.650049
93 11 0.659997
93 21 0.677859
93 30 0.857857
93 32 0.941528
93 13 0.966758
93 44 0.939712
93 14 1.019809
93 9 1.115940
93 28 1.154002
93 1 1.183300
93 10 1.207952
93 31 1.205300
93 5 1.247371
93 3 1.325685
93 15 1.335711
93 2 1.379831
93 12 1.392364
93 33 1.365826
93 4 1.424979
93 18 1.428629
93 42 1.406538
93 20 1.452842
93 25 1.459891
93 50 1.486198
93 39 1.574480
93 41 1.589156
93 49 1.589116
93 26 1.634962
93 17 1.681926
93 47 1.661657
93 48 1.683744
93 24 1.769815
93 46 1.740711
93 7 1.800442
93 35 1.797046
93 36 1.807834
93 23 1.874269
93 38 1.868187
93 43 1.939026
93 27 1.976374
93 0 2.004964
93 37 1.970857
93 45 1.991995
93 40 2.037178
93 16 2.127999
93 34 2.171730
93 22 2.285051
93 6 2.347619
94 8 0.584794
94 30 0.752817
94 10 0.809740
94 32 0.815792
94 44 0.810496
94 0 0.907538
94 14 0.919646
94 29 0.983675
94 13 1.016256
94 35 1.051236
94 31 1.077777
94 11 1.170726
94 2 1.207633
94 9 1.287433
94 28 1.289253
94 12 1.321368
94 23 1.365543
94 47 1.345851
94 34 1.486447
94 33 1.488644
94 16 1.512141
94 36 1.486210
94 48 1.509435
94 3 1.584367
94 45 1.555036
94 5 1.625832
94 15 1.667680
94 20 1.711505
94 27 1.714874
94 24 1.747012
94 42 1.780441
94 22 1.827908
94 38 1.830332
94 21 1.869727
94 7 1.952601
94 1 1.970146
94 43 1.921590
94 25 1.977584
94 17 1.988931
94 49 1.956000
94 50 1.969940
94 26 2.036705
94 4 2.075699
94 19 2.076594
94 46 2.037523
94 40 2.128967
94 6 2.184111
94 18 2.210796
94 37 2.183435
94 41 2.218985
94 39 2.231523
95 32 0.636069
95 10 0.678008
95 13 0.776704
95 29 0.779596
95 9 0.804986
95 14 0.971394
95 44 0.988900
95 31 1.009324
95 30 1.011517
95 12 1.058957
95 8 1.171790
95 5 1.189637
95 33 1.203630
95 1 1.247998
95 11 1.249252
95 18 1.272540
95 28 1.305262
95 24 1.360436
95 16 1.428447
95 37 1.469744
95 35 1.507433
95 20 1.548138
95 0 1.570995
95 21 1.589486
95 23 1.601812
95 27 1.611650
95 38 1.617308
95 39 1.656971
95 4 1.734717
95 19 1.735482
95 40 1.727144
95 22 1.763306
95 3 1.785424
95 34 1.774086
95 36 1.800105
95 47 1.796193
95 50 1.805201
95 43 1.834269
95 48 1.834540
95 41 1.870050
95 6 1.914412
95 46 1.880952
95 45 1.902938
95 2 1.962675
95 26 1.955221
95 15 1.965556
95 25 1.988534
95 17 2.049142
95 49 2.034244
95 7 2.080475
95 42 2.113250
96 30 0.701370
96 29 0.725948
96 28 0.748249
96 44 0.734291
96 12 0.801335
96 33 0.820636
96 11 0.860453
96 14 0.995797
96 32 0.978985
96 42 0.984496
96 8 1.033172
96 2 1.045504
96 50 0.990011
96 1 1.058089
96 31 1.030510
96 3 1.097148
96 45 1.069509
96 10 1.120817
96 38 1.092597
96 47 1.082512
96 13 1.134266
96 39 1.123072
96 18 1.163681
96 17 1.181802
96 5 1.211486
96 6 1.219030
96 16 1.215522
96 23 1.225482
96 9 1.248629
96 4 1.270293
96 48 1.233032
96 0 1.391755
96 36 1.467967
96 27 1.482420
96 25 1.487085
96 40 1.467348
96 19 1.496993
96 15 1.501436
96 7 1.509038
96 43 1.466308
96 46 1.492727
96 22 1.541495
96 37 1.549321
96 35 1.628861
96 24 1.644987
96 26 1.652403
96 20 1.659924
96 34 1.712249
96 21 1.739213
96 41 1.747368
96 49 1.770484
97 9 0.231184
97 10 0.678568
97 32 0.686634
97 29 0.760345
97 3 0.802110
97 14 0.808501
97 1 0.859246
97 19 0.881446
97 8 0.954338
97 39 0.929514
97 13 0.965189
97 0 1.057557
97 21 1.040343
97 44 1.009264
97 31 1.075545
97 30 1.085655
97 12 1.108505
97 33 1.110131
97 46 1.263496
97 20 1.309366
97 25 1.320358
97 23 1.351723
97 28 1.345444
97 11 1.385675
97 42 1.366433
97 24 1.401978
97 48 1.407007
97 43 1.424249
97 5 1.494829
97 7 1.516708
97 41 1.478406
97 17 1.518919
97 2 1.544797
97 34 1.573525
97 4 1.618672
97 47 1.578483
97 16 1.629999
97 26 1.617282
97 36 1.609849
97 6 1.652767
97 40 1.627101
97 18 1.722113
97 22 1.727828
97 15 1.749928
97 38 1.732196
97 45 1.724167
97 37 1.806039
97 49 1.799350
97 27 1.868551
97 35 1.904210
97 50 1.896823
98 9 0.536114
98 28 0.622534
98 31 0.734476
98 11 0.783076
98 32 0.844816
98 13 0.896034
98 29 0.893721
98 3 0.940022
98 33 0.925845
98 0 1.012559
98 5 1.174384
98 6 1.203870
98 17 1.219020
98 22 1.230620
98 4 1.393305
98 23 1.417757
98 24 1.435267
98 2 1.515813
98 27 1.509741
98 8 1.530989
98 1 1.555537
98 19 1.606917
98 12 1.632025
98 44 1.607247
98 35 1.624290
98 10 1.656581
98 7 1.695117
98 18 1.688871
98 30 1.685597
98 47 1.680868
98 50 1.677130
98 15 1.872802
98 45 1.828914
98 14 1.875265
98 42 1.836904
98 16 1.875463
98 46 1.849147
98 34 2.024291
98 39 2.063429
98 21 2.130169
98 26 2.220669
98 43 2.213243
98 37 2.337607
98 40 2.350399
98 20 2.401146
98 38 2.437583
98 25 2.522230
98 41 2.515406
98 36 2.546328
98 49 2.698356
98 48 2.855730
99 11 0.629120
99 13 0.759735
99 30 0.734393
99 12 0.762622
99 10 0.764981
99 33 0.756040
99 9 0.994901
99 44 0.972434
99 14 1.041138
99 20 1.277736
99 35 1.268401
99 31 1.312376
99 38 1.382288
99 3 1.453336
99 24 1.459766
99 32 1.466788
99 15 1.495526
99 19 1.493046
99 40 1.479537
99 42 1.519766
99 21 1.560128
99 0 1.581849
99 16 1.568547
99 7 1.668358
99 8 1.668547
99 17 1.661051
99 18 1.770406
99 28 1.797438
99 27 1.818402
99 37 1.822673
99 22 1.923822
99 25 1.941885
99 23 1.968726
99 34 1.946799
99 29 1.959243
99 49 2.015155
99 43 2.107202
99 47 2.121457
99 1 2.190916
99 5 2.277415
99 6 2.353196
99 39 2.347818
99 50 2.417299
99 46 2.429449
99 48 2.560798
99 41 2.577770
99 2 2.635336
99 26 2.674205
99 45 2.743430
99 36 3.122807
99 4 3.311378
100 9 0.511291
100 32 0.501101
100 29 0.562860
100 28 0.577701
100 44 0.557060
100 11 0.620440
100 33 0.628567
100 8 0.695868
100 30 0.683164
100 10 0.751764
100 31 0.734592
100 13 0.812048
100 14 0.910781
100 3 0.926579
100 1 0.972644
100 12 1.090086
100 5 1.130836
100 42 1.166120
100 0 1.288171
100 25 1.275962
100 43 1.280163
100 49 1.331264
100 40 1.360988
100 50 1.347512
100 47 1.369249
100 7 1.451975
100 17 1.461997
100 19 1.484843
100 38 1.462779
100 27 1.510951
100 41 1.511275
100 36 1.550565
100 21 1.577544
100 48 1.543618
100 39 1.584422
100 34 1.602492
100 2 1.650671
100 23 1.651032
100 6 1.683772
100 26 1.666206
100 22 1.671176
100 18 1.678663
100 46 1.700849
100 15 1.763934
100 4 1.826440
100 45 1.790850
100 16 1.877336
100 37 1.867906
100 24 1.925892
100 20 1.933057
100 35 1.919395
101 10 0.659853
101 31 0.664893
101 29 0.810342
101 11 0.851453
101 12 0.852132
101 3 0.875526
101 32 0.896656
101 9 0.944199
101 45 1.037561
101 1 1.173600
101 5 1.187980
101 13 1.242986
101 14 1.304197
101 26 1.414114
101 33 1.403953
101 36 1.401475
101 20 1.425662
101 8 1.461329
101 6 1.464917
101 7 1.536294
101 38 1.497990
101 19 1.545713
101 28 1.551324
101 30 1.585138
101 27 1.592768
101 18 1.623286
101 17 1.625405
101 49 1.596404
101 37 1.629399
101 44 1.702893
101 41 1.729336
101 25 1.772871
101 0 1.819433
101 47 1.807938
101 23 1.922880
101 48 1.903525
101 4 1.961365
101 39 1.955625
101 43 1.991947
101 24 2.022742
101 46 2.004264
101 21 2.062935
101 16 2.141390
101 34 2.130505
101 40 2.140653
101 42 2.150737
101 22 2.199178
101 50 2.175717
101 35 2.367685
101 2 2.611325
101 15 2.726930
102 32 0.915726
102 8 0.959640
102 44 0.948152
102 9 1.006089
102 30 0.980234
102 14 1.191512
102 17 1.197072
102 24 1.216517
102 11 1.242025
102 33 1.224073
102 28 1.256528
102 13 1.286227
102 29 1.278892
102 26 1.310613
102 10 1.329109
102 23 1.393029
102 12 1.466353
102 15 1.472645
102 39 1.460226
102 47 1.488246
102 2 1.584103
102 42 1.536484
102 31 1.559839
102 5 1.680669
102 0 1.790631
102 1 1.800073
102 35 1.776821
102 27 1.799737
102 36 1.797399
102 7 1.875956
102 4 1.917200
102 49 1.869089
102 21 1.921696
102 50 1.889745
102 41 1.914479
102 3 2.022549
102 25 2.023095
102 19 2.068396
102 45 2.061260
102 48 2.065703
102 38 2.090246
102 22 2.114804
102 40 2.112770
102 34 2.158575
102 20 2.187859
102 37 2.171285
102 6 2.218045
102 16 2.282366
102 46 2.248364
102 43 2.264265
102 18 2.377340
103 11 0.635887
103 8 0.666445
103 9 0.736051
103 31 0.750063
103 28 0.822266
103 13 0.863688
103 29 0.943595
103 44 0.994289
103 10 1.093938
103 33 1.102884
103 14 1.218852
103 2 1.303176
103 6 1.300747
103 3 1.337300
103 32 1.325563
103 1 1.378122
103 12 1.386575
103 27 1.434707
103 26 1.452830
103 7 1.472933
103 19 1.525323
103 43 1.557773
103 0 1.626153
103 23 1.608385
103 17 1.632405
103 30 1.664180
103 15 1.697895
103 20 1.712636
103 42 1.803642
103 35 1.815584
103 48 1.795951
103 34 1.819870
103 36 1.893716
103 45 1.905118
103 21 1.971709
103 4 2.006190
103 16 2.059664
103 18 2.073995
103 50 2.045337
103 39 2.151606
103 5 2.205136
103 25 2.234218
103 40 2.266954
103 47 2.266461
103 24 2.317884
103 22 2.347731
103 37 2.346815
103 49 2.345856
103 46 2.369182
103 41 2.430737
103 38 2.629846
104 14 0.789460
104 28 0.849861
104 32 0.864273
104 44 0.853807
104 12 0.903871
104 13 0.909847
104 11 0.922059
104 31 0.904263
104 33 0.911028
104 9 0.935921
104 8 0.968394
104 29 0.980694
104 10 1.077662
104 30 1.265250
104 42 1.315738
104 43 1.362569
104 50 1.372118
104 23 1.447939
104 47 1.478299
104 17 1.515934
104 39 1.507377
104 22 1.542170
104 5 1.574993
104 36 1.588795
104 45 1.581151
104 4 1.630359
104 49 1.613681
104 46 1.628964
104 24 1.682953
104 0 1.726555
104 26 1.708458
104 38 1.721836
104 35 1.766633
104 16 1.866763
104 1 1.888656
104 19 1.892740
104 48 1.864729
104 27 1.893857
104 34 1.888158
104 7 1.940205
104 3 1.979109
104 20 1.993095
104 21 2.009110
104 40 2.031367
104 2 2.122386
104 18 2.164382
104 37 2.151892
104 6 2.192582
104 41 2.166746
104 25 2.198258
104 15 2.292175
105 12 0.677820
105 30 0.702229
105 0 0.745357
105 31 0.732203
105 8 0.796031
105 13 0.800813
105 28 0.791724
105 44 0.790191
105 9 0.882998
105 33 1.001189
105 32 1.045869
105 14 1.160294
105 11 1.351701
105 10 1.433845
105 1 1.465825
105 35 1.476686
105 29 1.510729
105 38 1.537101
105 2 1.795804
105 6 1.817075
105 39 1.783561
105 40 1.790543
105 50 1.833719
105 37 1.860496
105 19 1.917562
105 27 1.963611
105 46 1.941981
105 47 1.956436
105 34 2.056488
105 15 2.085688
105 5 2.103004
105 45 2.051240
105 24 2.180310
105 16 2.226498
105 22 2.342455
105 18 2.356399
105 4 2.372149
105 17 2.394907
105 3 2.417906
105 42 2.405853
105 25 2.455878
105 7 2.490334
105 36 2.500879
105 20 2.553877
105 48 2.518314
105 23 2.558659
105 43 2.594386
105 21 2.650949
105 41 2.638618
105 49 2.690326
105 26 2.974424
106 28 0.695014
106 8 1.031637
106 12 1.071196
106 9 1.130589
106 13 1.226941
106 11 1.334947
106 32 1.455797
106 44 1.449816
106 5 1.498133
106 10 1.497641
106 29 1.515628
106 7 1.590715
106 19 1.621903
106 30 1.621295
106 6 1.795213
106 0 1.845756
106 14 1.845562
106 33 1.999458
106 21 2.029600
106 31 2.026869
106 16 2.062353
106 48 2.077180
106 42 2.162435
106 20 2.205814
106 45 2.184098
106 4 2.234986
106 37 2.212587
106 40 2.220616
106 47 2.236535
106 22 2.319828
106 2 2.416938
106 34 2.393178
106 26 2.534356
106 24 2.553319
106 1 2.585724
106 36 2.562300
106 15 2.647824
106 3 2.669705
106 27 2.662449
106 50 2.641509
106 23 2.711537
106 18 2.763907
106 46 2.746472
106 49 2.757777
106 41 2.780403
106 43 2.790882
106 35 2.813161
106 38 2.841739
106 17 2.882269
106 25 2.887765
106 39 2.933265
107 14 1.057982
107 9 1.080992
107 12 1.200716
107 29 1.264269
107 8 1.375096
107 2 1.481931
107 48 1.439526
107 30 1.484259
107 43 1.482152
107 16 1.538593
107 44 1.546465
107 39 1.571872
107 28 1.618518
107 3 1.659149
107 10 1.671512
107 5 1.691978
107 47 1.653805
107 31 1.705546
107 11 1.745905
107 13 1.745720
107 32 1.737915
107 19 1.950573
107 41 1.944395
107 37 2.070167
107 33 2.093033
107 1 2.145875
107 38 2.120484
107 25 2.323553
107 49 2.301054
107 7 2.358517
107 20 2.514011
107 0 2.547345
107 42 2.514396
107 4 2.633893
107 6 2.696370
107 22 2.694993
107 23 2.694810
107 26 2.709740
107 36 2.693466
107 40 2.704646
107 45 2.710871
107 27 2.796970
107 50 2.776530
107 17 2.841923
107 24 2.835157
107 46 2.834449
107 21 2.910143
107 18 2.925763
107 34 2.914978
107 35 2.984920
107 15 3.199182
108 11 1.044938
108 12 1.068414
108 9 1.443808
108 13 1.241909
108 8 1.622942
108 0 2.487187
108 4 2.213232
108 14 1.531853
108 5 2.315220
108 7 2.247054
108 28 0.950099
108 30 0.927082
108 2 2.775543
108 10 2.136844
108 29 1.331845
108 3 3.024027
108 15 2.167249
108 33 1.174117
108 1 3.381306
108 31 1.379679
108 32 1.389171
108 27 1.799675
108 22 2.030040
108 25 1.921395
108 44 1.299961
108 6 3.142163
108 35 1.602710
108 16 2.821543
108 26 2.275726
108 23 2.449596
108 34 1.941555
108 40 1.831100
108 17 2.931614
108 49 1.606320
108 24 2.517115
108 37 2.054031
108 36 2.103243
108 20 2.871033
108 21 2.742547
108 41 2.032231
108 18 2.986365
108 43 2.105962
108 19 3.066587
108 46 2.032359
108 45 2.061238
108 39 2.231112
108 47 2.152547
108 48 2.174970
108 38 2.502822
108 42 2.518710
108 50 2.270036
109 10 0.829109
109 44 0.831699
109 31 0.881184
109 8 0.914364
109 29 0.925886
109 14 0.951898
109 13 0.986580
109 32 1.006080
109 30 1.032446
109 9 1.088943
109 33 1.140025
109 11 1.165887
109 22 1.288815
109 12 1.298968
109 4 1.362055
109 28 1.383904
109 2 1.468595
109 46 1.427800
109 3 1.501052
109 0 1.528002
109 27 1.513177
109 34 1.515056
109 39 1.522778
109 18 1.582198
109 16 1.602488
109 21 1.598012
109 37 1.636641
109 5 1.786035
109 6 1.786026
109 49 1.735685
109 17 1.779504
109 7 1.787787
109 50 1.776290
109 48 1.827450
109 25 1.889770
109 42 1.885025
109 47 1.893495
109 26 1.929121
109 35 1.927835
109 43 1.937699
109 36 1.967884
109 19 1.996760
109 45 1.963842
109 40 1.979251
109 1 2.035572
109 38 2.045449
109 23 2.078122
109 24 2.096170
109 15 2.108597
109 41 2.091888
109 20 2.130018
110 12 0.789794
110 8 0.807877
110 10 0.826072
110 9 0.888101
110 14 0.984761
110 29 1.001795
110 11 1.094113
110 32 1.108168
110 13 1.188965
110 44 1.404014
110 28 1.440476
110 31 1.471295
110 33 1.527519
110 30 1.611438
110 0 1.676265
110 5 1.816585
110 24 1.845524
110 20 1.864326
110 2 1.881328
110 4 1.938985
110 38 1.948740
110 35 1.975495
110 7 2.026384
110 36 2.005118
110 1 2.064390
110 26 2.055573
110 15 2.106725
110 21 2.114782
110 16 2.123486
110 27 2.124129
110 45 2.116509
110 42 2.121392
110 39 2.151251
110 50 2.137126
110 6 2.210137
110 48 2.158991
110 25 2.234328
110 17 2.267598
110 18 2.308465
110 43 2.440367
110 37 2.522298
110 47 2.519353
110 46 2.532925
110 40 2.542193
110 41 2.643122
110 34 2.652637
110 3 2.689429
110 49 2.636063
110 22 2.758310
110 19 2.772780
110 23 2.893399
111 12 0.661323
111 32 0.650806
111 31 0.653181
111 5 0.747533
111 28 0.738214
111 3 0.797452
111 9 0.808586
111 14 0.815856
111 30 0.799900
111 44 0.790007
111 10 0.857596
111 11 0.887074
111 33 0.877612
111 8 0.919588
111 29 1.021858
111 17 1.037581
111 13 1.041383
111 15 1.067552
111 2 1.116045
111 4 1.138569
111 0 1.261707
111 21 1.262168
111 47 1.265914
111 34 1.348908
111 26 1.385288
111 22 1.412857
111 38 1.400609
111 19 1.425528
111 43 1.419606
111 48 1.415502
111 16 1.482515
111 45 1.457025
111 23 1.489414
111 6 1.514561
111 18 1.506945
111 20 1.505798
111 37 1.492468
111 36 1.494391
111 49 1.479135
111 1 1.561780
111 25 1.557371
111 46 1.550015
111 7 1.603629
111 41 1.595938
111 27 1.623028
111 50 1.606452
111 42 1.625373
111 39 1.648197
111 24 1.815500
111 35 1.808565
111 40 1.803185
112 8 0.885916
112 10 1.112514
112 31 1.103505
112 32 1.125796
112 14 1.181949
112 11 1.731709
112 1 1.878870
112 13 1.868853
112 0 2.007437
112 30 2.036034
112 47 2.030615
112 9 2.109719
112 27 2.092229
112 3 2.126491
112 22 2.190473
112 48 2.165863
112 46 2.200912
112 19 2.274262
112 35 2.338154
112 6 2.402528
112 16 2.393762
112 33 2.365131
112 29 2.435411
112 24 2.466960
112 42 2.458995
112 44 2.498203
112 12 2.667699
112 28 2.665299
112 34 2.657542
112 23 2.678006
112 4 2.868751
112 45 2.802569
112 49 2.798438
112 36 2.980168
112 7 3.101584
112 50 3.121648
112 5 3.257295
112 38 3.235909
112 2 3.331775
112 25 3.325208
112 26 3.351383
112 41 3.530340
112 20 3.594505
112 15 3.633635
112 18 3.654713
112 39 3.638012
112 40 3.637455
112 17 3.744953
112 37 3.728275
112 43 3.754047
112 21 3.817604
113 9 1.111881
113 11 1.237037
113 33 1.410018
113 31 1.447422
113 13 1.477315
113 28 1.509162
113 12 1.653134
113 29 1.646912
113 8 1.692186
113 21 1.706393
113 4 1.913765
113 30 1.989860
113 7 2.011975
113 32 1.997398
113 48 1.940136
113 14 2.108696
113 44 2.099361
113 40 2.137240
113 10 2.240878
113 5 2.270063
113 22 2.416300
113 26 2.500737
113 19 2.554938
113 45 2.582389
113 35 2.600851
113 25 2.611518
113 0 2.684528
113 2 2.768673
113 34 2.769959
113 42 2.795574
113 38 2.832479
113 41 2.853458
113 39 2.863526
113 49 2.763640
113 23 2.963908
113 50 2.865258
113 6 3.030649
113 20 3.046126
113 17 3.057406
113 36 3.040237
113 47 2.992498
113 37 3.122490
113 15 3.166460
113 18 3.217685
113 24 3.237021
113 3 3.264567
113 1 3.304016
113 43 3.270378
113 27 3.360975
113 16 3.371450
113 46 3.320046
114 10 0.924005
114 8 0.937839
114 12 1.046162
114 31 1.030460
114 29 1.032810
114 11 1.050008
114 13 1.302712
114 9 1.350987
114 30 1.349780
114 46 1.645837
114 14 1.746876
114 33 1.760241
114 44 1.818538
114 43 1.870357
114 28 1.890675
114 32 1.976166
114 7 2.165863
114 42 2.144881
114 36 2.201021
114 6 2.255599
114 50 2.261064
114 3 2.311718
114 40 2.282731
114 2 2.455657
114 25 2.486437
114 1 2.522394
114 26 2.507332
114 16 2.527342
114 0 2.611525
114 45 2.643567
114 37 2.660400
114 22 2.699571
114 5 2.770379
114 15 2.840548
114 38 2.832950
114 24 2.882494
114 20 2.925924
114 48 2.938701
114 27 2.966979
114 39 2.975923
114 4 3.182004
114 18 3.178645
114 49 3.173302
114 17 3.240431
114 34 3.235840
114 21 3.279159
114 19 3.289381
114 41 3.320490
114 23 3.388068
114 47 3.521243
114 35 3.723840
115 10 0.605045
115 13 0.591208
115 12 0.624006
115 8 0.719228
115 44 0.804596
115 30 0.908560
115 14 0.995576
115 9 1.072858
115 11 1.101714
115 29 1.078787
115 6 1.392496
115 32 1.313093
115 0 1.475163
115 18 1.365924
115 28 1.367164
115 25 1.394781
115 15 1.576276
115 47 1.599791
115 31 1.639064
115 3 1.790700
115 33 1.651141
115 36 1.781734
115 5 1.944401
115 45 1.787521
115 21 1.852341
115 19 1.856881
115 22 1.883363
115 39 1.883446
115 38 1.937095
115 35 1.956895
115 1 2.108682
115 49 1.982917
115 43 2.004678
115 17 2.077398
115 48 2.025161
115 4 2.227477
115 27 2.110224
115 26 2.128644
115 41 2.127176
115 23 2.169151
115 50 2.140446
115 34 2.182802
115 24 2.230679
115 16 2.258291
115 40 2.269653
115 2 2.441518
115 20 2.462683
115 7 2.567540
115 42 2.490742
115 46 2.515249
115 37 2.580271
116 14 0.807278
116 11 0.811033
116 10 0.812588
116 12 0.923243
116 31 1.075028
116 30 1.105189
116 8 1.220007
116 28 1.335999
116 32 1.416640
116 9 1.482096
116 13 1.559098
116 6 1.584138
116 29 1.588514
116 0 1.718136
116 3 1.733520
116 26 1.706944
116 4 1.756039
116 2 1.760128
116 5 1.795165
116 17 1.821960
116 33 1.816515
116 15 1.869014
116 44 1.919731
116 25 1.975228
116 50 2.053319
116 46 2.183633
116 7 2.241199
116 1 2.248568
116 22 2.226154
116 18 2.233653
116 43 2.280493
116 20 2.349826
116 21 2.367196
116 23 2.472246
116 42 2.461994
116 24 2.511220
116 38 2.505851
116 48 2.490513
116 27 2.563510
116 34 2.582245
116 19 2.635699
116 41 2.725515
116 39 2.766083
116 16 2.802730
116 37 2.819167
116 47 2.888003
116 35 2.923811
116 36 3.079703
116 49 3.059987
116 40 3.269708
116 45 3.361162
117 9 0.858193
117 12 0.922454
117 11 0.947015
117 13 1.036723
117 10 1.087420
117 8 1.163924
117 14 1.553496
117 6 1.736740
117 32 1.730175
117 26 1.775483
117 22 1.784158
117 27 1.809291
117 3 1.885045
117 0 1.914222
117 1 1.914430
117 5 1.965868
117 30 1.956113
117 21 2.000161
117 28 1.988980
117 4 2.191358
117 44 2.131806
117 23 2.174988
117 31 2.159458
117 20 2.182667
117 15 2.188718
117 16 2.210705
117 24 2.226710
117 2 2.251045
117 29 2.322998
117 38 2.359074
117 33 2.587486
117 19 2.639471
117 34 2.726560
117 35 2.769384
117 41 2.805107
117 39 2.862068
117 50 2.915204
117 49 2.940613
117 40 3.054095
117 37 3.148389
117 46 3.154445
117 25 3.333101
117 45 3.418874
117 42 3.483957
117 36 3.532576
117 18 3.593624
117 47 3.537809
117 17 3.711493
117 43 3.723412
117 7 3.796349
117 48 3.777727
118 8 0.854770
118 44 0.810489
118 13 0.919577
118 10 1.004346
118 14 1.081422
118 33 1.130124
118 12 1.224068
118 32 1.220872
118 28 1.297678
118 11 1.360101
118 31 1.444082
118 30 1.465997
118 16 1.900118
118 9 1.933410
118 6 1.940658
118 29 1.917256
118 4 1.997370
118 22 1.950095
118 1 2.178345
118 5 2.121702
118 46 2.097857
118 0 2.283449
118 20 2.430682
118 48 2.579630
118 27 2.636527
118 18 2.796017
118 50 2.781371
118 34 2.810565
118 42 2.815195
118 37 2.825721
118 24 2.867773
118 45 2.849072
118 26 2.884560
118 3 3.095701
118 17 3.041958
118 2 3.153394
118 21 3.146407
118 38 3.139923
118 40 3.192373
118 43 3.208288
118 7 3.344808
118 23 3.333566
118 25 3.421346
118 15 3.490628
118 41 3.462484
118 49 3.470113
118 39 3.489056
118 35 3.652416
118 47 3.707879
118 19 3.784054
118 36 3.858494
119 32 1.058799
119 12 1.266575
119 10 1.453940
119 11 1.468813
119 13 1.508143
119 44 1.593923
119 8 1.629289
119 31 1.877743
119 37 1.927951
119 9 1.965239
119 33 1.984991
119 29 2.057086
119 14 2.085848
119 39 2.071576
119 21 2.381047
119 30 2.410295
119 28 2.422360
119 5 2.549692
119 15 2.635231
119 3 2.658462
119 18 2.655463
119 48 2.776916
119 42 2.797225
119 46 2.827779
119 41 2.841910
119 34 2.938365
119 43 2.948208
119 19 3.038872
119 27 3.051583
119 36 3.053369
119 6 3.134960
119 47 3.105883
119 20 3.215764
119 49 3.208558
119 45 3.222494
119 4 3.283457
119 26 3.281667
119 35 3.303279
119 1 3.385313
119 0 3.411159
119 50 3.374964
119 2 3.434524
119 16 3.528917
119 7 3.564439
119 17 3.563384
119 25 3.564627
119 24 3.897568
119 38 3.895242
119 23 3.987197
119 22 4.038096
119 40 4.029889
120 9 1.157995
120 13 1.190230
120 29 1.238079
120 30 1.296823
120 28 1.327293
120 33 1.325376
120 12 1.391070
120 17 2.135647
120 11 2.294971
120 45 2.260397
120 16 2.347053
120 6 2.368561
120 19 2.392974
120 23 2.387143
120 4 2.442940
120 7 2.578431
120 20 2.608120
120 0 2.657681
120 24 2.668658
120 10 2.685390
120 8 2.737409
120 27 2.713470
120 25 2.718106
120 44 2.705523
120 15 2.876539
120 3 2.886587
120 5 3.046130
120 26 3.021305
120 31 3.015800
120 14 3.043285
120 38 2.999336
120 35 3.076865
120 1 3.124898
120 32 3.123538
120 42 3.382222
120 47 3.407950
120 22 3.593861
120 2 3.647667
120 21 3.631118
120 50 3.603365
120 37 3.639139
120 46 3.726326
120 43 3.889825
120 41 3.897035
120 49 4.003994
120 48 4.086478
120 36 4.152120
120 40 4.189249
120 18 4.357965
120 34 4.371476
120 39 4.423143
