21 0 0.172794
21 1 0.195620
21 4 0.194982
21 2 0.203811
21 3 0.241288
21 5 0.287715
21 16 0.279668
21 25 0.268060
21 20 0.275260
21 12 0.288343
21 9 0.291487
21 36 0.254878
21 10 0.291873
21 24 0.291644
21 13 0.318035
21 30 0.294631
21 21 0.309140
21 18 0.313757
21 19 0.312820
21 38 0.285115
21 31 0.295341
21 35 0.289704
21 14 0.321168
21 29 0.300705
21 32 0.295230
21 11 0.325999
21 6 0.332880
21 42 0.283851
21 34 0.296031
21 22 0.315962
21 26 0.309625
21 8 0.332520
21 39 0.290065
21 37 0.293660
21 23 0.316255
21 28 0.317585
21 41 0.300560
21 27 0.327376
21 33 0.322184
21 17 0.348863
21 40 0.324451
21 7 0.373325
21 15 0.371454
22 9 0.541472
22 3 0.567575
22 10 0.568624
22 11 0.569506
22 1 0.592259
22 7 0.641547
22 21 0.616183
22 0 0.649158
22 2 0.656172
22 25 0.621148
22 23 0.624660
22 13 0.639365
22 15 0.637588
22 26 0.621709
22 20 0.629836
22 31 0.609941
22 37 0.603777
22 6 0.657777
22 8 0.656915
22 36 0.616171
22 38 0.615173
22 29 0.641981
22 14 0.682242
22 17 0.689835
22 34 0.660699
22 22 0.684597
22 5 0.717795
22 18 0.700694
22 41 0.665779
22 27 0.684213
22 28 0.682932
22 12 0.716734
22 42 0.676388
22 19 0.710184
22 24 0.703610
22 16 0.719041
22 33 0.689425
22 35 0.690587
22 4 0.744212
22 32 0.700346
22 40 0.708727
22 39 0.713120
22 30 0.768104
23 0 0.139301
23 2 0.190241
23 3 0.199957
23 4 0.205995
23 5 0.215778
23 6 0.231257
23 22 0.229008
23 14 0.254925
23 9 0.263170
23 10 0.262542
23 8 0.272308
23 25 0.252098
23 13 0.272064
23 15 0.270786
23 1 0.295912
23 23 0.268702
23 34 0.254536
23 7 0.295421
23 11 0.290937
23 21 0.283262
23 24 0.280015
23 28 0.274641
23 17 0.290599
23 31 0.274784
23 27 0.278720
23 26 0.280266
23 35 0.267717
23 36 0.267340
23 19 0.293056
23 42 0.260515
23 32 0.274183
23 39 0.265678
23 12 0.302976
23 16 0.299810
23 20 0.295028
23 38 0.270120
23 30 0.282931
23 33 0.276249
23 29 0.285367
23 40 0.273411
23 18 0.305361
23 37 0.280454
23 41 0.278933
24 0 0.202916
24 5 0.208307
24 1 0.214571
24 4 0.242687
24 9 0.261426
24 16 0.259037
24 14 0.266359
24 12 0.269235
24 21 0.262570
24 10 0.277262
24 11 0.276822
24 23 0.267089
24 3 0.288213
24 15 0.277704
24 22 0.271660
24 13 0.281820
24 8 0.287691
24 24 0.271701
24 25 0.270751
24 19 0.278239
24 7 0.298257
24 17 0.291622
24 20 0.289228
24 18 0.292541
24 2 0.308883
24 26 0.285149
24 6 0.313143
24 28 0.297442
24 29 0.323255
24 27 0.331087
24 33 0.357188
24 30 0.372714
24 31 0.380789
24 34 0.386588
24 32 0.427900
24 38 0.436610
24 40 0.461919
24 37 0.501489
24 36 0.503778
24 41 0.542907
24 42 0.548662
24 35 0.642981
24 39 0.677634
25 0 0.139182
25 5 0.177232
25 6 0.195822
25 3 0.226478
25 7 0.248740
25 8 0.259560
25 12 0.262996
25 17 0.270251
25 13 0.274669
25 4 0.285871
25 11 0.281400
25 14 0.278932
25 22 0.270239
25 10 0.283760
25 24 0.270726
25 1 0.298296
25 32 0.261853
25 26 0.270998
25 36 0.257557
25 9 0.296117
25 21 0.284340
25 2 0.307892
25 29 0.276295
25 34 0.269990
25 23 0.286585
25 27 0.280998
25 15 0.296645
25 28 0.281696
25 37 0.271438
25 25 0.289064
25 33 0.277407
25 16 0.301127
25 31 0.281343
25 20 0.297607
25 35 0.276784
25 18 0.303167
25 40 0.282132
25 39 0.283243
25 42 0.280663
25 38 0.287818
25 30 0.299042
25 41 0.286672
25 19 0.317602
26 0 0.187018
26 3 0.201155
26 4 0.207312
26 2 0.214425
26 6 0.258206
26 5 0.261743
26 1 0.284378
26 7 0.288384
26 10 0.324739
26 8 0.352274
26 9 0.361826
26 11 0.359880
26 14 0.422496
26 16 0.443710
26 15 0.508197
26 27 0.496324
26 19 0.512435
26 40 0.502447
26 26 0.520635
26 34 0.511622
26 30 0.516532
26 18 0.533857
26 13 0.541884
26 17 0.540548
26 25 0.545307
26 29 0.541077
26 42 0.525638
26 38 0.531458
26 41 0.528433
26 31 0.543705
26 36 0.537020
26 20 0.557921
26 22 0.556625
26 32 0.544432
26 12 0.577918
26 37 0.548296
26 28 0.569073
26 24 0.599257
26 23 0.612712
26 39 0.593225
26 21 0.616780
26 35 0.718926
26 33 0.772801
27 0 0.134992
27 2 0.135622
27 1 0.140461
27 3 0.184947
27 6 0.191304
27 4 0.202567
27 8 0.197820
27 5 0.215250
27 9 0.223542
27 13 0.229422
27 10 0.243142
27 7 0.268786
27 29 0.227815
27 31 0.226848
27 18 0.254230
27 22 0.246590
27 14 0.265366
27 28 0.234468
27 12 0.268516
27 34 0.225713
27 21 0.253573
27 11 0.276581
27 39 0.216642
27 23 0.255456
27 42 0.215815
27 15 0.273886
27 19 0.267143
27 36 0.229187
27 20 0.266209
27 24 0.262966
27 16 0.277689
27 17 0.275409
27 25 0.262504
27 30 0.251698
27 27 0.259198
27 38 0.236342
27 26 0.262873
27 35 0.244373
27 32 0.256446
27 40 0.239086
27 41 0.238914
27 37 0.254205
27 33 0.269994
28 0 0.166902
28 4 0.192123
28 2 0.198635
28 1 0.212057
28 5 0.224847
28 33 0.236963
28 41 0.229670
28 11 0.284123
28 32 0.255679
28 23 0.271835
28 14 0.285962
28 8 0.293512
28 20 0.284536
28 7 0.301082
28 35 0.265184
28 15 0.294033
28 22 0.294162
28 16 0.306412
28 31 0.284426
28 27 0.293176
28 37 0.280925
28 3 0.325672
28 36 0.282967
28 21 0.307688
28 12 0.317777
28 19 0.312043
28 13 0.321790
28 42 0.281586
28 10 0.330164
28 39 0.290899
28 26 0.310474
28 9 0.334246
28 25 0.316130
28 30 0.308850
28 34 0.309782
28 24 0.325382
28 28 0.323352
28 6 0.353452
28 18 0.342492
28 29 0.327347
28 17 0.347377
28 38 0.330057
28 40 0.327790
29 10 0.494868
29 14 0.494403
29 26 0.498134
29 8 0.604534
29 22 0.589636
29 9 0.605099
29 27 0.586630
29 1 0.615208
29 29 0.590621
29 3 0.647501
29 28 0.630572
29 24 0.654001
29 6 0.676657
29 13 0.672164
29 7 0.681739
29 5 0.696104
29 11 0.690245
29 15 0.686668
29 12 0.714925
29 2 0.725057
29 0 0.727412
29 25 0.701141
29 30 0.697485
29 20 0.725607
29 21 0.723419
29 33 0.710916
29 19 0.728079
29 36 0.706999
29 39 0.704048
29 16 0.734008
29 32 0.723880
29 23 0.734419
29 18 0.754168
29 4 0.768996
29 31 0.749086
29 35 0.749680
29 42 0.744316
29 40 0.754785
29 41 0.759666
29 17 0.795255
29 34 0.776369
29 38 0.773148
29 37 0.794892
30 0 0.183474
30 2 0.251051
30 1 0.269399
30 10 0.277359
30 5 0.285376
30 8 0.284956
30 26 0.267332
30 11 0.287911
30 9 0.299319
30 24 0.287276
30 39 0.267203
30 27 0.287587
30 14 0.302917
30 3 0.315264
30 23 0.295748
30 12 0.308637
30 25 0.295357
30 6 0.316931
30 36 0.283809
30 20 0.305813
30 7 0.322293
30 17 0.312529
30 4 0.327788
30 32 0.298386
30 31 0.302795
30 30 0.304737
30 13 0.330682
30 21 0.324739
30 22 0.323779
30 16 0.332048
30 28 0.318047
30 18 0.330970
30 34 0.309863
30 19 0.330899
30 38 0.306232
30 35 0.311740
30 42 0.302718
30 29 0.329227
30 33 0.324401
30 15 0.351127
30 40 0.320135
30 41 0.319530
30 37 0.328291
31 1 0.219280
31 0 0.223030
31 6 0.252068
31 15 0.246980
31 17 0.247171
31 16 0.253749
31 10 0.263743
31 14 0.260395
31 12 0.266890
31 13 0.267024
31 4 0.277920
31 11 0.272528
31 9 0.276755
31 8 0.278473
31 18 0.269783
31 7 0.282525
31 2 0.301109
31 21 0.282553
31 5 0.300529
31 25 0.280476
31 3 0.304302
31 19 0.294483
31 23 0.291276
31 22 0.292999
31 20 0.353901
31 24 0.358038
31 27 0.366098
31 26 0.397988
31 30 0.426221
31 31 0.431014
31 39 0.447986
31 28 0.462911
31 35 0.470156
31 38 0.528550
31 33 0.536504
31 36 0.533132
31 34 0.535591
31 29 0.541599
31 42 0.534598
31 32 0.583721
31 41 0.572781
31 37 0.577421
31 40 0.711829
32 0 0.208901
32 1 0.212050
32 5 0.209275
32 3 0.231012
32 2 0.253437
32 8 0.260957
32 7 0.275181
32 9 0.274387
32 26 0.253830
32 6 0.290395
32 4 0.297596
32 11 0.291992
32 13 0.291497
32 23 0.273290
32 10 0.296062
32 28 0.263834
32 24 0.274563
32 37 0.253825
32 14 0.300055
32 27 0.279548
32 12 0.309456
32 21 0.298593
32 22 0.299401
32 25 0.292324
32 16 0.310305
32 19 0.307841
32 15 0.329461
32 33 0.297365
32 20 0.323011
32 30 0.306956
32 17 0.331318
32 29 0.309879
32 18 0.334471
32 39 0.302245
32 31 0.314917
32 34 0.312223
32 38 0.306797
32 42 0.298118
32 40 0.300302
32 35 0.317228
32 36 0.318154
32 32 0.327276
32 41 0.313519
33 28 0.502185
33 13 0.565162
33 40 0.538015
33 9 0.581981
33 16 0.597080
33 38 0.584472
33 29 0.615740
33 17 0.658825
33 2 0.835795
33 10 0.831911
33 34 0.803160
33 22 0.826312
33 11 0.836595
33 39 0.803344
33 19 0.830499
33 27 0.821664
33 23 0.830173
33 0 0.858044
33 20 0.840154
33 12 0.848014
33 14 0.846910
33 5 0.855626
33 36 0.820445
33 24 0.841884
33 18 0.848674
33 33 0.838703
33 8 0.869780
33 4 0.876806
33 42 0.835864
33 3 0.913738
33 15 0.903093
33 30 0.895122
33 6 0.921421
33 1 0.927194
33 31 0.899737
33 26 0.904790
33 7 0.924490
33 35 0.891517
33 21 0.912749
33 41 0.888722
33 25 0.917211
33 32 0.959140
33 37 0.972570
34 1 0.154903
34 2 0.160233
34 4 0.217049
34 3 0.224581
34 5 0.245431
34 0 0.263311
34 10 0.254277
34 8 0.263934
34 12 0.268866
34 11 0.284672
34 24 0.267470
34 6 0.295709
34 18 0.279839
34 9 0.292627
34 7 0.296384
34 28 0.266602
34 16 0.284685
34 25 0.274835
34 14 0.295216
34 37 0.263106
34 26 0.284517
34 23 0.290862
34 15 0.304346
34 19 0.297479
34 13 0.309070
34 20 0.297587
34 22 0.297647
34 27 0.289628
34 32 0.289034
34 39 0.280702
34 33 0.290817
34 21 0.311684
34 40 0.283670
34 31 0.296780
34 35 0.293011
34 34 0.295008
34 30 0.299558
34 42 0.286919
34 38 0.295707
34 36 0.298532
34 17 0.325544
34 29 0.308481
34 41 0.309073
35 0 0.264043
35 5 0.290386
35 3 0.296032
35 1 0.301213
35 7 0.298584
35 25 0.286478
35 27 0.299554
35 11 0.323219
35 28 0.306012
35 26 0.312546
35 23 0.319523
35 13 0.331456
35 9 0.335702
35 10 0.341099
35 24 0.327105
35 12 0.342953
35 19 0.338100
35 8 0.357179
35 4 0.368242
35 16 0.366625
35 17 0.377767
35 18 0.377292
35 2 0.398152
35 14 0.394780
35 6 0.407724
35 20 0.397677
35 22 0.395969
35 15 0.406682
35 30 0.388512
35 29 0.391534
35 21 0.404887
35 32 0.395437
35 31 0.418848
35 36 0.420723
35 33 0.490754
35 34 0.509726
35 35 0.529454
35 37 0.545565
35 42 0.572191
35 41 0.608458
35 39 0.709517
35 38 0.763361
35 40 0.795108
36 0 0.138571
36 1 0.197465
36 2 0.226308
36 4 0.246283
36 23 0.246694
36 12 0.262664
36 7 0.277789
36 13 0.277651
36 9 0.282280
36 8 0.283620
36 6 0.285377
36 10 0.285243
36 27 0.264845
36 17 0.283132
36 5 0.296911
36 26 0.274671
36 11 0.295651
36 22 0.287574
36 25 0.285272
36 28 0.282811
36 16 0.304244
36 21 0.299270
36 24 0.299422
36 18 0.308136
36 3 0.322748
36 15 0.314717
36 20 0.310494
36 34 0.290044
36 42 0.279923
36 14 0.322615
36 35 0.295031
36 38 0.291389
36 30 0.303773
36 36 0.297995
36 40 0.293459
36 41 0.300285
36 31 0.316631
36 19 0.335678
36 39 0.307573
36 32 0.320999
36 33 0.321733
36 29 0.326577
36 37 0.321293
37 1 0.316911
37 4 0.326325
37 2 0.338199
37 3 0.345921
37 0 0.358990
37 10 0.454768
37 9 0.465515
37 14 0.462756
37 29 0.497837
37 15 0.570077
37 7 0.589324
37 18 0.584533
37 25 0.590392
37 16 0.608917
37 6 0.622112
37 12 0.626031
37 13 0.638055
37 26 0.627596
37 8 0.655101
37 11 0.654707
37 21 0.676914
37 36 0.662068
37 23 0.680014
37 35 0.683426
37 19 0.712462
37 17 0.722974
37 24 0.837242
37 41 0.813581
37 27 0.833220
37 5 0.859888
37 30 0.832569
37 33 0.829608
37 37 0.831597
37 40 0.828540
37 28 0.873037
37 34 0.880464
37 32 0.956978
37 20 0.973382
37 38 0.950838
37 39 0.950150
37 22 0.985494
37 42 0.961992
37 31 0.984957
38 0 0.233090
38 8 0.284195
38 2 0.296372
38 3 0.296051
38 13 0.302427
38 10 0.315047
38 30 0.295051
38 5 0.327806
38 12 0.328563
38 31 0.305117
38 11 0.337063
38 9 0.344630
38 28 0.326251
38 14 0.362038
38 32 0.337259
38 1 0.377768
38 4 0.378508
38 7 0.377773
38 29 0.354549
38 16 0.376577
38 33 0.350985
38 39 0.344085
38 6 0.392135
38 18 0.390403
38 38 0.362420
38 25 0.381595
38 23 0.385130
38 20 0.393080
38 27 0.389576
38 36 0.377703
38 15 0.409977
38 24 0.396113
38 21 0.401455
38 22 0.413202
38 17 0.430943
38 35 0.417874
38 40 0.412249
38 41 0.422995
38 19 0.458516
38 34 0.439173
38 26 0.454166
38 37 0.442606
38 42 0.445410
39 24 0.691038
39 13 0.701964
39 11 0.706653
39 12 0.706051
39 31 0.687145
39 16 0.704149
39 27 0.695938
39 21 0.707036
39 25 0.712280
39 28 0.719044
39 8 0.741985
39 15 0.758943
39 29 0.765686
39 1 0.795424
39 3 0.798820
39 26 0.779114
39 10 0.812357
39 35 0.789911
39 33 0.792290
39 7 0.821775
39 14 0.827289
39 41 0.879174
39 9 0.910461
39 18 0.902784
39 39 0.883102
39 37 0.896221
39 19 0.917121
39 30 0.907481
39 17 0.923140
39 40 0.910520
39 20 0.936137
39 34 0.923301
39 4 0.955890
39 5 0.963133
39 23 0.950224
39 32 0.965795
39 42 0.972427
39 38 0.976067
39 0 1.034871
39 22 1.021710
39 2 1.039703
39 36 1.007531
39 6 1.047330
40 6 0.145854
40 0 0.202057
40 5 0.236671
40 3 0.281767
40 13 0.281673
40 4 0.298066
40 27 0.270354
40 8 0.313339
40 16 0.301086
40 18 0.299399
40 1 0.333432
40 29 0.290063
40 12 0.321179
40 14 0.319678
40 9 0.336643
40 11 0.334700
40 17 0.329415
40 26 0.316081
40 20 0.334980
40 7 0.358294
40 15 0.343376
40 37 0.306526
40 25 0.328679
40 30 0.320683
40 19 0.346502
40 21 0.343158
40 24 0.339782
40 10 0.363963
40 2 0.379328
40 28 0.340246
40 42 0.334800
40 22 0.372840
40 32 0.355027
40 40 0.342085
40 34 0.355852
40 36 0.350752
40 38 0.349335
40 39 0.350511
40 33 0.365740
40 23 0.395830
40 31 0.382036
40 35 0.375177
40 41 0.370492
41 8 0.269797
41 0 0.286535
41 28 0.281296
41 3 0.340234
41 13 0.331166
41 4 0.340009
41 9 0.335622
41 23 0.324304
41 12 0.355127
41 37 0.331857
41 24 0.357504
41 5 0.378150
41 27 0.355617
41 25 0.358499
41 17 0.368416
41 2 0.385945
41 11 0.387317
41 15 0.393454
41 18 0.391335
41 10 0.412231
41 7 0.415901
41 1 0.423530
41 32 0.389300
41 20 0.426839
41 26 0.420514
41 14 0.434755
41 16 0.434725
41 38 0.408493
41 36 0.418133
41 39 0.422589
41 33 0.433631
41 41 0.435440
41 21 0.467147
41 35 0.457956
41 19 0.478740
41 22 0.482863
41 6 0.503115
41 40 0.472174
41 30 0.500985
41 42 0.489313
41 29 0.507354
41 34 0.515959
41 31 0.519730
42 0 0.215556
42 11 0.294617
42 29 0.277385
42 24 0.296905
42 10 0.311756
42 37 0.290781
42 7 0.325236
42 25 0.307133
42 1 0.331341
42 30 0.310336
42 4 0.353818
42 6 0.352722
42 8 0.351043
42 26 0.335265
42 28 0.337823
42 32 0.334269
42 17 0.352938
42 12 0.358493
42 21 0.353895
42 27 0.349098
42 9 0.376673
42 13 0.373596
42 3 0.383326
42 19 0.370053
42 15 0.374646
42 36 0.352034
42 5 0.387090
42 14 0.379608
42 35 0.355565
42 16 0.381474
42 33 0.371194
42 39 0.365132
42 40 0.367845
42 31 0.379868
42 38 0.372593
42 2 0.413195
42 41 0.370341
42 18 0.405176
42 20 0.411815
42 22 0.413260
42 23 0.412371
42 34 0.401509
42 42 0.396939
43 9 0.551953
43 24 0.618376
43 2 0.640823
43 16 0.626496
43 34 0.609864
43 19 0.624742
43 25 0.619525
43 26 0.758225
43 3 0.782184
43 41 0.744259
43 6 0.780220
43 23 0.763978
43 27 0.760679
43 13 0.773663
43 30 0.758306
43 4 0.785273
43 37 0.792967
43 35 0.795359
43 0 0.832841
43 17 0.822959
43 36 0.812656
43 7 0.848384
43 1 0.952036
43 39 0.914498
43 10 1.005680
43 14 1.002251
43 28 0.990385
43 11 1.006263
43 32 0.988635
43 18 1.024985
43 8 1.055816
43 12 1.064637
43 33 1.171376
43 22 1.206224
43 15 1.218361
43 40 1.202794
43 42 1.203315
43 5 1.251653
43 20 1.240129
43 31 1.236588
43 38 1.274805
43 29 1.288540
43 21 1.323158
44 14 0.288009
44 0 0.306510
44 13 0.301244
44 8 0.313151
44 22 0.297248
44 24 0.295672
44 10 0.319598
44 26 0.322961
44 1 0.357026
44 25 0.343399
44 11 0.361857
44 2 0.370555
44 4 0.376570
44 12 0.369895
44 9 0.373335
44 23 0.355813
44 27 0.391333
44 15 0.407732
44 37 0.380863
44 33 0.394218
44 17 0.419450
44 16 0.447606
44 31 0.443549
44 36 0.442853
44 32 0.449736
44 6 0.490192
44 38 0.461466
44 35 0.470567
44 20 0.492809
44 3 0.514014
44 18 0.505145
44 30 0.493218
44 39 0.481389
44 42 0.478135
44 41 0.485662
44 28 0.503601
44 34 0.498493
44 29 0.531335
44 7 0.557334
44 5 0.559754
44 19 0.544735
44 40 0.519323
44 21 0.556344
45 2 0.507399
45 1 0.592255
45 8 0.429115
45 10 0.394659
45 4 0.680388
45 3 0.882219
45 6 0.712859
45 12 0.556476
45 14 0.541880
45 11 0.585593
45 0 1.069092
45 9 0.817559
45 13 0.670943
45 15 0.652826
45 25 0.293748
45 26 0.296162
45 7 0.888642
45 18 0.641568
45 17 0.745226
45 29 0.267124
45 28 0.295008
45 5 1.000926
45 19 0.762487
45 27 0.351054
45 24 0.506412
45 16 0.859417
45 38 0.203838
45 22 0.621254
45 20 0.717478
45 21 0.768156
45 30 0.432116
45 23 0.613447
45 33 0.457432
45 32 0.458473
45 31 0.474226
45 34 0.481452
45 36 0.431182
45 35 0.475732
45 40 0.350305
45 37 0.429470
45 41 0.369758
45 39 0.376406
45 42 0.383756
46 1 0.384742
46 14 0.578987
46 13 0.580264
46 12 0.581635
46 10 0.584193
46 0 0.631600
46 8 0.695310
46 31 0.757875
46 21 0.770056
46 18 0.775620
46 24 0.768165
46 23 0.769306
46 2 0.793102
46 38 0.784416
46 28 0.829162
46 27 0.872912
46 15 0.915714
46 25 0.912551
46 6 0.942591
46 17 0.957793
46 33 0.940169
46 4 0.989216
46 20 0.977256
46 26 0.974954
46 36 0.963182
46 5 1.011253
46 29 0.985350
46 11 1.006422
46 37 0.980354
46 9 1.042105
46 22 1.108454
46 41 1.109208
46 3 1.163630
46 39 1.208855
46 32 1.283295
46 42 1.279903
46 40 1.287303
46 16 1.317419
46 35 1.293852
46 7 1.326604
46 19 1.410203
46 34 1.420469
46 30 1.500577
47 4 0.315039
47 7 0.315417
47 11 0.312575
47 13 0.313642
47 8 0.331853
47 12 0.333054
47 3 0.366508
47 0 0.376485
47 9 0.367789
47 10 0.368987
47 26 0.345792
47 29 0.352399
47 38 0.341671
47 2 0.404751
47 28 0.365494
47 20 0.384824
47 25 0.385553
47 27 0.386570
47 1 0.431226
47 30 0.397259
47 19 0.415961
47 36 0.396765
47 34 0.425519
47 24 0.454103
47 15 0.477897
47 6 0.491610
47 17 0.476669
47 42 0.442055
47 22 0.472415
47 21 0.474324
47 5 0.509630
47 18 0.488696
47 23 0.487012
47 41 0.464002
47 33 0.482003
47 14 0.516087
47 31 0.490178
47 39 0.481323
47 32 0.499510
47 16 0.526259
47 37 0.500786
47 35 0.506642
47 40 0.526846
48 12 0.327662
48 8 0.345812
48 14 0.344111
48 10 0.351911
48 9 0.354764
48 11 0.356118
48 2 0.368288
48 26 0.347002
48 13 0.383689
48 5 0.395806
48 25 0.384140
48 28 0.388075
48 0 0.419690
48 4 0.420858
48 7 0.427771
48 3 0.436100
48 19 0.452654
48 27 0.448104
48 30 0.447501
48 16 0.472197
48 17 0.503252
48 15 0.510390
48 1 0.573405
48 20 0.556474
48 24 0.552814
48 29 0.546092
48 23 0.573112
48 38 0.672816
48 32 0.707259
48 6 0.744623
48 22 0.740504
48 21 0.755472
48 35 0.776413
48 18 0.842540
48 34 0.852543
48 36 0.891124
48 31 0.972016
48 33 1.004125
48 39 1.019421
48 40 1.047304
48 37 1.126569
48 42 1.326831
48 41 1.374567
49 13 0.308941
49 7 0.320538
49 31 0.296680
49 28 0.304696
49 12 0.329892
49 8 0.336496
49 10 0.335956
49 30 0.313270
49 29 0.323119
49 2 0.361143
49 11 0.357436
49 26 0.343147
49 9 0.366618
49 0 0.383580
49 3 0.394638
49 40 0.357577
49 1 0.406018
49 5 0.406541
49 14 0.410605
49 27 0.395805
49 4 0.467150
49 6 0.498418
49 24 0.477953
49 16 0.495374
49 25 0.494665
49 19 0.502995
49 34 0.494118
49 15 0.531146
49 18 0.525641
49 39 0.502903
49 37 0.509239
49 21 0.539630
49 17 0.551571
49 33 0.533217
49 20 0.554743
49 36 0.538951
49 22 0.562494
49 41 0.545124
49 32 0.566097
49 23 0.585710
49 35 0.577046
49 38 0.573809
49 42 0.587557
50 29 0.694317
50 16 0.755894
50 5 0.772430
50 30 0.797692
50 11 0.872482
50 31 1.013863
50 23 1.096088
50 28 1.097894
50 27 1.102683
50 9 1.127561
50 12 1.131762
50 18 1.128099
50 22 1.124333
50 10 1.136919
50 33 1.130046
50 13 1.151659
50 19 1.157444
50 7 1.172580
50 26 1.154390
50 14 1.166649
50 3 1.185295
50 38 1.182061
50 8 1.213065
50 15 1.212690
50 41 1.195802
50 4 1.254158
50 25 1.239813
50 40 1.258706
50 1 1.298405
50 24 1.282309
50 21 1.302538
50 35 1.294287
50 39 1.294692
50 2 1.341939
50 37 1.312047
50 20 1.332578
50 17 1.339137
50 0 1.375369
50 32 1.349088
50 42 1.342960
50 6 1.391538
50 36 1.374391
50 34 1.398537
51 28 0.290048
51 0 0.372868
51 11 0.367049
51 8 0.371287
51 3 0.378096
51 25 0.357747
51 24 0.410228
51 13 0.440910
51 7 0.452271
51 29 0.424511
51 4 0.456106
51 1 0.465708
51 15 0.481100
51 12 0.488931
51 32 0.486255
51 9 0.519758
51 27 0.505565
51 10 0.546410
51 26 0.530629
51 16 0.546086
51 5 0.567628
51 14 0.561719
51 34 0.569025
51 2 0.611759
51 17 0.602402
51 37 0.575878
51 18 0.619394
51 35 0.611206
51 38 0.642451
51 22 0.669746
51 36 0.670576
51 31 0.681328
51 21 0.695756
51 40 0.672393
51 23 0.702336
51 30 0.696968
51 19 0.720283
51 39 0.697170
51 33 0.711938
51 41 0.704979
51 6 0.773083
51 20 0.767063
51 42 0.747052
52 0 0.640324
52 3 0.781930
52 4 0.766753
52 2 0.929719
52 1 0.959346
52 8 0.766883
52 14 0.284466
52 10 0.465592
52 6 0.821310
52 11 0.329432
52 12 0.323219
52 7 0.844057
52 9 0.538652
52 13 0.386728
52 5 0.933193
52 16 0.416202
52 21 0.409020
52 22 0.391540
52 25 0.284987
52 19 0.469843
52 24 0.343092
52 26 0.280566
52 29 0.277835
52 15 0.550761
52 27 0.286507
52 28 0.310251
52 38 0.282923
52 30 0.334731
52 23 0.492229
52 20 0.557873
52 18 0.572933
52 17 0.603377
52 34 0.371795
52 37 0.392780
52 39 0.391193
52 35 0.432901
52 32 0.438926
52 42 0.360136
52 33 0.444206
52 40 0.402290
52 36 0.456656
52 31 0.495204
52 41 0.428320
53 9 0.309804
53 14 0.324502
53 8 0.333075
53 13 0.341949
53 0 0.358672
53 25 0.340769
53 28 0.340971
53 26 0.399512
53 24 0.455521
53 4 0.476192
53 12 0.478173
53 10 0.484214
53 6 0.501422
53 3 0.523844
53 18 0.544344
53 30 0.533673
53 22 0.547257
53 38 0.533642
53 2 0.578009
53 29 0.565888
53 11 0.590324
53 32 0.566079
53 27 0.572646
53 17 0.590770
53 21 0.588203
53 37 0.571178
53 35 0.577354
53 34 0.590207
53 36 0.593298
53 5 0.644938
53 16 0.645992
53 39 0.647929
53 41 0.652396
53 33 0.666439
53 15 0.697018
53 1 0.717614
53 23 0.706992
53 7 0.726132
53 42 0.724632
53 31 0.767162
53 19 0.794193
53 20 0.811519
53 40 0.803064
54 26 0.312849
54 14 0.388952
54 2 0.441962
54 29 0.424852
54 24 0.441329
54 38 0.425308
54 11 0.464703
54 10 0.466059
54 16 0.474898
54 12 0.485232
54 28 0.485123
54 32 0.496321
54 1 0.535276
54 5 0.534310
54 18 0.523993
54 3 0.541827
54 4 0.541322
54 8 0.541343
54 23 0.538325
54 27 0.533090
54 6 0.559700
54 35 0.529938
54 9 0.566336
54 0 0.578961
54 34 0.540893
54 7 0.580353
54 21 0.567738
54 13 0.581251
54 17 0.577853
54 25 0.580791
54 40 0.568774
54 20 0.620628
54 42 0.626119
54 15 0.683335
54 39 0.655953
54 41 0.670607
54 36 0.686699
54 31 0.695092
54 19 0.718546
54 30 0.704437
54 22 0.729422
54 37 0.737484
54 33 0.747524
55 11 0.414093
55 14 0.418525
55 10 0.435904
55 13 0.477449
55 9 0.481952
55 8 0.530036
55 20 0.602374
55 0 0.645097
55 21 0.640934
55 17 0.672562
55 12 0.687348
55 7 0.751614
55 4 0.763018
55 2 0.798951
55 22 0.802651
55 28 0.616392
55 19 1.027850
55 30 0.608337
55 26 0.632580
55 6 1.059274
55 25 0.806385
55 15 1.122967
55 18 1.113749
55 1 1.143232
55 29 0.832208
55 27 0.845801
55 39 0.621974
55 32 0.831855
55 5 1.299574
55 23 1.184912
55 24 1.003779
55 37 0.824612
55 33 0.860667
55 16 1.316555
55 35 0.867928
55 3 1.369563
55 41 0.715624
55 34 0.888307
55 36 0.902406
55 38 0.918475
55 40 0.829022
55 31 1.041009
55 42 0.895547
56 9 0.327962
56 2 0.346349
56 10 0.338618
56 3 0.357612
56 13 0.350606
56 0 0.363944
56 11 0.360867
56 8 0.364806
56 20 0.357665
56 14 0.372252
56 1 0.398273
56 24 0.375419
56 5 0.404569
56 25 0.383131
56 38 0.371895
56 28 0.384730
56 26 0.387728
56 27 0.391371
56 32 0.385928
56 33 0.385477
56 29 0.407647
56 12 0.431373
56 30 0.413548
56 19 0.443398
56 15 0.465548
56 4 0.477564
56 31 0.444984
56 34 0.447099
56 6 0.505813
56 35 0.477246
56 22 0.500017
56 7 0.520558
56 17 0.518793
56 18 0.526187
56 23 0.549978
56 21 0.554665
56 37 0.534013
56 40 0.553529
56 41 0.555584
56 42 0.560949
56 39 0.567800
56 16 0.606652
56 36 0.590387
57 11 0.667131
57 29 0.760589
57 13 0.831524
57 3 0.859203
57 34 0.969694
57 38 1.009827
57 36 1.020303
57 1 1.108951
57 35 1.081003
57 28 1.100904
57 15 1.121753
57 9 1.132043
57 37 1.112556
57 27 1.125761
57 33 1.134841
57 12 1.171615
57 2 1.186337
57 25 1.199039
57 26 1.209659
57 14 1.226728
57 42 1.198579
57 10 1.245586
57 8 1.248457
57 32 1.233476
57 23 1.273107
57 24 1.299248
57 30 1.309053
57 41 1.323772
57 16 1.365370
57 18 1.437881
57 4 1.455962
57 5 1.483191
57 40 1.447318
57 17 1.484436
57 7 1.499979
57 21 1.491327
57 19 1.499288
57 20 1.507779
57 31 1.495519
57 0 1.535966
57 22 1.525743
57 6 1.614512
57 39 1.582923
58 9 0.531270
58 10 0.580291
58 0 0.674447
58 27 0.729371
58 5 0.769069
58 7 0.794142
58 29 0.816388
58 16 0.858487
58 1 0.906434
58 18 0.902417
58 19 0.909252
58 6 0.925455
58 23 0.932531
58 12 0.956888
58 26 0.946128
58 40 0.934784
58 15 1.007550
58 13 1.038035
58 17 1.044836
58 20 1.046509
58 31 1.080108
58 8 1.122626
58 11 1.124882
58 14 1.136570
58 32 1.178697
58 21 1.216623
58 39 1.247488
58 3 1.296816
58 35 1.257704
58 30 1.280917
58 38 1.282499
58 2 1.333676
58 4 1.345001
58 22 1.431369
58 33 1.439461
58 28 1.467047
58 25 1.633589
58 34 1.655567
58 37 1.676449
58 36 1.714357
58 41 1.775197
58 42 1.797904
58 24 1.897752
59 1 0.331840
59 26 0.326040
59 8 0.366989
59 0 0.405286
59 9 0.409460
59 10 0.435896
59 11 0.451501
59 17 0.451802
59 13 0.460743
59 27 0.449349
59 31 0.447425
59 38 0.489258
59 29 0.506992
59 2 0.542271
59 4 0.561037
59 32 0.536090
59 6 0.571772
59 3 0.603679
59 5 0.606630
59 25 0.593219
59 15 0.610601
59 28 0.593847
59 37 0.593752
59 7 0.631504
59 12 0.628790
59 23 0.622855
59 21 0.631812
59 14 0.650084
59 33 0.633818
59 30 0.640508
59 18 0.690910
59 19 0.697123
59 41 0.738655
59 16 0.778977
59 35 0.762424
59 36 0.830800
59 40 0.835640
59 24 0.863402
59 39 0.864070
59 20 0.891103
59 22 0.892249
59 42 0.878510
59 34 0.895727
60 1 0.697521
60 0 0.843816
60 9 0.523876
60 3 0.771676
60 5 0.757320
60 13 0.383287
60 8 0.625059
60 10 0.629918
60 4 0.817928
60 11 0.635050
60 14 0.432304
60 12 0.615452
60 28 0.314407
60 7 0.994922
60 2 1.149503
60 25 0.380115
60 30 0.341710
60 29 0.342731
60 26 0.406540
60 15 0.710972
60 17 0.661916
60 39 0.364493
60 21 0.592030
60 27 0.451344
60 33 0.463746
60 6 1.179488
60 16 0.813819
60 18 0.781087
60 20 0.661842
60 32 0.499901
60 35 0.503956
60 19 0.723081
60 41 0.391776
60 40 0.483366
60 22 0.658332
60 24 0.662772
60 36 0.597112
60 23 0.695031
60 38 0.637346
60 31 0.705812
60 34 0.706437
60 37 0.718206
60 42 0.613990
61 30 0.692979
61 32 0.724197
61 27 0.827329
61 10 0.982575
61 6 1.035521
61 9 1.088030
61 19 1.150074
61 23 1.152505
61 3 1.177380
61 12 1.179455
61 21 1.199754
61 29 1.254986
61 38 1.255292
61 1 1.303315
61 16 1.307497
61 14 1.314580
61 34 1.310247
61 13 1.351752
61 7 1.458649
61 28 1.477337
61 11 1.506176
61 22 1.508003
61 8 1.526467
61 36 1.531570
61 31 1.545131
61 2 1.597859
61 17 1.621414
61 0 1.643194
61 24 1.633717
61 15 1.643091
61 20 1.642355
61 40 1.646050
61 4 1.691611
61 18 1.710794
61 33 1.695510
61 42 1.713524
61 5 1.763070
61 39 1.740356
61 41 1.777000
61 35 1.824525
61 25 1.849601
61 37 1.851785
61 26 1.923568
62 5 0.268445
62 10 0.357739
62 8 0.364142
62 1 0.382168
62 14 0.389938
62 9 0.412844
62 0 0.428971
62 23 0.416053
62 3 0.447217
62 12 0.444568
62 38 0.415600
62 13 0.454212
62 4 0.470343
62 26 0.465939
62 28 0.469295
62 25 0.480076
62 34 0.468172
62 7 0.499381
62 11 0.496144
62 27 0.496615
62 24 0.513564
62 19 0.549069
62 39 0.533581
62 2 0.600287
62 20 0.592510
62 31 0.589687
62 22 0.638601
62 6 0.656711
62 15 0.654726
62 18 0.652588
62 37 0.635375
62 16 0.674055
62 30 0.663010
62 35 0.659135
62 29 0.673943
62 42 0.659278
62 21 0.708287
62 33 0.695936
62 36 0.705420
62 17 0.738288
62 41 0.709722
62 40 0.718051
62 32 0.745150
63 31 0.510521
63 9 0.538839
63 15 0.935368
63 36 0.983287
63 32 0.992186
63 27 1.028235
63 19 1.062487
63 7 1.145512
63 5 1.148354
63 23 1.129951
63 29 1.123651
63 30 1.123310
63 11 1.147631
63 12 1.183165
63 34 1.167330
63 21 1.200831
63 14 1.220017
63 25 1.233487
63 13 1.303061
63 39 1.273152
63 3 1.323764
63 10 1.316242
63 20 1.313687
63 28 1.331385
63 8 1.405737
63 35 1.395556
63 38 1.404365
63 17 1.436013
63 2 1.455300
63 22 1.442316
63 41 1.448452
63 37 1.456910
63 16 1.489874
63 18 1.489096
63 40 1.463601
63 33 1.474453
63 0 1.519178
63 6 1.513909
63 1 1.537635
63 26 1.532617
63 24 1.595416
63 4 1.637200
63 42 1.613053
64 12 0.352034
64 11 0.357183
64 40 0.359961
64 32 0.380476
64 7 0.419397
64 13 0.417991
64 9 0.443812
64 1 0.497987
64 4 0.505384
64 29 0.486575
64 30 0.497828
64 28 0.536023
64 10 0.562067
64 31 0.537783
64 27 0.566777
64 3 0.621894
64 8 0.665340
64 5 0.714737
64 15 0.755461
64 35 0.750869
64 34 0.764874
64 39 0.760807
64 25 0.781927
64 0 0.809608
64 2 0.812343
64 41 0.791356
64 38 0.808032
64 26 0.843272
64 16 0.871645
64 24 0.901532
64 42 0.882694
64 18 0.965254
64 6 0.982270
64 23 0.964393
64 19 0.974668
64 22 0.996619
64 36 0.982454
64 20 1.021034
64 21 1.037702
64 33 1.047252
64 17 1.147853
64 14 1.151341
64 37 1.327849
65 23 0.378260
65 7 0.398391
65 11 0.394987
65 9 0.415032
65 3 0.446671
65 17 0.462570
65 24 0.457802
65 20 0.476291
65 12 0.489909
65 25 0.473657
65 22 0.486096
65 18 0.499334
65 4 0.522707
65 35 0.484608
65 21 0.506925
65 26 0.498311
65 37 0.485023
65 8 0.522263
65 0 0.532103
65 10 0.528584
65 6 0.549036
65 27 0.524960
65 42 0.510026
65 5 0.567192
65 28 0.547160
65 36 0.543206
65 16 0.571824
65 31 0.551912
65 38 0.544443
65 41 0.538094
65 30 0.561497
65 19 0.601108
65 33 0.583017
65 1 0.621662
65 29 0.603994
65 40 0.610681
65 2 0.664650
65 15 0.664729
65 34 0.642058
65 14 0.680469
65 39 0.662228
65 32 0.676843
65 13 0.729594
66 10 0.506529
66 38 0.498660
66 8 0.550098
66 9 0.660052
66 11 0.658514
66 39 0.690911
66 18 0.722513
66 31 0.777639
66 20 0.855114
66 16 0.871380
66 0 0.912637
66 32 1.040889
66 30 1.044164
66 19 1.061882
66 28 1.052997
66 6 1.121614
66 37 1.082664
66 14 1.131319
66 13 1.173319
66 12 1.250772
66 2 1.273657
66 24 1.296570
66 15 1.341177
66 1 1.362415
66 26 1.327729
66 27 1.328374
66 23 1.364992
66 5 1.393626
66 29 1.382876
66 25 1.422493
66 3 1.544228
66 40 1.500664
66 41 1.502806
66 17 1.570824
66 4 1.592341
66 21 1.598039
66 7 1.640590
66 36 1.618027
66 34 1.651992
66 42 1.642534
66 35 1.675463
66 22 1.716301
66 33 1.716306
67 11 0.370461
67 25 0.438328
67 12 0.463488
67 3 0.481558
67 28 0.457603
67 27 0.473828
67 9 0.503165
67 10 0.503133
67 5 0.508921
67 24 0.486509
67 13 0.512653
67 36 0.497902
67 14 0.536281
67 8 0.551757
67 29 0.556907
67 26 0.595959
67 1 0.641461
67 15 0.635107
67 34 0.649150
67 33 0.651818
67 41 0.641015
67 7 0.689597
67 4 0.701164
67 21 0.683459
67 30 0.690015
67 32 0.702853
67 18 0.728235
67 6 0.754435
67 37 0.722831
67 31 0.743067
67 0 0.800810
67 2 0.805064
67 17 0.805135
67 39 0.795558
67 19 0.831194
67 23 0.835011
67 42 0.819565
67 35 0.838029
67 16 0.887286
67 40 0.862838
67 38 0.893421
67 20 0.923283
67 22 0.925814
68 7 0.429144
68 11 0.441500
68 9 0.446233
68 37 0.404948
68 10 0.467943
68 13 0.473287
68 30 0.434821
68 29 0.474791
68 0 0.569284
68 28 0.547919
68 31 0.543516
68 27 0.553487
68 4 0.598047
68 25 0.562749
68 2 0.606493
68 8 0.599893
68 26 0.567777
68 12 0.603623
68 23 0.577329
68 6 0.613478
68 21 0.583873
68 22 0.593819
68 36 0.581819
68 19 0.639061
68 14 0.659453
68 24 0.637341
68 42 0.612115
68 17 0.657284
68 3 0.700682
68 32 0.653678
68 18 0.699823
68 15 0.722254
68 20 0.720141
68 1 0.755742
68 39 0.702696
68 5 0.798405
68 33 0.762299
68 38 0.760473
68 35 0.776664
68 16 0.813155
68 34 0.794003
68 41 0.814016
68 40 0.834673
69 8 0.306755
69 4 0.361949
69 7 0.365851
69 13 0.362593
69 25 0.352374
69 10 0.384649
69 17 0.386027
69 14 0.396525
69 11 0.415944
69 1 0.535746
69 27 0.410109
69 3 0.550893
69 30 0.421807
69 12 0.457131
69 6 0.609831
69 28 0.480710
69 5 0.611981
69 0 0.623005
69 9 0.615273
69 2 0.637696
69 40 0.495803
69 26 0.516780
69 29 0.526122
69 37 0.518143
69 33 0.536880
69 41 0.525549
69 34 0.537886
69 39 0.558318
69 35 0.570103
69 23 0.597688
69 19 0.615694
69 38 0.598176
69 15 0.629842
69 36 0.603488
69 20 0.642408
69 22 0.640674
69 32 0.643300
69 24 0.654030
69 18 0.691907
69 21 0.693447
69 16 0.719081
69 31 0.732431
69 42 0.727197
70 24 0.516917
70 9 0.619037
70 27 0.664973
70 12 0.777809
70 13 0.839378
70 18 0.838621
70 16 0.998279
70 31 1.041983
70 36 1.070166
70 8 1.116857
70 25 1.118365
70 26 1.117870
70 32 1.116542
70 21 1.140004
70 33 1.184749
70 4 1.233460
70 42 1.203501
70 39 1.245112
70 22 1.266629
70 2 1.342524
70 28 1.350913
70 11 1.492978
70 14 1.576691
70 3 1.597192
70 29 1.590440
70 19 1.611498
70 10 1.663383
70 38 1.638364
70 34 1.643148
70 35 1.654965
70 1 1.737752
70 15 1.741984
70 20 1.808682
70 5 1.868739
70 30 1.858014
70 17 1.891356
70 37 1.884821
70 7 1.917405
70 41 1.886757
70 40 1.991381
70 0 2.068921
70 6 2.071646
70 23 2.076847
71 6 0.360853
71 24 0.359974
71 8 0.451111
71 28 0.440785
71 25 0.529879
71 37 0.520825
71 26 0.550652
71 10 0.599903
71 11 0.604325
71 9 0.607323
71 7 0.631858
71 12 0.632961
71 32 0.632765
71 5 0.677559
71 3 0.686303
71 2 0.694340
71 40 0.652448
71 27 0.673088
71 1 0.704147
71 29 0.676128
71 0 0.709967
71 16 0.695624
71 15 0.810646
71 20 0.824042
71 33 0.824184
71 41 0.813574
71 19 0.846610
71 38 0.847194
71 18 0.877538
71 13 0.901146
71 36 0.884118
71 22 0.923258
71 31 0.942694
71 42 0.939862
71 21 0.969307
71 35 0.956806
71 30 0.966841
71 17 0.983484
71 14 0.994824
71 39 0.977925
71 34 0.992899
71 23 1.025039
71 4 1.099940
72 1 0.670049
72 0 0.792314
72 12 0.694158
72 10 0.711311
72 2 0.908314
72 14 0.668084
72 5 1.023626
72 13 0.790934
72 3 1.082298
72 17 0.555978
72 18 0.587400
72 8 1.044659
72 9 1.118359
72 4 1.248959
72 26 0.400148
72 16 0.889404
72 24 0.574401
72 11 1.308010
72 27 0.539749
72 25 0.566976
72 28 0.529820
72 29 0.523621
72 7 1.410998
72 6 1.446531
72 22 0.684110
72 15 1.222594
72 20 0.872248
72 21 0.881525
72 38 0.436707
72 36 0.618582
72 23 0.876797
72 34 0.659082
72 41 0.516779
72 30 0.699169
72 31 0.732110
72 19 1.056682
72 32 0.778663
72 33 0.761367
72 40 0.650488
72 42 0.617382
72 35 0.793996
72 39 0.708416
72 37 0.810171
73 9 0.413568
73 8 0.414828
73 12 0.440334
73 25 0.497999
73 14 0.547062
73 27 0.535616
73 13 0.574544
73 24 0.583011
73 37 0.577410
73 10 0.616524
73 26 0.606311
73 23 0.634599
73 11 0.679305
73 28 0.662476
73 38 0.664499
73 42 0.685750
73 0 0.754962
73 20 0.741166
73 35 0.726976
73 2 0.779535
73 21 0.762336
73 5 0.822191
73 16 0.813095
73 40 0.790023
73 19 0.820984
73 30 0.816743
73 17 0.844311
73 34 0.821803
73 6 0.866147
73 22 0.851377
73 36 0.850471
73 1 0.895967
73 3 0.899441
73 41 0.861232
73 33 0.879096
73 31 0.886437
73 15 0.926067
73 18 0.926060
73 39 0.898542
73 7 0.962228
73 29 0.950029
73 32 1.003485
73 4 1.048859
74 4 0.815640
74 5 0.882046
74 0 1.113836
74 12 0.712572
74 9 0.878859
74 13 0.712239
74 7 0.976514
74 8 1.045474
74 15 0.675245
74 6 1.106022
74 10 0.908874
74 2 1.323339
74 3 1.518985
74 11 1.103840
74 14 1.096645
74 1 1.546665
74 17 0.959573
74 28 0.570388
74 16 1.124656
74 30 0.599858
74 25 0.694028
74 26 0.688125
74 29 0.657113
74 18 1.134712
74 27 0.718816
74 37 0.624405
74 22 0.868343
74 38 0.746926
74 20 0.949507
74 19 1.019002
74 39 0.827393
74 36 0.836171
74 24 0.963985
74 40 0.833796
74 21 1.032044
74 35 0.867900
74 23 0.996031
74 33 0.899291
74 32 0.934295
74 31 0.967352
74 42 0.852647
74 34 0.960216
74 41 1.008503
75 28 0.453159
75 12 0.476806
75 9 0.586248
75 10 0.666964
75 27 0.650022
75 5 0.713987
75 13 0.752438
75 6 0.784701
75 25 0.769403
75 37 0.763610
75 26 0.886096
75 41 0.903523
75 14 0.966539
75 29 0.949471
75 11 0.979501
75 24 0.976031
75 31 0.988002
75 4 1.022616
75 8 1.027864
75 3 1.091926
75 21 1.089329
75 35 1.074550
75 39 1.069820
75 33 1.107302
75 15 1.137076
75 2 1.170781
75 32 1.158595
75 1 1.233945
75 19 1.240485
75 40 1.212653
75 18 1.258775
75 0 1.280325
75 38 1.257881
75 30 1.272262
75 34 1.268071
75 17 1.309151
75 22 1.310557
75 42 1.364031
75 20 1.394166
75 23 1.413476
75 7 1.491420
75 16 1.512428
75 36 1.525549
76 11 0.448483
76 8 0.459833
76 9 0.462370
76 12 0.475568
76 10 0.565567
76 14 0.580229
76 23 0.606640
76 13 0.656454
76 26 0.658594
76 27 0.657601
76 5 0.722243
76 3 0.745955
76 2 0.786573
76 24 0.773752
76 38 0.750487
76 7 0.801536
76 0 0.809012
76 25 0.847431
76 4 0.886314
76 28 0.887259
76 17 0.938021
76 15 0.947806
76 22 0.996140
76 35 1.041894
76 1 1.091799
76 30 1.057779
76 6 1.098082
76 33 1.083473
76 16 1.167982
76 20 1.216943
76 40 1.193891
76 34 1.224899
76 29 1.251867
76 39 1.256222
76 18 1.296249
76 41 1.261891
76 32 1.307120
76 36 1.338817
76 42 1.338345
76 19 1.404455
76 37 1.384971
76 31 1.426904
76 21 1.505569
77 7 0.496299
77 10 0.503743
77 11 0.506044
77 9 0.534131
77 12 0.551167
77 24 0.544261
77 23 0.555418
77 26 0.574216
77 8 0.659393
77 27 0.640338
77 32 0.673652
77 28 0.678969
77 37 0.689898
77 13 0.734650
77 25 0.731562
77 30 0.761609
77 39 0.757404
77 31 0.819809
77 3 0.852038
77 5 0.875257
77 19 0.872390
77 42 0.913435
77 38 0.932730
77 22 0.961007
77 1 0.981683
77 20 0.987112
77 34 0.984629
77 36 0.986059
77 40 0.992963
77 16 1.028085
77 0 1.043900
77 33 1.010425
77 41 1.010936
77 17 1.046048
77 14 1.063085
77 15 1.072627
77 21 1.096045
77 18 1.105587
77 4 1.124320
77 2 1.151427
77 35 1.130039
77 29 1.163319
77 6 1.220933
78 3 0.681101
78 1 0.808407
78 10 0.619506
78 6 1.021063
78 9 0.782532
78 13 0.646523
78 12 0.775664
78 11 0.841600
78 0 1.246819
78 8 0.981539
78 4 1.231191
78 19 0.540789
78 14 0.768646
78 5 1.295832
78 30 0.247848
78 2 1.409341
78 21 0.628218
78 23 0.617318
78 7 1.322847
78 31 0.318284
78 39 0.241649
78 28 0.428813
78 26 0.534621
78 27 0.467595
78 29 0.474830
78 17 0.948341
78 32 0.473960
78 24 0.730133
78 25 0.747232
78 16 1.069369
78 15 1.142915
78 18 1.075596
78 20 0.987038
78 33 0.621634
78 36 0.629467
78 42 0.583296
78 22 1.073513
78 35 0.682197
78 41 0.656538
78 38 0.696433
78 37 0.736376
78 40 0.741921
78 34 0.842221
79 13 0.449762
79 9 0.486079
79 28 0.475413
79 8 0.499772
79 10 0.501391
79 11 0.526818
79 25 0.514352
79 12 0.603181
79 26 0.643460
79 21 0.664633
79 24 0.675749
79 5 0.754758
79 34 0.770499
79 29 0.811508
79 3 0.841789
79 1 0.871222
79 38 0.850384
79 31 0.864501
79 7 0.925332
79 40 0.976216
79 36 0.982451
79 23 1.002453
79 27 1.013761
79 39 0.997101
79 4 1.079385
79 14 1.070169
79 19 1.065818
79 15 1.089461
79 35 1.116657
79 33 1.135942
79 22 1.171954
79 17 1.181979
79 30 1.172442
79 2 1.208612
79 41 1.185482
79 37 1.196416
79 42 1.211002
79 6 1.285313
79 0 1.305429
79 18 1.312094
79 20 1.417666
79 32 1.504144
79 16 1.694820
80 25 0.532592
80 27 0.543095
80 9 0.564690
80 29 0.678100
80 11 0.700803
80 39 0.665138
80 28 0.682389
80 26 0.685916
80 30 0.719345
80 8 0.793706
80 10 0.793482
80 14 0.790548
80 13 0.826605
80 12 0.828211
80 3 0.915610
80 35 0.930113
80 1 0.994587
80 5 1.029944
80 16 1.042576
80 21 1.049564
80 0 1.085518
80 22 1.087168
80 4 1.128060
80 7 1.138391
80 41 1.107684
80 17 1.143605
80 38 1.123227
80 18 1.182057
80 19 1.222034
80 40 1.216279
80 23 1.252193
80 37 1.231678
80 24 1.260685
80 15 1.289843
80 34 1.264039
80 32 1.289272
80 36 1.303018
80 2 1.366008
80 42 1.324561
80 6 1.380849
80 33 1.368896
80 31 1.395215
80 20 1.421183
81 9 0.457748
81 11 0.515584
81 29 0.509587
81 38 0.560486
81 3 0.609358
81 7 0.610498
81 12 0.607720
81 25 0.604508
81 28 0.601221
81 13 0.634806
81 10 0.677791
81 8 0.712609
81 26 0.710942
81 27 0.721386
81 5 0.756999
81 24 0.737138
81 0 0.840420
81 2 0.946759
81 16 0.938755
81 33 0.947490
81 41 0.938065
81 1 1.005028
81 30 1.041606
81 21 1.081877
81 39 1.080259
81 15 1.128785
81 17 1.130995
81 4 1.143868
81 36 1.106260
81 6 1.180840
81 20 1.174037
81 32 1.176406
81 23 1.191961
81 37 1.171277
81 14 1.203201
81 42 1.169301
81 31 1.211332
81 40 1.199882
81 22 1.271189
81 19 1.302779
81 34 1.299046
81 35 1.377814
81 18 1.519430
82 10 0.485740
82 40 0.477656
82 29 0.537857
82 27 0.553989
82 8 0.582106
82 13 0.579681
82 11 0.597289
82 28 0.594237
82 31 0.596538
82 14 0.620854
82 0 0.641286
82 9 0.634974
82 26 0.655053
82 30 0.660039
82 12 0.700851
82 3 0.851714
82 6 0.858298
82 1 0.872029
82 23 0.863529
82 21 0.866461
82 20 0.903210
82 34 0.939569
82 25 0.961105
82 36 0.957523
82 42 0.961634
82 41 0.978416
82 38 0.997036
82 7 1.035892
82 32 1.019908
82 16 1.054791
82 39 1.030030
82 4 1.072653
82 22 1.077090
82 17 1.119378
82 5 1.144864
82 15 1.143125
82 2 1.156733
82 19 1.154779
82 24 1.159251
82 18 1.176081
82 37 1.159868
82 33 1.201903
82 35 1.260700
83 8 0.455234
83 7 0.504270
83 26 0.549061
83 10 0.582212
83 9 0.600453
83 0 0.626453
83 11 0.634646
83 28 0.649872
83 38 0.655989
83 12 0.700759
83 25 0.695707
83 27 0.700427
83 13 0.724103
83 3 0.738133
83 29 0.706924
83 5 0.773862
83 16 0.781017
83 30 0.767439
83 1 0.815173
83 17 0.798269
83 37 0.789078
83 15 0.833508
83 18 0.888920
83 4 0.905539
83 6 0.917134
83 23 0.899721
83 36 0.896876
83 32 0.920987
83 41 0.912854
83 2 1.008621
83 40 0.974723
83 20 1.015421
83 34 0.995041
83 39 0.986887
83 31 1.002292
83 35 1.012464
83 14 1.057656
83 42 1.016343
83 21 1.051907
83 24 1.047942
83 22 1.072386
83 33 1.055991
83 19 1.107865
84 10 0.858353
84 6 1.062542
84 33 1.100275
84 27 1.251674
84 17 1.270842
84 42 1.286474
84 29 1.305256
84 16 1.479381
84 11 1.554164
84 38 1.578558
84 35 1.597236
84 1 1.639693
84 26 1.636250
84 8 1.748161
84 7 1.776641
84 5 1.824913
84 24 1.815671
84 9 1.880433
84 36 1.966218
84 14 2.082640
84 15 2.196434
84 37 2.177754
84 21 2.195544
84 22 2.201946
84 25 2.200381
84 41 2.230143
84 13 2.302952
84 23 2.339799
84 0 2.365008
84 12 2.369112
84 30 2.375379
84 32 2.400948
84 34 2.412775
84 2 2.483391
84 18 2.471970
84 4 2.549523
84 40 2.518358
84 28 2.599814
84 3 2.629866
84 39 2.612784
84 31 2.638804
84 19 2.669561
84 20 2.710965
85 13 0.559933
85 9 0.579879
85 8 0.605684
85 14 0.600638
85 11 0.610529
85 39 0.598610
85 12 0.690413
85 28 0.693693
85 3 0.719980
85 1 0.729718
85 29 0.702695
85 31 0.712430
85 22 0.726747
85 5 0.752679
85 27 0.761612
85 6 0.785591
85 30 0.769414
85 10 0.803362
85 26 0.839588
85 20 0.869844
85 34 0.917018
85 36 0.984679
85 25 1.058995
85 38 1.047692
85 23 1.082794
85 32 1.069420
85 7 1.102425
85 4 1.114205
85 42 1.069969
85 24 1.117558
85 41 1.145421
85 21 1.190413
85 18 1.193862
85 15 1.206849
85 16 1.242053
85 17 1.264235
85 40 1.257209
85 0 1.320174
85 35 1.281137
85 19 1.319032
85 37 1.402219
85 2 1.465707
85 33 1.620688
86 27 0.510688
86 7 0.543822
86 10 0.557786
86 8 0.583767
86 12 0.595525
86 29 0.584874
86 28 0.593429
86 9 0.631459
86 30 0.611026
86 31 0.617951
86 11 0.658962
86 26 0.692195
86 13 0.721811
86 39 0.801559
86 0 1.004756
86 40 1.005642
86 20 1.050249
86 14 1.102954
86 6 1.130747
86 41 1.097443
86 19 1.162373
86 35 1.145157
86 15 1.176683
86 24 1.163616
86 37 1.145066
86 17 1.292474
86 18 1.291778
86 34 1.267085
86 16 1.295320
86 25 1.282209
86 2 1.309521
86 3 1.309288
86 33 1.271464
86 36 1.268870
86 1 1.312869
86 5 1.310025
86 21 1.309318
86 32 1.332716
86 42 1.336090
86 4 1.427885
86 38 1.390499
86 22 1.442112
86 23 1.446306
87 9 1.202478
87 13 0.880252
87 8 1.352907
87 11 1.270997
87 10 1.441975
87 5 1.761842
87 14 1.207370
87 0 2.004947
87 25 0.457525
87 27 0.437258
87 12 1.423050
87 3 1.965796
87 7 1.855034
87 1 2.022713
87 2 2.039853
87 4 2.048680
87 6 2.029386
87 30 0.607536
87 29 0.646452
87 22 0.908351
87 15 1.564608
87 26 0.766333
87 37 0.526806
87 19 1.185656
87 28 0.757290
87 16 1.536096
87 21 1.059423
87 17 1.346888
87 18 1.410297
87 23 1.066512
87 36 0.790734
87 31 0.940880
87 24 1.105347
87 35 0.877295
87 20 1.497589
87 34 0.916721
87 39 0.854241
87 32 0.951525
87 33 0.988122
87 40 0.818673
87 38 0.920389
87 41 0.896516
87 42 0.897524
88 8 0.797052
88 14 0.817480
88 25 0.898454
88 24 0.969318
88 13 1.015190
88 38 1.051270
88 11 1.122662
88 0 1.167226
88 28 1.188955
88 2 1.258026
88 29 1.271101
88 1 1.356855
88 3 1.447513
88 42 1.433898
88 26 1.474624
88 34 1.470295
88 10 1.687092
88 27 1.715693
88 20 1.767909
88 4 1.799874
88 41 1.799877
88 6 1.849464
88 21 1.835804
88 12 1.883659
88 9 1.918876
88 5 1.961349
88 22 2.019506
88 17 2.054516
88 32 2.082843
88 16 2.313879
88 7 2.424679
88 23 2.593278
88 36 2.645219
88 30 2.745353
88 15 2.792358
88 35 2.775550
88 19 2.814237
88 33 2.800345
88 39 2.817310
88 37 2.841202
88 31 2.861762
88 40 2.863491
88 18 3.026983
89 27 0.589186
89 26 0.599674
89 14 0.618231
89 10 0.648938
89 28 0.686840
89 29 0.699476
89 25 0.710858
89 38 0.730868
89 30 0.746309
89 11 0.774655
89 9 0.776759
89 1 0.914358
89 12 0.939833
89 8 0.949393
89 3 1.088769
89 13 1.087348
89 20 1.121806
89 31 1.193279
89 24 1.212448
89 32 1.244363
89 36 1.262822
89 39 1.348457
89 2 1.390985
89 5 1.428186
89 17 1.522196
89 16 1.539083
89 4 1.581403
89 33 1.560917
89 37 1.581745
89 0 1.623466
89 41 1.594486
89 18 1.645611
89 42 1.627271
89 19 1.660765
89 21 1.748365
89 40 1.734353
89 22 1.760104
89 15 1.767285
89 6 1.782981
89 35 1.758015
89 7 1.798110
89 23 1.825226
89 34 1.857541
90 9 0.409147
90 8 0.462867
90 11 0.523882
90 12 0.539951
90 29 0.518815
90 27 0.541077
90 38 0.539943
90 6 0.591650
90 24 0.583072
90 10 0.601744
90 26 0.605453
90 28 0.676227
90 2 0.717164
90 25 0.702165
90 15 0.728111
90 7 0.748491
90 13 0.795758
90 3 0.858868
90 0 0.883507
90 41 0.748707
90 17 0.894408
90 34 0.870789
90 37 0.867793
90 32 0.919245
90 18 0.949381
90 1 0.980631
90 39 0.935260
90 35 0.989926
90 23 1.009348
90 4 1.036763
90 14 1.039240
90 30 1.027369
90 40 1.042373
90 22 1.075125
90 31 1.063417
90 16 1.086794
90 5 1.135281
90 33 1.108014
90 19 1.135605
90 20 1.158798
90 21 1.165400
90 36 1.187536
90 42 1.071525
91 11 0.972090
91 28 1.375311
91 39 1.403382
91 13 1.444835
91 29 1.441760
91 34 1.444150
91 25 1.470063
91 27 1.562204
91 19 1.576619
91 38 1.589398
91 16 1.632091
91 8 1.694723
91 4 1.828903
91 14 1.882742
91 10 1.887535
91 26 1.894134
91 30 1.910537
91 0 1.950811
91 21 1.931920
91 9 1.953388
91 33 1.933816
91 18 2.206069
91 7 2.217487
91 12 2.220092
91 35 2.282800
91 31 2.331523
91 23 2.392905
91 5 2.436615
91 41 2.439097
91 3 2.483748
91 17 2.487960
91 24 2.496178
91 15 2.560929
91 40 2.583687
91 37 2.595212
91 32 2.624610
91 2 2.667633
91 1 2.675969
91 22 2.676894
91 20 2.731284
91 42 2.813953
91 6 2.857202
91 36 2.916696
92 10 0.603411
92 29 0.594879
92 8 0.633533
92 11 0.644194
92 14 0.642053
92 38 0.650444
92 28 0.669579
92 25 0.719466
92 26 0.797864
92 27 0.826900
92 2 0.914988
92 9 0.937606
92 18 0.940818
92 13 0.947359
92 12 0.967079
92 30 0.945544
92 19 1.057361
92 4 1.234107
92 1 1.250979
92 16 1.285387
92 34 1.270302
92 21 1.292959
92 0 1.392984
92 36 1.348336
92 22 1.394573
92 35 1.409023
92 7 1.481773
92 33 1.463606
92 5 1.582396
92 3 1.595758
92 23 1.588800
92 32 1.588914
92 41 1.575952
92 31 1.595500
92 24 1.618020
92 15 1.644661
92 39 1.620892
92 40 1.633604
92 20 1.717929
92 6 1.765216
92 42 1.742373
92 17 1.872721
92 37 2.134654
93 7 0.503495
93 9 0.572012
93 13 0.569621
93 8 0.586546
93 17 0.703325
93 25 0.821288
93 12 0.887441
93 19 0.894261
93 11 0.915201
93 39 0.893832
93 28 0.921655
93 27 0.994409
93 10 1.081845
93 3 1.135776
93 24 1.178387
93 26 1.324801
93 42 1.304452
93 32 1.329476
93 35 1.326075
93 1 1.403953
93 2 1.404389
93 29 1.459982
93 6 1.546458
93 37 1.582501
93 5 1.632597
93 4 1.659819
93 40 1.629628
93 0 1.676795
93 30 1.676273
93 15 1.709173
93 38 1.689935
93 18 1.775521
93 23 1.783145
93 14 1.830896
93 33 1.820028
93 22 1.837124
93 31 1.838143
93 36 1.865988
93 41 1.873390
93 21 1.901225
93 34 2.061434
93 16 2.110926
93 20 2.325388
94 11 0.664702
94 9 0.686157
94 12 0.684783
94 13 0.696938
94 27 0.701869
94 28 0.713771
94 14 0.753389
94 26 0.878393
94 39 0.859835
94 0 0.911305
94 10 0.903208
94 30 0.922262
94 32 0.921025
94 19 0.975582
94 29 0.958012
94 8 1.051055
94 3 1.069186
94 1 1.085582
94 40 1.052720
94 22 1.101712
94 31 1.086526
94 25 1.186558
94 5 1.228846
94 33 1.211355
94 34 1.256805
94 37 1.266565
94 7 1.309991
94 16 1.303359
94 20 1.339311
94 24 1.335574
94 18 1.345081
94 38 1.313307
94 23 1.350713
94 21 1.370022
94 36 1.373524
94 15 1.421396
94 35 1.415798
94 41 1.425371
94 4 1.475675
94 2 1.490385
94 17 1.504714
94 42 1.529713
94 6 1.602091
95 28 0.614608
95 11 0.656428
95 10 0.691765
95 8 0.694433
95 9 0.702165
95 14 0.702347
95 29 0.704963
95 12 0.758016
95 38 0.736233
95 31 0.747104
95 13 0.771229
95 32 0.757872
95 27 0.774669
95 0 0.873969
95 30 0.853109
95 3 0.951513
95 37 0.956819
95 5 1.022499
95 16 1.029924
95 1 1.054093
95 2 1.106978
95 21 1.166951
95 20 1.177507
95 4 1.227261
95 18 1.224191
95 34 1.206638
95 15 1.229815
95 36 1.205601
95 23 1.230291
95 6 1.249743
95 17 1.243054
95 41 1.240501
95 33 1.253294
95 24 1.264311
95 7 1.293885
95 26 1.274791
95 40 1.286373
95 35 1.297214
95 39 1.301590
95 25 1.320338
95 22 1.332331
95 42 1.318889
95 19 1.359120
96 23 1.244149
96 19 1.346210
96 27 1.338442
96 14 1.572172
96 24 1.625510
96 9 1.672517
96 41 1.770710
96 26 1.791919
96 42 1.809918
96 13 1.848633
96 7 1.894635
96 20 2.016361
96 11 2.047956
96 35 2.031919
96 29 2.056798
96 15 2.077185
96 6 2.152077
96 32 2.151216
96 8 2.216352
96 25 2.212217
96 37 2.211507
96 10 2.257921
96 12 2.271601
96 1 2.481469
96 5 2.488972
96 28 2.609803
96 30 2.627473
96 33 2.669977
96 34 2.675133
96 31 2.689813
96 36 2.715675
96 16 2.740811
96 21 2.755280
96 40 2.749857
96 0 2.798071
96 38 2.792302
96 3 2.854205
96 22 2.856837
96 39 2.863669
96 17 2.937081
96 18 2.945936
96 2 3.061208
96 4 3.179351
97 8 0.264032
97 26 0.497411
97 29 0.506067
97 7 0.609779
97 18 0.609632
97 16 0.612913
97 12 0.628824
97 4 0.717782
97 1 0.734300
97 27 0.747806
97 13 0.774300
97 25 0.761631
97 38 0.789047
97 10 0.843449
97 35 0.851504
97 30 0.904674
97 11 0.936535
97 28 0.917499
97 2 1.019975
97 0 1.043256
97 9 1.037177
97 20 1.048454
97 21 1.060724
97 17 1.121684
97 36 1.126135
97 41 1.140627
97 34 1.163632
97 5 1.197489
97 15 1.202089
97 39 1.168170
97 32 1.204295
97 31 1.230646
97 22 1.306526
97 19 1.324956
97 40 1.293472
97 24 1.328794
97 33 1.316141
97 3 1.370092
97 14 1.408048
97 6 1.465895
97 37 1.443049
97 23 1.474785
97 42 1.480203
98 9 0.600143
98 8 0.729261
98 30 0.702351
98 29 0.705823
98 14 0.746464
98 11 0.787417
98 28 0.826422
98 32 0.837620
98 0 0.894147
98 40 0.865288
98 31 0.878782
98 3 0.949420
98 27 0.941652
98 1 0.986925
98 33 0.992182
98 6 1.072299
98 23 1.101525
98 13 1.139240
98 34 1.128206
98 10 1.160158
98 12 1.177641
98 26 1.181459
98 38 1.354124
98 22 1.408404
98 35 1.467042
98 2 1.557664
98 19 1.560371
98 5 1.592397
98 17 1.583052
98 42 1.592171
98 20 1.691999
98 15 1.712461
98 16 1.773247
98 21 1.780592
98 4 1.815253
98 18 1.818223
98 39 1.805936
98 25 1.851157
98 24 1.865558
98 7 1.895799
98 37 1.893594
98 36 1.951583
98 41 1.963867
99 6 0.662095
99 8 0.681945
99 12 0.713325
99 38 0.732161
99 27 0.777140
99 24 0.783339
99 25 0.824438
99 9 0.990018
99 10 1.011026
99 7 1.038853
99 40 1.062199
99 28 1.191840
99 23 1.325941
99 36 1.304253
99 35 1.305912
99 26 1.325262
99 20 1.337391
99 29 1.320779
99 0 1.379166
99 41 1.339667
99 11 1.413933
99 2 1.425165
99 16 1.472119
99 15 1.518797
99 1 1.533272
99 30 1.496854
99 39 1.520588
99 17 1.564454
99 21 1.582856
99 5 1.674885
99 18 1.686915
99 33 1.679138
99 14 1.760448
99 34 1.727145
99 31 1.755706
99 32 1.833491
99 42 1.833587
99 3 1.894073
99 19 1.935937
99 37 1.932480
99 4 2.001714
99 13 1.993467
99 22 2.004714
100 27 0.397877
100 28 0.428531
100 8 0.458878
100 25 0.445564
100 24 0.476911
100 7 0.590580
100 38 0.430541
100 11 0.623123
100 12 0.641160
100 10 0.650256
100 29 0.525541
100 26 0.663954
100 9 0.734608
100 13 0.746727
100 3 0.905584
100 5 0.928936
100 21 0.963435
100 36 0.826335
100 0 1.014058
100 42 0.795351
100 2 1.041970
100 1 1.061341
100 33 0.923103
100 19 1.122653
100 40 0.928714
100 23 1.123313
100 17 1.150288
100 18 1.182061
100 6 1.197251
100 41 0.981735
100 22 1.198752
100 39 1.038436
100 16 1.236953
100 20 1.239208
100 35 1.085220
100 15 1.256119
100 32 1.109140
100 4 1.279905
100 30 1.141899
100 14 1.284256
100 34 1.131631
100 37 1.124323
100 31 1.207026
101 8 0.492704
101 2 1.036195
101 12 0.953363
101 9 1.067261
101 4 1.149899
101 5 1.221445
101 7 1.225013
101 6 1.301299
101 10 1.386297
101 13 1.270454
101 11 1.660448
101 17 1.400017
101 15 1.782684
101 3 2.253996
101 26 1.228899
101 23 1.314722
101 20 1.815681
101 24 1.411958
101 25 1.399201
101 14 2.226739
101 27 1.388037
101 22 1.629559
101 36 1.114154
101 1 2.524332
101 0 2.595234
101 28 1.377198
101 34 1.348393
101 33 1.351024
101 18 2.196610
101 37 1.370317
101 40 1.283797
101 29 1.495308
101 16 2.333154
101 21 2.231494
101 32 1.544886
101 30 1.597223
101 39 1.406955
101 35 1.571581
101 38 1.453330
101 19 2.393347
101 31 1.656109
101 42 1.275489
101 41 1.334184
102 8 0.457223
102 14 0.509299
102 25 0.505598
102 29 0.569110
102 24 0.586342
102 36 0.624441
102 12 0.695325
102 10 0.706763
102 0 0.727464
102 26 0.753804
102 9 0.853528
102 28 0.839000
102 11 0.873237
102 13 0.871952
102 1 0.885125
102 27 0.856567
102 16 0.966313
102 5 0.987680
102 3 1.104282
102 2 1.128527
102 15 1.124897
102 30 1.115724
102 38 1.129446
102 22 1.162225
102 34 1.148423
102 35 1.157351
102 4 1.196301
102 37 1.156552
102 6 1.206216
102 18 1.214833
102 32 1.197165
102 23 1.232791
102 42 1.226797
102 39 1.242723
102 21 1.277283
102 41 1.251030
102 31 1.278829
102 20 1.304050
102 33 1.318578
102 17 1.410425
102 40 1.391177
102 7 1.433547
102 19 1.463125
103 25 0.510249
103 27 0.525748
103 14 0.543185
103 9 0.571568
103 10 0.590375
103 11 0.615057
103 26 0.615661
103 28 0.636110
103 29 0.673647
103 13 0.720288
103 8 0.745698
103 39 0.722635
103 12 0.778594
103 30 0.814102
103 0 0.898382
103 17 0.913674
103 18 0.913439
103 16 0.916659
103 3 0.967011
103 4 0.986411
103 2 0.990981
103 5 1.024692
103 19 1.045149
103 33 1.105180
103 40 1.094740
103 6 1.154160
103 24 1.151272
103 38 1.131054
103 1 1.191486
103 7 1.187703
103 21 1.188213
103 15 1.215212
103 32 1.211321
103 22 1.245590
103 41 1.218831
103 20 1.270882
103 36 1.267302
103 23 1.299122
103 35 1.300415
103 34 1.315362
103 37 1.329865
103 31 1.388841
103 42 1.402879
104 7 0.577751
104 9 1.246135
104 8 1.271476
104 11 1.226910
104 10 1.393351
104 13 1.270264
104 1 1.670860
104 12 1.350873
104 6 1.788009
104 3 1.978210
104 0 2.087688
104 5 1.965857
104 18 1.340910
104 23 1.033959
104 4 2.239987
104 2 2.282695
104 26 0.956251
104 17 1.734905
104 28 1.039785
104 24 1.219197
104 15 2.061276
104 14 2.159856
104 25 1.322370
104 27 1.184757
104 37 1.039902
104 16 2.155292
104 33 1.219615
104 32 1.260637
104 40 1.218205
104 35 1.305814
104 21 1.759363
104 36 1.301156
104 31 1.468721
104 34 1.365412
104 38 1.303910
104 30 1.533731
104 19 2.045320
104 20 1.846875
104 42 1.201795
104 22 1.851631
104 29 1.654576
104 41 1.397106
104 39 1.514116
105 12 0.493117
105 9 0.522292
105 37 0.555824
105 10 0.601311
105 24 0.585974
105 25 0.584876
105 13 0.601930
105 22 0.603470
105 26 0.606035
105 23 0.613199
105 7 0.654461
105 8 0.701628
105 0 0.867613
105 11 0.864632
105 1 0.923471
105 27 1.140273
105 4 1.182540
105 2 1.233872
105 34 1.202459
105 29 1.228670
105 14 1.362102
105 36 1.338606
105 5 1.380291
105 3 1.382467
105 31 1.349703
105 6 1.384822
105 32 1.352181
105 20 1.397136
105 15 1.406453
105 16 1.416567
105 40 1.400213
105 17 1.645420
105 30 1.690996
105 18 1.772572
105 39 1.759721
105 42 1.937666
105 38 1.985462
105 19 2.079376
105 21 2.112974
105 35 2.144071
105 33 2.162286
105 41 2.469032
105 28 2.571900
106 36 0.626700
106 26 0.655482
106 9 0.677557
106 14 0.830668
106 28 0.813197
106 10 0.836708
106 12 0.835180
106 25 0.821014
106 8 0.840843
106 11 0.839029
106 27 0.818902
106 24 0.838199
106 13 0.866711
106 29 0.846830
106 0 0.986920
106 5 1.159921
106 3 1.162852
106 1 1.192105
106 33 1.224309
106 7 1.295762
106 2 1.356210
106 20 1.349624
106 16 1.355810
106 15 1.367578
106 18 1.366934
106 38 1.350613
106 31 1.388124
106 30 1.391769
106 37 1.407442
106 35 1.424470
106 4 1.464422
106 19 1.466781
106 42 1.432876
106 32 1.472595
106 17 1.506130
106 39 1.494443
106 21 1.522968
106 6 1.551549
106 34 1.542015
106 22 1.591196
106 41 1.573692
106 40 1.576835
106 23 1.614926
107 7 0.654476
107 8 0.685349
107 11 0.771952
107 9 0.984983
107 1 1.390763
107 2 1.472863
107 4 1.732779
107 10 1.711857
107 22 0.893408
107 21 0.919177
107 14 1.725574
107 3 2.226402
107 13 1.794422
107 5 2.232931
107 0 2.411789
107 12 2.103761
107 25 1.232436
107 23 1.312239
107 15 2.032953
107 6 2.483276
107 24 1.442613
107 18 2.079702
107 26 1.590388
107 17 2.212440
107 29 1.523278
107 19 2.186526
107 36 1.222623
107 30 1.718361
107 28 1.856456
107 35 1.602948
107 34 1.869183
107 32 1.960944
107 31 1.972886
107 20 2.467819
107 33 1.964624
107 27 2.090362
107 16 2.941596
107 41 1.607899
107 37 1.715827
107 38 1.711791
107 39 1.711725
107 40 1.703524
107 42 1.509122
108 23 0.984238
108 11 1.079218
108 37 1.245902
108 12 1.536123
108 33 1.930478
108 26 1.971225
108 24 2.054145
108 14 2.091558
108 9 2.356056
108 34 2.332443
108 20 2.347208
108 22 2.394142
108 8 2.598513
108 39 2.620223
108 17 2.689989
108 10 2.712046
108 13 2.724761
108 7 2.762722
108 41 2.737905
108 19 2.832617
108 2 2.905664
108 25 2.913256
108 28 3.095200
108 27 3.210453
108 31 3.220496
108 1 3.256410
108 40 3.222440
108 4 3.266053
108 29 3.377937
108 21 3.419768
108 3 3.473053
108 6 3.499215
108 32 3.483415
108 0 3.578647
108 5 3.615754
108 36 3.593464
108 15 3.639386
108 18 3.665724
108 42 3.643137
108 38 3.675893
108 30 3.819596
108 35 3.866723
108 16 4.071580
109 27 0.624617
109 13 0.672978
109 14 0.720913
109 9 0.726634
109 37 0.698892
109 8 0.739735
109 25 0.754818
109 11 0.772649
109 24 0.765174
109 26 0.771947
109 29 0.795416
109 28 0.835702
109 10 0.878335
109 12 0.918825
109 0 1.005246
109 7 1.008941
109 2 1.072172
109 23 1.085346
109 1 1.146804
109 20 1.139260
109 36 1.115356
109 40 1.136518
109 33 1.158406
109 3 1.196348
109 16 1.253920
109 35 1.247705
109 5 1.294659
109 17 1.299227
109 4 1.311909
109 15 1.312366
109 39 1.277799
109 6 1.342911
109 30 1.325534
109 18 1.344765
109 42 1.322608
109 32 1.349050
109 31 1.360988
109 34 1.358862
109 22 1.397369
109 38 1.405143
109 41 1.401215
109 21 1.457482
109 19 1.499692
110 11 0.672130
110 14 0.702262
110 8 0.708451
110 26 0.757205
110 13 0.802847
110 9 0.946324
110 23 0.930471
110 12 0.946272
110 38 0.900903
110 24 1.004212
110 10 1.036890
110 25 1.077502
110 2 1.137907
110 28 1.187440
110 27 1.210837
110 3 1.268111
110 42 1.226958
110 32 1.283709
110 1 1.365845
110 4 1.364190
110 0 1.400570
110 6 1.426689
110 40 1.372026
110 7 1.443125
110 34 1.404944
110 19 1.446789
110 18 1.450186
110 29 1.448227
110 37 1.456072
110 31 1.493887
110 39 1.488371
110 16 1.552377
110 15 1.566187
110 5 1.588780
110 22 1.578780
110 36 1.553458
110 33 1.581453
110 35 1.618140
110 21 1.670649
110 30 1.666981
110 41 1.705374
110 20 1.756600
110 17 1.820800
111 25 0.470191
111 7 0.511876
111 8 0.521509
111 11 0.549054
111 27 0.541767
111 37 0.531086
111 13 0.572848
111 5 0.642066
111 9 0.658484
111 29 0.646423
111 28 0.678238
111 30 0.695570
111 10 0.728191
111 16 0.763043
111 26 0.781756
111 12 0.806775
111 4 0.859470
111 3 0.861008
111 17 0.908514
111 14 0.924866
111 31 0.905237
111 2 0.964722
111 1 0.967228
111 18 0.962239
111 20 0.984962
111 21 0.984161
111 15 1.005037
111 36 0.991347
111 19 1.037761
111 0 1.070322
111 23 1.057205
111 33 1.054793
111 32 1.059466
111 24 1.098961
111 38 1.085755
111 39 1.087086
111 42 1.095448
111 22 1.122130
111 35 1.129241
111 6 1.223666
111 41 1.213882
111 34 1.246097
111 40 1.257213
112 13 0.601964
112 9 0.628447
112 25 0.649605
112 11 0.665964
112 36 0.768209
112 12 0.803892
112 28 0.786838
112 10 0.808160
112 8 0.861898
112 27 0.895005
112 26 0.941515
112 29 1.029131
112 14 1.136831
112 30 1.140267
112 0 1.278913
112 3 1.315051
112 24 1.322808
112 23 1.360110
112 17 1.412562
112 5 1.445652
112 18 1.437766
112 33 1.418097
112 6 1.497827
112 34 1.464300
112 1 1.502831
112 38 1.477882
112 22 1.529255
112 41 1.512201
112 39 1.559614
112 15 1.599731
112 37 1.594910
112 2 1.640411
112 42 1.588829
112 7 1.659680
112 35 1.622897
112 21 1.664039
112 4 1.678747
112 31 1.666135
112 40 1.647316
112 32 1.713941
112 20 1.731964
112 16 1.753113
112 19 1.855147
113 9 0.556864
113 26 0.548376
113 25 0.615604
113 22 0.627505
113 10 0.643737
113 8 0.655033
113 11 0.670001
113 14 0.668226
113 37 0.656389
113 23 0.686580
113 12 0.709436
113 13 0.709215
113 24 0.695877
113 27 0.800967
113 1 1.053033
113 4 1.197656
113 3 1.206666
113 0 1.220101
113 42 1.212194
113 35 1.230601
113 5 1.269804
113 17 1.265318
113 33 1.265841
113 2 1.310839
113 29 1.281136
113 20 1.300805
113 28 1.296442
113 41 1.280651
113 34 1.295944
113 6 1.332108
113 38 1.293665
113 7 1.334029
113 21 1.339373
113 18 1.362077
113 15 1.377033
113 16 1.385346
113 40 1.358888
113 39 1.371436
113 36 1.382016
113 19 1.476863
113 32 1.466045
113 31 1.496100
113 30 1.504186
114 9 0.601046
114 23 0.632819
114 8 0.656293
114 7 0.666420
114 26 0.699003
114 13 0.723135
114 24 0.711612
114 10 0.727430
114 27 0.719145
114 11 0.750319
114 37 0.717962
114 25 0.799946
114 28 0.832233
114 12 0.906334
114 1 1.050189
114 0 1.122061
114 3 1.181917
114 33 1.190306
114 5 1.268765
114 2 1.313936
114 38 1.289974
114 4 1.392598
114 6 1.416822
114 15 1.426772
114 30 1.416169
114 36 1.446545
114 31 1.463057
114 21 1.511268
114 35 1.500990
114 18 1.535985
114 16 1.549304
114 29 1.544269
114 19 1.558460
114 17 1.619037
114 39 1.596537
114 20 1.634571
114 14 1.650994
114 32 1.628723
114 42 1.634636
114 40 1.650691
114 22 1.751959
114 34 1.779184
114 41 1.779826
115 8 0.459212
115 7 0.586597
115 11 0.717607
115 6 0.723294
115 12 0.719430
115 9 0.722718
115 10 0.722358
115 25 0.779279
115 26 0.911629
115 27 0.926602
115 28 0.950797
115 0 1.004635
115 16 1.027196
115 24 1.046318
115 29 1.062488
115 5 1.101892
115 1 1.105958
115 3 1.120223
115 14 1.123275
115 17 1.122504
115 38 1.105964
115 13 1.140615
115 2 1.189960
115 4 1.214163
115 32 1.273713
115 18 1.366084
115 39 1.349111
115 15 1.383637
115 22 1.436566
115 34 1.433343
115 20 1.454348
115 23 1.464905
115 35 1.451030
115 19 1.489405
115 21 1.490009
115 37 1.478582
115 30 1.492350
115 41 1.502768
115 42 1.561296
115 40 1.585524
115 33 1.622430
115 36 1.749975
115 31 1.792718
116 13 0.786409
116 26 0.861106
116 37 0.869885
116 10 0.917034
116 9 0.948201
116 25 0.951488
116 29 1.171513
116 27 1.191162
116 2 1.231982
116 12 1.350529
116 14 1.349739
116 0 1.364004
116 24 1.343055
116 39 1.331064
116 3 1.363601
116 11 1.356765
116 28 1.342752
116 8 1.379080
116 31 1.413353
116 16 1.516749
116 42 1.494245
116 34 1.537197
116 33 1.573504
116 32 1.574944
116 5 1.647890
116 40 1.634274
116 1 1.688663
116 7 1.702471
116 30 1.795720
116 4 1.881741
116 36 1.854291
116 21 1.887471
116 6 1.902688
116 18 1.931642
116 41 1.932494
116 23 1.950391
116 35 1.962525
116 15 1.983214
116 17 1.999979
116 22 2.016752
116 20 2.080903
116 19 2.102886
116 38 2.097963
117 13 0.680490
117 11 0.682526
117 8 0.731018
117 14 0.750995
117 9 0.756478
117 10 0.802547
117 12 0.826906
117 25 0.956200
117 27 1.091162
117 30 1.148705
117 1 1.311415
117 39 1.302660
117 28 1.380527
117 26 1.409515
117 36 1.393615
117 16 1.450499
117 29 1.478204
117 5 1.510384
117 7 1.533979
117 34 1.495764
117 3 1.562625
117 32 1.570698
117 18 1.749516
117 31 1.750264
117 22 1.768762
117 4 1.811019
117 38 1.901018
117 21 1.956849
117 0 1.978722
117 24 2.003582
117 35 1.983170
117 17 2.041197
117 19 2.089738
117 15 2.118519
117 20 2.173383
117 33 2.201147
117 41 2.312842
117 23 2.382172
117 6 2.425995
117 2 2.430885
117 40 2.377959
117 42 2.488106
117 37 2.498191
118 8 0.603951
118 9 0.625596
118 13 0.807639
118 37 0.798657
118 28 0.841059
118 10 0.983192
118 12 1.167391
118 14 1.183767
118 26 1.215615
118 3 1.268479
118 35 1.245944
118 25 1.294174
118 36 1.273155
118 17 1.326071
118 2 1.361856
118 27 1.350542
118 29 1.386766
118 11 1.414035
118 5 1.421813
118 21 1.442934
118 30 1.450661
118 18 1.525115
118 40 1.531430
118 7 1.648566
118 1 1.673537
118 6 1.769512
118 4 1.791758
118 23 1.788575
118 16 1.844618
118 31 2.009300
118 0 2.071908
118 42 2.165301
118 32 2.184486
118 15 2.233280
118 20 2.227097
118 39 2.226671
118 34 2.237017
118 22 2.280148
118 24 2.278905
118 38 2.279621
118 41 2.276381
118 33 2.309320
118 19 2.464049
119 12 1.057583
119 37 1.064522
119 13 1.098743
119 26 1.115080
119 7 1.149314
119 9 1.262934
119 28 1.266983
119 11 1.346507
119 29 1.352208
119 24 1.400026
119 10 1.455265
119 25 1.514779
119 40 1.509528
119 39 1.549995
119 27 1.603440
119 8 1.632906
119 1 1.707941
119 0 1.736820
119 38 1.799895
119 22 1.826103
119 2 1.857018
119 3 1.869430
119 33 1.851784
119 5 2.005612
119 4 2.034342
119 32 2.018580
119 23 2.037006
119 41 2.039098
119 35 2.054776
119 36 2.082605
119 14 2.114342
119 6 2.170753
119 17 2.191153
119 31 2.187693
119 30 2.199216
119 15 2.241501
119 19 2.255948
119 34 2.269294
119 18 2.302622
119 42 2.307836
119 20 2.375444
119 21 2.489009
119 16 2.538859
120 6 0.907276
120 10 0.919907
120 28 0.900272
120 7 0.943761
120 11 0.939141
120 27 0.905518
120 9 0.959309
120 26 0.944395
120 37 1.193685
120 8 1.256719
120 25 1.260580
120 24 1.331119
120 3 1.584382
120 5 1.613599
120 31 1.606711
120 22 1.631708
120 35 1.599656
120 21 1.670416
120 36 1.682649
120 15 1.732958
120 1 1.794757
120 39 1.750819
120 38 1.755044
120 29 1.848072
120 18 1.955163
120 34 2.068697
120 17 2.113260
120 13 2.121991
120 4 2.137701
120 14 2.119743
120 23 2.101717
120 42 2.087303
120 12 2.162016
120 16 2.155632
120 20 2.146013
120 33 2.206324
120 0 2.276944
120 30 2.216888
120 41 2.280400
120 19 2.336464
120 32 2.309460
120 2 2.442118
120 40 2.447002
