21 0 0.158065
21 1 0.161728
21 2 0.172142
21 4 0.198015
21 3 0.216029
21 6 0.226490
21 7 0.245558
21 10 0.267279
21 8 0.271471
21 5 0.275637
21 12 0.290981
21 9 0.310275
21 30 0.286210
21 32 0.290604
21 24 0.306444
21 14 0.324145
21 28 0.307467
21 31 0.306491
21 18 0.326173
21 39 0.297050
21 25 0.322235
21 34 0.310230
21 13 0.340027
21 11 0.343167
21 44 0.298960
21 16 0.340295
21 29 0.323591
21 22 0.333998
21 41 0.307178
21 15 0.344069
21 35 0.318166
21 17 0.343732
21 19 0.341439
21 38 0.315557
21 50 0.298459
21 27 0.333122
21 43 0.312837
21 36 0.323826
21 23 0.342482
21 33 0.329128
21 42 0.316671
21 47 0.309176
21 20 0.352447
21 26 0.343865
21 48 0.311202
21 46 0.315581
21 40 0.325495
21 45 0.318451
21 37 0.334094
21 21 0.358694
21 49 0.324262
22 0 0.169105
22 1 0.191769
22 3 0.219610
22 2 0.226221
22 4 0.271511
22 5 0.290874
22 30 0.296047
22 14 0.318001
22 29 0.309034
22 9 0.335266
22 28 0.316479
22 33 0.309889
22 11 0.339387
22 22 0.332050
22 15 0.342821
22 31 0.323417
22 21 0.338717
22 13 0.349260
22 32 0.325588
22 7 0.361627
22 34 0.331533
22 37 0.328684
22 35 0.333516
22 25 0.349834
22 8 0.367942
22 10 0.366670
22 36 0.336974
22 18 0.361287
22 41 0.331714
22 12 0.368715
22 26 0.355199
22 20 0.363594
22 27 0.355310
22 17 0.367469
22 24 0.361155
22 40 0.344193
22 38 0.350402
22 6 0.391563
22 19 0.382275
22 23 0.381129
22 44 0.352684
22 16 0.389731
22 39 0.360900
22 43 0.359475
22 45 0.404861
22 42 0.436999
22 46 0.441662
22 49 0.472193
22 50 0.489160
22 47 0.509085
22 48 0.688578
23 3 0.154575
23 1 0.158119
23 0 0.160564
23 8 0.173132
23 5 0.188137
23 4 0.199211
23 9 0.191415
23 2 0.210114
23 7 0.204101
23 6 0.217826
23 10 0.223253
23 13 0.219176
23 12 0.239109
23 14 0.237921
23 11 0.246657
23 21 0.255234
23 16 0.294859
23 18 0.311563
23 25 0.288779
23 42 0.247431
23 32 0.283238
23 33 0.273343
23 17 0.333114
23 35 0.270848
23 28 0.292434
23 20 0.305030
23 15 0.337466
23 37 0.272666
23 26 0.298425
23 29 0.295317
23 22 0.305457
23 30 0.296456
23 50 0.211174
23 38 0.265399
23 31 0.296248
23 45 0.249127
23 36 0.280628
23 19 0.344596
23 44 0.261249
23 24 0.313285
23 46 0.255437
23 34 0.294029
23 39 0.277091
23 47 0.237651
23 23 0.320194
23 27 0.319755
23 49 0.235134
23 40 0.285758
23 43 0.280783
23 41 0.286346
23 48 0.245040
24 3 0.179985
24 0 0.185954
24 4 0.195883
24 5 0.220887
24 9 0.226792
24 1 0.244254
24 2 0.247968
24 8 0.258868
24 6 0.282833
24 7 0.282905
24 14 0.280962
24 20 0.273533
24 17 0.281750
24 13 0.295606
24 12 0.305395
24 46 0.266047
24 29 0.291152
24 23 0.299714
24 44 0.273133
24 27 0.298382
24 28 0.297572
24 11 0.321169
24 31 0.296726
24 22 0.310227
24 42 0.283752
24 21 0.312702
24 15 0.321574
24 48 0.278813
24 34 0.299300
24 10 0.329283
24 18 0.322037
24 39 0.293258
24 37 0.298148
24 38 0.296900
24 25 0.316326
24 33 0.306538
24 32 0.310019
24 16 0.331372
24 40 0.299637
24 36 0.305671
24 41 0.299226
24 30 0.314686
24 24 0.324486
24 19 0.332155
24 50 0.289991
24 49 0.294778
24 26 0.331531
24 47 0.303265
24 43 0.310188
24 45 0.308653
24 35 0.328848
25 0 0.171687
25 5 0.194828
25 6 0.204342
25 3 0.226608
25 4 0.240463
25 1 0.269775
25 2 0.276861
25 20 0.268367
25 10 0.290895
25 9 0.297505
25 13 0.296102
25 8 0.303335
25 14 0.297616
25 12 0.299934
25 11 0.306009
25 15 0.305809
25 21 0.308942
25 16 0.317540
25 7 0.329633
25 19 0.319095
25 29 0.309073
25 31 0.307907
25 30 0.309370
25 23 0.319078
25 26 0.315226
25 27 0.313639
25 18 0.327199
25 17 0.328289
25 22 0.324947
25 25 0.321669
25 24 0.332907
25 32 0.324017
25 28 0.395732
25 34 0.441848
25 33 0.460234
25 39 0.480791
25 35 0.493300
25 38 0.490453
25 44 0.528804
25 47 0.543320
25 50 0.538991
25 48 0.541898
25 46 0.545447
25 43 0.549283
25 36 0.557931
25 41 0.552462
25 37 0.559031
25 45 0.551169
25 49 0.548296
25 40 0.570203
25 42 0.592071
26 3 0.128674
26 6 0.132027
26 1 0.155252
26 0 0.165893
26 2 0.166141
26 5 0.162860
26 4 0.192018
26 10 0.189192
26 7 0.204019
26 11 0.209617
26 9 0.224582
26 8 0.225925
26 12 0.254610
26 13 0.272152
26 21 0.252000
26 20 0.257864
26 28 0.242847
26 23 0.259351
26 37 0.235749
26 14 0.289160
26 17 0.274296
26 29 0.247761
26 44 0.230921
26 15 0.294256
26 19 0.277983
26 42 0.237181
26 33 0.250429
26 38 0.244894
26 22 0.274486
26 39 0.245817
26 34 0.253226
26 32 0.257609
26 46 0.237723
26 47 0.238354
26 30 0.264861
26 25 0.273462
26 50 0.238498
26 49 0.242171
26 31 0.270141
26 41 0.256778
26 24 0.283984
26 27 0.277693
26 26 0.279429
26 16 0.304266
26 48 0.249289
26 18 0.309804
26 43 0.266552
26 35 0.282977
26 40 0.276338
26 45 0.272583
26 36 0.289714
27 0 0.181142
27 1 0.194971
27 3 0.193569
27 2 0.221369
27 5 0.232025
27 6 0.268786
27 11 0.305975
27 8 0.329314
27 10 0.327967
27 38 0.293803
27 22 0.318114
27 42 0.290405
27 4 0.338327
27 50 0.282837
27 16 0.332536
27 25 0.321955
27 20 0.344984
27 44 0.312644
27 24 0.341237
27 39 0.321969
27 46 0.313296
27 30 0.334985
27 18 0.352232
27 14 0.357537
27 32 0.334886
27 19 0.352403
27 48 0.314177
27 34 0.337090
27 9 0.370958
27 17 0.365206
27 23 0.358694
27 47 0.326632
27 27 0.357753
27 7 0.385399
27 26 0.366132
27 13 0.382798
27 45 0.342499
27 33 0.359650
27 12 0.386975
27 43 0.346811
27 28 0.367159
27 37 0.356909
27 21 0.379381
27 31 0.367579
27 49 0.343436
27 29 0.371539
27 40 0.357438
27 35 0.369116
27 15 0.397001
27 36 0.370948
27 41 0.364484
28 0 0.171366
28 2 0.183072
28 4 0.252599
28 3 0.298587
28 1 0.303560
28 9 0.297698
28 6 0.313127
28 8 0.315574
28 5 0.327270
28 10 0.478268
28 12 0.480001
28 7 0.499293
28 11 0.498112
28 13 0.499159
28 20 0.491681
28 16 0.497026
28 22 0.536650
28 19 0.564566
28 25 0.556539
28 28 0.558779
28 33 0.552600
28 17 0.579374
28 14 0.585086
28 40 0.552244
28 31 0.568461
28 15 0.590315
28 32 0.598463
28 21 0.614663
28 34 0.596849
28 49 0.577422
28 36 0.594847
28 23 0.614348
28 38 0.594207
28 29 0.606958
28 46 0.584252
28 18 0.623157
28 37 0.597222
28 27 0.611861
28 41 0.594687
28 30 0.610002
28 42 0.603505
28 43 0.608865
28 48 0.603961
28 35 0.621717
28 44 0.614198
28 47 0.610867
28 39 0.623194
28 26 0.645291
28 45 0.622532
28 50 0.617438
28 24 0.657422
29 0 0.179879
29 1 0.198093
29 4 0.197393
29 6 0.208422
29 8 0.233699
29 3 0.262893
29 9 0.285926
29 2 0.297439
29 10 0.292564
29 5 0.305142
29 14 0.330126
29 29 0.305970
29 11 0.351612
29 44 0.290480
29 28 0.324494
29 40 0.312013
29 12 0.368835
29 13 0.370341
29 30 0.340415
29 16 0.367239
29 42 0.321314
29 23 0.366932
29 7 0.393295
29 45 0.322116
29 32 0.353312
29 18 0.382176
29 25 0.366783
29 19 0.382895
29 50 0.318737
29 24 0.378208
29 33 0.359283
29 49 0.323346
29 43 0.342740
29 34 0.374214
29 31 0.384946
29 22 0.413716
29 20 0.418881
29 48 0.359925
29 36 0.387974
29 46 0.365346
29 15 0.434843
29 26 0.412857
29 38 0.395708
29 17 0.438218
29 37 0.402154
29 39 0.401165
29 35 0.407546
29 41 0.411113
29 27 0.438034
29 47 0.394477
29 21 0.467651
30 0 0.195466
30 2 0.196706
30 9 0.196063
30 1 0.205547
30 4 0.212635
30 3 0.219794
30 5 0.277191
30 7 0.278669
30 8 0.290899
30 12 0.312112
30 13 0.317779
30 11 0.322192
30 21 0.312158
30 38 0.293918
30 29 0.310104
30 44 0.290480
30 27 0.318565
30 10 0.340154
30 30 0.315220
30 23 0.325631
30 22 0.329980
30 15 0.340909
30 19 0.343181
30 14 0.353661
30 17 0.350536
30 26 0.340695
30 46 0.315905
30 36 0.330776
30 43 0.323610
30 31 0.341439
30 6 0.372480
30 45 0.321259
30 20 0.357806
30 25 0.352748
30 32 0.345919
30 28 0.352423
30 34 0.344356
30 33 0.348331
30 42 0.337022
30 24 0.362621
30 35 0.347941
30 50 0.331739
30 40 0.347125
30 37 0.351396
30 41 0.349978
30 47 0.341333
30 16 0.385442
30 48 0.347932
30 39 0.363949
30 49 0.351435
30 18 0.396130
31 0 0.211735
31 2 0.210256
31 5 0.223585
31 3 0.285414
31 1 0.289790
31 4 0.298369
31 6 0.320521
31 17 0.312724
31 14 0.316150
31 33 0.294818
31 10 0.322449
31 8 0.327835
31 12 0.326898
31 21 0.318910
31 32 0.307326
31 11 0.337175
31 29 0.318080
31 13 0.339138
31 25 0.328983
31 30 0.321532
31 27 0.326379
31 41 0.316251
31 39 0.318605
31 31 0.331215
31 9 0.357786
31 28 0.339675
31 19 0.352789
31 49 0.311933
31 26 0.343474
31 20 0.352666
31 50 0.314831
31 24 0.352247
31 7 0.371763
31 22 0.356617
31 42 0.329211
31 38 0.335414
31 46 0.326557
31 47 0.325225
31 36 0.340568
31 37 0.340420
31 35 0.344355
31 44 0.331614
31 23 0.363381
31 18 0.370409
31 40 0.343566
31 16 0.378553
31 34 0.356267
31 48 0.351447
31 43 0.365387
31 15 0.407176
31 45 0.371953
32 0 0.216559
32 3 0.247592
32 1 0.250079
32 2 0.311006
32 4 0.346388
32 5 0.351918
32 9 0.352496
32 21 0.491217
32 12 0.516239
32 28 0.507656
32 18 0.522813
32 34 0.511043
32 26 0.525308
32 22 0.530579
32 10 0.546640
32 7 0.569084
32 33 0.543064
32 14 0.568733
32 24 0.559492
32 30 0.553451
32 31 0.558175
32 25 0.566937
32 17 0.577656
32 15 0.590088
32 13 0.596474
32 32 0.591637
32 37 0.588954
32 27 0.603218
32 45 0.588623
32 16 0.628827
32 50 0.600013
32 11 0.654791
32 20 0.645776
32 36 0.645405
32 19 0.666228
32 35 0.650463
32 43 0.658647
32 6 0.751656
32 42 0.708299
32 46 0.703260
32 47 0.702545
32 48 0.701550
32 39 0.714963
32 23 0.736189
32 44 0.709767
32 40 0.715326
32 8 0.756790
32 29 0.736608
32 38 0.725329
32 41 0.723101
32 49 0.725714
33 2 0.186276
33 3 0.215520
33 1 0.221251
33 0 0.225043
33 9 0.216889
33 5 0.224518
33 4 0.228389
33 11 0.253111
33 8 0.261309
33 6 0.277099
33 10 0.283802
33 7 0.294849
33 30 0.274561
33 32 0.281508
33 12 0.320817
33 14 0.322168
33 33 0.290608
33 44 0.276934
33 13 0.332827
33 28 0.318450
33 31 0.319574
33 29 0.328092
33 21 0.353942
33 18 0.365626
33 22 0.357671
33 25 0.351618
33 15 0.378045
33 16 0.373235
33 24 0.360316
33 26 0.369220
33 17 0.387874
33 36 0.358299
33 35 0.360206
33 37 0.360412
33 20 0.395021
33 39 0.366512
33 50 0.353058
33 40 0.368766
33 34 0.380150
33 45 0.368772
33 23 0.404123
33 19 0.413549
33 43 0.373115
33 49 0.366481
33 38 0.380827
33 46 0.371468
33 27 0.403378
33 42 0.388155
33 41 0.394900
33 48 0.387724
33 47 0.391096
34 0 0.181936
34 2 0.196221
34 4 0.212410
34 1 0.221695
34 3 0.228102
34 10 0.254897
34 11 0.263462
34 5 0.288593
34 9 0.295008
34 29 0.280642
34 17 0.313094
34 15 0.315561
34 33 0.292429
34 8 0.322707
34 6 0.325040
34 12 0.325021
34 44 0.282002
34 38 0.290829
34 14 0.325249
34 16 0.327401
34 30 0.311983
34 24 0.321780
34 18 0.332299
34 21 0.328612
34 13 0.341057
34 20 0.333381
34 31 0.320586
34 43 0.304326
34 32 0.322361
34 28 0.330213
34 23 0.342797
34 47 0.309432
34 35 0.333423
34 19 0.363065
34 48 0.322365
34 37 0.338979
34 45 0.330871
34 22 0.367526
34 36 0.348096
34 42 0.338896
34 46 0.334511
34 50 0.332244
34 34 0.356887
34 7 0.389704
34 27 0.367214
34 26 0.372256
34 40 0.351530
34 25 0.376717
34 39 0.357868
34 41 0.356211
34 49 0.353753
35 6 0.212297
35 0 0.239115
35 8 0.309182
35 4 0.329448
35 5 0.337454
35 3 0.359084
35 33 0.329203
35 2 0.388234
35 21 0.372583
35 35 0.362101
35 44 0.361023
35 14 0.402304
35 9 0.414663
35 30 0.395970
35 43 0.386145
35 26 0.416130
35 22 0.444980
35 31 0.434173
35 23 0.456334
35 10 0.473134
35 42 0.439599
35 29 0.459479
35 25 0.466703
35 38 0.448893
35 1 0.493233
35 20 0.525268
35 18 0.528692
35 32 0.511231
35 46 0.490384
35 12 0.536957
35 28 0.520038
35 16 0.534228
35 47 0.490947
35 45 0.494366
35 11 0.540392
35 50 0.487960
35 7 0.547272
35 24 0.530172
35 13 0.543476
35 19 0.539707
35 36 0.535704
35 41 0.530280
35 37 0.536660
35 40 0.533046
35 34 0.541542
35 49 0.521743
35 15 0.586847
35 27 0.581700
35 48 0.550667
35 17 0.613200
35 39 0.619463
36 1 0.165796
36 8 0.177863
36 5 0.213544
36 6 0.219829
36 12 0.203683
36 4 0.227758
36 0 0.236924
36 2 0.247163
36 9 0.238044
36 13 0.222842
36 10 0.233573
36 3 0.251379
36 11 0.229781
36 14 0.228276
36 19 0.227681
36 7 0.271246
36 22 0.228061
36 16 0.250632
36 28 0.155339
36 15 0.291601
36 29 0.185342
36 21 0.275597
36 30 0.183060
36 24 0.219664
36 34 0.128527
36 17 0.296550
36 32 0.133889
36 25 0.228908
36 18 0.328747
36 20 0.321372
36 27 0.236187
36 26 0.269004
36 23 0.306971
36 33 0.223301
36 31 0.268592
36 44 0.176103
36 42 0.178591
36 50 0.152802
36 37 0.191404
36 46 0.185705
36 47 0.187115
36 38 0.200210
36 40 0.204361
36 39 0.208400
36 41 0.208538
36 43 0.207317
36 35 0.259704
36 36 0.216327
36 48 0.207772
36 49 0.200833
36 45 0.214061
37 0 0.223312
37 2 0.256219
37 4 0.274580
37 8 0.340888
37 14 0.335719
37 10 0.339653
37 12 0.338221
37 6 0.344429
37 44 0.298179
37 11 0.343892
37 9 0.349225
37 3 0.358363
37 26 0.380432
37 13 0.399298
37 27 0.383450
37 28 0.382793
37 17 0.401402
37 30 0.388012
37 29 0.390509
37 25 0.395425
37 47 0.365475
37 7 0.419522
37 33 0.391184
37 24 0.406388
37 31 0.400751
37 23 0.412957
37 36 0.395228
37 45 0.389136
37 1 0.443238
37 50 0.384640
37 37 0.402201
37 46 0.390799
37 40 0.400520
37 16 0.432652
37 22 0.428128
37 32 0.422212
37 19 0.445808
37 21 0.445635
37 5 0.463193
37 38 0.433443
37 35 0.445316
37 48 0.431456
37 42 0.440983
37 41 0.443030
37 15 0.480399
37 34 0.458491
37 18 0.482181
37 49 0.447050
37 39 0.473965
37 20 0.518935
37 43 0.488479
38 0 0.254268
38 4 0.258799
38 2 0.269587
38 9 0.329267
38 5 0.342720
38 3 0.354151
38 1 0.385260
38 6 0.399293
38 8 0.423712
38 30 0.466268
38 11 0.502479
38 10 0.527544
38 33 0.523767
38 18 0.552779
38 16 0.576236
38 15 0.593329
38 25 0.609154
38 35 0.605835
38 31 0.632397
38 29 0.641428
38 26 0.649031
38 27 0.650022
38 20 0.699367
38 14 0.772159
38 12 0.776593
38 43 0.737666
38 22 0.766800
38 46 0.736823
38 32 0.756250
38 42 0.742404
38 7 0.788332
38 44 0.740660
38 17 0.778927
38 23 0.771101
38 28 0.766234
38 13 0.785978
38 39 0.752919
38 37 0.757802
38 48 0.746857
38 34 0.770392
38 41 0.804789
38 47 0.799816
38 50 0.810898
38 45 0.822610
38 21 0.873308
38 24 0.899015
38 19 0.915618
38 49 0.881780
38 36 0.921975
38 38 0.928329
38 40 0.929352
39 5 0.196699
39 3 0.215594
39 8 0.237904
39 9 0.254625
39 0 0.281121
39 1 0.284766
39 2 0.284185
39 11 0.300432
39 13 0.312904
39 6 0.399061
39 21 0.374471
39 39 0.345508
39 17 0.385167
39 29 0.363273
39 7 0.409927
39 33 0.365329
39 4 0.420717
39 48 0.343508
39 12 0.405010
39 30 0.374127
39 14 0.403925
39 19 0.394752
39 23 0.389522
39 31 0.374527
39 28 0.380000
39 25 0.390690
39 32 0.377412
39 10 0.416662
39 18 0.403629
39 44 0.363315
39 20 0.402631
39 37 0.380665
39 36 0.383969
39 43 0.384110
39 34 0.396910
39 41 0.391610
39 46 0.392421
39 27 0.420460
39 49 0.389454
39 45 0.398949
39 15 0.452614
39 40 0.410920
39 26 0.448171
39 24 0.453010
39 22 0.456731
39 50 0.417707
39 16 0.474673
39 47 0.426270
39 35 0.451337
39 42 0.452832
39 38 0.467186
40 0 0.244605
40 3 0.254724
40 10 0.251328
40 9 0.258428
40 5 0.287558
40 33 0.279525
40 31 0.325188
40 13 0.366607
40 14 0.366266
40 32 0.345983
40 22 0.367899
40 21 0.374348
40 2 0.393911
40 1 0.401017
40 28 0.377314
40 4 0.408462
40 16 0.398859
40 17 0.421040
40 45 0.384927
40 19 0.422590
40 26 0.414175
40 43 0.391757
40 11 0.439817
40 20 0.432609
40 12 0.441949
40 38 0.415129
40 24 0.434767
40 44 0.408840
40 6 0.458879
40 8 0.460037
40 49 0.410693
40 41 0.428581
40 50 0.418676
40 30 0.451156
40 34 0.447844
40 18 0.481476
40 29 0.469201
40 47 0.453081
40 37 0.471193
40 40 0.470900
40 36 0.488223
40 23 0.510634
40 7 0.527816
40 42 0.490789
40 46 0.502947
40 48 0.503249
40 35 0.522976
40 39 0.520030
40 15 0.556077
40 25 0.544819
40 27 0.558743
41 0 0.277213
41 3 0.278628
41 1 0.312813
41 2 0.317209
41 8 0.317063
41 4 0.324618
41 9 0.324136
41 10 0.359888
41 6 0.376160
41 7 0.397172
41 11 0.487239
41 5 0.522230
41 13 0.555548
41 14 0.555326
41 30 0.545238
41 12 0.569724
41 31 0.553552
41 18 0.570037
41 28 0.559636
41 29 0.562204
41 15 0.593405
41 17 0.597101
41 20 0.597439
41 42 0.592850
41 33 0.630121
41 46 0.615788
41 26 0.646467
41 21 0.671435
41 35 0.670673
41 24 0.691409
41 32 0.696212
41 27 0.713847
41 39 0.708789
41 45 0.704112
41 23 0.753320
41 37 0.739682
41 43 0.741927
41 47 0.751292
41 44 0.759428
41 16 0.796040
41 34 0.780332
41 50 0.778562
41 48 0.797192
41 25 0.838899
41 40 0.839372
41 36 0.856781
41 49 0.847767
41 38 0.866959
41 41 0.892758
41 22 0.955382
41 19 0.968675
42 1 0.237091
42 0 0.238908
42 2 0.300145
42 12 0.342951
42 10 0.357475
42 11 0.362357
42 29 0.341808
42 8 0.378099
42 4 0.381693
42 7 0.382003
42 30 0.353773
42 3 0.397100
42 33 0.362335
42 14 0.391619
42 34 0.367516
42 13 0.399848
42 9 0.405943
42 21 0.404577
42 31 0.391484
42 39 0.385227
42 32 0.396559
42 25 0.410043
42 28 0.419912
42 16 0.436500
42 17 0.438716
42 27 0.427399
42 18 0.442681
42 6 0.463099
42 20 0.448494
42 46 0.410407
42 5 0.467750
42 45 0.413378
42 24 0.446688
42 42 0.419040
42 19 0.453969
42 44 0.419907
42 35 0.438800
42 40 0.434143
42 26 0.457695
42 48 0.423352
42 43 0.435020
42 22 0.477679
42 37 0.454039
42 23 0.484434
42 38 0.468236
42 36 0.473567
42 15 0.510889
42 50 0.461269
42 47 0.466144
42 49 0.469422
42 41 0.486032
43 8 0.250248
43 0 0.281045
43 3 0.281756
43 5 0.307194
43 4 0.319399
43 11 0.316059
43 12 0.319780
43 9 0.324198
43 14 0.319134
43 10 0.324051
43 13 0.323070
43 2 0.364976
43 1 0.368286
43 6 0.379492
43 18 0.390461
43 7 0.418492
43 15 0.412784
43 17 0.419294
43 19 0.422382
43 16 0.429500
43 23 0.612484
43 30 0.602852
43 21 0.616889
43 24 0.612435
43 33 0.600470
43 31 0.603048
43 47 0.579841
43 29 0.609816
43 40 0.631595
43 45 0.692196
43 20 0.729359
43 28 0.718400
43 34 0.711168
43 27 0.720620
43 26 0.722651
43 32 0.714416
43 22 0.729827
43 43 0.698408
43 38 0.753072
43 39 0.751756
43 36 0.785738
43 48 0.774883
43 44 0.783188
43 50 0.864018
43 35 0.943726
43 37 0.945767
43 42 0.938426
43 46 0.958554
43 49 0.991437
43 41 1.026420
43 25 1.090349
44 0 0.256232
44 6 0.295055
44 12 0.393177
44 4 0.407691
44 29 0.384842
44 30 0.389533
44 9 0.415749
44 28 0.405755
44 10 0.428153
44 3 0.435875
44 11 0.431059
44 44 0.388665
44 32 0.405022
44 33 0.404018
44 1 0.442275
44 8 0.436471
44 2 0.442436
44 14 0.435289
44 13 0.450252
44 5 0.458898
44 31 0.441412
44 17 0.490583
44 15 0.493562
44 36 0.468506
44 16 0.530482
44 25 0.542049
44 34 0.529766
44 40 0.523041
44 19 0.558447
44 46 0.529224
44 47 0.555733
44 45 0.564434
44 18 0.610352
44 20 0.608838
44 24 0.609139
44 50 0.574042
44 41 0.593546
44 22 0.619990
44 42 0.599988
44 7 0.646132
44 43 0.606472
44 48 0.605489
44 37 0.621384
44 27 0.641430
44 38 0.627567
44 39 0.630396
44 35 0.641889
44 21 0.666354
44 23 0.664458
44 49 0.641603
44 26 0.700729
45 9 0.350548
45 31 0.323784
45 13 0.354262
45 11 0.357572
45 33 0.330202
45 10 0.408540
45 30 0.384221
45 12 0.407442
45 0 0.419537
45 32 0.382686
45 1 0.476879
45 2 0.482299
45 28 0.472098
45 44 0.451937
45 8 0.500370
45 20 0.488594
45 29 0.482491
45 5 0.529373
45 6 0.537941
45 27 0.537593
45 43 0.514965
45 25 0.541802
45 14 0.555847
45 4 0.566104
45 15 0.566104
45 17 0.568772
45 18 0.582034
45 46 0.545328
45 35 0.570141
45 3 0.635839
45 37 0.603877
45 42 0.605517
45 39 0.613339
45 49 0.599300
45 45 0.631798
45 47 0.628873
45 26 0.675582
45 34 0.664788
45 19 0.694053
45 16 0.701301
45 50 0.658834
45 23 0.702925
45 38 0.686417
45 40 0.691501
45 7 0.758792
45 36 0.722573
45 48 0.712664
45 41 0.724113
45 22 0.755320
45 21 0.795568
45 24 0.847440
46 9 0.317452
46 3 0.334362
46 6 0.347322
46 14 0.351953
46 2 0.368818
46 0 0.388206
46 32 0.342933
46 10 0.379576
46 30 0.355595
46 28 0.370378
46 12 0.395635
46 11 0.402475
46 31 0.378291
46 8 0.424329
46 4 0.429142
46 5 0.431095
46 1 0.448353
46 44 0.399371
46 33 0.444721
46 20 0.478590
46 38 0.469469
46 7 0.520604
46 37 0.482498
46 29 0.496205
46 19 0.514394
46 13 0.524990
46 15 0.559477
46 48 0.508758
46 16 0.562014
46 40 0.524896
46 43 0.522923
46 46 0.531787
46 26 0.573549
46 42 0.547939
46 17 0.597221
46 39 0.564919
46 24 0.592814
46 36 0.577429
46 47 0.561208
46 41 0.577021
46 50 0.562666
46 49 0.567520
46 25 0.612521
46 21 0.624405
46 34 0.610529
46 18 0.647418
46 22 0.645145
46 35 0.633841
46 45 0.617913
46 23 0.675916
46 27 0.672973
47 4 0.312225
47 0 0.352882
47 3 0.452446
47 29 0.423603
47 33 0.420721
47 9 0.455358
47 5 0.459869
47 27 0.436222
47 14 0.452822
47 1 0.468652
47 12 0.460936
47 32 0.455362
47 24 0.470013
47 10 0.502050
47 8 0.504436
47 26 0.485281
47 28 0.484410
47 30 0.487680
47 44 0.468625
47 2 0.528928
47 19 0.518593
47 31 0.507404
47 11 0.557764
47 15 0.572638
47 20 0.574566
47 13 0.587106
47 22 0.579848
47 49 0.545502
47 7 0.601295
47 39 0.562743
47 41 0.560071
47 43 0.564092
47 17 0.602799
47 35 0.621620
47 48 0.625607
47 18 0.672296
47 16 0.678642
47 23 0.670180
47 42 0.655593
47 25 0.687394
47 36 0.679587
47 45 0.669834
47 47 0.667657
47 6 0.728453
47 40 0.695474
47 21 0.730163
47 38 0.706517
47 37 0.710095
47 34 0.721996
47 46 0.708686
47 50 0.717803
48 13 0.305866
48 10 0.362578
48 2 0.386976
48 30 0.362543
48 29 0.405499
48 3 0.433154
48 33 0.418360
48 32 0.422084
48 17 0.454372
48 14 0.462584
48 8 0.473428
48 12 0.482575
48 5 0.499365
48 44 0.463181
48 28 0.490944
48 0 0.524482
48 4 0.525320
48 9 0.557728
48 11 0.560513
48 20 0.564656
48 6 0.585888
48 7 0.585446
48 34 0.572093
48 25 0.585237
48 43 0.563062
48 18 0.595532
48 15 0.601586
48 19 0.599681
48 40 0.575687
48 47 0.584925
48 31 0.613264
48 1 0.646709
48 39 0.622549
48 36 0.633075
48 26 0.668018
48 24 0.681268
48 16 0.693353
48 21 0.689758
48 38 0.672769
48 22 0.698553
48 45 0.675648
48 46 0.677041
48 41 0.691233
48 35 0.700598
48 23 0.722529
48 50 0.704831
48 49 0.709444
48 42 0.734066
48 27 0.756349
48 48 0.845130
48 37 0.917755
49 13 0.271070
49 12 0.276776
49 1 0.366046
49 2 0.384606
49 3 0.385008
49 4 0.386796
49 0 0.392612
49 9 0.412537
49 5 0.435331
49 11 0.462985
49 14 0.465261
49 29 0.436451
49 44 0.429626
49 32 0.457308
49 30 0.465894
49 15 0.524269
49 7 0.538143
49 8 0.553574
49 28 0.522185
49 18 0.541643
49 31 0.526567
49 17 0.562069
49 47 0.515142
49 16 0.572898
49 10 0.581657
49 35 0.545740
49 33 0.550331
49 6 0.598403
49 22 0.579463
49 24 0.577869
49 34 0.586968
49 40 0.579381
49 42 0.581127
49 49 0.575084
49 36 0.593534
49 38 0.596094
49 20 0.624612
49 26 0.625107
49 19 0.642987
49 23 0.638762
49 45 0.618250
49 25 0.647259
49 21 0.654313
49 50 0.617408
49 41 0.631819
49 43 0.633555
49 27 0.665170
49 48 0.674964
49 39 0.689975
49 46 0.691970
49 37 0.709970
50 8 0.349826
50 31 0.360924
50 14 0.390225
50 30 0.415690
50 44 0.400409
50 0 0.455982
50 33 0.474214
50 3 0.512384
50 7 0.510411
50 9 0.510062
50 4 0.518227
50 10 0.514666
50 2 0.531329
50 12 0.525461
50 28 0.509340
50 13 0.550738
50 32 0.554575
50 43 0.542561
50 6 0.591985
50 37 0.555739
50 45 0.548610
50 35 0.566542
50 29 0.581094
50 38 0.572432
50 48 0.563376
50 26 0.597917
50 18 0.608483
50 39 0.584103
50 21 0.611785
50 42 0.583971
50 11 0.626081
50 5 0.656636
50 24 0.647828
50 36 0.632182
50 34 0.638481
50 1 0.679352
50 16 0.666218
50 20 0.663030
50 22 0.677589
50 40 0.657070
50 23 0.687598
50 27 0.687526
50 41 0.668374
50 46 0.662029
50 15 0.706957
50 49 0.662225
50 47 0.682888
50 50 0.686284
50 17 0.737826
50 19 0.735661
50 25 0.749398
51 1 0.474715
51 0 0.632969
51 10 0.327979
51 12 0.327010
51 5 0.671392
51 9 0.448633
51 2 0.735144
51 14 0.413175
51 8 0.560162
51 11 0.503302
51 4 1.012077
51 18 0.574958
51 7 0.884344
51 13 0.772834
51 30 0.474117
51 3 1.276634
51 28 0.535047
51 16 0.855743
51 32 0.513415
51 26 0.595851
51 29 0.601616
51 31 0.598630
51 44 0.299242
51 33 0.587146
51 20 0.832059
51 6 1.277475
51 35 0.651903
51 24 0.855036
51 22 0.892327
51 37 0.734852
51 15 1.238310
51 36 0.775180
51 27 0.882602
51 19 1.118986
51 17 1.216115
51 46 0.538877
51 21 1.078890
51 42 0.603197
51 25 1.007610
51 23 1.084515
51 34 0.931060
51 45 0.699779
51 40 0.718886
51 50 0.507157
51 43 0.726491
51 47 0.537145
51 41 0.773724
51 49 0.582111
51 39 0.866147
51 48 0.591919
51 38 0.911534
52 3 0.299030
52 4 0.298654
52 5 0.329646
52 1 0.333106
52 0 0.334341
52 6 0.329901
52 44 0.319866
52 14 0.364098
52 8 0.376427
52 10 0.401964
52 11 0.402465
52 7 0.438344
52 2 0.452670
52 13 0.458262
52 33 0.452195
52 29 0.485245
52 24 0.499332
52 32 0.494155
52 25 0.504964
52 12 0.556315
52 27 0.542973
52 46 0.515639
52 31 0.545766
52 17 0.584987
52 43 0.551895
52 28 0.590416
52 19 0.609559
52 40 0.614698
52 9 0.663112
52 49 0.608191
52 35 0.635257
52 30 0.643628
52 22 0.679447
52 37 0.662458
52 21 0.696674
52 41 0.666283
52 34 0.683330
52 38 0.677576
52 26 0.702889
52 23 0.720527
52 47 0.684791
52 15 0.740378
52 39 0.719234
52 45 0.717244
52 50 0.716174
52 42 0.742213
52 36 0.768179
52 16 0.815692
52 20 0.821821
52 48 0.791790
52 18 0.838775
53 9 0.543027
53 10 0.556712
53 13 0.569569
53 40 0.677195
53 32 0.720935
53 4 0.753479
53 15 0.750143
53 45 0.732744
53 27 0.773978
53 25 0.799929
53 30 0.809294
53 5 0.853777
53 23 0.837427
53 20 0.867205
53 31 0.879307
53 8 0.921783
53 24 0.908825
53 22 0.937196
53 49 0.915036
53 28 0.946313
53 12 0.965622
53 14 0.968403
53 18 0.966192
53 6 1.074329
53 17 1.067431
53 36 1.051052
53 37 1.068973
53 29 1.088475
53 50 1.081825
53 3 1.212180
53 33 1.181151
53 0 1.216205
53 44 1.170538
53 11 1.283610
53 21 1.277726
53 41 1.261041
53 7 1.297678
53 34 1.271685
53 43 1.262852
53 48 1.260871
53 42 1.291149
53 26 1.358795
53 19 1.413853
53 38 1.394522
53 35 1.398198
53 2 1.455267
53 47 1.421259
53 39 1.429453
53 16 1.487188
53 46 1.501119
53 1 1.551433
54 9 0.396618
54 30 0.374301
54 5 0.431444
54 10 0.426818
54 32 0.466564
54 33 0.481020
54 3 0.531583
54 0 0.546766
54 4 0.553944
54 2 0.559483
54 29 0.527559
54 1 0.565063
54 11 0.585250
54 12 0.589954
54 37 0.557376
54 8 0.600106
54 28 0.574836
54 44 0.551964
54 14 0.599980
54 40 0.565291
54 13 0.616144
54 31 0.593024
54 34 0.589576
54 22 0.616414
54 17 0.628466
54 24 0.625050
54 16 0.641741
54 38 0.611496
54 18 0.643416
54 7 0.669980
54 36 0.632341
54 43 0.630620
54 39 0.647798
54 46 0.644797
54 20 0.698268
54 6 0.725352
54 48 0.671433
54 15 0.728379
54 42 0.694864
54 50 0.695934
54 27 0.731006
54 19 0.742219
54 25 0.739926
54 35 0.727040
54 49 0.726989
54 21 0.771190
54 47 0.762356
54 41 0.779694
54 45 0.779200
54 26 0.822328
54 23 0.839020
55 8 0.334490
55 14 0.346032
55 11 0.354579
55 33 0.418560
55 12 0.453431
55 28 0.434665
55 32 0.431618
55 10 0.460421
55 4 0.466966
55 2 0.469401
55 1 0.519753
55 29 0.499868
55 5 0.529860
55 13 0.523735
55 30 0.526464
55 47 0.503205
55 44 0.510055
55 0 0.573052
55 24 0.565249
55 9 0.583897
55 35 0.552482
55 22 0.581251
55 7 0.597180
55 27 0.575742
55 31 0.586592
55 6 0.639097
55 38 0.603122
55 45 0.594680
55 49 0.596920
55 3 0.679132
55 16 0.679064
55 19 0.686968
55 37 0.666886
55 21 0.703271
55 23 0.704329
55 34 0.697039
55 43 0.694236
55 25 0.724171
55 36 0.712587
55 15 0.746739
55 42 0.714848
55 41 0.716540
55 40 0.718249
55 18 0.753854
55 20 0.753858
55 17 0.757442
55 39 0.733264
55 26 0.760138
55 50 0.726566
55 46 0.751848
55 48 0.798391
56 10 0.311849
56 3 0.351248
56 1 0.374219
56 5 0.378290
56 8 0.382174
56 11 0.389144
56 29 0.359454
56 20 0.399571
56 12 0.433483
56 14 0.432000
56 4 0.459290
56 2 0.464719
56 0 0.466996
56 6 0.461757
56 13 0.458836
56 44 0.430338
56 9 0.499364
56 32 0.459947
56 15 0.525313
56 26 0.507749
56 28 0.510041
56 33 0.503786
56 31 0.510312
56 22 0.524690
56 30 0.515706
56 25 0.532128
56 19 0.564582
56 24 0.561470
56 34 0.555996
56 23 0.582976
56 7 0.619356
56 50 0.549480
56 27 0.591426
56 41 0.577006
56 47 0.571934
56 49 0.569344
56 38 0.595264
56 21 0.627172
56 17 0.639631
56 35 0.622847
56 43 0.605675
56 46 0.604157
56 39 0.627993
56 40 0.629739
56 18 0.671875
56 45 0.635703
56 37 0.655137
56 16 0.693455
56 42 0.664317
56 48 0.667542
56 36 0.701150
57 3 0.302843
57 8 0.345315
57 9 0.371923
57 13 0.394621
57 14 0.394351
57 12 0.406843
57 10 0.413016
57 11 0.477852
57 1 0.500048
57 29 0.504378
57 28 0.517788
57 0 0.583354
57 2 0.581985
57 32 0.563441
57 31 0.569160
57 43 0.574402
57 7 0.633882
57 6 0.645033
57 4 0.656404
57 18 0.643211
57 34 0.630901
57 44 0.617157
57 30 0.642237
57 15 0.665057
57 24 0.670361
57 16 0.706162
57 25 0.701750
57 33 0.694218
57 22 0.716520
57 42 0.702702
57 5 0.755590
57 36 0.728326
57 23 0.755133
57 26 0.755903
57 20 0.773258
57 48 0.751221
57 40 0.775214
57 46 0.773013
57 50 0.778695
57 21 0.857984
57 35 0.845631
57 37 0.847902
57 19 0.874331
57 27 0.875952
57 39 0.861617
57 38 0.868844
57 17 0.925033
57 47 0.882652
57 45 0.894606
57 41 0.907713
57 49 0.924779
58 9 0.339497
58 8 0.394875
58 10 0.404256
58 28 0.386449
58 13 0.412907
58 32 0.413382
58 2 0.469201
58 0 0.506265
58 30 0.524680
58 31 0.525050
58 29 0.562852
58 44 0.564386
58 6 0.618698
58 5 0.627458
58 3 0.631392
58 12 0.627451
58 14 0.627606
58 16 0.648546
58 4 0.671212
58 11 0.716281
58 15 0.717495
58 36 0.697029
58 33 0.707025
58 18 0.849672
58 1 0.866818
58 26 0.839633
58 24 0.844900
58 27 0.839329
58 7 0.864758
58 20 0.851438
58 17 0.855607
58 48 0.810637
58 40 0.828450
58 22 0.855139
58 35 0.835731
58 19 0.859700
58 39 0.843424
58 37 0.873645
58 45 0.862612
58 23 0.916113
58 25 0.912794
58 43 0.897993
58 34 0.923490
58 38 0.923605
58 46 0.916091
58 42 0.927848
58 21 0.972310
58 49 0.935297
58 50 0.934168
58 41 1.003978
58 47 0.998581
59 9 0.418579
59 11 0.421069
59 1 0.438293
59 28 0.423559
59 8 0.453983
59 13 0.453503
59 0 0.496612
59 32 0.463234
59 4 0.534635
59 5 0.601765
59 2 0.605424
59 30 0.572774
59 18 0.590313
59 31 0.576095
59 14 0.606077
59 10 0.616364
59 33 0.587532
59 29 0.639552
59 3 0.670746
59 12 0.662480
59 44 0.623436
59 17 0.686928
59 20 0.683371
59 41 0.659516
59 7 0.705457
59 25 0.697339
59 6 0.733295
59 16 0.735983
59 35 0.728592
59 19 0.761096
59 46 0.734503
59 49 0.736577
59 24 0.782324
59 21 0.797466
59 43 0.781718
59 26 0.841614
59 15 0.860524
59 34 0.853005
59 42 0.853591
59 45 0.853788
59 39 0.879572
59 40 0.902265
59 38 0.911656
59 22 0.938510
59 37 0.918431
59 36 0.922244
59 23 0.943594
59 27 0.942681
59 50 0.917785
59 47 0.934497
59 48 0.960369
60 11 0.434741
60 12 0.440292
60 14 0.461547
60 44 0.421484
60 13 0.472643
60 33 0.474551
60 8 0.544448
60 0 0.558984
60 39 0.522106
60 31 0.551522
60 45 0.579110
60 9 0.640020
60 1 0.652338
60 5 0.654009
60 29 0.628189
60 32 0.630619
60 4 0.681429
60 30 0.662789
60 10 0.734532
60 35 0.708352
60 48 0.702153
60 28 0.733994
60 27 0.742479
60 3 0.786272
60 36 0.770103
60 18 0.803163
60 7 0.833320
60 17 0.837345
60 25 0.832286
60 6 0.867343
60 21 0.856581
60 23 0.859853
60 40 0.855706
60 20 0.898729
60 38 0.878599
60 26 0.896828
60 15 0.930172
60 22 0.936681
60 43 0.913366
60 2 0.980237
60 34 0.949619
60 46 0.970888
60 24 1.001795
60 19 1.038642
60 50 1.000667
60 42 1.011944
60 41 1.022948
60 16 1.062341
60 49 1.022273
60 37 1.042194
60 47 1.033081
61 9 0.413573
61 31 0.390872
61 13 0.419130
61 10 0.446724
61 29 0.445121
61 44 0.459994
61 4 0.554123
61 11 0.547736
61 8 0.577160
61 3 0.582419
61 33 0.553611
61 28 0.561537
61 32 0.560707
61 2 0.634029
61 12 0.629076
61 14 0.752758
61 1 0.781691
61 30 0.765662
61 7 0.799798
61 19 0.807961
61 15 0.819004
61 43 0.794577
61 6 0.847904
61 34 0.813377
61 0 0.870510
61 35 0.835230
61 18 0.865273
61 46 0.843843
61 37 0.861469
61 5 0.903323
61 48 0.864190
61 45 0.880612
61 27 0.915021
61 36 0.912728
61 42 0.911456
61 22 0.948288
61 23 0.952105
61 40 0.953831
61 25 0.980420
61 16 0.993749
61 38 0.969058
61 39 0.978916
61 41 0.980222
61 26 1.013435
61 47 0.982669
61 24 1.026311
61 21 1.031449
61 20 1.061006
61 50 1.030521
61 17 1.086066
61 49 1.064435
62 33 0.385925
62 8 0.415547
62 13 0.446511
62 14 0.459564
62 9 0.498982
62 1 0.510564
62 12 0.512430
62 3 0.525378
62 0 0.533068
62 31 0.525690
62 4 0.571694
62 10 0.596415
62 5 0.602035
62 29 0.593028
62 32 0.623302
62 44 0.605315
62 30 0.639003
62 45 0.627249
62 36 0.641710
62 6 0.686456
62 11 0.682661
62 40 0.645747
62 28 0.668443
62 27 0.695147
62 7 0.732116
62 2 0.742293
62 20 0.722870
62 37 0.737793
62 19 0.779105
62 21 0.776383
62 18 0.792316
62 34 0.773915
62 35 0.782179
62 43 0.774566
62 16 0.822800
62 25 0.819053
62 15 0.837845
62 26 0.845520
62 46 0.828450
62 49 0.835957
62 17 0.888034
62 24 0.878941
62 41 0.859881
62 48 0.859850
62 22 0.898404
62 50 0.861156
62 23 0.927468
62 42 0.907460
62 38 0.930988
62 47 0.921401
62 39 0.941996
63 13 0.437974
63 8 0.443462
63 5 0.447128
63 28 0.418187
63 14 0.438486
63 31 0.444858
63 44 0.445206
63 4 0.516569
63 0 0.582463
63 16 0.566039
63 9 0.574336
63 32 0.584243
63 33 0.583932
63 7 0.617362
63 1 0.624099
63 43 0.569933
63 12 0.613892
63 10 0.648714
63 29 0.623596
63 18 0.648905
63 11 0.665341
63 30 0.640194
63 3 0.740584
63 34 0.702062
63 15 0.733702
63 27 0.716617
63 2 0.767921
63 23 0.755897
63 22 0.785318
63 21 0.791970
63 36 0.802020
63 19 0.830821
63 40 0.820182
63 45 0.830776
63 42 0.837874
63 47 0.839493
63 24 0.872534
63 6 0.903349
63 38 0.870177
63 25 0.901004
63 35 0.899643
63 17 0.929704
63 26 0.923325
63 37 0.911425
63 20 0.936646
63 46 0.905223
63 50 0.904014
63 49 0.918547
63 39 0.947098
63 48 0.949931
63 41 0.994130
64 9 0.399751
64 11 0.412218
64 8 0.419779
64 13 0.457946
64 30 0.476330
64 5 0.515111
64 14 0.509797
64 0 0.535402
64 12 0.534785
64 3 0.590539
64 32 0.562326
64 44 0.551026
64 29 0.575203
64 10 0.702020
64 1 0.753229
64 28 0.718690
64 31 0.716072
64 33 0.726780
64 15 0.757653
64 36 0.738685
64 7 0.797382
64 45 0.762107
64 17 0.814731
64 26 0.811262
64 43 0.794864
64 35 0.813096
64 25 0.828212
64 38 0.820878
64 6 0.895581
64 40 0.856581
64 22 0.883730
64 24 0.881684
64 49 0.856900
64 4 0.926035
64 48 0.875783
64 37 0.897247
64 18 0.945924
64 47 0.902896
64 2 0.976650
64 39 0.930491
64 27 0.949902
64 34 0.960710
64 42 0.965377
64 20 1.003868
64 46 0.976389
64 16 1.030551
64 50 0.995202
64 21 1.036580
64 19 1.046152
64 23 1.076822
64 41 1.067821
65 5 0.545846
65 3 0.554741
65 8 0.667418
65 2 0.730682
65 33 0.697889
65 4 0.755738
65 30 0.744024
65 12 0.789538
65 11 0.795570
65 10 0.800145
65 1 0.831167
65 0 0.837979
65 13 0.833144
65 9 0.862384
65 7 0.864381
65 31 0.826523
65 44 0.802261
65 29 0.838502
65 25 0.854327
65 27 0.856914
65 22 0.887220
65 42 0.851768
65 23 0.901285
65 28 0.884844
65 26 0.888320
65 18 0.952402
65 16 0.965119
65 32 0.939799
65 34 0.945234
65 43 0.936405
65 14 0.995291
65 35 0.954352
65 39 0.954659
65 50 0.943964
65 6 1.034492
65 47 0.983696
65 38 1.013507
65 17 1.058237
65 24 1.055408
65 20 1.067004
65 36 1.055612
65 21 1.125208
65 46 1.081056
65 19 1.136384
65 48 1.080521
65 45 1.105994
65 49 1.108116
65 41 1.129592
65 15 1.186207
65 40 1.140458
65 37 1.213970
66 14 0.447340
66 9 0.493604
66 28 0.496638
66 13 0.523004
66 10 0.528441
66 33 0.500231
66 32 0.514182
66 12 0.561434
66 20 0.574932
66 4 0.612225
66 11 0.627627
66 29 0.607686
66 8 0.644384
66 30 0.637988
66 15 0.665617
66 0 0.700513
66 31 0.668837
66 1 0.743673
66 3 0.742197
66 2 0.743594
66 21 0.729372
66 7 0.750775
66 44 0.712595
66 18 0.750533
66 19 0.763168
66 41 0.761231
66 5 0.805902
66 6 0.845827
66 35 0.815634
66 45 0.804517
66 37 0.814489
66 27 0.873100
66 17 0.897341
66 34 0.874307
66 22 0.892830
66 25 0.891288
66 40 0.876353
66 36 0.890997
66 43 0.888387
66 48 0.898165
66 26 0.943439
66 49 0.930134
66 16 1.005489
66 39 0.989072
66 42 1.008266
66 50 1.018315
66 38 1.035652
66 24 1.069635
66 23 1.080032
66 46 1.063864
66 47 1.092243
67 10 0.632485
67 9 0.722710
67 33 0.748323
67 31 0.765407
67 8 0.809490
67 12 0.838690
67 5 0.879035
67 11 0.945803
67 14 0.949171
67 0 0.964047
67 30 0.934404
67 40 0.925087
67 21 0.945154
67 32 0.934235
67 41 0.927714
67 45 0.929943
67 13 0.963146
67 38 0.938840
67 29 0.954977
67 20 0.971928
67 39 0.967961
67 18 0.996435
67 15 1.006393
67 49 0.979237
67 28 1.003375
67 2 1.044172
67 44 1.001742
67 1 1.051866
67 4 1.092297
67 6 1.110722
67 43 1.098685
67 19 1.128628
67 46 1.101769
67 3 1.153193
67 23 1.146002
67 42 1.142774
67 35 1.184411
67 50 1.182116
67 7 1.240064
67 36 1.222549
67 17 1.248779
67 47 1.248695
67 37 1.304165
67 25 1.324075
67 48 1.346911
67 16 1.396838
67 24 1.397089
67 34 1.398073
67 22 1.410988
67 27 1.408717
67 26 1.436441
68 9 0.421734
68 31 0.531477
68 11 0.556802
68 8 0.566852
68 13 0.574053
68 0 0.612243
68 27 0.586726
68 22 0.599075
68 33 0.646209
68 24 0.659318
68 2 0.683361
68 14 0.672531
68 15 0.777326
68 32 0.759402
68 30 0.758914
68 6 0.788143
68 12 0.783268
68 29 0.762412
68 23 0.768818
68 34 0.775148
68 37 0.778428
68 19 0.811672
68 7 0.830882
68 1 0.841203
68 35 0.801605
68 3 0.860792
68 20 0.860563
68 10 0.870984
68 25 0.853990
68 17 0.890181
68 4 0.921141
68 36 0.881090
68 28 0.903053
68 21 0.923380
68 50 0.899672
68 42 0.924850
68 16 0.980923
68 26 0.977835
68 5 1.012501
68 38 0.971854
68 44 0.973868
68 46 1.003053
68 41 1.094704
68 18 1.169441
68 40 1.143624
68 47 1.196352
68 45 1.238577
68 39 1.257445
68 48 1.266866
68 43 1.281087
68 49 1.282002
69 28 0.534169
69 8 0.682524
69 7 0.684087
69 13 0.674374
69 44 0.645618
69 12 0.676891
69 14 0.675959
69 30 0.659254
69 10 0.717892
69 9 0.723345
69 17 0.727310
69 29 0.735922
69 11 0.755963
69 36 0.761451
69 45 0.760377
69 31 0.801531
69 40 0.803357
69 19 0.825289
69 4 0.844022
69 38 0.808579
69 1 0.848976
69 32 0.820650
69 26 0.836336
69 33 0.836868
69 39 0.833102
69 41 0.840231
69 5 0.881218
69 18 0.871016
69 0 0.898752
69 15 0.911084
69 48 0.894071
69 20 0.920782
69 43 0.900701
69 47 0.921152
69 22 0.951814
69 49 0.935754
69 42 0.957898
69 46 0.960253
69 6 1.023336
69 27 1.028532
69 3 1.065579
69 50 1.022647
69 25 1.054909
69 24 1.056832
69 34 1.053969
69 2 1.096399
69 37 1.066067
69 16 1.143376
69 23 1.136951
69 35 1.138022
69 21 1.181138
70 10 0.440535
70 4 0.575103
70 12 0.568991
70 8 0.612559
70 0 0.644339
70 9 0.649165
70 5 0.885894
70 3 0.891755
70 44 0.850840
70 6 0.903057
70 11 0.899528
70 32 0.877558
70 28 0.903201
70 2 0.970088
70 13 0.968162
70 21 0.985058
70 31 0.991964
70 38 1.000059
70 33 1.010774
70 14 1.039544
70 46 1.012452
70 26 1.037304
70 7 1.067236
70 30 1.050906
70 41 1.046675
70 49 1.041786
70 24 1.081685
70 40 1.075179
70 29 1.093576
70 45 1.074410
70 48 1.143863
70 19 1.183071
70 15 1.198730
70 37 1.185450
70 1 1.227439
70 16 1.224170
70 25 1.218360
70 36 1.211199
70 23 1.275125
70 27 1.298605
70 34 1.302064
70 22 1.321146
70 50 1.310168
70 47 1.321010
70 42 1.348853
70 43 1.361079
70 18 1.409495
70 35 1.392585
70 17 1.432091
70 39 1.452362
70 20 1.560129
71 9 0.595097
71 29 0.580327
71 14 0.610927
71 8 0.627789
71 11 0.633956
71 32 0.644073
71 28 0.715032
71 10 0.766857
71 13 0.810543
71 31 0.800940
71 33 0.866308
71 12 0.894032
71 2 0.907344
71 30 0.880265
71 1 0.918856
71 26 0.901569
71 47 0.887423
71 3 0.993774
71 16 0.985786
71 35 0.968509
71 27 0.987378
71 44 0.969664
71 6 1.045065
71 39 1.015288
71 0 1.062870
71 24 1.051549
71 36 1.053688
71 21 1.091200
71 23 1.101579
71 38 1.096817
71 50 1.093674
71 49 1.101224
71 20 1.142821
71 41 1.146208
71 22 1.175641
71 15 1.192327
71 4 1.208535
71 7 1.210187
71 43 1.177853
71 25 1.201879
71 5 1.231511
71 18 1.234247
71 37 1.217487
71 34 1.258501
71 45 1.248639
71 42 1.257212
71 19 1.311596
71 40 1.297495
71 17 1.354548
71 48 1.335201
71 46 1.379188
72 20 0.594472
72 12 0.611972
72 10 0.622070
72 33 0.617484
72 14 0.682679
72 28 0.685425
72 17 0.756347
72 24 0.839898
72 9 0.854160
72 3 0.868214
72 2 0.886902
72 13 0.877334
72 15 0.885540
72 8 0.892417
72 27 0.884764
72 23 0.891265
72 39 0.876505
72 25 0.930169
72 22 0.968611
72 29 0.962920
72 19 0.972494
72 0 0.991187
72 11 0.981134
72 32 0.961849
72 31 0.970750
72 4 1.005634
72 7 1.013876
72 35 0.988758
72 30 1.003369
72 44 1.008689
72 5 1.080556
72 46 1.053270
72 26 1.090251
72 45 1.079712
72 42 1.084175
72 18 1.107653
72 48 1.099775
72 16 1.147343
72 1 1.162426
72 36 1.145922
72 49 1.155073
72 50 1.162234
72 43 1.189548
72 6 1.261014
72 34 1.242628
72 38 1.248583
72 40 1.255810
72 41 1.256816
72 37 1.261036
72 47 1.254815
72 21 1.313506
73 9 0.417607
73 10 0.417703
73 8 0.434222
73 13 0.491637
73 14 0.773541
73 0 0.787561
73 1 0.790311
73 12 0.780983
73 3 0.790045
73 5 0.853713
73 31 0.839358
73 11 0.872304
73 7 0.894011
73 6 0.985460
73 4 0.998508
73 2 1.006345
73 33 0.994161
73 28 1.013075
73 17 1.045252
73 50 1.014690
73 21 1.052117
73 44 1.026718
73 26 1.088464
73 32 1.086804
73 29 1.092055
73 30 1.137107
73 19 1.185155
73 24 1.214192
73 42 1.195784
73 45 1.219792
73 23 1.259096
73 27 1.260064
73 48 1.233994
73 39 1.252111
73 18 1.332541
73 20 1.345829
73 40 1.327298
73 37 1.341238
73 36 1.348705
73 25 1.397555
73 16 1.434876
73 35 1.411442
73 43 1.431658
73 41 1.452184
73 46 1.459646
73 22 1.538679
73 34 1.601504
73 38 1.619535
73 49 1.631070
73 15 1.684946
73 47 1.665015
74 9 0.323758
74 11 0.263199
74 8 0.350637
74 10 0.304775
74 13 0.330382
74 12 0.525227
74 16 0.496502
74 4 0.815933
74 19 0.597915
74 15 0.617652
74 14 0.621833
74 1 0.822332
74 2 0.822758
74 7 0.790309
74 6 0.793044
74 0 0.826262
74 33 0.562263
74 44 0.554471
74 30 0.594273
74 46 0.574682
74 3 0.874240
74 21 0.658116
74 20 0.665497
74 5 0.931979
74 28 0.700524
74 43 0.712214
74 17 0.790717
74 32 0.746548
74 31 0.758285
74 29 0.768104
74 18 0.818979
74 34 0.774745
74 42 0.803486
74 38 0.820405
74 48 0.828511
74 22 0.893859
74 50 0.845230
74 24 0.909289
74 27 0.898911
74 25 0.922479
74 37 0.924053
74 40 0.927676
74 47 0.924788
74 26 0.987321
74 23 1.035537
74 39 1.081600
74 35 1.115657
74 36 1.156340
74 45 1.148595
74 41 1.295790
74 49 1.343754
75 12 0.402544
75 13 0.402611
75 9 0.458774
75 10 0.543622
75 8 0.647674
75 14 0.642247
75 11 0.645713
75 32 0.698554
75 5 0.871780
75 0 0.877021
75 1 0.880228
75 29 0.847705
75 3 1.108053
75 16 1.095705
75 30 1.076798
75 2 1.175915
75 41 1.211086
75 37 1.220837
75 36 1.222892
75 23 1.253469
75 4 1.302576
75 7 1.306965
75 6 1.312040
75 44 1.270514
75 31 1.295206
75 33 1.342231
75 26 1.351579
75 28 1.353885
75 35 1.374207
75 17 1.407100
75 18 1.421862
75 15 1.431214
75 45 1.414988
75 20 1.473519
75 43 1.459172
75 19 1.518782
75 38 1.493168
75 49 1.524304
75 40 1.557323
75 25 1.581427
75 42 1.574796
75 24 1.624521
75 21 1.643316
75 34 1.637589
75 46 1.643928
75 48 1.692774
75 22 1.736462
75 39 1.742594
75 47 1.759988
75 27 1.791870
75 50 1.839812
76 31 0.466193
76 28 0.558068
76 10 0.760895
76 9 0.815632
76 3 0.831382
76 11 0.824286
76 13 0.822895
76 30 0.799648
76 12 0.825873
76 44 0.781491
76 32 0.809571
76 29 0.874729
76 33 0.878685
76 14 0.907043
76 1 0.956392
76 5 0.954583
76 8 0.993324
76 7 0.994727
76 37 1.057244
76 4 1.159210
76 34 1.128555
76 19 1.178276
76 2 1.202018
76 15 1.241909
76 24 1.288922
76 16 1.352141
76 43 1.343844
76 49 1.358461
76 25 1.422273
76 45 1.394103
76 26 1.439406
76 50 1.406521
76 48 1.411164
76 23 1.455442
76 36 1.470259
76 38 1.486945
76 0 1.542474
76 20 1.537737
76 21 1.551007
76 40 1.524775
76 42 1.530382
76 46 1.523700
76 17 1.589451
76 27 1.582449
76 6 1.618948
76 47 1.574634
76 22 1.696416
76 41 1.701128
76 35 1.725891
76 39 1.737015
76 18 1.825800
77 10 0.778921
77 11 0.778975
77 32 0.877806
77 12 1.063908
77 37 1.041930
77 5 1.091566
77 31 1.064264
77 8 1.094163
77 13 1.093816
77 33 1.150198
77 42 1.145016
77 1 1.229124
77 14 1.237169
77 9 1.263949
77 2 1.292581
77 44 1.262897
77 30 1.280989
77 45 1.304997
77 25 1.343775
77 28 1.371925
77 46 1.357420
77 6 1.408020
77 3 1.422862
77 48 1.415753
77 16 1.454640
77 29 1.458783
77 35 1.499719
77 50 1.508836
77 38 1.526965
77 19 1.573672
77 17 1.580141
77 36 1.581098
77 41 1.597581
77 27 1.627717
77 0 1.658250
77 34 1.632381
77 24 1.654212
77 18 1.756385
77 40 1.772067
77 49 1.788487
77 23 1.824239
77 21 1.840929
77 47 1.813354
77 39 1.852627
77 4 1.895017
77 15 1.891974
77 26 1.891607
77 43 1.915185
77 20 2.016227
77 7 2.050187
77 22 2.051615
78 10 0.634090
78 12 0.699663
78 44 0.681028
78 28 0.710784
78 31 0.722432
78 13 0.867682
78 14 0.867110
78 32 0.876311
78 29 0.887969
78 20 0.898559
78 24 0.903886
78 33 0.918265
78 9 0.958012
78 11 0.993579
78 8 1.006846
78 22 1.014689
78 30 1.080212
78 1 1.119413
78 3 1.127787
78 39 1.103231
78 25 1.116342
78 34 1.135866
78 0 1.178480
78 2 1.194771
78 48 1.182872
78 16 1.262092
78 43 1.247661
78 27 1.279115
78 6 1.317792
78 26 1.298729
78 18 1.327866
78 36 1.322026
78 47 1.326798
78 40 1.339892
78 7 1.388291
78 46 1.369034
78 23 1.399914
78 4 1.453744
78 45 1.472868
78 17 1.510409
78 37 1.502199
78 21 1.518005
78 19 1.530291
78 42 1.509356
78 38 1.542645
78 35 1.548594
78 49 1.551840
78 5 1.611698
78 15 1.613247
78 50 1.595184
78 41 1.686761
79 8 0.568405
79 13 0.568740
79 29 0.572441
79 10 0.606443
79 33 0.671848
79 32 0.738743
79 24 0.748756
79 11 0.764809
79 30 0.742179
79 31 0.761249
79 14 0.834083
79 3 0.849244
79 12 0.841057
79 9 1.033403
79 0 1.068321
79 4 1.068566
79 34 1.060234
79 1 1.126289
79 5 1.126300
79 26 1.257456
79 28 1.258455
79 16 1.276693
79 37 1.273931
79 18 1.308908
79 20 1.309772
79 15 1.331472
79 17 1.335316
79 40 1.306491
79 35 1.332882
79 7 1.366930
79 19 1.355919
79 21 1.353270
79 22 1.370487
79 2 1.429326
79 44 1.384055
79 49 1.404320
79 43 1.453895
79 27 1.502060
79 6 1.564954
79 25 1.572159
79 48 1.555323
79 23 1.633477
79 42 1.612234
79 47 1.641339
79 50 1.641707
79 46 1.672620
79 36 1.717907
79 38 1.745575
79 39 1.749020
79 45 1.748906
79 41 1.841400
80 8 0.454135
80 11 0.643933
80 32 0.620467
80 9 0.791852
80 13 0.790067
80 4 0.847553
80 31 0.828019
80 0 0.888415
80 33 0.855937
80 1 0.912619
80 35 1.032405
80 3 1.083697
80 16 1.122991
80 25 1.123837
80 29 1.119147
80 44 1.127919
80 2 1.176209
80 12 1.169505
80 10 1.173261
80 14 1.184760
80 27 1.170123
80 40 1.205664
80 47 1.195666
80 28 1.223111
80 30 1.234042
80 17 1.264268
80 42 1.256122
80 18 1.347920
80 23 1.342580
80 21 1.378736
80 6 1.393582
80 34 1.388165
80 37 1.383988
80 46 1.385140
80 7 1.513337
80 22 1.543586
80 5 1.559599
80 48 1.532553
80 50 1.620366
80 20 1.687055
80 39 1.678156
80 26 1.735538
80 43 1.732195
80 24 1.771801
80 19 1.796982
80 38 1.784426
80 15 1.835819
80 36 1.851239
80 45 1.939615
80 41 1.998480
80 49 2.035987
81 13 0.475037
81 10 0.566700
81 31 0.718785
81 9 0.770038
81 29 0.759680
81 3 0.798674
81 30 0.787906
81 12 0.827563
81 1 0.897870
81 5 0.913659
81 11 0.917387
81 14 0.996547
81 32 1.020998
81 8 1.050907
81 15 1.044600
81 4 1.086579
81 42 1.047732
81 28 1.102906
81 44 1.085655
81 35 1.103940
81 33 1.112292
81 0 1.254298
81 25 1.232565
81 19 1.351882
81 47 1.334825
81 48 1.337887
81 2 1.396240
81 18 1.387348
81 38 1.397155
81 27 1.489819
81 20 1.507117
81 46 1.483286
81 37 1.506450
81 40 1.527827
81 41 1.546652
81 50 1.537708
81 49 1.547047
81 45 1.609670
81 6 1.663308
81 17 1.702755
81 36 1.677157
81 26 1.703289
81 16 1.716451
81 7 1.729900
81 22 1.714517
81 43 1.693459
81 23 1.727099
81 24 1.736466
81 21 1.801955
81 34 1.818374
81 39 1.816193
82 10 0.525692
82 0 0.648454
82 28 0.762522
82 44 0.769792
82 9 0.825183
82 33 0.832549
82 31 0.860198
82 8 0.900034
82 13 0.919378
82 24 1.184870
82 32 1.185863
82 40 1.174932
82 27 1.200475
82 36 1.195636
82 5 1.233293
82 3 1.249443
82 11 1.251721
82 18 1.317360
82 29 1.304111
82 1 1.335126
82 4 1.333330
82 12 1.325737
82 7 1.379612
82 30 1.360553
82 38 1.381243
82 14 1.463155
82 2 1.475343
82 23 1.453436
82 17 1.517321
82 43 1.490720
82 47 1.531153
82 19 1.568420
82 16 1.572294
82 21 1.574328
82 39 1.559246
82 22 1.597738
82 45 1.595481
82 34 1.618459
82 15 1.669472
82 46 1.664519
82 41 1.681498
82 25 1.722061
82 37 1.766369
82 6 1.803633
82 42 1.780678
82 49 1.804067
82 26 1.863888
82 35 1.870373
82 20 1.925480
82 50 1.909145
82 48 2.029218
83 9 0.425735
83 32 0.604703
83 8 0.640914
83 5 0.644890
83 28 0.629344
83 30 0.712645
83 31 0.712199
83 13 0.737114
83 14 0.736585
83 10 0.746876
83 1 0.802012
83 0 0.829718
83 7 0.844356
83 12 0.868707
83 11 0.871326
83 18 0.877543
83 2 0.922965
83 19 0.943804
83 4 0.992613
83 15 0.989902
83 3 1.010329
83 29 1.104033
83 22 1.116060
83 21 1.149314
83 6 1.172281
83 27 1.168034
83 17 1.252863
83 16 1.277217
83 23 1.299377
83 25 1.304603
83 24 1.355820
83 26 1.420698
83 38 1.411333
83 44 1.430553
83 20 1.494355
83 48 1.463070
83 33 1.495660
83 39 1.567015
83 45 1.599284
83 37 1.627702
83 43 1.658741
83 46 1.689217
83 41 1.695755
83 47 1.720045
83 36 1.739897
83 34 1.743712
83 35 1.743830
83 49 1.735692
83 40 1.757236
83 42 1.760041
83 50 1.796429
84 11 0.763968
84 10 1.048252
84 44 1.065703
84 13 1.171683
84 32 1.172957
84 12 1.279276
84 25 1.269086
84 14 1.285569
84 29 1.287119
84 26 1.310383
84 30 1.430540
84 31 1.434669
84 24 1.452142
84 28 1.503082
84 33 1.501585
84 7 1.536340
84 41 1.534255
84 9 1.589337
84 48 1.603863
84 17 1.669166
84 16 1.709506
84 22 1.704676
84 2 1.728079
84 35 1.693493
84 47 1.680592
84 8 1.737878
84 38 1.706638
84 37 1.727227
84 36 1.732695
84 46 1.743206
84 1 1.835658
84 39 1.806143
84 34 1.815350
84 15 1.851845
84 23 1.849346
84 27 1.859106
84 19 1.894504
84 49 1.883547
84 5 1.948930
84 43 1.933239
84 50 1.939514
84 3 1.995142
84 0 2.007805
84 21 1.993845
84 20 2.002340
84 40 1.982475
84 45 1.991299
84 4 2.060591
84 6 2.074781
84 18 2.069074
84 42 2.063603
85 8 0.489232
85 12 0.502304
85 28 0.496726
85 9 0.552510
85 30 0.661668
85 14 0.688804
85 3 0.711784
85 5 0.723481
85 32 0.705917
85 10 0.860682
85 44 0.829557
85 1 0.917829
85 4 0.916204
85 29 0.900294
85 33 0.920179
85 13 0.983439
85 11 0.985378
85 2 1.011778
85 34 0.989843
85 27 1.086597
85 7 1.123225
85 31 1.136923
85 23 1.168419
85 21 1.207536
85 6 1.234676
85 22 1.220421
85 38 1.200661
85 47 1.197877
85 24 1.230992
85 15 1.250108
85 36 1.248061
85 37 1.247023
85 35 1.252233
85 26 1.393190
85 0 1.453216
85 45 1.427185
85 17 1.483295
85 50 1.449926
85 25 1.496007
85 16 1.544996
85 46 1.556154
85 20 1.599178
85 19 1.640003
85 40 1.732859
85 42 1.748763
85 18 1.790178
85 39 1.772098
85 48 1.761129
85 41 1.795543
85 49 1.838998
85 43 1.878640
86 11 0.655417
86 14 0.984373
86 7 1.032440
86 6 1.073273
86 0 1.094385
86 3 1.098469
86 8 1.094823
86 10 1.134880
86 12 1.191583
86 33 1.183892
86 32 1.209822
86 5 1.251985
86 9 1.257076
86 21 1.285763
86 31 1.305243
86 17 1.357688
86 13 1.368796
86 4 1.432872
86 18 1.444673
86 36 1.430523
86 44 1.435020
86 28 1.501157
86 24 1.558896
86 30 1.569766
86 29 1.582189
86 22 1.638080
86 19 1.657981
86 15 1.685388
86 1 1.766213
86 25 1.749893
86 37 1.740976
86 20 1.779543
86 2 1.847740
86 45 1.891564
86 42 1.967056
86 39 1.983509
86 46 1.979916
86 27 2.040562
86 48 2.016556
86 40 2.037125
86 41 2.043056
86 49 2.056618
86 35 2.105706
86 38 2.107058
86 47 2.095161
86 43 2.117251
86 26 2.143976
86 16 2.179906
86 23 2.226424
86 34 2.255499
86 50 2.322387
87 28 0.444817
87 10 0.554045
87 9 0.586916
87 30 0.571053
87 29 0.627961
87 32 0.626802
87 8 0.722873
87 25 1.040473
87 12 1.062787
87 19 1.060521
87 26 1.052607
87 13 1.080584
87 38 1.050350
87 11 1.088666
87 27 1.118880
87 0 1.173591
87 34 1.155553
87 37 1.163797
87 33 1.187378
87 14 1.233340
87 17 1.235300
87 31 1.218467
87 40 1.297128
87 2 1.343164
87 4 1.417879
87 47 1.450045
87 6 1.517611
87 1 1.548239
87 21 1.546408
87 5 1.580539
87 44 1.548813
87 45 1.548245
87 3 1.605753
87 48 1.568533
87 20 1.662694
87 22 1.661050
87 18 1.682090
87 35 1.720623
87 7 1.787685
87 24 1.770169
87 36 1.767638
87 41 1.768238
87 15 1.808772
87 23 1.834295
87 43 1.810585
87 46 1.817911
87 42 1.837513
87 39 1.885948
87 16 1.928139
87 50 1.990732
87 49 2.027173
88 8 0.483946
88 9 0.543088
88 14 0.492241
88 10 0.557899
88 12 0.566989
88 13 0.632880
88 11 0.663354
88 3 0.899141
88 28 0.384379
88 2 1.039506
88 5 1.049155
88 29 0.502271
88 30 0.489783
88 32 0.462456
88 1 1.163104
88 4 1.166260
88 0 1.194927
88 33 0.569125
88 44 0.421303
88 31 0.616221
88 18 1.016490
88 7 1.253706
88 6 1.398620
88 15 1.267478
88 16 1.230074
88 19 1.269654
88 17 1.466333
88 26 1.266208
88 20 1.493718
88 25 1.359339
88 42 1.084503
88 23 1.448520
88 40 1.119011
88 22 1.484463
88 34 1.200715
88 24 1.517115
88 43 1.178650
88 21 1.653860
88 38 1.304241
88 35 1.323870
88 50 1.186535
88 49 1.243840
88 37 1.437967
88 39 1.432426
88 45 1.330955
88 41 1.421609
88 27 1.654755
88 36 1.482636
88 46 1.425616
88 47 1.477972
88 48 1.556891
89 9 0.665615
89 14 0.725068
89 10 0.750222
89 12 0.769477
89 28 0.910547
89 11 0.998674
89 5 1.028550
89 33 1.247760
89 1 1.287188
89 31 1.302522
89 32 1.331205
89 34 1.335553
89 29 1.433889
89 8 1.460929
89 7 1.470112
89 41 1.432506
89 6 1.479504
89 15 1.507627
89 23 1.504231
89 30 1.504341
89 18 1.571787
89 44 1.543878
89 13 1.655180
89 3 1.751579
89 38 1.717973
89 4 1.761885
89 0 1.790172
89 21 1.847975
89 42 1.818483
89 2 1.884662
89 47 1.850385
89 40 1.862060
89 36 1.896831
89 17 1.979749
89 20 1.988298
89 35 1.988982
89 24 2.077272
89 37 2.058004
89 19 2.153430
89 22 2.155380
89 25 2.181302
89 27 2.183045
89 16 2.199839
89 26 2.240053
89 43 2.228614
89 45 2.252044
89 39 2.322777
89 49 2.331265
89 50 2.375979
89 48 2.415710
89 46 2.492998
90 14 0.433928
90 13 0.496904
90 31 0.594021
90 12 0.628337
90 11 0.650261
90 29 0.641555
90 9 0.673428
90 28 0.663430
90 33 0.791988
90 18 0.834562
90 0 0.877804
90 10 0.952612
90 5 0.965459
90 30 0.940560
90 3 1.011310
90 8 1.021099
90 32 1.056415
90 36 1.063125
90 44 1.091249
90 1 1.152683
90 16 1.141761
90 21 1.153986
90 45 1.120722
90 17 1.179128
90 41 1.208950
90 22 1.254661
90 25 1.268907
90 38 1.259922
90 35 1.279280
90 47 1.264150
90 43 1.288436
90 20 1.359038
90 50 1.327858
90 6 1.389889
90 19 1.396986
90 42 1.399425
90 7 1.442639
90 34 1.440509
90 26 1.513162
90 27 1.534276
90 39 1.566635
90 40 1.590308
90 15 1.664684
90 23 1.681017
90 49 1.669512
90 24 1.736762
90 37 1.718946
90 46 1.808839
90 4 1.860877
90 2 1.873636
90 48 1.838044
91 8 0.500194
91 28 0.647811
91 29 0.767529
91 13 0.789737
91 11 0.791795
91 5 0.797311
91 14 0.808453
91 12 0.837129
91 9 0.928224
91 44 0.895652
91 31 0.930333
91 40 0.979142
91 33 1.030490
91 3 1.073444
91 46 1.141549
91 32 1.167914
91 4 1.210529
91 24 1.191316
91 15 1.214731
91 30 1.223652
91 35 1.291825
91 10 1.324790
91 7 1.334281
91 19 1.362634
91 1 1.406623
91 0 1.419347
91 17 1.502783
91 21 1.524817
91 27 1.529649
91 37 1.525587
91 43 1.535316
91 23 1.570454
91 41 1.565528
91 22 1.600792
91 38 1.597575
91 49 1.592659
91 6 1.653739
91 18 1.644867
91 20 1.681288
91 47 1.658550
91 2 1.713130
91 48 1.695767
91 42 1.764726
91 39 1.812965
91 50 1.804918
91 16 1.885439
91 36 1.897623
91 34 1.901111
91 45 1.953063
91 25 2.007178
91 26 2.160925
92 11 0.755663
92 28 0.894373
92 13 0.950777
92 19 0.998975
92 2 1.031629
92 0 1.152812
92 31 1.119197
92 3 1.157903
92 9 1.153921
92 32 1.120705
92 33 1.200443
92 5 1.266412
92 44 1.389893
92 36 1.493791
92 12 1.580375
92 30 1.585721
92 27 1.606231
92 1 1.650438
92 50 1.710442
92 29 1.852912
92 42 1.853383
92 4 1.933811
92 14 1.977946
92 24 1.979429
92 21 1.985208
92 10 2.008291
92 8 2.024619
92 7 2.027276
92 25 2.101478
92 18 2.161257
92 38 2.140023
92 34 2.160367
92 39 2.163136
92 49 2.213260
92 22 2.302394
92 41 2.269226
92 40 2.282738
92 16 2.324345
92 15 2.354755
92 17 2.369330
92 37 2.389994
92 46 2.379902
92 20 2.435459
92 45 2.396735
92 26 2.438180
92 43 2.420500
92 6 2.485097
92 35 2.584793
92 23 2.618630
92 47 2.578453
92 48 2.587875
93 8 0.573419
93 12 0.624042
93 9 0.645782
93 21 0.653391
93 31 0.638890
93 13 1.027419
93 19 1.022071
93 11 1.147496
93 20 1.151846
93 29 1.157340
93 7 1.211350
93 33 1.194381
93 3 1.228461
93 5 1.241060
93 4 1.257040
93 30 1.244096
93 28 1.247327
93 1 1.277084
93 14 1.430851
93 0 1.454796
93 2 1.476718
93 10 1.516728
93 24 1.561083
93 41 1.607296
93 44 1.616690
93 23 1.647630
93 32 1.662049
93 26 1.674766
93 50 1.687603
93 16 1.750149
93 6 1.779216
93 27 1.781141
93 40 1.839194
93 42 1.947004
93 17 1.993856
93 39 1.979039
93 46 2.097894
93 37 2.123698
93 49 2.121502
93 25 2.197402
93 22 2.235055
93 45 2.214266
93 36 2.245187
93 15 2.343086
93 35 2.342557
93 47 2.339253
93 38 2.405825
93 43 2.468575
93 34 2.490895
93 18 2.645772
93 48 2.617268
94 10 0.574614
94 11 0.643373
94 28 0.717576
94 31 0.820270
94 30 0.877164
94 29 0.892915
94 12 0.915139
94 14 1.001836
94 34 1.021544
94 1 1.097975
94 32 1.078283
94 9 1.129482
94 8 1.152333
94 36 1.119142
94 0 1.189601
94 2 1.189201
94 38 1.286713
94 13 1.334010
94 47 1.303979
94 44 1.310207
94 23 1.391010
94 46 1.428709
94 5 1.494076
94 18 1.484142
94 4 1.653479
94 50 1.613370
94 20 1.670682
94 3 1.712574
94 21 1.758710
94 42 1.742012
94 33 1.776758
94 45 1.818460
94 35 1.832864
94 24 1.850381
94 16 1.950129
94 22 1.956312
94 6 1.973734
94 7 2.005336
94 25 2.008512
94 37 2.053585
94 39 2.064167
94 19 2.116547
94 48 2.091767
94 40 2.156325
94 49 2.170408
94 26 2.216359
94 15 2.302332
94 27 2.297275
94 43 2.287479
94 17 2.325183
94 41 2.463714
95 31 0.793399
95 29 0.805080
95 28 0.818847
95 33 0.814299
95 12 0.893500
95 44 0.861476
95 9 0.934200
95 8 0.943349
95 11 1.015651
95 43 1.021628
95 10 1.177244
95 13 1.186367
95 32 1.172962
95 23 1.201888
95 5 1.232573
95 4 1.247888
95 30 1.295817
95 0 1.327202
95 14 1.316682
95 26 1.331812
95 45 1.316605
95 2 1.418060
95 47 1.377102
95 34 1.430158
95 50 1.414774
95 3 1.554518
95 39 1.539935
95 16 1.580970
95 15 1.591922
95 42 1.660993
95 37 1.677356
95 46 1.675542
95 36 1.691093
95 17 1.737329
95 27 1.735334
95 35 1.726844
95 6 1.769841
95 1 1.785360
95 18 1.821405
95 22 1.840699
95 25 1.839258
95 20 1.851386
95 40 1.834448
95 7 1.875708
95 48 1.834858
95 19 1.934087
95 21 1.966582
95 49 2.033638
95 38 2.049508
95 24 2.071127
95 41 2.089350
96 29 0.838211
96 33 0.871127
96 32 0.897609
96 31 0.930272
96 10 0.990217
96 9 0.998998
96 5 1.004628
96 39 1.103865
96 13 1.151308
96 8 1.162982
96 4 1.204238
96 14 1.216032
96 43 1.195295
96 18 1.232076
96 25 1.239742
96 12 1.291183
96 11 1.303193
96 30 1.286945
96 26 1.308870
96 50 1.274713
96 23 1.326944
96 22 1.336691
96 6 1.361387
96 2 1.367673
96 27 1.354038
96 44 1.331828
96 28 1.362074
96 0 1.409609
96 42 1.408657
96 40 1.519064
96 38 1.529281
96 36 1.555509
96 45 1.595215
96 3 1.649513
96 47 1.621298
96 20 1.662082
96 15 1.683088
96 35 1.674738
96 16 1.700666
96 7 1.723096
96 1 1.758377
96 24 1.753997
96 19 1.804663
96 48 1.828962
96 37 1.858881
96 21 1.943698
96 46 1.913485
96 17 1.956930
96 41 1.925679
96 34 2.093935
96 49 2.092315
97 9 0.423096
97 32 0.690470
97 8 0.728774
97 19 0.732210
97 3 0.761998
97 14 0.786001
97 30 0.798240
97 39 0.950125
97 1 1.002280
97 5 1.012155
97 28 1.005280
97 0 1.040681
97 11 1.033573
97 10 1.047150
97 12 1.047921
97 29 1.032065
97 13 1.059644
97 33 1.035939
97 21 1.131798
97 31 1.135711
97 2 1.174926
97 44 1.152960
97 4 1.222744
97 18 1.345407
97 23 1.359626
97 6 1.432217
97 24 1.415443
97 48 1.382379
97 25 1.415960
97 35 1.411564
97 26 1.449140
97 7 1.501787
97 15 1.517607
97 38 1.516134
97 37 1.652369
97 34 1.657068
97 20 1.676884
97 22 1.674759
97 17 1.681053
97 36 1.656601
97 27 1.694239
97 46 1.670637
97 45 1.681978
97 41 1.799489
97 42 1.830122
97 43 1.828574
97 16 1.914648
97 50 1.880814
97 40 1.906686
97 47 2.072951
97 49 2.168328
98 8 0.722745
98 9 0.835314
98 12 0.747844
98 0 1.182838
98 10 0.839261
98 1 1.214847
98 3 1.236697
98 14 0.870045
98 28 0.560829
98 6 1.297954
98 13 1.068037
98 30 0.559802
98 11 1.213171
98 32 0.735928
98 29 0.779639
98 2 1.790172
98 5 1.714152
98 20 1.376295
98 4 1.933710
98 22 1.364247
98 16 1.590067
98 27 1.231366
98 23 1.399738
98 44 0.848660
98 24 1.444819
98 18 1.667857
98 35 1.344066
98 33 1.361277
98 42 1.192551
98 7 2.098477
98 34 1.348416
98 31 1.368876
98 15 2.001846
98 26 1.739485
98 36 1.495379
98 17 2.080802
98 21 1.975780
98 19 2.028165
98 50 1.301510
98 43 1.426065
98 38 1.589980
98 40 1.528826
98 25 2.144471
98 41 1.790459
98 48 1.801655
98 45 1.970142
98 37 2.224285
98 47 2.085781
98 46 2.158882
98 49 2.204986
98 39 2.567991
99 8 0.636604
99 9 0.729882
99 12 0.686109
99 10 0.761606
99 11 0.747529
99 14 0.818829
99 13 0.886591
99 28 0.601634
99 30 0.739334
99 33 0.727448
99 31 0.745844
99 1 1.396042
99 20 1.105957
99 5 1.435028
99 4 1.451415
99 16 1.254588
99 15 1.409169
99 35 1.079261
99 24 1.228921
99 44 1.053838
99 2 1.798401
99 29 1.303108
99 0 1.924696
99 37 1.304606
99 27 1.457253
99 32 1.413920
99 21 1.638824
99 38 1.444175
99 7 2.092141
99 47 1.377133
99 19 1.861726
99 3 2.158678
99 6 2.165681
99 34 1.627968
99 17 1.972465
99 40 1.604413
99 23 1.859158
99 25 1.880297
99 18 2.116556
99 41 1.748896
99 46 1.682508
99 22 2.006478
99 50 1.486355
99 26 2.018849
99 42 1.827675
99 48 1.761571
99 49 1.705069
99 43 1.834894
99 45 1.887309
99 36 2.128002
99 39 2.082855
100 29 0.458407
100 31 0.472550
100 8 0.505444
100 32 0.479566
100 33 0.608243
100 9 0.657052
100 44 0.617966
100 30 0.637845
100 13 0.740356
100 3 0.772880
100 11 0.869194
100 0 0.898051
100 5 0.927631
100 28 0.932927
100 1 0.968312
100 10 1.074039
100 42 1.047588
100 25 1.081644
100 12 1.122695
100 14 1.150463
100 50 1.356890
100 27 1.390463
100 39 1.405076
100 19 1.443611
100 18 1.450783
100 48 1.433379
100 35 1.487980
100 7 1.559810
100 41 1.522016
100 15 1.594615
100 17 1.598103
100 21 1.596240
100 40 1.573701
100 20 1.621237
100 49 1.600496
100 23 1.642334
100 46 1.629240
100 34 1.649059
100 22 1.688866
100 47 1.670195
100 2 1.767249
100 24 1.798873
100 4 1.828279
100 38 1.835440
100 37 1.856769
100 16 1.930211
100 43 1.922472
100 36 1.948040
100 26 2.008506
100 45 2.044415
100 6 2.227905
101 14 0.870779
101 28 0.928823
101 12 0.992419
101 0 1.095970
101 11 1.103457
101 9 1.231308
101 10 1.248553
101 5 1.254544
101 3 1.294350
101 8 1.352942
101 33 1.566298
101 36 1.628802
101 30 1.665544
101 6 1.767871
101 23 1.780511
101 45 1.882253
101 40 1.984365
101 31 2.182726
101 41 2.163554
101 37 2.190308
101 15 2.227494
101 18 2.223587
101 49 2.167039
101 4 2.282824
101 43 2.224094
101 19 2.318412
101 1 2.337744
101 42 2.282874
101 50 2.279046
101 13 2.368827
101 29 2.364848
101 21 2.530157
101 38 2.501512
101 44 2.526851
101 32 2.555902
101 48 2.541758
101 20 2.596400
101 39 2.600056
101 17 2.651209
101 27 2.648595
101 46 2.674393
101 7 2.754615
101 34 2.755952
101 24 2.824974
101 16 2.838553
101 2 2.912238
101 47 2.853137
101 35 2.933678
101 26 2.961446
101 25 3.005437
101 22 3.021450
102 8 0.687375
102 10 0.656714
102 9 0.708133
102 12 0.664182
102 13 0.669645
102 11 0.784781
102 14 0.677071
102 1 1.342073
102 28 0.508575
102 2 1.415234
102 5 1.295051
102 31 0.634889
102 0 1.618495
102 3 1.525614
102 29 0.742422
102 33 0.696375
102 6 1.442163
102 30 0.796389
102 4 1.610543
102 7 1.461182
102 32 0.871497
102 44 0.635025
102 25 1.099436
102 15 1.374780
102 24 1.222380
102 22 1.258516
102 23 1.261236
102 26 1.241303
102 16 1.547902
102 20 1.500894
102 18 1.568024
102 27 1.467493
102 17 1.650176
102 36 1.309996
102 19 1.713037
102 38 1.302574
102 37 1.422267
102 41 1.352600
102 21 1.820554
102 49 1.296984
102 34 1.613514
102 39 1.571145
102 40 1.594440
102 46 1.455702
102 42 1.531258
102 35 1.693849
102 45 1.488216
102 50 1.455567
102 43 1.550385
102 47 1.551662
102 48 1.692135
103 8 0.668677
103 32 0.655660
103 28 0.696044
103 14 0.910080
103 10 0.966777
103 13 0.965578
103 44 0.978619
103 33 1.013537
103 30 1.040138
103 29 1.249148
103 12 1.290433
103 6 1.333158
103 11 1.345401
103 9 1.432664
103 23 1.474747
103 27 1.520210
103 36 1.595455
103 45 1.598617
103 31 1.648055
103 24 1.658885
103 19 1.686004
103 48 1.709406
103 2 1.770103
103 35 1.732701
103 0 1.789198
103 7 1.810110
103 42 1.767949
103 34 1.816448
103 21 1.902675
103 3 1.938893
103 43 1.935802
103 26 1.986196
103 1 2.053274
103 16 2.058821
103 46 2.017628
103 17 2.259229
103 5 2.295445
103 25 2.318503
103 20 2.346353
103 41 2.352208
103 4 2.399971
103 50 2.340851
103 40 2.417160
103 38 2.439878
103 18 2.548408
103 15 2.569602
103 22 2.686097
103 39 2.687107
103 37 2.758603
103 47 2.752439
103 49 2.834861
104 12 1.191784
104 11 1.211312
104 8 1.489591
104 29 1.467700
104 0 1.624172
104 28 1.602698
104 13 1.691841
104 50 1.668284
104 9 1.723289
104 10 1.770125
104 31 1.765642
104 14 1.877234
104 30 1.907707
104 33 1.941716
104 43 2.021162
104 45 2.059776
104 38 2.085968
104 36 2.177122
104 22 2.209780
104 44 2.244454
104 19 2.381303
104 48 2.382505
104 32 2.437792
104 17 2.469859
104 6 2.557773
104 39 2.538816
104 49 2.631147
104 37 2.651812
104 15 2.678831
104 16 2.755282
104 46 2.720797
104 42 2.732823
104 24 2.757132
104 27 2.812077
104 34 2.830186
104 47 2.834799
104 3 2.929188
104 4 2.964158
104 21 2.954081
104 25 3.005879
104 23 3.030075
104 26 3.032588
104 41 3.020443
104 18 3.059012
104 1 3.086276
104 2 3.093833
104 5 3.192672
104 40 3.178758
104 7 3.226885
104 20 3.268169
104 35 3.255577
105 10 0.689645
105 32 0.733986
105 0 0.802489
105 8 0.815014
105 9 0.911674
105 29 0.999854
105 6 1.045703
105 31 1.023111
105 11 1.087528
105 44 1.058708
105 12 1.175468
105 14 1.203103
105 13 1.338034
105 28 1.419832
105 30 1.471160
105 2 1.528979
105 48 1.603226
105 38 1.634676
105 39 1.677649
105 45 1.797460
105 46 1.802341
105 33 1.875065
105 49 1.862737
105 40 1.931625
105 42 1.972670
105 27 2.004682
105 24 2.011503
105 15 2.081322
105 20 2.164254
105 4 2.232016
105 37 2.191213
105 5 2.330784
105 25 2.377164
105 47 2.360051
105 3 2.436867
105 21 2.420031
105 50 2.399205
105 7 2.476610
105 17 2.493988
105 18 2.500826
105 16 2.505456
105 36 2.477226
105 1 2.598001
105 35 2.569814
105 23 2.628120
105 41 2.629225
105 19 2.691618
105 22 2.688067
105 43 2.690049
105 34 2.714783
105 26 2.837982
106 32 0.988292
106 30 1.146237
106 33 1.194320
106 28 1.348882
106 44 1.363990
106 5 1.447946
106 0 1.551292
106 40 1.620495
106 12 1.730179
106 16 1.878736
106 9 1.909859
106 2 1.947478
106 14 1.964210
106 10 1.982976
106 34 1.982930
106 3 2.036285
106 8 2.107744
106 13 2.115175
106 19 2.126547
106 1 2.175041
106 35 2.341607
106 39 2.365966
106 31 2.394094
106 11 2.422684
106 49 2.364009
106 23 2.468467
106 36 2.518659
106 20 2.594501
106 29 2.592630
106 18 2.666533
106 15 2.760088
106 25 2.758763
106 6 2.782092
106 7 2.926489
106 26 2.918243
106 45 2.983901
106 42 3.001870
106 27 3.063805
106 43 3.081271
106 46 3.088289
106 24 3.159403
106 21 3.181674
106 22 3.188088
106 4 3.243677
106 50 3.195418
106 47 3.243911
106 37 3.272495
106 41 3.276691
106 38 3.289992
106 17 3.399906
106 48 3.429653
107 9 0.916096
107 13 0.781702
107 3 1.189017
107 11 0.902798
107 10 0.943899
107 12 0.931587
107 8 1.255822
107 1 1.467035
107 14 1.034578
107 2 1.696093
107 0 1.760378
107 29 0.738406
107 30 0.798249
107 28 0.882886
107 5 1.847703
107 31 0.852619
107 33 0.848361
107 4 1.905229
107 32 0.995101
107 7 2.018505
107 16 1.619791
107 44 0.919612
107 25 1.570905
107 23 1.712616
107 19 1.798150
107 6 2.451989
107 22 1.785446
107 15 2.085682
107 43 1.476198
107 18 2.152898
107 27 1.822826
107 26 1.895411
107 39 1.637334
107 41 1.620341
107 17 2.303458
107 20 2.197307
107 35 1.782008
107 24 2.095822
107 37 1.795202
107 47 1.725855
107 21 2.356374
107 49 1.711815
107 48 1.757811
107 36 2.005943
107 34 2.043515
107 40 1.949280
107 38 1.961808
107 42 1.936136
107 50 1.808379
107 45 1.928671
107 46 1.947532
108 9 0.797956
108 12 0.888719
108 13 0.962344
108 11 0.991513
108 29 1.026961
108 14 1.262673
108 31 1.363499
108 33 1.424742
108 8 1.500485
108 40 1.491211
108 25 1.697875
108 28 1.773459
108 7 1.808744
108 26 1.795459
108 24 1.808347
108 22 1.821332
108 10 1.854834
108 30 1.858769
108 1 1.900478
108 41 1.887216
108 32 1.908644
108 44 1.894533
108 36 1.912593
108 37 1.942366
108 16 2.019768
108 4 2.045065
108 6 2.151192
108 43 2.213656
108 35 2.261487
108 48 2.245645
108 23 2.315850
108 50 2.295935
108 21 2.361018
108 45 2.372730
108 18 2.419040
108 42 2.413094
108 5 2.493292
108 38 2.645774
108 3 2.697917
108 0 2.710235
108 34 2.765608
108 46 2.760665
108 27 2.801888
108 15 2.827166
108 2 2.839350
108 49 2.812416
108 39 3.089615
108 20 3.125691
108 19 3.229584
108 47 3.238268
108 17 3.586633
109 8 0.881362
109 11 0.946097
109 33 0.938671
109 44 1.068404
109 28 1.134966
109 10 1.260136
109 9 1.290194
109 30 1.272664
109 32 1.282709
109 13 1.387097
109 4 1.489756
109 46 1.482298
109 31 1.663923
109 0 1.752829
109 29 1.768831
109 12 1.803834
109 16 1.846614
109 14 2.069802
109 48 2.035690
109 41 2.055022
109 7 2.097612
109 27 2.075962
109 5 2.128505
109 37 2.100739
109 49 2.130617
109 34 2.158440
109 23 2.190727
109 22 2.309321
109 2 2.355143
109 43 2.386538
109 6 2.461295
109 36 2.424960
109 25 2.450174
109 35 2.436561
109 50 2.420539
109 39 2.441832
109 42 2.438530
109 45 2.436199
109 40 2.471111
109 26 2.521508
109 3 2.583201
109 1 2.600087
109 21 2.589133
109 17 2.605784
109 15 2.630749
109 47 2.602550
109 19 2.677279
109 18 2.836016
109 24 2.862735
109 38 2.879219
109 20 2.998319
110 8 0.907240
110 9 0.929977
110 10 1.057340
110 11 1.058043
110 12 1.057585
110 13 1.319438
110 14 1.661885
110 3 1.716318
110 1 1.798819
110 20 1.802867
110 0 1.849203
110 50 2.078448
110 4 2.190279
110 16 2.210764
110 49 2.234518
110 5 2.316641
110 45 2.315746
110 29 2.358224
110 33 2.408203
110 7 2.459228
110 22 2.543017
110 32 2.561535
110 15 2.622910
110 44 2.587035
110 21 2.658669
110 48 2.664661
110 2 2.768295
110 6 2.823505
110 31 2.805232
110 30 2.868812
110 28 2.884965
110 25 2.975954
110 17 3.154972
110 41 3.132999
110 36 3.201972
110 35 3.217822
110 42 3.246772
110 27 3.297275
110 46 3.281989
110 18 3.359732
110 24 3.433344
110 34 3.442819
110 38 3.460642
110 40 3.468323
110 26 3.522336
110 47 3.530935
110 37 3.558094
110 19 3.621818
110 39 3.653375
110 43 3.681635
110 23 3.727737
111 28 0.502879
111 8 0.583058
111 9 0.608525
111 11 0.616875
111 3 0.704666
111 5 0.712920
111 44 0.687799
111 14 0.736017
111 29 0.804019
111 17 0.836678
111 12 0.841723
111 10 0.856195
111 31 0.832195
111 30 0.978203
111 32 1.069179
111 0 1.114475
111 19 1.157673
111 13 1.239301
111 2 1.262286
111 33 1.353204
111 4 1.395656
111 48 1.356294
111 21 1.408873
111 15 1.468461
111 7 1.529597
111 6 1.543735
111 22 1.573545
111 41 1.607255
111 25 1.647857
111 36 1.671204
111 34 1.690091
111 1 1.743424
111 20 1.746019
111 42 1.743667
111 39 1.765020
111 23 1.797350
111 38 1.777264
111 43 1.797656
111 24 1.850734
111 47 1.831069
111 18 1.881972
111 16 1.885684
111 45 1.860562
111 50 1.889260
111 37 1.935941
111 49 1.932943
111 27 2.049879
111 26 2.070907
111 35 2.092364
111 46 2.084970
111 40 2.171032
112 9 0.819012
112 13 0.840370
112 28 0.820259
112 10 0.878972
112 11 0.878953
112 30 0.902052
112 14 0.926665
112 33 0.920169
112 44 1.277370
112 12 1.676471
112 47 1.641111
112 27 1.716324
112 8 1.761796
112 1 1.790818
112 6 1.788340
112 31 1.778858
112 5 2.048358
112 16 2.041094
112 35 2.032357
112 29 2.068689
112 15 2.090687
112 46 2.036161
112 22 2.099099
112 25 2.149408
112 3 2.217747
112 32 2.225297
112 26 2.258331
112 38 2.242104
112 7 2.286612
112 41 2.303275
112 19 2.365929
112 21 2.396177
112 37 2.408749
112 2 2.544414
112 45 2.523978
112 36 2.566395
112 34 2.739084
112 23 2.850102
112 18 3.018455
112 17 3.123853
112 49 3.092546
112 42 3.133371
112 43 3.132133
112 0 3.192649
112 50 3.119178
112 40 3.140114
112 24 3.191422
112 4 3.213195
112 39 3.243666
112 48 3.224092
112 20 3.278810
113 11 0.807468
113 9 0.840490
113 10 0.884064
113 13 1.165756
113 12 1.231223
113 8 1.329394
113 30 1.342676
113 31 1.366098
113 14 1.437366
113 29 1.473400
113 28 1.528466
113 41 1.552853
113 1 1.653026
113 44 1.626094
113 32 1.777668
113 4 1.909367
113 43 1.868989
113 3 1.950100
113 33 2.032916
113 5 2.112129
113 18 2.170855
113 49 2.131792
113 42 2.155755
113 36 2.187306
113 2 2.262298
113 38 2.237538
113 0 2.306562
113 21 2.300166
113 7 2.327117
113 15 2.353718
113 34 2.353589
113 6 2.425061
113 45 2.554109
113 27 2.591183
113 46 2.570470
113 16 2.640823
113 35 2.631291
113 20 2.730171
113 50 2.691948
113 23 2.766484
113 19 2.782019
113 48 2.755218
113 25 2.813402
113 40 2.894724
113 39 2.897484
113 22 2.942817
113 37 2.975920
113 26 3.013922
113 17 3.104369
113 24 3.230102
113 47 3.202010
114 28 0.740907
114 9 0.958857
114 10 0.958572
114 11 1.027174
114 14 1.040544
114 12 1.042958
114 44 1.217454
114 32 1.243730
114 29 1.358965
114 30 1.458213
114 3 1.500556
114 40 1.544754
114 8 1.660067
114 46 1.619501
114 0 1.685877
114 33 1.661040
114 1 1.709769
114 5 1.707698
114 31 1.828125
114 45 1.865371
114 13 1.953198
114 22 1.950373
114 34 2.175630
114 25 2.201437
114 41 2.212203
114 15 2.316613
114 2 2.329288
114 26 2.398152
114 27 2.426033
114 23 2.452379
114 24 2.514949
114 42 2.495580
114 35 2.700909
114 18 2.735927
114 50 2.698621
114 37 2.739395
114 16 2.788615
114 7 2.828457
114 43 2.789504
114 20 2.879966
114 19 3.001106
114 39 2.982111
114 36 3.091467
114 4 3.131480
114 38 3.424098
114 48 3.461573
114 6 3.522704
114 49 3.511242
114 17 3.741066
114 47 3.724931
114 21 3.799609
115 9 0.595198
115 10 0.709925
115 11 0.712494
115 8 0.776126
115 14 0.830475
115 29 0.564957
115 12 0.956676
115 13 0.955199
115 32 0.626960
115 30 0.641617
115 0 1.475604
115 4 1.435616
115 1 1.514737
115 3 1.505539
115 28 0.919232
115 5 1.575485
115 24 1.161574
115 17 1.355525
115 27 1.171880
115 25 1.206924
115 7 1.692078
115 22 1.321721
115 18 1.443686
115 31 1.237821
115 36 1.186322
115 44 1.076673
115 26 1.378014
115 33 1.306652
115 19 1.570451
115 45 1.197466
115 48 1.244042
115 6 2.082073
115 20 1.748348
115 16 1.889099
115 21 1.819014
115 38 1.629249
115 23 1.844293
115 15 2.041028
115 2 2.468924
115 39 1.690389
115 41 1.657582
115 34 1.824611
115 47 1.669516
115 49 1.678740
115 43 1.797311
115 40 1.850476
115 42 1.832174
115 50 1.711679
115 35 2.035238
115 37 2.128563
115 46 2.003818
116 11 0.822044
116 31 0.965653
116 10 1.060491
116 28 1.066530
116 9 1.172347
116 32 1.191051
116 44 1.220981
116 8 1.291646
116 6 1.325281
116 12 1.339360
116 29 1.461918
116 33 1.455981
116 14 1.501144
116 15 1.572476
116 38 1.565698
116 30 1.663080
116 4 1.690977
116 22 1.694256
116 34 1.694106
116 0 1.776639
116 13 1.788339
116 41 1.814453
116 1 1.886024
116 49 1.862710
116 2 1.959211
116 16 2.124784
116 50 2.089762
116 20 2.272515
116 47 2.364598
116 3 2.469005
116 7 2.594275
116 45 2.557396
116 46 2.633776
116 36 2.683375
116 25 2.718567
116 21 2.744368
116 19 2.767671
116 35 2.743972
116 43 2.873958
116 17 2.918648
116 5 2.928802
116 27 2.907122
116 40 2.885005
116 48 2.913584
116 24 2.958419
116 26 3.066067
116 42 3.083118
116 18 3.187872
116 23 3.195117
116 37 3.285258
116 39 3.374579
117 8 0.927949
117 14 0.869591
117 12 1.114014
117 13 1.160117
117 11 1.317061
117 28 0.816602
117 0 1.914231
117 1 1.943598
117 10 1.690724
117 29 0.834547
117 9 1.737092
117 30 0.891621
117 5 1.989419
117 6 1.966413
117 2 2.362501
117 4 2.512370
117 20 1.912203
117 32 1.443775
117 25 1.767635
117 31 1.521991
117 19 2.065128
117 7 2.686268
117 44 1.387522
117 3 2.831949
117 26 1.948384
117 17 2.294994
117 33 1.730563
117 15 2.462009
117 24 2.090230
117 23 2.149865
117 37 1.756750
117 34 1.809055
117 21 2.186466
117 22 2.174458
117 35 1.843337
117 16 2.617309
117 38 2.091629
117 42 2.143888
117 27 2.474519
117 47 1.886576
117 18 2.912960
117 50 1.962780
117 46 2.070504
117 49 2.011745
117 45 2.080846
117 40 2.342089
117 39 2.410631
117 43 2.366362
117 36 2.516530
117 41 2.627387
117 48 2.632094
118 9 0.819836
118 11 0.838684
118 32 0.831161
118 31 0.832983
118 13 1.000248
118 14 1.059816
118 33 1.072502
118 28 1.150154
118 30 1.167166
118 29 1.190294
118 8 1.220100
118 44 1.162228
118 12 1.265452
118 10 1.391904
118 0 1.898571
118 6 2.040998
118 5 2.065032
118 26 2.075080
118 40 2.193694
118 19 2.278620
118 2 2.352268
118 4 2.411995
118 36 2.469599
118 50 2.459643
118 1 2.538582
118 48 2.467678
118 15 2.662877
118 46 2.709368
118 43 2.752386
118 35 2.945416
118 25 3.111899
118 42 3.081441
118 37 3.092448
118 23 3.124191
118 38 3.160402
118 45 3.166800
118 17 3.242394
118 39 3.222998
118 21 3.306621
118 27 3.416387
118 49 3.394088
118 41 3.413707
118 3 3.561781
118 16 3.574649
118 22 3.602861
118 34 3.601620
118 18 3.702115
118 47 3.706358
118 7 3.830655
118 24 3.825470
118 20 3.925258
119 10 0.989155
119 31 1.042126
119 8 1.072410
119 9 1.092692
119 14 1.397751
119 13 1.466264
119 28 1.519971
119 2 1.719806
119 0 1.732539
119 7 1.736687
119 33 1.826505
119 3 1.877513
119 4 1.972171
119 11 2.020216
119 17 2.045617
119 19 2.111537
119 1 2.222978
119 12 2.259000
119 44 2.374920
119 5 2.429410
119 45 2.374441
119 32 2.397492
119 23 2.455829
119 37 2.724881
119 29 2.768825
119 34 2.782604
119 20 3.131883
119 46 3.152212
119 30 3.203389
119 43 3.193498
119 50 3.183873
119 49 3.271076
119 36 3.350596
119 6 3.441482
119 48 3.623105
119 38 3.775314
119 42 3.777708
119 22 3.819762
119 39 3.852727
119 25 3.891732
119 26 3.947861
119 24 3.959036
119 27 4.000266
119 41 3.990375
119 47 4.007828
119 15 4.080237
119 40 4.115457
119 35 4.139487
119 16 4.178192
119 21 4.228583
119 18 4.313847
120 11 1.014130
120 8 1.044340
120 13 1.048846
120 9 1.124148
120 44 1.079675
120 32 1.234875
120 28 1.665239
120 31 1.691626
120 45 2.021081
120 47 2.143129
120 26 2.240211
120 3 2.316317
120 38 2.244042
120 0 2.322795
120 15 2.339073
120 2 2.492206
120 39 2.415056
120 46 2.401100
120 43 2.409879
120 1 2.498138
120 7 2.553498
120 49 2.459387
120 41 2.514463
120 50 2.588602
120 6 2.720430
120 30 2.673441
120 35 2.693136
120 5 2.755603
120 42 2.770078
120 12 2.873479
120 10 2.878097
120 20 2.885282
120 19 2.920127
120 29 2.899712
120 33 3.065137
120 14 3.109610
120 17 3.104400
120 27 3.078885
120 23 3.154340
120 21 3.193740
120 36 3.773191
120 25 3.798020
120 22 3.837369
120 24 3.867357
120 40 3.926781
120 37 4.075495
120 34 4.087119
120 18 4.158041
120 4 4.381288
120 48 4.286048
120 16 4.576617
