21 0 0.148085
21 4 0.179544
21 5 0.180879
21 2 0.213043
21 3 0.216644
21 1 0.230294
21 7 0.238711
21 11 0.241087
21 9 0.243543
21 10 0.243566
21 26 0.231736
21 12 0.251209
21 24 0.239316
21 16 0.252332
21 13 0.258677
21 34 0.237931
21 35 0.237886
21 25 0.251055
21 19 0.259091
21 20 0.257294
21 15 0.264567
21 22 0.258241
21 21 0.261184
21 37 0.240730
21 29 0.253439
21 32 0.250760
21 6 0.283390
21 8 0.281564
21 27 0.260563
21 38 0.245696
21 17 0.277118
21 36 0.252635
21 33 0.260209
21 18 0.281083
21 40 0.249556
21 23 0.275324
21 41 0.250954
21 42 0.253098
21 28 0.275212
21 30 0.273621
21 31 0.271362
21 39 0.260493
21 14 0.298027
22 0 0.188639
22 2 0.190626
22 3 0.221409
22 5 0.257168
22 36 0.226916
22 4 0.258609
22 24 0.241300
22 8 0.254531
22 9 0.256822
22 14 0.253650
22 20 0.248465
22 12 0.258738
22 10 0.260737
22 1 0.271876
22 13 0.261875
22 34 0.241784
22 26 0.252881
22 7 0.273036
22 6 0.277450
22 25 0.261573
22 22 0.266855
22 18 0.273402
22 28 0.263446
22 27 0.265589
22 23 0.270297
22 21 0.272722
22 16 0.278380
22 17 0.277774
22 33 0.260284
22 41 0.250998
22 11 0.284501
22 32 0.265419
22 30 0.268004
22 35 0.264556
22 39 0.260304
22 42 0.259266
22 40 0.262096
22 29 0.275970
22 37 0.269931
22 19 0.290517
22 31 0.279951
22 15 0.297658
22 38 0.277318
23 20 0.468117
23 24 0.467176
23 17 0.480141
23 0 0.533609
23 36 0.508248
23 15 0.535666
23 28 0.525068
23 8 0.565508
23 14 0.562754
23 3 0.579346
23 13 0.569564
23 22 0.570803
23 6 0.604544
23 12 0.598804
23 11 0.601974
23 34 0.625537
23 2 0.658708
23 7 0.654158
23 5 0.656816
23 21 0.644811
23 35 0.637909
23 33 0.641701
23 23 0.653363
23 16 0.661639
23 31 0.646627
23 42 0.654635
23 40 0.662705
23 38 0.668436
23 19 0.692407
23 10 0.709576
23 25 0.700830
23 4 0.723064
23 32 0.696098
23 26 0.711174
23 29 0.708615
23 39 0.705695
23 1 0.745147
23 41 0.705815
23 27 0.752100
23 9 0.773752
23 30 0.783109
23 37 0.778186
23 18 0.992076
24 3 0.183601
24 1 0.186136
24 8 0.173110
24 10 0.168587
24 9 0.172204
24 15 0.158956
24 13 0.179215
24 7 0.191219
24 12 0.186043
24 5 0.199559
24 11 0.190280
24 17 0.166115
24 19 0.165044
24 6 0.202379
24 16 0.172154
24 2 0.224098
24 25 0.158429
24 0 0.240508
24 22 0.166286
24 23 0.165180
24 21 0.171177
24 26 0.089259
24 4 0.248747
24 18 0.210030
24 14 0.231342
24 24 0.214268
24 27 0.139028
24 28 0.128192
24 20 0.250296
24 34 0.116586
24 30 0.122289
24 36 0.103951
24 32 0.128444
24 31 0.131127
24 40 0.099520
24 38 0.112606
24 29 0.143143
24 33 0.140578
24 39 0.117701
24 42 0.112586
24 41 0.118509
24 37 0.128619
24 35 0.135908
25 3 0.145002
25 5 0.146407
25 0 0.163702
25 4 0.259349
25 26 0.238261
25 6 0.274634
25 14 0.275681
25 8 0.283783
25 2 0.292100
25 1 0.298857
25 23 0.278595
25 7 0.296797
25 24 0.277826
25 36 0.264695
25 32 0.271050
25 29 0.277905
25 30 0.279527
25 13 0.301178
25 18 0.297653
25 12 0.305632
25 9 0.310697
25 37 0.280058
25 21 0.299823
25 22 0.299973
25 10 0.315889
25 19 0.306903
25 25 0.299974
25 28 0.301273
25 39 0.287048
25 17 0.314985
25 31 0.300220
25 33 0.299294
25 15 0.321504
25 11 0.325592
25 34 0.299938
25 27 0.307356
25 35 0.299353
25 16 0.321578
25 20 0.317402
25 42 0.291741
25 38 0.301108
25 41 0.301516
25 40 0.303207
26 3 0.149267
26 0 0.157524
26 1 0.157230
26 5 0.171841
26 4 0.206057
26 6 0.216966
26 2 0.227090
26 27 0.215670
26 17 0.229544
26 16 0.237373
26 23 0.229473
26 9 0.247327
26 18 0.237146
26 7 0.250152
26 29 0.226805
26 10 0.253738
26 15 0.249179
26 26 0.233537
26 11 0.253620
26 38 0.221099
26 36 0.225550
26 33 0.230533
26 8 0.263560
26 14 0.258070
26 21 0.248875
26 30 0.237704
26 28 0.241310
26 22 0.250440
26 19 0.256115
26 39 0.228419
26 20 0.256976
26 41 0.228461
26 40 0.230647
26 24 0.252838
26 13 0.268426
26 42 0.228252
26 12 0.273512
26 34 0.242774
26 25 0.257136
26 31 0.250118
26 35 0.248651
26 32 0.258667
26 37 0.255394
27 0 0.191907
27 5 0.198117
27 3 0.200519
27 2 0.226452
27 1 0.231148
27 6 0.239161
27 8 0.238265
27 12 0.237044
27 10 0.239108
27 7 0.251630
27 4 0.258685
27 11 0.257543
27 9 0.260908
27 16 0.270486
27 15 0.284946
27 14 0.292476
27 13 0.293899
27 18 0.341674
27 17 0.372249
27 24 0.372028
27 34 0.376934
27 19 0.403125
27 22 0.406476
27 39 0.435364
27 30 0.451778
27 40 0.441105
27 29 0.456755
27 42 0.442831
27 36 0.451018
27 28 0.460892
27 37 0.452344
27 26 0.467392
27 41 0.448801
27 31 0.461947
27 27 0.468171
27 21 0.476446
27 33 0.466950
27 20 0.502798
27 25 0.499028
27 38 0.483298
27 35 0.489338
27 32 0.494272
27 23 0.508134
28 0 0.165387
28 2 0.167352
28 8 0.178034
28 4 0.188538
28 1 0.199410
28 3 0.198098
28 6 0.227398
28 7 0.233581
28 9 0.239336
28 23 0.250088
28 5 0.299569
28 13 0.286194
28 11 0.291573
28 18 0.279588
28 10 0.294137
28 14 0.285993
28 21 0.274949
28 34 0.247141
28 36 0.245285
28 26 0.260889
28 12 0.297264
28 25 0.266213
28 33 0.255131
28 35 0.251308
28 41 0.242594
28 19 0.297532
28 24 0.276733
28 31 0.266243
28 22 0.280295
28 37 0.262447
28 40 0.255261
28 30 0.273167
28 32 0.270517
28 15 0.310386
28 16 0.309009
28 20 0.303563
28 27 0.281331
28 42 0.258741
28 29 0.282528
28 17 0.315199
28 39 0.273480
28 28 0.290008
28 38 0.284075
29 0 0.149028
29 1 0.165454
29 2 0.183122
29 3 0.183428
29 9 0.230737
29 13 0.250769
29 4 0.259808
29 21 0.258200
29 10 0.273887
29 26 0.255299
29 14 0.277534
29 8 0.284091
29 12 0.280716
29 24 0.268064
29 23 0.269621
29 25 0.267300
29 11 0.283891
29 36 0.253596
29 5 0.298226
29 7 0.300103
29 27 0.281678
29 22 0.293436
29 15 0.306752
29 6 0.316757
29 20 0.306202
29 16 0.311399
29 17 0.311314
29 31 0.292882
29 18 0.310697
29 28 0.297423
29 32 0.293462
29 39 0.289678
29 30 0.306952
29 38 0.295481
29 34 0.305991
29 41 0.296443
29 29 0.315944
29 33 0.313504
29 19 0.337553
29 35 0.314954
29 40 0.306571
29 37 0.312130
29 42 0.306505
30 5 0.173621
30 0 0.182078
30 3 0.207899
30 1 0.213264
30 6 0.211890
30 4 0.218053
30 2 0.260528
30 11 0.266221
30 27 0.253227
30 14 0.274071
30 10 0.278193
30 17 0.272470
30 25 0.262671
30 12 0.278624
30 26 0.263123
30 13 0.278745
30 8 0.284910
30 9 0.284190
30 18 0.275567
30 36 0.251515
30 35 0.253221
30 39 0.248204
30 28 0.264837
30 7 0.290216
30 20 0.276999
30 19 0.279711
30 23 0.275045
30 16 0.288936
30 21 0.284606
30 29 0.275577
30 37 0.266749
30 24 0.285533
30 33 0.272718
30 32 0.276559
30 42 0.263873
30 38 0.272986
30 22 0.295256
30 30 0.284338
30 34 0.282118
30 31 0.288803
30 15 0.312971
30 41 0.287021
30 40 0.299194
31 0 0.258459
31 6 0.266326
31 1 0.273589
31 15 0.264655
31 17 0.263395
31 2 0.277833
31 16 0.264891
31 9 0.277164
31 23 0.266426
31 26 0.263511
31 24 0.268025
31 11 0.283351
31 10 0.285146
31 19 0.277637
31 25 0.271435
31 13 0.285013
31 21 0.280658
31 8 0.294581
31 7 0.296138
31 18 0.285444
31 14 0.290355
31 12 0.293630
31 22 0.284310
31 20 0.290864
31 29 0.286243
31 30 0.286102
31 3 0.318541
31 5 0.317052
31 4 0.318331
31 27 0.316451
31 28 0.331238
31 38 0.342906
31 31 0.353077
31 32 0.354454
31 34 0.357302
31 33 0.375636
31 36 0.428956
31 35 0.557188
31 37 0.554605
31 39 0.552685
31 42 0.548909
31 41 0.550953
31 40 0.599073
32 0 0.197969
32 1 0.238030
32 9 0.301348
32 3 0.306434
32 4 0.306045
32 5 0.305692
32 37 0.251871
32 11 0.299049
32 13 0.302726
32 12 0.305994
32 7 0.314336
32 27 0.280039
32 8 0.315483
32 23 0.300878
32 25 0.293723
32 15 0.314908
32 14 0.322498
32 2 0.341496
32 22 0.326198
32 28 0.321315
32 26 0.323723
32 29 0.316668
32 18 0.342480
32 10 0.356364
32 41 0.298927
32 34 0.314049
32 31 0.320549
32 39 0.317270
32 6 0.375511
32 24 0.346159
32 21 0.359207
32 20 0.363665
32 16 0.371283
32 17 0.371309
32 33 0.339375
32 35 0.338832
32 19 0.377378
32 36 0.348420
32 30 0.363308
32 38 0.353700
32 40 0.352636
32 32 0.372094
32 42 0.369747
33 0 0.193581
33 1 0.202869
33 5 0.199987
33 3 0.205276
33 2 0.247804
33 27 0.229867
33 12 0.253705
33 25 0.242228
33 10 0.264043
33 13 0.276015
33 30 0.256019
33 8 0.282155
33 28 0.261845
33 26 0.265912
33 29 0.262264
33 11 0.284219
33 14 0.281666
33 4 0.295641
33 9 0.291621
33 7 0.294892
33 39 0.256349
33 16 0.319676
33 15 0.320715
33 24 0.316086
33 38 0.301719
33 18 0.333115
33 23 0.327357
33 17 0.338624
33 31 0.321033
33 22 0.334721
33 32 0.324830
33 20 0.342700
33 33 0.328894
33 34 0.328587
33 6 0.363051
33 36 0.328598
33 40 0.323696
33 37 0.327847
33 42 0.321347
33 35 0.334876
33 21 0.354975
33 19 0.358000
33 41 0.329148
34 5 0.216059
34 0 0.228271
34 7 0.237060
34 8 0.291109
34 11 0.288657
34 13 0.290785
34 26 0.278592
34 25 0.279899
34 37 0.265416
34 27 0.277821
34 6 0.307759
34 9 0.305596
34 10 0.305597
34 23 0.294791
34 12 0.304988
34 18 0.302121
34 15 0.304933
34 3 0.315873
34 1 0.321895
34 29 0.301463
34 35 0.295773
34 2 0.328706
34 14 0.321792
34 33 0.309361
34 20 0.328054
34 41 0.304438
34 24 0.325428
34 28 0.320109
34 16 0.338097
34 22 0.339985
34 30 0.330477
34 34 0.327143
34 21 0.344583
34 17 0.349933
34 32 0.334067
34 19 0.354352
34 4 0.370028
34 31 0.344533
34 42 0.334077
34 39 0.339627
34 40 0.342267
34 36 0.360998
34 38 0.358768
35 7 0.224164
35 1 0.236949
35 0 0.238210
35 5 0.280081
35 4 0.298580
35 9 0.299987
35 24 0.270381
35 27 0.274579
35 23 0.284258
35 6 0.317515
35 11 0.316331
35 3 0.334516
35 25 0.295311
35 28 0.296684
35 12 0.334336
35 37 0.293795
35 16 0.334810
35 19 0.327353
35 10 0.347492
35 2 0.358643
35 13 0.344556
35 26 0.320500
35 30 0.317231
35 18 0.345112
35 8 0.368056
35 38 0.315632
35 35 0.322432
35 39 0.330953
35 15 0.377146
35 34 0.345263
35 42 0.329169
35 20 0.371986
35 17 0.388002
35 32 0.364283
35 31 0.366681
35 14 0.398124
35 41 0.351611
35 21 0.386578
35 33 0.376922
35 29 0.385235
35 40 0.370207
35 22 0.396685
35 36 0.378934
36 0 0.166260
36 1 0.209766
36 4 0.230978
36 7 0.260236
36 6 0.267268
36 9 0.269121
36 26 0.249684
36 10 0.271262
36 8 0.274188
36 12 0.271896
36 24 0.258724
36 23 0.263831
36 13 0.276232
36 22 0.266769
36 11 0.278730
36 3 0.287453
36 5 0.286577
36 16 0.282845
36 25 0.273932
36 28 0.278784
36 36 0.268857
36 17 0.295368
36 42 0.261867
36 34 0.277077
36 20 0.300028
36 18 0.303834
36 14 0.310570
36 27 0.296768
36 30 0.297068
36 19 0.313485
36 15 0.317970
36 2 0.330164
36 32 0.301524
36 41 0.289721
36 31 0.304695
36 21 0.319191
36 38 0.298073
36 39 0.303036
36 29 0.323351
36 37 0.312766
36 40 0.309694
36 35 0.316916
36 33 0.320870
37 0 0.263676
37 8 0.265676
37 1 0.287254
37 28 0.259607
37 26 0.265279
37 25 0.267368
37 4 0.291123
37 5 0.291285
37 13 0.287960
37 27 0.275697
37 11 0.296481
37 12 0.301099
37 30 0.279881
37 9 0.308809
37 2 0.319066
37 17 0.309350
37 29 0.293913
37 37 0.287506
37 10 0.322207
37 3 0.336510
37 24 0.317335
37 14 0.331716
37 32 0.318345
37 15 0.359036
37 21 0.356331
37 39 0.336146
37 7 0.376276
37 16 0.374770
37 23 0.370610
37 33 0.357985
37 36 0.357092
37 6 0.395968
37 18 0.393957
37 40 0.369802
37 35 0.378136
37 22 0.396426
37 31 0.383938
37 38 0.374848
37 42 0.271811
37 19 0.408140
37 34 0.399099
37 41 0.395386
37 20 0.425491
38 0 0.215310
38 3 0.260730
38 8 0.285038
38 12 0.284012
38 10 0.286481
38 5 0.307178
38 9 0.304798
38 13 0.303359
38 28 0.285214
38 39 0.269900
38 1 0.317265
38 30 0.291521
38 11 0.347161
38 33 0.318720
38 29 0.326723
38 31 0.328105
38 14 0.352746
38 18 0.351311
38 16 0.354002
38 32 0.330893
38 2 0.367505
38 4 0.374337
38 36 0.341680
38 6 0.386080
38 17 0.380551
38 15 0.384296
38 26 0.373324
38 19 0.385228
38 22 0.381260
38 7 0.407960
38 35 0.379134
38 41 0.375864
38 38 0.381346
38 24 0.404766
38 21 0.410234
38 25 0.407888
38 20 0.416962
38 34 0.406232
38 40 0.400802
38 23 0.428552
38 27 0.425834
38 37 0.414004
38 42 0.410988
39 29 0.494118
39 12 0.570599
39 24 0.558617
39 26 0.660530
39 10 0.677080
39 15 0.672411
39 33 0.654528
39 25 0.739363
39 23 0.741961
39 2 0.763576
39 21 0.877599
39 37 0.940015
39 36 0.941244
39 19 0.959871
39 27 0.981558
39 11 0.999932
39 34 0.988486
39 31 0.992109
39 20 1.010980
39 1 1.042059
39 5 1.052703
39 7 1.071450
39 8 1.094270
39 3 1.107784
39 17 1.103813
39 13 1.119221
39 16 1.122863
39 9 1.161474
39 14 1.158203
39 18 1.236874
39 32 1.284066
39 40 1.294543
39 35 1.363482
39 41 1.359126
39 0 1.417440
39 39 1.397312
39 30 1.407932
39 38 1.412643
39 42 1.496688
39 6 1.545746
39 4 1.573663
39 28 1.564962
39 22 1.646325
40 6 0.213300
40 3 0.217804
40 8 0.231248
40 13 0.222830
40 0 0.242981
40 5 0.240584
40 10 0.232076
40 11 0.252621
40 4 0.281544
40 1 0.297841
40 2 0.325876
40 16 0.297829
40 12 0.319020
40 19 0.296052
40 24 0.286683
40 29 0.277121
40 26 0.294780
40 28 0.290298
40 37 0.265521
40 9 0.352057
40 18 0.324421
40 20 0.324077
40 15 0.338665
40 22 0.321868
40 7 0.367206
40 14 0.356555
40 17 0.339316
40 27 0.322876
40 34 0.304950
40 25 0.342027
40 30 0.324293
40 21 0.357269
40 35 0.326487
40 39 0.313328
40 36 0.329146
40 32 0.337527
40 38 0.327084
40 40 0.314011
40 23 0.392159
40 31 0.371903
40 33 0.370277
40 42 0.301923
40 41 0.337305
41 5 0.277690
41 12 0.271575
41 28 0.259331
41 8 0.284569
41 0 0.297436
41 13 0.285295
41 2 0.308122
41 26 0.290122
41 23 0.298139
41 10 0.318057
41 24 0.303887
41 4 0.340689
41 3 0.342051
41 27 0.318560
41 7 0.343746
41 1 0.351065
41 6 0.348816
41 33 0.323057
41 36 0.318446
41 15 0.354213
41 37 0.334284
41 30 0.348731
41 25 0.357279
41 17 0.367657
41 9 0.375965
41 11 0.377955
41 14 0.375558
41 20 0.370456
41 32 0.354836
41 19 0.373853
41 41 0.350471
41 16 0.395700
41 22 0.404440
41 39 0.382321
41 38 0.393597
41 18 0.423288
41 40 0.392460
41 34 0.403999
41 21 0.427727
41 29 0.416384
41 35 0.407233
41 42 0.405238
41 31 0.426310
42 0 0.269352
42 12 0.266448
42 7 0.280923
42 3 0.285280
42 1 0.307036
42 30 0.275719
42 13 0.299587
42 2 0.311924
42 8 0.307269
42 16 0.302807
42 25 0.291026
42 4 0.320537
42 24 0.299555
42 9 0.317427
42 10 0.319094
42 28 0.297516
42 27 0.298732
42 14 0.323156
42 26 0.309053
42 29 0.318525
42 11 0.342961
42 37 0.308371
42 23 0.334638
42 17 0.344549
42 20 0.344416
42 31 0.337931
42 6 0.378162
42 15 0.369931
42 5 0.384601
42 33 0.349613
42 18 0.372834
42 38 0.347817
42 21 0.373027
42 34 0.353883
42 32 0.358887
42 40 0.348098
42 19 0.382776
42 42 0.350605
42 36 0.358957
42 22 0.386514
42 41 0.367353
42 35 0.386890
42 39 0.384185
43 27 0.260855
43 11 0.287302
43 13 0.288086
43 0 0.306522
43 3 0.309971
43 2 0.331985
43 14 0.321874
43 8 0.327531
43 26 0.316689
43 25 0.321164
43 5 0.349269
43 24 0.330350
43 23 0.332299
43 9 0.348073
43 10 0.351615
43 12 0.354132
43 36 0.327301
43 28 0.338129
43 4 0.369870
43 18 0.379013
43 1 0.397256
43 39 0.362308
43 19 0.406963
43 7 0.421884
43 15 0.415126
43 16 0.415060
43 30 0.406109
43 17 0.422265
43 6 0.432294
43 40 0.411673
43 31 0.431235
43 20 0.448808
43 32 0.434435
43 34 0.438006
43 41 0.432038
43 42 0.431042
43 29 0.448979
43 33 0.449780
43 21 0.468352
43 35 0.450876
43 37 0.463068
43 22 0.484518
43 38 0.473087
44 30 0.977479
44 3 1.037936
44 26 1.065116
44 37 1.058485
44 23 1.143310
44 14 1.159477
44 24 1.161181
44 8 1.209436
44 12 1.242288
44 22 1.244474
44 25 1.274938
44 13 1.392721
44 32 1.443910
44 36 1.474561
44 11 1.523522
44 9 1.525509
44 17 1.526404
44 10 1.611223
44 27 1.633829
44 31 1.750935
44 1 1.888210
44 33 1.856082
44 19 1.897169
44 39 1.875533
44 21 1.896178
44 35 1.879706
44 5 1.942451
44 29 1.929059
44 7 1.956620
44 0 1.974761
44 20 1.959282
44 4 2.008124
44 41 1.971373
44 42 1.981381
44 28 2.002707
44 15 2.027930
44 6 2.044084
44 38 2.021464
44 16 2.071344
44 2 2.098994
44 18 2.102888
44 40 2.084989
44 34 2.090777
45 10 0.287622
45 8 0.343848
45 9 0.402879
45 11 0.401309
45 25 0.367638
45 14 0.394608
45 27 0.362020
45 12 0.397132
45 0 0.439728
45 3 0.443630
45 2 0.460730
45 38 0.405157
45 6 0.504949
45 28 0.459897
45 19 0.491193
45 29 0.481707
45 33 0.473076
45 24 0.499831
45 13 0.536938
45 26 0.530197
45 1 0.576953
45 36 0.507921
45 37 0.518071
45 34 0.522155
45 31 0.531007
45 7 0.595607
45 15 0.592803
45 32 0.574468
45 21 0.624023
45 22 0.640719
45 39 0.621092
45 5 0.693894
45 16 0.683344
45 41 0.631038
45 4 0.707353
45 35 0.644254
45 23 0.672449
45 17 0.693406
45 20 0.691966
45 30 0.664867
45 40 0.651670
45 18 0.708058
45 42 0.670120
46 11 0.295123
46 10 0.300419
46 8 0.308443
46 14 0.302883
46 9 0.309883
46 37 0.277243
46 27 0.298273
46 13 0.323838
46 12 0.334745
46 0 0.377889
46 24 0.356338
46 1 0.382700
46 29 0.354075
46 4 0.385342
46 2 0.391034
46 26 0.375442
46 28 0.372717
46 5 0.403780
46 33 0.394199
46 3 0.430516
46 25 0.415658
46 6 0.478931
46 22 0.466446
46 21 0.485005
46 32 0.474460
46 7 0.505497
46 34 0.479342
46 39 0.474922
46 20 0.501923
46 36 0.479409
46 16 0.507792
46 19 0.508676
46 18 0.520513
46 41 0.498527
46 35 0.506152
46 23 0.533522
46 31 0.527407
46 38 0.532326
46 40 0.539375
46 42 0.539918
46 17 0.580335
46 15 0.586572
46 30 0.570767
47 29 0.277517
47 8 0.325276
47 9 0.327977
47 10 0.333204
47 0 0.344427
47 11 0.333390
47 3 0.344646
47 7 0.354116
47 26 0.359424
47 38 0.350230
47 13 0.389756
47 4 0.400202
47 25 0.377480
47 28 0.375239
47 24 0.397673
47 22 0.413604
47 12 0.440711
47 42 0.406456
47 27 0.432941
47 6 0.462268
47 19 0.447941
47 2 0.471181
47 30 0.440124
47 23 0.457338
47 1 0.483938
47 17 0.466933
47 5 0.482296
47 37 0.463316
47 20 0.489704
47 41 0.465712
47 35 0.473969
47 21 0.502068
47 15 0.522463
47 14 0.534076
47 31 0.517346
47 32 0.531835
47 36 0.527207
47 34 0.530000
47 16 0.563792
47 33 0.543890
47 40 0.535848
47 39 0.584117
47 18 0.622512
48 3 0.352585
48 11 0.345956
48 13 0.345835
48 10 0.350840
48 7 0.363862
48 5 0.365835
48 12 0.354870
48 8 0.370084
48 26 0.338307
48 1 0.387342
48 2 0.399817
48 0 0.407837
48 29 0.365557
48 4 0.430979
48 27 0.396920
48 14 0.430847
48 28 0.396167
48 9 0.441778
48 19 0.435497
48 30 0.405266
48 16 0.464723
48 25 0.453769
48 38 0.407015
48 15 0.484218
48 33 0.459189
48 20 0.505229
48 39 0.445074
48 23 0.501225
48 17 0.514522
48 31 0.525790
48 37 0.512620
48 6 0.612189
48 21 0.600920
48 35 0.557150
48 18 0.615864
48 22 0.610681
48 24 0.608918
48 34 0.576827
48 32 0.595334
48 42 0.543386
48 40 0.571826
48 36 0.598612
48 41 0.577802
49 13 0.290826
49 12 0.295631
49 10 0.303325
49 8 0.310976
49 9 0.332759
49 7 0.342625
49 5 0.357269
49 27 0.335562
49 1 0.370414
49 4 0.371131
49 30 0.340958
49 11 0.375594
49 0 0.392002
49 29 0.363492
49 40 0.349574
49 2 0.400615
49 28 0.370974
49 3 0.400118
49 31 0.377822
49 26 0.392413
49 17 0.462684
49 6 0.473400
49 41 0.462742
49 37 0.470722
49 22 0.502050
49 24 0.502913
49 14 0.522693
49 38 0.494335
49 15 0.527427
49 20 0.522528
49 19 0.527216
49 18 0.529685
49 39 0.526084
49 23 0.553489
49 36 0.538783
49 16 0.568808
49 33 0.548651
49 21 0.567193
49 25 0.565870
49 34 0.562733
49 42 0.559980
49 35 0.581238
49 32 0.589344
50 4 0.284426
50 3 0.300909
50 0 0.324675
50 8 0.338333
50 1 0.378726
50 7 0.441701
50 13 0.448953
50 27 0.574710
50 9 0.596799
50 2 0.604100
50 30 0.573074
50 26 0.577295
50 11 0.596488
50 31 0.753754
50 20 0.768286
50 16 0.773700
50 19 0.770139
50 6 0.783910
50 33 0.751527
50 12 0.783721
50 36 0.768798
50 5 0.872252
50 38 0.832433
50 15 0.863642
50 17 0.861780
50 23 0.857211
50 24 0.856227
50 14 0.869206
50 10 0.876496
50 28 0.911137
50 21 0.926127
50 34 0.908823
50 29 0.920033
50 18 0.935034
50 35 0.915405
50 37 0.996556
50 22 1.020117
50 32 1.037446
50 25 1.072540
50 41 1.059078
50 40 1.087583
50 42 1.115714
50 39 1.122326
51 14 0.310371
51 10 0.329205
51 12 0.331985
51 25 0.341544
51 3 0.434368
51 13 0.427944
51 5 0.452442
51 26 0.468411
51 11 0.484829
51 9 0.497222
51 8 0.498587
51 28 0.476656
51 27 0.480217
51 37 0.469846
51 29 0.480001
51 24 0.491819
51 4 0.514842
51 32 0.481905
51 2 0.523503
51 1 0.545523
51 31 0.515318
51 6 0.547031
51 38 0.509741
51 7 0.551282
51 36 0.523520
51 0 0.571536
51 23 0.547465
51 33 0.547143
51 21 0.563586
51 19 0.572090
51 39 0.552516
51 30 0.583655
51 40 0.584491
51 16 0.648639
51 15 0.650364
51 18 0.659529
51 42 0.634437
51 34 0.652805
51 20 0.675282
51 35 0.659978
51 41 0.658062
51 22 0.682100
51 17 0.721327
52 11 0.272253
52 28 0.274415
52 1 0.307395
52 14 0.300743
52 8 0.307408
52 13 0.303131
52 0 0.329371
52 2 0.328304
52 6 0.325542
52 3 0.329229
52 12 0.320715
52 9 0.324767
52 4 0.330271
52 27 0.307496
52 25 0.339212
52 38 0.320975
52 5 0.371186
52 7 0.381866
52 29 0.355523
52 30 0.354731
52 26 0.361373
52 10 0.383465
52 16 0.426467
52 15 0.446507
52 19 0.454958
52 20 0.459629
52 23 0.461863
52 32 0.449413
52 33 0.453534
52 42 0.442080
52 37 0.459923
52 21 0.485155
52 39 0.458895
52 24 0.488584
52 22 0.490818
52 35 0.471822
52 41 0.467186
52 34 0.504223
52 36 0.501233
52 31 0.518376
52 40 0.504966
52 18 0.542989
52 17 0.553853
53 12 0.838173
53 27 0.823357
53 26 0.825129
53 4 0.883426
53 17 1.081050
53 9 1.180485
53 10 1.321355
53 13 1.327949
53 16 1.396019
53 30 1.472529
53 14 1.499731
53 24 1.647415
53 18 1.676249
53 22 1.674955
53 31 1.676519
53 35 1.676792
53 25 1.764054
53 8 1.791066
53 38 1.761462
53 32 1.833809
53 11 1.956037
53 28 2.084414
53 2 2.164575
53 5 2.192186
53 0 2.210548
53 40 2.176647
53 36 2.253773
53 34 2.256218
53 3 2.329961
53 7 2.330290
53 29 2.344396
53 6 2.449338
53 42 2.416007
53 20 2.458908
53 41 2.459162
53 33 2.595835
53 1 2.665882
53 39 2.676423
53 21 2.717852
53 19 2.733077
53 23 2.783109
53 15 2.797770
53 37 2.805931
54 8 0.300952
54 13 0.320880
54 2 0.423900
54 3 0.424430
54 1 0.435211
54 12 0.438585
54 27 0.428400
54 26 0.430169
54 9 0.493639
54 5 0.504646
54 24 0.504268
54 10 0.555106
54 7 0.565031
54 29 0.493447
54 4 0.569904
54 6 0.571864
54 14 0.558901
54 11 0.565734
54 38 0.468340
54 25 0.518681
54 0 0.596062
54 28 0.527325
54 21 0.608243
54 41 0.551655
54 17 0.648245
54 31 0.593315
54 18 0.674424
54 15 0.693024
54 16 0.698450
54 37 0.638973
54 30 0.663383
54 35 0.644940
54 39 0.640417
54 33 0.650536
54 19 0.727996
54 34 0.657777
54 36 0.656140
54 32 0.676459
54 20 0.744398
54 42 0.666176
54 23 0.750922
54 22 0.776773
54 40 0.721997
55 27 0.304245
55 8 0.344899
55 10 0.352281
55 12 0.350886
55 30 0.331806
55 9 0.357793
55 26 0.364774
55 0 0.396895
55 11 0.403864
55 28 0.382931
55 2 0.413659
55 13 0.404444
55 14 0.420649
55 25 0.406405
55 29 0.407671
55 39 0.401481
55 1 0.472984
55 41 0.482620
55 35 0.495555
55 17 0.528050
55 20 0.526171
55 4 0.542649
55 3 0.547341
55 7 0.544141
55 21 0.533874
55 31 0.521345
55 23 0.550972
55 33 0.540827
55 6 0.581119
55 36 0.543414
55 5 0.582814
55 32 0.552813
55 38 0.544115
55 16 0.577276
55 15 0.581613
55 18 0.582383
55 22 0.604364
55 24 0.607445
55 19 0.617248
55 40 0.592260
55 42 0.593687
55 34 0.608591
55 37 0.609360
56 20 0.258716
56 10 0.292431
56 0 0.339029
56 3 0.347651
56 9 0.341764
56 13 0.356844
56 14 0.368256
56 12 0.382562
56 32 0.373718
56 1 0.413596
56 8 0.412681
56 29 0.390997
56 38 0.378974
56 2 0.424780
56 11 0.418552
56 30 0.395205
56 26 0.405576
56 31 0.402093
56 33 0.402941
56 27 0.411769
56 28 0.411352
56 4 0.446193
56 19 0.439994
56 17 0.456025
56 15 0.458691
56 5 0.488414
56 6 0.488239
56 24 0.473088
56 23 0.475938
56 21 0.485523
56 25 0.481206
56 7 0.506398
56 34 0.492196
56 16 0.520317
56 22 0.523531
56 40 0.499464
56 42 0.519337
56 37 0.526734
56 36 0.537368
56 41 0.530930
56 18 0.579833
56 39 0.566609
56 35 0.574756
57 3 0.364037
57 13 0.354568
57 11 0.360081
57 9 0.375939
57 10 0.378191
57 8 0.404978
57 28 0.382710
57 12 0.424665
57 23 0.426886
57 27 0.431793
57 37 0.418655
57 24 0.450955
57 14 0.467844
57 25 0.454592
57 0 0.482369
57 26 0.461523
57 4 0.511345
57 2 0.518521
57 1 0.535286
57 5 0.550077
57 36 0.518745
57 29 0.535202
57 22 0.562955
57 21 0.568881
57 19 0.592688
57 18 0.601883
57 33 0.583544
57 16 0.610844
57 7 0.654168
57 30 0.628405
57 6 0.660804
57 31 0.637352
57 20 0.655379
57 15 0.661150
57 17 0.667736
57 34 0.650326
57 35 0.665579
57 42 0.661269
57 40 0.669885
57 41 0.673335
57 32 0.731802
57 38 0.727748
57 39 0.750066
58 9 0.342921
58 31 0.315811
58 11 0.367319
58 10 0.376244
58 13 0.382638
58 28 0.373714
58 3 0.450195
58 29 0.419759
58 27 0.438449
58 12 0.468978
58 1 0.516198
58 39 0.486309
58 32 0.504710
58 30 0.528769
58 14 0.563206
58 8 0.576579
58 0 0.596867
58 5 0.597023
58 7 0.603544
58 2 0.612689
58 16 0.608678
58 4 0.639388
58 33 0.656359
58 18 0.692120
58 40 0.660728
58 17 0.703459
58 38 0.677620
58 35 0.690992
58 36 0.694281
58 19 0.725073
58 25 0.719291
58 23 0.729794
58 22 0.732689
58 15 0.746540
58 26 0.733426
58 42 0.733204
58 41 0.735244
58 24 0.765152
58 34 0.760146
58 6 0.807480
58 21 0.795559
58 20 0.801578
58 37 0.793862
59 8 0.316792
59 10 0.340859
59 11 0.376066
59 9 0.378459
59 29 0.357786
59 26 0.364035
59 13 0.387172
59 12 0.388530
59 30 0.368535
59 28 0.379787
59 3 0.416428
59 5 0.429437
59 1 0.437335
59 31 0.424230
59 38 0.425343
59 27 0.441729
59 14 0.465800
59 4 0.477252
59 0 0.498102
59 16 0.486065
59 17 0.532867
59 32 0.528969
59 2 0.575741
59 37 0.536960
59 18 0.572421
59 7 0.601970
59 23 0.599231
59 24 0.618277
59 22 0.638420
59 25 0.653834
59 15 0.676012
59 33 0.648770
59 36 0.654769
59 6 0.695698
59 19 0.686301
59 20 0.690052
59 41 0.659493
59 21 0.693758
59 35 0.680063
59 34 0.683598
59 42 0.685570
59 39 0.697559
59 40 0.704684
60 10 0.376886
60 25 0.363474
60 28 0.384984
60 27 0.387469
60 12 0.425696
60 13 0.457536
60 8 0.466946
60 5 0.485368
60 29 0.457867
60 35 0.451896
60 3 0.494957
60 14 0.502575
60 11 0.517891
60 39 0.483134
60 1 0.538227
60 30 0.506335
60 9 0.532993
60 0 0.541423
60 33 0.523463
60 26 0.536355
60 7 0.615111
60 2 0.628077
60 40 0.600877
60 41 0.605667
60 4 0.661387
60 15 0.660328
60 17 0.663259
60 16 0.690679
60 24 0.685668
60 21 0.689846
60 23 0.692245
60 32 0.682261
60 20 0.716042
60 36 0.710202
60 19 0.741755
60 42 0.718298
60 18 0.761594
60 6 0.784697
60 38 0.748336
60 31 0.771469
60 22 0.808301
60 37 0.797781
60 34 0.811132
61 11 0.376012
61 27 0.361188
61 32 0.356347
61 14 0.404797
61 8 0.427887
61 9 0.433806
61 13 0.444871
61 38 0.441389
61 10 0.511079
61 5 0.533585
61 4 0.543361
61 3 0.550262
61 0 0.553789
61 29 0.521958
61 30 0.531799
61 31 0.531909
61 12 0.566604
61 28 0.555228
61 1 0.591347
61 36 0.578506
61 18 0.604166
61 6 0.631250
61 7 0.631240
61 2 0.652349
61 15 0.645201
61 16 0.676841
61 35 0.657351
61 25 0.697747
61 22 0.721782
61 17 0.734097
61 39 0.704659
61 33 0.719713
61 21 0.743819
61 19 0.746931
61 42 0.723493
61 23 0.757476
61 34 0.752735
61 37 0.767806
61 41 0.768712
61 40 0.778692
61 24 0.802824
61 26 0.818103
61 20 0.829319
62 5 0.322176
62 0 0.348098
62 8 0.349861
62 12 0.353836
62 1 0.378284
62 13 0.375949
62 14 0.383600
62 26 0.380206
62 9 0.405843
62 11 0.420121
62 10 0.425213
62 28 0.440414
62 27 0.443070
62 3 0.470088
62 24 0.478558
62 38 0.465707
62 23 0.491468
62 4 0.518007
62 25 0.504810
62 7 0.549630
62 2 0.558267
62 15 0.557800
62 39 0.537274
62 20 0.571942
62 31 0.565840
62 30 0.571432
62 34 0.578241
62 19 0.598827
62 37 0.582539
62 18 0.629961
62 29 0.622945
62 35 0.618425
62 16 0.644968
62 32 0.652780
62 36 0.652047
62 6 0.720812
62 40 0.681386
62 22 0.707417
62 42 0.683893
62 21 0.721312
62 33 0.710110
62 17 0.735088
62 41 0.704846
63 9 0.274393
63 11 0.394187
63 5 0.404254
63 31 0.372700
63 30 0.374507
63 14 0.397582
63 10 0.430825
63 12 0.432099
63 32 0.442070
63 2 0.482296
63 4 0.491039
63 0 0.494984
63 39 0.457998
63 27 0.475434
63 8 0.500502
63 13 0.503671
63 28 0.484898
63 3 0.518647
63 29 0.487694
63 7 0.523579
63 1 0.538886
63 16 0.529948
63 38 0.534407
63 33 0.546446
63 6 0.597383
63 18 0.612080
63 15 0.660025
63 21 0.657233
63 17 0.665900
63 23 0.659162
63 34 0.662615
63 24 0.681746
63 20 0.695725
63 19 0.701415
63 37 0.691172
63 22 0.723267
63 36 0.704618
63 42 0.708643
63 40 0.718003
63 26 0.738449
63 25 0.748140
63 35 0.736138
63 41 0.752306
64 10 0.308106
64 11 0.349055
64 7 0.379232
64 29 0.372064
64 32 0.373753
64 8 0.402759
64 1 0.424861
64 31 0.399281
64 12 0.428320
64 9 0.440117
64 13 0.448239
64 27 0.453142
64 30 0.453792
64 28 0.481113
64 4 0.512619
64 2 0.548164
64 40 0.513127
64 5 0.630661
64 0 0.635707
64 38 0.605322
64 3 0.660957
64 24 0.639133
64 35 0.652737
64 41 0.654485
64 25 0.704876
64 34 0.700296
64 18 0.736405
64 16 0.747700
64 6 0.766704
64 23 0.761059
64 21 0.769836
64 42 0.770525
64 14 0.815183
64 36 0.784965
64 33 0.790793
64 26 0.806512
64 37 0.796506
64 15 0.828690
64 39 0.796041
64 22 0.822008
64 20 0.838928
64 19 0.859167
64 17 0.904112
65 11 0.652239
65 26 0.637286
65 7 0.664539
65 12 0.660988
65 33 0.679857
65 6 0.708580
65 28 0.705154
65 23 0.710744
65 35 0.704190
65 37 0.728778
65 14 0.774083
65 9 0.780442
65 27 0.775929
65 18 0.792718
65 19 0.800904
65 22 0.798622
65 4 0.825676
65 3 0.826855
65 36 0.797349
65 29 0.807411
65 8 0.830633
65 34 0.805273
65 13 0.833180
65 20 0.827197
65 25 0.835543
65 24 0.838275
65 15 0.858114
65 42 0.831354
65 41 0.840475
65 30 0.862592
65 10 0.888795
65 17 0.906048
65 16 0.913352
65 0 0.931366
65 21 0.917503
65 5 0.942140
65 31 0.915074
65 2 0.959316
65 38 0.951188
65 1 1.006617
65 39 1.005234
65 40 1.005619
65 32 1.063096
66 11 0.557597
66 10 0.559124
66 8 0.567038
66 14 0.584509
66 27 0.604411
66 28 0.615895
66 13 0.630758
66 38 0.654647
66 29 0.663589
66 9 0.688355
66 26 0.673499
66 30 0.676357
66 19 0.688289
66 12 0.695279
66 1 0.713637
66 0 0.752284
66 16 0.743086
66 18 0.742671
66 2 0.789798
66 25 0.772709
66 6 0.799614
66 15 0.792499
66 37 0.779021
66 17 0.812889
66 4 0.826995
66 20 0.815581
66 35 0.814721
66 39 0.812536
66 31 0.825968
66 32 0.862850
66 21 0.885632
66 22 0.885688
66 34 0.874255
66 36 0.878666
66 24 0.902971
66 7 0.934559
66 3 0.952859
66 33 0.937098
66 5 0.976926
66 40 0.955622
66 41 0.960892
66 42 0.995157
66 23 1.026834
67 10 0.671558
67 24 0.663508
67 9 0.711503
67 36 0.710377
67 12 0.744915
67 26 0.727466
67 27 0.726861
67 13 0.753241
67 8 0.758575
67 3 0.791064
67 25 0.818879
67 29 0.837102
67 11 0.869439
67 28 0.854938
67 14 0.893813
67 0 0.917267
67 33 0.914254
67 34 0.921277
67 15 0.948768
67 5 0.968034
67 1 0.980323
67 41 0.953170
67 6 1.002024
67 21 0.993725
67 18 1.006855
67 7 1.047985
67 4 1.059669
67 35 1.040794
67 20 1.064605
67 42 1.047913
67 30 1.066485
67 19 1.081718
67 31 1.075503
67 40 1.084453
67 38 1.093341
67 39 1.101283
67 32 1.109708
67 17 1.156318
67 16 1.181233
67 37 1.167401
67 2 1.224539
67 22 1.209021
67 23 1.235872
68 9 0.560555
68 12 0.644046
68 26 0.627933
68 37 0.622645
68 29 0.635148
68 25 0.642405
68 8 0.682398
68 7 0.687579
68 10 0.718473
68 2 0.748354
68 28 0.717743
68 13 0.747231
68 23 0.755118
68 27 0.767595
68 30 0.767374
68 31 0.766740
68 11 0.795415
68 32 0.795129
68 21 0.841152
68 18 0.850483
68 16 0.856723
68 42 0.824242
68 22 0.851496
68 6 0.880995
68 17 0.879313
68 38 0.856469
68 34 0.881353
68 24 0.896932
68 19 0.904844
68 36 0.888595
68 33 0.908732
68 4 0.954586
68 15 0.942074
68 20 0.958190
68 1 1.035176
68 14 1.022341
68 0 1.045924
68 40 0.995397
68 39 0.996782
68 3 1.075898
68 5 1.082279
68 35 1.059300
68 41 1.066794
69 10 0.642408
69 8 0.706147
69 27 0.729338
69 3 0.773749
69 0 0.796572
69 17 0.804732
69 9 0.815291
69 28 0.800515
69 12 0.831697
69 25 0.807946
69 4 0.852516
69 37 0.809192
69 13 0.846845
69 14 0.882760
69 35 0.856714
69 1 0.914272
69 7 0.906852
69 26 0.889672
69 33 0.902292
69 11 0.955225
69 30 0.951545
69 15 1.015126
69 32 0.986595
69 2 1.033099
69 6 1.026213
69 29 0.991690
69 34 0.993072
69 36 0.991616
69 41 0.995446
69 31 1.013101
69 39 1.028570
69 20 1.066810
69 40 1.045095
69 18 1.090795
69 5 1.115800
69 22 1.100055
69 19 1.109437
69 23 1.132340
69 42 1.136506
69 38 1.147744
69 16 1.181805
69 24 1.174512
69 21 1.302731
70 12 0.362701
70 13 0.416033
70 24 0.496147
70 28 0.540215
70 5 0.634536
70 39 0.596280
70 10 0.640567
70 4 0.665995
70 2 0.677884
70 17 0.693548
70 29 0.683925
70 27 0.709048
70 14 0.744393
70 11 0.751955
70 0 0.775024
70 9 0.794641
70 37 0.777481
70 31 0.784673
70 8 0.827990
70 18 0.818864
70 26 0.808494
70 32 0.803346
70 25 0.830793
70 22 0.854073
70 3 0.902044
70 7 0.932705
70 1 0.953414
70 41 0.904617
70 15 0.941003
70 6 0.975445
70 21 0.964670
70 33 0.959637
70 35 0.983936
70 20 1.006077
70 36 1.033832
70 40 1.036209
70 19 1.071530
70 34 1.064901
70 30 1.110537
70 23 1.123180
70 42 1.095414
70 16 1.145675
70 38 1.212242
71 25 0.388498
71 26 0.469286
71 28 0.475875
71 24 0.553528
71 6 0.577554
71 11 0.613244
71 9 0.634070
71 27 0.617225
71 12 0.663580
71 29 0.658896
71 1 0.721411
71 32 0.708640
71 8 0.741041
71 7 0.749955
71 0 0.819260
71 37 0.788571
71 10 0.820146
71 38 0.787807
71 19 0.862588
71 5 0.920595
71 16 0.920019
71 3 0.953858
71 17 0.943589
71 33 0.941120
71 36 0.958366
71 40 0.969986
71 42 0.994401
71 41 1.013704
71 18 1.046811
71 39 1.021336
71 13 1.065989
71 21 1.068639
71 23 1.082039
71 15 1.096165
71 4 1.111277
71 20 1.097262
71 2 1.129348
71 35 1.134721
71 22 1.154406
71 34 1.155897
71 30 1.172768
71 31 1.175666
71 14 1.223217
72 3 0.416332
72 8 0.429030
72 13 0.432918
72 12 0.434785
72 10 0.446071
72 2 0.463760
72 0 0.482674
72 9 0.484919
72 17 0.477363
72 11 0.494883
72 14 0.619891
72 4 0.659798
72 26 0.634435
72 5 0.660470
72 21 0.651312
72 24 0.649167
72 38 0.635379
72 16 0.667893
72 25 0.735291
72 20 0.750951
72 1 0.786332
72 41 0.739613
72 28 0.767537
72 15 0.797313
72 27 0.791589
72 23 0.800566
72 18 0.835220
72 6 0.863671
72 7 0.863347
72 31 0.881989
72 34 0.878792
72 22 0.904267
72 29 0.920099
72 33 0.937655
72 36 0.973021
72 40 0.983991
72 32 1.006757
72 39 1.012315
72 42 1.016559
72 19 1.071232
72 37 1.057393
72 30 1.126690
72 35 1.169333
73 8 0.451457
73 9 0.462739
73 10 0.469774
73 12 0.472105
73 13 0.492626
73 25 0.498510
73 24 0.540586
73 14 0.633785
73 11 0.637026
73 23 0.650262
73 27 0.649674
73 0 0.691649
73 3 0.793203
73 26 0.784285
73 5 0.808866
73 42 0.938607
73 7 0.985237
73 20 0.978601
73 28 0.976665
73 2 1.011651
73 35 0.985061
73 22 1.015872
73 15 1.031033
73 4 1.106172
73 6 1.108841
73 18 1.097614
73 30 1.093302
73 1 1.126965
73 21 1.149803
73 19 1.158544
73 37 1.145611
73 39 1.164805
73 16 1.214680
73 40 1.230070
73 17 1.271153
73 41 1.261253
73 31 1.299353
73 38 1.326029
73 33 1.393339
73 32 1.433156
73 36 1.465328
73 29 1.564299
73 34 1.559782
74 8 0.345735
74 10 0.331929
74 11 0.331051
74 7 0.356446
74 9 0.349469
74 6 0.613999
74 27 0.561121
74 12 0.594554
74 36 0.550054
74 30 0.566447
74 25 0.589745
74 13 0.622157
74 38 0.585530
74 4 0.690398
74 5 0.695299
74 2 0.742200
74 3 0.734553
74 29 0.691507
74 0 0.807073
74 17 0.758353
74 33 0.741215
74 1 0.852786
74 26 0.759282
74 39 0.741577
74 15 0.781384
74 28 0.819063
74 23 0.832649
74 37 0.821129
74 32 0.829484
74 42 0.827890
74 40 0.838695
74 31 0.869315
74 21 0.920427
74 22 0.940460
74 14 0.957894
74 24 0.945874
74 18 0.970203
74 19 0.979523
74 34 0.983261
74 16 1.026237
74 41 1.020263
74 20 1.086651
74 35 1.076107
75 12 0.468849
75 29 0.473194
75 11 0.500799
75 13 0.510243
75 25 0.501127
75 27 0.558872
75 24 0.573231
75 9 0.650704
75 28 0.627533
75 26 0.631912
75 14 0.667078
75 8 0.680374
75 5 0.707008
75 1 0.790128
75 37 0.745919
75 3 0.809323
75 0 0.816817
75 10 0.934849
75 17 0.953991
75 18 0.957332
75 39 0.934008
75 15 0.973114
75 38 1.019055
75 35 1.069241
75 2 1.155911
75 23 1.143743
75 16 1.201202
75 6 1.211900
75 4 1.230162
75 32 1.196871
75 30 1.213907
75 42 1.201301
75 20 1.240980
75 22 1.243611
75 31 1.242238
75 36 1.285510
75 21 1.343430
75 33 1.344585
75 19 1.367763
75 34 1.352714
75 40 1.371475
75 7 1.433441
75 41 1.438138
76 11 0.385142
76 23 0.361834
76 26 0.367852
76 12 0.421559
76 8 0.448180
76 14 0.416837
76 38 0.453443
76 10 0.569214
76 24 0.582492
76 9 0.702879
76 3 0.840920
76 2 0.873026
76 4 0.854604
76 25 0.707782
76 7 0.788790
76 5 0.869390
76 15 0.775294
76 13 0.799174
76 28 0.768923
76 0 1.042466
76 27 0.840290
76 1 1.072416
76 17 0.914036
76 6 0.999293
76 34 0.936698
76 30 1.006510
76 39 1.042471
76 16 1.127823
76 42 1.091993
76 32 1.124089
76 20 1.172021
76 40 1.159981
76 19 1.218151
76 33 1.191227
76 22 1.226414
76 41 1.230470
76 29 1.266074
76 18 1.309935
76 37 1.307150
76 35 1.432990
76 31 1.439640
76 36 1.476118
76 21 1.526732
77 10 0.458201
77 24 0.535146
77 7 0.555746
77 13 0.584078
77 25 0.691892
77 8 0.732672
77 23 0.723178
77 19 0.788744
77 5 0.806935
77 11 0.805868
77 12 0.805858
77 27 0.835699
77 9 0.869818
77 3 0.884496
77 37 0.842846
77 16 0.920691
77 38 0.970351
77 20 1.000023
77 26 0.994009
77 32 0.993832
77 0 1.045482
77 28 1.051310
77 17 1.075848
77 35 1.054700
77 31 1.062498
77 15 1.089107
77 42 1.056531
77 34 1.070002
77 21 1.127514
77 36 1.127998
77 30 1.154698
77 2 1.194853
77 39 1.149871
77 22 1.202744
77 1 1.233376
77 33 1.199825
77 41 1.206774
77 29 1.250149
77 40 1.241043
77 18 1.301311
77 4 1.398756
77 14 1.436578
77 6 1.583857
78 9 0.361612
78 13 0.417985
78 10 0.438266
78 8 0.647951
78 14 0.643372
78 1 0.656249
78 11 0.657604
78 39 0.625537
78 3 0.732750
78 21 0.730986
78 23 0.767101
78 6 0.843341
78 12 0.932264
78 2 0.966041
78 26 0.952057
78 30 1.024327
78 31 1.067505
78 4 1.110712
78 27 1.093168
78 19 1.122736
78 18 1.125539
78 17 1.147615
78 15 1.178066
78 5 1.188446
78 16 1.232092
78 7 1.260464
78 22 1.243996
78 20 1.265201
78 0 1.286489
78 28 1.255627
78 33 1.256223
78 29 1.274366
78 25 1.281958
78 24 1.407721
78 36 1.387871
78 37 1.386614
78 32 1.397496
78 34 1.393619
78 38 1.430092
78 42 1.444473
78 35 1.468050
78 41 1.478425
78 40 1.513270
79 7 0.444738
79 13 0.373594
79 9 0.436250
79 12 0.409689
79 11 0.419723
79 24 0.474950
79 38 0.482623
79 8 0.641347
79 5 0.711741
79 3 0.767517
79 27 0.675740
79 23 0.700292
79 29 0.689784
79 28 0.725363
79 39 0.702730
79 25 0.764475
79 10 0.835584
79 31 0.783942
79 1 1.156248
79 15 0.885770
79 21 0.880010
79 0 1.188646
79 36 0.860177
79 19 0.907436
79 26 0.895428
79 22 0.935167
79 37 0.959168
79 34 0.976338
79 20 1.053264
79 41 0.997584
79 30 1.042749
79 4 1.279700
79 16 1.131912
79 14 1.148827
79 35 1.108138
79 2 1.351986
79 6 1.297744
79 32 1.137471
79 17 1.187003
79 18 1.185986
79 33 1.167451
79 40 1.183365
79 42 1.355332
80 10 0.468152
80 8 0.515725
80 14 0.523383
80 9 0.546374
80 11 0.548625
80 12 0.548555
80 13 0.642738
80 26 0.764273
80 25 0.907366
80 39 0.918607
80 4 1.001270
80 16 1.013023
80 3 1.059149
80 19 1.125796
80 2 1.160748
80 23 1.150481
80 7 1.192234
80 1 1.209634
80 28 1.423797
80 15 1.455794
80 35 1.420492
80 0 1.472360
80 21 1.452520
80 22 1.489958
80 29 1.491133
80 27 1.507278
80 30 1.514332
80 32 1.557739
80 6 1.607143
80 17 1.616453
80 41 1.622408
80 18 1.699202
80 5 1.712673
80 38 1.748675
80 20 1.855821
80 24 1.909392
80 36 1.956659
80 34 2.054256
80 37 2.061707
80 42 2.131581
80 40 2.161134
80 31 2.254149
80 33 2.251893
81 9 0.554861
81 28 0.543734
81 8 0.573502
81 7 0.584046
81 10 0.600463
81 12 0.622268
81 26 0.625370
81 29 0.640032
81 27 0.820294
81 11 0.878007
81 25 0.879724
81 5 0.995484
81 38 1.016188
81 0 1.158686
81 6 1.157010
81 21 1.153678
81 17 1.167741
81 13 1.172403
81 32 1.193232
81 24 1.240462
81 16 1.297738
81 3 1.315583
81 22 1.337683
81 18 1.347781
81 19 1.365014
81 1 1.386930
81 42 1.480040
81 36 1.493931
81 41 1.519118
81 4 1.575237
81 2 1.600528
81 23 1.581698
81 33 1.599680
81 39 1.648025
81 34 1.661963
81 30 1.679665
81 31 1.681990
81 15 1.708222
81 14 1.739369
81 20 1.737310
81 40 1.708347
81 37 1.729119
81 35 1.870896
82 8 0.564927
82 11 0.399752
82 12 0.532648
82 14 0.469466
82 1 0.818561
82 27 0.413088
82 13 0.501947
82 10 0.704450
82 3 1.042406
82 31 0.614590
82 26 0.630434
82 9 0.801579
82 0 1.089920
82 29 0.665104
82 6 1.086131
82 4 1.137400
82 7 1.077713
82 30 0.740106
82 5 1.196700
82 40 0.814319
82 28 0.872073
82 25 0.919354
82 23 0.931818
82 21 0.946139
82 2 1.367561
82 16 1.062403
82 36 0.983526
82 34 1.008184
82 38 0.979790
82 19 1.054638
82 24 1.054268
82 32 1.040118
82 41 0.998590
82 37 1.019643
82 20 1.088189
82 18 1.141917
82 15 1.175110
82 42 1.065980
82 39 1.187172
82 17 1.302338
82 22 1.299553
82 35 1.440301
82 33 1.472647
83 8 0.371363
83 12 0.502240
83 9 0.601411
83 11 0.608000
83 7 0.694812
83 10 0.748354
83 3 0.756221
83 29 0.855755
83 2 0.888598
83 28 0.984101
83 1 1.016789
83 6 1.019569
83 13 1.145351
83 5 1.153887
83 16 1.167119
83 26 1.185170
83 30 1.186437
83 15 1.224040
83 19 1.220443
83 0 1.320358
83 25 1.308419
83 37 1.290433
83 4 1.352265
83 14 1.353689
83 32 1.391337
83 38 1.390096
83 27 1.420888
83 40 1.515954
83 17 1.556567
83 36 1.541694
83 41 1.595241
83 18 1.654595
83 24 1.669483
83 31 1.658858
83 35 1.659974
83 42 1.657469
83 33 1.678415
83 39 1.751957
83 21 1.789509
83 23 1.794166
83 34 1.825018
83 20 1.856234
83 22 1.867346
84 5 0.528391
84 6 0.612060
84 10 0.654076
84 7 0.671053
84 11 0.701587
84 22 0.692444
84 27 0.691580
84 9 0.717591
84 8 0.742390
84 25 0.733537
84 26 0.741659
84 32 0.817982
84 23 0.929607
84 36 0.989414
84 1 1.044443
84 24 1.021312
84 30 1.020383
84 18 1.068839
84 33 1.094997
84 21 1.137625
84 39 1.117575
84 37 1.157062
84 3 1.208153
84 20 1.197890
84 42 1.207621
84 29 1.227312
84 35 1.224017
84 13 1.270709
84 40 1.248229
84 17 1.308758
84 34 1.290739
84 16 1.325156
84 4 1.362270
84 2 1.370242
84 28 1.350744
84 41 1.337612
84 0 1.413414
84 12 1.401211
84 15 1.403769
84 19 1.398358
84 14 1.421900
84 38 1.429393
84 31 1.458353
85 8 0.446912
85 11 0.475577
85 9 0.533087
85 14 0.569195
85 10 0.599841
85 3 0.755300
85 12 0.771322
85 1 0.813559
85 5 0.841505
85 6 0.853711
85 20 1.011888
85 39 0.982260
85 15 1.026259
85 25 1.025860
85 13 1.086502
85 0 1.107577
85 31 1.085108
85 7 1.196489
85 19 1.224587
85 29 1.260173
85 22 1.326195
85 24 1.332333
85 28 1.346132
85 17 1.379501
85 32 1.402051
85 30 1.435606
85 27 1.539519
85 41 1.528614
85 26 1.554253
85 16 1.568621
85 40 1.588569
85 2 1.719153
85 36 1.700323
85 38 1.708667
85 4 1.764585
85 23 1.791075
85 18 1.798568
85 21 1.801555
85 35 1.808825
85 42 1.823857
85 34 1.848310
85 33 1.873827
85 37 1.920065
86 26 0.739611
86 9 0.766076
86 30 0.747003
86 28 0.794997
86 8 0.939086
86 12 0.958774
86 7 1.064014
86 31 1.093919
86 39 1.133647
86 13 1.202103
86 1 1.244243
86 11 1.258302
86 16 1.279500
86 29 1.284590
86 41 1.295767
86 27 1.324850
86 10 1.361435
86 34 1.501057
86 20 1.526475
86 23 1.553705
86 42 1.558317
86 33 1.575896
86 5 1.671200
86 2 1.683332
86 40 1.660248
86 19 1.713883
86 18 1.809157
86 35 1.791657
86 14 1.818227
86 38 1.793969
86 24 1.808414
86 32 1.800554
86 22 1.812598
86 0 1.835500
86 6 1.830543
86 37 1.800078
86 4 1.843810
86 3 1.848364
86 25 1.842321
86 21 1.856345
86 15 1.905457
86 36 1.882938
86 17 1.916790
87 10 0.528016
87 25 0.529335
87 12 0.556259
87 28 0.544542
87 14 0.627485
87 30 0.614423
87 29 0.631722
87 9 0.671856
87 27 0.684401
87 26 0.818970
87 18 0.903136
87 11 0.928859
87 37 0.920755
87 3 0.964314
87 13 0.959823
87 8 0.999148
87 19 1.097476
87 34 1.079241
87 17 1.106133
87 23 1.109784
87 7 1.170825
87 0 1.196031
87 36 1.159850
87 15 1.190808
87 32 1.168776
87 21 1.191038
87 1 1.242383
87 2 1.281573
87 38 1.237262
87 6 1.309845
87 22 1.298482
87 33 1.296738
87 39 1.324403
87 31 1.354085
87 40 1.353137
87 24 1.397031
87 35 1.383473
87 4 1.429889
87 5 1.516598
87 20 1.523863
87 42 1.495328
87 16 1.544182
87 41 1.517963
88 38 0.545340
88 12 0.657605
88 28 0.669958
88 13 0.707915
88 24 0.698841
88 10 0.716510
88 9 0.726097
88 8 0.785726
88 27 0.779875
88 26 0.884945
88 5 0.938184
88 25 0.922702
88 29 0.964395
88 3 1.032717
88 14 1.080547
88 2 1.096164
88 11 1.140405
88 4 1.194264
88 37 1.175996
88 18 1.218558
88 31 1.207222
88 36 1.241839
88 16 1.303861
88 30 1.289535
88 17 1.327772
88 42 1.298996
88 35 1.360305
88 6 1.438808
88 34 1.416458
88 33 1.467207
88 40 1.461908
88 1 1.558959
88 0 1.565762
88 19 1.637231
88 7 1.704849
88 21 1.702522
88 39 1.707455
88 41 1.739143
88 20 1.799393
88 32 1.828591
88 15 1.958605
88 23 1.983927
88 22 2.157895
89 25 1.086460
89 11 1.107177
89 29 1.197883
89 3 1.325590
89 28 1.352663
89 27 1.360587
89 13 1.374240
89 12 1.386760
89 10 1.395386
89 14 1.392679
89 30 1.453500
89 8 1.481049
89 26 1.464816
89 9 1.507095
89 38 1.485868
89 24 1.511995
89 31 1.681557
89 0 1.735239
89 1 1.781451
89 5 1.832956
89 18 1.829355
89 32 1.846344
89 21 1.930775
89 35 1.938170
89 16 1.978824
89 2 2.032672
89 36 2.009425
89 33 2.034367
89 37 2.056555
89 20 2.080472
89 19 2.094113
89 39 2.083394
89 7 2.132341
89 4 2.153725
89 15 2.159048
89 17 2.197512
89 42 2.179305
89 6 2.217734
89 23 2.213216
89 41 2.200279
89 40 2.221948
89 22 2.403367
89 34 2.595349
90 9 0.521821
90 12 0.527866
90 38 0.496060
90 10 0.613371
90 8 0.648570
90 29 0.630321
90 27 0.634615
90 11 0.735879
90 7 0.800457
90 3 0.929592
90 24 0.906611
90 34 0.894004
90 26 0.905946
90 2 0.952898
90 28 0.931086
90 6 0.969579
90 0 0.996208
90 37 0.966108
90 41 1.014828
90 25 1.049483
90 14 1.100074
90 13 1.114280
90 1 1.138730
90 17 1.172394
90 35 1.181409
90 33 1.205340
90 15 1.284824
90 5 1.314729
90 39 1.307684
90 40 1.335384
90 19 1.376623
90 22 1.391868
90 36 1.384381
90 23 1.419092
90 16 1.448600
90 30 1.478353
90 21 1.508106
90 31 1.541516
90 32 1.596831
90 42 1.591735
90 18 1.637384
90 4 1.652642
90 20 1.675458
91 9 0.530717
91 25 0.699297
91 13 0.775553
91 26 0.784859
91 14 0.814462
91 32 0.835230
91 8 0.927078
91 38 0.901001
91 3 0.938985
91 1 0.942090
91 12 0.955270
91 27 0.947860
91 11 0.965432
91 34 0.941728
91 29 0.951357
91 10 0.978131
91 30 1.083984
91 15 1.129524
91 5 1.146795
91 41 1.185450
91 33 1.228634
91 0 1.334688
91 7 1.329696
91 21 1.316469
91 24 1.313959
91 31 1.334332
91 16 1.378093
91 18 1.396828
91 28 1.387832
91 23 1.394277
91 19 1.398627
91 40 1.383515
91 35 1.413253
91 20 1.452073
91 37 1.443342
91 17 1.471126
91 2 1.503564
91 4 1.547419
91 22 1.538739
91 36 1.525541
91 42 1.565523
91 39 1.625056
91 6 1.725511
92 13 0.855164
92 10 0.976425
92 12 1.031440
92 38 1.098983
92 8 1.310925
92 28 1.328358
92 30 1.386872
92 26 1.423232
92 29 1.441758
92 25 1.478150
92 9 1.495418
92 11 1.505123
92 27 1.500965
92 19 1.543224
92 37 1.521660
92 23 1.539903
92 14 1.564963
92 42 1.588813
92 2 1.644910
92 33 1.674194
92 34 1.694948
92 4 1.761009
92 22 1.755389
92 7 1.782958
92 32 1.811842
92 18 1.868398
92 31 1.866743
92 21 1.906437
92 36 1.898930
92 3 1.953946
92 0 1.968563
92 40 1.947985
92 35 1.967538
92 15 2.060555
92 39 2.043756
92 41 2.071224
92 16 2.118463
92 6 2.160381
92 17 2.163695
92 24 2.211569
92 1 2.250862
92 5 2.247301
92 20 2.258666
93 17 0.653761
93 11 0.659177
93 7 0.695664
93 12 0.706925
93 10 0.817886
93 27 0.878377
93 19 0.907814
93 25 0.935376
93 8 0.976829
93 3 1.242380
93 24 1.235763
93 6 1.307450
93 14 1.339315
93 4 1.347986
93 26 1.354350
93 32 1.532424
93 28 1.552331
93 30 1.550355
93 9 1.574302
93 5 1.578979
93 15 1.572082
93 29 1.598663
93 13 1.618211
93 39 1.637603
93 0 1.864578
93 37 1.824401
93 42 1.877001
93 21 2.028051
93 1 2.114199
93 36 2.096384
93 20 2.129869
93 18 2.132817
93 41 2.168435
93 16 2.202856
93 34 2.227549
93 23 2.277508
93 35 2.286297
93 22 2.317155
93 2 2.391104
93 31 2.399865
93 38 2.455761
93 33 2.498756
93 40 2.561434
94 12 0.996413
94 29 1.218329
94 10 1.252489
94 31 1.276385
94 5 1.361806
94 14 1.381842
94 23 1.389247
94 27 1.507738
94 11 1.556085
94 30 1.602024
94 39 1.612499
94 28 1.644677
94 16 1.672717
94 34 1.686079
94 22 1.727126
94 13 1.749525
94 9 1.891579
94 20 1.879763
94 8 1.893602
94 19 1.882911
94 26 1.876923
94 25 1.893307
94 3 2.038632
94 42 2.011393
94 32 2.039436
94 2 2.101082
94 6 2.111083
94 21 2.113743
94 33 2.101075
94 38 2.106728
94 40 2.125638
94 24 2.153865
94 4 2.187669
94 36 2.179927
94 0 2.230494
94 1 2.254222
94 7 2.262178
94 35 2.263716
94 18 2.302207
94 41 2.291050
94 15 2.319089
94 37 2.316275
94 17 2.456353
95 11 0.531404
95 9 0.573474
95 3 0.884222
95 10 0.683102
95 8 0.808778
95 13 0.668197
95 0 1.072354
95 14 0.764486
95 12 0.792315
95 31 0.501547
95 29 0.563839
95 38 0.481452
95 28 0.618643
95 5 1.166975
95 30 0.611845
95 32 0.604500
95 27 0.643078
95 4 1.258405
95 6 1.259177
95 7 1.283853
95 16 1.036083
95 1 1.531723
95 15 1.156238
95 18 1.036093
95 2 1.644904
95 26 1.023814
95 37 0.897356
95 17 1.222169
95 22 1.112216
95 24 1.087380
95 20 1.150703
95 34 1.049923
95 19 1.183062
95 36 1.013929
95 33 1.103348
95 25 1.189523
95 40 1.068518
95 23 1.267053
95 35 1.138682
95 42 1.072964
95 21 1.324639
95 41 1.127072
95 39 1.149634
96 11 0.706161
96 25 0.695636
96 10 0.889062
96 27 0.912217
96 13 0.931049
96 3 0.947329
96 0 0.951282
96 9 0.943255
96 26 0.923042
96 35 0.918607
96 8 0.975827
96 37 0.940816
96 2 1.031579
96 38 0.997471
96 41 1.011951
96 12 1.058386
96 24 1.052426
96 23 1.062613
96 5 1.087837
96 14 1.091663
96 42 1.094256
96 28 1.142070
96 7 1.168447
96 36 1.222480
96 33 1.232229
96 32 1.274678
96 40 1.269006
96 15 1.305315
96 22 1.308157
96 29 1.306015
96 39 1.341361
96 6 1.420275
96 31 1.400816
96 17 1.434975
96 18 1.439118
96 16 1.467467
96 19 1.472240
96 30 1.504788
96 20 1.549821
96 1 1.584229
96 34 1.550305
96 21 1.669966
96 4 1.753651
97 8 0.483802
97 29 0.540918
97 26 0.588823
97 7 0.618256
97 38 0.719176
97 16 0.759955
97 11 0.778272
97 30 0.758321
97 18 0.794261
97 9 0.859802
97 27 0.865659
97 25 0.910146
97 2 1.048912
97 41 1.005382
97 4 1.095482
97 0 1.158701
97 10 1.160705
97 5 1.167161
97 28 1.173362
97 13 1.192443
97 12 1.193790
97 20 1.196655
97 31 1.183630
97 1 1.214365
97 35 1.229794
97 36 1.229489
97 21 1.276982
97 15 1.284053
97 37 1.327337
97 23 1.378762
97 17 1.456414
97 33 1.458965
97 19 1.492017
97 6 1.514471
97 34 1.528059
97 3 1.590005
97 40 1.603021
97 22 1.636445
97 32 1.647516
97 39 1.649662
97 42 1.733591
97 14 1.802089
97 24 1.949464
98 9 0.723307
98 10 0.923993
98 13 0.876916
98 8 0.957678
98 12 0.969550
98 3 1.275068
98 11 1.005569
98 1 1.363066
98 0 1.486891
98 14 1.077506
98 29 0.637389
98 28 0.681079
98 27 0.702823
98 5 1.603569
98 31 0.681795
98 17 1.322307
98 6 1.720346
98 30 0.816825
98 21 1.214263
98 40 0.738150
98 32 0.910299
98 23 1.183418
98 16 1.557050
98 33 0.951139
98 26 1.150206
98 2 2.174571
98 19 1.583077
98 4 2.173722
98 7 2.002466
98 24 1.440423
98 42 1.082773
98 22 1.582249
98 15 1.910885
98 38 1.141602
98 18 1.931465
98 34 1.291242
98 37 1.283852
98 25 1.628803
98 36 1.349485
98 35 1.361316
98 41 1.387861
98 39 1.522039
98 20 2.067932
99 6 0.639549
99 7 0.642745
99 8 0.686685
99 10 0.687239
99 12 0.637151
99 9 0.702877
99 26 0.541748
99 11 0.869886
99 24 0.703831
99 28 0.666995
99 25 0.721403
99 29 0.692834
99 0 1.501823
99 27 0.965733
99 15 1.262366
99 14 1.304120
99 1 1.672714
99 2 1.661006
99 4 1.612492
99 38 0.829872
99 20 1.199158
99 17 1.396435
99 3 1.760765
99 18 1.428945
99 16 1.467910
99 40 0.999018
99 13 1.589827
99 22 1.453828
99 5 1.929873
99 19 1.586941
99 30 1.376600
99 33 1.349990
99 36 1.270822
99 34 1.339768
99 41 1.231289
99 32 1.418646
99 31 1.463901
99 21 1.641223
99 37 1.345336
99 23 1.669126
99 35 1.412864
99 39 1.406869
99 42 1.357586
100 28 0.397041
100 8 0.479753
100 25 0.525814
100 27 0.540442
100 26 0.574895
100 24 0.586245
100 7 0.614380
100 38 0.609667
100 29 0.625963
100 12 0.659220
100 13 0.774315
100 10 0.778265
100 11 0.793222
100 0 0.846656
100 9 0.856565
100 3 0.874053
100 5 0.909033
100 1 0.947973
100 36 0.948976
100 2 1.008719
100 21 1.141174
100 4 1.174898
100 42 1.132460
100 33 1.186268
100 23 1.200586
100 40 1.216056
100 32 1.235629
100 30 1.252323
100 37 1.243567
100 39 1.243621
100 15 1.293135
100 22 1.298883
100 16 1.318979
100 14 1.328708
100 34 1.310716
100 17 1.351362
100 41 1.323977
100 19 1.361834
100 6 1.397923
100 20 1.407097
100 35 1.462957
100 18 1.493017
100 31 1.489136
101 7 0.544039
101 8 0.563291
101 23 0.570702
101 25 0.566771
101 13 0.603429
101 10 0.663877
101 12 0.663006
101 24 0.750418
101 2 0.802942
101 26 0.795440
101 17 0.811350
101 11 0.848662
101 0 0.949755
101 36 0.963284
101 3 1.036545
101 9 1.057742
101 1 1.082908
101 33 1.043196
101 29 1.074024
101 32 1.087584
101 27 1.098251
101 38 1.082317
101 35 1.090820
101 28 1.119942
101 14 1.140058
101 4 1.232573
101 39 1.186903
101 19 1.350717
101 34 1.326534
101 5 1.367294
101 22 1.349393
101 16 1.395623
101 15 1.398191
101 41 1.360426
101 20 1.393560
101 37 1.369024
101 40 1.408054
101 18 1.469619
101 6 1.521222
101 31 1.595297
101 42 1.606146
101 30 1.629198
101 21 2.156133
102 26 0.466326
102 8 0.498559
102 25 0.542257
102 24 0.545292
102 13 0.608164
102 12 0.708368
102 14 0.729925
102 28 0.724354
102 10 0.770146
102 9 0.816167
102 11 0.852597
102 1 0.872459
102 36 0.860553
102 3 0.929049
102 29 0.900305
102 0 0.940829
102 5 0.964139
102 38 1.005120
102 18 1.046424
102 27 1.041422
102 31 1.039851
102 32 1.047736
102 17 1.089071
102 4 1.121523
102 35 1.120510
102 7 1.207919
102 2 1.223527
102 22 1.253150
102 42 1.224215
102 23 1.271567
102 37 1.267272
102 16 1.305605
102 41 1.284821
102 34 1.322673
102 20 1.351274
102 15 1.401704
102 33 1.385175
102 19 1.423221
102 39 1.402024
102 6 1.449303
102 40 1.416372
102 21 1.445057
102 30 1.440642
103 9 0.536512
103 26 0.534938
103 11 0.554741
103 25 0.559313
103 13 0.574242
103 14 0.573867
103 29 0.646719
103 8 0.697320
103 39 0.745059
103 28 0.794492
103 27 0.819362
103 10 0.909117
103 12 0.942385
103 30 0.936100
103 18 1.037717
103 3 1.072748
103 17 1.147399
103 19 1.261891
103 23 1.277658
103 5 1.312026
103 35 1.354889
103 38 1.365828
103 6 1.447555
103 4 1.466663
103 1 1.492381
103 16 1.488958
103 24 1.479322
103 2 1.502990
103 37 1.477395
103 34 1.510828
103 40 1.500683
103 42 1.498726
103 33 1.514806
103 32 1.609388
103 36 1.623784
103 22 1.649329
103 41 1.617363
103 0 1.673206
103 15 1.699069
103 21 1.711795
103 7 1.782892
103 31 1.851663
103 20 2.144344
104 26 0.604546
104 25 0.638425
104 23 0.679966
104 37 0.677014
104 8 0.734270
104 13 0.744392
104 7 0.757722
104 9 0.758719
104 27 0.767925
104 0 0.899267
104 24 0.886255
104 10 0.973971
104 31 0.969831
104 11 1.006874
104 34 1.028329
104 12 1.062080
104 41 1.042751
104 2 1.109817
104 28 1.100396
104 3 1.165348
104 18 1.156985
104 32 1.141558
104 4 1.175895
104 15 1.171632
104 6 1.236026
104 39 1.236255
104 33 1.252782
104 5 1.293481
104 38 1.264629
104 40 1.300259
104 1 1.347578
104 36 1.345850
104 17 1.379010
104 30 1.362588
104 29 1.380924
104 14 1.426421
104 20 1.450960
104 22 1.463354
104 42 1.444981
104 16 1.506786
104 19 1.519880
104 35 1.498493
104 21 1.562595
105 37 0.470330
105 7 0.510492
105 26 0.510418
105 8 0.537351
105 9 0.573058
105 25 0.650031
105 23 0.659950
105 11 0.673684
105 27 0.724620
105 10 0.766368
105 0 0.877482
105 13 0.874962
105 12 0.948595
105 24 0.967445
105 34 0.966137
105 2 1.094558
105 22 1.119095
105 5 1.162039
105 16 1.369929
105 40 1.362607
105 1 1.413333
105 4 1.422366
105 29 1.426633
105 31 1.489059
105 17 1.507233
105 3 1.527865
105 30 1.500339
105 39 1.553032
105 38 1.613300
105 35 1.630742
105 20 1.657342
105 19 1.668537
105 33 1.662575
105 32 1.676398
105 41 1.681275
105 42 1.709124
105 36 1.749491
105 6 1.788588
105 15 1.784352
105 14 1.792029
105 28 1.785007
105 21 1.794382
105 18 1.807446
106 12 0.495175
106 9 0.543337
106 11 0.553146
106 8 0.558113
106 26 0.538946
106 13 0.584155
106 10 0.717302
106 24 0.703114
106 28 0.886010
106 25 0.905395
106 27 0.900986
106 5 1.043746
106 1 1.080466
106 29 1.084230
106 14 1.116222
106 36 1.109387
106 3 1.215523
106 37 1.237565
106 15 1.295541
106 33 1.289287
106 19 1.361436
106 21 1.370661
106 0 1.409168
106 31 1.397560
106 41 1.395005
106 32 1.409593
106 7 1.455801
106 2 1.473796
106 16 1.497963
106 34 1.503615
106 4 1.553949
106 17 1.556774
106 30 1.541748
106 18 1.602860
106 20 1.667782
106 39 1.648409
106 35 1.672030
106 42 1.671494
106 38 1.706793
106 6 1.833201
106 23 1.824916
106 22 1.859016
106 40 1.870942
107 10 0.591531
107 36 0.589819
107 9 0.642576
107 21 0.631354
107 7 0.676421
107 24 0.681085
107 25 0.798170
107 8 0.860141
107 26 0.894033
107 1 0.934774
107 23 0.916084
107 22 0.934308
107 11 0.964887
107 13 0.998301
107 12 1.025612
107 3 1.034294
107 0 1.161235
107 4 1.227549
107 2 1.398944
107 35 1.385369
107 18 1.424162
107 5 1.461811
107 27 1.439117
107 29 1.473822
107 37 1.479831
107 33 1.511990
107 31 1.639914
107 39 1.647250
107 19 1.692950
107 28 1.681089
107 38 1.667612
107 34 1.741713
107 41 1.854692
107 14 1.896045
107 32 1.905848
107 30 1.908923
107 40 1.927535
107 6 1.988320
107 17 2.035864
107 15 2.054533
107 16 2.071676
107 20 2.164208
107 42 2.354015
108 23 0.642008
108 11 0.664814
108 10 0.677495
108 8 0.687158
108 9 0.818343
108 12 0.827722
108 22 0.881977
108 27 0.949706
108 26 0.969462
108 13 0.995811
108 14 1.003290
108 24 1.027463
108 37 1.017104
108 25 1.091900
108 2 1.371638
108 33 1.344837
108 0 1.443584
108 5 1.512727
108 28 1.529659
108 31 1.534765
108 7 1.562607
108 41 1.523152
108 3 1.652567
108 30 1.632582
108 34 1.674901
108 29 1.738372
108 42 1.729278
108 39 1.743027
108 36 1.778560
108 1 1.843757
108 15 1.897040
108 4 1.914732
108 16 2.009725
108 19 2.015592
108 21 2.023301
108 35 2.017558
108 20 2.046227
108 17 2.059957
108 18 2.128587
108 38 2.134512
108 6 2.375071
108 40 2.343739
108 32 2.413667
109 24 0.690141
109 8 0.747401
109 11 0.745790
109 27 0.762463
109 10 0.791711
109 9 0.942763
109 37 0.910053
109 28 0.922090
109 14 0.959778
109 25 0.988659
109 13 1.038270
109 1 1.057230
109 29 1.052040
109 0 1.143462
109 20 1.135745
109 26 1.128486
109 12 1.156346
109 32 1.189067
109 36 1.297723
109 2 1.362607
109 23 1.351543
109 19 1.359263
109 4 1.380323
109 40 1.392233
109 5 1.452870
109 6 1.461301
109 16 1.467111
109 3 1.491483
109 39 1.461001
109 7 1.522813
109 35 1.506322
109 21 1.533732
109 31 1.521540
109 30 1.525954
109 33 1.532552
109 15 1.592811
109 38 1.572022
109 34 1.611421
109 41 1.632711
109 42 1.659859
109 22 1.697761
109 17 1.719991
109 18 1.740618
110 8 0.633209
110 11 0.646700
110 28 0.641317
110 9 0.679698
110 13 0.677189
110 12 0.679423
110 38 0.814951
110 10 1.068344
110 23 1.178595
110 25 1.177022
110 26 1.176579
110 24 1.178878
110 3 1.201306
110 14 1.193534
110 6 1.207994
110 27 1.220245
110 5 1.258414
110 15 1.308942
110 36 1.307087
110 2 1.389897
110 1 1.405712
110 7 1.402997
110 0 1.473373
110 4 1.492859
110 31 1.476445
110 42 1.459944
110 18 1.576981
110 41 1.558517
110 22 1.602730
110 30 1.592484
110 16 1.654053
110 37 1.650980
110 39 1.667791
110 35 1.688271
110 17 1.712879
110 40 1.721903
110 34 1.747811
110 19 1.795479
110 33 1.789447
110 32 1.833187
110 20 1.889244
110 29 1.968729
110 21 2.101910
111 25 0.551320
111 28 0.665125
111 7 0.693960
111 3 0.698036
111 26 0.672694
111 8 0.695150
111 37 0.657095
111 9 0.695428
111 11 0.694795
111 12 0.694372
111 29 0.678405
111 10 0.766102
111 30 0.753239
111 27 0.773905
111 31 0.870981
111 4 0.914870
111 0 0.931107
111 5 0.928429
111 13 0.933325
111 14 0.957821
111 16 0.967461
111 15 1.065282
111 18 1.072290
111 2 1.089178
111 40 1.078920
111 1 1.145414
111 22 1.164395
111 17 1.182958
111 20 1.195050
111 36 1.171076
111 34 1.182108
111 23 1.227870
111 21 1.245146
111 24 1.242764
111 39 1.232206
111 38 1.260593
111 33 1.267405
111 42 1.268528
111 35 1.279902
111 19 1.315287
111 32 1.296669
111 6 1.352448
111 41 1.308186
112 12 0.865157
112 10 0.868062
112 13 0.865682
112 8 1.081600
112 29 1.049429
112 9 1.084424
112 14 1.079521
112 6 1.253823
112 3 1.287020
112 2 1.368139
112 5 1.422655
112 30 1.406511
112 1 1.500292
112 28 1.629895
112 40 1.635325
112 32 1.646862
112 0 1.762768
112 7 1.782915
112 36 1.765798
112 11 1.810164
112 26 1.849005
112 27 2.033598
112 25 2.071056
112 4 2.126410
112 18 2.190888
112 42 2.175960
112 37 2.194754
112 41 2.189968
112 31 2.255081
112 34 2.274294
112 22 2.301283
112 19 2.382887
112 17 2.644727
112 21 2.848174
112 16 2.950560
112 15 2.971577
112 33 2.962021
112 39 3.017347
112 23 3.096283
112 38 3.094636
112 35 3.202895
112 24 3.241166
112 20 3.356327
113 9 0.618363
113 8 0.765729
113 11 0.630765
113 10 0.816879
113 14 0.703443
113 13 0.787225
113 22 0.593119
113 0 1.739252
113 12 0.876610
113 24 0.625680
113 2 1.597578
113 26 0.660331
113 25 0.671466
113 23 0.717627
113 4 1.661380
113 1 1.740946
113 3 1.704298
113 27 0.748157
113 7 1.367778
113 37 0.652328
113 5 1.760265
113 6 1.558902
113 16 1.190067
113 21 1.187207
113 17 1.355754
113 28 1.155306
113 34 1.124811
113 29 1.230988
113 15 1.466916
113 18 1.451858
113 20 1.437123
113 35 1.190411
113 33 1.244106
113 32 1.272114
113 41 1.082721
113 19 1.553374
113 31 1.333856
113 38 1.212516
113 42 1.128630
113 36 1.310177
113 40 1.201527
113 39 1.303437
113 30 1.502339
114 37 0.620496
114 7 0.775866
114 27 0.752005
114 24 0.759078
114 11 0.775668
114 12 0.776408
114 10 0.790077
114 25 0.789542
114 9 0.849757
114 28 0.841017
114 8 0.888594
114 26 0.907031
114 13 0.943850
114 23 0.949210
114 1 1.015432
114 3 1.037230
114 0 1.195618
114 33 1.180364
114 2 1.349792
114 5 1.367299
114 4 1.401825
114 16 1.427508
114 15 1.442258
114 30 1.472654
114 6 1.533649
114 14 1.534532
114 21 1.548656
114 35 1.552493
114 19 1.583408
114 38 1.575644
114 18 1.632721
114 36 1.614433
114 39 1.624363
114 20 1.661917
114 31 1.647922
114 29 1.667198
114 34 1.734011
114 42 1.735528
114 32 1.762606
114 22 1.789543
114 41 1.768785
114 40 1.814959
114 17 1.878425
115 6 0.738155
115 9 0.711203
115 8 0.731554
115 7 0.758808
115 0 1.323653
115 3 1.228924
115 12 0.699734
115 10 0.868359
115 11 0.777296
115 1 1.304612
115 2 1.342662
115 4 1.337950
115 24 0.607140
115 26 0.561717
115 29 0.599438
115 5 1.367178
115 27 0.624671
115 28 0.634320
115 25 0.752886
115 16 1.015480
115 15 1.047556
115 19 1.012915
115 38 0.537604
115 14 1.186369
115 21 0.990387
115 13 1.211512
115 20 1.023822
115 17 1.147017
115 39 0.607517
115 18 1.204480
115 32 0.753159
115 22 1.169257
115 23 1.181006
115 34 0.835137
115 41 0.736387
115 35 0.854808
115 37 0.849607
115 42 0.779647
115 30 0.991212
115 33 0.916397
115 40 0.879846
115 31 1.059040
115 36 1.038638
116 14 0.563771
116 13 0.586442
116 9 0.626008
116 10 0.625770
116 12 0.642469
116 11 0.644909
116 27 0.733678
116 24 0.952617
116 8 1.049142
116 2 1.072990
116 3 1.091766
116 1 1.135478
116 25 1.282385
116 5 1.305426
116 28 1.325120
116 7 1.370731
116 4 1.403356
116 6 1.516965
116 0 1.608017
116 23 1.711943
116 19 1.752893
116 26 1.911407
116 29 1.979873
116 15 2.052855
116 16 2.080515
116 39 2.060747
116 18 2.097052
116 35 2.069707
116 32 2.136109
116 30 2.140703
116 21 2.193151
116 37 2.212401
116 38 2.284524
116 17 2.338748
116 42 2.296156
116 34 2.494985
116 20 2.536183
116 36 2.596714
116 31 2.636180
116 41 2.636238
116 33 2.649858
116 22 2.779417
116 40 2.783160
117 9 0.815567
117 8 1.055950
117 13 0.865871
117 10 1.093421
117 14 0.816600
117 12 1.110260
117 1 1.491212
117 25 0.661093
117 3 1.662565
117 27 0.670790
117 11 1.485361
117 4 1.700092
117 26 0.703318
117 5 1.729431
117 28 0.721352
117 29 0.827279
117 39 0.693796
117 30 0.874872
117 2 2.060225
117 16 1.509422
117 0 2.241478
117 6 2.216606
117 18 1.494948
117 24 1.362553
117 22 1.422583
117 7 2.371616
117 19 1.682966
117 21 1.554096
117 20 1.650832
117 15 2.004719
117 31 1.390395
117 32 1.354529
117 23 1.628871
117 17 1.917220
117 36 1.417922
117 37 1.518355
117 40 1.483065
117 38 1.499440
117 34 1.563977
117 33 1.583515
117 35 1.580712
117 41 1.494387
117 42 1.688712
118 12 0.605163
118 30 0.636604
118 11 0.686741
118 27 0.663653
118 29 0.663221
118 28 0.688623
118 14 0.732536
118 37 0.721478
118 8 0.764303
118 13 0.788575
118 25 0.833983
118 10 0.971287
118 9 1.002332
118 26 1.033383
118 1 1.297591
118 31 1.294584
118 0 1.355971
118 5 1.363106
118 36 1.354780
118 4 1.524431
118 20 1.507555
118 21 1.506849
118 7 1.525383
118 3 1.530171
118 6 1.546079
118 35 1.527829
118 34 1.530233
118 17 1.560319
118 19 1.597025
118 23 1.598046
118 38 1.583958
118 42 1.641650
118 2 1.722255
118 32 1.683890
118 33 1.685330
118 15 1.734195
118 22 1.743997
118 18 1.770844
118 40 1.732618
118 16 1.774934
118 24 1.797960
118 39 1.792245
118 41 1.868383
119 9 0.705327
119 28 0.699903
119 27 0.768564
119 11 0.800149
119 25 0.792474
119 13 0.853526
119 10 0.890635
119 7 0.924325
119 26 0.983403
119 12 1.013602
119 8 1.026852
119 37 1.041300
119 3 1.202475
119 2 1.222780
119 29 1.226601
119 1 1.308289
119 0 1.318995
119 32 1.290286
119 17 1.371776
119 4 1.409564
119 15 1.427477
119 14 1.446282
119 24 1.448523
119 30 1.440789
119 33 1.442686
119 35 1.442121
119 5 1.501372
119 39 1.466466
119 22 1.565891
119 34 1.572670
119 20 1.607145
119 42 1.568965
119 41 1.584127
119 31 1.662324
119 21 1.806315
119 40 1.791595
119 6 1.861046
119 19 1.900751
119 18 2.078567
119 38 2.056489
119 16 2.198941
119 23 2.255613
119 36 2.250934
120 5 1.012304
120 7 1.011567
120 24 1.024637
120 9 1.095411
120 6 1.179130
120 10 1.176610
120 28 1.152132
120 2 1.557062
120 21 1.798279
120 4 1.850025
120 26 1.834248
120 41 1.867892
120 23 1.905716
120 11 1.959351
120 12 2.024435
120 37 2.204501
120 31 2.253881
120 8 2.288756
120 32 2.552002
120 25 2.606785
120 29 2.645927
120 18 2.951755
120 33 2.981793
120 0 3.110587
120 13 3.158222
120 27 3.170919
120 20 3.216490
120 42 3.210973
120 1 3.306309
120 40 3.279886
120 15 3.371146
120 22 3.397740
120 3 3.443694
120 36 3.546744
120 19 3.608421
120 30 3.613692
120 14 3.641793
120 17 3.638183
120 35 3.607348
120 39 3.622290
120 34 3.659761
120 16 3.693291
120 38 3.699710
