21 1 0.131669
21 0 0.138872
21 3 0.171028
21 2 0.173920
21 9 0.161324
21 8 0.169847
21 4 0.187852
21 6 0.179090
21 7 0.189514
21 11 0.208721
21 5 0.223005
21 10 0.220516
21 12 0.222310
21 13 0.247497
21 16 0.252671
21 25 0.239672
21 23 0.248862
21 21 0.266620
21 19 0.272708
21 20 0.271944
21 15 0.283597
21 24 0.262879
21 26 0.257452
21 42 0.208825
21 17 0.283094
21 18 0.283356
21 36 0.231719
21 28 0.259772
21 30 0.253648
21 22 0.274346
21 34 0.240667
21 14 0.296996
21 31 0.255851
21 27 0.266303
21 29 0.261809
21 39 0.236186
21 37 0.238997
21 35 0.244172
21 32 0.263054
21 33 0.256886
21 38 0.247415
21 40 0.234569
21 41 0.234274
22 0 0.163973
22 5 0.176143
22 1 0.190349
22 3 0.189070
22 2 0.223022
22 4 0.222452
22 8 0.219302
22 9 0.257926
22 10 0.259678
22 11 0.259028
22 13 0.261601
22 25 0.248454
22 15 0.267743
22 24 0.256950
22 14 0.269113
22 20 0.261884
22 12 0.271818
22 16 0.271418
22 23 0.262877
22 6 0.281767
22 18 0.271781
22 7 0.284038
22 22 0.267682
22 33 0.253662
22 19 0.273129
22 36 0.250743
22 21 0.271375
22 41 0.245707
22 34 0.254722
22 17 0.281778
22 42 0.249289
22 37 0.255889
22 28 0.270490
22 35 0.261021
22 32 0.267116
22 26 0.275037
22 30 0.272666
22 27 0.278375
22 29 0.278842
22 31 0.278806
22 40 0.268361
22 39 0.270092
22 38 0.272069
23 0 0.169191
23 5 0.173946
23 6 0.173348
23 4 0.181674
23 10 0.259789
23 28 0.247284
23 2 0.275744
23 1 0.276980
23 16 0.267564
23 34 0.247008
23 8 0.276019
23 26 0.259847
23 9 0.279791
23 39 0.245720
23 12 0.278313
23 22 0.267757
23 25 0.265552
23 23 0.269028
23 38 0.253165
23 14 0.283303
23 27 0.268525
23 21 0.277095
23 36 0.259321
23 30 0.266840
23 11 0.290208
23 24 0.276929
23 18 0.286211
23 31 0.273965
23 13 0.295005
23 7 0.304221
23 35 0.273663
23 3 0.308956
23 20 0.293752
23 19 0.295857
23 15 0.303224
23 32 0.286226
23 17 0.304453
23 37 0.296755
23 29 0.328423
23 33 0.347828
23 40 0.354126
23 42 0.403462
23 41 0.430783
24 0 0.167239
24 1 0.171038
24 2 0.186340
24 4 0.193725
24 3 0.217447
24 7 0.218435
24 5 0.241438
24 6 0.246805
24 9 0.259271
24 16 0.258010
24 8 0.276689
24 31 0.241372
24 12 0.273518
24 13 0.272100
24 22 0.264293
24 26 0.258193
24 21 0.267716
24 24 0.264705
24 10 0.287461
24 25 0.263192
24 40 0.240870
24 11 0.288987
24 38 0.244832
24 36 0.246781
24 23 0.271776
24 15 0.286602
24 17 0.281399
24 18 0.279738
24 14 0.288543
24 34 0.255829
24 29 0.266025
24 37 0.255799
24 20 0.285879
24 30 0.269691
24 27 0.274441
24 42 0.253533
24 28 0.275720
24 19 0.290954
24 39 0.261502
24 33 0.270870
24 41 0.259811
24 32 0.278137
24 35 0.276211
25 0 0.139134
25 3 0.154966
25 4 0.162459
25 2 0.190162
25 5 0.215527
25 6 0.225904
25 1 0.235534
25 13 0.253225
25 10 0.268796
25 17 0.264622
25 11 0.271625
25 8 0.275687
25 21 0.262026
25 26 0.255575
25 9 0.276136
25 12 0.275549
25 36 0.243834
25 22 0.265695
25 25 0.265612
25 14 0.279778
25 15 0.281716
25 24 0.273410
25 16 0.285267
25 7 0.294483
25 23 0.279165
25 32 0.271746
25 20 0.290188
25 31 0.275809
25 18 0.295428
25 33 0.274853
25 30 0.284592
25 29 0.286048
25 38 0.273527
25 41 0.270660
25 37 0.279333
25 35 0.283316
25 19 0.307199
25 27 0.296633
25 39 0.279685
25 28 0.299173
25 34 0.290914
25 40 0.284121
25 42 0.285283
26 0 0.185024
26 6 0.186686
26 5 0.193967
26 7 0.207004
26 3 0.249760
26 1 0.260925
26 17 0.249671
26 9 0.258754
26 20 0.250243
26 10 0.262556
26 13 0.262481
26 23 0.258668
26 11 0.273252
26 14 0.271912
26 29 0.255579
26 16 0.271702
26 19 0.269437
26 18 0.270615
26 30 0.257745
26 28 0.260550
26 24 0.266848
26 12 0.280581
26 27 0.264453
26 15 0.279168
26 26 0.266753
26 22 0.275925
26 25 0.273529
26 2 0.297896
26 31 0.268091
26 39 0.259337
26 34 0.268652
26 41 0.260601
26 4 0.301611
26 33 0.271669
26 36 0.268919
26 8 0.299172
26 42 0.262258
26 40 0.264532
26 38 0.267581
26 21 0.289318
26 35 0.283193
26 37 0.284717
26 32 0.292242
27 0 0.169737
27 2 0.174172
27 3 0.196301
27 4 0.206507
27 6 0.209977
27 8 0.209388
27 1 0.215805
27 11 0.212865
27 5 0.225055
27 10 0.243300
27 13 0.242573
27 9 0.251146
27 7 0.262397
27 16 0.256559
27 14 0.285543
27 12 0.315241
27 17 0.354992
27 15 0.359538
27 19 0.381000
27 18 0.406587
27 21 0.428084
27 20 0.478283
27 29 0.486313
27 22 0.515303
27 39 0.498873
27 26 0.519001
27 25 0.524281
27 34 0.512778
27 28 0.521224
27 42 0.503303
27 36 0.520891
27 24 0.529311
27 27 0.547705
27 31 0.542466
27 32 0.546288
27 37 0.556080
27 30 0.568880
27 33 0.577727
27 38 0.590501
27 41 0.594958
27 23 0.618256
27 35 0.640639
27 40 0.694916
28 2 0.170948
28 0 0.173177
28 4 0.183527
28 1 0.194124
28 5 0.200557
28 3 0.219788
28 12 0.208603
28 9 0.217254
28 8 0.237222
28 6 0.248400
28 7 0.261063
28 11 0.278185
28 13 0.278274
28 22 0.267653
28 41 0.235622
28 10 0.289146
28 35 0.246421
28 25 0.262967
28 18 0.276976
28 23 0.265962
28 14 0.284785
28 17 0.284365
28 36 0.251862
28 42 0.244216
28 16 0.289182
28 33 0.259089
28 28 0.267955
28 21 0.283182
28 19 0.286438
28 24 0.277862
28 31 0.268720
28 34 0.262760
28 26 0.276046
28 27 0.274178
28 15 0.301590
28 40 0.259894
28 29 0.277863
28 20 0.297625
28 37 0.267745
28 39 0.266337
28 30 0.283228
28 32 0.278157
28 38 0.268824
29 0 0.144418
29 1 0.184880
29 3 0.233327
29 2 0.235122
29 4 0.241059
29 8 0.238037
29 5 0.273911
29 26 0.261536
29 13 0.287190
29 23 0.276783
29 21 0.281210
29 11 0.292868
29 9 0.296258
29 14 0.291710
29 36 0.270825
29 12 0.300803
29 24 0.287070
29 10 0.304918
29 25 0.292052
29 7 0.322623
29 22 0.309004
29 6 0.326573
29 32 0.300566
29 16 0.321538
29 15 0.322767
29 19 0.328950
29 27 0.319486
29 39 0.306501
29 30 0.322965
29 31 0.322247
29 20 0.336280
29 29 0.325736
29 34 0.320349
29 33 0.324546
29 18 0.350163
29 35 0.328683
29 40 0.322641
29 38 0.327518
29 17 0.356417
29 42 0.324443
29 28 0.343761
29 37 0.336173
29 41 0.331830
30 0 0.159622
30 4 0.222106
30 5 0.221794
30 2 0.228099
30 3 0.228031
30 1 0.249867
30 9 0.358368
30 7 0.456891
30 6 0.461991
30 8 0.468210
30 24 0.566777
30 32 0.561448
30 21 0.575344
30 14 0.584423
30 15 0.583710
30 12 0.587168
30 13 0.586831
30 36 0.559437
30 10 0.590372
30 17 0.584223
30 28 0.571278
30 27 0.572641
30 37 0.561455
30 38 0.575110
30 31 0.586042
30 33 0.593703
30 35 0.591636
30 39 0.590672
30 18 0.619339
30 30 0.613353
30 11 0.643634
30 22 0.631014
30 26 0.629691
30 42 0.609673
30 16 0.646651
30 19 0.651078
30 29 0.656113
30 25 0.663759
30 20 0.670541
30 41 0.652883
30 23 0.683164
30 34 0.787929
30 40 0.788604
31 6 0.133317
31 3 0.167224
31 1 0.204319
31 2 0.217441
31 0 0.226526
31 10 0.211493
31 7 0.223666
31 5 0.233230
31 11 0.223771
31 17 0.243477
31 15 0.252437
31 14 0.255072
31 8 0.268963
31 9 0.267821
31 16 0.257566
31 12 0.264066
31 13 0.281532
31 4 0.300831
31 35 0.212763
31 19 0.280459
31 29 0.255428
31 31 0.262307
31 22 0.290853
31 36 0.232394
31 30 0.275272
31 39 0.204944
31 27 0.283902
31 18 0.309081
31 28 0.286843
31 21 0.308775
31 38 0.240933
31 32 0.279465
31 24 0.305514
31 41 0.212318
31 25 0.308976
31 42 0.219226
31 34 0.290505
31 23 0.325309
31 26 0.319814
31 20 0.331581
31 33 0.300856
31 40 0.256218
31 37 0.288326
32 0 0.190598
32 4 0.191950
32 2 0.206131
32 3 0.268838
32 6 0.271461
32 12 0.270154
32 1 0.286886
32 14 0.284536
32 8 0.300301
32 10 0.298568
32 9 0.302301
32 23 0.288401
32 26 0.286768
32 11 0.303012
32 5 0.308945
32 24 0.291541
32 13 0.305635
32 16 0.303487
32 25 0.295936
32 27 0.294594
32 22 0.305953
32 31 0.294368
32 28 0.301182
32 37 0.289661
32 7 0.325794
32 21 0.312258
32 17 0.325707
32 29 0.312331
32 18 0.329303
32 15 0.333234
32 30 0.316055
32 35 0.309908
32 36 0.309808
32 19 0.332328
32 38 0.311358
32 33 0.322197
32 39 0.315644
32 40 0.314839
32 32 0.326818
32 42 0.313131
32 41 0.322560
32 20 0.351779
32 34 0.347213
33 0 0.182717
33 8 0.181088
33 3 0.195087
33 2 0.199936
33 4 0.217518
33 1 0.239061
33 5 0.244109
33 14 0.260448
33 13 0.262031
33 9 0.276773
33 27 0.259822
33 30 0.255723
33 11 0.285229
33 12 0.284454
33 39 0.250527
33 25 0.273370
33 10 0.292215
33 28 0.273145
33 29 0.290823
33 26 0.295105
33 18 0.311201
33 7 0.326639
33 15 0.319353
33 6 0.342668
33 22 0.330145
33 16 0.338710
33 19 0.341647
33 40 0.313175
33 17 0.351282
33 31 0.332790
33 20 0.355033
33 38 0.329221
33 32 0.340443
33 37 0.336105
33 41 0.331004
33 24 0.355881
33 36 0.339119
33 21 0.361821
33 23 0.361698
33 34 0.345917
33 42 0.336079
33 33 0.351306
33 35 0.356743
34 0 0.196069
34 7 0.195312
34 2 0.211350
34 5 0.212814
34 10 0.213891
34 3 0.227571
34 6 0.233881
34 1 0.273235
34 8 0.276254
34 4 0.290058
34 28 0.258982
34 26 0.268517
34 16 0.294009
34 14 0.298645
34 9 0.309956
34 25 0.284297
34 13 0.310327
34 11 0.312831
34 24 0.291834
34 15 0.310745
34 18 0.307011
34 23 0.296322
34 22 0.298934
34 20 0.307309
34 19 0.312459
34 12 0.321692
34 27 0.299211
34 37 0.282268
34 35 0.284899
34 17 0.321405
34 32 0.292587
34 34 0.289828
34 39 0.290817
34 40 0.287827
34 21 0.323138
34 29 0.311728
34 33 0.306000
34 36 0.301298
34 42 0.292214
34 31 0.309405
34 30 0.320979
34 38 0.311059
34 41 0.312215
35 0 0.243323
35 5 0.242104
35 4 0.250970
35 7 0.256123
35 3 0.286507
35 11 0.282602
35 28 0.270311
35 9 0.297685
35 23 0.283494
35 27 0.281069
35 10 0.312765
35 13 0.310420
35 25 0.311480
35 8 0.331497
35 2 0.337425
35 26 0.315365
35 19 0.323383
35 1 0.342274
35 30 0.332141
35 24 0.342725
35 37 0.328289
35 12 0.363300
35 42 0.330495
35 14 0.372198
35 17 0.368924
35 35 0.350588
35 15 0.376736
35 20 0.373252
35 34 0.357194
35 40 0.354364
35 32 0.365716
35 21 0.381148
35 38 0.358515
35 16 0.389017
35 39 0.360533
35 6 0.403869
35 29 0.379423
35 22 0.388237
35 18 0.399749
35 31 0.386954
35 33 0.387302
35 41 0.383501
35 36 0.396171
36 0 0.147349
36 1 0.178911
36 5 0.178921
36 4 0.201582
36 3 0.214514
36 10 0.254311
36 7 0.279154
36 11 0.286157
36 24 0.273573
36 26 0.272572
36 22 0.287395
36 23 0.291840
36 12 0.305476
36 30 0.282889
36 9 0.313923
36 16 0.307833
36 17 0.307243
36 13 0.311328
36 2 0.322838
36 8 0.317491
36 25 0.301568
36 19 0.310853
36 28 0.298032
36 18 0.314146
36 42 0.283630
36 35 0.295733
36 15 0.322298
36 34 0.298009
36 20 0.317869
36 36 0.296670
36 14 0.325040
36 27 0.311470
36 31 0.308345
36 39 0.300090
36 32 0.310735
36 6 0.345193
36 21 0.332139
36 41 0.309436
36 38 0.314953
36 29 0.326838
36 37 0.317612
36 33 0.332387
36 40 0.330816
37 14 0.525184
37 17 0.788800
37 41 0.765687
37 9 0.820197
37 33 0.997415
37 12 1.034695
37 16 1.033480
37 30 1.022368
37 27 1.025740
37 19 1.034067
37 11 1.042233
37 21 1.032926
37 13 1.041184
37 0 1.093995
37 29 1.066516
37 7 1.088538
37 25 1.076372
37 37 1.078308
37 31 1.095568
37 23 1.105887
37 26 1.108547
37 4 1.157639
37 28 1.185609
37 8 1.209695
37 39 1.186909
37 32 1.196017
37 22 1.226213
37 40 1.212788
37 24 1.281468
37 2 1.303550
37 35 1.271903
37 42 1.283543
37 15 1.311865
37 10 1.326324
37 38 1.300516
37 5 1.349047
37 3 1.365903
37 20 1.383187
37 36 1.383370
37 18 1.405885
37 1 1.427035
37 34 1.395723
37 6 1.433348
38 3 0.219575
38 1 0.236777
38 0 0.245588
38 8 0.261762
38 2 0.283592
38 6 0.269885
38 7 0.310851
38 9 0.322655
38 5 0.337950
38 28 0.292693
38 30 0.309014
38 4 0.374980
38 32 0.307318
38 12 0.347641
38 33 0.308214
38 11 0.353929
38 10 0.361023
38 14 0.355704
38 29 0.326570
38 18 0.360174
38 13 0.375953
38 31 0.343460
38 39 0.326343
38 20 0.387818
38 19 0.393051
38 23 0.389824
38 16 0.418215
38 22 0.412307
38 15 0.423830
38 38 0.381716
38 26 0.411652
38 24 0.415435
38 41 0.378756
38 37 0.388067
38 17 0.428417
38 34 0.393679
38 36 0.396641
38 40 0.395354
38 35 0.405881
38 21 0.437748
38 25 0.440883
38 42 0.405792
38 27 0.443903
39 0 0.224492
39 2 0.284283
39 17 0.272292
39 4 0.286157
39 13 0.279354
39 9 0.286087
39 7 0.289315
39 12 0.291103
39 11 0.305293
39 24 0.289073
39 29 0.285472
39 1 0.320708
39 3 0.325266
39 8 0.323351
39 5 0.326708
39 25 0.303844
39 14 0.319462
39 10 0.323678
39 37 0.300936
39 32 0.308713
39 27 0.321371
39 40 0.307611
39 26 0.334336
39 31 0.327741
39 20 0.347713
39 28 0.336547
39 18 0.353142
39 19 0.352663
39 6 0.371307
39 16 0.361809
39 23 0.357815
39 33 0.345337
39 15 0.372857
39 35 0.344034
39 38 0.343566
39 36 0.349855
39 34 0.359729
39 30 0.371437
39 39 0.359273
39 41 0.359688
39 22 0.392192
39 21 0.402217
39 42 0.381083
40 0 0.144396
40 3 0.228197
40 1 0.256856
40 29 0.236720
40 2 0.273919
40 13 0.273173
40 6 0.296097
40 4 0.301156
40 16 0.295525
40 21 0.299740
40 18 0.303585
40 12 0.317755
40 9 0.323856
40 11 0.322225
40 19 0.317649
40 37 0.294635
40 8 0.331282
40 24 0.316046
40 27 0.313450
40 14 0.329646
40 5 0.347544
40 26 0.326918
40 20 0.335122
40 25 0.328728
40 30 0.335557
40 17 0.354276
40 10 0.361997
40 28 0.347748
40 36 0.336283
40 15 0.364584
40 22 0.359555
40 31 0.354728
40 7 0.384926
40 40 0.349326
40 34 0.357866
40 32 0.364936
40 23 0.377310
40 39 0.358599
40 33 0.369635
40 35 0.367383
40 41 0.363476
40 38 0.371908
40 42 0.367020
41 6 0.232614
41 2 0.287321
41 5 0.294096
41 3 0.300935
41 7 0.316131
41 8 0.315901
41 12 0.311966
41 9 0.315444
41 10 0.327789
41 11 0.327291
41 28 0.307063
41 23 0.315216
41 0 0.338430
41 26 0.316061
41 27 0.315229
41 13 0.341556
41 37 0.321735
41 4 0.365485
41 25 0.343595
41 24 0.350458
41 17 0.363218
41 33 0.347987
41 1 0.385491
41 16 0.376387
41 18 0.375421
41 15 0.379424
41 30 0.364793
41 14 0.389935
41 19 0.402904
41 21 0.401353
41 29 0.391738
41 39 0.377473
41 41 0.373950
41 32 0.395615
41 36 0.389476
41 38 0.396240
41 34 0.404959
41 20 0.433508
41 22 0.434841
41 31 0.423605
41 35 0.421588
41 40 0.417931
41 42 0.419909
42 7 0.212666
42 25 0.292696
42 28 0.289708
42 0 0.334974
42 11 0.324340
42 37 0.323459
42 9 0.363398
42 1 0.375694
42 10 0.366620
42 16 0.360521
42 27 0.344301
42 4 0.376984
42 6 0.375164
42 30 0.346044
42 21 0.364904
42 29 0.353246
42 34 0.349908
42 3 0.399716
42 19 0.381342
42 12 0.391581
42 24 0.378500
42 13 0.394702
42 5 0.408519
42 26 0.386656
42 39 0.365353
42 32 0.378597
42 8 0.416353
42 14 0.410196
42 17 0.412430
42 2 0.434908
42 35 0.391175
42 23 0.410878
42 15 0.430159
42 20 0.426659
42 18 0.434885
42 36 0.411647
42 40 0.405436
42 33 0.416337
42 31 0.419615
42 41 0.408444
42 22 0.441199
42 38 0.422662
42 42 0.429108
43 0 0.245481
43 1 0.267790
43 8 0.305781
43 11 0.306212
43 9 0.313413
43 24 0.296970
43 5 0.318700
43 13 0.312316
43 36 0.284434
43 3 0.325347
43 27 0.300356
43 23 0.306607
43 2 0.337781
43 12 0.328936
43 26 0.312940
43 25 0.349976
43 14 0.376505
43 30 0.357012
43 10 0.382858
43 18 0.379617
43 28 0.376073
43 31 0.388744
43 7 0.420717
43 17 0.418924
43 39 0.391485
43 6 0.440153
43 4 0.442945
43 16 0.434762
43 19 0.435345
43 40 0.410740
43 42 0.419069
43 29 0.438830
43 15 0.456018
43 32 0.437475
43 20 0.454813
43 37 0.435649
43 34 0.445166
43 22 0.462673
43 35 0.447815
43 41 0.444678
43 33 0.457354
43 21 0.477408
43 38 0.465251
44 0 0.242636
44 4 0.291983
44 5 0.313087
44 3 0.331653
44 2 0.347859
44 8 0.352625
44 1 0.368443
44 9 0.372249
44 10 0.383134
44 14 0.385357
44 12 0.395132
44 7 0.567895
44 23 0.550242
44 6 0.569627
44 26 0.566260
44 24 0.576830
44 25 0.575545
44 27 0.643973
44 15 0.689376
44 33 0.689399
44 13 0.739611
44 29 0.728009
44 11 0.766207
44 22 0.769135
44 20 0.820351
44 37 0.825763
44 18 0.890966
44 21 0.904648
44 38 0.913109
44 16 0.978343
44 34 0.953167
44 39 0.991918
44 30 1.030121
44 36 1.059190
44 40 1.129161
44 42 1.165919
44 41 1.189868
44 31 1.207724
44 19 1.260791
44 32 1.285412
44 35 1.334676
44 17 1.393048
44 28 1.630239
45 27 0.302701
45 9 0.350296
45 25 0.341229
45 1 0.379889
45 12 0.371883
45 8 0.382509
45 10 0.385304
45 29 0.364892
45 3 0.407300
45 24 0.381343
45 28 0.381552
45 38 0.368559
45 26 0.396388
45 4 0.430120
45 11 0.430729
45 14 0.427095
45 13 0.443772
45 0 0.470793
45 2 0.488564
45 7 0.482537
45 16 0.517858
45 5 0.537713
45 23 0.516191
45 15 0.530147
45 18 0.530520
45 42 0.502728
45 19 0.542221
45 34 0.515727
45 40 0.523116
45 36 0.528528
45 33 0.534905
45 6 0.578890
45 22 0.557472
45 30 0.554352
45 20 0.582963
45 41 0.556654
45 32 0.573357
45 35 0.577996
45 17 0.613855
45 37 0.585043
45 39 0.583471
45 21 0.613883
45 31 0.597612
46 11 0.251610
46 4 0.277667
46 10 0.276962
46 9 0.278262
46 8 0.288755
46 0 0.301983
46 13 0.301088
46 2 0.317302
46 14 0.322303
46 5 0.337481
46 3 0.354332
46 1 0.359924
46 6 0.382420
46 7 0.387263
46 12 0.404975
46 16 0.479679
46 27 0.559256
46 28 0.558594
46 37 0.563257
46 26 0.586516
46 29 0.608098
46 15 0.625436
46 18 0.658208
46 33 0.640092
46 24 0.651338
46 19 0.659631
46 25 0.661283
46 22 0.673211
46 39 0.677485
46 20 0.711123
46 41 0.701287
46 21 0.776226
46 42 0.759896
46 31 0.779478
46 38 0.776482
46 34 0.812553
46 36 0.811113
46 35 0.842239
46 40 0.852443
46 23 0.899020
46 17 0.931372
46 32 0.941099
46 30 0.967466
47 0 0.283588
47 1 0.296207
47 8 0.316933
47 25 0.301210
47 10 0.324554
47 9 0.326117
47 27 0.308185
47 13 0.324434
47 11 0.326697
47 2 0.338383
47 30 0.331609
47 12 0.351047
47 26 0.367199
47 28 0.371195
47 29 0.378508
47 4 0.408271
47 38 0.381996
47 21 0.404107
47 20 0.407384
47 19 0.411655
47 7 0.428787
47 24 0.415731
47 34 0.409205
47 15 0.458703
47 36 0.437585
47 6 0.477050
47 22 0.461786
47 23 0.463678
47 5 0.484397
47 42 0.444468
47 31 0.461028
47 41 0.451131
47 37 0.457009
47 33 0.464849
47 3 0.496977
47 14 0.497445
47 32 0.482193
47 18 0.509858
47 35 0.494044
47 16 0.528829
47 40 0.505952
47 39 0.523103
47 17 0.555855
48 12 0.549591
48 27 0.557164
48 29 0.573526
48 26 0.619088
48 17 0.671867
48 21 0.718708
48 40 0.799787
48 36 0.833178
48 8 0.871411
48 35 0.861246
48 14 0.919490
48 4 0.936838
48 19 0.940273
48 37 0.920813
48 11 0.949585
48 31 0.960242
48 28 1.049026
48 7 1.071851
48 30 1.104456
48 15 1.132663
48 13 1.135043
48 0 1.159090
48 1 1.162847
48 25 1.139585
48 3 1.175165
48 38 1.139934
48 9 1.170318
48 23 1.170654
48 10 1.193219
48 2 1.212546
48 24 1.194043
48 18 1.201946
48 16 1.258881
48 33 1.241946
48 20 1.256767
48 32 1.275493
48 5 1.324158
48 22 1.315008
48 39 1.324338
48 42 1.332581
48 41 1.349540
48 6 1.482345
48 34 1.545300
49 3 0.292116
49 10 0.334895
49 31 0.313037
49 7 0.344405
49 26 0.322049
49 9 0.350010
49 30 0.327783
49 0 0.365062
49 13 0.376978
49 40 0.357361
49 5 0.403204
49 11 0.396210
49 8 0.401096
49 28 0.381305
49 29 0.381508
49 12 0.406052
49 27 0.393953
49 1 0.445822
49 6 0.453277
49 4 0.465633
49 2 0.475551
49 15 0.485912
49 17 0.501247
49 19 0.511456
49 20 0.514683
49 14 0.527556
49 21 0.523482
49 37 0.502445
49 18 0.536143
49 39 0.514338
49 22 0.539116
49 25 0.547901
49 23 0.550028
49 41 0.526741
49 16 0.564393
49 33 0.549947
49 35 0.559981
49 36 0.564540
49 42 0.557208
49 34 0.573078
49 32 0.576505
49 24 0.587835
49 38 0.586135
50 38 0.277800
50 4 0.325227
50 29 0.310173
50 14 0.330765
50 10 0.346040
50 11 0.360105
50 5 0.367991
50 0 0.390104
50 9 0.389371
50 8 0.393242
50 2 0.400324
50 13 0.405530
50 26 0.390921
50 3 0.416783
50 28 0.390002
50 31 0.389752
50 12 0.428854
50 30 0.413681
50 27 0.418389
50 15 0.464212
50 6 0.489483
50 20 0.476405
50 7 0.489206
50 17 0.501484
50 39 0.471475
50 1 0.519788
50 22 0.499740
50 19 0.505466
50 18 0.508348
50 21 0.506097
50 33 0.496351
50 16 0.520287
50 25 0.525687
50 36 0.511368
50 23 0.539114
50 41 0.517248
50 35 0.533305
50 34 0.542354
50 40 0.539856
50 37 0.548926
50 32 0.559984
50 42 0.570314
50 24 0.598570
51 5 0.252659
51 11 0.336001
51 8 0.345837
51 25 0.346562
51 29 0.341706
51 13 0.363958
51 37 0.335660
51 12 0.375792
51 27 0.364348
51 0 0.395320
51 28 0.366855
51 3 0.407402
51 10 0.423338
51 24 0.407731
51 9 0.427481
51 14 0.429267
51 26 0.419753
51 1 0.459636
51 7 0.524387
51 15 0.523041
51 30 0.504159
51 32 0.507113
51 2 0.543771
51 6 0.544317
51 21 0.548517
51 31 0.538970
51 23 0.557387
51 18 0.569837
51 35 0.548304
51 4 0.586218
51 41 0.545061
51 38 0.561145
51 19 0.589424
51 42 0.561827
51 34 0.580394
51 39 0.579083
51 17 0.611744
51 33 0.594434
51 22 0.624216
51 20 0.635046
51 36 0.618337
51 16 0.650628
51 40 0.622462
52 1 0.278523
52 0 0.308848
52 11 0.309743
52 4 0.316310
52 14 0.320834
52 2 0.332171
52 27 0.308935
52 25 0.312276
52 9 0.330605
52 29 0.314336
52 5 0.343628
52 12 0.344758
52 8 0.356141
52 13 0.358363
52 38 0.327482
52 3 0.369165
52 10 0.364877
52 7 0.374120
52 28 0.363474
52 26 0.373875
52 6 0.407615
52 19 0.505013
52 16 0.509199
52 20 0.506321
52 15 0.511729
52 22 0.504471
52 37 0.483769
52 24 0.503062
52 30 0.496218
52 23 0.505890
52 33 0.493918
52 39 0.485163
52 32 0.495697
52 18 0.514612
52 21 0.510994
52 42 0.483026
52 31 0.498487
52 34 0.498355
52 35 0.498199
52 41 0.490235
52 17 0.522637
52 36 0.513976
52 40 0.521228
53 10 0.342173
53 9 0.346654
53 8 0.350971
53 14 0.346290
53 1 0.357991
53 11 0.349612
53 26 0.336942
53 0 0.369883
53 38 0.329212
53 12 0.361422
53 3 0.370004
53 13 0.384146
53 29 0.378436
53 24 0.396372
53 27 0.408715
53 25 0.420314
53 28 0.421936
53 4 0.464503
53 2 0.481235
53 5 0.524625
53 15 0.519449
53 36 0.507835
53 19 0.538537
53 7 0.552075
53 33 0.548178
53 31 0.555217
53 16 0.578698
53 6 0.588935
53 18 0.579164
53 20 0.577372
53 23 0.576802
53 34 0.565594
53 21 0.590078
53 22 0.589994
53 42 0.568160
53 39 0.574385
53 41 0.572840
53 30 0.599983
53 32 0.597580
53 35 0.598197
53 17 0.625820
53 40 0.611257
53 37 0.625219
54 8 0.325993
54 13 0.336225
54 11 0.341129
54 14 0.346095
54 29 0.342412
54 12 0.366391
54 27 0.349316
54 26 0.367212
54 3 0.397102
54 10 0.397130
54 2 0.406621
54 0 0.411494
54 1 0.414636
54 38 0.380395
54 25 0.416485
54 24 0.422550
54 28 0.421394
54 9 0.452368
54 5 0.479759
54 15 0.483317
54 4 0.499965
54 32 0.472526
54 16 0.498147
54 34 0.482623
54 18 0.530006
54 31 0.516596
54 17 0.547211
54 42 0.528075
54 23 0.556674
54 35 0.541056
54 7 0.578490
54 41 0.544785
54 39 0.551536
54 19 0.583306
54 36 0.559873
54 6 0.599683
54 21 0.594196
54 40 0.581042
54 22 0.614579
54 37 0.598182
54 20 0.622697
54 30 0.609591
54 33 0.620197
55 9 0.322285
55 8 0.341696
55 28 0.327685
55 30 0.326203
55 27 0.330421
55 13 0.350848
55 11 0.371272
55 2 0.381040
55 26 0.357115
55 12 0.379109
55 10 0.383572
55 39 0.345937
55 1 0.398566
55 14 0.425314
55 0 0.442434
55 29 0.421292
55 3 0.452126
55 25 0.447261
55 41 0.448245
55 16 0.494796
55 4 0.523224
55 15 0.513107
55 5 0.532463
55 35 0.501279
55 22 0.525367
55 32 0.519834
55 21 0.534720
55 7 0.556255
55 38 0.537131
55 18 0.567579
55 37 0.539268
55 31 0.554073
55 23 0.569428
55 6 0.595843
55 34 0.577266
55 17 0.601107
55 33 0.588175
55 24 0.603985
55 20 0.609502
55 36 0.591309
55 42 0.598983
55 40 0.606887
55 19 0.664182
56 20 0.273465
56 1 0.346268
56 32 0.330809
56 33 0.337828
56 11 0.366429
56 5 0.372565
56 9 0.372349
56 10 0.394673
56 31 0.375309
56 12 0.399956
56 8 0.406849
56 26 0.387924
56 2 0.413780
56 3 0.413144
56 13 0.405608
56 27 0.391356
56 29 0.393431
56 28 0.402728
56 4 0.433235
56 30 0.405016
56 0 0.438995
56 38 0.394963
56 25 0.414379
56 14 0.431260
56 17 0.452166
56 15 0.457846
56 24 0.449159
56 34 0.436626
56 6 0.483988
56 19 0.491233
56 7 0.502734
56 22 0.492268
56 37 0.477353
56 21 0.511607
56 16 0.520310
56 39 0.500980
56 35 0.510599
56 41 0.508586
56 40 0.510752
56 18 0.549380
56 23 0.548511
56 42 0.529821
56 36 0.552060
57 3 0.271699
57 8 0.349933
57 12 0.350011
57 13 0.376956
57 27 0.359347
57 10 0.400824
57 11 0.405630
57 26 0.387868
57 14 0.404310
57 5 0.418298
57 1 0.451282
57 9 0.445955
57 28 0.424190
57 25 0.429990
57 0 0.456136
57 2 0.455182
57 37 0.427549
57 24 0.446450
57 23 0.453756
57 4 0.491149
57 15 0.557409
57 29 0.567609
57 18 0.594471
57 19 0.593984
57 20 0.607040
57 36 0.604250
57 16 0.636514
57 6 0.650222
57 33 0.623978
57 22 0.648109
57 35 0.637824
57 7 0.676945
57 30 0.654751
57 21 0.669296
57 34 0.663251
57 42 0.659967
57 40 0.666627
57 41 0.670871
57 17 0.709601
57 32 0.696433
57 38 0.688672
57 31 0.702255
57 39 0.746697
58 29 0.377510
58 10 0.406018
58 11 0.405675
58 8 0.410376
58 14 0.411579
58 32 0.389403
58 12 0.440322
58 39 0.403776
58 9 0.445073
58 30 0.482675
58 0 0.522348
58 31 0.499927
58 3 0.538918
58 13 0.530423
58 27 0.514883
58 1 0.549301
58 28 0.520321
58 2 0.570483
58 4 0.570416
58 5 0.578449
58 6 0.595026
58 16 0.610814
58 38 0.608319
58 25 0.679465
58 40 0.656790
58 18 0.693962
58 19 0.696142
58 15 0.706621
58 36 0.680341
58 34 0.694049
58 17 0.718807
58 35 0.695455
58 7 0.758512
58 23 0.747190
58 20 0.758730
58 26 0.751627
58 42 0.727939
58 33 0.748017
58 21 0.768106
58 22 0.794159
58 37 0.789054
58 24 0.826058
58 41 0.807109
59 4 0.377946
59 3 0.391962
59 26 0.367286
59 8 0.388466
59 11 0.394852
59 30 0.382841
59 14 0.428758
59 28 0.419914
59 31 0.421470
59 13 0.445734
59 0 0.459329
59 12 0.471333
59 2 0.492688
59 9 0.488346
59 1 0.497657
59 27 0.495544
59 29 0.492196
59 10 0.517556
59 5 0.530047
59 38 0.488260
59 16 0.532700
59 17 0.568521
59 37 0.578467
59 25 0.603327
59 18 0.633644
59 6 0.652401
59 7 0.653233
59 15 0.650444
59 20 0.652580
59 23 0.659459
59 22 0.667329
59 24 0.673085
59 32 0.666951
59 36 0.666235
59 40 0.662552
59 39 0.670406
59 34 0.680992
59 41 0.687609
59 35 0.712792
59 21 0.739945
59 42 0.723504
59 33 0.741701
59 19 0.763280
60 28 0.339248
60 8 0.367538
60 9 0.375603
60 13 0.386763
60 14 0.393067
60 12 0.413513
60 3 0.439020
60 26 0.420676
60 10 0.443188
60 27 0.436079
60 11 0.459157
60 0 0.495121
60 39 0.451081
60 29 0.464896
60 25 0.482456
60 30 0.489397
60 35 0.495658
60 40 0.494111
60 1 0.577759
60 7 0.588776
60 41 0.552904
60 2 0.618945
60 4 0.620904
60 33 0.612362
60 19 0.637273
60 15 0.649779
60 32 0.635893
60 5 0.676189
60 21 0.667731
60 17 0.676192
60 6 0.698855
60 23 0.699604
60 18 0.712654
60 36 0.705202
60 16 0.747948
60 24 0.748296
60 22 0.751894
60 20 0.763703
60 31 0.747983
60 37 0.769947
60 38 0.773328
60 42 0.780673
60 34 0.799864
61 30 0.380906
61 9 0.414061
61 0 0.561123
61 5 0.557428
61 3 0.562141
61 11 0.554787
61 28 0.538070
61 14 0.554751
61 27 0.539904
61 38 0.523958
61 10 0.560174
61 8 0.562607
61 32 0.535240
61 13 0.558890
61 31 0.537612
61 4 0.568128
61 2 0.570300
61 12 0.561096
61 29 0.547501
61 15 0.608247
61 18 0.607008
61 1 0.656238
61 7 0.652846
61 6 0.658596
61 16 0.680030
61 35 0.666470
61 39 0.674821
61 23 0.704192
61 20 0.721093
61 26 0.717735
61 40 0.698664
61 19 0.734484
61 21 0.738668
61 17 0.743406
61 25 0.739098
61 41 0.730478
61 36 0.736881
61 34 0.752739
61 22 0.784211
61 33 0.773256
61 37 0.775768
61 42 0.790508
61 24 0.821667
62 5 0.222988
62 0 0.287102
62 3 0.305431
62 12 0.374744
62 11 0.382387
62 10 0.391570
62 23 0.379094
62 8 0.410789
62 9 0.410405
62 4 0.416513
62 25 0.395974
62 26 0.417773
62 28 0.416061
62 38 0.403308
62 1 0.457033
62 14 0.454533
62 24 0.470370
62 7 0.502902
62 13 0.501518
62 27 0.491547
62 2 0.533102
62 39 0.497398
62 34 0.509229
62 15 0.540257
62 31 0.577507
62 16 0.602207
62 19 0.605995
62 18 0.611664
62 20 0.613747
62 37 0.601283
62 30 0.617072
62 29 0.625610
62 32 0.628723
62 35 0.640071
62 17 0.668849
62 21 0.665292
62 36 0.648865
62 6 0.688425
62 42 0.658169
62 40 0.665084
62 33 0.688209
62 41 0.682485
62 22 0.716546
63 9 0.311619
63 4 0.377776
63 28 0.362369
63 10 0.385642
63 14 0.392038
63 27 0.377733
63 12 0.422423
63 32 0.417735
63 39 0.426253
63 31 0.444586
63 13 0.470386
63 11 0.481432
63 3 0.489625
63 30 0.471149
63 29 0.477024
63 5 0.507021
63 2 0.519953
63 1 0.536042
63 8 0.530410
63 15 0.564196
63 0 0.587823
63 6 0.614927
63 33 0.594801
63 18 0.619325
63 38 0.597493
63 25 0.631650
63 23 0.636891
63 21 0.645153
63 7 0.660218
63 36 0.630075
63 16 0.656199
63 24 0.656813
63 34 0.651249
63 37 0.650471
63 17 0.684832
63 26 0.678223
63 40 0.681769
63 19 0.712133
63 42 0.721378
63 22 0.755487
63 35 0.739052
63 20 0.759510
63 41 0.753411
64 8 0.362933
64 13 0.409990
64 12 0.422030
64 27 0.409178
64 28 0.408986
64 30 0.424357
64 10 0.456185
64 29 0.439141
64 9 0.464113
64 2 0.492715
64 31 0.462457
64 0 0.502685
64 11 0.498078
64 7 0.502300
64 32 0.472896
64 4 0.505984
64 1 0.537185
64 40 0.505416
64 5 0.574409
64 3 0.594883
64 34 0.605873
64 35 0.630496
64 41 0.628405
64 23 0.672440
64 26 0.675860
64 16 0.688363
64 14 0.699163
64 25 0.689677
64 24 0.696321
64 42 0.678432
64 38 0.699693
64 20 0.729817
64 21 0.733532
64 18 0.750755
64 6 0.777412
64 36 0.749834
64 37 0.763720
64 33 0.774915
64 15 0.801912
64 17 0.799842
64 22 0.799923
64 39 0.784648
64 19 0.812464
65 4 0.294688
65 3 0.398207
65 8 0.401750
65 27 0.393166
65 12 0.423066
65 6 0.431880
65 2 0.442604
65 37 0.404557
65 7 0.441238
65 0 0.475191
65 28 0.445148
65 17 0.462919
65 11 0.501211
65 25 0.484921
65 18 0.503491
65 5 0.517478
65 9 0.519721
65 21 0.506287
65 24 0.510234
65 10 0.528403
65 23 0.513481
65 30 0.511556
65 26 0.532414
65 42 0.530049
65 34 0.548712
65 31 0.554663
65 16 0.575730
65 41 0.550217
65 38 0.557029
65 36 0.560308
65 35 0.561600
65 20 0.588387
65 22 0.594317
65 19 0.614424
65 1 0.638814
65 13 0.635713
65 33 0.611184
65 40 0.612850
65 29 0.630080
65 14 0.650515
65 15 0.655126
65 39 0.685470
65 32 0.696686
66 8 0.344676
66 11 0.348688
66 13 0.347057
66 0 0.379516
66 14 0.367645
66 9 0.377785
66 1 0.399949
66 12 0.391394
66 30 0.369714
66 26 0.378731
66 29 0.398036
66 27 0.407401
66 38 0.404131
66 10 0.463661
66 28 0.441546
66 25 0.460650
66 4 0.517194
66 2 0.519501
66 19 0.510947
66 6 0.536443
66 18 0.527245
66 3 0.556364
66 5 0.554841
66 20 0.546040
66 16 0.553961
66 17 0.580206
66 15 0.609604
66 7 0.632320
66 37 0.596200
66 21 0.623235
66 39 0.600793
66 32 0.617308
66 35 0.617879
66 23 0.636167
66 36 0.619467
66 34 0.622263
66 41 0.646750
66 22 0.673913
66 31 0.662081
66 24 0.680090
66 42 0.659369
66 33 0.693259
66 40 0.688400
67 10 0.406914
67 11 0.426079
67 24 0.411259
67 28 0.405469
67 27 0.408556
67 12 0.428081
67 5 0.450619
67 25 0.429145
67 14 0.443827
67 9 0.469478
67 13 0.489386
67 3 0.516684
67 26 0.493607
67 0 0.531802
67 36 0.487720
67 8 0.547432
67 29 0.549885
67 2 0.595657
67 6 0.616587
67 33 0.618734
67 1 0.658175
67 7 0.668532
67 19 0.673102
67 31 0.663842
67 15 0.692479
67 4 0.712932
67 41 0.676382
67 17 0.723085
67 34 0.716412
67 21 0.761484
67 18 0.772287
67 37 0.748962
67 30 0.767675
67 32 0.780388
67 39 0.770387
67 40 0.792221
67 35 0.811458
67 16 0.846324
67 20 0.849767
67 23 0.853900
67 42 0.831706
67 22 0.870619
67 38 0.872077
68 12 0.523940
68 9 0.553355
68 37 0.521590
68 11 0.557328
68 7 0.561692
68 8 0.561006
68 10 0.563023
68 30 0.576354
68 29 0.606353
68 27 0.613829
68 31 0.644779
68 25 0.659064
68 26 0.658827
68 23 0.661753
68 13 0.681548
68 32 0.677191
68 28 0.693851
68 16 0.735962
68 36 0.726110
68 22 0.773991
68 21 0.800969
68 0 0.844241
68 24 0.822565
68 39 0.805461
68 19 0.841674
68 20 0.845563
68 17 0.855468
68 38 0.841960
68 18 0.871707
68 6 0.888596
68 2 0.899528
68 41 0.862481
68 40 0.868339
68 42 0.872013
68 33 0.891222
68 14 0.937728
68 3 0.961656
68 4 0.967185
68 1 0.976392
68 5 0.978100
68 15 0.986185
68 35 0.973775
68 34 0.979461
69 10 0.684447
69 11 0.684175
69 25 0.671946
69 7 0.761826
69 8 0.761516
69 39 0.758526
69 29 0.774873
69 27 0.807278
69 12 0.822363
69 17 0.823126
69 13 0.827000
69 37 0.811296
69 14 0.882059
69 20 0.887337
69 34 0.882128
69 9 0.913316
69 23 0.901697
69 0 0.929073
69 22 0.918192
69 30 0.909753
69 18 0.932434
69 28 0.929990
69 19 0.963597
69 40 0.952968
69 4 0.993045
69 26 0.983369
69 2 1.011557
69 33 0.989951
69 42 0.984609
69 15 1.018745
69 41 0.996098
69 35 1.007765
69 32 1.011342
69 1 1.086679
69 38 1.059374
69 3 1.109478
69 5 1.114779
69 36 1.095519
69 6 1.134104
69 24 1.149336
69 31 1.147973
69 21 1.167183
69 16 1.302504
70 12 0.597300
70 13 0.652394
70 39 0.626001
70 29 0.635716
70 9 0.711901
70 27 0.696032
70 14 0.707627
70 25 0.698971
70 11 0.711998
70 24 0.772159
70 10 0.790589
70 26 0.777646
70 8 0.806164
70 40 0.784600
70 28 0.801405
70 35 0.816837
70 31 0.863543
70 22 0.898043
70 17 0.907001
70 37 0.885912
70 3 0.942417
70 21 0.928754
70 5 0.974792
70 7 0.977693
70 18 0.977260
70 20 0.992429
70 42 0.980590
70 4 1.027859
70 41 0.994043
70 33 1.023508
70 23 1.041448
70 38 1.047031
70 15 1.075900
70 1 1.098916
70 6 1.101852
70 2 1.120878
70 32 1.098222
70 16 1.123630
70 0 1.158509
70 30 1.131447
70 19 1.171174
70 34 1.191122
70 36 1.213991
71 24 0.595240
71 26 0.622723
71 6 0.645811
71 29 0.639900
71 28 0.642687
71 12 0.668006
71 25 0.683350
71 7 0.702722
71 32 0.706901
71 10 0.772828
71 8 0.780541
71 16 0.836754
71 11 0.914228
71 9 0.927162
71 37 0.919052
71 22 0.966042
71 13 0.984557
71 40 0.967108
71 42 0.966247
71 1 1.018494
71 2 1.021015
71 27 1.002150
71 0 1.032445
71 14 1.026139
71 35 1.004699
71 31 1.016527
71 19 1.070842
71 15 1.124975
71 30 1.124835
71 20 1.139433
71 34 1.126445
71 18 1.149573
71 36 1.164124
71 3 1.211476
71 5 1.213428
71 41 1.180612
71 38 1.214263
71 17 1.260936
71 39 1.260078
71 4 1.301128
71 33 1.286410
71 23 1.319643
71 21 1.331825
72 12 0.460127
72 2 0.554306
72 17 0.540817
72 29 0.513424
72 13 0.595436
72 10 0.608368
72 9 0.622355
72 5 0.626855
72 8 0.625933
72 15 0.638227
72 7 0.659734
72 16 0.657065
72 26 0.644823
72 20 0.667530
72 14 0.684903
72 0 0.718750
72 38 0.579831
72 4 0.754656
72 34 0.630451
72 6 0.759876
72 25 0.744432
72 27 0.746041
72 24 0.764367
72 22 0.771539
72 28 0.731794
72 41 0.669193
72 11 0.810355
72 1 0.827797
72 31 0.722742
72 21 0.818713
72 37 0.734516
72 18 0.855894
72 3 0.884776
72 23 0.879231
72 36 0.844365
72 33 0.872207
72 42 0.871777
72 19 1.006671
72 40 0.903079
72 32 0.937674
72 39 0.915394
72 35 0.935881
72 30 1.111081
73 26 0.680590
73 37 0.684709
73 8 0.723332
73 25 0.711949
73 11 0.732631
73 14 0.742920
73 24 0.763159
73 10 0.776964
73 12 0.775970
73 28 0.762829
73 13 0.803131
73 23 0.822208
73 27 0.826678
73 9 0.844441
73 38 0.876132
73 42 0.922495
73 35 0.933835
73 21 0.978313
73 33 0.968664
73 31 0.978146
73 16 1.036155
73 34 1.038710
73 1 1.076006
73 0 1.087362
73 20 1.073482
73 2 1.090681
73 22 1.098588
73 5 1.131426
73 40 1.119577
73 30 1.137440
73 19 1.156403
73 36 1.150594
73 17 1.179629
73 18 1.186377
73 3 1.204340
73 7 1.225521
73 32 1.204844
73 6 1.237794
73 39 1.215760
73 41 1.214764
73 4 1.296880
73 29 1.294765
73 15 1.361313
74 8 0.552426
74 9 0.558951
74 30 0.538520
74 29 0.549645
74 12 0.597617
74 38 0.597016
74 28 0.608003
74 10 0.634567
74 26 0.640711
74 11 0.722841
74 25 0.717265
74 13 0.731530
74 27 0.716529
74 7 0.758387
74 15 0.758352
74 17 0.791585
74 37 0.801433
74 23 0.824855
74 2 0.875770
74 42 0.839460
74 4 0.893085
74 36 0.866983
74 32 0.878028
74 40 0.880795
74 18 0.912334
74 14 0.918260
74 0 0.937481
74 21 0.925997
74 39 0.918796
74 33 0.927183
74 31 0.930064
74 24 0.938894
74 6 0.970551
74 19 0.972666
74 3 0.995271
74 35 0.968690
74 22 0.995018
74 5 1.020830
74 20 1.006753
74 41 1.000813
74 34 1.042485
74 1 1.092388
74 16 1.084541
75 12 0.384318
75 13 0.388818
75 9 0.402751
75 10 0.471569
75 5 0.662173
75 14 0.667904
75 8 0.685886
75 25 0.695816
75 0 0.754225
75 3 0.798468
75 11 0.797544
75 26 0.798116
75 27 0.836530
75 28 0.842152
75 37 0.857246
75 17 0.894673
75 20 0.954529
75 19 0.981358
75 18 1.025695
75 29 1.025936
75 4 1.061390
75 1 1.070865
75 16 1.061579
75 24 1.052445
75 7 1.088073
75 2 1.149450
75 15 1.155349
75 6 1.175671
75 21 1.203256
75 42 1.225901
75 41 1.257599
75 39 1.271851
75 34 1.286570
75 32 1.339469
75 35 1.365400
75 33 1.381042
75 22 1.400416
75 38 1.422048
75 30 1.447685
75 36 1.469755
75 23 1.495539
75 40 1.484532
75 31 1.531540
76 12 0.599617
76 11 0.608614
76 38 0.465541
76 25 0.509361
76 28 0.512922
76 10 0.642672
76 8 0.647838
76 9 0.652904
76 23 0.730157
76 6 0.844829
76 26 0.731358
76 13 0.905372
76 14 0.911640
76 24 0.803497
76 3 0.994777
76 2 1.035018
76 5 1.055633
76 1 1.069495
76 27 0.930618
76 0 1.111564
76 35 0.966655
76 15 1.133718
76 16 1.210429
76 7 1.250330
76 40 1.096118
76 4 1.256475
76 29 1.162035
76 17 1.319849
76 36 1.254360
76 34 1.266049
76 42 1.255820
76 30 1.285092
76 22 1.323478
76 37 1.292854
76 19 1.406432
76 32 1.331340
76 18 1.447240
76 31 1.366234
76 41 1.356808
76 20 1.464796
76 33 1.390626
76 39 1.443772
76 21 1.606354
77 11 0.797798
77 13 0.818713
77 23 0.814947
77 27 0.837043
77 26 0.838533
77 28 0.847253
77 37 0.842583
77 24 0.906962
77 9 0.939219
77 12 0.939346
77 38 0.975037
77 7 1.002522
77 25 0.987307
77 30 1.002022
77 39 1.009164
77 10 1.048613
77 8 1.074128
77 5 1.091822
77 22 1.080118
77 32 1.080515
77 34 1.082045
77 3 1.168022
77 15 1.179316
77 17 1.180786
77 18 1.214192
77 31 1.208249
77 36 1.219227
77 19 1.268396
77 33 1.306569
77 1 1.335026
77 6 1.343191
77 42 1.316554
77 14 1.367563
77 16 1.376393
77 21 1.379022
77 2 1.401008
77 41 1.379430
77 40 1.384549
77 35 1.407207
77 20 1.475855
77 29 1.528736
77 0 1.607190
77 4 1.665677
78 9 0.283212
78 13 0.373463
78 8 0.439171
78 10 0.430822
78 3 0.519310
78 14 0.422025
78 39 0.290190
78 11 0.475059
78 1 0.611297
78 30 0.381151
78 0 0.646605
78 31 0.425493
78 27 0.447763
78 19 0.496640
78 23 0.473255
78 32 0.463097
78 12 0.586560
78 21 0.517265
78 29 0.566829
78 6 0.783295
78 28 0.598919
78 5 0.846424
78 24 0.668176
78 25 0.680182
78 33 0.676202
78 26 0.702046
78 4 0.916646
78 2 0.946445
78 15 0.806431
78 17 0.777262
78 36 0.714170
78 7 0.957066
78 35 0.825660
78 37 0.846351
78 16 0.938313
78 41 0.858491
78 40 0.899982
78 20 0.973166
78 18 0.991357
78 42 0.912772
78 22 1.122649
78 34 1.085310
78 38 1.076676
79 7 0.457777
79 9 0.456397
79 10 0.481838
79 11 0.667553
79 8 0.751244
79 25 0.781658
79 12 0.915250
79 19 0.919896
79 21 0.918528
79 27 0.921970
79 29 0.938241
79 24 0.969575
79 13 1.050954
79 28 1.045393
79 38 1.048357
79 30 1.077290
79 3 1.119361
79 5 1.121902
79 31 1.109180
79 41 1.115831
79 0 1.177845
79 2 1.181698
79 16 1.169216
79 26 1.181296
79 1 1.232576
79 23 1.215478
79 6 1.267687
79 4 1.284658
79 20 1.269576
79 33 1.273071
79 18 1.297968
79 39 1.313477
79 42 1.310367
79 22 1.375321
79 32 1.381566
79 35 1.418822
79 34 1.421227
79 40 1.443181
79 36 1.453304
79 37 1.463558
79 14 1.501776
79 15 1.537691
79 17 1.575517
80 12 0.546996
80 26 0.636959
80 9 0.720609
80 13 0.764661
80 14 0.764071
80 29 0.744760
80 10 0.792259
80 30 0.769000
80 39 0.757797
80 28 0.897969
80 27 0.941783
80 4 0.968674
80 25 0.945625
80 3 1.036554
80 35 1.010897
80 2 1.071555
80 17 1.084137
80 11 1.092745
80 1 1.106874
80 7 1.117307
80 8 1.177860
80 19 1.167503
80 21 1.194958
80 37 1.173812
80 24 1.246894
80 31 1.342795
80 6 1.411286
80 36 1.374197
80 22 1.412368
80 20 1.431270
80 15 1.438106
80 5 1.466400
80 41 1.420797
80 0 1.472316
80 32 1.451593
80 42 1.445535
80 40 1.500946
80 18 1.547617
80 23 1.564685
80 33 1.591790
80 38 1.598274
80 34 1.615549
80 16 1.644519
81 25 0.841299
81 38 0.853675
81 11 0.887444
81 10 0.929834
81 28 0.925091
81 9 0.956181
81 7 0.958918
81 13 0.963532
81 26 0.954487
81 12 0.980807
81 29 0.966866
81 24 1.001580
81 8 1.039693
81 27 1.035189
81 3 1.130195
81 33 1.128272
81 1 1.175779
81 41 1.242160
81 14 1.285412
81 5 1.311459
81 30 1.295392
81 16 1.322389
81 36 1.321554
81 17 1.344500
81 2 1.364427
81 6 1.366887
81 0 1.386746
81 15 1.410965
81 34 1.404273
81 31 1.411577
81 19 1.441439
81 40 1.430605
81 20 1.457908
81 42 1.444698
81 37 1.464222
81 32 1.481002
81 39 1.481029
81 21 1.520274
81 4 1.561036
81 22 1.550524
81 23 1.600357
81 18 1.622189
81 35 1.658668
82 26 0.817520
82 10 0.948033
82 27 0.954035
82 30 0.959956
82 0 0.997730
82 8 1.024029
82 12 1.084440
82 13 1.098189
82 40 1.069054
82 11 1.132386
82 28 1.128037
82 29 1.152145
82 9 1.173739
82 14 1.222277
82 1 1.244052
82 17 1.236438
82 31 1.278906
82 34 1.408108
82 20 1.434826
82 4 1.456583
82 39 1.429404
82 42 1.426708
82 23 1.466720
82 25 1.465406
82 16 1.474680
82 6 1.492028
82 21 1.479863
82 36 1.472393
82 3 1.642055
82 24 1.624835
82 22 1.628392
82 38 1.611043
82 2 1.648322
82 32 1.620051
82 41 1.607614
82 18 1.636124
82 5 1.681332
82 15 1.679548
82 7 1.713754
82 33 1.688669
82 37 1.709640
82 19 1.738186
82 35 1.815604
83 7 0.794289
83 9 0.856421
83 25 0.863736
83 11 0.899442
83 10 0.985947
83 29 0.982920
83 13 1.030244
83 15 1.031628
83 8 1.038217
83 30 1.029883
83 12 1.068913
83 6 1.097521
83 33 1.081595
83 28 1.102527
83 3 1.171009
83 27 1.161776
83 26 1.172237
83 38 1.165551
83 17 1.199457
83 5 1.219015
83 2 1.221918
83 31 1.205275
83 36 1.227824
83 1 1.269558
83 35 1.237186
83 40 1.254331
83 37 1.264698
83 16 1.305968
83 39 1.288420
83 0 1.349141
83 41 1.341387
83 42 1.348095
83 32 1.367843
83 22 1.382007
83 18 1.400946
83 14 1.437913
83 34 1.424193
83 21 1.477348
83 24 1.481476
83 23 1.520854
83 19 1.532976
83 4 1.547501
83 20 1.574243
84 5 0.557281
84 6 0.577452
84 24 0.585381
84 7 0.654409
84 11 0.668438
84 23 0.679378
84 22 0.755314
84 8 0.799816
84 9 0.821356
84 10 0.842596
84 27 0.864229
84 36 0.859814
84 4 0.924324
84 25 0.906373
84 26 0.921639
84 30 0.947022
84 33 0.942857
84 0 1.043520
84 17 1.064061
84 38 1.042565
84 40 1.071092
84 32 1.082035
84 39 1.084645
84 19 1.136955
84 29 1.159861
84 28 1.188719
84 16 1.212729
84 14 1.239069
84 37 1.216725
84 1 1.268887
84 12 1.278716
84 18 1.287176
84 20 1.302293
84 3 1.345583
84 21 1.363059
84 34 1.350556
84 15 1.383898
84 41 1.349268
84 2 1.425644
84 13 1.421828
84 31 1.430118
84 35 1.469608
84 42 1.468372
85 8 0.801800
85 11 0.897394
85 3 0.929333
85 13 0.949007
85 27 1.041470
85 28 1.138351
85 14 1.154594
85 22 1.207542
85 31 1.222242
85 5 1.282822
85 29 1.274513
85 26 1.301644
85 4 1.361643
85 2 1.381775
85 30 1.371524
85 21 1.394999
85 33 1.381575
85 9 1.410301
85 20 1.412370
85 12 1.426032
85 10 1.438514
85 40 1.404288
85 41 1.426536
85 39 1.460430
85 18 1.498027
85 36 1.500128
85 1 1.547278
85 25 1.567342
85 38 1.585077
85 17 1.639235
85 37 1.631241
85 6 1.700375
85 19 1.687999
85 24 1.690735
85 16 1.723647
85 32 1.743639
85 7 1.810779
85 15 1.812404
85 23 1.818339
85 34 1.813736
85 0 1.861082
85 42 1.851085
85 35 1.860313
86 8 0.461004
86 7 0.473634
86 11 0.506289
86 10 0.520863
86 13 0.538033
86 9 0.543161
86 30 0.526107
86 12 0.638267
86 26 0.653338
86 29 0.789487
86 28 0.849325
86 1 1.051029
86 0 1.053263
86 5 1.075608
86 19 1.094383
86 3 1.112960
86 14 1.152598
86 20 1.146639
86 4 1.165086
86 27 1.248769
86 16 1.272569
86 33 1.248589
86 41 1.274194
86 31 1.363073
86 2 1.408508
86 6 1.460105
86 21 1.456898
86 39 1.436070
86 42 1.459211
86 18 1.514687
86 38 1.496140
86 37 1.506570
86 23 1.536409
86 17 1.560369
86 34 1.570017
86 25 1.645497
86 32 1.634551
86 24 1.648572
86 40 1.669012
86 22 1.704320
86 15 1.715111
86 35 1.763966
86 36 1.857762
87 26 0.467242
87 12 0.500579
87 29 0.519580
87 11 0.549225
87 9 0.575863
87 25 0.569405
87 10 0.607150
87 8 0.619920
87 28 0.614013
87 14 0.636796
87 27 0.634567
87 30 0.652882
87 13 0.689377
87 36 0.862622
87 22 0.899754
87 2 0.938589
87 31 0.901867
87 24 0.919627
87 3 0.957591
87 35 0.928872
87 33 0.933934
87 17 0.960924
87 19 0.959750
87 32 0.973048
87 15 0.999083
87 18 1.147670
87 0 1.191550
87 4 1.188365
87 5 1.188136
87 34 1.148829
87 37 1.153211
87 40 1.160510
87 21 1.234693
87 1 1.342805
87 41 1.294772
87 42 1.295085
87 23 1.368383
87 16 1.424840
87 6 1.451620
87 20 1.441084
87 7 1.545401
87 39 1.540511
87 38 1.570137
88 10 0.570620
88 27 0.609212
88 28 0.620973
88 14 0.639413
88 8 0.647415
88 13 0.649467
88 26 0.640999
88 9 0.667702
88 38 0.637664
88 11 0.700507
88 24 0.714389
88 29 0.707497
88 25 0.726725
88 0 0.942907
88 4 0.963956
88 12 1.164149
88 2 1.174583
88 5 1.172346
88 6 1.171875
88 34 1.185163
88 7 1.255999
88 15 1.259897
88 16 1.283324
88 37 1.370452
88 20 1.413113
88 21 1.431004
88 33 1.415090
88 17 1.482411
88 1 1.561776
88 30 1.572932
88 18 1.602355
88 35 1.595008
88 31 1.621349
88 41 1.613650
88 36 1.672856
88 40 1.681064
88 23 1.760297
88 3 1.797578
88 42 1.921413
88 19 2.016404
88 32 2.037117
88 22 2.057128
88 39 2.035345
89 38 0.535875
89 27 0.640404
89 8 0.668587
89 10 0.674437
89 28 0.707012
89 26 0.746518
89 9 0.786826
89 25 0.779162
89 1 0.869511
89 29 0.933419
89 30 0.959361
89 13 1.038766
89 0 1.053569
89 12 1.053200
89 14 1.060503
89 11 1.106708
89 3 1.265404
89 18 1.273447
89 31 1.253242
89 39 1.240817
89 2 1.293762
89 5 1.300348
89 42 1.347757
89 15 1.403731
89 23 1.392167
89 21 1.399179
89 32 1.392697
89 20 1.413741
89 6 1.433533
89 33 1.417930
89 35 1.468130
89 24 1.486071
89 36 1.530101
89 37 1.572654
89 41 1.579465
89 16 1.683845
89 40 1.657196
89 19 1.729445
89 22 1.733999
89 7 1.766739
89 4 1.788251
89 34 1.765080
89 17 1.802539
90 10 0.782114
90 38 0.709319
90 29 0.870367
90 8 0.918119
90 7 0.943665
90 12 0.939441
90 28 0.941710
90 11 1.055928
90 27 1.066798
90 9 1.086132
90 25 1.151982
90 37 1.140352
90 15 1.186968
90 24 1.181392
90 13 1.224007
90 26 1.211686
90 1 1.236615
90 6 1.252544
90 2 1.282745
90 41 1.134749
90 34 1.281886
90 3 1.339753
90 17 1.346678
90 19 1.358058
90 31 1.400482
90 0 1.440084
90 35 1.416319
90 32 1.437158
90 21 1.470730
90 30 1.478772
90 39 1.365248
90 20 1.499405
90 23 1.497289
90 18 1.505233
90 33 1.498497
90 22 1.551394
90 16 1.568473
90 5 1.616262
90 14 1.617810
90 40 1.474327
90 4 1.628799
90 42 1.551183
90 36 1.687134
91 8 0.424839
91 12 0.508796
91 26 0.561469
91 11 0.709044
91 14 0.701933
91 1 0.855665
91 9 0.742244
91 5 0.803651
91 4 0.926975
91 13 0.837816
91 10 0.856846
91 3 0.956884
91 2 0.978542
91 25 0.791173
91 28 0.779377
91 27 0.810337
91 0 1.074327
91 30 0.851205
91 16 0.930413
91 38 0.884720
91 41 0.886476
91 29 0.920108
91 19 1.008159
91 32 1.043169
91 20 1.137340
91 31 1.100549
91 7 1.230002
91 21 1.144469
91 34 1.139410
91 6 1.323453
91 18 1.268265
91 15 1.274577
91 35 1.199551
91 24 1.242526
91 22 1.246607
91 23 1.247011
91 40 1.202317
91 33 1.256885
91 37 1.276477
91 17 1.420389
91 36 1.387464
91 42 1.474168
91 39 1.526807
92 25 0.717241
92 29 0.938434
92 30 1.079614
92 9 1.146265
92 38 1.117793
92 11 1.186720
92 18 1.213484
92 14 1.254546
92 13 1.256001
92 8 1.310525
92 19 1.343471
92 26 1.381907
92 36 1.373899
92 10 1.401000
92 12 1.399681
92 27 1.402538
92 28 1.439489
92 15 1.495080
92 32 1.499448
92 2 1.541634
92 1 1.570029
92 22 1.564695
92 34 1.600121
92 37 1.598130
92 6 1.675185
92 17 1.698122
92 21 1.707072
92 41 1.709122
92 0 1.771516
92 39 1.774149
92 42 1.784320
92 3 1.847789
92 24 1.839719
92 7 1.874437
92 4 1.886896
92 35 1.857098
92 40 1.866172
92 16 1.981534
92 20 1.995915
92 33 1.999976
92 23 2.025816
92 5 2.057585
92 31 2.043381
93 7 0.645923
93 10 0.683462
93 26 0.661033
93 17 0.677039
93 25 0.818751
93 24 0.870965
93 11 0.889001
93 29 0.864300
93 39 0.845101
93 13 0.952915
93 19 0.947763
93 9 0.989125
93 8 1.163409
93 12 1.189496
93 27 1.170335
93 1 1.286601
93 3 1.326368
93 18 1.310654
93 28 1.309585
93 5 1.370056
93 37 1.430269
93 32 1.455056
93 38 1.443424
93 2 1.517642
93 35 1.566333
93 42 1.582694
93 34 1.654952
93 40 1.644487
93 36 1.702683
93 15 1.742922
93 22 1.804190
93 0 1.842188
93 4 1.855037
93 16 1.894414
93 31 1.906224
93 30 1.931833
93 6 1.977892
93 23 1.972802
93 14 2.012213
93 21 2.017585
93 41 1.984351
93 33 2.054909
93 20 2.180903
94 12 0.573374
94 10 0.593391
94 29 0.615781
94 9 0.660778
94 13 0.672717
94 31 0.698870
94 27 0.830213
94 34 0.856438
94 1 0.996791
94 8 1.003405
94 3 1.010545
94 28 1.070260
94 26 1.085104
94 39 1.065288
94 0 1.135533
94 11 1.126023
94 19 1.131983
94 30 1.114916
94 14 1.168899
94 17 1.229038
94 32 1.217575
94 36 1.279425
94 21 1.341942
94 42 1.325330
94 38 1.363144
94 20 1.405779
94 40 1.496632
94 5 1.549618
94 15 1.540783
94 33 1.512739
94 7 1.550283
94 25 1.525562
94 35 1.514320
94 22 1.578314
94 24 1.663421
94 41 1.664023
94 4 1.732770
94 2 1.749405
94 23 1.726055
94 16 1.827565
94 37 1.809711
94 6 1.897507
94 18 1.923071
95 8 0.770123
95 11 0.784477
95 31 0.771921
95 30 0.773821
95 38 0.793500
95 5 0.867687
95 13 0.889944
95 29 0.919495
95 28 0.955090
95 9 0.989713
95 27 0.998448
95 32 1.021366
95 10 1.075493
95 14 1.072020
95 12 1.130190
95 17 1.216687
95 0 1.255401
95 36 1.210542
95 3 1.299023
95 23 1.304851
95 1 1.329659
95 33 1.314399
95 19 1.334818
95 37 1.322555
95 40 1.351541
95 20 1.404052
95 34 1.399772
95 16 1.440468
95 18 1.515274
95 25 1.555595
95 42 1.535207
95 41 1.551663
95 35 1.582851
95 22 1.628335
95 6 1.656331
95 4 1.671251
95 2 1.702633
95 24 1.696271
95 26 1.712612
95 39 1.703168
95 21 1.754568
95 15 1.795704
95 7 1.925692
96 35 0.863113
96 8 1.107613
96 11 1.146337
96 28 1.148003
96 23 1.153304
96 27 1.187818
96 10 1.224284
96 26 1.228890
96 25 1.252497
96 14 1.263398
96 40 1.258682
96 12 1.285071
96 24 1.308195
96 13 1.318799
96 42 1.305120
96 9 1.353073
96 7 1.377508
96 37 1.390158
96 15 1.417920
96 38 1.446365
96 17 1.481434
96 2 1.496309
96 16 1.488484
96 5 1.518629
96 19 1.552763
96 32 1.549840
96 6 1.587038
96 29 1.579820
96 0 1.619726
96 41 1.589668
96 30 1.613042
96 22 1.620810
96 18 1.635498
96 20 1.651401
96 1 1.677254
96 31 1.675780
96 36 1.682986
96 3 1.719637
96 34 1.692167
96 33 1.773876
96 21 1.784857
96 39 1.782323
96 4 1.815595
97 26 0.479182
97 8 0.564127
97 29 0.650970
97 13 0.853117
97 9 0.872651
97 2 0.880726
97 11 0.873035
97 18 0.871641
97 17 0.909435
97 27 0.940625
97 30 0.937458
97 0 0.976075
97 16 0.962342
97 38 0.932455
97 1 0.987421
97 21 0.983928
97 28 0.973515
97 35 0.962183
97 25 0.981770
97 7 1.029450
97 10 1.040268
97 41 1.034540
97 39 1.046965
97 12 1.125846
97 33 1.271310
97 6 1.321174
97 4 1.324392
97 3 1.378455
97 14 1.372097
97 15 1.382419
97 5 1.392823
97 24 1.401169
97 19 1.428744
97 37 1.417438
97 32 1.447712
97 22 1.465958
97 40 1.447875
97 20 1.521940
97 42 1.525798
97 36 1.674951
97 34 1.705138
97 31 1.722417
97 23 1.808008
98 8 0.620915
98 12 0.616732
98 11 0.660571
98 13 0.665736
98 9 0.707402
98 14 0.763914
98 27 0.577321
98 29 0.623188
98 3 0.952939
98 10 0.953294
98 0 1.030383
98 1 1.063242
98 30 0.901127
98 5 1.205335
98 31 1.041472
98 26 1.131689
98 7 1.465760
98 6 1.485195
98 22 1.253780
98 40 1.140691
98 2 1.525408
98 28 1.234923
98 21 1.281423
98 19 1.331175
98 4 1.551177
98 24 1.433540
98 16 1.570821
98 32 1.405753
98 18 1.530845
98 23 1.500050
98 17 1.577921
98 33 1.462371
98 15 1.767405
98 38 1.525001
98 37 1.558845
98 35 1.611472
98 42 1.584384
98 20 1.730836
98 25 1.734034
98 34 1.704427
98 36 1.737717
98 39 1.742484
98 41 1.821906
99 10 0.602230
99 9 0.627209
99 12 0.826142
99 24 0.971486
99 8 0.991184
99 25 0.971450
99 11 0.989524
99 17 1.082639
99 6 1.142948
99 29 1.151861
99 26 1.252402
99 15 1.268185
99 23 1.296338
99 28 1.287516
99 7 1.383437
99 20 1.372618
99 1 1.413744
99 3 1.413224
99 4 1.441269
99 21 1.520357
99 16 1.563280
99 13 1.572253
99 0 1.681412
99 18 1.665578
99 5 1.708667
99 19 1.767832
99 35 1.790599
99 39 1.861216
99 38 1.863156
99 14 1.919499
99 27 2.090942
99 42 2.083266
99 36 2.142924
99 31 2.155871
99 37 2.147045
99 40 2.268912
99 2 2.325832
99 32 2.329286
99 30 2.437384
99 41 2.433492
99 22 2.472628
99 33 2.490129
99 34 2.645680
100 27 0.475610
100 38 0.492904
100 24 0.556918
100 28 0.555694
100 8 0.610206
100 7 0.615682
100 10 0.721793
100 11 0.756011
100 12 0.803463
100 25 0.796562
100 29 0.796001
100 26 0.888050
100 13 0.907719
100 9 0.977910
100 23 1.083174
100 3 1.123897
100 5 1.158699
100 0 1.195911
100 42 1.183957
100 1 1.295247
100 2 1.311138
100 36 1.279101
100 40 1.280291
100 20 1.320143
100 6 1.343127
100 39 1.323538
100 33 1.335811
100 21 1.361310
100 14 1.381123
100 19 1.393077
100 22 1.426977
100 34 1.442194
100 17 1.474846
100 4 1.517198
100 15 1.511898
100 31 1.498740
100 32 1.521924
100 35 1.523584
100 18 1.553125
100 16 1.555855
100 41 1.542544
100 30 1.600197
100 37 1.607580
101 7 0.538078
101 9 0.598262
101 12 0.596245
101 8 0.600708
101 26 0.604148
101 25 0.609917
101 13 0.635888
101 11 0.682583
101 24 0.701899
101 23 0.703928
101 10 0.731719
101 2 0.958377
101 28 0.928296
101 0 0.961843
101 29 0.927390
101 27 0.932564
101 1 1.032927
101 17 1.026284
101 33 1.033189
101 36 1.097196
101 14 1.140727
101 6 1.158351
101 30 1.128923
101 37 1.174643
101 4 1.259440
101 35 1.313016
101 21 1.338888
101 18 1.342762
101 19 1.342429
101 3 1.359508
101 32 1.322513
101 31 1.332805
101 15 1.383406
101 16 1.399008
101 22 1.436361
101 5 1.511350
101 34 1.572519
101 20 1.632430
101 38 1.658007
101 39 1.853779
101 40 1.852879
101 42 1.935485
101 41 2.066528
102 1 1.228945
102 6 1.245890
102 4 1.249863
102 11 1.248422
102 13 1.256355
102 3 1.399232
102 8 1.400261
102 16 1.303261
102 12 1.349082
102 36 1.374339
102 0 1.527583
102 5 1.549229
102 28 1.410473
102 10 1.483257
102 26 1.458413
102 24 1.462553
102 29 1.499446
102 9 1.675348
102 37 1.531594
102 27 1.551909
102 35 1.547286
102 14 1.627504
102 25 1.612285
102 2 1.758029
102 7 1.795958
102 40 1.791550
102 32 1.809773
102 34 1.838806
102 23 1.861153
102 22 1.932405
102 18 1.955088
102 31 1.939929
102 19 1.961947
102 15 2.001248
102 33 1.985314
102 20 2.000628
102 21 2.010628
102 38 1.992084
102 41 1.998272
102 30 2.039216
102 42 2.035543
102 17 2.097334
102 39 2.078835
103 10 0.466350
103 8 0.494639
103 9 0.636187
103 12 0.578127
103 11 0.638022
103 14 0.557167
103 13 0.586149
103 2 0.997447
103 0 1.047885
103 25 0.455452
103 4 1.125973
103 26 0.573792
103 27 0.577682
103 1 1.216320
103 5 1.205060
103 29 0.596996
103 3 1.263154
103 30 0.653549
103 16 0.985685
103 28 0.719855
103 39 0.624475
103 6 1.202014
103 7 1.243219
103 15 1.130730
103 18 0.982605
103 17 1.060770
103 19 0.994301
103 20 1.132840
103 22 1.139896
103 21 1.146413
103 33 1.035791
103 40 0.981378
103 38 1.132718
103 32 1.178136
103 23 1.290748
103 24 1.282015
103 35 1.164049
103 41 1.150149
103 34 1.204526
103 37 1.202635
103 36 1.205848
103 31 1.285194
103 42 1.316196
104 9 0.538062
104 8 0.580740
104 7 0.615749
104 28 0.599604
104 10 0.636768
104 12 0.659795
104 13 0.678524
104 27 0.666573
104 23 0.686170
104 26 0.688792
104 25 0.807015
104 37 0.933417
104 24 0.967426
104 11 1.031162
104 40 1.008943
104 17 1.051135
104 5 1.076610
104 35 1.044292
104 3 1.087615
104 1 1.191994
104 0 1.200024
104 15 1.213949
104 38 1.194838
104 19 1.238040
104 31 1.220429
104 42 1.211887
104 4 1.278779
104 29 1.255758
104 33 1.273455
104 18 1.337426
104 36 1.323642
104 34 1.335989
104 20 1.380566
104 2 1.432562
104 32 1.405062
104 39 1.434081
104 14 1.523697
104 21 1.522679
104 30 1.517462
104 41 1.513335
104 6 1.568930
104 22 1.561378
104 16 1.599479
105 7 0.435662
105 12 0.548763
105 9 0.603148
105 23 0.713686
105 13 0.740300
105 37 0.704924
105 25 0.763161
105 0 0.793571
105 8 0.787771
105 24 0.770629
105 11 0.821507
105 22 0.809925
105 10 0.861277
105 26 1.019632
105 38 1.062349
105 1 1.148809
105 4 1.194227
105 27 1.179446
105 5 1.208242
105 3 1.211003
105 39 1.407164
105 32 1.443716
105 15 1.514286
105 34 1.486523
105 19 1.562670
105 41 1.527596
105 28 1.573048
105 33 1.582847
105 20 1.636996
105 36 1.664405
105 17 1.706763
105 31 1.693514
105 35 1.699147
105 18 1.745916
105 40 1.713412
105 2 1.874161
105 6 1.884173
105 29 1.860905
105 42 1.856372
105 21 1.924018
105 30 1.922009
105 14 1.947456
105 16 1.963371
106 8 0.554572
106 10 0.668422
106 9 0.767412
106 13 0.787968
106 14 0.823426
106 25 0.820317
106 0 0.914060
106 12 1.004422
106 26 0.999007
106 2 1.043091
106 11 1.219627
106 1 1.246646
106 27 1.450954
106 30 1.564661
106 18 1.631345
106 33 1.651835
106 36 1.645987
106 24 1.766359
106 28 1.786116
106 4 1.816375
106 29 1.845687
106 34 1.837236
106 39 1.830401
106 37 1.854933
106 42 1.914059
106 19 1.971808
106 16 2.044683
106 3 2.092618
106 32 2.066738
106 6 2.142907
106 5 2.217845
106 20 2.210693
106 35 2.214433
106 7 2.255937
106 22 2.326213
106 38 2.308806
106 15 2.348463
106 31 2.324755
106 21 2.391252
106 40 2.367923
106 17 2.409981
106 41 2.409120
106 23 2.457283
107 12 0.572449
107 7 0.806178
107 10 0.796404
107 8 0.844351
107 0 1.063114
107 9 0.969087
107 11 0.907505
107 13 0.906985
107 21 0.722409
107 25 0.531900
107 22 0.775386
107 24 0.604328
107 3 1.263108
107 23 0.669799
107 26 0.685255
107 1 1.466193
107 4 1.419139
107 2 1.569806
107 5 1.532776
107 36 0.647389
107 14 1.358187
107 6 1.609973
107 16 1.458633
107 15 1.474818
107 18 1.473896
107 28 1.137325
107 19 1.456130
107 20 1.424453
107 31 1.133624
107 30 1.193032
107 27 1.302356
107 29 1.276650
107 35 1.136079
107 32 1.203275
107 17 1.775121
107 37 1.190531
107 34 1.238997
107 40 1.229589
107 33 1.296055
107 42 1.169301
107 39 1.267559
107 41 1.234669
107 38 1.347113
108 9 0.629755
108 14 0.655530
108 25 0.758397
108 24 0.760150
108 23 0.762141
108 27 0.756559
108 8 0.818056
108 22 1.016645
108 11 1.082593
108 26 1.148813
108 10 1.204448
108 0 1.219316
108 12 1.281255
108 2 1.309429
108 37 1.286158
108 3 1.337660
108 5 1.382001
108 13 1.374342
108 33 1.344241
108 4 1.446487
108 38 1.490847
108 28 1.528701
108 7 1.626052
108 36 1.606554
108 15 1.673789
108 1 1.728004
108 21 1.732498
108 18 1.757035
108 30 1.798207
108 31 1.828981
108 17 2.002705
108 42 1.984209
108 29 2.020930
108 19 2.038587
108 6 2.069597
108 34 2.070958
108 41 2.069633
108 40 2.248319
108 16 2.301136
108 39 2.266959
108 20 2.311427
108 32 2.556890
108 35 2.606615
109 28 0.645391
109 13 0.801013
109 14 0.819783
109 9 0.873555
109 10 0.940454
109 11 1.013284
109 26 1.113244
109 27 1.155378
109 37 1.141784
109 29 1.154891
109 24 1.161802
109 8 1.191466
109 0 1.199932
109 4 1.199134
109 34 1.170586
109 25 1.182440
109 1 1.222513
109 12 1.212809
109 20 1.204254
109 32 1.239017
109 3 1.286041
109 21 1.296660
109 5 1.342227
109 41 1.304407
109 38 1.321057
109 39 1.369602
109 17 1.412230
109 40 1.379927
109 2 1.439199
109 33 1.402340
109 36 1.411344
109 18 1.447974
109 7 1.491230
109 23 1.499536
109 30 1.500387
109 16 1.589197
109 6 1.636992
109 15 1.636744
109 35 1.621164
109 22 1.652269
109 31 1.651081
109 42 1.656133
109 19 1.703631
110 11 0.686449
110 14 0.816577
110 9 0.823143
110 27 0.830571
110 12 0.911367
110 24 0.976041
110 26 1.064001
110 23 1.084404
110 3 1.110045
110 10 1.193431
110 5 1.213061
110 28 1.196415
110 0 1.341301
110 38 1.300281
110 8 1.364625
110 42 1.382443
110 13 1.450861
110 1 1.477743
110 25 1.460753
110 2 1.560613
110 7 1.572256
110 17 1.595769
110 15 1.612464
110 30 1.587538
110 40 1.600461
110 31 1.615587
110 4 1.656554
110 36 1.628492
110 6 1.742041
110 16 1.777196
110 34 1.761378
110 29 1.807367
110 19 1.853509
110 32 1.846194
110 35 1.845646
110 41 1.848678
110 37 1.889918
110 39 1.903340
110 18 1.955621
110 33 1.991004
110 20 2.038284
110 22 2.050949
110 21 2.297805
111 11 0.982676
111 28 0.981091
111 10 1.087055
111 7 1.157384
111 13 1.165132
111 27 1.185685
111 29 1.259758
111 16 1.376747
111 25 1.390037
111 12 1.404608
111 37 1.415568
111 9 1.477738
111 5 1.506516
111 3 1.525553
111 14 1.552255
111 33 1.577826
111 26 1.586405
111 8 1.606606
111 36 1.605791
111 30 1.612861
111 15 1.679161
111 21 1.698773
111 20 1.703697
111 6 1.809314
111 31 1.793863
111 0 1.826108
111 18 1.851445
111 19 1.859331
111 4 1.877271
111 2 1.891417
111 22 1.895918
111 38 1.882480
111 39 1.894006
111 17 1.941498
111 1 1.959309
111 24 1.949838
111 41 1.943707
111 32 1.967148
111 35 1.991258
111 23 2.004542
111 40 1.988005
111 42 1.996087
111 34 2.034131
112 8 0.787505
112 13 0.824937
112 12 0.855159
112 14 0.824934
112 11 0.884124
112 10 0.910740
112 9 0.987769
112 25 0.693837
112 3 1.459183
112 0 1.658409
112 27 0.784149
112 28 0.763562
112 30 0.834034
112 2 1.692913
112 6 1.586142
112 26 1.018252
112 1 1.762170
112 5 1.767450
112 4 1.827806
112 16 1.468984
112 36 1.042333
112 29 1.198377
112 7 1.856440
112 17 1.520290
112 21 1.384591
112 15 1.658336
112 22 1.397366
112 24 1.392620
112 18 1.518034
112 20 1.658404
112 23 1.657693
112 31 1.553654
112 32 1.555824
112 19 1.752973
112 39 1.543993
112 37 1.576493
112 34 1.634223
112 33 1.775918
112 40 1.753385
112 41 1.739562
112 42 1.739307
112 38 1.763378
112 35 1.773728
113 22 0.669492
113 8 0.688631
113 14 0.707442
113 26 0.705231
113 23 0.711245
113 9 0.739435
113 11 0.767135
113 12 0.766902
113 25 0.766607
113 13 0.794439
113 27 0.819811
113 10 0.867648
113 24 0.867925
113 37 0.854209
113 3 1.193829
113 4 1.203365
113 1 1.241676
113 5 1.261116
113 35 1.312504
113 6 1.363693
113 41 1.333105
113 2 1.399486
113 28 1.365278
113 21 1.393214
113 17 1.409858
113 42 1.369284
113 15 1.424122
113 16 1.424105
113 7 1.443729
113 33 1.406961
113 36 1.411802
113 0 1.497159
113 29 1.460551
113 34 1.472295
113 38 1.477900
113 19 1.517411
113 32 1.540254
113 39 1.545034
113 18 1.616616
113 31 1.607310
113 20 1.633784
113 40 1.612249
113 30 1.710856
114 8 0.639721
114 25 0.671530
114 26 0.692491
114 28 0.824086
114 7 0.862759
114 12 0.891495
114 23 1.035720
114 27 1.054697
114 3 1.091754
114 0 1.107432
114 37 1.091181
114 10 1.190777
114 9 1.226524
114 13 1.235853
114 2 1.265500
114 24 1.255268
114 30 1.303890
114 11 1.371923
114 5 1.480514
114 1 1.506905
114 33 1.500075
114 4 1.570740
114 6 1.628658
114 18 1.671758
114 16 1.689347
114 31 1.702715
114 20 1.784164
114 38 1.812330
114 36 1.835825
114 39 1.871539
114 15 1.960268
114 42 1.934543
114 35 1.977363
114 21 2.018366
114 32 2.074959
114 14 2.110283
114 40 2.114043
114 29 2.140226
114 22 2.163240
114 17 2.181958
114 19 2.200234
114 34 2.209777
114 41 2.216988
115 6 0.529531
115 25 0.647944
115 8 0.669120
115 26 0.648114
115 9 0.669537
115 28 0.646049
115 29 0.675997
115 24 0.708653
115 10 0.727668
115 11 0.727333
115 7 0.732135
115 12 0.801608
115 27 0.782453
115 17 1.020831
115 38 1.088063
115 37 1.102958
115 15 1.162976
115 16 1.203998
115 1 1.219578
115 33 1.185875
115 14 1.216406
115 3 1.261705
115 34 1.367793
115 18 1.397111
115 32 1.376241
115 23 1.391831
115 0 1.429598
115 22 1.407644
115 2 1.430827
115 4 1.453210
115 41 1.446322
115 39 1.509274
115 5 1.658666
115 19 1.644427
115 30 1.627853
115 20 1.669902
115 21 1.671890
115 35 1.709015
115 36 1.789885
115 13 1.852332
115 42 1.879811
115 40 1.990200
115 31 2.088541
116 13 1.102317
116 26 1.118945
116 25 1.139170
116 14 1.150303
116 11 1.174949
116 9 1.227159
116 8 1.333111
116 12 1.330637
116 28 1.437693
116 29 1.633716
116 27 1.758648
116 10 1.806328
116 24 1.899398
116 37 1.905720
116 6 1.962704
116 41 1.956842
116 3 2.032229
116 7 2.055507
116 0 2.095683
116 32 2.065727
116 36 2.160455
116 39 2.178347
116 42 2.177330
116 22 2.273707
116 19 2.320674
116 17 2.339445
116 4 2.352239
116 21 2.340270
116 30 2.351168
116 16 2.365123
116 20 2.408736
116 18 2.411182
116 34 2.434041
116 2 2.480306
116 5 2.497709
116 35 2.469758
116 15 2.490859
116 31 2.498854
116 23 2.581230
116 1 2.620035
116 40 2.631664
116 38 2.654482
116 33 2.660365
117 12 0.631890
117 27 0.700624
117 11 0.745929
117 9 0.754880
117 14 0.877595
117 28 0.897539
117 25 1.108649
117 13 1.127436
117 29 1.102973
117 1 1.233614
117 30 1.198627
117 39 1.265225
117 26 1.321442
117 3 1.354063
117 8 1.398535
117 20 1.492733
117 18 1.517984
117 24 1.510298
117 10 1.528151
117 23 1.513207
117 6 1.535468
117 36 1.490327
117 21 1.558412
117 15 1.593756
117 31 1.567718
117 4 1.606798
117 32 1.568451
117 34 1.615946
117 17 1.646788
117 19 1.645946
117 22 1.692455
117 7 1.712334
117 16 1.731317
117 41 1.712262
117 37 1.719197
117 35 1.794615
117 0 1.844465
117 33 1.823681
117 38 1.854508
117 5 1.930035
117 2 2.039687
117 40 2.123272
117 42 2.144857
118 37 0.624628
118 14 0.716668
118 29 0.711696
118 10 0.761907
118 28 0.735805
118 12 0.887512
118 27 0.986214
118 8 1.030457
118 25 1.198937
118 30 1.237121
118 26 1.356902
118 9 1.399343
118 4 1.404809
118 11 1.420147
118 40 1.372766
118 0 1.451670
118 16 1.457719
118 23 1.501441
118 20 1.546008
118 2 1.583211
118 7 1.604776
118 13 1.616195
118 32 1.695324
118 24 1.728734
118 6 1.881238
118 1 1.886333
118 34 1.861042
118 18 1.892285
118 33 1.865520
118 39 1.856728
118 17 1.956935
118 19 1.956017
118 36 1.970809
118 3 2.042866
118 22 2.040633
118 5 2.085837
118 38 2.036801
118 31 2.051412
118 21 2.121045
118 41 2.191373
118 35 2.221526
118 15 2.274624
118 42 2.236069
119 25 0.724700
119 9 0.794413
119 7 0.857561
119 26 0.861201
119 37 0.844900
119 12 0.907493
119 8 0.928430
119 29 0.944872
119 10 0.969701
119 28 0.979460
119 11 1.002234
119 27 0.982819
119 13 1.156776
119 0 1.210003
119 24 1.302702
119 5 1.338309
119 6 1.428093
119 33 1.442250
119 4 1.479306
119 1 1.577639
119 39 1.551758
119 2 1.605161
119 17 1.634075
119 35 1.608816
119 34 1.610924
119 40 1.630930
119 31 1.648627
119 32 1.679686
119 14 1.768798
119 15 1.768611
119 18 1.876769
119 36 1.853941
119 22 1.895973
119 23 1.896470
119 30 1.906048
119 3 1.999420
119 42 2.008711
119 41 2.034296
119 20 2.079933
119 21 2.080917
119 19 2.152776
119 16 2.173572
119 38 2.287916
120 26 1.038634
120 5 1.227375
120 10 1.223535
120 7 1.227812
120 27 1.628129
120 25 1.696650
120 0 1.777759
120 8 1.770774
120 20 1.883776
120 29 1.874190
120 4 1.948329
120 39 2.179260
120 17 2.304304
120 34 2.288946
120 19 2.346603
120 37 2.367123
120 9 2.452080
120 23 2.600916
120 11 2.615339
120 21 2.606158
120 18 2.610930
120 41 2.586124
120 31 2.597744
120 24 2.606246
120 12 2.620480
120 16 2.617273
120 6 2.660413
120 28 2.639434
120 30 2.639676
120 33 2.670043
120 1 2.704816
120 42 2.800130
120 3 2.944002
120 32 2.973984
120 13 3.097474
120 14 3.132158
120 40 3.312968
120 15 3.340934
120 38 3.316486
120 2 3.355985
120 22 3.336967
120 35 3.349536
120 36 3.349165
