21 0 0.156844
21 2 0.193221
21 1 0.196484
21 5 0.210880
21 4 0.227694
21 17 0.240856
21 20 0.243543
21 13 0.267139
21 11 0.271348
21 10 0.272633
21 24 0.253608
21 18 0.275212
21 22 0.265683
21 12 0.284193
21 30 0.255541
21 8 0.301962
21 36 0.261341
21 28 0.277771
21 19 0.295987
21 3 0.313388
21 7 0.308967
21 27 0.281322
21 32 0.274333
21 25 0.287156
21 26 0.284240
21 9 0.310622
21 21 0.297117
21 39 0.262562
21 23 0.291498
21 29 0.284503
21 35 0.274387
21 31 0.281840
21 6 0.317614
21 14 0.311329
21 16 0.312489
21 34 0.280836
21 42 0.266597
21 38 0.276217
21 37 0.283770
21 40 0.280496
21 33 0.293909
21 15 0.324697
21 41 0.292136
22 0 0.160895
22 3 0.184249
22 5 0.201921
22 2 0.217117
22 1 0.235708
22 12 0.244518
22 4 0.254440
22 25 0.242954
22 11 0.265905
22 23 0.253618
22 13 0.265848
22 14 0.265352
22 10 0.270318
22 8 0.272444
22 21 0.260121
22 7 0.274963
22 15 0.268468
22 33 0.246814
22 16 0.268746
22 20 0.265640
22 9 0.277437
22 6 0.282453
22 19 0.269134
22 18 0.274100
22 24 0.268322
22 28 0.265953
22 22 0.273788
22 41 0.249653
22 36 0.256315
22 17 0.281629
22 40 0.255708
22 34 0.264605
22 32 0.270321
22 31 0.271755
22 29 0.276018
22 27 0.278638
22 42 0.258842
22 35 0.268378
22 37 0.265529
22 26 0.280896
22 39 0.271822
22 30 0.283839
22 38 0.274632
23 4 0.165020
23 0 0.178069
23 5 0.201682
23 3 0.206684
23 1 0.220396
23 2 0.317145
23 9 0.324400
23 8 0.345681
23 7 0.361304
23 14 0.396456
23 12 0.400118
23 10 0.405030
23 22 0.395929
23 13 0.413629
23 16 0.436310
23 17 0.439915
23 27 0.425068
23 34 0.418091
23 21 0.436791
23 35 0.419914
23 20 0.455535
23 37 0.432292
23 42 0.427875
23 40 0.437569
23 23 0.475156
23 41 0.455466
23 33 0.467875
23 26 0.492231
23 39 0.475920
23 11 0.520473
23 28 0.498740
23 6 0.527883
23 38 0.487368
23 36 0.495932
23 18 0.523364
23 32 0.503608
23 25 0.516752
23 15 0.531765
23 31 0.510882
23 19 0.542035
23 30 0.532672
23 29 0.550542
23 24 0.601070
24 0 0.155237
24 1 0.172747
24 3 0.187355
24 4 0.203746
24 7 0.213558
24 5 0.225008
24 6 0.235400
24 2 0.262290
24 9 0.258132
24 15 0.251215
24 10 0.260373
24 16 0.253736
24 8 0.271043
24 14 0.257712
24 11 0.264864
24 26 0.241465
24 24 0.247744
24 12 0.266733
24 22 0.252813
24 13 0.270514
24 25 0.253647
24 31 0.242437
24 38 0.234785
24 34 0.240612
24 36 0.242047
24 17 0.275771
24 19 0.273606
24 18 0.275422
24 23 0.268006
24 20 0.272661
24 40 0.242487
24 29 0.256250
24 21 0.273320
24 37 0.247636
24 27 0.264449
24 39 0.250198
24 42 0.245195
24 33 0.260107
24 32 0.262958
24 30 0.266228
24 41 0.251354
24 35 0.260903
24 28 0.273695
25 0 0.121556
25 3 0.160263
25 1 0.177602
25 4 0.210820
25 2 0.213949
25 5 0.213524
25 11 0.212696
25 21 0.245256
25 23 0.241768
25 25 0.239408
25 13 0.255019
25 9 0.261703
25 26 0.242085
25 17 0.257066
25 14 0.261001
25 31 0.240784
25 10 0.268030
25 7 0.272475
25 15 0.265162
25 8 0.273281
25 22 0.260303
25 36 0.242291
25 6 0.279697
25 24 0.259131
25 12 0.277004
25 19 0.271968
25 33 0.255562
25 34 0.255119
25 37 0.251957
25 32 0.258482
25 35 0.257856
25 27 0.272845
25 40 0.256787
25 18 0.289050
25 20 0.287517
25 30 0.273119
25 29 0.274710
25 42 0.258970
25 28 0.278727
25 39 0.264011
25 16 0.297628
25 41 0.263330
25 38 0.273645
26 5 0.444776
26 3 0.446626
26 16 0.443172
26 34 0.462796
26 4 0.507596
26 10 0.504536
26 0 0.519655
26 38 0.483281
26 28 0.493509
26 17 0.506848
26 20 0.504591
26 25 0.521485
26 29 0.518005
26 22 0.547419
26 30 0.539984
26 18 0.551741
26 32 0.538792
26 6 0.566147
26 1 0.570558
26 27 0.545085
26 9 0.566769
26 42 0.536527
26 21 0.557384
26 26 0.556332
26 8 0.578911
26 24 0.566106
26 14 0.578946
26 11 0.582344
26 36 0.558874
26 13 0.584043
26 19 0.584920
26 23 0.587588
26 12 0.598366
26 15 0.596258
26 39 0.575616
26 2 0.613208
26 40 0.598790
26 7 0.633181
26 31 0.611674
26 33 0.625023
26 41 0.617597
26 35 0.627796
26 37 0.633946
27 0 0.159453
27 1 0.178833
27 2 0.181697
27 3 0.182687
27 13 0.178206
27 4 0.202709
27 5 0.216958
27 15 0.218044
27 8 0.240443
27 10 0.263739
27 31 0.222069
27 6 0.271104
27 34 0.224437
27 17 0.256836
27 12 0.269220
27 29 0.233229
27 16 0.261112
27 21 0.247824
27 14 0.270836
27 18 0.257073
27 24 0.246773
27 11 0.279412
27 39 0.227121
27 9 0.283899
27 19 0.261489
27 20 0.260999
27 28 0.246772
27 22 0.256454
27 25 0.257683
27 36 0.242645
27 42 0.236212
27 7 0.299926
27 26 0.264748
27 35 0.253477
27 30 0.262654
27 38 0.254842
27 27 0.270316
27 23 0.280266
27 32 0.267513
27 40 0.256951
27 41 0.255756
27 37 0.260778
27 33 0.267669
28 1 0.149572
28 0 0.155850
28 5 0.188347
28 3 0.208110
28 2 0.219169
28 4 0.227134
28 13 0.241795
28 7 0.251258
28 9 0.249895
28 11 0.248828
28 8 0.257651
28 6 0.259451
28 26 0.238826
28 25 0.240449
28 23 0.245593
28 22 0.248551
28 33 0.232862
28 17 0.257539
28 12 0.263253
28 34 0.235009
28 15 0.262640
28 32 0.243713
28 14 0.268989
28 36 0.240513
28 41 0.234387
28 24 0.261921
28 42 0.237277
28 10 0.280017
28 39 0.242166
28 35 0.248219
28 20 0.269675
28 19 0.271189
28 16 0.278294
28 28 0.262701
28 31 0.258884
28 37 0.252037
28 21 0.276116
28 29 0.265498
28 27 0.272372
28 30 0.268199
28 18 0.285177
28 40 0.259026
28 38 0.267081
29 0 0.160023
29 9 0.204676
29 5 0.213556
29 1 0.217280
29 3 0.242123
29 4 0.278118
29 13 0.272286
29 2 0.283120
29 26 0.257405
29 8 0.280528
29 14 0.275130
29 10 0.280946
29 23 0.266763
29 21 0.276780
29 24 0.272619
29 22 0.278141
29 12 0.289824
29 15 0.293027
29 11 0.300723
29 36 0.287213
29 6 0.324471
29 30 0.303039
29 25 0.310794
29 16 0.323944
29 17 0.326523
29 19 0.326860
29 29 0.315240
29 40 0.302386
29 35 0.309750
29 18 0.338809
29 32 0.321265
29 28 0.328514
29 27 0.331869
29 31 0.329079
29 41 0.318173
29 33 0.331812
29 38 0.324823
29 7 0.366277
29 34 0.334989
29 42 0.331098
29 20 0.365791
29 37 0.343572
29 39 0.341800
30 2 0.158939
30 0 0.167632
30 8 0.158581
30 1 0.181976
30 3 0.187362
30 7 0.185359
30 4 0.199571
30 11 0.193256
30 12 0.213058
30 6 0.222096
30 10 0.273859
30 9 0.275414
30 26 0.239365
30 28 0.232750
30 13 0.278899
30 24 0.255711
30 5 0.301575
30 27 0.258460
30 14 0.292250
30 18 0.284585
30 33 0.258611
30 21 0.283575
30 36 0.252283
30 22 0.283555
30 17 0.296480
30 32 0.265280
30 15 0.305832
30 38 0.257478
30 19 0.295798
30 23 0.287552
30 40 0.259811
30 20 0.297701
30 39 0.262471
30 25 0.290134
30 29 0.281629
30 16 0.318135
30 34 0.279015
30 35 0.280693
30 42 0.256643
30 31 0.291343
30 30 0.295299
30 37 0.285644
30 41 0.287042
31 5 0.206361
31 0 0.217595
31 4 0.235899
31 15 0.240271
31 1 0.256138
31 35 0.221684
31 10 0.266780
31 12 0.265284
31 7 0.274209
31 13 0.269148
31 3 0.281777
31 25 0.258477
31 11 0.275880
31 9 0.279326
31 23 0.265115
31 21 0.269009
31 19 0.271891
31 8 0.283219
31 17 0.275449
31 20 0.274458
31 27 0.264105
31 14 0.282044
31 29 0.262473
31 16 0.280263
31 26 0.268399
31 6 0.292094
31 32 0.259927
31 2 0.301490
31 42 0.254319
31 24 0.279859
31 31 0.269897
31 36 0.263561
31 22 0.287027
31 34 0.270957
31 28 0.280193
31 18 0.294568
31 40 0.264969
31 39 0.266730
31 38 0.277352
31 30 0.290377
31 41 0.277005
31 37 0.293544
31 33 0.300240
32 14 0.473875
32 5 0.485102
32 12 0.480263
32 6 0.488069
32 37 0.506668
32 25 0.519561
32 8 0.537871
32 4 0.542562
32 11 0.535928
32 32 0.514825
32 10 0.537458
32 21 0.540070
32 31 0.531612
32 13 0.550707
32 19 0.544991
32 7 0.561957
32 2 0.573948
32 1 0.578000
32 9 0.571219
32 28 0.551763
32 0 0.581387
32 18 0.567422
32 24 0.565408
32 3 0.599212
32 26 0.577246
32 23 0.580867
32 41 0.574819
32 30 0.589148
32 15 0.613410
32 39 0.604922
32 36 0.621166
32 35 0.626716
32 16 0.647356
32 27 0.640329
32 33 0.647719
32 38 0.642574
32 42 0.638456
32 22 0.660124
32 34 0.649752
32 20 0.664383
32 29 0.662802
32 40 0.685280
32 17 0.737351
33 2 0.207596
33 0 0.252314
33 3 0.270469
33 10 0.317087
33 14 0.316705
33 4 0.327970
33 9 0.325511
33 26 0.302097
33 25 0.308150
33 13 0.327833
33 30 0.297358
33 8 0.335820
33 28 0.308243
33 39 0.297979
33 12 0.342491
33 27 0.321950
33 21 0.338494
33 16 0.347407
33 22 0.338898
33 11 0.356417
33 29 0.327931
33 7 0.364430
33 18 0.356770
33 19 0.364898
33 1 0.384038
33 20 0.370838
33 6 0.388159
33 38 0.340320
33 33 0.349814
33 15 0.387932
33 34 0.352741
33 37 0.349323
33 40 0.349006
33 42 0.348646
33 5 0.404136
33 23 0.383722
33 41 0.354064
33 31 0.369101
33 36 0.361692
33 32 0.368812
33 17 0.406866
33 35 0.374131
33 24 0.398404
34 0 0.175993
34 3 0.181325
34 5 0.202674
34 2 0.236071
34 10 0.254071
34 1 0.265657
34 12 0.263279
34 8 0.267190
34 11 0.270417
34 13 0.273232
34 26 0.260520
34 9 0.279055
34 4 0.285477
34 7 0.284230
34 15 0.277693
34 16 0.280399
34 14 0.284284
34 23 0.276958
34 25 0.275183
34 37 0.265203
34 28 0.281597
34 40 0.271162
34 24 0.294240
34 22 0.296777
34 21 0.298814
34 6 0.316240
34 38 0.282665
34 18 0.307472
34 19 0.306821
34 36 0.288797
34 32 0.294279
34 27 0.302072
34 20 0.314109
34 17 0.317799
34 29 0.305076
34 35 0.299231
34 31 0.307303
34 30 0.311478
34 39 0.300686
34 34 0.309721
34 42 0.300857
34 33 0.320956
34 41 0.309551
35 0 0.248549
35 5 0.251137
35 9 0.252653
35 3 0.265567
35 10 0.273527
35 4 0.282241
35 11 0.276072
35 12 0.282750
35 8 0.289715
35 28 0.273173
35 7 0.297440
35 13 0.294152
35 6 0.300843
35 26 0.284218
35 24 0.292667
35 27 0.292432
35 37 0.277579
35 25 0.299324
35 23 0.306460
35 19 0.313432
35 2 0.338736
35 42 0.311880
35 16 0.349469
35 17 0.354622
35 39 0.329563
35 18 0.360075
35 22 0.358550
35 35 0.341194
35 34 0.344441
35 38 0.338358
35 32 0.349400
35 1 0.383448
35 21 0.363663
35 14 0.373829
35 33 0.351938
35 30 0.363386
35 15 0.385796
35 36 0.358247
35 41 0.353055
35 20 0.383315
35 31 0.386023
35 29 0.392049
35 40 0.375539
36 5 0.193710
36 0 0.229653
36 1 0.290812
36 2 0.286951
36 6 0.371121
36 8 0.204092
36 7 0.253670
36 12 0.199886
36 10 0.218828
36 3 0.451224
36 9 0.251535
36 14 0.253539
36 4 0.481502
36 13 0.311387
36 16 0.327242
36 18 0.401528
36 17 0.412688
36 21 0.327958
36 15 0.422260
36 23 0.320716
36 25 0.311562
36 19 0.404806
36 27 0.261454
36 26 0.271050
36 24 0.383240
36 11 0.553622
36 30 0.306794
36 22 0.438884
36 29 0.446046
36 38 0.414836
36 20 0.605463
36 28 0.450773
36 35 0.487602
36 31 0.514189
36 42 0.407895
36 39 0.510848
36 37 0.520530
36 41 0.428189
36 36 0.555003
36 40 0.511399
36 33 0.575288
36 32 0.596861
36 34 0.589960
37 0 0.207313
37 2 0.288287
37 12 0.288952
37 8 0.309559
37 10 0.307594
37 11 0.324524
37 28 0.297757
37 26 0.300967
37 5 0.331446
37 9 0.335770
37 4 0.340322
37 37 0.294445
37 25 0.312179
37 22 0.318861
37 3 0.344533
37 6 0.343019
37 23 0.320831
37 1 0.350197
37 13 0.341997
37 14 0.342772
37 27 0.321667
37 21 0.338861
37 30 0.322859
37 7 0.359054
37 29 0.330579
37 15 0.359954
37 24 0.354428
37 19 0.361800
37 32 0.345378
37 18 0.371109
37 17 0.373108
37 40 0.343227
37 36 0.354457
37 33 0.361980
37 39 0.352698
37 20 0.386039
37 38 0.362145
37 35 0.371258
37 34 0.373814
37 16 0.402955
37 41 0.365960
37 42 0.367213
37 31 0.393569
38 0 0.238882
38 12 0.266048
38 3 0.278990
38 4 0.280938
38 8 0.278096
38 30 0.253715
38 2 0.286846
38 1 0.291225
38 10 0.283519
38 9 0.292232
38 28 0.270903
38 11 0.293276
38 13 0.305258
38 14 0.311127
38 33 0.291574
38 32 0.297784
38 5 0.341806
38 39 0.307489
38 31 0.321260
38 29 0.325410
38 16 0.360834
38 23 0.356160
38 6 0.376081
38 18 0.367629
38 7 0.379446
38 19 0.369683
38 17 0.378061
38 15 0.383559
38 24 0.375010
38 37 0.364259
38 22 0.388838
38 38 0.369173
38 35 0.380390
38 20 0.403854
38 36 0.382849
38 34 0.386249
38 21 0.405357
38 40 0.383369
38 26 0.404244
38 42 0.383133
38 41 0.386973
38 27 0.417002
38 25 0.421379
39 8 0.321089
39 4 0.325633
39 10 0.320133
39 0 0.330828
39 13 0.318796
39 29 0.300578
39 11 0.322810
39 5 0.329435
39 24 0.309413
39 18 0.317487
39 17 0.318800
39 7 0.330113
39 27 0.307871
39 9 0.329197
39 32 0.301358
39 3 0.335608
39 1 0.337959
39 26 0.311979
39 12 0.328866
39 6 0.335335
39 14 0.327571
39 16 0.325932
39 25 0.315996
39 28 0.312674
39 37 0.299906
39 15 0.330790
39 40 0.299179
39 2 0.360457
39 19 0.349170
39 23 0.344577
39 22 0.347399
39 21 0.352098
39 41 0.326604
39 34 0.337530
39 33 0.338815
39 38 0.335411
39 31 0.349912
39 30 0.355744
39 20 0.370984
39 35 0.358115
39 36 0.367888
39 39 0.389188
39 42 0.398513
40 5 0.193965
40 0 0.234537
40 4 0.259935
40 3 0.285386
40 18 0.273954
40 6 0.286822
40 13 0.288546
40 29 0.271720
40 19 0.288097
40 11 0.300294
40 27 0.286179
40 9 0.306863
40 16 0.301623
40 10 0.307600
40 1 0.315924
40 14 0.307542
40 12 0.310350
40 37 0.279224
40 26 0.299102
40 24 0.306724
40 8 0.334129
40 2 0.342767
40 15 0.338061
40 21 0.335488
40 25 0.333475
40 22 0.341613
40 30 0.339872
40 36 0.333931
40 28 0.349076
40 41 0.336757
40 17 0.369578
40 32 0.352013
40 20 0.368727
40 7 0.392373
40 39 0.355038
40 34 0.364382
40 40 0.359894
40 35 0.368915
40 42 0.363332
40 31 0.379280
40 33 0.377167
40 38 0.369977
40 23 0.395745
41 5 0.333889
41 0 0.359341
41 13 0.558705
41 3 0.604005
41 9 0.608624
41 10 0.607864
41 8 0.610162
41 11 0.711625
41 14 0.793356
41 32 0.772483
41 22 0.784599
41 36 0.769241
41 33 0.773435
41 17 0.793110
41 41 0.762693
41 21 0.819391
41 7 0.835192
41 12 0.849505
41 37 0.820601
41 25 0.835370
41 2 0.891589
41 24 0.868349
41 35 0.856222
41 1 0.893986
41 42 0.846390
41 28 0.906469
41 38 0.906592
41 16 0.987173
41 15 0.991937
41 19 0.992809
41 26 0.995904
41 23 1.013788
41 4 1.135063
41 6 1.133369
41 39 1.101063
41 34 1.116141
41 27 1.124905
41 18 1.139602
41 30 1.124649
41 31 1.124394
41 20 1.142202
41 40 1.169727
41 29 1.291374
42 2 0.257270
42 7 0.243081
42 1 0.287511
42 0 0.308244
42 3 0.324536
42 8 0.310963
42 4 0.328782
42 27 0.290751
42 37 0.284459
42 30 0.301409
42 12 0.328767
42 16 0.325733
42 11 0.341055
42 14 0.338026
42 5 0.354459
42 28 0.325923
42 19 0.340677
42 26 0.334166
42 13 0.361569
42 6 0.371337
42 29 0.337330
42 38 0.324285
42 25 0.351819
42 10 0.375677
42 35 0.343188
42 36 0.347059
42 15 0.387004
42 9 0.398605
42 24 0.376634
42 18 0.387596
42 31 0.379437
42 33 0.378477
42 21 0.399057
42 23 0.397621
42 32 0.385123
42 22 0.399430
42 39 0.374220
42 17 0.406297
42 34 0.390151
42 20 0.409919
42 40 0.383146
42 41 0.388392
42 42 0.406779
43 9 0.245378
43 8 0.268598
43 11 0.272951
43 27 0.259211
43 10 0.285295
43 12 0.287322
43 0 0.300242
43 25 0.280560
43 3 0.313171
43 24 0.316443
43 2 0.345742
43 26 0.323110
43 14 0.338087
43 28 0.325726
43 13 0.348626
43 23 0.341633
43 36 0.345283
43 1 0.390066
43 30 0.364263
43 5 0.395731
43 31 0.366819
43 7 0.403559
43 17 0.402340
43 18 0.413330
43 40 0.383543
43 16 0.419862
43 20 0.424584
43 33 0.407396
43 21 0.423663
43 39 0.406972
43 42 0.412408
43 22 0.440704
43 34 0.428545
43 15 0.454385
43 19 0.452023
43 32 0.434433
43 37 0.428927
43 6 0.473427
43 4 0.477399
43 41 0.442505
43 29 0.459719
43 38 0.448573
43 35 0.453750
44 9 0.285534
44 0 0.299947
44 14 0.294306
44 11 0.333855
44 8 0.337300
44 10 0.335678
44 12 0.334327
44 24 0.320347
44 1 0.345394
44 27 0.334758
44 6 0.361370
44 25 0.341246
44 4 0.369796
44 23 0.355799
44 22 0.357883
44 13 0.369458
44 26 0.369590
44 3 0.395329
44 37 0.379716
44 5 0.451444
44 7 0.457704
44 15 0.460849
44 17 0.465549
44 2 0.480885
44 18 0.479007
44 31 0.461929
44 33 0.469484
44 29 0.483049
44 21 0.498757
44 39 0.477144
44 30 0.492778
44 36 0.487913
44 38 0.495917
44 20 0.526879
44 32 0.514253
44 42 0.505158
44 16 0.542656
44 35 0.517007
44 40 0.509923
44 19 0.550835
44 28 0.552832
44 34 0.551021
44 41 0.547121
45 12 0.295368
45 24 0.299867
45 27 0.294652
45 11 0.314938
45 26 0.299337
45 10 0.320095
45 9 0.329502
45 8 0.340978
45 14 0.335852
45 38 0.334949
45 25 0.362045
45 0 0.416691
45 13 0.405038
45 3 0.414707
45 29 0.389512
45 1 0.424447
45 4 0.423495
45 28 0.399230
45 2 0.437857
45 5 0.454679
45 7 0.484842
45 21 0.486947
45 19 0.493347
45 18 0.498314
45 23 0.492929
45 16 0.506067
45 30 0.502211
45 40 0.491221
45 15 0.531007
45 33 0.509908
45 20 0.530450
45 34 0.537145
45 6 0.572583
45 39 0.540998
45 41 0.542606
45 35 0.552195
45 22 0.572160
45 36 0.558117
45 37 0.561471
45 31 0.570208
45 42 0.558467
45 17 0.599437
45 32 0.578714
46 14 0.291043
46 12 0.296030
46 26 0.288576
46 10 0.307975
46 25 0.307390
46 37 0.298163
46 4 0.343865
46 1 0.353947
46 29 0.320167
46 27 0.345696
46 11 0.365966
46 9 0.372919
46 8 0.374879
46 0 0.384344
46 3 0.383915
46 24 0.362707
46 2 0.387901
46 13 0.398361
46 28 0.386032
46 6 0.422098
46 39 0.413654
46 18 0.447491
46 41 0.416729
46 5 0.466787
46 20 0.451333
46 19 0.466676
46 34 0.450478
46 7 0.485223
46 35 0.451031
46 33 0.457849
46 15 0.483756
46 16 0.484279
46 32 0.475407
46 23 0.487569
46 22 0.488669
46 30 0.479364
46 21 0.497703
46 38 0.478187
46 36 0.487307
46 31 0.501015
46 17 0.534033
46 42 0.508629
46 40 0.514254
47 8 0.303548
47 0 0.337134
47 7 0.334998
47 9 0.335909
47 11 0.336287
47 1 0.346233
47 27 0.317230
47 12 0.337120
47 30 0.323727
47 28 0.329701
47 13 0.352474
47 2 0.365816
47 4 0.364343
47 26 0.344858
47 29 0.351276
47 10 0.378802
47 25 0.361150
47 20 0.379830
47 38 0.352927
47 5 0.396633
47 3 0.400098
47 19 0.408143
47 21 0.414065
47 36 0.395950
47 34 0.403595
47 23 0.420450
47 6 0.454072
47 42 0.412585
47 24 0.442754
47 22 0.456404
47 37 0.437189
47 41 0.442751
47 31 0.462151
47 16 0.484447
47 14 0.491675
47 18 0.496396
47 35 0.473962
47 17 0.508496
47 32 0.487172
47 15 0.515327
47 33 0.496366
47 39 0.486483
47 40 0.500020
48 8 0.263375
48 3 0.296432
48 9 0.300349
48 12 0.311786
48 13 0.311760
48 14 0.314803
48 10 0.318484
48 11 0.318304
48 2 0.332257
48 7 0.339550
48 4 0.347302
48 0 0.356356
48 1 0.359586
48 5 0.408885
48 19 0.461584
48 17 0.464246
48 25 0.454070
48 16 0.491080
48 15 0.500491
48 18 0.569107
48 20 0.635017
48 27 0.626333
48 29 0.624557
48 28 0.625820
48 23 0.633196
48 26 0.654336
48 30 0.661097
48 22 0.674607
48 39 0.651048
48 21 0.697723
48 35 0.681315
48 31 0.695227
48 6 0.749339
48 24 0.731592
48 41 0.722989
48 36 0.896976
48 38 0.916508
48 32 0.938839
48 33 1.047948
48 40 1.085632
48 42 1.243259
48 37 1.252294
48 34 1.276660
49 7 0.296519
49 10 0.319167
49 9 0.327858
49 0 0.340844
49 8 0.337305
49 2 0.373055
49 11 0.405220
49 3 0.417019
49 12 0.408499
49 28 0.401098
49 4 0.431420
49 31 0.401219
49 5 0.434399
49 1 0.439634
49 29 0.405648
49 13 0.432266
49 40 0.400590
49 30 0.414318
49 26 0.420333
49 27 0.425222
49 15 0.469010
49 19 0.486420
49 16 0.498287
49 23 0.501254
49 14 0.511866
49 24 0.503712
49 22 0.520170
49 21 0.525719
49 25 0.520721
49 37 0.508102
49 20 0.535112
49 36 0.527883
49 17 0.563485
49 39 0.531742
49 32 0.549603
49 34 0.554611
49 6 0.593685
49 41 0.553621
49 33 0.569958
49 18 0.597672
49 42 0.582742
49 35 0.595708
49 38 0.594614
50 9 0.300908
50 13 0.317053
50 8 0.328179
50 26 0.311587
50 27 0.329500
50 28 0.333939
50 5 0.362040
50 14 0.366988
50 11 0.373732
50 10 0.389069
50 31 0.368610
50 0 0.407947
50 38 0.369082
50 29 0.384506
50 12 0.413619
50 15 0.439480
50 3 0.456054
50 30 0.428114
50 7 0.453973
50 25 0.451952
50 33 0.454262
50 1 0.494298
50 20 0.476102
50 2 0.504494
50 19 0.490076
50 4 0.510670
50 21 0.493915
50 35 0.480864
50 23 0.513624
50 39 0.498903
50 40 0.497876
50 34 0.509647
50 18 0.552088
50 16 0.557682
50 32 0.542999
50 37 0.544559
50 42 0.545935
50 22 0.576542
50 6 0.597599
50 41 0.555550
50 17 0.588339
50 36 0.566800
50 24 0.614015
51 9 0.310809
51 13 0.311935
51 12 0.323580
51 37 0.301889
51 10 0.340623
51 29 0.324139
51 25 0.330908
51 14 0.367990
51 11 0.387032
51 5 0.393604
51 3 0.399659
51 27 0.386456
51 28 0.393034
51 26 0.403737
51 8 0.429477
51 1 0.451148
51 24 0.445855
51 0 0.471252
51 15 0.474010
51 4 0.491556
51 7 0.503459
51 6 0.542816
51 35 0.522501
51 2 0.561068
51 16 0.554081
51 22 0.547001
51 23 0.547144
51 38 0.530953
51 33 0.542552
51 32 0.546179
51 18 0.571202
51 21 0.569114
51 39 0.547773
51 30 0.560007
51 31 0.567471
51 41 0.565718
51 34 0.583915
51 36 0.598521
51 40 0.593021
51 19 0.625062
51 20 0.624467
51 17 0.632688
51 42 0.608969
52 1 0.319449
52 4 0.255648
52 2 0.444402
52 11 0.252867
52 0 0.485416
52 6 0.337679
52 3 0.473374
52 5 0.430993
52 8 0.416814
52 7 0.435040
52 10 0.406703
52 9 0.415913
52 13 0.381306
52 14 0.350954
52 12 0.474264
52 27 0.446658
52 18 0.600476
52 25 0.568457
52 20 0.692152
52 16 0.723535
52 29 0.583270
52 23 0.665625
52 28 0.655153
52 26 0.683610
52 19 0.783803
52 24 0.763812
52 30 0.623766
52 37 0.648994
52 38 0.654176
52 39 0.649841
52 41 0.657902
52 35 0.702736
52 34 0.709264
52 21 0.996986
52 22 0.939171
52 15 1.045532
52 31 0.826993
52 17 1.104993
52 32 0.855965
52 33 0.860401
52 42 0.744578
52 40 0.850089
52 36 0.882780
53 9 0.321290
53 24 0.306125
53 13 0.345727
53 11 0.386931
53 25 0.406663
53 27 0.406424
53 5 0.431656
53 38 0.407299
53 1 0.457262
53 8 0.451461
53 14 0.448220
53 28 0.432444
53 29 0.432583
53 3 0.462039
53 0 0.468673
53 10 0.463342
53 26 0.449918
53 12 0.497120
53 34 0.500314
53 7 0.539354
53 17 0.542654
53 15 0.544844
53 19 0.544466
53 23 0.546878
53 2 0.574708
53 21 0.561802
53 18 0.575526
53 6 0.587683
53 4 0.595600
53 22 0.581927
53 31 0.579441
53 16 0.607193
53 36 0.588701
53 32 0.599078
53 33 0.598112
53 20 0.618259
53 41 0.594520
53 35 0.605915
53 37 0.604593
53 40 0.602657
53 42 0.599784
53 39 0.607959
53 30 0.639545
54 0 0.300687
54 2 0.341060
54 3 0.382430
54 1 0.476433
54 11 0.497725
54 28 0.553400
54 10 0.625027
54 12 0.631676
54 27 0.609673
54 4 0.684861
54 26 0.663416
54 6 0.690798
54 8 0.702784
54 13 0.702303
54 38 0.676795
54 29 0.697848
54 36 0.709346
54 14 0.808126
54 20 0.804076
54 32 0.794193
54 9 0.852142
54 25 0.840204
54 35 0.833353
54 37 0.846448
54 21 0.883905
54 40 0.862799
54 17 0.902763
54 18 0.904966
54 24 0.895120
54 34 0.899920
54 15 0.935830
54 30 0.926232
54 19 0.950501
54 22 0.960268
54 16 0.975424
54 5 0.986740
54 7 0.988517
54 42 0.943223
54 33 0.967098
54 31 1.010938
54 23 1.080154
54 39 1.074190
54 41 1.150902
55 14 0.333970
55 8 0.344586
55 26 0.325184
55 13 0.343022
55 25 0.342237
55 12 0.369053
55 10 0.386980
55 39 0.356862
55 9 0.400625
55 30 0.388344
55 28 0.392229
55 0 0.435662
55 11 0.431378
55 27 0.413198
55 4 0.465568
55 1 0.468709
55 29 0.439839
55 2 0.476828
55 41 0.463382
55 32 0.477837
55 15 0.507022
55 38 0.484020
55 22 0.516167
55 6 0.539449
55 20 0.527837
55 17 0.531910
55 5 0.546876
55 24 0.530454
55 16 0.544232
55 18 0.547581
55 35 0.532388
55 23 0.576092
55 3 0.601882
55 37 0.582981
55 31 0.609801
55 36 0.604789
55 21 0.626676
55 34 0.615348
55 33 0.616567
55 7 0.648489
55 42 0.612759
55 40 0.626517
55 19 0.682164
56 33 0.465800
56 31 0.513241
56 20 0.536141
56 12 0.551284
56 0 0.619928
56 3 0.637125
56 8 0.674374
56 14 0.691981
56 35 0.681053
56 21 0.710938
56 15 0.731409
56 9 0.742555
56 7 0.749208
56 11 0.748307
56 13 0.750486
56 1 0.762194
56 30 0.763323
56 39 0.755233
56 6 0.795552
56 26 0.778106
56 34 0.773142
56 10 0.860877
56 25 0.856372
56 27 0.903384
56 29 0.904577
56 28 0.911270
56 16 0.940395
56 37 0.925298
56 23 0.941687
56 32 0.937097
56 22 0.952081
56 18 0.973252
56 17 0.984982
56 36 0.993348
56 38 1.004652
56 5 1.044508
56 40 1.014921
56 19 1.039102
56 42 1.017132
56 2 1.056494
56 24 1.038614
56 41 1.061905
56 4 1.128045
57 11 0.295057
57 3 0.335743
57 9 0.324450
57 12 0.327946
57 8 0.334597
57 13 0.331496
57 25 0.326648
57 37 0.331396
57 5 0.450916
57 1 0.465025
57 27 0.388234
57 0 0.493352
57 24 0.416467
57 14 0.481552
57 10 0.491387
57 23 0.455182
57 4 0.527711
57 26 0.467287
57 7 0.535305
57 15 0.577328
57 28 0.534654
57 2 0.640248
57 16 0.602983
57 6 0.644306
57 21 0.595457
57 20 0.597168
57 22 0.618399
57 36 0.594691
57 29 0.608798
57 31 0.632803
57 35 0.631586
57 33 0.638078
57 19 0.680453
57 40 0.640667
57 32 0.661336
57 41 0.642826
57 17 0.704974
57 38 0.656720
57 18 0.707018
57 30 0.673941
57 42 0.649124
57 34 0.673348
57 39 0.673646
58 9 0.280792
58 8 0.352571
58 28 0.331726
58 10 0.358765
58 12 0.360312
58 13 0.389756
58 14 0.398621
58 30 0.374669
58 32 0.432867
58 2 0.477006
58 31 0.442224
58 39 0.448420
58 29 0.479615
58 4 0.517837
58 27 0.495652
58 0 0.528827
58 3 0.532989
58 11 0.527773
58 1 0.549263
58 7 0.607219
58 18 0.632057
58 16 0.662562
58 34 0.642584
58 5 0.695447
58 38 0.648640
58 15 0.698903
58 6 0.712572
58 21 0.710746
58 19 0.718462
58 37 0.694585
58 42 0.695437
58 35 0.712490
58 36 0.715006
58 23 0.739447
58 41 0.714131
58 40 0.719832
58 22 0.757665
58 24 0.774414
58 26 0.771944
58 17 0.799792
58 25 0.801470
58 33 0.800135
58 20 0.835514
59 8 0.300127
59 11 0.308418
59 10 0.316649
59 9 0.324306
59 4 0.357161
59 12 0.344676
59 13 0.370317
59 1 0.418097
59 5 0.405102
59 0 0.425691
59 3 0.431853
59 28 0.375535
59 31 0.386318
59 27 0.393837
59 30 0.404579
59 26 0.415098
59 29 0.418439
59 38 0.408797
59 17 0.460816
59 16 0.463860
59 2 0.508053
59 14 0.476266
59 18 0.483672
59 37 0.468541
59 7 0.563521
59 6 0.572125
59 25 0.559286
59 36 0.548923
59 32 0.590777
59 15 0.629148
59 24 0.611163
59 35 0.601965
59 23 0.625076
59 41 0.590125
59 19 0.633996
59 20 0.651295
59 34 0.640710
59 33 0.645968
59 22 0.668260
59 39 0.634141
59 21 0.687809
59 42 0.648436
59 40 0.655028
60 13 0.340284
60 9 0.361373
60 27 0.347216
60 11 0.372409
60 30 0.381049
60 8 0.422706
60 39 0.391767
60 25 0.424199
60 29 0.434310
60 14 0.468568
60 28 0.469001
60 26 0.497297
60 5 0.544893
60 0 0.554405
60 12 0.550518
60 10 0.553419
60 21 0.553940
60 35 0.547965
60 41 0.543477
60 1 0.604686
60 33 0.574532
60 2 0.613622
60 15 0.628002
60 7 0.636183
60 3 0.649274
60 17 0.642128
60 32 0.621982
60 4 0.654683
60 16 0.666573
60 40 0.638243
60 23 0.667463
60 19 0.674415
60 18 0.703824
60 6 0.717939
60 36 0.702722
60 24 0.731232
60 34 0.722500
60 31 0.743015
60 37 0.743582
60 20 0.780819
60 38 0.765850
60 22 0.796685
60 42 0.806624
61 12 0.514689
61 9 0.606939
61 38 0.755757
61 28 0.794683
61 27 0.807138
61 15 0.842347
61 33 0.832208
61 31 0.887625
61 5 0.923687
61 8 0.926048
61 6 0.960624
61 14 0.957531
61 19 0.995035
61 29 0.995427
61 10 1.067857
61 30 1.078500
61 13 1.114185
61 22 1.110904
61 32 1.107378
61 4 1.155054
61 36 1.139368
61 11 1.168782
61 18 1.184640
61 35 1.224368
61 2 1.271853
61 42 1.285500
61 24 1.310824
61 20 1.337739
61 37 1.327076
61 34 1.339874
61 16 1.395356
61 23 1.392658
61 17 1.426240
61 25 1.466613
61 7 1.499611
61 1 1.572295
61 39 1.539056
61 40 1.538686
61 26 1.566605
61 41 1.558680
61 21 1.580201
61 0 1.607099
61 3 1.615320
62 1 0.318392
62 12 0.323615
62 5 0.337541
62 9 0.343703
62 14 0.373211
62 10 0.376838
62 8 0.379477
62 0 0.391258
62 26 0.368138
62 24 0.370960
62 23 0.376152
62 3 0.401069
62 25 0.390844
62 2 0.421319
62 4 0.439447
62 28 0.462400
62 38 0.449458
62 13 0.483099
62 27 0.466382
62 11 0.494634
62 7 0.512283
62 20 0.521767
62 18 0.536815
62 19 0.544667
62 15 0.552028
62 34 0.539829
62 39 0.536725
62 30 0.553352
62 31 0.572822
62 29 0.600075
62 35 0.614635
62 21 0.644099
62 22 0.649093
62 37 0.634728
62 6 0.676986
62 42 0.631981
62 36 0.652535
62 32 0.658841
62 16 0.691452
62 33 0.686291
62 17 0.713016
62 40 0.684643
62 41 0.699000
63 9 0.284171
63 8 0.371448
63 27 0.357811
63 28 0.364595
63 14 0.389890
63 11 0.397862
63 12 0.402196
63 5 0.439708
63 10 0.445297
63 2 0.456296
63 39 0.414455
63 4 0.483151
63 31 0.454666
63 13 0.478409
63 32 0.458902
63 0 0.528003
63 29 0.499330
63 16 0.532518
63 15 0.539537
63 30 0.523476
63 1 0.604361
63 3 0.623324
63 7 0.622113
63 6 0.629845
63 23 0.620130
63 38 0.602832
63 33 0.616788
63 21 0.639574
63 24 0.640099
63 26 0.646159
63 20 0.673968
63 17 0.693606
63 37 0.668163
63 18 0.697753
63 25 0.692839
63 22 0.701675
63 19 0.713574
63 34 0.697798
63 42 0.705450
63 36 0.720189
63 40 0.764170
63 41 0.780843
63 35 0.797041
64 11 0.422126
64 7 0.444516
64 10 0.453598
64 12 0.494160
64 28 0.478781
64 13 0.505302
64 8 0.517273
64 9 0.527005
64 27 0.519898
64 30 0.522005
64 1 0.576960
64 2 0.582567
64 32 0.539766
64 31 0.542912
64 4 0.622760
64 40 0.604108
64 29 0.633181
64 0 0.686088
64 3 0.709857
64 41 0.667710
64 35 0.709991
64 21 0.733612
64 16 0.746399
64 23 0.741203
64 34 0.736241
64 38 0.734149
64 25 0.755677
64 14 0.782890
64 15 0.802721
64 5 0.828238
64 39 0.781894
64 18 0.830747
64 20 0.829913
64 26 0.824071
64 6 0.856088
64 42 0.812777
64 33 0.831436
64 36 0.825553
64 17 0.864924
64 24 0.856223
64 37 0.851500
64 22 0.878887
64 19 0.934267
65 3 0.311276
65 10 0.371347
65 11 0.375920
65 7 0.382822
65 4 0.391104
65 6 0.398815
65 26 0.378613
65 9 0.411135
65 28 0.395114
65 8 0.434291
65 24 0.433569
65 23 0.445963
65 35 0.428647
65 25 0.472505
65 2 0.506864
65 37 0.460612
65 21 0.486761
65 0 0.517879
65 18 0.508590
65 14 0.520713
65 12 0.538474
65 27 0.517541
65 42 0.503689
65 33 0.530985
65 5 0.578751
65 17 0.569737
65 30 0.558962
65 1 0.598268
65 19 0.586063
65 38 0.557398
65 40 0.580236
65 31 0.596247
65 22 0.613071
65 20 0.621065
65 16 0.633960
65 13 0.642717
65 36 0.618262
65 29 0.631512
65 41 0.614384
65 34 0.644404
65 15 0.686050
65 39 0.684771
65 32 0.708957
66 10 0.317399
66 13 0.326098
66 14 0.342001
66 28 0.335833
66 12 0.361810
66 38 0.328512
66 8 0.367539
66 9 0.379078
66 26 0.372902
66 27 0.382883
66 25 0.390384
66 4 0.423015
66 11 0.423583
66 0 0.440691
66 1 0.440334
66 30 0.437466
66 29 0.444449
66 6 0.518139
66 17 0.513543
66 15 0.531933
66 5 0.548647
66 19 0.537424
66 2 0.558504
66 7 0.585600
66 34 0.563069
66 3 0.612418
66 37 0.578437
66 31 0.593153
66 35 0.588407
66 16 0.614872
66 21 0.616111
66 20 0.627797
66 18 0.630418
66 22 0.625548
66 39 0.616365
66 41 0.625667
66 32 0.638732
66 24 0.672537
66 33 0.672510
66 40 0.667974
66 23 0.699765
66 42 0.673335
66 36 0.693574
67 28 0.356394
67 24 0.376628
67 12 0.399299
67 11 0.410081
67 9 0.424853
67 8 0.433105
67 36 0.430132
67 26 0.456161
67 3 0.490294
67 10 0.503611
67 27 0.488109
67 13 0.514769
67 25 0.533018
67 0 0.572989
67 14 0.566444
67 5 0.585427
67 29 0.605591
67 15 0.641643
67 2 0.664713
67 4 0.674040
67 41 0.641799
67 7 0.697134
67 21 0.682974
67 31 0.677704
67 1 0.720749
67 34 0.686392
67 18 0.718446
67 33 0.707030
67 30 0.715313
67 16 0.755652
67 32 0.739993
67 17 0.776247
67 22 0.772435
67 37 0.756807
67 19 0.785556
67 42 0.755472
67 6 0.816393
67 39 0.789577
67 35 0.809019
67 20 0.838827
67 40 0.814655
67 23 0.878638
67 38 0.869871
68 37 0.746102
68 0 0.816286
68 10 0.967437
68 11 0.967077
68 29 0.969191
68 28 0.981958
68 20 0.995533
68 9 1.038973
68 13 1.069478
68 25 1.196585
68 32 1.190292
68 30 1.192645
68 35 1.188388
68 7 1.218024
68 15 1.340925
68 12 1.344676
68 41 1.315694
68 26 1.331115
68 40 1.318493
68 24 1.334733
68 8 1.352522
68 27 1.333146
68 39 1.323293
68 6 1.359993
68 31 1.412941
68 19 1.433090
68 33 1.422064
68 1 1.474457
68 21 1.458432
68 23 1.460055
68 14 1.474774
68 38 1.472676
68 5 1.507503
68 18 1.508722
68 16 1.518846
68 2 1.547780
68 17 1.541441
68 22 1.537310
68 36 1.580383
68 4 1.616582
68 3 1.622629
68 34 1.606572
68 42 1.613098
69 8 0.336135
69 28 0.351768
69 17 0.378040
69 25 0.411036
69 13 0.440867
69 9 0.444936
69 37 0.427473
69 27 0.448788
69 30 0.466854
69 11 0.495677
69 29 0.480856
69 14 0.503459
69 12 0.515041
69 0 0.527653
69 4 0.530980
69 7 0.529778
69 26 0.514904
69 10 0.564519
69 1 0.574793
69 39 0.541650
69 2 0.589543
69 35 0.559308
69 6 0.616697
69 3 0.642846
69 33 0.616822
69 5 0.658747
69 23 0.639173
69 34 0.624013
69 20 0.645976
69 15 0.652311
69 40 0.630899
69 31 0.649697
69 41 0.650591
69 18 0.697365
69 38 0.674852
69 36 0.678565
69 19 0.703245
69 42 0.672133
69 32 0.692327
69 21 0.719027
69 24 0.726201
69 22 0.739717
69 16 0.787112
70 13 0.364445
70 27 0.374468
70 25 0.396675
70 14 0.454126
70 12 0.465549
70 26 0.462324
70 39 0.450866
70 28 0.474557
70 11 0.505036
70 8 0.531249
70 24 0.549402
70 9 0.583883
70 29 0.568012
70 10 0.617856
70 31 0.620965
70 0 0.662326
70 4 0.663574
70 18 0.651101
70 2 0.695815
70 6 0.709612
70 7 0.738205
70 40 0.705048
70 22 0.729956
70 17 0.754793
70 3 0.781745
70 1 0.807660
70 35 0.772095
70 5 0.809783
70 21 0.794238
70 15 0.821095
70 37 0.799231
70 23 0.822763
70 20 0.827096
70 36 0.816478
70 42 0.807917
70 41 0.824847
70 32 0.842714
70 33 0.851606
70 19 0.885321
70 16 0.894406
70 38 0.891250
70 30 0.909662
70 34 0.934166
71 24 0.388899
71 8 0.418631
71 6 0.451953
71 9 0.449864
71 10 0.449806
71 25 0.442389
71 7 0.478855
71 26 0.467018
71 28 0.494758
71 11 0.538850
71 37 0.524253
71 29 0.556585
71 27 0.575938
71 12 0.605041
71 32 0.590194
71 40 0.607345
71 16 0.679968
71 0 0.729333
71 5 0.738041
71 1 0.745327
71 2 0.759056
71 3 0.765170
71 13 0.780274
71 17 0.777662
71 33 0.756044
71 22 0.816326
71 19 0.828692
71 21 0.830301
71 15 0.845878
71 31 0.822345
71 41 0.816871
71 38 0.821714
71 42 0.817815
71 23 0.847213
71 20 0.859276
71 36 0.834451
71 39 0.841041
71 35 0.848341
71 34 0.853501
71 14 0.895593
71 18 0.913523
71 30 0.901888
71 4 0.943372
72 2 0.524894
72 11 0.496195
72 8 0.583944
72 10 0.544150
72 0 0.830994
72 14 0.529235
72 12 0.676201
72 7 0.889072
72 5 0.951921
72 15 0.606217
72 9 0.914108
72 17 0.565194
72 3 1.070001
72 21 0.591050
72 16 0.680900
72 22 0.625093
72 25 0.526763
72 24 0.704131
72 13 1.124060
72 28 0.511998
72 26 0.514243
72 23 0.824770
72 1 1.460568
72 19 1.002538
72 4 1.504215
72 20 0.979864
72 18 1.046709
72 6 1.527171
72 27 0.704864
72 31 0.726587
72 38 0.531586
72 29 0.773783
72 36 0.698548
72 41 0.559403
72 30 0.786671
72 32 0.828206
72 34 0.853659
72 37 0.839757
72 33 0.892015
72 40 0.743316
72 39 0.774232
72 42 0.776046
72 35 0.955764
73 10 0.407741
73 9 0.444157
73 11 0.451248
73 23 0.443399
73 12 0.460519
73 24 0.471179
73 8 0.513498
73 28 0.523251
73 25 0.536950
73 37 0.523910
73 13 0.586641
73 27 0.581663
73 0 0.621828
73 26 0.598505
73 14 0.623474
73 35 0.654663
73 42 0.659347
73 31 0.686314
73 33 0.710453
73 2 0.751028
73 1 0.757989
73 5 0.759721
73 3 0.768301
73 38 0.727566
73 18 0.776465
73 30 0.765647
73 6 0.801603
73 16 0.825697
73 4 0.841719
73 20 0.829612
73 19 0.852009
73 40 0.824805
73 22 0.864992
73 17 0.883643
73 21 0.885808
73 39 0.873633
73 32 0.889325
73 29 0.897420
73 36 0.893533
73 7 0.951688
73 34 0.929964
73 41 0.929373
73 15 0.982403
74 10 0.328248
74 12 0.410190
74 8 0.420309
74 13 0.432899
74 25 0.452994
74 9 0.492617
74 38 0.459836
74 11 0.541096
74 30 0.520863
74 29 0.524340
74 26 0.530375
74 27 0.536503
74 7 0.584132
74 2 0.595717
74 28 0.605542
74 14 0.633593
74 0 0.655778
74 15 0.659360
74 32 0.641094
74 37 0.641651
74 18 0.678049
74 3 0.692539
74 21 0.681770
74 31 0.674446
74 42 0.660839
74 24 0.686150
74 39 0.672308
74 17 0.722418
74 33 0.705218
74 23 0.728800
74 5 0.772213
74 41 0.732361
74 4 0.778824
74 6 0.778066
74 1 0.783589
74 36 0.756818
74 16 0.807805
74 20 0.807181
74 34 0.791983
74 22 0.809533
74 40 0.794463
74 35 0.811343
74 19 0.844696
75 9 0.445816
75 10 0.462215
75 26 0.450336
75 8 0.481051
75 25 0.464066
75 13 0.511617
75 12 0.529123
75 24 0.518564
75 28 0.514122
75 11 0.551899
75 14 0.596889
75 37 0.569429
75 27 0.592499
75 3 0.773171
75 29 0.751897
75 0 0.788223
75 5 0.808634
75 1 0.921598
75 34 0.888126
75 31 0.893720
75 17 0.940170
75 42 0.931454
75 2 0.991640
75 15 1.006299
75 21 1.002485
75 18 1.016126
75 39 1.000482
75 6 1.053364
75 4 1.058926
75 32 1.049596
75 41 1.041284
75 23 1.068711
75 38 1.046561
75 30 1.066271
75 20 1.080575
75 22 1.200719
75 40 1.175033
75 33 1.186360
75 16 1.210521
75 35 1.185278
75 36 1.184031
75 7 1.221273
75 19 1.214856
76 12 0.486385
76 38 0.462718
76 23 0.477035
76 25 0.475438
76 11 0.505902
76 24 0.517059
76 13 0.553208
76 27 0.596307
76 10 0.612565
76 8 0.622607
76 14 0.617902
76 26 0.640274
76 9 0.755184
76 0 0.771437
76 28 0.756055
76 15 0.778894
76 3 0.812283
76 1 0.868538
76 5 0.898036
76 7 0.903454
76 6 0.964012
76 17 0.977766
76 20 0.996146
76 19 1.006856
76 34 0.994034
76 29 1.036807
76 33 1.043250
76 2 1.080428
76 37 1.062061
76 36 1.063892
76 22 1.086420
76 41 1.074526
76 35 1.095969
76 4 1.132981
76 40 1.105903
76 30 1.124762
76 31 1.139688
76 16 1.161426
76 32 1.148202
76 21 1.171822
76 42 1.183739
76 39 1.187640
76 18 1.225719
77 11 0.460429
77 13 0.466377
77 27 0.504454
77 7 0.544081
77 10 0.553206
77 8 0.587537
77 25 0.642287
77 12 0.662096
77 32 0.638681
77 9 0.736953
77 3 0.776616
77 23 0.775311
77 28 0.792633
77 19 0.816746
77 31 0.812049
77 5 0.847051
77 37 0.812644
77 26 0.832743
77 22 0.838521
77 42 0.834308
77 24 0.858176
77 30 0.887108
77 20 0.972024
77 33 0.970728
77 17 0.996234
77 18 1.000054
77 1 1.024171
77 39 0.983327
77 15 1.015084
77 38 1.028070
77 16 1.065709
77 0 1.084717
77 21 1.079472
77 34 1.075247
77 2 1.123383
77 35 1.099179
77 36 1.100580
77 40 1.120558
77 14 1.241595
77 41 1.235544
77 6 1.333022
77 29 1.310098
77 4 1.718522
78 31 0.329372
78 39 0.346402
78 8 0.451697
78 30 0.422605
78 13 0.458712
78 3 0.478631
78 11 0.483584
78 32 0.470019
78 10 0.520411
78 1 0.539163
78 9 0.542841
78 19 0.546782
78 24 0.563216
78 0 0.602432
78 27 0.581101
78 23 0.598746
78 12 0.615317
78 14 0.614058
78 28 0.604353
78 21 0.635662
78 29 0.645981
78 26 0.653389
78 25 0.687643
78 2 0.800969
78 33 0.781165
78 16 0.819559
78 5 0.863252
78 42 0.822530
78 41 0.831224
78 15 0.873406
78 18 0.877620
78 35 0.861366
78 6 0.908167
78 36 0.874829
78 4 0.940671
78 20 0.923772
78 17 0.963219
78 34 0.965664
78 22 0.990715
78 40 0.970515
78 7 1.018317
78 38 0.975458
78 37 0.994333
79 13 0.475036
79 8 0.508075
79 10 0.519188
79 27 0.516750
79 7 0.547250
79 25 0.531858
79 11 0.585993
79 9 0.715477
79 12 0.710556
79 29 0.695571
79 38 0.709239
79 24 0.733225
79 28 0.741611
79 1 0.783274
79 26 0.758912
79 39 0.856082
79 2 0.904530
79 0 0.920709
79 33 0.890222
79 21 0.914324
79 3 0.939505
79 23 0.918185
79 30 0.907980
79 19 0.927526
79 15 0.946453
79 34 0.927933
79 5 0.968235
79 35 0.939120
79 20 0.970886
79 14 0.982548
79 37 0.979301
79 36 0.986623
79 31 0.999237
79 22 1.016687
79 41 1.003625
79 32 1.014933
79 6 1.111326
79 17 1.112406
79 42 1.089163
79 18 1.123832
79 40 1.115032
79 4 1.184531
79 16 1.212174
80 8 0.437483
80 11 0.494159
80 13 0.514806
80 14 0.543986
80 30 0.550051
80 27 0.565714
80 29 0.578384
80 10 0.730388
80 9 0.731895
80 28 0.710056
80 39 0.694474
80 26 0.714626
80 12 0.732396
80 25 0.717205
80 1 0.920027
80 0 0.941585
80 4 0.950284
80 16 0.957597
80 19 0.966420
80 3 1.077747
80 2 1.100115
80 41 1.064881
80 32 1.096178
80 7 1.136815
80 20 1.124812
80 17 1.142521
80 5 1.181780
80 24 1.162306
80 36 1.168598
80 34 1.175383
80 38 1.196936
80 35 1.202215
80 42 1.221724
80 23 1.251022
80 18 1.259256
80 37 1.243675
80 22 1.281955
80 15 1.408117
80 21 1.412311
80 40 1.397981
80 33 1.432000
80 6 1.502757
80 31 1.548231
81 7 0.454449
81 9 0.525809
81 26 0.496267
81 38 0.481468
81 8 0.557133
81 12 0.549653
81 10 0.561003
81 28 0.535259
81 3 0.592865
81 24 0.579220
81 25 0.582231
81 11 0.614287
81 13 0.631820
81 27 0.617509
81 29 0.700546
81 5 0.775406
81 0 0.827111
81 1 0.859051
81 6 0.955947
81 33 0.930438
81 16 0.975789
81 2 1.009396
81 4 1.058360
81 36 1.002182
81 20 1.036095
81 41 1.005681
81 31 1.042102
81 30 1.049841
81 40 1.036455
81 42 1.039337
81 39 1.047399
81 21 1.102109
81 34 1.086225
81 19 1.133074
81 22 1.128775
81 17 1.145313
81 15 1.157551
81 37 1.119897
81 14 1.170962
81 18 1.183888
81 23 1.175225
81 32 1.167176
81 35 1.172571
82 13 0.513514
82 8 0.655157
82 12 0.606113
82 1 0.888026
82 0 0.909681
82 6 0.849268
82 10 0.864414
82 3 0.976781
82 14 0.956512
82 11 1.104734
82 9 1.145777
82 25 0.964736
82 2 1.240641
82 15 1.112481
82 22 1.092093
82 23 1.118826
82 17 1.201462
82 18 1.210977
82 24 1.253317
82 27 0.934348
82 29 0.771228
82 19 1.354721
82 4 1.553142
82 5 1.573759
82 30 0.856949
82 16 1.550995
82 28 1.133211
82 26 1.499347
82 20 1.578936
82 31 1.134015
82 34 1.141972
82 40 0.957510
82 7 2.023912
82 21 1.883647
82 36 1.189014
82 42 1.112111
82 32 1.554803
82 38 1.289658
82 41 1.250123
82 37 1.311923
82 33 1.608750
82 39 1.400829
82 35 1.635429
83 8 0.285543
83 7 0.439798
83 9 0.447637
83 11 0.452367
83 29 0.469614
83 13 0.507260
83 10 0.527473
83 26 0.554079
83 12 0.589195
83 3 0.634228
83 5 0.640395
83 27 0.615075
83 38 0.622435
83 25 0.672050
83 30 0.670222
83 28 0.703024
83 1 0.737725
83 0 0.781121
83 41 0.737665
83 15 0.774584
83 4 0.819895
83 37 0.814087
83 16 0.863086
83 31 0.847246
83 17 0.895853
83 6 0.908573
83 35 0.887249
83 34 0.898463
83 19 0.935133
83 2 0.965065
83 32 0.949868
83 40 0.964205
83 36 0.980596
83 33 0.992652
83 18 1.050385
83 21 1.058722
83 22 1.067866
83 23 1.073925
83 42 1.058119
83 24 1.100006
83 14 1.113455
83 20 1.122055
83 39 1.117010
84 6 0.398253
84 24 0.482200
84 8 0.530581
84 5 0.554935
84 26 0.540991
84 27 0.657491
84 10 0.678409
84 25 0.671336
84 36 0.659106
84 22 0.677466
84 7 0.693611
84 23 0.702228
84 9 0.747628
84 11 0.774583
84 4 0.871074
84 32 0.851887
84 39 0.883451
84 20 0.915668
84 17 0.962097
84 28 0.953712
84 34 0.967619
84 16 1.003487
84 18 1.012235
84 0 1.035714
84 33 1.000020
84 14 1.037903
84 41 1.003457
84 2 1.053200
84 37 1.022693
84 40 1.019274
84 19 1.048699
84 1 1.068060
84 12 1.064014
84 30 1.043189
84 15 1.068385
84 38 1.046170
84 42 1.064947
84 31 1.086088
84 13 1.119675
84 35 1.095067
84 21 1.115936
84 3 1.230406
84 29 1.228289
85 9 0.399260
85 11 0.450253
85 14 0.471466
85 13 0.526336
85 3 0.543049
85 39 0.503876
85 27 0.548091
85 29 0.576129
85 26 0.589916
85 31 0.609157
85 10 0.641593
85 1 0.659201
85 12 0.662402
85 8 0.666191
85 28 0.671168
85 30 0.697444
85 5 0.733445
85 22 0.781890
85 20 0.832017
85 32 0.841868
85 25 0.862829
85 6 0.893721
85 0 0.910506
85 7 0.976203
85 21 0.974975
85 38 0.962081
85 15 0.994267
85 4 1.015860
85 23 1.045397
85 24 1.044946
85 2 1.073396
85 19 1.061872
85 41 1.042410
85 33 1.078721
85 34 1.103617
85 40 1.117039
85 17 1.156722
85 35 1.157302
85 42 1.157123
85 37 1.176382
85 18 1.204100
85 36 1.225363
85 16 1.340460
86 13 0.483436
86 8 0.494744
86 39 0.478036
86 9 0.524246
86 11 0.530709
86 28 0.521492
86 7 0.554478
86 10 0.583065
86 27 0.567610
86 30 0.600443
86 31 0.630483
86 29 0.654509
86 12 0.689205
86 26 0.695853
86 34 0.858391
86 41 0.891789
86 2 0.956721
86 5 0.984872
86 1 1.001856
86 0 1.010679
86 40 0.984266
86 6 1.033439
86 33 1.004335
86 20 1.054910
86 19 1.081038
86 3 1.127536
86 32 1.105154
86 37 1.097929
86 25 1.124850
86 4 1.150332
86 14 1.142891
86 15 1.185204
86 23 1.209720
86 35 1.200639
86 21 1.223474
86 17 1.256828
86 18 1.263846
86 42 1.245358
86 22 1.274496
86 16 1.297178
86 24 1.300994
86 36 1.291674
86 38 1.341907
87 25 0.410999
87 28 0.478521
87 29 0.488001
87 30 0.492494
87 11 0.523306
87 9 0.529770
87 13 0.535189
87 8 0.557266
87 27 0.548931
87 37 0.540491
87 12 0.584194
87 26 0.608669
87 14 0.649915
87 10 0.658717
87 19 0.855786
87 39 0.836739
87 21 0.865877
87 36 0.868868
87 23 0.904930
87 35 0.910550
87 31 0.930503
87 17 0.966709
87 15 0.986631
87 1 1.000980
87 24 1.009557
87 33 1.013582
87 18 1.048142
87 40 1.039167
87 22 1.064296
87 6 1.081547
87 2 1.107651
87 3 1.120077
87 4 1.130248
87 7 1.144256
87 0 1.161902
87 34 1.130686
87 38 1.139432
87 42 1.140846
87 32 1.160372
87 20 1.188462
87 41 1.164758
87 16 1.208257
87 5 1.223957
88 12 0.505439
88 27 0.517263
88 11 0.553698
88 29 0.576687
88 8 0.644876
88 10 0.648663
88 24 0.643759
88 38 0.633408
88 9 0.676395
88 28 0.655206
88 14 0.675529
88 13 0.725593
88 25 0.731349
88 26 0.746228
88 3 0.866052
88 2 0.890691
88 5 0.922548
88 1 0.968457
88 17 0.962534
88 0 1.086460
88 4 1.116650
88 34 1.094867
88 36 1.152283
88 31 1.160901
88 42 1.151828
88 16 1.204461
88 7 1.228836
88 35 1.201834
88 15 1.254361
88 37 1.228508
88 30 1.241207
88 18 1.279687
88 32 1.262045
88 40 1.285477
88 19 1.343189
88 20 1.347048
88 41 1.353264
88 21 1.388826
88 6 1.407513
88 23 1.388381
88 39 1.368244
88 22 1.423948
88 33 1.561844
89 8 0.550690
89 25 0.545355
89 10 0.653843
89 26 0.645200
89 12 0.678598
89 30 0.661982
89 13 0.693044
89 27 0.676336
89 28 0.677679
89 14 0.697464
89 9 0.727386
89 38 0.696304
89 11 0.817853
89 29 0.804892
89 5 0.952120
89 1 0.978162
89 3 0.990245
89 0 1.055320
89 20 1.063970
89 2 1.137046
89 36 1.100883
89 4 1.153028
89 31 1.184443
89 32 1.215987
89 33 1.222475
89 18 1.245638
89 39 1.225131
89 41 1.270483
89 7 1.326381
89 21 1.353165
89 16 1.367082
89 15 1.388287
89 22 1.386391
89 17 1.406325
89 40 1.379874
89 34 1.399932
89 35 1.399151
89 42 1.390391
89 6 1.455760
89 24 1.442689
89 37 1.462600
89 19 1.532786
89 23 1.534157
90 11 0.414044
90 8 0.428425
90 12 0.434081
90 6 0.487436
90 27 0.475936
90 9 0.517005
90 10 0.569450
90 24 0.561505
90 29 0.565372
90 25 0.572765
90 26 0.581176
90 7 0.604179
90 2 0.619582
90 38 0.587692
90 13 0.643169
90 28 0.634920
90 15 0.695617
90 3 0.719751
90 34 0.772026
90 41 0.806885
90 17 0.866155
90 37 0.861162
90 0 0.912792
90 5 0.938393
90 1 0.957848
90 22 0.970775
90 39 0.962042
90 18 0.998738
90 14 1.011796
90 35 0.990996
90 32 1.005581
90 16 1.028580
90 31 1.023597
90 20 1.056783
90 40 1.035028
90 19 1.066892
90 23 1.084638
90 33 1.075764
90 36 1.072306
90 21 1.096475
90 4 1.126927
90 42 1.095788
90 30 1.121844
91 8 0.932050
91 9 0.982767
91 2 1.305916
91 14 0.791822
91 11 1.056937
91 12 1.028135
91 13 1.000236
91 10 1.154530
91 1 1.568026
91 5 1.514508
91 25 0.602266
91 3 1.794765
91 7 1.534528
91 4 1.789366
91 26 0.640144
91 29 0.552511
91 0 2.004900
91 19 1.142086
91 27 0.788000
91 30 0.741741
91 38 0.695749
91 28 0.872295
91 32 0.829674
91 16 1.486699
91 22 1.154208
91 15 1.537061
91 17 1.504421
91 6 1.973651
91 24 1.060082
91 23 1.092187
91 18 1.553502
91 33 1.034488
91 21 1.347408
91 31 1.102373
91 37 1.000693
91 35 1.051858
91 41 0.993397
91 20 1.628467
91 34 1.080156
91 40 1.038985
91 39 1.135392
91 36 1.209016
91 42 1.154190
92 8 0.520396
92 9 0.546307
92 12 0.597605
92 14 0.728461
92 19 0.775408
92 38 0.763622
92 29 0.823601
92 3 0.970058
92 4 1.028822
92 6 1.043502
92 0 1.062158
92 2 1.079228
92 11 1.080086
92 18 1.100652
92 28 1.102763
92 25 1.107892
92 17 1.205590
92 26 1.203628
92 20 1.218582
92 7 1.316995
92 42 1.304750
92 36 1.324037
92 22 1.347914
92 30 1.353860
92 21 1.378652
92 27 1.400876
92 10 1.437813
92 13 1.534033
92 16 1.549194
92 24 1.755534
92 41 1.745797
92 31 1.772819
92 39 1.780902
92 15 1.852548
92 34 1.848337
92 5 1.937544
92 35 1.915046
92 1 2.112617
92 33 2.158889
92 37 2.165455
92 40 2.270377
92 32 2.308276
92 23 2.353148
93 7 0.516426
93 10 0.556972
93 9 0.599445
93 12 0.630933
93 17 0.657043
93 11 0.676223
93 19 0.691250
93 27 0.702890
93 13 0.733619
93 26 0.745223
93 25 0.815910
93 28 0.824234
93 24 0.830980
93 8 0.886168
93 29 0.876978
93 39 0.865384
93 1 1.259294
93 3 1.271934
93 2 1.286678
93 0 1.305126
93 6 1.301593
93 4 1.354465
93 18 1.379644
93 30 1.441616
93 41 1.446174
93 35 1.499024
93 21 1.552167
93 42 1.557846
93 33 1.582168
93 5 1.628195
93 37 1.616108
93 23 1.647110
93 36 1.666917
93 38 1.703893
93 15 1.747201
93 14 1.763248
93 40 1.731043
93 16 1.935047
93 34 1.912287
93 22 1.931156
93 20 1.934585
93 32 1.918241
93 31 1.935772
94 14 0.635779
94 10 0.654951
94 11 0.654248
94 8 0.674040
94 28 0.672251
94 12 0.699156
94 26 0.680913
94 39 0.659800
94 27 0.745506
94 13 0.850221
94 9 0.887643
94 19 0.889222
94 0 0.932170
94 30 0.906125
94 31 0.907018
94 29 0.929097
94 33 0.940378
94 32 0.942024
94 1 1.063156
94 40 1.021248
94 2 1.094367
94 34 1.067572
94 3 1.123610
94 23 1.118203
94 25 1.156744
94 16 1.210038
94 5 1.236366
94 22 1.227761
94 7 1.268012
94 20 1.253154
94 21 1.250900
94 42 1.242823
94 17 1.303234
94 36 1.271376
94 38 1.311299
94 15 1.351174
94 6 1.393128
94 4 1.406777
94 37 1.458310
94 24 1.508773
94 41 1.505837
94 35 1.571995
94 18 1.617293
95 10 0.499436
95 8 0.589002
95 11 0.631346
95 14 0.685818
95 9 0.690545
95 31 0.787876
95 28 0.793931
95 29 0.793440
95 30 0.792268
95 27 0.796996
95 13 0.814413
95 3 0.822960
95 32 0.792315
95 38 0.784496
95 12 0.818597
95 5 0.861866
95 16 1.028440
95 0 1.052057
95 37 1.023110
95 26 1.097689
95 1 1.138668
95 18 1.145674
95 7 1.185402
95 33 1.165989
95 2 1.201251
95 23 1.190372
95 6 1.225275
95 34 1.195188
95 39 1.197711
95 19 1.233821
95 4 1.246520
95 40 1.205417
95 20 1.234499
95 42 1.213537
95 36 1.235670
95 15 1.273927
95 17 1.272623
95 35 1.249230
95 24 1.264964
95 21 1.278849
95 22 1.278709
95 25 1.281679
95 41 1.275503
96 12 0.653322
96 11 0.661368
96 25 0.652508
96 26 0.653638
96 8 0.689563
96 24 0.687260
96 27 0.684310
96 14 0.702381
96 10 0.706876
96 23 0.692552
96 28 0.686242
96 35 0.680149
96 13 0.768390
96 37 0.742734
96 9 0.786344
96 42 0.819527
96 0 0.895294
96 5 0.907028
96 40 0.872313
96 30 0.893082
96 32 0.902875
96 38 0.919002
96 6 1.031633
96 3 1.041296
96 36 1.014863
96 7 1.076454
96 41 1.039044
96 4 1.086396
96 19 1.071357
96 33 1.060053
96 18 1.086450
96 2 1.125083
96 20 1.130703
96 29 1.120050
96 21 1.134119
96 1 1.163085
96 39 1.122157
96 22 1.151419
96 15 1.161375
96 34 1.138536
96 17 1.168059
96 16 1.169699
96 31 1.155304
97 8 0.275194
97 26 0.535356
97 29 0.557525
97 25 0.571741
97 9 0.600769
97 16 0.608223
97 13 0.736349
97 7 0.742874
97 12 0.739560
97 27 0.723316
97 2 0.749539
97 11 0.743991
97 10 0.745729
97 30 0.724755
97 18 0.739987
97 28 0.752364
97 4 0.777113
97 38 0.788964
97 1 0.868018
97 0 0.903931
97 17 0.927945
97 35 0.913292
97 41 0.909641
97 21 0.961300
97 3 1.001229
97 20 1.028409
97 5 1.070289
97 39 1.041994
97 15 1.075029
97 32 1.093874
97 36 1.144216
97 34 1.165480
97 14 1.201806
97 19 1.210272
97 6 1.231594
97 31 1.219754
97 37 1.233388
97 33 1.247323
97 22 1.272382
97 24 1.286828
97 40 1.271741
97 23 1.310116
97 42 1.382845
98 9 0.562200
98 8 0.584197
98 29 0.633536
98 27 0.709043
98 31 0.720812
98 10 0.776280
98 13 0.774766
98 28 0.796153
98 14 0.836044
98 32 0.889135
98 11 0.936464
98 1 0.973297
98 0 0.996563
98 40 1.006611
98 12 1.068653
98 30 1.061553
98 3 1.141611
98 26 1.161075
98 5 1.215455
98 17 1.225927
98 22 1.296018
98 21 1.422808
98 33 1.406421
98 6 1.442239
98 37 1.420518
98 41 1.415905
98 23 1.443709
98 38 1.439911
98 36 1.457093
98 42 1.464607
98 19 1.535855
98 4 1.551417
98 34 1.526707
98 18 1.566382
98 7 1.600297
98 24 1.596347
98 39 1.585757
98 2 1.647765
98 25 1.637632
98 15 1.652233
98 20 1.647078
98 35 1.689902
98 16 1.749764
99 8 0.699939
99 38 0.648472
99 24 0.704844
99 12 0.720465
99 7 0.725834
99 27 0.827203
99 9 0.899249
99 26 0.911236
99 10 0.961970
99 6 0.966419
99 11 0.962427
99 25 0.988602
99 28 1.002454
99 29 1.064681
99 33 1.147815
99 20 1.262109
99 2 1.346060
99 14 1.358602
99 1 1.371064
99 40 1.348280
99 36 1.368770
99 17 1.416916
99 3 1.441077
99 0 1.501020
99 35 1.470816
99 4 1.520420
99 32 1.480105
99 23 1.540013
99 37 1.508225
99 22 1.542656
99 15 1.553082
99 41 1.520100
99 18 1.573559
99 31 1.547388
99 13 1.596849
99 42 1.553009
99 39 1.669686
99 19 1.716528
99 16 1.738222
99 30 1.712638
99 34 1.719486
99 21 1.794219
99 5 1.899837
100 28 0.453002
100 27 0.460789
100 25 0.475822
100 8 0.537893
100 26 0.520549
100 7 0.554720
100 38 0.525252
100 29 0.554071
100 24 0.565072
100 12 0.622811
100 13 0.681132
100 10 0.690954
100 11 0.719164
100 9 0.754225
100 3 0.807759
100 5 0.873678
100 0 0.951777
100 1 0.972549
100 42 0.941674
100 36 0.986519
100 33 1.005176
100 2 1.048982
100 21 1.094996
100 40 1.118223
100 19 1.153215
100 34 1.142324
100 41 1.137716
100 32 1.158822
100 17 1.180305
100 23 1.179574
100 35 1.169694
100 39 1.169068
100 20 1.212759
100 6 1.245539
100 14 1.262564
100 16 1.268494
100 31 1.250938
100 37 1.250894
100 22 1.273024
100 18 1.283833
100 15 1.291153
100 4 1.328834
100 30 1.308395
101 8 0.500815
101 23 0.504326
101 9 0.561235
101 11 0.560384
101 25 0.692913
101 10 0.729039
101 28 0.709102
101 13 0.730685
101 7 0.736330
101 27 0.713474
101 24 0.719313
101 26 0.741097
101 2 0.768546
101 17 0.778722
101 12 0.784697
101 1 0.944215
101 4 0.943800
101 36 0.907069
101 3 0.987889
101 29 0.980745
101 33 0.977986
101 37 0.973812
101 14 1.021000
101 5 1.067614
101 30 1.057321
101 6 1.121448
101 32 1.091148
101 0 1.128512
101 41 1.091937
101 40 1.124613
101 19 1.154307
101 16 1.175364
101 42 1.152205
101 38 1.161305
101 21 1.184857
101 31 1.209576
101 15 1.245915
101 35 1.257753
101 34 1.261369
101 39 1.266103
101 18 1.294878
101 20 1.392638
101 22 1.438381
102 28 0.622058
102 13 0.650096
102 25 0.722292
102 24 0.746521
102 11 0.771133
102 12 0.772677
102 8 0.808013
102 9 0.816419
102 27 0.824782
102 10 0.853576
102 26 0.895510
102 14 0.909498
102 29 0.915661
102 36 0.911923
102 5 1.192131
102 1 1.239239
102 0 1.250321
102 16 1.245384
102 41 1.224065
102 37 1.286408
102 20 1.303014
102 32 1.302560
102 18 1.335075
102 22 1.340050
102 3 1.361932
102 2 1.375006
102 7 1.378700
102 31 1.365190
102 39 1.368978
102 4 1.403469
102 40 1.379149
102 38 1.381523
102 30 1.395693
102 42 1.386917
102 33 1.395384
102 17 1.418680
102 15 1.422892
102 6 1.439907
102 23 1.421931
102 35 1.437697
102 19 1.464553
102 34 1.501631
102 21 1.542461
103 9 0.536185
103 26 0.596306
103 29 0.610075
103 12 0.707719
103 10 0.710143
103 27 0.703099
103 25 0.735985
103 8 0.859511
103 14 0.872950
103 13 0.933392
103 39 0.924788
103 5 0.990995
103 11 0.987569
103 6 1.030679
103 3 1.071387
103 28 1.087173
103 7 1.148500
103 2 1.160386
103 33 1.137693
103 0 1.196446
103 4 1.197952
103 30 1.185557
103 1 1.284261
103 40 1.276164
103 15 1.356820
103 18 1.371663
103 19 1.391744
103 16 1.427071
103 17 1.438221
103 22 1.432167
103 31 1.457643
103 32 1.502382
103 36 1.514485
103 21 1.552151
103 38 1.530379
103 41 1.525449
103 35 1.536792
103 24 1.694506
103 23 1.696679
103 42 1.670057
103 34 1.684882
103 20 1.707439
103 37 1.685155
104 9 0.737344
104 7 0.750786
104 10 0.749435
104 8 0.785955
104 12 0.888797
104 26 0.886632
104 25 0.901454
104 27 0.912958
104 13 0.933450
104 23 0.944314
104 37 0.943331
104 11 0.985450
104 28 1.241013
104 40 1.236494
104 24 1.253793
104 36 1.259815
104 0 1.297439
104 32 1.285049
104 15 1.313973
104 17 1.312319
104 42 1.287198
104 31 1.320937
104 2 1.406591
104 35 1.397484
104 16 1.433727
104 19 1.440359
104 38 1.428378
104 4 1.469420
104 18 1.462877
104 29 1.482511
104 3 1.530741
104 22 1.531587
104 1 1.561234
104 33 1.537281
104 14 1.568457
104 5 1.585952
104 41 1.561459
104 21 1.589765
104 39 1.599626
104 20 1.651897
104 34 1.660122
104 30 1.725870
104 6 1.802979
105 7 0.442148
105 22 0.582853
105 11 0.650500
105 12 0.658339
105 9 0.675787
105 0 0.705138
105 8 0.708580
105 26 0.665380
105 25 0.684794
105 24 0.688237
105 37 0.690600
105 13 0.765226
105 10 0.771873
105 5 1.002799
105 27 0.927290
105 23 1.021612
105 4 1.139443
105 34 1.120601
105 3 1.268921
105 36 1.190279
105 1 1.285018
105 32 1.288731
105 2 1.385000
105 38 1.291253
105 30 1.352458
105 39 1.360711
105 29 1.383482
105 6 1.502419
105 16 1.474169
105 31 1.483792
105 14 1.546395
105 20 1.519932
105 15 1.559298
105 19 1.559358
105 21 1.604029
105 35 1.591261
105 40 1.598007
105 42 1.603112
105 33 1.641805
105 18 1.674790
105 41 1.648165
105 28 1.695370
105 17 1.780733
106 12 0.571067
106 13 0.587049
106 9 0.606861
106 11 0.604350
106 10 0.621464
106 14 0.616951
106 27 0.683454
106 8 0.816178
106 24 0.825337
106 26 0.807028
106 29 0.869217
106 25 0.940056
106 28 0.972885
106 36 0.986231
106 1 1.239101
106 33 1.123937
106 5 1.259093
106 15 1.324959
106 0 1.360852
106 2 1.385662
106 3 1.420202
106 34 1.294750
106 37 1.288678
106 4 1.468094
106 21 1.449748
106 19 1.469728
106 30 1.375929
106 17 1.514489
106 22 1.513362
106 35 1.413227
106 38 1.422653
106 23 1.562208
106 41 1.460124
106 39 1.477379
106 32 1.492980
106 16 1.615508
106 20 1.619947
106 31 1.527720
106 42 1.516863
106 18 1.660920
106 6 1.707006
106 7 1.805582
106 40 1.779235
107 8 0.834914
107 10 0.851653
107 12 0.865919
107 13 0.884351
107 25 0.873873
107 23 0.893245
107 36 0.902009
107 21 0.925495
107 22 0.950136
107 7 1.159006
107 24 1.181108
107 9 1.365068
107 26 1.350550
107 11 1.373277
107 14 1.426939
107 3 1.452160
107 2 1.453551
107 0 1.511215
107 1 1.548585
107 28 1.545714
107 41 1.553242
107 4 1.613610
107 37 1.601831
107 16 1.647272
107 5 1.656986
107 42 1.645156
107 15 1.681622
107 27 1.689395
107 29 1.701238
107 33 1.699474
107 31 1.701591
107 18 1.727398
107 35 1.714504
107 40 1.724888
107 6 1.754176
107 39 1.827956
107 32 1.834844
107 34 1.834385
107 38 1.832030
107 19 1.848667
107 20 1.848923
107 17 1.852257
107 30 1.997130
108 23 0.679714
108 9 0.722412
108 13 0.727147
108 22 0.740900
108 26 0.744926
108 8 0.790117
108 27 0.804913
108 14 0.853966
108 10 0.859107
108 12 0.874798
108 37 0.908081
108 25 1.100076
108 11 1.118519
108 24 1.138708
108 0 1.366405
108 1 1.374497
108 3 1.369707
108 7 1.386068
108 2 1.462383
108 5 1.489393
108 18 1.481440
108 15 1.516208
108 30 1.540967
108 39 1.567720
108 21 1.594631
108 36 1.612696
108 33 1.641583
108 38 1.641631
108 19 1.696824
108 4 1.769686
108 20 1.753155
108 40 1.749689
108 17 1.797239
108 41 1.790037
108 29 1.828671
108 35 1.888967
108 28 1.905493
108 32 1.955841
108 31 1.995536
108 34 2.020197
108 42 2.059715
108 16 2.103948
108 6 2.235754
109 25 0.703701
109 37 0.749350
109 11 0.820782
109 8 0.832426
109 14 0.848041
109 10 0.865692
109 27 0.854741
109 28 0.856596
109 12 0.939263
109 9 1.040366
109 26 1.019243
109 24 1.032120
109 29 1.036818
109 13 1.058360
109 1 1.084121
109 4 1.175053
109 2 1.230347
109 32 1.204845
109 23 1.265231
109 0 1.415979
109 16 1.409642
109 33 1.395755
109 30 1.464494
109 6 1.505568
109 35 1.467057
109 7 1.506461
109 39 1.463276
109 36 1.467610
109 19 1.540508
109 5 1.555224
109 34 1.528210
109 31 1.534938
109 15 1.559266
109 17 1.568853
109 20 1.567679
109 40 1.545353
109 42 1.576659
109 21 1.611298
109 3 1.646145
109 38 1.615630
109 22 1.648256
109 18 1.745167
109 41 1.771761
110 12 0.550878
110 9 0.683821
110 13 0.681597
110 14 0.682182
110 11 0.685168
110 28 0.723583
110 26 0.769809
110 24 0.787041
110 27 0.811695
110 25 0.969779
110 38 1.005474
110 8 1.119730
110 10 1.132760
110 0 1.165393
110 42 1.127125
110 2 1.181493
110 23 1.177581
110 6 1.216486
110 1 1.236540
110 36 1.222654
110 18 1.272399
110 4 1.322107
110 7 1.339737
110 37 1.330454
110 30 1.362736
110 31 1.407216
110 40 1.406844
110 5 1.457016
110 15 1.465470
110 19 1.499746
110 3 1.566977
110 35 1.548106
110 33 1.592163
110 22 1.621669
110 39 1.601971
110 16 1.651260
110 34 1.640302
110 17 1.678924
110 21 1.684730
110 41 1.671161
110 32 1.747894
110 29 1.829407
110 20 1.868440
111 7 0.478128
111 5 0.517616
111 13 0.572579
111 37 0.543310
111 11 0.589283
111 26 0.579810
111 12 0.624779
111 27 0.625818
111 28 0.627974
111 25 0.646591
111 10 0.704806
111 9 0.760074
111 8 0.771404
111 29 0.786357
111 3 0.841715
111 0 0.881866
111 30 0.858730
111 4 0.914471
111 2 0.926150
111 18 0.904131
111 15 0.937709
111 17 0.951541
111 16 1.037813
111 31 1.055357
111 21 1.088603
111 36 1.073065
111 33 1.093281
111 14 1.137031
111 22 1.127778
111 20 1.132360
111 42 1.128832
111 1 1.233510
111 39 1.157652
111 32 1.240830
111 40 1.245410
111 24 1.284195
111 38 1.276127
111 23 1.311443
111 41 1.279520
111 35 1.314072
111 19 1.402148
111 6 1.441230
111 34 1.408481
112 13 0.688951
112 9 0.694008
112 10 0.851486
112 26 0.826190
112 30 0.820466
112 25 0.830342
112 29 0.825171
112 8 0.860200
112 14 0.854679
112 12 0.857108
112 27 0.877955
112 28 1.055087
112 36 1.160569
112 1 1.389408
112 11 1.403539
112 3 1.412199
112 0 1.445065
112 2 1.470840
112 5 1.493333
112 24 1.515283
112 18 1.532597
112 20 1.573423
112 7 1.638199
112 6 1.667415
112 4 1.692872
112 15 1.709217
112 38 1.666126
112 17 1.737887
112 39 1.695112
112 16 1.791451
112 34 1.758262
112 40 1.746707
112 42 1.829234
112 23 1.888815
112 31 1.981314
112 21 2.000434
112 22 1.998528
112 33 2.016057
112 32 2.040352
112 35 2.142364
112 37 2.181419
112 41 2.358158
112 19 2.421847
113 8 0.589663
113 23 0.616835
113 22 0.632546
113 11 0.660428
113 13 0.669498
113 25 0.664972
113 9 0.721112
113 37 0.728744
113 26 0.762844
113 12 0.824701
113 27 0.895160
113 10 0.944194
113 14 1.003677
113 0 1.090857
113 1 1.086178
113 24 1.129950
113 4 1.171425
113 2 1.178757
113 5 1.387737
113 34 1.385825
113 7 1.440136
113 6 1.472815
113 42 1.430858
113 29 1.465573
113 19 1.507314
113 41 1.481420
113 21 1.538423
113 28 1.539745
113 33 1.541065
113 39 1.565900
113 38 1.576632
113 16 1.619526
113 35 1.605352
113 30 1.635246
113 18 1.661095
113 17 1.675724
113 40 1.650277
113 36 1.663536
113 32 1.678565
113 15 1.747078
113 3 1.770024
113 20 1.753248
113 31 2.004095
114 11 0.671625
114 9 0.777548
114 7 0.795509
114 25 1.164893
114 37 1.163482
114 23 1.191040
114 3 1.226630
114 12 1.220359
114 27 1.229997
114 28 1.236973
114 10 1.284857
114 13 1.316243
114 4 1.335098
114 24 1.341727
114 0 1.406432
114 2 1.433286
114 8 1.436296
114 26 1.415529
114 1 1.473943
114 5 1.513714
114 39 1.565031
114 19 1.627089
114 15 1.655336
114 33 1.647885
114 30 1.668890
114 38 1.729363
114 16 1.850290
114 29 1.832929
114 6 1.884917
114 36 1.871376
114 41 1.920583
114 14 2.024097
114 31 2.103160
114 21 2.176969
114 42 2.156724
114 20 2.198301
114 17 2.252062
114 40 2.229659
114 35 2.262912
114 32 2.280728
114 18 2.300040
114 22 2.338891
114 34 2.332839
115 8 0.617229
115 25 0.613883
115 10 0.680306
115 12 0.803541
115 24 0.793840
115 26 0.793287
115 9 0.810795
115 11 0.809338
115 28 0.793035
115 7 0.815205
115 27 0.842927
115 38 0.871270
115 6 0.948098
115 29 0.961711
115 39 0.999443
115 32 1.060178
115 21 1.123056
115 37 1.137793
115 16 1.188827
115 17 1.206614
115 23 1.223350
115 15 1.234027
115 14 1.274291
115 34 1.254624
115 2 1.323555
115 41 1.284333
115 42 1.284198
115 33 1.308398
115 22 1.321341
115 20 1.338304
115 13 1.347182
115 3 1.372695
115 4 1.387871
115 30 1.362999
115 1 1.409842
115 35 1.377346
115 18 1.415062
115 19 1.427722
115 0 1.463323
115 40 1.483287
115 5 1.534869
115 36 1.520852
115 31 1.554193
116 24 0.627265
116 26 0.647447
116 8 0.692176
116 37 0.665206
116 14 0.725405
116 11 0.747790
116 10 0.887200
116 28 0.971593
116 12 1.064445
116 0 1.203236
116 13 1.263203
116 27 1.241739
116 29 1.240066
116 2 1.279272
116 6 1.276281
116 34 1.274464
116 4 1.341778
116 16 1.328106
116 21 1.320731
116 32 1.303899
116 3 1.367569
116 5 1.369981
116 15 1.358658
116 9 1.385248
116 1 1.407706
116 25 1.456989
116 30 1.486052
116 31 1.505792
116 33 1.547465
116 38 1.540954
116 18 1.597730
116 40 1.597735
116 22 1.650151
116 17 1.698728
116 23 1.727002
116 39 1.716442
116 20 1.752832
116 36 1.736662
116 35 1.784749
116 7 1.841318
116 19 1.843577
116 41 1.904589
116 42 1.904050
117 13 0.662323
117 8 0.699940
117 9 0.740668
117 14 0.735953
117 12 0.739463
117 28 0.920289
117 10 0.952330
117 27 0.925261
117 26 0.985827
117 25 1.095042
117 39 1.099332
117 1 1.283850
117 30 1.278273
117 3 1.323837
117 32 1.376197
117 4 1.446292
117 23 1.420466
117 11 1.465925
117 21 1.451667
117 6 1.500812
117 15 1.488939
117 34 1.481042
117 18 1.513793
117 17 1.540748
117 29 1.518766
117 0 1.617204
117 16 1.621957
117 2 1.690885
117 7 1.685507
117 31 1.676337
117 5 1.791717
117 40 1.761378
117 19 1.801388
117 22 1.850080
117 37 2.017657
117 42 2.046735
117 38 2.054560
117 24 2.097479
117 20 2.122845
117 35 2.096338
117 36 2.208208
117 33 2.303330
117 41 2.313077
118 11 0.603053
118 8 0.625775
118 29 0.683976
118 9 0.745047
118 28 0.735197
118 27 0.758236
118 12 0.841057
118 37 0.847085
118 13 1.213454
118 14 1.237471
118 1 1.250355
118 4 1.249770
118 25 1.242347
118 10 1.291791
118 30 1.261355
118 31 1.302099
118 5 1.340646
118 42 1.349049
118 26 1.422453
118 7 1.471067
118 33 1.455796
118 36 1.452245
118 2 1.501636
118 3 1.501347
118 15 1.638247
118 16 1.637970
118 21 1.629904
118 17 1.638113
118 32 1.611466
118 34 1.608748
118 39 1.621212
118 0 1.679075
118 22 1.717771
118 20 1.724451
118 24 1.738803
118 38 1.888223
118 23 1.928004
118 35 1.930247
118 19 1.982334
118 40 2.000000
118 41 2.024840
118 18 2.079402
118 6 2.165740
119 9 0.832680
119 13 0.830561
119 10 0.844601
119 11 0.844657
119 25 0.839566
119 37 0.917865
119 8 1.005312
119 7 1.193206
119 27 1.181378
119 5 1.262770
119 12 1.313526
119 6 1.351373
119 2 1.446895
119 28 1.447157
119 29 1.456369
119 3 1.496380
119 24 1.503032
119 26 1.524511
119 1 1.618669
119 18 1.658025
119 0 1.706419
119 14 1.736422
119 19 1.808860
119 4 1.871466
119 16 1.882149
119 23 1.874200
119 33 1.911489
119 20 1.941372
119 32 2.048589
119 17 2.070563
119 22 2.064267
119 42 2.036931
119 40 2.049076
119 36 2.083405
119 34 2.086828
119 39 2.101049
119 15 2.146745
119 30 2.128686
119 35 2.130906
119 41 2.148720
119 38 2.233271
119 21 2.267958
119 31 2.257128
120 5 0.622620
120 7 0.725564
120 6 0.954357
120 8 0.985131
120 11 0.984437
120 9 1.144760
120 10 1.177358
120 37 1.136747
120 29 1.199477
120 28 1.318449
120 0 1.383363
120 4 1.459338
120 25 1.490369
120 2 1.552320
120 17 1.752498
120 24 1.774569
120 26 1.806847
120 18 1.856948
120 31 1.863655
120 1 2.022620
120 27 2.030128
120 21 2.043143
120 34 2.018789
120 22 2.076973
120 3 2.095657
120 41 2.041597
120 16 2.119956
120 32 2.115954
120 12 2.148557
120 40 2.125410
120 20 2.227186
120 36 2.199078
120 13 2.364057
120 14 2.364580
120 35 2.397413
120 42 2.502277
120 23 2.583299
120 38 2.588476
120 19 2.662425
120 30 2.641281
120 15 2.669007
120 39 2.704149
120 33 2.743189
