21 0 0.121312
21 2 0.118443
21 1 0.135898
21 4 0.192405
21 6 0.191088
21 3 0.196058
21 7 0.217085
21 8 0.214878
21 5 0.220640
21 9 0.221208
21 11 0.238372
21 10 0.251424
21 12 0.260680
21 14 0.274355
21 18 0.269837
21 13 0.279435
21 32 0.248721
21 24 0.268381
21 30 0.259472
21 44 0.237290
21 47 0.231683
21 28 0.269530
21 22 0.280647
21 42 0.244667
21 25 0.275620
21 16 0.290520
21 27 0.274175
21 26 0.278515
21 19 0.292970
21 15 0.301884
21 20 0.293084
21 36 0.264950
21 33 0.270787
21 17 0.299738
21 48 0.247698
21 31 0.279966
21 29 0.286659
21 34 0.281614
21 45 0.263281
21 50 0.254747
21 40 0.274118
21 23 0.305806
21 38 0.279343
21 39 0.278713
21 43 0.273422
21 37 0.283628
21 21 0.312889
21 46 0.268278
21 41 0.278768
21 35 0.289917
21 49 0.265775
22 0 0.187874
22 2 0.188343
22 1 0.214470
22 4 0.216661
22 3 0.217919
22 5 0.217307
22 9 0.240000
22 8 0.306877
22 12 0.303916
22 14 0.310678
22 29 0.291131
22 13 0.315718
22 28 0.297997
22 32 0.303848
22 10 0.332130
22 17 0.329179
22 21 0.327726
22 41 0.300036
22 44 0.296440
22 31 0.314074
22 22 0.328972
22 18 0.335946
22 33 0.313947
22 7 0.346937
22 6 0.350599
22 35 0.315379
22 30 0.323294
22 23 0.337670
22 37 0.318103
22 42 0.313881
22 49 0.302199
22 38 0.321088
22 20 0.346080
22 45 0.311913
22 24 0.342843
22 11 0.356947
22 43 0.317061
22 25 0.342487
22 26 0.341600
22 48 0.313090
22 27 0.342078
22 34 0.331611
22 36 0.329844
22 15 0.359660
22 50 0.311773
22 19 0.357618
22 46 0.322988
22 16 0.364465
22 40 0.332454
22 47 0.328330
22 39 0.341933
23 28 0.466269
23 14 0.485933
23 42 0.458433
23 38 0.480531
23 40 0.490654
23 27 0.514977
23 23 0.529750
23 33 0.521175
23 15 0.543520
23 12 0.549323
23 29 0.531938
23 21 0.541649
23 6 0.561502
23 7 0.566629
23 18 0.563230
23 0 0.579988
23 20 0.564341
23 4 0.582705
23 10 0.579592
23 30 0.562342
23 47 0.587752
23 5 0.629521
23 1 0.633601
23 8 0.627614
23 19 0.617873
23 26 0.610474
23 13 0.623878
23 50 0.587557
23 32 0.605191
23 37 0.600955
23 35 0.603324
23 16 0.623575
23 11 0.628326
23 17 0.629187
23 44 0.603709
23 2 0.645259
23 48 0.604136
23 9 0.643203
23 34 0.620602
23 24 0.655447
23 43 0.636592
23 22 0.659711
23 45 0.637087
23 41 0.641873
23 31 0.651506
23 39 0.644166
23 49 0.634975
23 25 0.659531
23 3 0.682769
23 46 0.644128
23 36 0.655365
24 0 0.114107
24 4 0.131249
24 3 0.147303
24 9 0.158252
24 1 0.175113
24 2 0.186183
24 6 0.178008
24 10 0.177012
24 12 0.183102
24 11 0.190528
24 14 0.175277
24 7 0.202959
24 5 0.211500
24 8 0.209138
24 15 0.207721
24 17 0.203680
24 13 0.221656
24 20 0.163784
24 16 0.230650
24 26 0.142701
24 19 0.186544
24 18 0.216279
24 22 0.172974
24 24 0.163457
24 27 0.185842
24 25 0.210393
24 32 0.204554
24 30 0.210976
24 29 0.216518
24 39 0.173349
24 31 0.212166
24 33 0.192538
24 23 0.247411
24 44 0.172773
24 48 0.169626
24 41 0.181928
24 28 0.231550
24 37 0.193280
24 34 0.197526
24 46 0.176358
24 42 0.183800
24 21 0.259486
24 50 0.176831
24 38 0.195236
24 47 0.184090
24 36 0.208810
24 45 0.191663
24 43 0.194282
24 35 0.209634
24 49 0.187443
24 40 0.207216
25 0 0.172459
25 3 0.184528
25 4 0.183867
25 5 0.187965
25 1 0.200994
25 2 0.200704
25 10 0.238537
25 9 0.240295
25 6 0.280422
25 28 0.266375
25 32 0.264347
25 11 0.288971
25 44 0.260458
25 7 0.307425
25 17 0.300715
25 19 0.299021
25 13 0.306708
25 25 0.293782
25 31 0.287503
25 14 0.309259
25 12 0.314387
25 15 0.312247
25 36 0.289737
25 33 0.294553
25 8 0.322686
25 42 0.283215
25 24 0.308302
25 27 0.306496
25 23 0.311195
25 18 0.318500
25 30 0.304771
25 21 0.317713
25 41 0.294097
25 39 0.298494
25 22 0.322259
25 20 0.327305
25 48 0.290531
25 40 0.302096
25 29 0.317224
25 37 0.308054
25 35 0.312143
25 50 0.292786
25 34 0.315424
25 38 0.309451
25 26 0.328534
25 47 0.306438
25 49 0.303823
25 16 0.348719
25 43 0.315338
25 45 0.312516
25 46 0.313148
26 3 0.146924
26 0 0.155194
26 1 0.165456
26 8 0.213949
26 4 0.225997
26 2 0.233077
26 5 0.237997
26 6 0.242658
26 13 0.237341
26 11 0.245738
26 7 0.275508
26 50 0.246368
26 47 0.255635
26 12 0.307412
26 33 0.292186
26 21 0.312356
26 20 0.316373
26 28 0.305482
26 34 0.300646
26 18 0.324725
26 32 0.306533
26 9 0.336258
26 49 0.284431
26 29 0.315070
26 44 0.294472
26 10 0.344218
26 41 0.302434
26 46 0.296533
26 22 0.333956
26 14 0.345018
26 19 0.339266
26 37 0.317081
26 30 0.326135
26 38 0.316955
26 17 0.345604
26 48 0.302262
26 23 0.340829
26 39 0.324736
26 31 0.335429
26 42 0.320129
26 16 0.358621
26 43 0.323466
26 26 0.352175
26 24 0.356874
26 27 0.353131
26 36 0.347628
26 25 0.361501
26 35 0.353186
26 15 0.387787
26 40 0.357568
26 45 0.348362
27 0 0.171304
27 2 0.181108
27 4 0.180015
27 5 0.192514
27 1 0.209144
27 8 0.215148
27 3 0.222786
27 9 0.217617
27 7 0.233119
27 13 0.282258
27 14 0.285157
27 22 0.275621
27 23 0.274841
27 27 0.271995
27 19 0.283013
27 11 0.292304
27 24 0.277921
27 10 0.293921
27 6 0.299588
27 32 0.269564
27 25 0.280843
27 21 0.285242
27 33 0.271064
27 12 0.297737
27 28 0.281657
27 26 0.286888
27 29 0.284064
27 15 0.304625
27 18 0.301201
27 16 0.304038
27 30 0.286615
27 20 0.299744
27 17 0.304047
27 31 0.286829
27 35 0.284488
27 37 0.301246
27 36 0.305621
27 34 0.310441
27 38 0.317137
27 40 0.354426
27 42 0.360415
27 43 0.362362
27 44 0.400675
27 47 0.400093
27 50 0.402956
27 41 0.458812
27 45 0.464961
27 48 0.465858
27 39 0.481687
27 46 0.481756
27 49 0.507091
28 0 0.130002
28 4 0.168339
28 2 0.175198
28 8 0.178057
28 9 0.180282
28 10 0.181707
28 3 0.196119
28 1 0.209414
28 12 0.195702
28 14 0.202798
28 15 0.215568
28 7 0.228575
28 11 0.225328
28 5 0.269246
28 13 0.258856
28 20 0.249250
28 16 0.279557
28 6 0.293972
28 18 0.275755
28 21 0.274489
28 19 0.279997
28 22 0.281809
28 49 0.198223
28 28 0.274713
28 32 0.261635
28 23 0.299593
28 30 0.278380
28 29 0.279661
28 50 0.209072
28 17 0.315225
28 44 0.227860
28 41 0.248078
28 43 0.229598
28 35 0.269673
28 25 0.297085
28 27 0.291432
28 26 0.293341
28 42 0.254335
28 37 0.270801
28 47 0.223537
28 46 0.231772
28 45 0.235368
28 34 0.278063
28 31 0.283631
28 24 0.306537
28 38 0.273486
28 33 0.281520
28 36 0.278449
28 40 0.269856
28 39 0.281146
28 48 0.240379
29 0 0.173934
29 1 0.203648
29 8 0.204252
29 4 0.218497
29 2 0.239088
29 3 0.238620
29 5 0.247707
29 14 0.297181
29 13 0.298463
29 11 0.304425
29 7 0.314184
29 9 0.340221
29 10 0.341689
29 33 0.316098
29 28 0.325038
29 29 0.324286
29 32 0.322494
29 23 0.336564
29 16 0.348233
29 22 0.341526
29 15 0.350373
29 12 0.353460
29 6 0.361444
29 26 0.340769
29 19 0.363353
29 34 0.343703
29 25 0.360876
29 18 0.372940
29 30 0.358788
29 42 0.341879
29 39 0.346440
29 44 0.340737
29 46 0.339861
29 17 0.382995
29 35 0.360734
29 31 0.367290
29 21 0.382703
29 37 0.361495
29 41 0.361131
29 43 0.362818
29 48 0.355805
29 47 0.357961
29 36 0.373941
29 50 0.356402
29 27 0.388478
29 40 0.372523
29 49 0.364603
29 45 0.376692
29 20 0.416352
29 24 0.413753
29 38 0.395166
30 0 0.194002
30 1 0.197348
30 5 0.196141
30 4 0.224671
30 2 0.236391
30 10 0.253438
30 3 0.288535
30 8 0.284398
30 6 0.305962
30 7 0.315404
30 11 0.315107
30 12 0.317906
30 9 0.337330
30 30 0.312439
30 28 0.319910
30 19 0.334319
30 14 0.339988
30 26 0.325705
30 27 0.325272
30 29 0.323053
30 21 0.336287
30 42 0.304799
30 41 0.306557
30 31 0.322058
30 17 0.345331
30 40 0.312588
30 15 0.348841
30 44 0.308227
30 46 0.309491
30 33 0.327766
30 37 0.322180
30 16 0.355432
30 20 0.353655
30 47 0.316128
30 13 0.364340
30 22 0.358230
30 43 0.327554
30 32 0.350297
30 38 0.344080
30 50 0.329564
30 24 0.367601
30 25 0.370672
30 18 0.383277
30 34 0.364647
30 49 0.345360
30 23 0.385396
30 39 0.362577
30 36 0.367225
30 35 0.374471
30 45 0.361994
30 48 0.359828
31 3 0.219724
31 0 0.226387
31 6 0.234475
31 1 0.243941
31 7 0.252517
31 5 0.260214
31 11 0.255079
31 10 0.264770
31 2 0.276672
31 8 0.303173
31 19 0.296627
31 13 0.303387
31 21 0.296488
31 22 0.301389
31 30 0.294708
31 12 0.317504
31 46 0.275281
31 4 0.331234
31 41 0.288678
31 31 0.306280
31 28 0.310482
31 9 0.333010
31 14 0.328832
31 25 0.316578
31 29 0.311124
31 27 0.315532
31 50 0.283163
31 32 0.310881
31 20 0.329905
31 24 0.325844
31 44 0.303085
31 33 0.324362
31 42 0.311221
31 38 0.323330
31 37 0.326031
31 48 0.308232
31 17 0.352167
31 16 0.356389
31 49 0.318364
31 43 0.327630
31 26 0.352928
31 39 0.336857
31 15 0.368671
31 47 0.328008
31 34 0.348541
31 18 0.369929
31 23 0.368405
31 35 0.365747
31 40 0.366139
31 36 0.384307
31 45 0.374667
32 0 0.167558
32 2 0.194794
32 1 0.205206
32 9 0.199254
32 8 0.205421
32 3 0.221095
32 12 0.212452
32 4 0.226184
32 10 0.225075
32 13 0.228546
32 5 0.252650
32 6 0.252066
32 11 0.271301
32 14 0.268899
32 7 0.281206
32 15 0.333362
32 30 0.297615
32 31 0.298547
32 28 0.307081
32 33 0.302979
32 36 0.311169
32 32 0.327058
32 25 0.357887
32 22 0.363452
32 21 0.366385
32 19 0.368710
32 29 0.340421
32 27 0.357995
32 17 0.377989
32 18 0.391029
32 16 0.394383
32 38 0.345941
32 39 0.345185
32 48 0.326779
32 42 0.345777
32 20 0.396462
32 34 0.366548
32 46 0.341295
32 40 0.357838
32 43 0.355001
32 45 0.345301
32 44 0.354007
32 35 0.372394
32 37 0.369319
32 23 0.407896
32 41 0.364494
32 24 0.413290
32 50 0.351273
32 26 0.413534
32 47 0.360402
32 49 0.357267
33 0 0.200737
33 2 0.221454
33 4 0.223792
33 3 0.229822
33 9 0.238883
33 8 0.252525
33 1 0.265091
33 5 0.294678
33 7 0.297934
33 14 0.302816
33 11 0.312051
33 33 0.286287
33 44 0.270586
33 13 0.332159
33 28 0.317734
33 32 0.312935
33 30 0.325825
33 31 0.327209
33 10 0.358907
33 29 0.337609
33 24 0.351269
33 12 0.367971
33 6 0.377468
33 19 0.369699
33 18 0.370793
33 21 0.371398
33 17 0.376604
33 15 0.381656
33 20 0.377153
33 37 0.355526
33 26 0.374190
33 22 0.379275
33 16 0.394014
33 43 0.357118
33 23 0.389540
33 27 0.388538
33 36 0.381435
33 50 0.362461
33 25 0.398388
33 35 0.383763
33 40 0.377606
33 47 0.369353
33 46 0.370998
33 41 0.383393
33 45 0.378313
33 34 0.396839
33 49 0.376592
33 39 0.399329
33 48 0.398840
33 42 0.408361
33 38 0.432045
34 0 0.185746
34 4 0.193885
34 7 0.201800
34 2 0.211739
34 5 0.216965
34 6 0.240369
34 1 0.256283
34 10 0.256710
34 8 0.270557
34 31 0.275003
34 11 0.302340
34 12 0.302019
34 30 0.279980
34 13 0.304889
34 14 0.304478
34 3 0.315796
34 17 0.303289
34 28 0.290607
34 19 0.302767
34 9 0.316592
34 21 0.312000
34 29 0.301413
34 18 0.315834
34 16 0.323615
34 34 0.304823
34 38 0.299187
34 25 0.322184
34 36 0.306722
34 15 0.339332
34 20 0.334492
34 23 0.331561
34 47 0.297750
34 33 0.319256
34 44 0.303446
34 46 0.302002
34 42 0.316347
34 22 0.346178
34 32 0.333436
34 37 0.329418
34 43 0.320344
34 27 0.344447
34 26 0.354074
34 50 0.320758
34 40 0.337874
34 24 0.362259
34 45 0.333699
34 49 0.328234
34 39 0.345945
34 35 0.355497
34 48 0.339390
34 41 0.365354
35 1 0.217892
35 12 0.208961
35 11 0.221710
35 3 0.240277
35 5 0.256049
35 6 0.260598
35 4 0.269023
35 10 0.262985
35 2 0.281384
35 8 0.353095
35 13 0.350904
35 14 0.362160
35 29 0.342511
35 7 0.404227
35 9 0.413345
35 50 0.352597
35 30 0.389568
35 28 0.410744
35 33 0.405668
35 40 0.397692
35 44 0.397950
35 17 0.444752
35 22 0.436488
35 0 0.488943
35 31 0.440666
35 32 0.443938
35 19 0.467911
35 46 0.425980
35 27 0.462806
35 42 0.438115
35 34 0.457559
35 45 0.436395
35 21 0.475610
35 24 0.488147
35 18 0.501373
35 47 0.459278
35 41 0.483197
35 38 0.488425
35 25 0.510602
35 37 0.495799
35 35 0.499061
35 20 0.517458
35 16 0.529519
35 39 0.495085
35 15 0.533445
35 43 0.488161
35 36 0.508293
35 26 0.521113
35 49 0.485510
35 48 0.489272
35 23 0.539622
36 0 0.166188
36 1 0.182351
36 8 0.206549
36 2 0.224382
36 6 0.225050
36 4 0.239042
36 5 0.258315
36 3 0.275018
36 9 0.272672
36 13 0.282006
36 11 0.295034
36 44 0.286269
36 30 0.306298
36 12 0.330312
36 19 0.324339
36 25 0.324141
36 29 0.319105
36 50 0.289900
36 14 0.340827
36 24 0.329908
36 10 0.346585
36 15 0.344368
36 33 0.321205
36 21 0.341960
36 34 0.325579
36 42 0.314564
36 7 0.362065
36 32 0.331718
36 28 0.337160
36 31 0.341094
36 27 0.350559
36 36 0.342225
36 41 0.338434
36 23 0.365410
36 37 0.348605
36 22 0.370534
36 35 0.357761
36 46 0.342504
36 40 0.352923
36 20 0.383228
36 17 0.389116
36 38 0.361386
36 49 0.345265
36 16 0.392871
36 43 0.360598
36 39 0.367863
36 26 0.389905
36 47 0.360921
36 45 0.364446
36 48 0.365341
36 18 0.413830
37 0 0.225487
37 10 0.235817
37 3 0.254401
37 1 0.268450
37 2 0.272351
37 11 0.264892
37 8 0.282512
37 12 0.281577
37 4 0.293628
37 14 0.284904
37 9 0.291416
37 5 0.308819
37 6 0.330717
37 13 0.329925
37 17 0.329385
37 7 0.342151
37 16 0.354652
37 15 0.374241
37 24 0.403159
37 19 0.459365
37 18 0.461735
37 44 0.465163
37 28 0.498718
37 30 0.499370
37 27 0.507865
37 23 0.526102
37 37 0.507788
37 29 0.543261
37 32 0.544189
37 31 0.557017
37 46 0.538545
37 42 0.555232
37 36 0.580073
37 48 0.584280
37 35 0.638770
37 50 0.620757
37 39 0.636793
37 38 0.640900
37 40 0.638682
37 21 0.674907
37 45 0.642409
37 20 0.677705
37 43 0.656875
37 25 0.680780
37 33 0.672436
37 34 0.687124
37 26 0.698450
37 22 0.725398
37 49 0.688255
37 41 0.735150
37 47 0.732519
38 8 0.235087
38 3 0.264946
38 0 0.275731
38 2 0.274681
38 9 0.268390
38 4 0.295097
38 11 0.294619
38 5 0.302515
38 10 0.344860
38 12 0.344806
38 14 0.342843
38 30 0.359970
38 32 0.366239
38 28 0.386503
38 40 0.367808
38 44 0.364758
38 6 0.435034
38 16 0.423879
38 18 0.422251
38 33 0.394148
38 1 0.457632
38 17 0.437490
38 13 0.445519
38 29 0.428253
38 35 0.418759
38 42 0.408932
38 22 0.451774
38 23 0.446354
38 47 0.416879
38 36 0.432463
38 31 0.444453
38 26 0.456079
38 45 0.423466
38 41 0.429880
38 39 0.442564
38 20 0.483041
38 15 0.491382
38 34 0.453885
38 48 0.437197
38 19 0.501267
38 49 0.451982
38 50 0.452302
38 38 0.467902
38 46 0.457207
38 7 0.531815
38 43 0.467769
38 21 0.516776
38 25 0.514876
38 24 0.518294
38 27 0.514166
38 37 0.505399
39 0 0.249367
39 5 0.266007
39 1 0.287155
39 9 0.329463
39 8 0.337335
39 3 0.344174
39 48 0.296229
39 33 0.318461
39 44 0.305261
39 31 0.321853
39 10 0.356690
39 11 0.356925
39 12 0.380033
39 29 0.365809
39 28 0.369813
39 19 0.380826
39 40 0.366196
39 13 0.402665
39 39 0.371058
39 14 0.407210
39 17 0.411551
39 41 0.379715
39 20 0.406717
39 6 0.426860
39 24 0.405243
39 46 0.377560
39 25 0.417266
39 4 0.444450
39 2 0.453082
39 30 0.420035
39 21 0.432559
39 23 0.438563
39 18 0.445347
39 15 0.460678
39 36 0.431880
39 45 0.423535
39 34 0.440495
39 37 0.438695
39 16 0.469626
39 32 0.447071
39 27 0.454466
39 43 0.443586
39 7 0.489558
39 42 0.446529
39 49 0.440135
39 47 0.443765
39 35 0.466770
39 22 0.485290
39 50 0.451868
39 26 0.493960
39 38 0.478254
40 0 0.211457
40 3 0.211574
40 10 0.244064
40 6 0.256817
40 1 0.272416
40 2 0.296096
40 4 0.297153
40 33 0.284536
40 8 0.317013
40 12 0.319132
40 19 0.318158
40 21 0.326670
40 13 0.339839
40 14 0.356605
40 5 0.369181
40 17 0.359325
40 16 0.375789
40 32 0.364223
40 18 0.386840
40 11 0.397681
40 7 0.402076
40 30 0.375885
40 22 0.390568
40 40 0.364853
40 31 0.378959
40 23 0.392128
40 29 0.383466
40 9 0.408303
40 47 0.360312
40 34 0.383795
40 43 0.377694
40 28 0.402037
40 44 0.379141
40 25 0.407714
40 26 0.406542
40 15 0.421291
40 42 0.392670
40 35 0.414294
40 24 0.434609
40 38 0.415234
40 41 0.417506
40 39 0.424117
40 20 0.457362
40 50 0.414488
40 37 0.438290
40 27 0.458242
40 48 0.427986
40 46 0.432428
40 45 0.437692
40 36 0.454739
40 49 0.436954
41 0 0.713725
41 4 0.549183
41 8 0.407700
41 12 0.364013
41 14 0.309721
41 6 0.643511
41 10 0.511063
41 2 0.928337
41 9 0.579872
41 5 0.844709
41 3 0.948470
41 13 0.649816
41 11 0.708097
41 1 1.134059
41 16 0.499369
41 19 0.470027
41 7 0.834509
41 15 0.698137
41 18 0.569423
41 33 0.219997
41 24 0.454231
41 23 0.460882
41 28 0.323500
41 32 0.326189
41 22 0.588034
41 20 0.682405
41 30 0.381666
41 29 0.390356
41 21 0.691441
41 26 0.567478
41 17 0.771795
41 27 0.429453
41 31 0.470151
41 37 0.355729
41 39 0.358329
41 34 0.469540
41 36 0.390999
41 41 0.392374
41 44 0.334611
41 43 0.342121
41 25 0.798236
41 42 0.363311
41 49 0.335241
41 48 0.353765
41 47 0.365323
41 35 0.540115
41 38 0.499935
41 40 0.499832
41 46 0.404513
41 50 0.394412
41 45 0.446283
42 2 0.244417
42 0 0.250769
42 1 0.268759
42 29 0.314261
42 12 0.335706
42 13 0.338371
42 20 0.331602
42 30 0.322648
42 8 0.359535
42 16 0.354504
42 34 0.335823
42 17 0.358422
42 23 0.350917
42 3 0.396790
42 11 0.390077
42 22 0.382725
42 18 0.389118
42 26 0.391884
42 14 0.410625
42 21 0.403478
42 10 0.415779
42 35 0.394808
42 44 0.381076
42 31 0.401439
42 38 0.393060
42 37 0.395565
42 9 0.431954
42 25 0.414591
42 47 0.389723
42 33 0.412159
42 27 0.422850
42 4 0.450594
42 7 0.448677
42 15 0.446304
42 32 0.425065
42 39 0.416765
42 46 0.406049
42 28 0.434028
42 24 0.440174
42 5 0.461482
42 41 0.424067
42 48 0.415446
42 43 0.428808
42 19 0.468893
42 42 0.439537
42 6 0.488779
42 49 0.438581
42 40 0.452649
42 36 0.464393
42 50 0.445239
42 45 0.452409
43 8 0.255652
43 0 0.306999
43 12 0.321850
43 14 0.327601
43 32 0.342487
43 9 0.383034
43 11 0.383894
43 7 0.391608
43 31 0.360191
43 4 0.403197
43 10 0.400949
43 29 0.380560
43 2 0.416955
43 44 0.365797
43 28 0.404651
43 30 0.405727
43 5 0.439694
43 3 0.442551
43 18 0.428433
43 33 0.408691
43 13 0.437907
43 6 0.450690
43 1 0.465350
43 15 0.460286
43 47 0.422748
43 16 0.468990
43 21 0.464095
43 43 0.449517
43 19 0.484447
43 38 0.457398
43 36 0.463494
43 49 0.447267
43 37 0.464423
43 25 0.483824
43 20 0.496977
43 48 0.468202
43 39 0.485726
43 24 0.512744
43 41 0.493252
43 17 0.528428
43 50 0.488316
43 46 0.496168
43 42 0.503774
43 40 0.514782
43 35 0.524328
43 45 0.513837
43 26 0.552060
43 23 0.557223
43 34 0.543570
43 22 0.567427
43 27 0.569482
44 8 0.295564
44 13 0.304036
44 11 0.306170
44 9 0.313436
44 14 0.323411
44 32 0.305141
44 5 0.353511
44 44 0.332382
44 4 0.398708
44 0 0.407973
44 10 0.412016
44 28 0.395078
44 1 0.435125
44 2 0.434989
44 6 0.436518
44 12 0.469283
44 7 0.479668
44 30 0.469731
44 15 0.496991
44 3 0.508985
44 29 0.478922
44 31 0.476326
44 36 0.469828
44 18 0.502151
44 33 0.481753
44 40 0.471983
44 16 0.514294
44 46 0.477237
44 20 0.524632
44 39 0.525608
44 24 0.547367
44 26 0.545595
44 43 0.537650
44 17 0.599116
44 47 0.560809
44 19 0.609372
44 45 0.573797
44 49 0.573433
44 22 0.616102
44 41 0.586815
44 25 0.612055
44 37 0.600795
44 38 0.604119
44 21 0.635501
44 50 0.592245
44 42 0.610178
44 35 0.621802
44 34 0.628596
44 27 0.651072
44 48 0.634947
44 23 0.679558
45 28 0.330622
45 13 0.363821
45 10 0.369429
45 9 0.371601
45 11 0.382869
45 8 0.395057
45 3 0.411682
45 31 0.409626
45 33 0.417144
45 44 0.409210
45 14 0.479484
45 12 0.484636
45 2 0.497556
45 32 0.481429
45 0 0.537735
45 20 0.521972
45 29 0.515735
45 22 0.524582
45 15 0.542574
45 26 0.532421
45 7 0.557802
45 34 0.527899
45 4 0.563195
45 18 0.550796
45 16 0.557050
45 1 0.571131
45 41 0.540400
45 21 0.577866
45 46 0.545298
45 40 0.560465
45 30 0.575890
45 38 0.566013
45 6 0.608201
45 24 0.604334
45 17 0.636817
45 39 0.622113
45 37 0.628720
45 5 0.670032
45 43 0.626269
45 50 0.619243
45 45 0.633800
45 27 0.664878
45 42 0.642327
45 19 0.678465
45 48 0.640337
45 36 0.669983
45 25 0.712160
45 35 0.704163
45 47 0.695594
45 23 0.733372
45 49 0.696485
46 9 0.282208
46 10 0.297084
46 8 0.338147
46 11 0.339402
46 14 0.336936
46 5 0.345991
46 30 0.336770
46 0 0.376553
46 4 0.422593
46 13 0.418377
46 6 0.425401
46 28 0.405321
46 32 0.400901
46 12 0.427351
46 2 0.437533
46 29 0.407821
46 38 0.398443
46 20 0.448197
46 3 0.479023
46 31 0.446950
46 7 0.475903
46 1 0.481688
46 33 0.458617
46 44 0.449335
46 41 0.452921
46 49 0.446276
46 40 0.464774
46 21 0.496371
46 47 0.478603
46 15 0.528319
46 35 0.502532
46 39 0.503124
46 46 0.497378
46 42 0.513988
46 27 0.541410
46 25 0.548357
46 19 0.559640
46 26 0.561436
46 36 0.564201
46 37 0.562713
46 18 0.595380
46 17 0.602890
46 48 0.568231
46 23 0.606033
46 50 0.568445
46 22 0.612860
46 43 0.584673
46 16 0.621845
46 24 0.621407
46 45 0.592655
46 34 0.635215
47 11 0.297091
47 9 0.312709
47 10 0.322393
47 8 0.327573
47 29 0.351795
47 12 0.374726
47 28 0.375805
47 5 0.400792
47 13 0.396293
47 30 0.389757
47 31 0.389041
47 3 0.438879
47 32 0.410473
47 4 0.450143
47 24 0.432843
47 14 0.445014
47 41 0.411339
47 22 0.438525
47 44 0.411559
47 7 0.461981
47 0 0.477036
47 48 0.422753
47 25 0.458782
47 40 0.449772
47 15 0.488418
47 33 0.466439
47 2 0.508367
47 16 0.498922
47 1 0.514764
47 20 0.511200
47 21 0.515176
47 37 0.498783
47 46 0.497118
47 23 0.533464
47 26 0.533710
47 35 0.523785
47 49 0.510269
47 39 0.524352
47 27 0.542155
47 34 0.548893
47 45 0.538621
47 6 0.588148
47 43 0.554999
47 38 0.562318
47 50 0.551871
47 19 0.603534
47 17 0.606770
47 18 0.608358
47 36 0.585659
47 47 0.580676
47 42 0.621412
48 9 0.305170
48 2 0.337320
48 10 0.335640
48 0 0.369494
48 3 0.371944
48 28 0.360383
48 8 0.398600
48 14 0.396290
48 7 0.407465
48 12 0.419015
48 4 0.432086
48 13 0.426434
48 31 0.401719
48 5 0.435607
48 44 0.384729
48 32 0.402834
48 1 0.442222
48 11 0.450856
48 33 0.431948
48 20 0.456653
48 30 0.446483
48 29 0.457598
48 15 0.498168
48 18 0.514523
48 24 0.512633
48 16 0.549435
48 26 0.535648
48 38 0.519063
48 17 0.560849
48 35 0.539547
48 19 0.567781
48 39 0.538518
48 47 0.549581
48 36 0.570726
48 23 0.593432
48 27 0.600144
48 40 0.587936
48 6 0.633263
48 45 0.581388
48 42 0.593392
48 50 0.585818
48 25 0.630593
48 22 0.638730
48 34 0.620137
48 43 0.612459
48 21 0.645194
48 49 0.605905
48 48 0.607699
48 41 0.627842
48 46 0.624775
48 37 0.664158
49 10 0.274909
49 3 0.309176
49 4 0.330905
49 12 0.326634
49 14 0.327189
49 11 0.380955
49 44 0.341589
49 5 0.391825
49 29 0.367332
49 33 0.363994
49 0 0.406012
49 8 0.431139
49 13 0.452019
49 2 0.473181
49 6 0.473115
49 9 0.475554
49 28 0.458387
49 1 0.487958
49 32 0.473733
49 31 0.475304
49 30 0.484889
49 7 0.512059
49 16 0.510688
49 20 0.516425
49 25 0.527105
49 21 0.537161
49 18 0.548864
49 19 0.552568
49 50 0.515353
49 24 0.551944
49 17 0.565566
49 22 0.559757
49 27 0.557610
49 15 0.608940
49 43 0.571385
49 40 0.581910
49 48 0.573244
49 45 0.578282
49 42 0.592379
49 36 0.609734
49 26 0.624603
49 47 0.595764
49 38 0.608344
49 34 0.624097
49 39 0.618086
49 41 0.617339
49 23 0.649848
49 35 0.637343
49 37 0.636936
49 46 0.629259
49 49 0.636908
50 9 0.198389
50 8 0.221045
50 14 0.223058
50 13 0.230527
50 12 0.235431
50 11 0.247954
50 10 0.252902
50 3 0.362878
50 15 0.354680
50 7 0.368733
50 5 0.374681
50 4 0.382170
50 0 0.387931
50 44 0.231775
50 31 0.281218
50 1 0.444040
50 28 0.311428
50 33 0.305459
50 6 0.468306
50 2 0.481023
50 29 0.334303
50 17 0.478599
50 19 0.480534
50 32 0.341706
50 16 0.488328
50 30 0.346879
50 21 0.401160
50 23 0.416081
50 27 0.439130
50 25 0.454996
50 18 0.589949
50 24 0.467783
50 36 0.443337
50 26 0.477240
50 46 0.448024
50 20 0.509548
50 22 0.500159
50 45 0.460108
50 48 0.462447
50 49 0.470909
50 34 0.494663
50 43 0.483492
50 40 0.500878
50 41 0.501924
50 42 0.501783
50 35 0.515403
50 37 0.513099
50 47 0.500471
50 39 0.516700
50 38 0.524655
50 50 0.509464
51 9 0.292371
51 10 0.329043
51 8 0.336229
51 13 0.353229
51 12 0.366656
51 29 0.350835
51 3 0.414262
51 0 0.437053
51 30 0.403452
51 5 0.433230
51 32 0.404930
51 1 0.460781
51 11 0.464680
51 44 0.433286
51 14 0.493095
51 7 0.511735
51 31 0.487855
51 33 0.498703
51 28 0.527167
51 4 0.569181
51 46 0.518690
51 38 0.558948
51 24 0.587519
51 26 0.588578
51 15 0.610202
51 27 0.595000
51 21 0.618492
51 22 0.617832
51 2 0.649521
51 50 0.587441
51 16 0.643147
51 49 0.608995
51 35 0.630503
51 37 0.628124
51 45 0.625487
51 48 0.643296
51 47 0.649196
51 43 0.656017
51 40 0.674750
51 6 0.723679
51 36 0.690824
51 19 0.720551
51 23 0.719762
51 18 0.731080
51 17 0.736371
51 25 0.727392
51 34 0.718762
51 42 0.705015
51 20 0.748939
51 41 0.717127
51 39 0.721786
52 4 0.242572
52 0 0.255407
52 9 0.301197
52 1 0.341037
52 11 0.350282
52 6 0.355588
52 10 0.363136
52 8 0.366274
52 32 0.337249
52 12 0.370617
52 30 0.359094
52 14 0.382243
52 29 0.381850
52 7 0.415559
52 28 0.400582
52 3 0.430803
52 5 0.430435
52 2 0.439346
52 31 0.411515
52 44 0.406419
52 27 0.449937
52 13 0.498787
52 42 0.473026
52 15 0.518133
52 23 0.517828
52 33 0.503860
52 26 0.531914
52 17 0.559347
52 35 0.533051
52 47 0.515897
52 40 0.526054
52 41 0.531182
52 24 0.558565
52 20 0.563487
52 38 0.539236
52 49 0.526809
52 50 0.525864
52 43 0.542260
52 22 0.575291
52 45 0.558088
52 25 0.589477
52 46 0.570072
52 16 0.614643
52 19 0.613033
52 34 0.603574
52 36 0.600913
52 48 0.589032
52 39 0.603605
52 21 0.635883
52 37 0.622424
52 18 0.686244
53 8 0.327812
53 9 0.417682
53 12 0.449177
53 5 0.490996
53 4 0.492746
53 13 0.500170
53 30 0.473620
53 0 0.531472
53 31 0.475324
53 15 0.546999
53 1 0.567072
53 6 0.578064
53 10 0.633514
53 2 0.650527
53 44 0.548903
53 14 0.679113
53 28 0.669528
53 22 0.690272
53 29 0.682138
53 48 0.587596
53 33 0.620556
53 16 0.737991
53 11 0.751587
53 45 0.639430
53 47 0.654365
53 38 0.673725
53 21 0.784054
53 19 0.792663
53 36 0.710873
53 26 0.805838
53 32 0.722828
53 18 0.831003
53 43 0.713553
53 42 0.723105
53 39 0.727738
53 20 0.838842
53 3 0.861257
53 50 0.723059
53 37 0.746878
53 25 0.849841
53 7 0.878179
53 40 0.757743
53 34 0.780274
53 24 0.915851
53 35 0.834582
53 17 0.936959
53 27 0.924656
53 46 0.834881
53 49 0.840750
53 41 0.860941
53 23 0.989255
54 8 0.309590
54 10 0.375276
54 13 0.381257
54 12 0.385731
54 11 0.393797
54 2 0.410563
54 14 0.403118
54 9 0.408955
54 3 0.415078
54 0 0.461982
54 4 0.476510
54 1 0.485972
54 5 0.512358
54 15 0.535502
54 6 0.606847
54 31 0.579414
54 29 0.642085
54 25 0.670773
54 28 0.702243
54 23 0.713178
54 17 0.725601
54 30 0.710304
54 44 0.693325
54 18 0.754330
54 16 0.758184
54 24 0.751648
54 20 0.759871
54 26 0.757811
54 33 0.757148
54 32 0.767877
54 19 0.787209
54 27 0.781765
54 22 0.789436
54 48 0.795249
54 39 0.816022
54 21 0.840391
54 7 0.863831
54 46 0.818484
54 37 0.834667
54 35 0.869788
54 38 0.870933
54 36 0.884907
54 47 0.899997
54 45 0.906789
54 34 0.929104
54 43 0.919566
54 50 0.916637
54 42 0.949848
54 40 0.987290
54 41 1.019820
54 49 1.031133
55 10 0.379457
55 13 0.382833
55 11 0.390368
55 0 0.403917
55 8 0.408287
55 12 0.417330
55 2 0.433381
55 1 0.444836
55 3 0.466448
55 9 0.479571
55 14 0.478461
55 4 0.626050
55 17 0.615643
55 15 0.624530
55 7 0.641410
55 16 0.641723
55 20 0.650402
55 5 0.670671
55 28 0.762936
55 44 0.746365
55 32 0.787822
55 6 0.829333
55 30 0.806115
55 33 0.807343
55 21 0.825330
55 35 0.808934
55 25 0.837314
55 22 0.845635
55 47 0.816658
55 42 0.836560
55 24 0.865483
55 31 0.861967
55 18 0.881267
55 29 0.867155
55 36 0.861980
55 40 0.877012
55 38 0.899739
55 19 0.941568
55 50 0.900608
55 48 0.912739
55 37 0.931968
55 26 0.965670
55 23 0.975036
55 27 0.970735
55 43 0.951062
55 45 0.948999
55 46 0.997640
55 41 1.042628
55 49 1.041862
55 34 1.073998
55 39 1.073785
56 0 0.286845
56 1 0.379684
56 20 0.385000
56 10 0.395803
56 8 0.401317
56 12 0.400292
56 11 0.417556
56 2 0.433944
56 29 0.423321
56 3 0.459040
56 9 0.462558
56 30 0.445835
56 31 0.445035
56 28 0.455685
56 14 0.490722
56 24 0.478239
56 13 0.501813
56 5 0.513518
56 32 0.483636
56 26 0.493397
56 4 0.534545
56 15 0.530186
56 27 0.514733
56 6 0.547282
56 33 0.514707
56 25 0.534275
56 17 0.615106
56 22 0.612682
56 34 0.613861
56 7 0.743875
56 19 0.734039
56 35 0.721213
56 23 0.737471
56 16 0.747384
56 21 0.745418
56 37 0.732396
56 18 0.777486
56 44 0.744824
56 36 0.790697
56 40 0.809490
56 43 0.807884
56 41 0.841226
56 46 0.858971
56 38 0.877169
56 50 0.861607
56 39 0.885548
56 42 0.887513
56 49 0.889462
56 45 0.915893
56 47 0.971624
56 48 0.979198
57 8 0.205190
57 3 0.294709
57 10 0.240607
57 9 0.280313
57 13 0.349185
57 2 0.456097
57 11 0.370819
57 12 0.411056
57 1 0.551969
57 7 0.509227
57 15 0.481730
57 14 0.561823
57 18 0.557443
57 22 0.605736
57 31 0.597759
57 32 0.601977
57 44 0.584386
57 29 0.622099
57 30 0.624302
57 42 0.632955
57 0 0.783851
57 33 0.654409
57 5 0.812583
57 4 0.821640
57 26 0.705835
57 28 0.707159
57 38 0.704147
57 25 0.760410
57 6 0.877711
57 46 0.734539
57 41 0.767595
57 34 0.783045
57 39 0.783665
57 27 0.806333
57 47 0.788266
57 21 0.827144
57 40 0.822415
57 16 0.866206
57 43 0.831437
57 45 0.829088
57 17 0.875876
57 24 0.895378
57 50 0.886506
57 37 0.916835
57 19 0.994023
57 48 0.961887
57 35 1.002337
57 20 1.044906
57 23 1.045830
57 36 1.028632
57 49 1.016680
58 8 0.643596
58 13 0.663290
58 10 0.670512
58 29 0.656131
58 9 0.820409
58 11 0.854188
58 12 0.865698
58 16 0.883413
58 1 0.906932
58 32 0.884359
58 18 0.902869
58 0 0.934379
58 5 0.972990
58 2 0.998759
58 30 0.970584
58 15 0.983997
58 6 1.012542
58 28 0.989885
58 23 1.020502
58 14 1.040138
58 40 1.020339
58 33 1.027572
58 43 1.018843
58 20 1.045243
58 31 1.036901
58 21 1.051723
58 36 1.154325
58 48 1.141521
58 35 1.158948
58 44 1.151962
58 17 1.177403
58 4 1.193422
58 37 1.159429
58 39 1.157770
58 3 1.199229
58 27 1.181296
58 7 1.234438
58 49 1.193224
58 25 1.248478
58 34 1.240059
58 45 1.299409
58 24 1.365355
58 38 1.351809
58 22 1.373163
58 42 1.359325
58 47 1.355666
58 19 1.392695
58 46 1.367868
58 26 1.394790
58 41 1.381839
58 50 1.386463
59 8 0.374473
59 13 0.370650
59 10 0.379326
59 1 0.403793
59 12 0.395378
59 11 0.467964
59 0 0.477799
59 9 0.481227
59 18 0.530600
59 3 0.667817
59 15 0.668182
59 32 0.657433
59 31 0.674423
59 19 0.760020
59 2 0.822902
59 28 0.870685
59 16 0.899572
59 4 1.003752
59 40 0.966699
59 20 0.993701
59 6 1.008924
59 22 0.992365
59 44 0.967605
59 38 0.985691
59 30 0.994316
59 33 0.993036
59 37 0.989813
59 47 0.975766
59 5 1.036454
59 14 1.034146
59 23 1.025524
59 7 1.048112
59 43 1.021593
59 17 1.061177
59 49 1.023302
59 29 1.055384
59 25 1.091421
59 24 1.118443
59 26 1.125076
59 34 1.196372
59 27 1.208189
59 21 1.214662
59 42 1.210857
59 50 1.219669
59 45 1.230824
59 46 1.259298
59 36 1.278996
59 41 1.283028
59 35 1.320584
59 48 1.309785
59 39 1.391036
60 13 0.372509
60 14 0.384230
60 9 0.401655
60 32 0.438151
60 29 0.447723
60 31 0.446398
60 8 0.470411
60 11 0.485004
60 10 0.491706
60 28 0.498234
60 1 0.544458
60 3 0.574516
60 33 0.569754
60 12 0.597049
60 0 0.643161
60 30 0.614454
60 5 0.643363
60 7 0.757656
60 23 0.746063
60 35 0.806379
60 15 0.833109
60 16 0.844667
60 20 0.840564
60 18 0.858212
60 26 0.868712
60 21 0.879314
60 6 0.919983
60 27 0.899918
60 39 0.909121
60 17 0.933506
60 24 0.925414
60 22 0.937615
60 25 0.936313
60 44 0.919397
60 4 0.962184
60 34 0.963743
60 45 0.976821
60 36 1.002459
60 37 1.010205
60 40 1.047556
60 38 1.058762
60 19 1.107579
60 2 1.140486
60 48 1.108011
60 41 1.199449
60 46 1.223462
60 42 1.280231
60 43 1.325828
60 47 1.327527
60 49 1.344009
60 50 1.448636
61 8 0.391455
61 12 0.388507
61 10 0.405534
61 14 0.425116
61 13 0.431652
61 11 0.433690
61 9 0.443162
61 4 0.574799
61 3 0.581843
61 2 0.711870
61 0 0.713652
61 1 0.714514
61 30 0.682995
61 28 0.686214
61 31 0.682500
61 15 0.704183
61 29 0.690606
61 18 0.706315
61 6 0.746204
61 24 0.796401
61 19 0.804907
61 20 0.804621
61 7 0.816955
61 16 0.809452
61 17 0.846826
61 22 0.862708
61 33 0.873615
61 44 0.861220
61 21 0.898197
61 32 0.887521
61 5 0.926000
61 26 0.924009
61 27 0.937781
61 40 0.950754
61 25 1.061228
61 46 1.050171
61 37 1.077871
61 42 1.073425
61 23 1.109366
61 41 1.124479
61 36 1.136793
61 48 1.148908
61 49 1.158071
61 35 1.210699
61 47 1.197541
61 45 1.225140
61 43 1.244487
61 34 1.277150
61 39 1.313196
61 50 1.300457
61 38 1.328338
62 3 0.323079
62 1 0.335269
62 0 0.346961
62 5 0.389519
62 14 0.390648
62 8 0.400216
62 12 0.400398
62 11 0.411122
62 2 0.424859
62 10 0.423170
62 4 0.482336
62 7 0.511042
62 21 0.746741
62 15 0.754435
62 20 0.749601
62 33 0.744368
62 31 0.751771
62 9 0.784075
62 13 0.789521
62 29 0.810929
62 18 0.982353
62 34 0.973718
62 44 0.970270
62 36 0.984942
62 46 0.977981
62 16 1.022393
62 32 1.016029
62 30 1.018074
62 28 1.031951
62 24 1.042446
62 38 1.029740
62 27 1.050077
62 35 1.067621
62 19 1.098068
62 37 1.076837
62 6 1.128737
62 40 1.124527
62 45 1.123108
62 25 1.165604
62 49 1.172936
62 17 1.229241
62 43 1.199217
62 39 1.214414
62 47 1.208673
62 41 1.243311
62 42 1.248933
62 23 1.315598
62 26 1.319069
62 22 1.329466
62 50 1.311346
62 48 1.350551
63 9 0.356871
63 8 0.385404
63 13 0.433031
63 10 0.448274
63 12 0.452629
63 11 0.457405
63 0 0.468850
63 5 0.475996
63 2 0.484694
63 14 0.483563
63 3 0.510410
63 16 0.573715
63 1 0.602612
63 6 0.641765
63 33 0.710698
63 21 0.960456
63 18 0.965613
63 27 0.954045
63 23 0.961081
63 4 0.990902
63 22 0.973735
63 17 0.981477
63 20 0.979147
63 7 0.994983
63 26 0.970337
63 25 0.975390
63 31 0.976704
63 40 1.007719
63 28 1.023567
63 43 1.006108
63 30 1.023594
63 15 1.045263
63 19 1.040699
63 44 1.028810
63 39 1.052250
63 24 1.075104
63 46 1.051241
63 35 1.078090
63 32 1.082559
63 50 1.080904
63 45 1.096353
63 29 1.128835
63 49 1.121787
63 36 1.146306
63 38 1.180519
63 42 1.175673
63 34 1.226212
63 47 1.213072
63 48 1.312141
63 41 1.402233
63 37 1.424599
64 14 0.336596
64 13 0.386228
64 1 0.420860
64 11 0.500688
64 3 0.508422
64 31 0.476921
64 44 0.464863
64 29 0.507003
64 32 0.524923
64 0 0.566242
64 9 0.563115
64 10 0.563029
64 33 0.561266
64 12 0.666474
64 35 0.660943
64 28 0.691935
64 36 0.706705
64 8 0.853645
64 6 0.871517
64 17 0.876908
64 7 0.892678
64 5 0.902085
64 45 0.878127
64 26 0.928912
64 25 0.931685
64 4 0.986417
64 18 0.974537
64 15 0.979595
64 21 0.972229
64 16 0.979842
64 27 0.963246
64 22 0.972211
64 30 0.965660
64 23 0.985320
64 2 1.025509
64 24 1.018643
64 39 1.007117
64 48 1.004008
64 47 1.006586
64 49 1.007613
64 42 1.026591
64 19 1.065070
64 46 1.046355
64 34 1.067571
64 37 1.154456
64 50 1.154059
64 40 1.176325
64 41 1.190683
64 43 1.220496
64 38 1.250836
64 20 1.311442
65 31 0.540544
65 32 0.565689
65 26 0.713911
65 14 0.749595
65 8 0.755115
65 28 0.740373
65 42 0.753423
65 11 0.785092
65 30 0.770572
65 38 0.772014
65 5 0.812691
65 4 0.821881
65 10 0.842082
65 12 0.840899
65 9 0.850566
65 44 0.840190
65 23 0.866171
65 22 0.868040
65 25 0.865629
65 40 0.861884
65 29 0.872907
65 45 0.862205
65 16 0.907022
65 3 0.919139
65 2 0.920845
65 50 0.875336
65 13 0.914312
65 7 0.924624
65 47 0.885680
65 24 0.909168
65 33 0.906673
65 39 0.910403
65 35 0.927054
65 17 0.952896
65 34 0.961705
65 27 0.975348
65 21 0.981919
65 48 0.975404
65 43 0.981256
65 36 1.001614
65 18 1.029336
65 0 1.051560
65 1 1.051386
65 20 1.052870
65 37 1.046881
65 6 1.099120
65 46 1.073217
65 15 1.121484
65 19 1.124287
65 41 1.135951
65 49 1.157711
66 0 0.231809
66 10 0.301825
66 1 0.333777
66 4 0.393425
66 31 0.380791
66 14 0.430846
66 13 0.436832
66 11 0.440944
66 15 0.496500
66 9 0.509501
66 29 0.497983
66 21 0.540693
66 33 0.559724
66 35 0.568886
66 30 0.581139
66 2 0.612722
66 3 0.612854
66 18 0.607336
66 5 0.625306
66 25 0.630450
66 27 0.665228
66 17 0.685792
66 12 0.698783
66 20 0.697749
66 8 0.717388
66 49 0.676780
66 7 0.736119
66 19 0.745189
66 41 0.715156
66 44 0.710269
66 32 0.729084
66 28 0.733462
66 39 0.718616
66 45 0.715336
66 16 0.763496
66 36 0.767332
66 48 0.771406
66 37 0.793594
66 43 0.806061
66 42 0.819229
66 22 0.855397
66 46 0.837078
66 6 0.945597
66 34 0.957295
66 40 0.964693
66 24 0.992389
66 26 1.005454
66 23 1.021471
66 50 0.988061
66 47 1.004433
66 38 1.098010
67 9 0.405226
67 13 0.480329
67 11 0.488808
67 14 0.508939
67 30 0.502287
67 10 0.535027
67 8 0.556396
67 12 0.560604
67 29 0.557433
67 33 0.567825
67 1 0.612076
67 31 0.714859
67 7 0.750374
67 2 0.857615
67 0 0.859999
67 3 0.858333
67 19 0.858941
67 21 0.924446
67 15 0.931673
67 28 0.914826
67 24 0.921705
67 32 0.977606
67 16 1.004089
67 4 1.013801
67 18 1.000329
67 26 0.996750
67 6 1.010878
67 17 1.078980
67 23 1.071931
67 5 1.092004
67 35 1.054620
67 40 1.050280
67 44 1.045305
67 20 1.105116
67 22 1.176545
67 25 1.260645
67 27 1.280920
67 41 1.279249
67 39 1.327968
67 43 1.329567
67 49 1.324320
67 42 1.338755
67 48 1.347757
67 34 1.371060
67 38 1.393813
67 45 1.391596
67 36 1.448054
67 47 1.450980
67 37 1.481843
67 46 1.538321
67 50 1.557874
68 12 0.399695
68 30 0.466641
68 11 0.490538
68 8 0.493908
68 2 0.503818
68 0 0.580212
68 10 0.573037
68 29 0.569523
68 28 0.590372
68 13 0.613299
68 6 0.627014
68 32 0.605509
68 23 0.645787
68 19 0.706023
68 34 0.689887
68 9 0.804080
68 21 0.790135
68 27 0.782965
68 25 0.785639
68 4 0.814413
68 7 0.819354
68 22 0.805869
68 38 0.827742
68 35 0.874385
68 17 0.903108
68 3 0.919933
68 15 0.920956
68 31 0.922299
68 16 0.952891
68 24 0.949409
68 46 0.983219
68 44 0.989416
68 5 1.042339
68 14 1.048653
68 42 1.015211
68 33 1.030197
68 20 1.051644
68 36 1.036258
68 37 1.041213
68 26 1.077003
68 40 1.057411
68 1 1.199425
68 41 1.166855
68 18 1.226635
68 43 1.221116
68 47 1.270616
68 50 1.274511
68 48 1.332519
68 45 1.339743
68 39 1.408412
68 49 1.411687
69 9 0.307251
69 8 0.330636
69 11 0.300282
69 14 0.233883
69 10 0.352756
69 13 0.281853
69 17 0.216694
69 7 0.417433
69 4 0.507080
69 12 0.327161
69 1 0.714392
69 0 0.762434
69 3 0.753016
69 5 0.688823
69 30 0.407575
69 33 0.404732
69 6 0.707692
69 32 0.420729
69 28 0.448657
69 20 0.504957
69 15 0.592778
69 29 0.464608
69 31 0.460194
69 19 0.571050
69 39 0.471220
69 2 1.002809
69 44 0.475393
69 27 0.584448
69 18 0.666359
69 40 0.547280
69 48 0.537813
69 41 0.576610
69 26 0.636910
69 25 0.647711
69 42 0.616388
69 16 0.791930
69 49 0.614685
69 21 0.741647
69 23 0.721919
69 34 0.680586
69 36 0.671695
69 24 0.726701
69 22 0.745097
69 45 0.662462
69 43 0.685824
69 35 0.732977
69 47 0.699809
69 46 0.726736
69 50 0.738833
69 37 0.788687
69 38 0.787707
70 12 0.280047
70 8 0.374425
70 11 0.351317
70 9 0.391796
70 4 0.694945
70 14 0.364487
70 13 0.400858
70 10 0.415823
70 28 0.249980
70 3 0.751593
70 2 0.814302
70 32 0.358613
70 0 0.864444
70 30 0.366072
70 1 0.864690
70 31 0.366461
70 6 0.631475
70 5 0.790572
70 29 0.449690
70 44 0.303440
70 16 0.637307
70 21 0.658624
70 33 0.579498
70 24 0.642884
70 36 0.582780
70 7 0.866864
70 15 0.771183
70 25 0.677775
70 20 0.768071
70 19 0.784105
70 26 0.740334
70 42 0.632980
70 18 0.887555
70 22 0.865327
70 40 0.739821
70 23 0.853708
70 45 0.664202
70 38 0.807111
70 17 0.983824
70 35 0.847728
70 34 0.862987
70 39 0.869854
70 41 0.818172
70 43 0.805265
70 27 0.946146
70 46 0.783288
70 37 0.944818
70 50 0.767784
70 47 0.834872
70 48 0.789091
70 49 0.805149
71 8 0.417771
71 9 0.459118
71 14 0.464203
71 29 0.495074
71 28 0.499935
71 13 0.526303
71 0 0.644874
71 1 0.650958
71 3 0.691256
71 44 0.681672
71 20 0.743105
71 2 0.765986
71 11 0.762947
71 31 0.758351
71 21 0.774477
71 45 0.748921
71 43 0.815691
71 18 0.849328
71 32 0.873022
71 10 0.920682
71 33 0.898221
71 30 0.932029
71 26 0.944408
71 22 0.955358
71 4 0.978392
71 27 0.959765
71 47 0.957742
71 16 1.024486
71 24 1.028652
71 12 1.043287
71 38 1.020951
71 17 1.087688
71 23 1.107063
71 25 1.114594
71 37 1.101438
71 15 1.132717
71 5 1.158260
71 48 1.124549
71 36 1.160399
71 41 1.166018
71 35 1.183607
71 42 1.178676
71 39 1.200303
71 50 1.239252
71 7 1.291678
71 19 1.306475
71 49 1.275155
71 46 1.292300
71 40 1.305608
71 6 1.360838
71 34 1.355388
72 5 0.360344
72 20 0.364351
72 10 0.408814
72 0 0.427133
72 8 0.437308
72 2 0.453193
72 13 0.443226
72 12 0.444591
72 14 0.443347
72 3 0.454530
72 9 0.450868
72 11 0.458834
72 15 0.620641
72 17 0.649868
72 24 0.708288
72 1 0.748272
72 18 0.754310
72 6 0.816730
72 19 0.811791
72 7 0.904060
72 22 0.888830
72 42 0.936385
72 25 0.967965
72 35 0.961396
72 44 0.951357
72 16 1.000651
72 4 1.053940
72 31 1.079007
72 30 1.147607
72 34 1.149913
72 41 1.140768
72 49 1.128640
72 43 1.139830
72 33 1.213433
72 48 1.205731
72 29 1.240200
72 21 1.272225
72 45 1.246064
72 27 1.281947
72 32 1.282858
72 23 1.297617
72 38 1.285746
72 50 1.290231
72 36 1.318190
72 28 1.331517
72 26 1.344201
72 37 1.330254
72 39 1.343574
72 40 1.420155
72 47 1.451353
72 46 1.459016
73 13 0.756198
73 11 0.941991
73 9 1.068574
73 50 1.048085
73 29 1.078715
73 31 1.081251
73 32 1.093784
73 14 1.158848
73 36 1.173938
73 10 1.220695
73 46 1.190496
73 28 1.219226
73 45 1.234889
73 33 1.259621
73 44 1.273188
73 42 1.308974
73 30 1.321087
73 0 1.394216
73 7 1.388512
73 8 1.407322
73 12 1.408222
73 5 1.428486
73 43 1.404446
73 25 1.442802
73 21 1.484286
73 2 1.519983
73 35 1.493748
73 39 1.510121
73 26 1.533725
73 16 1.547818
73 48 1.525997
73 47 1.532186
73 6 1.572828
73 27 1.566048
73 15 1.576854
73 1 1.594824
73 18 1.586062
73 20 1.585182
73 40 1.579943
73 37 1.593050
73 49 1.605223
73 41 1.643658
73 3 1.684060
73 38 1.682611
73 17 1.748474
73 24 1.751938
73 19 1.761680
73 34 1.784824
73 4 1.823385
73 22 1.848475
73 23 1.878323
74 11 0.387111
74 9 0.422525
74 12 0.486809
74 30 0.509855
74 33 0.514479
74 0 0.570452
74 2 0.591408
74 1 0.656111
74 10 0.662503
74 15 0.685235
74 43 0.667631
74 8 0.728679
74 23 0.739334
74 31 0.746715
74 37 0.751975
74 50 0.743086
74 32 0.765660
74 13 0.893864
74 14 0.903260
74 29 0.887565
74 42 0.880696
74 28 0.895523
74 44 0.880123
74 4 0.920971
74 18 0.916794
74 47 0.933568
74 22 0.967876
74 34 0.982308
74 38 1.049125
74 7 1.080420
74 46 1.039947
74 25 1.084950
74 16 1.101772
74 27 1.102894
74 19 1.161194
74 20 1.183743
74 24 1.179143
74 26 1.183749
74 6 1.217830
74 39 1.208941
74 48 1.220232
74 17 1.257069
74 3 1.269085
74 21 1.273800
74 40 1.283939
74 5 1.360423
74 36 1.376821
74 35 1.385065
74 45 1.385010
74 41 1.448450
74 49 1.465348
75 12 0.407349
75 13 0.411794
75 9 0.460145
75 10 0.486137
75 8 0.508616
75 11 0.529115
75 14 0.684707
75 1 0.812627
75 30 0.914569
75 29 0.917017
75 0 0.947278
75 3 0.945130
75 17 0.933548
75 15 0.946008
75 6 0.988435
75 18 0.994682
75 7 1.023228
75 5 1.072043
75 24 1.209478
75 23 1.247828
75 2 1.302307
75 25 1.293938
75 28 1.350354
75 37 1.356485
75 32 1.444733
75 44 1.550897
75 33 1.610256
75 21 1.626145
75 31 1.635608
75 34 1.645945
75 16 1.690841
75 20 1.695924
75 4 1.778025
75 27 1.775202
75 40 1.825802
75 43 1.865025
75 41 1.883008
75 39 1.891261
75 48 1.904690
75 22 1.949330
75 19 1.968458
75 47 1.960325
75 36 1.983992
75 46 1.994930
75 50 1.991389
75 35 2.012861
75 26 2.035981
75 49 2.008855
75 45 2.020777
75 42 2.106791
75 38 2.146272
76 44 0.379893
76 10 0.489307
76 13 0.495984
76 29 0.628945
76 14 0.698988
76 9 0.738004
76 28 0.740182
76 0 0.783545
76 30 0.761208
76 3 0.798971
76 2 0.828681
76 8 0.873560
76 18 0.913186
76 31 0.913821
76 6 0.998223
76 11 1.026918
76 32 1.025557
76 7 1.059643
76 38 1.025627
76 12 1.057187
76 16 1.167033
76 48 1.138542
76 24 1.207987
76 34 1.234242
76 33 1.283443
76 15 1.331521
76 5 1.352542
76 46 1.314514
76 21 1.360384
76 1 1.398223
76 40 1.377669
76 17 1.443021
76 47 1.415791
76 4 1.480759
76 22 1.472321
76 23 1.470595
76 25 1.488156
76 41 1.489290
76 19 1.516985
76 37 1.501622
76 26 1.551961
76 42 1.575505
76 49 1.612229
76 50 1.643439
76 35 1.674081
76 39 1.675001
76 36 1.694591
76 20 1.714888
76 45 1.700952
76 43 1.726330
76 27 1.915084
77 10 0.471685
77 32 0.475046
77 8 0.514487
77 11 0.617870
77 44 0.828252
77 5 0.889153
77 3 0.892025
77 2 0.925594
77 21 0.989386
77 35 0.976574
77 28 0.997321
77 14 1.030329
77 23 1.039202
77 29 1.040648
77 49 1.074514
77 33 1.108234
77 31 1.138538
77 30 1.161141
77 6 1.204558
77 9 1.226794
77 12 1.229046
77 1 1.246442
77 36 1.203872
77 37 1.211028
77 4 1.257136
77 19 1.242348
77 13 1.249287
77 0 1.313048
77 50 1.285882
77 24 1.364121
77 47 1.352641
77 17 1.432975
77 16 1.456539
77 42 1.428941
77 46 1.429812
77 45 1.434444
77 27 1.465797
77 38 1.491205
77 48 1.488768
77 15 1.540294
77 18 1.546213
77 39 1.519511
77 41 1.527381
77 34 1.604754
77 40 1.601587
77 43 1.605539
77 26 1.657981
77 25 1.680564
77 22 1.696755
77 7 1.762473
77 20 1.877440
78 31 0.395940
78 9 0.430269
78 8 0.445760
78 32 0.519165
78 14 0.627832
78 3 0.652026
78 10 0.656032
78 13 0.668711
78 27 0.654752
78 12 0.680993
78 20 0.684044
78 30 0.672488
78 33 0.695981
78 44 0.692404
78 1 0.752442
78 11 0.754489
78 28 0.815071
78 24 0.873413
78 0 0.903566
78 34 0.877667
78 2 0.973369
78 22 0.968541
78 4 0.992472
78 29 0.988777
78 16 1.128124
78 21 1.123631
78 5 1.137419
78 7 1.190188
78 19 1.198728
78 25 1.207285
78 39 1.260891
78 45 1.404179
78 38 1.415841
78 48 1.399842
78 41 1.414773
78 23 1.462968
78 43 1.478598
78 26 1.531052
78 46 1.515070
78 40 1.563243
78 36 1.657669
78 50 1.667182
78 15 1.770712
78 18 1.777299
78 49 1.733186
78 37 1.764263
78 17 1.792179
78 35 1.776554
78 6 1.819060
78 42 1.976865
78 47 1.993965
79 10 0.481973
79 8 0.552180
79 14 0.698728
79 30 0.741693
79 32 0.766048
79 0 0.839042
79 11 0.860385
79 9 0.950966
79 33 1.006585
79 21 1.095861
79 15 1.152043
79 6 1.230263
79 41 1.206485
79 13 1.252403
79 39 1.225700
79 34 1.266574
79 31 1.296271
79 29 1.302312
79 5 1.368775
79 12 1.404647
79 37 1.385396
79 42 1.384200
79 28 1.422880
79 25 1.435742
79 20 1.519220
79 40 1.520969
79 1 1.567165
79 35 1.546263
79 16 1.574334
79 22 1.603583
79 45 1.577503
79 44 1.601618
79 3 1.671497
79 18 1.666948
79 43 1.676546
79 38 1.686822
79 36 1.693739
79 2 1.750507
79 24 1.745346
79 17 1.811256
79 4 1.843954
79 27 1.827010
79 49 1.850663
79 23 1.913858
79 47 1.933892
79 7 2.010788
79 46 2.003280
79 19 2.061922
79 50 2.036203
79 48 2.072089
79 26 2.128415
80 8 0.428347
80 9 0.479869
80 11 0.430731
80 10 0.466995
80 13 0.424268
80 14 0.477151
80 12 0.500867
80 30 0.463838
80 32 0.442558
80 28 0.493683
80 31 0.450111
80 29 0.497531
80 4 1.025279
80 0 1.083671
80 7 1.072705
80 16 0.951840
80 3 1.149262
80 15 0.990231
80 5 1.254048
80 33 0.803962
80 2 1.284445
80 18 1.024194
80 25 0.961447
80 1 1.389107
80 21 1.125078
80 44 0.834142
80 6 1.449619
80 27 1.135634
80 34 1.076454
80 26 1.204224
80 20 1.343942
80 36 1.120823
80 19 1.376297
80 17 1.482081
80 35 1.228710
80 24 1.383974
80 41 1.211916
80 23 1.451530
80 40 1.262702
80 43 1.259621
80 22 1.531451
80 39 1.304178
80 48 1.228430
80 38 1.347816
80 50 1.303778
80 46 1.330876
80 45 1.380067
80 37 1.442756
80 42 1.437463
80 47 1.699233
80 49 1.826069
81 8 0.462031
81 11 0.513213
81 29 0.523218
81 12 0.617805
81 0 0.646711
81 13 0.735559
81 31 0.737400
81 5 0.777264
81 3 0.789818
81 30 0.860088
81 28 0.869287
81 47 0.951626
81 9 1.021321
81 33 1.031299
81 15 1.059994
81 32 1.059932
81 10 1.092889
81 34 1.089780
81 14 1.121410
81 2 1.174453
81 17 1.173864
81 44 1.176571
81 36 1.216941
81 37 1.215940
81 1 1.285259
81 26 1.305715
81 50 1.277196
81 35 1.322356
81 19 1.355408
81 7 1.411714
81 27 1.449998
81 41 1.448915
81 40 1.454522
81 38 1.485510
81 23 1.612742
81 18 1.621850
81 21 1.618861
81 49 1.581014
81 4 1.638969
81 42 1.590387
81 20 1.623428
81 24 1.618180
81 46 1.586154
81 43 1.591286
81 45 1.647795
81 25 1.700426
81 16 1.726963
81 22 1.753756
81 6 1.776059
81 48 1.795285
81 39 1.972266
82 0 0.646644
82 13 0.751845
82 9 0.766951
82 1 0.785248
82 11 0.796448
82 12 0.833759
82 40 0.823990
82 27 0.910455
82 31 0.905644
82 8 0.948094
82 3 0.968474
82 14 0.967062
82 32 1.015522
82 44 1.067388
82 38 1.086040
82 10 1.120961
82 28 1.107960
82 6 1.169660
82 22 1.163240
82 29 1.162614
82 23 1.231674
82 45 1.199461
82 15 1.249664
82 36 1.230404
82 4 1.268434
82 33 1.236465
82 30 1.263847
82 2 1.365611
82 25 1.362666
82 47 1.340076
82 19 1.396541
82 17 1.433971
82 46 1.397508
82 34 1.445963
82 24 1.468965
82 43 1.479937
82 21 1.525201
82 5 1.548513
82 35 1.514925
82 49 1.494733
82 16 1.594809
82 42 1.576265
82 20 1.629237
82 7 1.657821
82 18 1.719049
82 39 1.691573
82 48 1.752080
82 26 1.800972
82 50 1.799364
82 41 1.819471
82 37 1.827154
83 9 0.307933
83 10 0.435649
83 5 0.550258
83 13 0.594206
83 12 0.784112
83 7 0.852179
83 11 0.864954
83 34 0.860450
83 3 0.924891
83 31 0.901318
83 16 0.931577
83 23 0.932746
83 39 0.921772
83 44 0.921686
83 8 1.034281
83 17 1.035626
83 6 1.052186
83 15 1.056404
83 30 1.044800
83 41 1.054100
83 33 1.073072
83 45 1.066212
83 29 1.096466
83 27 1.101231
83 14 1.173153
83 43 1.141749
83 32 1.158227
83 47 1.155645
83 46 1.158053
83 28 1.184226
83 48 1.173422
83 22 1.262118
83 40 1.257685
83 1 1.312489
83 0 1.322987
83 19 1.323800
83 20 1.346624
83 2 1.400802
83 36 1.377612
83 50 1.390102
83 18 1.450935
83 49 1.417333
83 4 1.480819
83 35 1.474443
83 25 1.520850
83 42 1.502737
83 37 1.527348
83 26 1.549548
83 24 1.592003
83 21 1.603551
83 38 1.669254
84 10 0.524532
84 8 0.773256
84 30 0.804860
84 23 0.887917
84 14 0.930078
84 0 0.961370
84 9 0.976571
84 12 0.978414
84 3 1.016945
84 32 0.997009
84 1 1.043372
84 28 1.018195
84 13 1.055176
84 20 1.051453
84 44 1.030436
84 15 1.077120
84 11 1.081572
84 29 1.060716
84 40 1.056150
84 34 1.067206
84 33 1.075121
84 47 1.103452
84 31 1.126007
84 45 1.107240
84 7 1.158656
84 22 1.178153
84 18 1.206125
84 41 1.196425
84 36 1.210731
84 17 1.244590
84 5 1.264346
84 38 1.288911
84 19 1.339877
84 25 1.353781
84 24 1.386455
84 26 1.405157
84 27 1.415862
84 6 1.458267
84 50 1.405074
84 37 1.431649
84 48 1.416475
84 46 1.451914
84 39 1.466055
84 4 1.531077
84 42 1.514782
84 21 1.554735
84 49 1.541348
84 43 1.556157
84 2 1.645972
84 35 1.619816
84 16 1.653953
85 8 0.406730
85 44 0.514141
85 1 0.617756
85 9 0.697230
85 3 0.736237
85 29 0.744050
85 30 0.765313
85 13 0.904950
85 11 0.907192
85 32 0.881878
85 10 0.909642
85 33 0.993439
85 12 1.042442
85 2 1.063089
85 4 1.072104
85 14 1.073234
85 40 1.061611
85 27 1.088163
85 28 1.205575
85 36 1.204792
85 5 1.244634
85 31 1.246661
85 18 1.297991
85 45 1.271577
85 37 1.324649
85 25 1.353246
85 41 1.340639
85 22 1.368795
85 7 1.393880
85 24 1.387249
85 34 1.373508
85 49 1.353378
85 6 1.409783
85 43 1.384874
85 23 1.433572
85 26 1.461113
85 0 1.489478
85 17 1.538845
85 15 1.551715
85 19 1.555304
85 47 1.530238
85 38 1.553928
85 16 1.587058
85 20 1.597450
85 35 1.638278
85 21 1.668962
85 39 1.678426
85 50 1.692906
85 46 1.712179
85 42 1.818525
85 48 1.819287
86 9 0.484202
86 10 0.536140
86 32 0.624048
86 30 0.696354
86 8 0.735115
86 31 0.787245
86 44 1.004963
86 29 1.054729
86 5 1.116753
86 14 1.124951
86 37 1.097591
86 35 1.107592
86 2 1.198173
86 1 1.218857
86 6 1.221283
86 0 1.239267
86 11 1.343349
86 24 1.370311
86 27 1.562652
86 4 1.663636
86 13 1.666963
86 33 1.651485
86 38 1.653574
86 46 1.647585
86 15 1.707130
86 47 1.667341
86 12 1.719558
86 28 1.737150
86 21 1.791455
86 3 1.832011
86 20 1.948625
86 41 1.926554
86 26 1.967534
86 16 2.062862
86 36 2.098297
86 42 2.098602
86 18 2.140434
86 45 2.120643
86 34 2.148476
86 39 2.155000
86 19 2.190115
86 49 2.182209
86 40 2.200366
86 17 2.265830
86 7 2.293103
86 23 2.301507
86 48 2.283920
86 25 2.376038
86 22 2.417373
86 43 2.395997
86 50 2.496499
87 32 0.450205
87 33 0.699706
87 8 0.814634
87 29 0.821878
87 9 0.856002
87 12 0.895742
87 44 0.867130
87 28 0.893411
87 10 0.925649
87 22 0.945317
87 3 1.011352
87 6 1.027526
87 14 1.055760
87 30 1.041428
87 34 1.044407
87 11 1.071955
87 47 1.038565
87 26 1.069024
87 13 1.094044
87 31 1.073493
87 21 1.086697
87 2 1.111766
87 0 1.120392
87 1 1.131358
87 15 1.239116
87 36 1.215323
87 39 1.265987
87 5 1.358037
87 40 1.335698
87 24 1.386328
87 37 1.379244
87 4 1.468926
87 38 1.436195
87 19 1.459508
87 27 1.456241
87 46 1.433310
87 25 1.466439
87 17 1.509760
87 35 1.510933
87 45 1.500078
87 16 1.553766
87 7 1.563051
87 48 1.531524
87 18 1.589889
87 49 1.555715
87 23 1.606036
87 50 1.678179
87 42 1.701972
87 43 1.725110
87 41 1.746293
87 20 1.831586
88 10 0.537558
88 30 0.530842
88 29 0.754605
88 31 0.779324
88 28 0.791525
88 32 0.800109
88 44 0.783082
88 5 0.835581
88 11 0.869382
88 33 0.844256
88 9 1.028310
88 2 1.059307
88 14 1.066609
88 12 1.124670
88 8 1.178527
88 18 1.280054
88 3 1.309059
88 42 1.309309
88 19 1.363011
88 1 1.417086
88 13 1.411758
88 6 1.425917
88 4 1.461537
88 47 1.481159
88 50 1.499843
88 40 1.560501
88 17 1.631022
88 0 1.673722
88 43 1.703938
88 41 1.750068
88 16 1.785524
88 25 1.792388
88 26 1.818704
88 21 1.883369
88 37 1.882516
88 7 1.923998
88 35 1.891573
88 38 1.900463
88 48 1.906373
88 36 1.930086
88 15 1.959144
88 20 1.966340
88 34 1.977686
88 23 2.015146
88 45 2.050657
88 24 2.105549
88 39 2.140259
88 27 2.182946
88 22 2.198462
88 49 2.247138
88 46 2.342443
89 14 0.619956
89 28 0.635005
89 11 0.791256
89 8 0.801715
89 31 0.797129
89 32 0.912797
89 12 0.981850
89 10 0.984215
89 1 1.111232
89 33 1.097607
89 16 1.172723
89 6 1.194319
89 30 1.203097
89 44 1.251095
89 22 1.321275
89 20 1.395285
89 29 1.391722
89 13 1.412716
89 4 1.427997
89 9 1.464449
89 37 1.435306
89 26 1.452291
89 5 1.540296
89 25 1.535097
89 41 1.568899
89 3 1.624926
89 0 1.646094
89 7 1.665452
89 15 1.658065
89 2 1.683563
89 24 1.662646
89 46 1.640945
89 35 1.699623
89 45 1.708131
89 42 1.737159
89 34 1.841119
89 21 1.901887
89 47 1.990658
89 36 2.012160
89 50 2.005472
89 40 2.028750
89 48 2.029690
89 38 2.052993
89 17 2.100369
89 39 2.083468
89 23 2.116731
89 27 2.117594
89 19 2.149127
89 49 2.121950
89 43 2.261641
89 18 2.345627
90 14 0.633486
90 13 0.644278
90 10 0.686511
90 11 0.745640
90 20 0.744951
90 9 0.767780
90 8 0.793035
90 3 0.813036
90 0 0.826674
90 29 0.797535
90 1 0.847352
90 32 0.848536
90 30 0.883621
90 44 0.946590
90 33 0.981715
90 12 1.028066
90 43 0.996886
90 31 1.112242
90 18 1.148035
90 28 1.157926
90 37 1.153001
90 5 1.208731
90 16 1.200701
90 4 1.230319
90 47 1.200752
90 45 1.243169
90 27 1.277134
90 7 1.302606
90 17 1.320300
90 46 1.353999
90 34 1.426058
90 25 1.453810
90 41 1.451415
90 2 1.521123
90 39 1.495492
90 23 1.526698
90 19 1.600120
90 21 1.607080
90 36 1.603893
90 48 1.728945
90 24 1.777019
90 35 1.770591
90 6 1.843771
90 40 1.816991
90 38 1.820141
90 49 1.835878
90 50 1.864086
90 15 1.979833
90 42 2.037467
90 22 2.164983
90 26 2.173497
91 8 0.509249
91 28 0.516303
91 9 0.548555
91 30 0.636754
91 29 0.716453
91 13 0.796683
91 11 0.832441
91 5 0.853596
91 1 0.928944
91 22 0.995454
91 12 1.081476
91 44 1.118327
91 0 1.174781
91 3 1.173305
91 23 1.166650
91 2 1.198717
91 4 1.215169
91 47 1.166292
91 20 1.203974
91 6 1.216880
91 31 1.192104
91 32 1.192548
91 14 1.274137
91 33 1.277362
91 37 1.308294
91 10 1.356178
91 35 1.335008
91 7 1.367689
91 19 1.377118
91 15 1.393160
91 40 1.487592
91 38 1.505212
91 41 1.524971
91 49 1.559374
91 46 1.574735
91 45 1.587910
91 21 1.640334
91 17 1.653455
91 24 1.647468
91 34 1.633276
91 16 1.721625
91 43 1.735409
91 48 1.753428
91 18 1.818477
91 36 1.823850
91 50 1.811223
91 26 1.953492
91 42 1.933138
91 39 1.985971
91 27 2.003252
91 25 2.286482
92 9 0.495004
92 8 0.603967
92 29 0.679287
92 10 0.853602
92 44 0.827276
92 13 0.937501
92 19 0.970951
92 3 0.997323
92 14 1.033341
92 11 1.093983
92 0 1.114861
92 1 1.114574
92 31 1.118716
92 5 1.389949
92 21 1.387630
92 6 1.403156
92 22 1.388560
92 25 1.410380
92 4 1.457836
92 35 1.455907
92 36 1.475920
92 42 1.485693
92 17 1.532259
92 24 1.523466
92 40 1.516881
92 7 1.556050
92 20 1.543922
92 23 1.682763
92 46 1.705766
92 32 1.792545
92 28 1.898817
92 15 1.916933
92 33 1.924507
92 43 2.044886
92 30 2.073970
92 12 2.122570
92 26 2.158484
92 41 2.162166
92 39 2.332758
92 2 2.459368
92 47 2.473249
92 34 2.572550
92 50 2.562309
92 16 2.675121
92 38 2.703917
92 18 2.746004
92 48 2.705630
92 27 2.810705
92 37 2.807382
92 49 2.831133
92 45 2.871201
93 8 0.735020
93 12 0.621216
93 10 0.716046
93 11 0.696609
93 14 0.586842
93 19 0.435901
93 9 0.869152
93 21 0.464358
93 4 1.278566
93 13 0.768567
93 30 0.553144
93 1 1.543502
93 28 0.592442
93 32 0.565521
93 29 0.618349
93 2 1.493645
93 3 1.589485
93 31 0.755935
93 5 1.540636
93 7 1.533886
93 0 1.851475
93 44 0.714376
93 33 0.956494
93 20 1.225875
93 6 1.857434
93 17 1.469963
93 15 1.557030
93 27 1.385694
93 22 1.450029
93 16 1.639279
93 23 1.552440
93 18 1.608578
93 26 1.524715
93 34 1.427373
93 24 1.610973
93 40 1.351944
93 25 1.616075
93 35 1.474618
93 38 1.460851
93 41 1.399542
93 36 1.530814
93 39 1.498821
93 37 1.560418
93 42 1.481176
93 49 1.454553
93 43 1.510459
93 50 1.482851
93 47 1.552537
93 45 1.566333
93 48 1.617441
93 46 1.632138
94 29 0.725959
94 44 0.706909
94 32 0.756726
94 28 0.784748
94 9 0.820383
94 10 0.921889
94 31 0.927081
94 14 0.963371
94 13 0.984271
94 12 0.985496
94 8 1.062090
94 34 1.078977
94 5 1.149858
94 30 1.189816
94 11 1.250056
94 22 1.254563
94 17 1.274978
94 7 1.283230
94 45 1.309395
94 27 1.346732
94 1 1.377776
94 2 1.408708
94 0 1.411887
94 20 1.437457
94 21 1.465274
94 36 1.463990
94 33 1.509276
94 43 1.508305
94 42 1.532707
94 16 1.595331
94 3 1.633056
94 18 1.698935
94 47 1.678961
94 48 1.730686
94 38 1.759361
94 26 1.777629
94 39 1.808632
94 4 1.863497
94 46 1.813477
94 6 1.917648
94 40 2.012416
94 24 2.039159
94 49 2.002594
94 23 2.041741
94 35 2.025357
94 15 2.336895
94 37 2.319680
94 19 2.369729
94 50 2.365903
94 25 2.482864
94 41 2.688443
95 9 0.571471
95 14 0.623950
95 8 0.709152
95 12 0.775927
95 28 0.815652
95 5 0.876432
95 13 0.884315
95 31 0.869234
95 10 0.967604
95 0 1.034621
95 3 1.055065
95 29 1.038388
95 30 1.116467
95 43 1.108649
95 2 1.207536
95 33 1.198258
95 32 1.257603
95 20 1.276410
95 11 1.340134
95 19 1.344877
95 50 1.311133
95 25 1.376286
95 24 1.386571
95 16 1.406160
95 1 1.439997
95 26 1.431408
95 44 1.412535
95 37 1.441712
95 21 1.498961
95 39 1.522025
95 15 1.585663
95 22 1.649516
95 7 1.672580
95 18 1.694907
95 4 1.715729
95 47 1.667207
95 45 1.679407
95 17 1.779758
95 40 1.761735
95 34 1.771242
95 46 1.763065
95 35 1.819957
95 41 1.823834
95 36 1.840851
95 27 1.855565
95 6 1.905394
95 38 1.882554
95 42 1.926112
95 48 1.931029
95 23 1.979493
95 49 1.967475
96 14 0.612580
96 12 0.799082
96 44 0.830899
96 13 0.876938
96 0 0.968353
96 50 0.945490
96 8 1.115213
96 29 1.093236
96 45 1.070836
96 10 1.250181
96 30 1.260918
96 47 1.243102
96 49 1.248315
96 40 1.303549
96 11 1.341293
96 36 1.323071
96 7 1.365779
96 31 1.341503
96 28 1.352677
96 24 1.364016
96 32 1.364751
96 38 1.368916
96 33 1.384738
96 20 1.409337
96 42 1.442156
96 4 1.500310
96 21 1.490260
96 1 1.525808
96 2 1.531150
96 19 1.513904
96 9 1.612906
96 35 1.588980
96 5 1.659413
96 22 1.675493
96 25 1.681146
96 48 1.655772
96 15 1.709983
96 6 1.724277
96 39 1.706114
96 16 1.760986
96 43 1.764539
96 23 1.818385
96 46 1.795354
96 3 1.869444
96 17 1.875372
96 18 1.899677
96 37 1.917363
96 34 1.986997
96 27 2.009727
96 26 2.070410
96 41 2.135559
97 9 0.351848
97 32 0.612491
97 8 0.706981
97 3 0.768216
97 29 0.750104
97 19 0.803976
97 1 0.896850
97 12 0.943964
97 21 0.958157
97 10 1.047331
97 48 1.010169
97 11 1.058836
97 5 1.094268
97 13 1.142751
97 44 1.141749
97 33 1.215400
97 4 1.331633
97 31 1.317547
97 37 1.319960
97 39 1.317894
97 14 1.350766
97 15 1.360032
97 30 1.341769
97 25 1.384042
97 28 1.380108
97 45 1.412624
97 17 1.461439
97 0 1.583501
97 2 1.594351
97 47 1.574403
97 18 1.636847
97 20 1.688832
97 43 1.668855
97 50 1.696058
97 24 1.740601
97 23 1.742525
97 22 1.769161
97 6 1.797410
97 41 1.774299
97 7 1.823590
97 35 1.806073
97 26 1.819568
97 36 1.810779
97 40 1.805726
97 38 1.852428
97 16 1.894673
97 27 1.881328
97 34 1.885784
97 46 1.924275
97 42 1.941362
97 49 2.003532
98 9 1.007763
98 11 1.007282
98 12 1.007446
98 13 1.025319
98 8 1.029271
98 0 1.107307
98 32 1.138083
98 28 1.158874
98 10 1.216118
98 27 1.253398
98 5 1.303963
98 3 1.408706
98 31 1.422406
98 14 1.458337
98 17 1.502102
98 22 1.521348
98 23 1.538980
98 30 1.533468
98 26 1.582598
98 25 1.646068
98 34 1.660629
98 2 1.849788
98 7 1.864441
98 38 1.900111
98 16 1.937083
98 29 2.025694
98 36 2.096653
98 24 2.157963
98 43 2.354300
98 47 2.379288
98 15 2.442727
98 42 2.419513
98 19 2.576794
98 1 2.670655
98 33 2.665417
98 50 2.668432
98 20 2.718616
98 6 2.728429
98 4 2.820669
98 44 2.911304
98 18 2.937516
98 21 3.050896
98 35 3.052714
98 45 3.091992
98 37 3.123849
98 41 3.148484
98 39 3.250188
98 46 3.260310
98 40 3.437790
98 48 3.484877
98 49 3.600112
99 14 0.653559
99 13 0.693614
99 10 0.718932
99 11 0.743252
99 30 0.737144
99 28 0.890546
99 12 0.915591
99 8 0.920209
99 9 0.948330
99 31 0.917276
99 32 0.965701
99 3 1.305698
99 27 1.296839
99 17 1.345888
99 24 1.355870
99 29 1.347312
99 38 1.444442
99 33 1.478247
99 18 1.525952
99 4 1.563178
99 16 1.573837
99 5 1.698061
99 25 1.947618
99 19 2.011380
99 36 2.001785
99 26 2.045568
99 1 2.104364
99 15 2.118935
99 23 2.212447
99 0 2.258413
99 48 2.259812
99 37 2.307984
99 44 2.339176
99 6 2.462130
99 2 2.583976
99 41 2.644512
99 20 2.726974
99 22 2.875602
99 40 2.889028
99 46 2.924915
99 47 2.970601
99 49 3.041139
99 34 3.119150
99 35 3.150820
99 45 3.144276
99 7 3.227493
99 21 3.228850
99 50 3.184503
99 42 3.203305
99 43 3.262262
99 39 3.377317
100 28 0.832522
100 32 1.041054
100 12 1.067163
100 30 1.066773
100 29 1.151354
100 9 1.203712
100 13 1.265512
100 44 1.248994
100 11 1.362379
100 33 1.383498
100 31 1.460463
100 48 1.601562
100 49 1.921425
100 8 1.978566
100 25 1.961764
100 39 1.949058
100 3 1.992741
100 2 1.994894
100 10 1.986000
100 4 1.995884
100 40 1.992704
100 18 2.024056
100 19 2.052485
100 42 2.077775
100 27 2.143442
100 7 2.179333
100 45 2.141608
100 14 2.180442
100 1 2.208900
100 46 2.161951
100 41 2.189449
100 50 2.253564
100 43 2.276856
100 47 2.282404
100 26 2.305329
100 5 2.336005
100 35 2.308324
100 22 2.339524
100 0 2.377732
100 21 2.358594
100 17 2.369339
100 15 2.418737
100 38 2.448843
100 36 2.467177
100 24 2.486410
100 23 2.489410
100 20 2.537363
100 16 2.556400
100 34 2.627583
100 6 2.748930
100 37 2.725197
101 9 0.563806
101 8 0.565128
101 13 0.706299
101 0 0.737124
101 1 0.847396
101 20 0.832576
101 3 0.847483
101 31 0.834738
101 5 0.865113
101 10 0.898772
101 4 0.959084
101 40 0.960032
101 16 1.009453
101 30 1.015141
101 36 1.092799
101 7 1.143206
101 12 1.170199
101 28 1.175088
101 29 1.297074
101 11 1.320269
101 48 1.267497
101 33 1.295297
101 44 1.281924
101 32 1.299602
101 18 1.335992
101 50 1.306244
101 45 1.374792
101 14 1.420436
101 42 1.385949
101 46 1.375576
101 24 1.428317
101 21 1.456521
101 19 1.518212
101 47 1.526632
101 2 1.645028
101 34 1.630314
101 15 1.677863
101 49 1.626715
101 39 1.647090
101 17 1.717219
101 41 1.706446
101 38 1.745126
101 37 1.769448
101 23 1.788501
101 6 1.807442
101 25 1.786050
101 35 1.807930
101 43 1.800452
101 26 1.860734
101 27 1.973402
101 22 2.148548
102 8 0.559213
102 12 0.580238
102 31 0.674517
102 11 0.699416
102 14 0.697991
102 9 0.702620
102 32 0.677330
102 30 0.792873
102 0 0.844541
102 13 0.848882
102 44 0.809197
102 33 0.824762
102 3 0.900737
102 29 0.899942
102 10 0.935400
102 28 0.985682
102 24 1.061158
102 23 1.103106
102 5 1.212764
102 2 1.224413
102 4 1.278689
102 19 1.279119
102 40 1.262945
102 38 1.276452
102 45 1.275963
102 18 1.345937
102 35 1.330001
102 42 1.324644
102 26 1.348623
102 25 1.358462
102 20 1.375460
102 17 1.453997
102 47 1.420929
102 6 1.473430
102 1 1.478602
102 21 1.471209
102 46 1.455548
102 7 1.536007
102 41 1.506077
102 43 1.522583
102 48 1.559961
102 37 1.576473
102 49 1.571704
102 36 1.599830
102 16 1.638272
102 39 1.654282
102 22 1.689765
102 50 1.672569
102 27 1.729607
102 34 1.718680
102 15 1.786111
103 11 0.501388
103 9 0.595877
103 8 0.666737
103 10 0.535927
103 12 0.556641
103 14 0.559840
103 13 0.610189
103 0 1.177653
103 28 0.423122
103 2 1.227100
103 3 1.167434
103 4 1.136165
103 32 0.450081
103 30 0.455900
103 7 1.045451
103 6 1.150914
103 1 1.415394
103 29 0.613538
103 31 0.605609
103 20 0.862249
103 18 0.905510
103 5 1.359636
103 33 0.713921
103 19 0.951672
103 44 0.680185
103 16 1.113712
103 15 1.198141
103 24 1.075686
103 22 1.115908
103 36 0.943035
103 43 0.973423
103 21 1.260309
103 40 1.011456
103 46 1.075094
103 39 1.106801
103 27 1.299923
103 34 1.192867
103 26 1.352036
103 48 1.107915
103 45 1.174176
103 25 1.434794
103 37 1.250408
103 23 1.476996
103 42 1.239416
103 38 1.375046
103 17 1.693543
103 49 1.293062
103 50 1.245697
103 35 1.454159
103 41 1.481881
103 47 1.759209
104 14 0.447716
104 9 0.492699
104 8 0.501670
104 12 0.575966
104 13 0.640859
104 31 0.651319
104 30 0.712350
104 11 0.753617
104 32 0.771298
104 28 0.878984
104 10 0.898986
104 0 0.966578
104 29 0.953877
104 44 0.943642
104 16 1.071644
104 33 1.122777
104 15 1.166389
104 36 1.141285
104 47 1.142398
104 2 1.196050
104 39 1.242962
104 19 1.276847
104 45 1.300077
104 42 1.336436
104 6 1.387222
104 17 1.378234
104 38 1.355031
104 23 1.404328
104 18 1.423183
104 25 1.490048
104 34 1.485515
104 43 1.472978
104 21 1.506763
104 41 1.494104
104 4 1.561273
104 22 1.597996
104 26 1.606003
104 5 1.634385
104 40 1.605484
104 1 1.656150
104 3 1.655259
104 48 1.623039
104 35 1.648853
104 24 1.673470
104 46 1.657356
104 50 1.666050
104 37 1.720804
104 49 1.725908
104 27 1.767498
104 7 1.806998
104 20 1.801651
105 8 0.589661
105 11 0.601196
105 29 0.640056
105 44 0.625325
105 32 0.645114
105 14 0.670529
105 12 0.693169
105 0 0.780677
105 9 0.822141
105 31 0.817257
105 13 0.855540
105 28 0.854411
105 30 0.893758
105 10 0.986871
105 1 1.091891
105 5 1.099200
105 6 1.183935
105 3 1.223171
105 33 1.255051
105 46 1.373012
105 39 1.455336
105 20 1.565551
105 24 1.594036
105 2 1.661787
105 27 1.644224
105 7 1.674779
105 35 1.652011
105 50 1.647230
105 17 1.727117
105 38 1.703418
105 40 1.704343
105 36 1.781735
105 41 1.782924
105 34 1.835911
105 45 1.827140
105 43 1.845974
105 15 1.948321
105 23 1.946767
105 47 1.924937
105 37 1.982198
105 48 1.977750
105 16 2.024786
105 4 2.045197
105 49 2.012574
105 18 2.087820
105 19 2.094266
105 22 2.117556
105 21 2.156622
105 25 2.152063
105 42 2.125777
105 26 2.199258
106 9 0.577610
106 12 0.587516
106 10 0.652396
106 11 0.664194
106 8 0.706061
106 28 0.735174
106 31 0.745801
106 30 0.760702
106 29 0.764830
106 32 0.798611
106 44 0.797397
106 13 0.928114
106 33 1.033082
106 14 1.072474
106 4 1.180507
106 0 1.195919
106 3 1.210890
106 2 1.261309
106 19 1.310659
106 40 1.292294
106 16 1.340428
106 34 1.314665
106 5 1.391738
106 36 1.382102
106 22 1.422625
106 37 1.418390
106 47 1.416765
106 50 1.413759
106 1 1.511576
106 20 1.546528
106 48 1.518237
106 7 1.644354
106 27 1.639157
106 38 1.623139
106 24 1.657011
106 26 1.667449
106 45 1.640494
106 21 1.719245
106 41 1.703657
106 18 1.754087
106 6 1.779008
106 46 1.742612
106 42 1.749557
106 25 1.807928
106 15 1.866325
106 43 1.841118
106 35 1.930108
106 17 1.966887
106 49 1.922610
106 39 1.938711
106 23 2.047822
107 10 0.513383
107 9 0.592740
107 8 0.671675
107 13 0.810592
107 44 0.841286
107 3 0.985917
107 33 1.004216
107 29 1.010600
107 30 1.130200
107 14 1.166597
107 11 1.223027
107 0 1.327831
107 1 1.406277
107 12 1.441387
107 5 1.464634
107 37 1.444565
107 38 1.469047
107 32 1.506544
107 18 1.559328
107 31 1.557421
107 42 1.578834
107 28 1.626246
107 35 1.718239
107 41 1.740405
107 34 1.778401
107 23 1.794729
107 46 1.813870
107 40 1.839692
107 4 1.897040
107 25 1.899978
107 39 1.897407
107 16 1.927709
107 6 1.936546
107 48 1.984981
107 50 1.995982
107 2 2.086893
107 36 2.064832
107 49 2.062641
107 43 2.072546
107 26 2.116056
107 27 2.133086
107 7 2.188643
107 19 2.182503
107 17 2.198457
107 15 2.239752
107 47 2.214090
107 24 2.263626
107 45 2.266955
107 21 2.312552
107 20 2.463572
107 22 2.472209
108 10 0.598175
108 32 0.741147
108 9 0.828293
108 12 0.932483
108 28 0.947386
108 44 0.974150
108 31 0.993586
108 13 1.189631
108 0 1.236566
108 29 1.223361
108 7 1.267350
108 40 1.238895
108 5 1.322311
108 11 1.482563
108 1 1.544950
108 8 1.629496
108 45 1.594107
108 33 1.612197
108 30 1.625423
108 27 1.629995
108 24 1.693683
108 14 1.745829
108 35 1.864835
108 34 1.959094
108 15 2.056614
108 25 2.069141
108 23 2.109037
108 48 2.098055
108 2 2.170296
108 49 2.138802
108 38 2.188115
108 43 2.187731
108 22 2.240344
108 36 2.242911
108 46 2.301442
108 21 2.379251
108 26 2.374753
108 3 2.405352
108 17 2.394964
108 4 2.406386
108 20 2.411453
108 16 2.434313
108 41 2.425324
108 37 2.458284
108 39 2.490531
108 18 2.575127
108 42 2.789760
108 50 2.835882
108 6 2.898483
108 19 2.897095
108 47 3.054093
109 8 0.614845
109 12 0.667787
109 10 0.727500
109 9 0.758315
109 32 0.738925
109 14 0.775734
109 31 0.753461
109 30 0.776853
109 33 0.787723
109 44 0.830695
109 28 0.912746
109 7 1.001266
109 29 0.986407
109 13 1.016395
109 0 1.029119
109 3 1.140681
109 11 1.143388
109 1 1.153420
109 2 1.186085
109 48 1.150992
109 39 1.190619
109 4 1.273991
109 22 1.271949
109 34 1.336087
109 17 1.391904
109 42 1.420590
109 5 1.479318
109 18 1.476652
109 23 1.469022
109 15 1.481368
109 24 1.489695
109 46 1.533234
109 41 1.554042
109 16 1.604676
109 6 1.623055
109 25 1.602127
109 27 1.609103
109 36 1.645514
109 26 1.669522
109 50 1.666102
109 35 1.687483
109 19 1.738144
109 20 1.753982
109 45 1.727010
109 38 1.763415
109 40 1.767781
109 43 1.773697
109 37 1.798076
109 47 1.852891
109 21 1.898987
109 49 1.920532
110 32 0.784403
110 29 0.831554
110 10 0.902250
110 12 0.997601
110 9 1.001662
110 44 0.970267
110 31 0.992524
110 0 1.069769
110 8 1.080114
110 33 1.065837
110 14 1.365034
110 11 1.382060
110 13 1.381782
110 28 1.410704
110 16 1.439322
110 3 1.534705
110 25 1.575618
110 49 1.568821
110 6 1.648571
110 30 1.636711
110 4 1.680627
110 50 1.678330
110 1 1.790632
110 17 1.791825
110 15 1.843640
110 43 1.827446
110 19 1.876899
110 5 1.891181
110 36 1.978337
110 18 2.004397
110 27 1.993904
110 2 2.019801
110 21 2.033637
110 40 2.022506
110 22 2.064003
110 46 2.042958
110 42 2.052856
110 20 2.101364
110 26 2.108313
110 24 2.114488
110 38 2.121738
110 41 2.118177
110 7 2.165312
110 45 2.116129
110 47 2.163935
110 48 2.162704
110 23 2.204849
110 35 2.251019
110 37 2.281219
110 34 2.334803
110 39 2.338641
111 8 0.434900
111 10 0.535209
111 11 0.553537
111 12 0.570476
111 9 0.586138
111 13 0.598224
111 14 0.602369
111 30 0.473424
111 28 0.477684
111 31 0.539335
111 32 0.615991
111 5 0.827917
111 44 0.487445
111 3 0.900927
111 17 0.919071
111 29 0.803218
111 2 1.032822
111 16 1.046031
111 15 1.057453
111 23 0.926627
111 33 0.872608
111 21 0.953658
111 4 1.110658
111 19 1.097027
111 34 0.942559
111 18 1.190290
111 0 1.218321
111 20 1.093773
111 43 0.876556
111 6 1.266747
111 25 1.131191
111 22 1.141177
111 38 1.060441
111 7 1.311142
111 24 1.199258
111 1 1.361834
111 27 1.219706
111 45 0.977089
111 36 1.167668
111 37 1.173898
111 40 1.146836
111 47 1.005273
111 39 1.196277
111 26 1.302092
111 41 1.229975
111 35 1.287557
111 42 1.188767
111 48 1.067283
111 50 1.041356
111 46 1.152774
111 49 1.084750
112 8 0.788660
112 10 0.760933
112 0 1.447840
112 2 1.444808
112 9 1.124468
112 14 0.854367
112 12 0.941503
112 11 1.203368
112 13 1.119813
112 6 1.591466
112 28 0.676782
112 30 0.633281
112 4 2.058085
112 3 2.081464
112 31 0.698013
112 1 2.177090
112 32 0.731768
112 29 0.864696
112 16 1.468938
112 20 1.376887
112 33 0.910578
112 44 0.714701
112 18 1.491600
112 15 1.725251
112 26 1.356491
112 19 1.657169
112 17 1.822629
112 25 1.542854
112 24 1.543779
112 34 1.285089
112 7 2.527117
112 27 1.551717
112 5 2.662793
112 21 1.978164
112 38 1.492189
112 36 1.509233
112 42 1.380276
112 40 1.458456
112 35 1.608263
112 22 2.010735
112 46 1.438039
112 39 1.705940
112 43 1.593349
112 23 2.136371
112 48 1.487367
112 45 1.583143
112 37 1.779391
112 50 1.504409
112 47 1.527599
112 41 1.709171
112 49 1.681030
113 8 0.612114
113 28 0.654196
113 9 0.687334
113 12 0.686111
113 31 0.805078
113 11 0.890748
113 29 0.989783
113 30 1.102610
113 14 1.139308
113 0 1.258029
113 33 1.277560
113 5 1.320167
113 21 1.319758
113 36 1.310347
113 3 1.372901
113 32 1.356238
113 10 1.406276
113 46 1.435286
113 27 1.468804
113 13 1.504829
113 44 1.471430
113 45 1.547586
113 1 1.612518
113 20 1.659896
113 15 1.708286
113 7 1.820610
113 41 1.846546
113 17 1.887005
113 24 1.879693
113 49 1.850632
113 4 1.939231
113 50 1.917308
113 35 1.966967
113 18 2.006789
113 2 2.029074
113 6 2.045214
113 22 2.044653
113 25 2.063301
113 42 2.071620
113 43 2.076987
113 16 2.138831
113 40 2.176331
113 48 2.162728
113 34 2.204708
113 47 2.222124
113 26 2.270883
113 39 2.271548
113 19 2.346817
113 38 2.348929
113 37 2.434855
113 23 2.472670
114 8 0.667722
114 10 0.674750
114 13 0.876067
114 44 0.843155
114 9 0.915843
114 12 0.922299
114 32 0.935550
114 31 1.029037
114 0 1.077859
114 29 1.084288
114 3 1.114486
114 30 1.150946
114 14 1.222438
114 11 1.283728
114 1 1.299995
114 28 1.276081
114 4 1.351193
114 36 1.441941
114 24 1.624711
114 40 1.605833
114 33 1.647537
114 6 1.709720
114 37 1.670127
114 2 1.722246
114 26 1.701490
114 5 1.732622
114 15 1.782180
114 46 1.836666
114 18 1.888355
114 48 1.850950
114 20 1.965377
114 41 1.940005
114 45 2.023740
114 39 2.054761
114 7 2.115784
114 25 2.106181
114 16 2.153436
114 50 2.127630
114 43 2.159773
114 42 2.173009
114 17 2.222206
114 34 2.223606
114 27 2.257825
114 47 2.231715
114 35 2.318268
114 23 2.353680
114 22 2.365696
114 38 2.389580
114 21 2.446594
114 19 2.478711
114 49 2.480959
115 10 0.531724
115 29 0.521439
115 12 0.545169
115 9 0.596134
115 8 0.609431
115 14 0.648256
115 30 0.760274
115 13 0.858965
115 11 0.891725
115 33 0.898975
115 44 0.896606
115 17 1.033232
115 5 1.061690
115 32 1.051812
115 4 1.098287
115 31 1.081503
115 0 1.116163
115 1 1.152811
115 19 1.206750
115 24 1.242317
115 18 1.369110
115 50 1.336292
115 28 1.368351
115 2 1.509757
115 45 1.469584
115 36 1.506334
115 7 1.543514
115 49 1.490100
115 39 1.505042
115 15 1.539000
115 38 1.533372
115 27 1.562397
115 41 1.575022
115 21 1.613982
115 26 1.635766
115 6 1.661058
115 34 1.641339
115 3 1.692509
115 40 1.648773
115 43 1.672910
115 22 1.715323
115 46 1.712839
115 48 1.710388
115 16 1.770718
115 47 1.727341
115 25 1.837109
115 23 1.852183
115 20 1.878864
115 35 1.867453
115 37 1.895522
115 42 1.906545
116 44 0.634114
116 12 0.805219
116 13 0.839475
116 10 0.859583
116 8 0.862052
116 14 0.876930
116 32 0.944598
116 0 1.046153
116 28 1.042204
116 31 1.138897
116 11 1.182877
116 2 1.208832
116 9 1.204398
116 29 1.309827
116 15 1.327111
116 3 1.337770
116 30 1.311282
116 7 1.336255
116 48 1.360277
116 49 1.376154
116 23 1.452035
116 40 1.445259
116 39 1.465927
116 25 1.502116
116 19 1.547150
116 33 1.545208
116 6 1.595387
116 17 1.653359
116 5 1.723721
116 50 1.686303
116 21 1.748489
116 35 1.747758
116 46 1.750731
116 18 1.820897
116 20 1.837089
116 4 1.873139
116 41 1.851217
116 34 1.880407
116 1 1.933651
116 38 1.914260
116 26 1.931690
116 22 1.976341
116 43 2.000398
116 47 2.013157
116 37 2.046526
116 42 2.078105
116 16 2.140101
116 45 2.125662
116 36 2.164776
116 24 2.301035
116 27 2.317598
117 8 0.597682
117 9 0.637123
117 29 0.651236
117 12 0.728396
117 13 0.757295
117 33 0.865364
117 0 1.190792
117 19 1.350415
117 25 1.363924
117 4 1.390915
117 28 1.361865
117 26 1.386545
117 6 1.573859
117 44 1.515752
117 50 1.506701
117 20 1.561737
117 2 1.579673
117 1 1.580966
117 30 1.546590
117 17 1.593432
117 3 1.606884
117 47 1.565997
117 23 1.637500
117 10 1.652683
117 14 1.653657
117 41 1.627148
117 32 1.787866
117 11 1.891612
117 31 1.887787
117 5 1.923618
117 7 1.995012
117 27 2.016233
117 22 2.154429
117 34 2.155498
117 24 2.177542
117 37 2.248469
117 46 2.233902
117 18 2.349595
117 40 2.311068
117 16 2.377586
117 38 2.386111
117 49 2.368369
117 35 2.500523
117 42 2.488367
117 21 2.548265
117 48 2.520708
117 15 2.656843
117 45 2.634413
117 36 2.688282
117 43 2.702107
117 39 2.842630
118 11 0.652860
118 10 0.674997
118 12 0.675249
118 8 0.679207
118 32 0.701277
118 9 0.729877
118 29 0.852388
118 14 0.872547
118 31 0.852527
118 28 0.876370
118 30 0.941117
118 13 0.962580
118 44 1.061076
118 4 1.258501
118 22 1.275593
118 34 1.343916
118 33 1.365934
118 21 1.455309
118 2 1.541204
118 6 1.557003
118 27 1.572221
118 20 1.602773
118 38 1.627308
118 26 1.666612
118 35 1.674110
118 39 1.669509
118 45 1.703539
118 47 1.740505
118 40 1.773880
118 3 1.878806
118 0 1.882177
118 43 1.848611
118 36 1.860996
118 37 1.879550
118 18 1.929516
118 24 1.943560
118 41 1.958224
118 23 2.049737
118 25 2.076756
118 46 2.076129
118 1 2.150866
118 50 2.110122
118 5 2.173266
118 48 2.114557
118 16 2.166115
118 17 2.181339
118 42 2.159429
118 15 2.327398
118 19 2.324059
118 49 2.276391
118 7 2.336210
119 8 0.740777
119 28 0.951656
119 12 1.067870
119 14 1.084045
119 13 1.094729
119 30 1.099242
119 31 1.099525
119 33 1.116757
119 9 1.185750
119 10 1.194313
119 29 1.236812
119 0 1.443469
119 32 1.424690
119 4 1.479835
119 6 1.488032
119 48 1.512984
119 11 1.570527
119 44 1.529347
119 2 1.760042
119 46 1.742717
119 3 1.823177
119 40 1.885866
119 25 1.989564
119 49 1.956164
119 15 2.012947
119 17 2.033047
119 21 2.065223
119 5 2.091410
119 41 2.083022
119 39 2.120323
119 42 2.126253
119 1 2.190100
119 22 2.194697
119 27 2.202323
119 37 2.197865
119 43 2.212535
119 47 2.216217
119 19 2.255396
119 16 2.302267
119 35 2.306199
119 45 2.306332
119 18 2.360579
119 26 2.369226
119 7 2.401961
119 50 2.388233
119 20 2.438591
119 23 2.482515
119 38 2.528428
119 34 2.551871
119 36 2.581544
119 24 2.739745
120 13 0.911536
120 12 1.059145
120 8 1.062788
120 44 1.030162
120 31 1.051745
120 32 1.261660
120 0 1.362813
120 28 1.408049
120 42 1.481168
120 19 1.580632
120 4 1.623686
120 22 1.608308
120 24 1.610269
120 10 1.656282
120 50 1.635827
120 23 1.711882
120 48 1.675976
120 16 1.755829
120 26 1.744959
120 11 1.914489
120 25 1.900414
120 37 1.890603
120 46 1.872889
120 30 1.899009
120 35 1.895696
120 20 1.909775
120 7 1.924221
120 33 1.915800
120 14 1.956661
120 27 2.016735
120 36 2.114634
120 43 2.138631
120 18 2.216193
120 29 2.276947
120 1 2.403956
120 9 2.476056
120 45 2.502545
120 41 2.672931
120 6 2.708785
120 49 2.719688
120 34 2.785937
120 5 2.885218
120 2 2.971838
120 39 2.978643
120 38 3.049208
120 3 3.167445
120 15 3.160870
120 47 3.209590
120 21 3.394994
120 40 3.623679
120 17 3.649786
