21 0 0.168471
21 2 0.185134
21 1 0.200380
21 5 0.197274
21 4 0.227504
21 8 0.232770
21 10 0.231127
21 3 0.244840
21 9 0.238374
21 6 0.258626
21 7 0.260762
21 12 0.268142
21 13 0.269636
21 11 0.278145
21 44 0.244821
21 24 0.280609
21 25 0.280209
21 14 0.299143
21 18 0.295365
21 30 0.279669
21 36 0.271553
21 31 0.280272
21 23 0.289790
21 28 0.285292
21 26 0.289386
21 20 0.297664
21 43 0.266254
21 19 0.299815
21 16 0.304930
21 32 0.284366
21 33 0.283837
21 15 0.307666
21 29 0.290001
21 37 0.278609
21 17 0.306574
21 50 0.260744
21 42 0.272772
21 38 0.279261
21 39 0.277440
21 35 0.285438
21 34 0.287357
21 27 0.300203
21 40 0.281694
21 22 0.307809
21 47 0.273671
21 21 0.311139
21 41 0.284038
21 45 0.280855
21 48 0.281361
21 46 0.284695
21 49 0.282010
22 5 0.196223
22 0 0.201195
22 3 0.206924
22 2 0.212511
22 1 0.261836
22 4 0.342410
22 8 0.391135
22 10 0.392549
22 7 0.440202
22 6 0.448074
22 29 0.547250
22 12 0.574197
22 14 0.573272
22 19 0.568754
22 44 0.533855
22 15 0.575526
22 34 0.551938
22 27 0.561130
22 37 0.549678
22 18 0.575490
22 21 0.571862
22 20 0.574186
22 33 0.556931
22 17 0.583476
22 40 0.550556
22 16 0.585134
22 13 0.589968
22 11 0.593187
22 24 0.578303
22 28 0.573100
22 30 0.570598
22 31 0.570210
22 22 0.583857
22 32 0.576032
22 9 0.605408
22 49 0.569338
22 41 0.581500
22 39 0.587123
22 47 0.573984
22 35 0.595064
22 45 0.579666
22 50 0.572565
22 42 0.584773
22 48 0.583430
22 26 0.618948
22 38 0.607788
22 43 0.598815
22 23 0.660596
22 36 0.677897
22 25 0.691790
22 46 0.668220
23 4 0.184933
23 0 0.196917
23 2 0.206554
23 8 0.204500
23 1 0.222677
23 3 0.227119
23 7 0.257949
23 9 0.275178
23 5 0.284705
23 11 0.279014
23 12 0.281796
23 10 0.284565
23 14 0.287459
23 42 0.257169
23 6 0.309545
23 20 0.295600
23 35 0.280158
23 16 0.306024
23 18 0.303729
23 19 0.303194
23 44 0.272778
23 32 0.287533
23 30 0.291190
23 47 0.271825
23 28 0.299202
23 15 0.316625
23 40 0.285915
23 22 0.311031
23 43 0.284548
23 29 0.302375
23 17 0.318640
23 21 0.314707
23 23 0.313840
23 26 0.310684
23 33 0.302125
23 13 0.327851
23 37 0.298339
23 38 0.297062
23 34 0.302036
23 50 0.281467
23 24 0.316135
23 31 0.307845
23 48 0.286734
23 36 0.304015
23 46 0.293591
23 27 0.320680
23 45 0.303741
23 41 0.311767
23 49 0.302893
23 39 0.321096
23 25 0.338267
24 0 0.100952
24 1 0.188367
24 4 0.186930
24 5 0.203188
24 2 0.205788
24 3 0.232239
24 6 0.284412
24 7 0.321817
24 9 0.341021
24 10 0.342890
24 17 0.390119
24 13 0.393726
24 20 0.428499
24 29 0.434291
24 12 0.455419
24 28 0.436837
24 23 0.471030
24 14 0.506768
24 22 0.525912
24 48 0.489902
24 15 0.533934
24 31 0.513888
24 18 0.531976
24 39 0.504703
24 42 0.500501
24 11 0.539519
24 47 0.494890
24 24 0.527481
24 32 0.517925
24 35 0.514995
24 25 0.528398
24 19 0.537682
24 33 0.518777
24 16 0.540832
24 26 0.528495
24 27 0.527385
24 8 0.549115
24 44 0.504695
24 50 0.512402
24 36 0.533002
24 30 0.540556
24 40 0.540469
24 41 0.539195
24 46 0.532178
24 37 0.550009
24 43 0.540664
24 34 0.558472
24 21 0.607218
24 49 0.570356
24 45 0.583329
24 38 0.596672
25 0 0.167615
25 3 0.180667
25 1 0.185386
25 6 0.190932
25 2 0.202273
25 4 0.221731
25 5 0.221440
25 8 0.227251
25 7 0.231791
25 13 0.242944
25 11 0.256196
25 12 0.274119
25 14 0.296818
25 10 0.300967
25 33 0.267384
25 32 0.273782
25 29 0.277974
25 9 0.321915
25 31 0.296843
25 35 0.291768
25 17 0.333649
25 15 0.338478
25 37 0.292681
25 43 0.293279
25 23 0.333416
25 19 0.346196
25 28 0.324163
25 30 0.315921
25 20 0.350943
25 44 0.297622
25 39 0.307517
25 34 0.317210
25 41 0.307234
25 18 0.357502
25 48 0.297030
25 40 0.309859
25 45 0.301274
25 38 0.315470
25 46 0.302513
25 24 0.345889
25 26 0.340355
25 42 0.312214
25 49 0.302400
25 36 0.322719
25 22 0.352158
25 16 0.367252
25 25 0.345122
25 21 0.356052
25 50 0.303793
25 27 0.346051
25 47 0.311381
26 3 0.080804
26 0 0.104501
26 5 0.170743
26 2 0.183541
26 4 0.185756
26 1 0.196883
26 6 0.226338
26 7 0.239289
26 9 0.239956
26 14 0.255383
26 20 0.251607
26 33 0.241206
26 23 0.255517
26 24 0.253844
26 10 0.269547
26 13 0.276324
26 28 0.260982
26 19 0.273432
26 22 0.270153
26 29 0.261780
26 21 0.274405
26 12 0.286018
26 37 0.253583
26 32 0.263338
26 11 0.289919
26 25 0.273550
26 8 0.293953
26 39 0.260230
26 42 0.257821
26 46 0.255843
26 34 0.274894
26 50 0.253102
26 47 0.259790
26 31 0.281979
26 41 0.268647
26 18 0.300714
26 17 0.302371
26 38 0.273833
26 30 0.286762
26 48 0.262964
26 15 0.306689
26 16 0.306052
26 49 0.262364
26 44 0.269141
26 26 0.293536
26 35 0.288546
26 27 0.300231
26 36 0.288698
26 43 0.284488
26 45 0.288015
26 40 0.294464
27 11 0.319478
27 30 0.327802
27 20 0.383093
27 13 0.455906
27 21 0.442873
27 8 0.471220
27 0 0.491273
27 3 0.489948
27 23 0.452141
27 34 0.480778
27 38 0.475063
27 5 0.657475
27 31 0.577095
27 16 0.641986
27 26 0.618670
27 33 0.575860
27 19 0.640713
27 36 0.483126
27 9 0.658894
27 15 0.649146
27 44 0.171277
27 28 0.622455
27 7 0.664332
27 17 0.648995
27 27 0.625628
27 2 0.672492
27 24 0.630671
27 4 0.671670
27 32 0.587546
27 1 0.675677
27 35 0.583340
27 29 0.616128
27 25 0.632725
27 39 0.476047
27 22 0.638466
27 18 0.655097
27 50 0.174654
27 41 0.457785
27 14 0.662317
27 40 0.478753
27 37 0.497239
27 42 0.426573
27 6 0.701854
27 48 0.227852
27 10 0.723835
27 49 0.258691
27 12 0.751336
27 46 0.275386
27 45 0.278513
27 47 0.311088
27 43 0.480993
28 0 0.172863
28 1 0.188421
28 3 0.193423
28 4 0.211220
28 2 0.227330
28 5 0.259723
28 9 0.262035
28 12 0.298350
28 16 0.312422
28 10 0.320180
28 18 0.308384
28 8 0.328280
28 7 0.329424
28 15 0.323763
28 30 0.297636
28 41 0.284238
28 21 0.316081
28 33 0.298063
28 14 0.339558
28 20 0.328725
28 32 0.309663
28 6 0.352477
28 28 0.320992
28 24 0.326756
28 17 0.342741
28 13 0.347589
28 43 0.303586
28 11 0.350305
28 23 0.334045
28 26 0.331025
28 49 0.300135
28 42 0.313639
28 40 0.321300
28 36 0.328902
28 31 0.334932
28 38 0.329562
28 44 0.321029
28 25 0.348590
28 27 0.346065
28 22 0.356762
28 35 0.337333
28 19 0.361057
28 50 0.317560
28 34 0.339512
28 47 0.322646
28 37 0.337478
28 29 0.348951
28 45 0.328991
28 46 0.327591
28 48 0.327336
28 39 0.341608
29 0 0.190755
29 2 0.213500
29 5 0.214611
29 3 0.217651
29 1 0.226466
29 4 0.288841
29 33 0.264309
29 10 0.301648
29 11 0.312522
29 31 0.291010
29 8 0.318201
29 9 0.323636
29 29 0.302992
29 28 0.315823
29 6 0.352707
29 12 0.349036
29 13 0.353926
29 15 0.356952
29 30 0.341945
29 32 0.341110
29 22 0.359747
29 7 0.375616
29 35 0.342811
29 36 0.342202
29 20 0.364886
29 23 0.364226
29 43 0.335610
29 14 0.376005
29 39 0.348767
29 27 0.365584
29 45 0.341423
29 24 0.372199
29 17 0.388298
29 40 0.356749
29 37 0.363565
29 41 0.364360
29 26 0.386461
29 34 0.377131
29 44 0.362698
29 47 0.360127
29 19 0.400473
29 25 0.392270
29 46 0.364713
29 16 0.408676
29 48 0.371747
29 42 0.379989
29 49 0.371549
29 18 0.417889
29 50 0.375675
29 21 0.428486
29 38 0.411406
30 1 0.275223
30 5 0.277484
30 4 0.351875
30 2 0.416971
30 12 0.227269
30 0 0.549637
30 13 0.277353
30 8 0.332815
30 6 0.384604
30 3 0.534539
30 11 0.347369
30 10 0.398778
30 14 0.344330
30 28 0.180879
30 16 0.393004
30 15 0.456940
30 24 0.301699
30 17 0.406227
30 26 0.316681
30 18 0.424821
30 32 0.287101
30 22 0.348093
30 34 0.268624
30 9 0.690274
30 7 0.718027
30 30 0.357191
30 21 0.461124
30 38 0.268514
30 20 0.464436
30 23 0.439243
30 19 0.502979
30 36 0.320242
30 33 0.375339
30 42 0.221611
30 44 0.219966
30 27 0.442252
30 35 0.363562
30 29 0.445454
30 46 0.205124
30 31 0.451914
30 43 0.296426
30 25 0.522578
30 39 0.383570
30 50 0.136781
30 45 0.285797
30 40 0.335218
30 37 0.407601
30 47 0.149424
30 41 0.340369
30 49 0.186335
30 48 0.198415
31 2 0.214383
31 0 0.221428
31 3 0.238325
31 8 0.251687
31 19 0.247509
31 4 0.267975
31 1 0.271867
31 6 0.286572
31 21 0.285223
31 9 0.316762
31 26 0.298533
31 29 0.296368
31 22 0.304744
31 12 0.319096
31 13 0.319013
31 14 0.321879
31 31 0.299346
31 23 0.313202
31 38 0.294553
31 33 0.302610
31 27 0.313405
31 11 0.334345
31 10 0.339985
31 47 0.293793
31 28 0.320431
31 17 0.337423
31 5 0.352252
31 20 0.337203
31 46 0.303626
31 30 0.329845
31 32 0.327593
31 24 0.339611
31 42 0.319700
31 50 0.310219
31 44 0.321752
31 37 0.339509
31 15 0.371021
31 25 0.359768
31 36 0.345457
31 34 0.349612
31 35 0.351327
31 39 0.346175
31 16 0.378904
31 41 0.348851
31 18 0.383358
31 49 0.342510
31 48 0.345973
31 7 0.411553
31 43 0.364380
31 45 0.364813
31 40 0.377082
32 8 0.471856
32 45 0.476295
32 42 0.506535
32 46 0.504867
32 16 0.537358
32 0 0.663970
32 13 0.651380
32 29 0.635471
32 27 0.639331
32 43 0.624804
32 23 0.645530
32 9 0.667557
32 44 0.632947
32 40 0.639461
32 38 0.643300
32 6 0.676608
32 11 0.679898
32 25 0.666073
32 30 0.670418
32 4 0.697875
32 36 0.666544
32 28 0.677592
32 50 0.656501
32 31 0.682823
32 41 0.673125
32 1 0.720299
32 12 0.709369
32 7 0.716158
32 39 0.683587
32 19 0.703939
32 37 0.687648
32 33 0.692154
32 10 0.716217
32 14 0.712474
32 47 0.690743
32 32 0.711396
32 5 0.798504
32 24 0.782308
32 15 0.794643
32 21 0.788803
32 22 0.789870
32 20 0.793358
32 34 0.780198
32 48 0.766638
32 17 0.809999
32 26 0.801552
32 2 0.827319
32 35 0.795392
32 18 0.814013
32 3 0.830753
32 49 0.815271
33 2 0.174071
33 1 0.212550
33 8 0.187075
33 9 0.187677
33 0 0.220797
33 10 0.198608
33 13 0.190002
33 14 0.189289
33 12 0.195034
33 11 0.204319
33 3 0.228072
33 4 0.227465
33 5 0.229374
33 7 0.242394
33 15 0.210688
33 6 0.256387
33 19 0.246636
33 17 0.254026
33 18 0.270387
33 16 0.277821
33 21 0.271997
33 33 0.207917
33 31 0.229959
33 29 0.250612
33 30 0.251549
33 22 0.297345
33 28 0.258556
33 24 0.294338
33 44 0.218005
33 32 0.243491
33 20 0.315500
33 25 0.311184
33 23 0.329967
33 27 0.304861
33 26 0.311644
33 43 0.259718
33 34 0.281433
33 37 0.277539
33 36 0.280584
33 35 0.290687
33 49 0.262818
33 47 0.272104
33 39 0.289107
33 42 0.285149
33 46 0.278379
33 40 0.290555
33 45 0.283382
33 48 0.274463
33 41 0.291892
33 50 0.272787
33 38 0.308428
34 40 0.586797
34 19 0.611651
34 31 0.598722
34 7 0.624606
34 4 0.628201
34 10 0.621810
34 32 0.599524
34 44 0.594162
34 30 0.663908
34 9 0.686129
34 11 0.688048
34 37 0.660447
34 13 0.689107
34 36 0.674674
34 14 0.700967
34 16 0.704577
34 29 0.693990
34 43 0.700635
34 12 0.737519
34 26 0.772106
34 6 0.792508
34 47 0.755308
34 1 0.805135
34 33 0.772236
34 3 0.806237
34 2 0.807775
34 20 0.792694
34 48 0.762894
34 28 0.786750
34 42 0.770510
34 27 0.803480
34 25 0.809089
34 21 0.819190
34 50 0.787360
34 39 0.800472
34 0 0.848822
34 38 0.808628
34 23 0.826911
34 35 0.833875
34 24 0.849686
34 49 0.824799
34 41 0.833658
34 8 0.876606
34 46 0.839607
34 34 0.946869
34 18 1.008442
34 22 1.013094
34 17 1.023050
34 45 0.991979
34 15 1.051106
34 5 1.101814
35 0 0.220333
35 4 0.258527
35 3 0.273445
35 5 0.293733
35 8 0.308761
35 7 0.365817
35 10 0.364397
35 11 0.366622
35 13 0.412452
35 1 0.426028
35 2 0.426329
35 33 0.376868
35 21 0.397207
35 6 0.424538
35 29 0.382692
35 32 0.380262
35 9 0.420396
35 12 0.418031
35 20 0.425161
35 14 0.436273
35 30 0.408424
35 25 0.417288
35 41 0.396750
35 35 0.409357
35 46 0.396176
35 18 0.437956
35 31 0.417267
35 17 0.442662
35 44 0.401759
35 15 0.445971
35 37 0.413025
35 19 0.444518
35 28 0.434701
35 38 0.432766
35 50 0.416186
35 42 0.435318
35 27 0.463747
35 39 0.452440
35 22 0.481087
35 45 0.448372
35 16 0.501091
35 26 0.487076
35 40 0.469623
35 47 0.460821
35 34 0.478831
35 24 0.495424
35 49 0.462437
35 48 0.464083
35 43 0.472582
35 23 0.506506
35 36 0.488238
36 0 0.106759
36 1 0.192456
36 3 0.221101
36 14 0.246670
36 6 0.266551
36 2 0.270463
36 5 0.294999
36 9 0.300145
36 29 0.278517
36 13 0.298003
36 12 0.304434
36 8 0.308684
36 10 0.313018
36 21 0.308415
36 44 0.274222
36 15 0.333549
36 19 0.334148
36 33 0.311791
36 32 0.313935
36 28 0.323305
36 24 0.331209
36 4 0.351288
36 37 0.311344
36 11 0.346295
36 27 0.328738
36 50 0.293899
36 25 0.332044
36 31 0.322567
36 30 0.328675
36 16 0.347363
36 23 0.341093
36 34 0.324291
36 20 0.356038
36 49 0.313530
36 42 0.322955
36 45 0.327262
36 46 0.326441
36 38 0.340241
36 39 0.339866
36 47 0.328948
36 26 0.362023
36 7 0.385153
36 41 0.346348
36 17 0.384668
36 36 0.358681
36 22 0.384235
36 40 0.359297
36 48 0.349631
36 18 0.395494
36 35 0.368320
36 43 0.358871
37 0 0.236074
37 3 0.256494
37 6 0.297008
37 4 0.316083
37 13 0.316901
37 9 0.331580
37 32 0.307132
37 2 0.349542
37 30 0.318190
37 28 0.321521
37 8 0.347148
37 1 0.362607
37 5 0.369241
37 12 0.362877
37 31 0.339659
37 10 0.365809
37 14 0.362272
37 17 0.363770
37 26 0.365698
37 15 0.398283
37 44 0.358614
37 22 0.393280
37 29 0.384570
37 16 0.405403
37 39 0.374411
37 33 0.389376
37 11 0.416642
37 34 0.389393
37 37 0.388415
37 48 0.382809
37 21 0.422828
37 46 0.389862
37 19 0.430260
37 7 0.446527
37 43 0.405510
37 25 0.432217
37 24 0.436844
37 41 0.418672
37 20 0.450303
37 36 0.430053
37 38 0.427151
37 45 0.417407
37 23 0.450066
37 27 0.445158
37 50 0.414226
37 18 0.465970
37 47 0.425204
37 42 0.435248
37 40 0.441962
37 35 0.454054
37 49 0.438096
38 3 0.401370
38 1 0.403718
38 0 0.419986
38 7 0.460493
38 9 0.489943
38 8 0.606650
38 5 0.644381
38 12 0.282255
38 4 0.694449
38 10 0.659228
38 11 0.584267
38 16 0.399097
38 15 0.445410
38 6 0.840546
38 18 0.433638
38 13 0.520536
38 14 0.570394
38 2 1.000675
38 24 0.369944
38 21 0.425058
38 23 0.385392
38 30 0.182022
38 26 0.375979
38 29 0.184512
38 32 0.194165
38 17 0.612892
38 19 0.586067
38 31 0.231972
38 34 0.267996
38 27 0.479406
38 22 0.594384
38 28 0.338802
38 20 0.627556
38 25 0.557280
38 44 0.161836
38 36 0.310980
38 40 0.266849
38 33 0.367936
38 35 0.322037
38 38 0.323878
38 37 0.357551
38 43 0.233090
38 41 0.293333
38 48 0.255542
38 39 0.366669
38 42 0.269566
38 47 0.268049
38 45 0.276858
38 50 0.273453
38 46 0.293613
38 49 0.314636
39 0 0.218463
39 1 0.240534
39 3 0.320068
39 20 0.299855
39 4 0.321098
39 5 0.321145
39 2 0.324200
39 9 0.317190
39 13 0.313024
39 10 0.316395
39 14 0.312618
39 12 0.331150
39 7 0.338938
39 31 0.310511
39 11 0.338961
39 6 0.346088
39 32 0.315413
39 30 0.329164
39 28 0.334800
39 39 0.320722
39 33 0.331981
39 8 0.367786
39 19 0.362683
39 21 0.368234
39 44 0.336754
39 48 0.339068
39 17 0.385098
39 25 0.381690
39 37 0.374430
39 16 0.407107
39 26 0.396436
39 45 0.370814
39 23 0.402800
39 41 0.377900
39 15 0.418164
39 29 0.400173
39 18 0.416315
39 49 0.376910
39 46 0.382340
39 22 0.418872
39 24 0.424240
39 35 0.409087
39 38 0.410073
39 43 0.403265
39 27 0.429018
39 40 0.412587
39 42 0.411060
39 36 0.422551
39 50 0.410626
39 47 0.435581
39 34 0.454285
40 3 0.223015
40 0 0.225984
40 2 0.254801
40 9 0.265744
40 21 0.269307
40 13 0.293829
40 33 0.316231
40 10 0.349373
40 12 0.350841
40 17 0.349853
40 30 0.333009
40 1 0.365531
40 6 0.361369
40 31 0.333254
40 16 0.353188
40 5 0.363982
40 44 0.321623
40 8 0.369095
40 32 0.341713
40 19 0.359180
40 28 0.346482
40 14 0.365373
40 29 0.346663
40 11 0.374547
40 4 0.394046
40 40 0.353024
40 22 0.380104
40 24 0.378136
40 43 0.355266
40 34 0.371199
40 23 0.387850
40 25 0.390225
40 18 0.401959
40 41 0.370790
40 38 0.377768
40 20 0.406447
40 39 0.381813
40 37 0.388883
40 26 0.405834
40 46 0.379688
40 47 0.381292
40 42 0.397100
40 35 0.411375
40 49 0.398213
40 36 0.416367
40 50 0.397959
40 48 0.409221
40 15 0.453863
40 7 0.463102
40 27 0.445153
40 45 0.422320
41 3 0.219239
41 0 0.232722
41 1 0.280602
41 8 0.276588
41 2 0.326613
41 6 0.336297
41 5 0.469377
41 9 0.469239
41 7 0.481935
41 11 0.485038
41 10 0.489390
41 13 0.493627
41 31 0.469856
41 32 0.652860
41 28 0.659474
41 19 0.672758
41 35 0.649956
41 14 0.679106
41 26 0.759290
41 30 0.753184
41 36 0.745395
41 33 0.749615
41 37 0.745420
41 20 0.770232
41 4 0.787933
41 17 0.775100
41 15 0.777518
41 29 0.759968
41 44 0.738685
41 39 0.746389
41 50 0.731036
41 18 0.776627
41 42 0.745577
41 40 0.775338
41 38 0.781933
41 41 0.808419
41 12 0.862436
41 21 0.852682
41 48 0.833458
41 27 0.866757
41 43 0.859709
41 34 0.926001
41 16 0.952773
41 23 0.989736
41 46 0.965540
41 22 1.056399
41 25 1.089312
41 24 1.125161
41 45 1.112259
41 47 1.128517
41 49 1.130432
42 8 0.226934
42 3 0.276361
42 5 0.279843
42 0 0.290650
42 1 0.310859
42 13 0.309634
42 4 0.337045
42 7 0.335497
42 9 0.344846
42 14 0.352274
42 12 0.355161
42 10 0.360391
42 30 0.321584
42 32 0.326867
42 23 0.350162
42 11 0.378733
42 15 0.376613
42 2 0.406533
42 34 0.367847
42 24 0.387547
42 27 0.384353
42 29 0.382685
42 33 0.370862
42 43 0.360720
42 16 0.412903
42 37 0.371630
42 17 0.412532
42 44 0.363201
42 20 0.410886
42 31 0.385653
42 41 0.372304
42 35 0.382776
42 25 0.406708
42 26 0.406878
42 21 0.414864
42 28 0.410909
42 19 0.432119
42 39 0.397202
42 40 0.405530
42 6 0.466685
42 45 0.401138
42 22 0.450529
42 48 0.411175
42 47 0.413182
42 46 0.417306
42 38 0.432147
42 49 0.420711
42 18 0.478055
42 36 0.449465
42 42 0.440925
42 50 0.434305
43 32 0.469880
43 11 0.512511
43 14 0.517665
43 29 0.525819
43 30 0.527610
43 18 0.580943
43 1 0.740494
43 10 0.731905
43 2 0.740137
43 38 0.706182
43 42 0.702758
43 0 0.744022
43 39 0.708961
43 9 0.737807
43 5 0.742144
43 31 0.718465
43 23 0.843387
43 46 0.821410
43 21 0.848048
43 3 0.866386
43 49 0.823471
43 28 0.844767
43 33 0.844558
43 12 0.864723
43 44 0.836452
43 8 0.872899
43 40 0.845573
43 16 0.869657
43 17 0.876613
43 43 0.855589
43 37 0.882554
43 4 0.946145
43 13 0.945858
43 27 0.936108
43 47 0.922846
43 26 0.952971
43 36 0.963843
43 19 1.010597
43 15 1.020679
43 45 1.008373
43 50 1.011672
43 7 1.066495
43 48 1.049518
43 35 1.065351
43 41 1.069070
43 34 1.116926
43 24 1.126873
43 25 1.129182
43 6 1.154425
43 20 1.158075
43 22 1.194105
44 0 0.317428
44 14 0.309009
44 9 0.321443
44 13 0.320632
44 10 0.342004
44 33 0.321300
44 11 0.356958
44 29 0.336424
44 5 0.373739
44 28 0.379069
44 12 0.404747
44 4 0.414038
44 6 0.412899
44 8 0.412578
44 3 0.418328
44 44 0.380095
44 32 0.402628
44 2 0.445999
44 30 0.427444
44 31 0.443849
44 36 0.454768
44 1 0.503116
44 20 0.530081
44 19 0.538138
44 50 0.504296
44 21 0.550156
44 34 0.537504
44 46 0.528733
44 22 0.566827
44 7 0.584572
44 15 0.577721
44 40 0.548736
44 37 0.560889
44 39 0.557999
44 25 0.590148
44 24 0.592230
44 38 0.580100
44 42 0.574393
44 18 0.609074
44 43 0.574536
44 45 0.571803
44 49 0.567872
44 16 0.623059
44 17 0.627776
44 47 0.592178
44 27 0.624746
44 35 0.617013
44 26 0.639477
44 48 0.618403
44 41 0.632613
44 23 0.662928
45 31 0.590322
45 32 0.589777
45 33 0.611456
45 12 0.781838
45 8 0.786193
45 24 0.967559
45 28 0.967358
45 13 0.981905
45 9 0.986910
45 14 0.982657
45 10 0.986644
45 3 1.048313
45 43 1.019157
45 4 1.087894
45 30 1.066664
45 50 1.057780
45 27 1.092551
45 11 1.110571
45 15 1.200124
45 26 1.190220
45 5 1.210161
45 29 1.198892
45 23 1.211586
45 44 1.194878
45 7 1.255788
45 37 1.243437
45 25 1.265030
45 16 1.299959
45 41 1.306001
45 48 1.311652
45 17 1.356100
45 36 1.350016
45 35 1.354544
45 38 1.357162
45 2 1.394972
45 47 1.355073
45 49 1.363673
45 42 1.378650
45 40 1.383810
45 21 1.407338
45 46 1.383720
45 19 1.422517
45 34 1.419052
45 39 1.421999
45 1 1.462188
45 18 1.447545
45 45 1.436943
45 22 1.467971
45 0 1.491488
45 20 1.478133
45 6 1.497169
46 9 0.322396
46 14 0.341671
46 10 0.354218
46 44 0.320078
46 4 0.372431
46 1 0.417389
46 31 0.405979
46 11 0.429478
46 3 0.439426
46 8 0.451673
46 0 0.462936
46 28 0.444560
46 12 0.461632
46 38 0.434616
46 41 0.443724
46 30 0.460126
46 33 0.463533
46 5 0.498536
46 13 0.491140
46 29 0.477021
46 6 0.511977
46 32 0.491053
46 2 0.529090
46 15 0.538903
46 16 0.555817
46 43 0.524371
46 22 0.557727
46 47 0.528276
46 7 0.574934
46 20 0.566866
46 49 0.539159
46 24 0.572773
46 19 0.582438
46 23 0.580279
46 18 0.586739
46 37 0.568911
46 25 0.591863
46 27 0.591210
46 42 0.591660
46 35 0.601212
46 46 0.586723
46 40 0.595096
46 21 0.621358
46 26 0.617501
46 36 0.608421
46 34 0.619776
46 17 0.640475
46 50 0.600571
46 39 0.625750
46 48 0.617231
46 45 0.639683
47 8 0.216014
47 9 0.331912
47 1 0.344626
47 11 0.337178
47 10 0.339326
47 14 0.343295
47 29 0.326129
47 32 0.346675
47 4 0.381370
47 2 0.392305
47 3 0.405443
47 24 0.405573
47 28 0.403882
47 13 0.427181
47 23 0.418360
47 30 0.419919
47 44 0.402330
47 0 0.460578
47 31 0.451170
47 12 0.476454
47 33 0.449454
47 22 0.463879
47 15 0.476736
47 7 0.494602
47 25 0.476595
47 16 0.489278
47 34 0.480834
47 41 0.482968
47 39 0.491749
47 19 0.526700
47 46 0.494118
47 27 0.522814
47 49 0.495607
47 17 0.546895
47 48 0.503827
47 26 0.542177
47 43 0.524007
47 18 0.563268
47 40 0.531416
47 5 0.579793
47 37 0.561694
47 21 0.592118
47 6 0.612323
47 20 0.597688
47 36 0.576523
47 38 0.573750
47 45 0.566262
47 35 0.582271
47 47 0.577095
47 42 0.615896
47 50 0.614723
48 31 0.611553
48 29 0.621377
48 44 0.608414
48 2 0.690385
48 10 0.708048
48 18 0.707121
48 1 0.728419
48 7 0.749455
48 6 0.754625
48 11 0.769330
48 43 0.740645
48 13 0.801077
48 24 0.801033
48 30 0.816218
48 33 0.848675
48 15 0.902628
48 32 0.929631
48 23 0.949965
48 34 0.961325
48 37 0.978351
48 41 1.027690
48 9 1.069802
48 3 1.079460
48 47 1.059001
48 28 1.080673
48 12 1.098682
48 36 1.078641
48 14 1.131721
48 38 1.110848
48 40 1.134962
48 17 1.168281
48 20 1.167852
48 4 1.209573
48 26 1.197296
48 22 1.204150
48 19 1.240800
48 5 1.267265
48 8 1.267380
48 48 1.232031
48 0 1.290873
48 25 1.285300
48 27 1.298515
48 50 1.334179
48 35 1.353249
48 39 1.353861
48 46 1.347397
48 21 1.373561
48 16 1.382714
48 49 1.350413
48 45 1.374488
48 42 1.403266
49 8 0.325264
49 2 0.354547
49 9 0.357168
49 0 0.380929
49 11 0.369800
49 13 0.450096
49 12 0.451940
49 4 0.461251
49 14 0.471021
49 29 0.466962
49 33 0.468629
49 31 0.475392
49 30 0.476568
49 10 0.504084
49 15 0.523181
49 6 0.533625
49 32 0.500532
49 28 0.505014
49 7 0.532346
49 3 0.537836
49 18 0.541986
49 47 0.503213
49 44 0.514921
49 42 0.527244
49 5 0.579920
49 35 0.545519
49 48 0.533583
49 43 0.554408
49 26 0.576986
49 1 0.611152
49 25 0.582661
49 23 0.587848
49 39 0.570016
49 50 0.564764
49 38 0.589430
49 34 0.611881
49 20 0.637598
49 16 0.652932
49 40 0.622762
49 24 0.649385
49 37 0.638594
49 17 0.671446
49 36 0.644889
49 22 0.674190
49 21 0.679501
49 27 0.682890
49 19 0.700267
49 45 0.671799
49 49 0.679919
49 41 0.694899
49 46 0.693338
50 31 0.306084
50 28 0.332285
50 8 0.356881
50 14 0.353712
50 13 0.356318
50 10 0.368093
50 0 0.381949
50 4 0.397480
50 1 0.413374
50 30 0.403644
50 12 0.425690
50 5 0.432612
50 9 0.429244
50 11 0.427769
50 15 0.428955
50 3 0.461405
50 7 0.463709
50 2 0.477532
50 44 0.431876
50 29 0.455682
50 21 0.475461
50 33 0.469674
50 32 0.489224
50 27 0.513259
50 22 0.527307
50 19 0.533799
50 16 0.538660
50 6 0.555739
50 18 0.549203
50 25 0.552187
50 20 0.603243
50 17 0.629617
50 36 0.610714
50 45 0.602978
50 41 0.612881
50 23 0.641305
50 35 0.627651
50 49 0.612394
50 26 0.643985
50 43 0.640622
50 24 0.676215
50 37 0.661262
50 39 0.658744
50 40 0.658640
50 46 0.653241
50 38 0.669970
50 34 0.682467
50 48 0.667200
50 50 0.673387
50 42 0.691361
50 47 0.698466
51 13 0.360557
51 10 0.373074
51 12 0.374207
51 14 0.371656
51 30 0.353843
51 8 0.383009
51 29 0.361982
51 11 0.415876
51 33 0.393485
51 28 0.423867
51 9 0.517979
51 31 0.561944
51 7 0.596318
51 15 0.586406
51 35 0.563255
51 5 0.604932
51 44 0.552011
51 3 0.612975
51 19 0.590774
51 6 0.618350
51 22 0.597693
51 32 0.586093
51 27 0.592929
51 37 0.594523
51 1 0.658829
51 46 0.600141
51 25 0.635008
51 0 0.668656
51 20 0.647876
51 4 0.692584
51 45 0.643408
51 16 0.681750
51 24 0.677223
51 50 0.649399
51 26 0.686859
51 18 0.701943
51 42 0.674340
51 38 0.683611
51 48 0.670072
51 40 0.708162
51 2 0.766914
51 17 0.752312
51 47 0.725561
51 41 0.745232
51 21 0.772260
51 23 0.770409
51 36 0.756172
51 34 0.762300
51 43 0.761637
51 39 0.779129
51 49 0.777060
52 0 0.204325
52 3 0.241439
52 4 0.252276
52 1 0.262085
52 2 0.302919
52 7 0.305871
52 5 0.331782
52 9 0.333977
52 6 0.341109
52 14 0.461412
52 11 0.470717
52 32 0.467484
52 30 0.478278
52 31 0.483068
52 10 0.632683
52 27 0.616811
52 12 0.637542
52 22 0.624714
52 44 0.592644
52 24 0.623236
52 29 0.666116
52 20 0.706017
52 28 0.733364
52 13 0.761224
52 16 0.764867
52 49 0.789600
52 34 0.832491
52 37 0.832493
52 35 0.867094
52 33 0.876486
52 25 0.893688
52 48 0.859262
52 47 0.873565
52 41 0.901433
52 42 0.929614
52 38 0.942295
52 17 0.994239
52 26 0.995099
52 50 1.031327
52 8 1.114517
52 45 1.098189
52 19 1.167827
52 23 1.179934
52 15 1.196983
52 36 1.193173
52 18 1.219815
52 40 1.215854
52 39 1.243958
52 43 1.304418
52 46 1.345516
52 21 1.412606
53 8 0.305435
53 13 0.377876
53 10 0.417740
53 14 0.416456
53 0 0.433795
53 33 0.390221
53 1 0.442632
53 11 0.440074
53 44 0.395196
53 4 0.465594
53 2 0.484443
53 9 0.481432
53 5 0.507893
53 32 0.481781
53 30 0.511218
53 28 0.521912
53 12 0.544744
53 7 0.591809
53 31 0.558889
53 3 0.603106
53 40 0.543093
53 29 0.570322
53 17 0.594900
53 21 0.600022
53 25 0.599510
53 43 0.591771
53 23 0.633449
53 35 0.618258
53 26 0.643602
53 16 0.667589
53 42 0.651740
53 45 0.649424
53 39 0.660598
53 6 0.719921
53 19 0.706209
53 18 0.708383
53 50 0.651469
53 36 0.688404
53 24 0.708162
53 49 0.660844
53 20 0.731142
53 27 0.724673
53 48 0.691832
53 22 0.741710
53 34 0.727762
53 15 0.759966
53 38 0.729888
53 46 0.716658
53 37 0.743679
53 41 0.745278
53 47 0.743964
54 9 0.308949
54 2 0.359116
54 3 0.378606
54 33 0.349220
54 8 0.387054
54 13 0.383065
54 10 0.401069
54 11 0.400625
54 12 0.408863
54 31 0.391515
54 29 0.399866
54 14 0.421482
54 0 0.448030
54 1 0.454449
54 30 0.422260
54 28 0.474241
54 4 0.514518
54 32 0.542879
54 24 0.618168
54 19 0.626697
54 18 0.628718
54 21 0.624335
54 6 0.649575
54 17 0.657148
54 20 0.659611
54 5 0.677969
54 22 0.667894
54 25 0.672370
54 7 0.699647
54 15 0.699996
54 40 0.667693
54 34 0.682229
54 23 0.706902
54 35 0.690375
54 37 0.689843
54 16 0.746957
54 36 0.731787
54 39 0.738436
54 44 0.766174
54 27 0.939051
54 26 0.946743
54 49 0.948533
54 46 0.954797
54 42 1.015263
54 38 1.052882
54 45 1.051698
54 47 1.078794
54 48 1.099064
54 41 1.117781
54 50 1.179624
54 43 1.229318
55 11 0.374142
55 0 0.452100
55 12 0.440285
55 28 0.422629
55 9 0.444401
55 8 0.445860
55 14 0.455464
55 1 0.487378
55 33 0.474413
55 2 0.528253
55 4 0.537315
55 38 0.501314
55 29 0.518070
55 30 0.549533
55 31 0.551385
55 17 0.569234
55 10 0.579773
55 22 0.568132
55 44 0.544655
55 47 0.544909
55 5 0.596286
55 20 0.582769
55 13 0.593138
55 34 0.574552
55 32 0.579450
55 45 0.569955
55 18 0.606569
55 41 0.581403
55 6 0.642839
55 15 0.657916
55 25 0.652862
55 35 0.665737
55 43 0.658603
55 19 0.691191
55 16 0.694378
55 24 0.699947
55 3 0.735454
55 40 0.710036
55 42 0.709074
55 27 0.730083
55 50 0.701671
55 26 0.733239
55 46 0.716650
55 36 0.730044
55 23 0.769951
55 7 0.787193
55 39 0.763093
55 37 0.770156
55 48 0.773880
55 49 0.775050
55 21 0.818405
56 10 0.350149
56 3 0.374851
56 5 0.386162
56 2 0.455817
56 20 0.430949
56 0 0.458501
56 8 0.450254
56 4 0.461249
56 9 0.456167
56 11 0.457109
56 26 0.434674
56 32 0.427470
56 25 0.445529
56 12 0.469421
56 7 0.483178
56 6 0.494362
56 29 0.466993
56 14 0.497367
56 28 0.490426
56 17 0.527028
56 19 0.524304
56 27 0.511784
56 22 0.522323
56 44 0.480018
56 24 0.526528
56 30 0.518018
56 33 0.507851
56 13 0.556286
56 31 0.537094
56 21 0.558312
56 1 0.588760
56 16 0.602253
56 23 0.591510
56 35 0.572951
56 34 0.589229
56 15 0.628869
56 18 0.632929
56 47 0.600234
56 43 0.620499
56 45 0.622224
56 42 0.634884
56 49 0.628907
56 37 0.650168
56 41 0.642558
56 46 0.638365
56 38 0.657115
56 40 0.662904
56 48 0.671543
56 50 0.672774
56 36 0.710275
56 39 0.722409
57 8 0.712687
57 12 0.713092
57 30 0.718854
57 1 0.844794
57 2 0.980933
57 40 0.946580
57 35 0.982652
57 44 0.980239
57 4 1.065308
57 29 1.062395
57 3 1.102914
57 14 1.115260
57 10 1.157075
57 43 1.122158
57 48 1.116362
57 32 1.264307
57 24 1.272469
57 39 1.257279
57 28 1.269900
57 9 1.289165
57 21 1.280709
57 6 1.311358
57 31 1.303720
57 0 1.389512
57 18 1.389633
57 38 1.382390
57 5 1.415931
57 13 1.424488
57 11 1.433524
57 16 1.430005
57 33 1.417610
57 34 1.422842
57 26 1.435064
57 50 1.378098
57 22 1.459230
57 45 1.433596
57 42 1.462731
57 25 1.491456
57 27 1.494640
57 41 1.506915
57 36 1.531758
57 47 1.512489
57 20 1.567861
57 15 1.573336
57 7 1.584107
57 19 1.574208
57 17 1.679834
57 49 1.655735
57 23 1.708175
57 37 1.697290
57 46 1.677287
58 13 0.392034
58 10 0.420038
58 9 0.448300
58 11 0.450800
58 8 0.463227
58 3 0.483149
58 1 0.536515
58 32 0.508576
58 0 0.549356
58 4 0.554157
58 5 0.577503
58 12 0.575443
58 29 0.575031
58 28 0.586192
58 7 0.620144
58 33 0.606178
58 44 0.590256
58 14 0.644465
58 30 0.656537
58 31 0.660393
58 2 0.735932
58 43 0.690472
58 19 0.734626
58 46 0.707154
58 38 0.740556
58 42 0.742469
58 22 0.818788
58 39 0.799167
58 20 0.856428
58 36 0.844658
58 6 0.911245
58 47 0.866736
58 27 0.901477
58 48 0.871996
58 40 0.884594
58 26 0.911076
58 16 0.943919
58 34 0.922505
58 15 0.951889
58 35 0.931559
58 18 0.960859
58 21 0.962226
58 24 0.976193
58 17 1.002835
58 41 0.975727
58 23 1.006801
58 25 1.037106
58 45 1.051398
58 49 1.075568
58 37 1.100899
58 50 1.118190
59 29 0.377739
59 8 0.410676
59 13 0.424577
59 31 0.403210
59 3 0.445979
59 33 0.415066
59 28 0.437871
59 0 0.496319
59 2 0.498714
59 5 0.499918
59 17 0.490969
59 32 0.471947
59 11 0.530453
59 30 0.532698
59 9 0.569985
59 1 0.610807
59 34 0.576261
59 7 0.622265
59 12 0.633196
59 44 0.594100
59 25 0.626379
59 4 0.656070
59 23 0.641667
59 16 0.661696
59 43 0.626315
59 10 0.681896
59 20 0.668587
59 14 0.683365
59 6 0.710044
59 37 0.690639
59 21 0.711325
59 35 0.703914
59 27 0.726583
59 18 0.744888
59 49 0.622010
59 15 0.796228
59 19 0.790879
59 40 0.789124
59 45 0.782799
59 22 0.833073
59 41 0.819582
59 26 0.843654
59 24 0.847399
59 46 0.827759
59 39 0.842622
59 48 0.843899
59 47 0.845390
59 36 0.868026
59 42 0.875483
59 38 0.888546
59 50 0.784582
60 10 0.369066
60 14 0.383460
60 33 0.388110
60 30 0.452618
60 44 0.434103
60 3 0.489671
60 8 0.485778
60 1 0.503061
60 9 0.500542
60 13 0.497606
60 28 0.478318
60 12 0.521379
60 32 0.498808
60 5 0.533727
60 35 0.587456
60 11 0.646415
60 31 0.622272
60 36 0.639713
60 29 0.648924
60 18 0.715347
60 20 0.725405
60 48 0.708264
60 0 0.773097
60 22 0.758168
60 45 0.730852
60 23 0.762773
60 39 0.740869
60 43 0.747656
60 6 0.798864
60 19 0.803649
60 2 0.835266
60 41 0.852247
60 40 0.858632
60 26 0.909858
60 46 0.895690
60 15 0.944704
60 50 0.905964
60 49 0.911731
60 47 0.925102
60 7 0.985300
60 27 0.971573
60 16 0.990521
60 25 0.981439
60 4 1.017430
60 21 1.006336
60 42 0.977388
60 34 1.005849
60 17 1.081267
60 24 1.081737
60 37 1.084149
60 38 1.163336
61 9 0.426992
61 4 0.463376
61 44 0.472998
61 32 0.498238
61 30 0.501451
61 2 0.551675
61 33 0.518012
61 13 0.556436
61 11 0.571232
61 1 0.604422
61 14 0.594803
61 31 0.600048
61 10 0.656507
61 12 0.658370
61 29 0.635933
61 5 0.675611
61 28 0.659835
61 45 0.656053
61 19 0.700985
61 8 0.727632
61 6 0.734984
61 36 0.704237
61 7 0.770811
61 35 0.734771
61 16 0.767488
61 3 0.788517
61 37 0.767627
61 0 0.829883
61 42 0.768227
61 21 0.814611
61 17 0.828368
61 24 0.835893
61 22 0.859725
61 27 0.858919
61 39 0.844645
61 15 0.890917
61 47 0.845323
61 40 0.875489
61 34 0.887927
61 41 0.880174
61 18 0.917655
61 49 0.871145
61 25 0.929495
61 43 0.919386
61 26 0.944037
61 48 0.910691
61 46 0.916757
61 23 0.962140
61 38 0.946575
61 20 0.983062
61 50 0.956069
62 3 0.382001
62 5 0.409873
62 8 0.416647
62 0 0.428592
62 1 0.444201
62 28 0.427069
62 2 0.460719
62 11 0.453104
62 33 0.466992
62 4 0.507611
62 9 0.506146
62 13 0.504805
62 31 0.517593
62 14 0.543456
62 10 0.551646
62 30 0.529361
62 36 0.532619
62 29 0.557084
62 12 0.581196
62 45 0.585527
62 32 0.619479
62 15 0.643551
62 7 0.652141
62 44 0.610490
62 40 0.616969
62 20 0.673084
62 34 0.659783
62 21 0.677400
62 19 0.714377
62 37 0.698050
62 27 0.721337
62 25 0.745586
62 16 0.773580
62 35 0.755611
62 41 0.761353
62 39 0.770361
62 18 0.797157
62 17 0.802325
62 24 0.800537
62 49 0.770655
62 43 0.779356
62 46 0.782582
62 6 0.843585
62 47 0.810484
62 23 0.844199
62 48 0.825035
62 22 0.861244
62 38 0.867446
62 42 0.908072
62 50 0.947851
62 26 0.977932
63 32 0.362544
63 13 0.412217
63 9 0.423738
63 33 0.397393
63 29 0.417758
63 0 0.465805
63 12 0.465984
63 14 0.494203
63 8 0.504793
63 16 0.529159
63 30 0.520648
63 4 0.583126
63 7 0.586334
63 10 0.587294
63 6 0.594910
63 31 0.588313
63 3 0.624014
63 28 0.608697
63 44 0.590587
63 11 0.644416
63 1 0.656669
63 5 0.663129
63 18 0.654988
63 43 0.667408
63 17 0.706269
63 2 0.730715
63 27 0.714054
63 39 0.713703
63 15 0.750642
63 40 0.726006
63 34 0.739465
63 24 0.759780
63 35 0.761329
63 19 0.795749
63 26 0.801241
63 25 0.812366
63 21 0.819929
63 47 0.783179
63 42 0.798923
63 20 0.860143
63 50 0.827845
63 48 0.838285
63 36 0.854745
63 22 0.880171
63 45 0.846845
63 23 0.889912
63 38 0.869591
63 37 0.894107
63 46 0.882656
63 41 0.901758
63 49 0.927666
64 13 0.400621
64 32 0.394805
64 33 0.401286
64 11 0.432213
64 12 0.436723
64 5 0.452131
64 1 0.499307
64 9 0.495654
64 14 0.493034
64 10 0.496712
64 0 0.514997
64 30 0.578820
64 8 0.604681
64 31 0.582315
64 36 0.622179
64 25 0.643983
64 28 0.649087
64 44 0.625071
64 4 0.676302
64 6 0.678370
64 7 0.687227
64 3 0.691779
64 35 0.655460
64 19 0.719827
64 29 0.711041
64 21 0.723774
64 2 0.772594
64 15 0.766504
64 22 0.765316
64 17 0.819171
64 16 0.825951
64 39 0.794014
64 24 0.821881
64 18 0.840885
64 41 0.830652
64 45 0.850386
64 43 0.860999
64 27 0.891763
64 40 0.883687
64 26 0.916969
64 47 0.893672
64 48 0.912061
64 34 1.002351
64 46 1.029788
64 49 1.030803
64 38 1.052373
64 37 1.054889
64 23 1.083582
64 20 1.088956
64 42 1.077572
64 50 1.073042
65 8 0.393519
65 11 0.404914
65 28 0.388226
65 30 0.392694
65 5 0.439814
65 3 0.453324
65 22 0.448753
65 1 0.517641
65 13 0.520680
65 25 0.510536
65 0 0.540069
65 14 0.529058
65 23 0.540077
65 29 0.538528
65 36 0.558038
65 31 0.571483
65 7 0.603470
65 10 0.601857
65 12 0.607464
65 4 0.635001
65 9 0.631375
65 44 0.589095
65 18 0.628536
65 24 0.635018
65 2 0.667958
65 32 0.633423
65 26 0.649141
65 20 0.664887
65 33 0.649162
65 35 0.659634
65 50 0.639906
65 47 0.644493
65 6 0.710374
65 42 0.670611
65 15 0.708552
65 27 0.691929
65 48 0.687070
65 40 0.698336
65 45 0.697900
65 34 0.718674
65 38 0.720848
65 39 0.728898
65 46 0.724547
65 43 0.733471
65 16 0.784328
65 37 0.787079
65 41 0.782626
65 17 0.834949
65 49 0.819082
65 19 0.881150
65 21 0.881364
66 13 0.598275
66 33 0.628856
66 9 0.698266
66 44 0.738024
66 31 0.793779
66 4 0.827541
66 11 0.834528
66 37 0.871244
66 5 0.909828
66 30 0.896057
66 28 0.910162
66 8 0.935746
66 10 0.958175
66 20 0.973915
66 6 1.023858
66 1 1.081359
66 22 1.066262
66 47 1.046215
66 15 1.105801
66 40 1.094456
66 19 1.126864
66 14 1.138099
66 36 1.146001
66 41 1.147355
66 32 1.177170
66 3 1.215393
66 0 1.246888
66 18 1.235110
66 29 1.224238
66 26 1.281333
66 7 1.322395
66 21 1.320568
66 24 1.325694
66 12 1.371755
66 25 1.362832
66 48 1.367154
66 42 1.414756
66 43 1.422908
66 45 1.427912
66 38 1.457735
66 2 1.518115
66 27 1.517989
66 16 1.536321
66 49 1.501200
66 35 1.568847
66 46 1.562567
66 50 1.570749
66 39 1.628504
66 34 1.641307
66 23 1.661266
66 17 1.706561
67 10 0.370814
67 13 0.384072
67 11 0.457533
67 9 0.460311
67 28 0.485696
67 8 0.510956
67 12 0.545268
67 3 0.589147
67 0 0.598119
67 30 0.580767
67 44 0.564583
67 1 0.629043
67 14 0.629162
67 19 0.646096
67 2 0.664611
67 31 0.631186
67 7 0.661249
67 32 0.669684
67 41 0.667496
67 29 0.686901
67 6 0.728848
67 5 0.730253
67 40 0.693824
67 4 0.755425
67 20 0.810705
67 33 0.806465
67 35 0.816216
67 26 0.830711
67 39 0.937178
67 21 0.970775
67 36 0.948964
67 15 0.988220
67 48 0.954371
67 50 0.952025
67 16 1.015866
67 43 0.992682
67 49 0.984736
67 27 1.024406
67 46 0.997117
67 24 1.029684
67 23 1.037746
67 47 1.011211
67 18 1.062227
67 25 1.055169
67 38 1.041019
67 22 1.093039
67 45 1.074921
67 17 1.127929
67 42 1.130791
67 37 1.186578
67 34 1.311999
68 8 0.361699
68 11 0.382471
68 9 0.453426
68 28 0.482054
68 2 0.537802
68 10 0.532606
68 44 0.471799
68 6 0.541228
68 14 0.534031
68 29 0.507812
68 0 0.559112
68 32 0.517652
68 4 0.569886
68 30 0.569048
68 12 0.603467
68 13 0.620130
68 20 0.625828
68 50 0.571081
68 34 0.596714
68 27 0.629435
68 35 0.620837
68 33 0.631681
68 31 0.651264
68 25 0.665123
68 19 0.714815
68 17 0.725611
68 7 0.737592
68 1 0.751627
68 45 0.700788
68 26 0.737358
68 24 0.755053
68 22 0.772605
68 21 0.774695
68 42 0.747019
68 40 0.764785
68 36 0.796609
68 37 0.801927
68 23 0.849071
68 46 0.813260
68 5 0.884967
68 3 0.891347
68 15 0.885354
68 49 0.904329
68 48 0.921183
68 39 0.962957
68 38 0.964625
68 16 1.014528
68 47 0.979235
68 41 1.019082
68 18 1.074911
68 43 1.126374
69 10 0.344400
69 8 0.462045
69 4 0.479809
69 13 0.495208
69 7 0.517924
69 31 0.495917
69 9 0.525767
69 17 0.525370
69 12 0.543669
69 32 0.567108
69 30 0.580374
69 33 0.582825
69 3 0.617723
69 29 0.596961
69 11 0.627702
69 36 0.598080
69 14 0.625959
69 5 0.635690
69 1 0.657780
69 44 0.608565
69 28 0.631565
69 40 0.636944
69 39 0.660688
69 6 0.708232
69 15 0.702386
69 47 0.667589
69 45 0.700282
69 27 0.740929
69 49 0.717272
69 0 0.784952
69 2 0.784940
69 41 0.746772
69 16 0.790840
69 48 0.748790
69 20 0.792800
69 23 0.796048
69 21 0.804977
69 50 0.772625
69 26 0.812566
69 18 0.837939
69 38 0.820310
69 24 0.840184
69 19 0.846968
69 25 0.841575
69 42 0.820007
69 22 0.852480
69 43 0.850746
69 35 0.873258
69 34 0.908588
69 37 0.917074
69 46 0.925648
70 44 0.373659
70 12 0.544409
70 4 0.560615
70 11 0.567849
70 33 0.540768
70 13 0.587505
70 31 0.562106
70 8 0.639061
70 28 0.620378
70 3 0.661564
70 6 0.709604
70 30 0.681896
70 29 0.697600
70 0 0.743642
70 32 0.752114
70 36 0.748015
70 5 0.802741
70 45 0.746849
70 10 0.814536
70 9 0.819488
70 14 0.830535
70 38 0.796519
70 40 0.809478
70 7 0.862650
70 2 0.874229
70 42 0.829745
70 49 0.825740
70 21 0.880827
70 34 0.865485
70 1 0.922341
70 27 0.893860
70 47 0.889550
70 16 0.942435
70 25 0.927576
70 39 0.931666
70 19 0.982712
70 17 1.001839
70 24 0.994195
70 23 1.000603
70 22 1.002112
70 37 0.983983
70 15 1.026564
70 50 1.002837
70 48 1.011394
70 26 1.053682
70 41 1.035453
70 43 1.036522
70 46 1.090455
70 20 1.130575
70 18 1.152356
70 35 1.150664
71 28 0.419289
71 10 0.493353
71 31 0.485184
71 8 0.522026
71 14 0.515730
71 11 0.547578
71 33 0.526759
71 0 0.598275
71 30 0.556366
71 3 0.669393
71 29 0.636593
71 32 0.631833
71 2 0.708913
71 9 0.699817
71 12 0.705331
71 20 0.742790
71 44 0.709471
71 13 0.783836
71 38 0.745976
71 16 0.785623
71 47 0.764813
71 23 0.809889
71 35 0.791331
71 5 0.848111
71 1 0.855478
71 6 0.851991
71 25 0.824486
71 21 0.841599
71 22 0.844344
71 19 0.850090
71 4 0.882747
71 39 0.852375
71 27 0.883132
71 41 0.865386
71 40 0.872818
71 18 0.910696
71 37 0.899295
71 7 0.960281
71 42 0.908581
71 36 0.919475
71 15 0.978491
71 50 0.944354
71 45 0.954377
71 26 0.984874
71 48 0.969613
71 34 0.994078
71 43 0.982465
71 46 0.979082
71 17 1.038865
71 24 1.037432
71 49 1.019275
72 8 0.403858
72 3 0.424459
72 0 0.427995
72 20 0.437792
72 29 0.434581
72 10 0.470674
72 2 0.491153
72 5 0.495909
72 13 0.489524
72 1 0.614473
72 9 0.613961
72 15 0.621168
72 14 0.629769
72 28 0.607064
72 39 0.591650
72 4 0.640861
72 11 0.634978
72 22 0.622814
72 33 0.622486
72 7 0.666510
72 12 0.687854
72 30 0.660879
72 31 0.668174
72 6 0.720189
72 44 0.668728
72 32 0.694604
72 25 0.716415
72 17 0.731628
72 24 0.720335
72 16 0.734948
72 42 0.695240
72 47 0.696413
72 23 0.740981
72 18 0.757574
72 43 0.726776
72 35 0.753850
72 48 0.770232
72 21 0.829799
72 27 0.818666
72 45 0.798482
72 26 0.827781
72 50 0.795988
72 37 0.842777
72 34 0.852953
72 40 0.864004
72 38 0.893835
72 36 0.903017
72 19 0.939646
72 49 0.892812
72 46 0.907363
72 41 0.951587
73 9 0.395173
73 12 0.474464
73 10 0.496694
73 14 0.517931
73 13 0.544750
73 11 0.555909
73 33 0.520954
73 31 0.606456
73 28 0.627555
73 30 0.630419
73 29 0.639690
73 2 0.695968
73 44 0.635326
73 8 0.743829
73 1 0.809235
73 5 0.806223
73 42 0.724269
73 32 0.750604
73 3 0.821030
73 7 0.818395
73 0 0.862414
73 26 0.862451
73 50 0.837078
73 37 0.876354
73 4 0.967716
73 45 0.916749
73 18 0.988337
73 6 1.010863
73 48 0.929767
73 21 1.026854
73 39 0.984014
73 15 1.054338
73 46 0.989810
73 47 0.994935
73 35 1.026008
73 16 1.084876
73 36 1.040189
73 43 1.030464
73 25 1.075658
73 40 1.040418
73 23 1.130252
73 19 1.139294
73 17 1.151280
73 49 1.082457
73 41 1.104863
73 27 1.181958
73 38 1.159232
73 24 1.209374
73 20 1.253328
73 34 1.219212
73 22 1.280399
74 12 0.445076
74 13 0.477295
74 10 0.502658
74 28 0.502949
74 8 0.566064
74 11 0.578081
74 30 0.583828
74 14 0.674027
74 44 0.638701
74 16 0.694653
74 0 0.711119
74 32 0.672885
74 33 0.668523
74 4 0.717373
74 18 0.706110
74 7 0.743584
74 9 0.748667
74 46 0.714227
74 43 0.725205
74 2 0.794932
74 31 0.759469
74 37 0.770094
74 19 0.808776
74 29 0.796843
74 38 0.777535
74 42 0.793065
74 15 0.848641
74 26 0.841942
74 6 0.869876
74 48 0.855317
74 3 0.934035
74 50 0.868493
74 17 0.932188
74 5 0.954129
74 34 0.932385
74 22 0.966038
74 1 0.993035
74 25 0.968113
74 36 0.961948
74 27 0.985806
74 47 0.950535
74 39 0.968894
74 40 0.982183
74 23 1.027287
74 35 1.009943
74 20 1.043900
74 21 1.071367
74 24 1.155606
74 45 1.131899
74 41 1.153478
74 49 1.146166
75 13 0.372591
75 9 0.414911
75 28 0.527015
75 11 0.623853
75 14 0.677140
75 44 0.632231
75 30 0.672755
75 5 0.720456
75 31 0.705122
75 12 0.738370
75 3 0.771816
75 33 0.827984
75 2 0.876465
75 17 0.883142
75 1 0.905145
75 40 0.876549
75 4 0.975765
75 32 0.966842
75 29 0.975627
75 24 0.985960
75 41 0.959318
75 6 1.011361
75 7 1.038682
75 50 0.976844
75 8 1.043408
75 37 1.002126
75 35 1.006059
75 10 1.048120
75 19 1.051666
75 15 1.057764
75 25 1.081364
75 39 1.071472
75 48 1.066441
75 34 1.094822
75 18 1.127718
75 49 1.120990
75 45 1.139587
75 46 1.145737
75 0 1.217543
75 21 1.205282
75 16 1.241185
75 23 1.234859
75 43 1.205036
75 38 1.240436
75 22 1.315711
75 36 1.297470
75 27 1.365842
75 20 1.377446
75 47 1.335487
75 42 1.359087
75 26 1.404834
76 11 0.453555
76 8 0.543625
76 12 0.548486
76 44 0.518812
76 13 0.558649
76 32 0.618028
76 10 0.654653
76 31 0.639051
76 28 0.642588
76 14 0.723948
76 3 0.740457
76 30 0.731102
76 0 0.796206
76 29 0.779866
76 6 0.847968
76 5 0.861308
76 9 0.865619
76 7 0.869405
76 33 0.871579
76 1 0.914248
76 4 1.032779
76 34 1.022407
76 22 1.091873
76 16 1.108082
76 38 1.080107
76 35 1.093425
76 2 1.149375
76 15 1.152537
76 17 1.207598
76 26 1.249726
76 21 1.264236
76 40 1.259153
76 43 1.262713
76 46 1.277108
76 47 1.276482
76 19 1.379009
76 25 1.403145
76 41 1.382936
76 37 1.403979
76 24 1.424848
76 45 1.428820
76 49 1.430232
76 39 1.454626
76 27 1.480434
76 36 1.472428
76 48 1.465298
76 42 1.527927
76 23 1.561234
76 18 1.579468
76 50 1.563091
76 20 1.722839
77 11 0.524133
77 14 0.549794
77 33 0.608391
77 44 0.605933
77 10 0.662328
77 9 0.664159
77 13 0.665370
77 28 0.697259
77 1 0.741357
77 8 0.848535
77 29 0.834479
77 31 0.829105
77 3 0.888457
77 27 0.862152
77 12 0.909933
77 30 0.884173
77 35 0.880556
77 45 0.900222
77 37 0.915671
77 5 0.986648
77 47 0.932132
77 19 0.976925
77 21 0.980378
77 32 0.963562
77 43 0.993321
77 25 1.024387
77 46 1.031426
77 0 1.101878
77 40 1.055192
77 36 1.149487
77 2 1.215588
77 38 1.172331
77 24 1.234301
77 50 1.195940
77 16 1.265322
77 41 1.241705
77 23 1.293961
77 15 1.308703
77 42 1.276226
77 34 1.292953
77 49 1.277435
77 17 1.349663
77 7 1.382954
77 18 1.391270
77 4 1.413704
77 6 1.412186
77 39 1.402035
77 20 1.530788
77 48 1.490720
77 26 1.585543
77 22 1.657972
78 31 0.312791
78 9 0.349902
78 8 0.446644
78 13 0.463974
78 3 0.481430
78 10 0.476650
78 44 0.445088
78 32 0.506738
78 14 0.579788
78 11 0.597029
78 1 0.633400
78 29 0.631642
78 27 0.660455
78 28 0.660813
78 20 0.680437
78 12 0.690003
78 24 0.686586
78 30 0.745440
78 2 0.786040
78 33 0.765386
78 0 0.832378
78 25 0.837991
78 34 0.836107
78 22 0.860504
78 26 0.889542
78 23 0.973720
78 6 1.011890
78 5 1.022286
78 7 1.031115
78 37 1.004711
78 39 1.012247
78 17 1.042818
78 48 1.011325
78 19 1.051928
78 16 1.076776
78 40 1.068871
78 4 1.132324
78 18 1.162360
78 38 1.151618
78 21 1.184179
78 46 1.163643
78 36 1.190405
78 15 1.219198
78 47 1.177932
78 45 1.190818
78 50 1.252663
78 43 1.282394
78 41 1.314493
78 49 1.315112
78 42 1.336658
78 35 1.385761
79 9 0.562242
79 14 0.573351
79 44 0.639433
79 13 0.687609
79 1 0.726806
79 6 0.711939
79 28 0.700505
79 3 0.759593
79 11 0.841071
79 7 0.895068
79 31 0.881609
79 29 0.898577
79 30 0.901767
79 27 0.908790
79 5 0.953424
79 33 0.909323
79 8 0.969992
79 45 0.908017
79 0 1.024106
79 10 1.002801
79 41 0.970985
79 40 0.997115
79 32 1.034603
79 12 1.067845
79 34 1.044418
79 18 1.074994
79 23 1.083029
79 2 1.130128
79 17 1.095174
79 38 1.074561
79 26 1.093956
79 47 1.070168
79 19 1.143978
79 24 1.155418
79 36 1.174286
79 46 1.160543
79 15 1.237748
79 22 1.229173
79 37 1.223933
79 25 1.242134
79 39 1.229012
79 50 1.228266
79 21 1.285484
79 49 1.241259
79 35 1.275828
79 20 1.303363
79 43 1.293367
79 4 1.390798
79 16 1.375989
79 42 1.366427
79 48 1.389986
80 8 0.414314
80 9 0.443817
80 12 0.698983
80 0 0.953490
80 10 1.126286
80 14 1.133507
80 30 0.548339
80 5 1.343864
80 2 1.429236
80 11 1.328183
80 13 1.352742
80 15 1.324822
80 1 1.566593
80 6 1.593854
80 28 1.029180
80 29 0.997688
80 3 1.731406
80 4 1.776208
80 18 1.561727
80 16 1.630829
80 32 0.971979
80 19 1.460481
80 31 1.087001
80 33 1.023798
80 44 0.677329
80 17 1.806739
80 26 1.495043
80 20 1.750548
80 7 2.118792
80 25 1.581434
80 21 1.767002
80 27 1.571154
80 40 1.190366
80 39 1.270131
80 24 1.668633
80 35 1.387189
80 38 1.346940
80 22 1.765826
80 36 1.401997
80 48 1.015707
80 42 1.301472
80 37 1.422873
80 50 1.024863
80 43 1.219841
80 34 1.536755
80 41 1.433841
80 46 1.186245
80 23 1.942274
80 47 1.206283
80 45 1.264804
80 49 1.284563
81 10 0.418558
81 11 0.453134
81 8 0.641106
81 5 0.816888
81 0 0.877871
81 9 0.903919
81 3 1.265306
81 7 1.195302
81 14 1.047115
81 12 1.093973
81 13 1.114057
81 1 1.528073
81 29 0.708360
81 32 0.714580
81 33 0.763020
81 28 0.797301
81 31 0.807612
81 4 1.722275
81 44 0.502222
81 22 1.261668
81 23 1.283476
81 19 1.368561
81 24 1.303062
81 30 1.057131
81 20 1.525627
81 16 1.708803
81 38 0.960121
81 2 2.007378
81 15 1.787301
81 21 1.637915
81 17 1.798144
81 18 1.720325
81 36 1.167437
81 25 1.525336
81 42 1.012164
81 6 2.187416
81 34 1.351789
81 40 1.158644
81 37 1.291231
81 50 1.039949
81 26 1.669312
81 35 1.358007
81 46 1.108938
81 47 1.132702
81 27 1.721536
81 39 1.420543
81 48 1.190187
81 43 1.293378
81 45 1.347484
81 41 1.453250
81 49 1.363504
82 12 0.926351
82 44 0.923498
82 32 0.956579
82 10 1.298253
82 3 1.317737
82 11 1.339627
82 36 1.367001
82 33 1.409397
82 1 1.460187
82 40 1.447791
82 28 1.500397
82 31 1.504760
82 43 1.512107
82 13 1.540495
82 19 1.535736
82 29 1.532455
82 47 1.517812
82 14 1.557002
82 8 1.571957
82 30 1.569334
82 9 1.590892
82 45 1.577651
82 34 1.637031
82 27 1.718343
82 17 1.735405
82 42 1.849536
82 21 1.890532
82 48 1.873352
82 22 1.898221
82 0 1.940328
82 6 1.942153
82 5 1.956812
82 24 1.947657
82 46 1.935151
82 50 1.932621
82 26 1.965961
82 7 1.990561
82 39 1.967353
82 38 1.976175
82 25 2.023503
82 18 2.039262
82 16 2.059171
82 35 2.049303
82 2 2.085589
82 23 2.072228
82 37 2.060442
82 4 2.102191
82 49 2.061907
82 15 2.099354
82 20 2.108691
82 41 2.119157
83 9 0.313407
83 10 0.552909
83 14 0.575012
83 31 0.597713
83 3 0.632119
83 33 0.613418
83 8 0.660610
83 30 0.657478
83 7 0.694788
83 13 0.716133
83 28 0.706660
83 44 0.692705
83 29 0.741979
83 16 0.786062
83 5 0.833546
83 12 0.870099
83 11 0.888363
83 18 0.888956
83 32 0.880294
83 0 0.924533
83 2 0.937876
83 19 0.929484
83 43 0.929858
83 49 0.935726
83 41 0.963463
83 42 0.974987
83 48 0.978999
83 35 1.004685
83 4 1.061055
83 23 1.047773
83 1 1.094799
83 40 1.057439
83 20 1.174156
83 21 1.173782
83 34 1.181285
83 15 1.214300
83 25 1.201919
83 27 1.197881
83 45 1.194304
83 26 1.238242
83 6 1.287400
83 50 1.231406
83 39 1.264812
83 36 1.279251
83 17 1.329601
83 22 1.386899
83 24 1.395015
83 46 1.405708
83 47 1.454521
83 37 1.475409
83 38 1.585071
84 44 0.509053
84 31 0.552603
84 29 0.712656
84 13 0.795751
84 9 0.804800
84 10 0.814703
84 8 0.830606
84 14 0.825378
84 30 0.811578
84 12 0.840821
84 33 0.815681
84 11 0.843128
84 3 0.982089
84 32 0.951479
84 39 0.942769
84 28 0.957262
84 26 1.006327
84 17 1.040777
84 25 1.031134
84 48 1.040136
84 5 1.098969
84 47 1.075941
84 42 1.102247
84 27 1.138832
84 20 1.161686
84 4 1.188282
84 38 1.152594
84 37 1.155458
84 41 1.151105
84 45 1.145000
84 49 1.147884
84 50 1.160616
84 34 1.186216
84 35 1.191240
84 7 1.258181
84 23 1.241274
84 19 1.251424
84 1 1.273908
84 22 1.299685
84 46 1.339392
84 40 1.384417
84 21 1.429923
84 36 1.444531
84 6 1.511256
84 0 1.545849
84 43 1.499107
84 15 1.549184
84 16 1.563961
84 18 1.562512
84 2 1.625384
84 24 1.609266
85 8 0.389411
85 9 0.401448
85 28 0.463449
85 12 0.508217
85 29 0.497500
85 13 0.527793
85 10 0.581614
85 1 0.658501
85 11 0.651439
85 5 0.675638
85 3 0.775350
85 24 0.763120
85 14 0.777176
85 30 0.776210
85 44 0.802097
85 31 0.860088
85 33 0.858500
85 27 0.907208
85 36 0.906431
85 32 0.936738
85 22 1.017251
85 40 1.005251
85 17 1.049080
85 46 1.036977
85 25 1.080536
85 7 1.111690
85 0 1.126083
85 23 1.122694
85 15 1.147905
85 20 1.152864
85 6 1.206259
85 45 1.223552
85 2 1.291596
85 18 1.309275
85 38 1.290333
85 35 1.303892
85 34 1.327238
85 43 1.341139
85 16 1.436129
85 19 1.446917
85 50 1.403916
85 21 1.445310
85 41 1.424189
85 4 1.473898
85 39 1.455169
85 42 1.459182
85 47 1.501872
85 37 1.527278
85 49 1.510468
85 26 1.560601
85 48 1.550411
86 9 0.382796
86 12 0.481026
86 14 0.523478
86 8 0.536273
86 11 0.542933
86 28 0.539348
86 31 0.674875
86 32 0.681847
86 10 0.718217
86 29 0.785943
86 44 0.847015
86 33 0.888281
86 30 0.898768
86 21 0.997097
86 13 1.005497
86 15 1.020741
86 1 1.041548
86 5 1.046191
86 20 1.036977
86 7 1.055070
86 6 1.151022
86 36 1.122087
86 4 1.179119
86 37 1.140704
86 2 1.197793
86 46 1.160529
86 35 1.184342
86 0 1.256758
86 49 1.224734
86 39 1.283574
86 27 1.315834
86 45 1.301420
86 47 1.341084
86 16 1.408812
86 23 1.407674
86 48 1.382576
86 26 1.434667
86 41 1.451859
86 34 1.496997
86 43 1.498243
86 19 1.540474
86 3 1.572388
86 18 1.566806
86 42 1.536083
86 38 1.559003
86 24 1.596653
86 25 1.602824
86 40 1.637729
86 22 1.675742
86 17 1.795371
86 50 1.748589
87 28 0.497191
87 29 0.513078
87 9 0.550982
87 12 0.562274
87 14 0.572170
87 30 0.592492
87 31 0.590931
87 11 0.625678
87 10 0.636484
87 44 0.610268
87 8 0.690987
87 13 0.694049
87 33 0.722278
87 32 0.781927
87 3 0.931764
87 27 0.912477
87 4 0.990633
87 2 1.007965
87 1 1.069131
87 7 1.060866
87 21 1.072978
87 0 1.162690
87 17 1.140308
87 37 1.114254
87 47 1.102759
87 39 1.119726
87 15 1.175835
87 19 1.171696
87 45 1.137200
87 6 1.207595
87 24 1.199060
87 26 1.197768
87 46 1.201782
87 36 1.218521
87 25 1.251288
87 40 1.226314
87 5 1.293380
87 23 1.269515
87 43 1.268338
87 34 1.331857
87 22 1.359152
87 48 1.329143
87 49 1.327947
87 35 1.369827
87 42 1.368874
87 18 1.407411
87 38 1.410146
87 20 1.496383
87 41 1.467124
87 16 1.564587
87 50 1.557855
88 12 0.532964
88 10 0.574445
88 8 0.693518
88 31 0.666689
88 33 0.664666
88 30 0.668607
88 13 0.691883
88 32 0.667588
88 28 0.673766
88 29 0.706052
88 11 0.737545
88 44 0.775640
88 9 0.824652
88 1 0.929020
88 14 0.946807
88 5 0.960186
88 0 0.976833
88 2 1.027615
88 18 1.081560
88 3 1.160394
88 16 1.280465
88 4 1.327199
88 40 1.289164
88 15 1.323321
88 21 1.365448
88 43 1.379770
88 7 1.454034
88 19 1.481471
88 22 1.488889
88 35 1.482603
88 42 1.478295
88 45 1.510699
88 27 1.573386
88 41 1.560899
88 37 1.609020
88 38 1.614008
88 20 1.692423
88 23 1.700011
88 49 1.665328
88 6 1.729758
88 25 1.710442
88 50 1.688423
88 26 1.747540
88 47 1.740416
88 48 1.738757
88 34 1.763823
88 17 1.806854
88 46 1.778295
88 39 1.831034
88 24 1.890323
88 36 1.926321
89 9 0.528124
89 10 0.538369
89 32 0.615164
89 31 0.665875
89 13 0.707481
89 11 0.709410
89 14 0.714476
89 8 0.754151
89 30 0.731664
89 33 0.727888
89 12 0.766679
89 44 0.748151
89 1 0.945284
89 3 1.041327
89 28 1.033989
89 29 1.039220
89 5 1.172265
89 2 1.187455
89 35 1.235401
89 6 1.375932
89 0 1.389654
89 22 1.394049
89 38 1.386815
89 20 1.437148
89 16 1.443246
89 47 1.434541
89 25 1.470469
89 41 1.450015
89 40 1.454609
89 36 1.482360
89 21 1.519056
89 26 1.511932
89 49 1.477240
89 23 1.519916
89 43 1.502423
89 4 1.616432
89 42 1.570474
89 34 1.585478
89 50 1.570843
89 15 1.751110
89 7 1.765319
89 39 1.731206
89 18 1.767118
89 37 1.754308
89 19 1.791559
89 45 1.799708
89 27 1.985050
89 17 2.099008
89 48 2.073047
89 46 2.137737
89 24 2.191288
90 13 0.393448
90 8 0.465783
90 11 0.479097
90 14 0.533553
90 3 0.604511
90 9 0.666373
90 29 0.667619
90 28 0.677863
90 10 0.743784
90 31 0.731083
90 30 0.759622
90 32 0.771150
90 5 0.811835
90 43 0.761897
90 1 0.818066
90 0 0.820515
90 12 0.821904
90 33 0.801681
90 20 0.844599
90 44 0.880150
90 16 0.932324
90 18 0.956501
90 38 0.981089
90 47 1.021362
90 6 1.123711
90 24 1.116853
90 36 1.107834
90 35 1.130445
90 25 1.177568
90 21 1.209682
90 37 1.228329
90 45 1.226135
90 7 1.286339
90 2 1.301795
90 4 1.300933
90 15 1.314559
90 22 1.319134
90 40 1.320679
90 39 1.323929
90 17 1.380972
90 46 1.345294
90 19 1.407364
90 41 1.384319
90 49 1.383742
90 23 1.455722
90 27 1.464321
90 42 1.461498
90 50 1.466452
90 34 1.499370
90 26 1.527775
90 48 1.782714
91 8 0.457185
91 28 0.512352
91 13 0.642636
91 12 0.659199
91 9 0.696199
91 29 0.796814
91 11 0.816140
91 33 0.792334
91 10 0.817662
91 31 0.796537
91 3 0.883766
91 44 0.855469
91 30 0.876354
91 1 0.977244
91 6 1.049684
91 14 1.122444
91 32 1.102886
91 2 1.133246
91 0 1.142889
91 7 1.158053
91 47 1.123920
91 17 1.231137
91 16 1.248120
91 5 1.273329
91 38 1.245139
91 22 1.266861
91 37 1.266209
91 46 1.253896
91 43 1.269653
91 18 1.324690
91 23 1.339859
91 49 1.309081
91 21 1.367866
91 15 1.406654
91 50 1.367532
91 35 1.401958
91 45 1.388888
91 34 1.429916
91 20 1.477706
91 42 1.465677
91 4 1.566024
91 40 1.534466
91 36 1.562360
91 19 1.603998
91 41 1.610011
91 24 1.632843
91 27 1.637578
91 25 1.747014
91 39 1.762602
91 48 1.832256
91 26 1.992579
92 12 0.544777
92 8 0.548563
92 9 0.631578
92 11 0.630195
92 10 0.631760
92 44 0.611413
92 21 0.669941
92 29 0.679114
92 28 0.752507
92 13 0.784039
92 2 0.862207
92 30 0.904017
92 14 0.937170
92 3 0.978062
92 40 1.128860
92 32 1.152310
92 42 1.150344
92 15 1.188781
92 31 1.195660
92 16 1.215962
92 33 1.230669
92 18 1.274916
92 26 1.280184
92 24 1.284560
92 19 1.321333
92 46 1.303920
92 49 1.312642
92 45 1.383165
92 7 1.443009
92 4 1.447086
92 1 1.451984
92 6 1.473778
92 22 1.483368
92 34 1.487295
92 0 1.526656
92 27 1.650629
92 50 1.702927
92 36 1.746799
92 47 1.742371
92 17 1.785063
92 39 1.809110
92 5 1.899365
92 43 1.908486
92 20 1.941679
92 35 1.934692
92 25 1.960582
92 37 1.975637
92 38 2.070716
92 41 2.078362
92 48 2.267166
92 23 2.477210
93 30 0.598028
93 12 0.621169
93 11 0.666878
93 19 0.770242
93 14 0.822727
93 10 0.839207
93 9 0.855133
93 13 0.854331
93 44 0.827419
93 29 0.881238
93 21 0.937673
93 20 1.057124
93 8 1.105268
93 4 1.120966
93 33 1.131705
93 32 1.212921
93 3 1.273592
93 0 1.288109
93 28 1.259698
93 7 1.313564
93 31 1.519298
93 5 1.569795
93 6 1.610420
93 18 1.695669
93 23 1.773775
93 27 1.781710
93 42 1.776103
93 49 1.778278
93 43 1.802891
93 50 1.921088
93 2 1.984990
93 22 1.967252
93 39 1.942054
93 26 1.963609
93 36 1.949914
93 38 1.947685
93 24 1.968577
93 25 1.979802
93 47 1.975378
93 34 1.997405
93 46 2.000434
93 15 2.164831
93 16 2.164674
93 35 2.137802
93 1 2.191853
93 40 2.172071
93 17 2.223975
93 37 2.225996
93 45 2.322763
93 41 2.363034
93 48 2.675601
94 13 1.123129
94 11 1.172807
94 12 1.184577
94 32 1.332219
94 30 1.348017
94 31 1.347700
94 19 1.595998
94 27 1.604102
94 47 1.600254
94 34 1.640341
94 40 1.719164
94 15 1.801962
94 2 1.859823
94 44 1.830719
94 9 1.870818
94 26 1.869382
94 5 1.917359
94 3 1.935150
94 46 1.899937
94 1 1.940559
94 10 1.948553
94 29 1.948736
94 28 1.986938
94 45 1.974428
94 50 1.982756
94 8 2.034871
94 14 2.045592
94 7 2.052487
94 33 2.045813
94 38 2.145122
94 20 2.175778
94 17 2.194869
94 35 2.234148
94 23 2.262579
94 43 2.296760
94 25 2.327341
94 42 2.327763
94 6 2.360020
94 36 2.462792
94 0 2.495173
94 22 2.477955
94 37 2.489636
94 16 2.508572
94 24 2.564284
94 18 2.578530
94 21 2.621926
94 48 2.616967
94 4 2.694037
94 39 2.889196
94 49 2.890521
94 41 2.980969
95 14 0.577291
95 13 0.603413
95 0 1.043597
95 5 1.062446
95 10 1.111370
95 9 1.122675
95 3 1.225497
95 8 1.227888
95 15 1.180010
95 6 1.374271
95 31 1.020654
95 12 1.359975
95 24 1.257737
95 18 1.309334
95 1 1.565873
95 25 1.386326
95 2 1.656789
95 21 1.444565
95 26 1.392761
95 32 0.997814
95 30 1.192577
95 28 1.313234
95 7 1.627620
95 23 1.473930
95 16 1.539495
95 4 1.740766
95 19 1.571821
95 11 1.675336
95 44 0.906837
95 22 1.632050
95 29 1.498052
95 33 1.279279
95 20 1.813444
95 37 1.258745
95 46 1.251593
95 27 1.957671
95 34 1.543954
95 17 2.077011
95 43 1.360905
95 35 1.581941
95 40 1.425942
95 36 1.567523
95 42 1.486699
95 48 1.362228
95 45 1.479585
95 39 1.579304
95 47 1.499225
95 38 1.599677
95 50 1.311390
95 49 1.320138
95 41 1.654438
96 12 0.691202
96 8 0.746361
96 32 0.732105
96 29 0.745848
96 30 0.769729
96 44 0.776337
96 14 0.845268
96 31 0.833536
96 9 0.880826
96 0 0.895484
96 11 0.885704
96 28 0.865525
96 38 0.852968
96 13 0.905673
96 10 0.940050
96 42 0.952815
96 36 0.961093
96 5 1.008529
96 3 1.042031
96 45 0.999505
96 50 1.021434
96 33 1.051928
96 2 1.125950
96 20 1.168273
96 1 1.205007
96 6 1.216602
96 16 1.212867
96 47 1.178968
96 24 1.266006
96 4 1.294245
96 23 1.300252
96 7 1.353343
96 35 1.333059
96 17 1.376251
96 43 1.456950
96 48 1.457197
96 46 1.530793
96 40 1.550299
96 37 1.558249
96 25 1.595986
96 26 1.626335
96 34 1.718775
96 21 1.762796
96 19 1.766578
96 27 1.761227
96 39 1.747954
96 18 1.797327
96 49 1.866717
96 15 1.915744
96 22 1.956152
96 41 2.071884
97 9 0.340878
97 29 0.504790
97 32 0.616774
97 14 0.685292
97 28 0.736935
97 44 0.847062
97 30 0.877410
97 10 0.911701
97 21 0.903212
97 31 0.901704
97 0 0.955108
97 1 0.967014
97 8 0.975027
97 48 0.927428
97 24 0.971091
97 13 0.998312
97 19 1.020868
97 33 1.015054
97 12 1.060084
97 6 1.117217
97 45 1.081167
97 3 1.130711
97 20 1.145855
97 4 1.168486
97 11 1.165020
97 5 1.183378
97 7 1.222503
97 39 1.204834
97 34 1.233086
97 40 1.252430
97 25 1.279398
97 23 1.296327
97 36 1.296179
97 46 1.305464
97 47 1.314683
97 41 1.324312
97 18 1.356827
97 38 1.354457
97 35 1.385248
97 16 1.445403
97 2 1.465094
97 17 1.468993
97 37 1.457428
97 22 1.487641
97 15 1.495790
97 27 1.497117
97 43 1.486226
97 26 1.515835
97 50 1.550065
97 49 1.559347
97 42 1.621678
98 10 0.596406
98 9 0.727062
98 13 0.799684
98 12 0.849794
98 8 1.007040
98 3 1.058998
98 5 1.233425
98 1 1.266040
98 28 0.606623
98 14 1.255105
98 0 1.407875
98 4 1.437458
98 2 1.506429
98 11 1.453791
98 30 0.913913
98 6 1.678108
98 32 0.859180
98 29 0.974924
98 31 1.053074
98 20 1.650355
98 44 0.652789
98 22 1.488789
98 27 1.263465
98 33 1.060724
98 7 1.968086
98 17 1.901120
98 16 1.948519
98 24 1.525364
98 23 1.726305
98 18 2.024724
98 21 1.961975
98 34 1.253415
98 15 2.164850
98 35 1.363295
98 40 1.337379
98 19 2.262933
98 42 1.194735
98 36 1.465585
98 26 1.808112
98 38 1.453028
98 25 1.948995
98 50 1.216053
98 43 1.392215
98 47 1.576515
98 37 1.831860
98 45 1.622190
98 39 1.842263
98 46 1.645300
98 48 1.656563
98 41 1.944534
98 49 1.950285
99 33 0.664305
99 32 0.689006
99 29 0.798159
99 31 0.796129
99 44 0.797602
99 10 0.845776
99 9 0.847981
99 13 0.845712
99 8 0.850147
99 30 0.847648
99 28 0.851004
99 43 1.369019
99 3 1.441855
99 5 1.573715
99 4 1.575675
99 2 1.578594
99 16 1.569173
99 7 1.576673
99 24 1.558582
99 49 1.679845
99 38 1.754463
99 0 1.833864
99 27 1.876987
99 1 1.929077
99 50 1.890291
99 23 1.934003
99 11 2.001913
99 22 2.019729
99 46 1.982943
99 14 2.065339
99 36 2.035308
99 12 2.146273
99 48 2.099668
99 35 2.165836
99 47 2.179170
99 34 2.199506
99 20 2.304222
99 19 2.305762
99 41 2.294301
99 6 2.341060
99 25 2.393741
99 37 2.464727
99 18 2.578151
99 26 2.608549
99 17 2.719085
99 40 2.773763
99 45 2.882207
99 15 2.929592
99 39 2.895351
99 21 2.924863
99 42 2.945152
100 28 0.539955
100 32 0.534355
100 31 0.546235
100 8 0.574439
100 9 0.580432
100 30 0.591991
100 29 0.625778
100 44 0.639132
100 33 0.660304
100 11 0.787308
100 3 0.806790
100 13 0.813293
100 0 0.900619
100 12 0.919037
100 10 0.941279
100 14 1.108246
100 48 1.125919
100 2 1.242080
100 7 1.289857
100 1 1.305180
100 47 1.254279
100 42 1.285799
100 50 1.328108
100 49 1.371634
100 22 1.426016
100 36 1.419089
100 19 1.487089
100 43 1.462526
100 5 1.519575
100 25 1.517808
100 45 1.538932
100 4 1.670657
100 27 1.650645
100 26 1.712497
100 39 1.709199
100 6 1.766639
100 40 1.728326
100 37 1.734604
100 15 1.800714
100 21 1.837775
100 20 1.843112
100 41 1.850415
100 18 1.922248
100 17 1.971830
100 23 1.970950
100 34 2.019586
100 46 2.021025
100 16 2.104000
100 35 2.106069
100 24 2.127399
100 38 2.126296
101 8 0.462621
101 13 0.528617
101 9 0.548754
101 14 0.568861
101 28 0.578162
101 29 0.655567
101 10 0.696003
101 44 0.679551
101 3 0.744050
101 5 0.746011
101 31 0.779689
101 12 0.854851
101 1 0.880845
101 48 0.883009
101 11 0.964578
101 16 1.126789
101 30 1.108655
101 45 1.087025
101 7 1.136012
101 33 1.107154
101 32 1.108751
101 39 1.117694
101 6 1.160612
101 15 1.173857
101 40 1.185705
101 20 1.276673
101 4 1.292502
101 25 1.295785
101 36 1.281067
101 21 1.303030
101 23 1.302240
101 19 1.341317
101 27 1.330629
101 50 1.315547
101 0 1.395433
101 2 1.441476
101 47 1.386440
101 41 1.458640
101 42 1.497335
101 43 1.496746
101 24 1.524486
101 49 1.572400
101 37 1.632294
101 35 1.717870
101 38 1.714733
101 46 1.715889
101 34 1.751201
101 26 1.779881
101 18 1.859669
101 17 1.894072
101 22 2.068144
102 28 0.447676
102 10 0.559119
102 8 0.585931
102 29 0.579085
102 13 0.707691
102 9 0.725123
102 44 0.721959
102 14 0.764748
102 30 0.809130
102 31 0.825279
102 11 0.936199
102 1 0.962243
102 32 0.987475
102 2 1.029482
102 43 1.039083
102 26 1.089207
102 36 1.074121
102 33 1.111440
102 4 1.144422
102 12 1.166274
102 3 1.174834
102 5 1.174320
102 49 1.163310
102 24 1.216795
102 0 1.254327
102 37 1.222223
102 40 1.230349
102 38 1.235833
102 27 1.261456
102 35 1.275542
102 19 1.299525
102 15 1.311881
102 39 1.307354
102 25 1.358219
102 20 1.387366
102 48 1.354569
102 17 1.400100
102 42 1.435997
102 45 1.469086
102 7 1.534331
102 16 1.528676
102 46 1.525289
102 47 1.540155
102 22 1.651550
102 18 1.664609
102 41 1.654989
102 23 1.691414
102 6 1.780601
102 34 1.778782
102 50 1.884696
102 21 1.951479
103 29 0.509011
103 8 0.600538
103 28 0.593104
103 14 0.638036
103 30 0.648938
103 10 0.761055
103 31 0.750632
103 12 0.813596
103 11 0.843472
103 0 1.004854
103 6 1.017202
103 44 0.969287
103 4 1.047864
103 32 1.053455
103 9 1.139464
103 13 1.172494
103 1 1.217195
103 33 1.231886
103 39 1.238119
103 48 1.225640
103 21 1.292231
103 43 1.272524
103 36 1.284854
103 20 1.312679
103 45 1.272878
103 34 1.310910
103 27 1.324363
103 42 1.354380
103 5 1.431998
103 50 1.371973
103 2 1.572797
103 19 1.559774
103 18 1.562329
103 7 1.572795
103 17 1.567938
103 25 1.603095
103 23 1.612312
103 41 1.616321
103 49 1.605219
103 16 1.660060
103 46 1.708714
103 35 1.729908
103 40 1.759044
103 24 1.787733
103 38 1.786954
103 15 1.936397
103 47 1.905502
103 3 1.966600
103 26 2.019584
103 22 2.047784
103 37 2.117089
104 11 0.557334
104 10 0.573660
104 14 0.635586
104 31 0.630848
104 32 0.652399
104 12 0.719325
104 28 0.713421
104 30 0.719528
104 29 0.721941
104 9 0.766319
104 33 0.797856
104 13 0.867245
104 8 0.880292
104 44 0.869597
104 2 0.920366
104 5 0.924947
104 0 0.955835
104 1 1.040501
104 38 1.031676
104 18 1.126669
104 6 1.178935
104 23 1.175770
104 3 1.205520
104 36 1.187705
104 22 1.241309
104 39 1.225801
104 34 1.262284
104 49 1.249633
104 42 1.261123
104 4 1.307867
104 40 1.297953
104 45 1.297687
104 41 1.305088
104 48 1.315382
104 17 1.365429
104 47 1.398058
104 16 1.461501
104 43 1.458315
104 26 1.489453
104 35 1.497062
104 19 1.518800
104 25 1.527604
104 24 1.540902
104 50 1.514540
104 46 1.519726
104 15 1.585467
104 7 1.605575
104 20 1.593893
104 37 1.734506
104 27 1.759095
104 21 1.985611
105 9 0.535195
105 8 0.547650
105 12 0.572719
105 32 0.555759
105 14 0.594672
105 30 0.598902
105 29 0.671990
105 33 0.712906
105 10 0.762690
105 31 0.751322
105 11 0.839997
105 13 0.849008
105 44 0.832969
105 0 0.905462
105 28 0.902255
105 3 1.066021
105 40 1.031673
105 1 1.086729
105 5 1.097249
105 45 1.144580
105 2 1.304234
105 16 1.308492
105 4 1.335387
105 47 1.313423
105 36 1.366465
105 6 1.425455
105 15 1.438027
105 7 1.451228
105 43 1.424905
105 35 1.445675
105 20 1.477315
105 37 1.470145
105 38 1.520114
105 18 1.638568
105 27 1.656808
105 39 1.663656
105 46 1.670388
105 24 1.755422
105 48 1.792353
105 26 1.827953
105 50 1.801376
105 41 1.841412
105 34 1.864466
105 19 1.897079
105 42 1.902558
105 49 1.909906
105 22 1.955254
105 23 1.971053
105 17 2.023085
105 25 2.020716
105 21 2.184461
106 9 0.564703
106 12 0.665530
106 31 0.694510
106 29 0.790167
106 14 0.845458
106 13 0.858565
106 44 0.817460
106 8 0.892293
106 32 0.902701
106 10 1.019976
106 3 1.025804
106 11 1.020477
106 0 1.041011
106 5 1.093734
106 1 1.108246
106 28 1.082912
106 30 1.129965
106 33 1.301302
106 20 1.341123
106 7 1.363745
106 39 1.359173
106 42 1.373552
106 24 1.431826
106 40 1.422234
106 2 1.482090
106 15 1.497325
106 34 1.485349
106 50 1.463019
106 26 1.498170
106 35 1.517608
106 37 1.526925
106 4 1.600547
106 19 1.607430
106 18 1.612311
106 17 1.624717
106 36 1.622556
106 47 1.637154
106 43 1.644527
106 25 1.673400
106 48 1.665746
106 16 1.744863
106 45 1.739548
106 6 1.815303
106 21 1.891827
106 23 1.913143
106 38 1.891347
106 27 1.920663
106 22 1.968243
106 46 1.965834
106 49 1.973428
106 41 2.016799
107 8 0.546278
107 9 0.649285
107 12 0.731529
107 13 0.769192
107 29 0.786935
107 33 0.967550
107 11 1.007264
107 28 1.109473
107 10 1.152552
107 3 1.173166
107 31 1.142403
107 14 1.242459
107 30 1.264264
107 49 1.259119
107 5 1.333797
107 45 1.300638
107 4 1.353195
107 42 1.324144
107 2 1.378351
107 44 1.331209
107 36 1.362080
107 32 1.397161
107 47 1.406869
107 27 1.453307
107 41 1.452901
107 38 1.474820
107 35 1.513323
107 37 1.536747
107 0 1.626571
107 46 1.585578
107 6 1.663826
107 1 1.700874
107 34 1.789448
107 48 1.784640
107 17 1.849986
107 40 1.818012
107 50 1.917402
107 16 2.004536
107 7 2.027059
107 25 2.025644
107 23 2.031280
107 43 2.080935
107 21 2.287309
107 39 2.301313
107 18 2.347762
107 24 2.357663
107 19 2.366138
107 15 2.390014
107 20 2.385444
107 26 2.412847
107 22 2.477041
108 11 0.617388
108 8 0.690391
108 9 0.710413
108 12 0.708594
108 30 0.718614
108 13 0.766912
108 14 0.836271
108 29 0.881589
108 31 0.953952
108 10 1.036441
108 32 1.076451
108 4 1.277442
108 33 1.246488
108 35 1.260857
108 44 1.263463
108 7 1.342412
108 3 1.387157
108 28 1.393569
108 40 1.377920
108 5 1.566894
108 45 1.529642
108 36 1.558294
108 16 1.599124
108 18 1.610373
108 2 1.624864
108 1 1.633728
108 25 1.632024
108 48 1.707001
108 0 1.797016
108 23 1.957791
108 26 1.966641
108 49 1.973936
108 47 2.076960
108 27 2.118161
108 15 2.145146
108 50 2.138932
108 22 2.185374
108 19 2.234070
108 20 2.250519
108 6 2.277219
108 38 2.426880
108 34 2.433320
108 37 2.430353
108 43 2.455409
108 46 2.491738
108 39 2.509212
108 41 2.758699
108 21 2.794831
108 42 2.766944
108 17 2.888310
108 24 2.904354
109 8 0.525935
109 9 0.636547
109 12 0.637190
109 14 0.647383
109 44 0.638831
109 11 0.696079
109 10 0.812564
109 2 0.957786
109 31 0.840923
109 3 0.986226
109 4 0.994193
109 30 0.879072
109 32 0.913687
109 13 0.939358
109 1 1.065181
109 28 0.967096
109 6 1.099964
109 7 1.152961
109 33 1.033305
109 29 1.041151
109 5 1.270260
109 27 1.214764
109 18 1.356683
109 37 1.346360
109 22 1.376922
109 40 1.373352
109 43 1.380115
109 15 1.420541
109 25 1.411180
109 0 1.543469
109 16 1.568688
109 48 1.524727
109 38 1.624857
109 41 1.620585
109 50 1.607880
109 39 1.654716
109 19 1.683786
109 35 1.663865
109 45 1.663621
109 24 1.697416
109 46 1.694159
109 42 1.721328
109 21 1.823242
109 47 1.805871
109 23 1.860069
109 20 1.878330
109 26 1.901994
109 36 1.885816
109 34 1.888088
109 49 1.963012
109 17 2.018818
110 44 0.927483
110 14 0.967142
110 32 1.192523
110 31 1.291261
110 12 1.331142
110 13 1.344275
110 10 1.471786
110 30 1.688520
110 3 1.731532
110 16 1.772458
110 11 1.827355
110 33 1.846859
110 9 1.890055
110 7 1.939153
110 17 2.000190
110 2 2.029067
110 28 2.041653
110 27 2.186264
110 0 2.224550
110 49 2.197765
110 29 2.215901
110 1 2.271273
110 8 2.282663
110 42 2.309651
110 23 2.393362
110 41 2.436530
110 21 2.452936
110 46 2.509052
110 35 2.557276
110 26 2.589834
110 24 2.718393
110 45 2.702362
110 38 2.783216
110 20 2.837735
110 39 2.836746
110 25 2.868754
110 6 2.885381
110 18 2.904830
110 4 2.966726
110 43 2.994159
110 47 3.001198
110 5 3.050232
110 34 3.027723
110 15 3.043741
110 50 3.065890
110 22 3.101010
110 40 3.087550
110 48 3.090236
110 36 3.147801
110 37 3.159949
110 19 3.195314
111 8 0.513417
111 28 0.616639
111 13 0.635087
111 5 0.642649
111 30 0.617317
111 11 0.675487
111 32 0.654429
111 31 0.667664
111 33 0.668419
111 44 0.713075
111 14 0.787498
111 17 0.799417
111 9 0.829877
111 10 0.930870
111 29 0.924524
111 0 0.963252
111 4 0.987272
111 16 0.994242
111 2 1.035584
111 12 1.043552
111 3 1.126235
111 22 1.137449
111 7 1.165365
111 23 1.159344
111 27 1.236132
111 26 1.257221
111 15 1.280129
111 38 1.252986
111 36 1.268587
111 19 1.292159
111 21 1.293306
111 47 1.268424
111 25 1.320829
111 6 1.372775
111 43 1.368267
111 34 1.394335
111 46 1.409897
111 20 1.491699
111 39 1.467565
111 18 1.516884
111 24 1.593124
111 1 1.615237
111 49 1.594427
111 40 1.653904
111 41 1.721658
111 45 1.745415
111 50 1.748692
111 42 1.772916
111 48 1.777658
111 37 1.914641
111 35 2.022684
112 13 0.698767
112 11 0.836918
112 30 0.808881
112 31 0.807508
112 9 0.862248
112 32 0.902022
112 33 0.902382
112 29 1.013617
112 3 1.275079
112 14 1.378124
112 34 1.374018
112 5 1.438173
112 16 1.452264
112 24 1.463991
112 42 1.456302
112 2 1.536629
112 19 1.575681
112 4 1.611291
112 6 1.640308
112 25 1.701606
112 7 1.751173
112 12 1.808125
112 47 1.772369
112 44 1.781752
112 8 1.864982
112 43 1.961904
112 23 2.000489
112 45 1.961557
112 26 2.044023
112 0 2.117646
112 36 2.209543
112 28 2.269113
112 10 2.326034
112 17 2.357025
112 27 2.527235
112 1 2.592326
112 37 2.575279
112 21 2.607943
112 20 2.709421
112 40 2.766355
112 35 3.037308
112 38 3.116670
112 15 3.296580
112 46 3.277968
112 41 3.317842
112 48 3.348121
112 18 3.441621
112 50 3.403981
112 22 3.459616
112 49 3.507331
112 39 3.583183
113 9 0.608841
113 11 0.677241
113 14 0.706104
113 8 0.726348
113 13 0.751108
113 29 0.843378
113 10 0.893637
113 12 0.906681
113 33 0.942320
113 31 0.957469
113 28 1.021825
113 0 1.090962
113 1 1.145197
113 30 1.128102
113 3 1.207461
113 5 1.244737
113 7 1.250956
113 44 1.217971
113 32 1.234998
113 4 1.324792
113 41 1.322917
113 36 1.351590
113 49 1.347008
113 2 1.465584
113 18 1.491590
113 50 1.455762
113 20 1.538315
113 47 1.508513
113 26 1.548176
113 35 1.536983
113 21 1.574174
113 17 1.587224
113 45 1.556492
113 39 1.565811
113 6 1.670647
113 15 1.670430
113 16 1.723061
113 43 1.686063
113 24 1.720805
113 25 1.719779
113 42 1.736009
113 38 1.801596
113 34 1.826364
113 40 1.824910
113 27 1.844435
113 48 1.829504
113 19 2.013913
113 22 2.010656
113 37 1.988747
113 46 1.999558
113 23 2.034456
114 11 0.624482
114 8 0.648010
114 10 0.663164
114 28 0.685659
114 9 0.731379
114 32 0.814536
114 29 0.825708
114 14 0.909713
114 12 0.970320
114 33 1.014537
114 30 1.028941
114 0 1.071452
114 44 1.137845
114 31 1.162795
114 3 1.218959
114 13 1.251961
114 1 1.399847
114 4 1.481924
114 16 1.526893
114 34 1.636827
114 5 1.681205
114 45 1.652398
114 40 1.723495
114 42 1.729913
114 39 1.736650
114 50 1.730291
114 46 1.737723
114 2 1.790982
114 36 1.904414
114 41 1.933962
114 15 1.983697
114 21 1.984189
114 37 1.990914
114 20 2.013983
114 25 2.009053
114 7 2.041214
114 24 2.052353
114 43 2.062998
114 22 2.126962
114 48 2.105797
114 6 2.166125
114 49 2.155595
114 19 2.262415
114 26 2.310867
114 18 2.329911
114 35 2.329104
114 38 2.347257
114 17 2.527979
114 27 2.545542
114 47 2.582401
114 23 2.705929
115 11 0.630063
115 28 0.743006
115 44 0.720415
115 33 0.737761
115 14 0.763055
115 30 0.743692
115 29 0.746833
115 9 0.770094
115 13 0.767591
115 32 0.880023
115 31 0.881788
115 12 0.914018
115 0 1.012935
115 10 1.015641
115 45 0.988552
115 8 1.065661
115 25 1.074972
115 19 1.100762
115 41 1.069191
115 24 1.098530
115 36 1.080936
115 1 1.152321
115 39 1.138183
115 26 1.170080
115 7 1.204811
115 3 1.227233
115 15 1.218116
115 27 1.206614
115 21 1.256554
115 35 1.235977
115 43 1.241352
115 2 1.291765
115 23 1.292347
115 48 1.267817
115 17 1.314250
115 22 1.331617
115 34 1.324611
115 49 1.333805
115 16 1.391639
115 18 1.416416
115 38 1.396505
115 47 1.395731
115 4 1.479324
115 40 1.457522
115 5 1.509282
115 37 1.494237
115 20 1.534503
115 50 1.501710
115 46 1.528480
115 6 1.580612
115 42 1.541126
116 8 0.610190
116 10 0.604868
116 11 0.720073
116 14 0.672669
116 12 0.755470
116 13 0.727657
116 0 1.306920
116 9 0.991900
116 1 1.253629
116 4 1.272753
116 2 1.323567
116 3 1.327945
116 6 1.248892
116 30 0.598471
116 32 0.603987
116 29 0.651357
116 5 1.414107
116 33 0.670836
116 28 0.760581
116 7 1.394948
116 31 0.775431
116 44 0.644967
116 16 1.363430
116 19 1.382407
116 17 1.451579
116 15 1.583940
116 22 1.372200
116 20 1.497661
116 18 1.543749
116 21 1.459761
116 25 1.386320
116 26 1.388429
116 24 1.491470
116 34 1.275175
116 27 1.346730
116 40 1.198801
116 38 1.244037
116 43 1.220970
116 41 1.286800
116 35 1.382575
116 47 1.242711
116 39 1.314087
116 37 1.351372
116 42 1.320180
116 46 1.295670
116 23 1.694858
116 36 1.430476
116 50 1.302416
116 49 1.433649
116 45 1.490526
116 48 1.437936
117 8 0.596926
117 9 0.620459
117 12 0.669909
117 11 0.809729
117 10 0.812585
117 30 0.785995
117 13 0.811722
117 44 0.764775
117 33 0.871037
117 29 1.108867
117 0 1.265100
117 3 1.286145
117 4 1.388733
117 14 1.408140
117 32 1.407555
117 5 1.475594
117 28 1.468782
117 2 1.537806
117 6 1.535291
117 15 1.560111
117 1 1.596127
117 21 1.603426
117 22 1.627716
117 41 1.687247
117 24 1.757176
117 34 1.742078
117 31 1.746879
117 16 1.799418
117 27 1.786624
117 7 1.829401
117 35 1.799793
117 25 1.817390
117 46 1.920907
117 38 1.934237
117 17 1.993255
117 39 1.981937
117 42 2.077722
117 37 2.089838
117 49 2.412409
117 19 2.497546
117 47 2.485260
117 36 2.507558
117 48 2.558416
117 20 2.629305
117 40 2.597031
117 26 2.645155
117 18 2.690978
117 23 2.754290
117 43 2.723417
117 50 2.864563
117 45 2.930750
118 8 0.558413
118 12 0.608111
118 28 0.611080
118 9 0.633034
118 29 0.675875
118 14 0.725252
118 32 0.729553
118 31 0.738433
118 10 0.774464
118 44 0.815305
118 33 1.080447
118 11 1.174045
118 13 1.192940
118 30 1.218086
118 1 1.268303
118 3 1.398120
118 2 1.417878
118 47 1.453579
118 5 1.547765
118 20 1.559958
118 25 1.581422
118 37 1.598570
118 45 1.606922
118 24 1.640529
118 22 1.664106
118 16 1.692349
118 48 1.647390
118 17 1.693725
118 4 1.707722
118 40 1.665459
118 26 1.747413
118 46 1.738578
118 39 1.894725
118 7 1.953139
118 6 1.976561
118 50 1.919139
118 21 2.103222
118 0 2.123210
118 19 2.110114
118 15 2.114134
118 38 2.164145
118 23 2.247020
118 49 2.206013
118 18 2.297183
118 42 2.286283
118 35 2.316259
118 41 2.328590
118 34 2.367360
118 43 2.389241
118 36 2.546857
118 27 2.561515
119 9 0.803174
119 11 0.858131
119 10 0.889503
119 13 0.925064
119 29 0.920220
119 31 0.950518
119 44 0.949805
119 30 0.970342
119 33 0.975699
119 8 1.060534
119 12 1.104896
119 32 1.211931
119 28 1.291042
119 14 1.317815
119 7 1.341738
119 1 1.347546
119 5 1.377419
119 40 1.444425
119 6 1.546470
119 42 1.515379
119 3 1.561866
119 34 1.538088
119 37 1.544968
119 4 1.583789
119 2 1.620879
119 0 1.683665
119 46 1.647174
119 43 1.664159
119 19 1.710172
119 39 1.699865
119 22 1.768187
119 50 1.764368
119 23 1.819832
119 18 1.842063
119 49 1.813987
119 48 1.818778
119 47 1.932958
119 16 1.975878
119 27 1.973256
119 17 2.038826
119 41 2.058386
119 15 2.102598
119 20 2.098569
119 45 2.076275
119 21 2.134279
119 36 2.128505
119 38 2.177241
119 25 2.212363
119 35 2.213957
119 24 2.238974
119 26 2.251001
120 8 0.649010
120 11 0.801547
120 10 0.805679
120 12 0.804875
120 13 0.804702
120 30 0.849680
120 31 0.960762
120 32 0.958821
120 33 1.326175
120 4 1.415610
120 44 1.364728
120 1 1.438640
120 22 1.418280
120 0 1.461334
120 29 1.425176
120 39 1.460992
120 14 1.513373
120 43 1.454763
120 19 1.508568
120 16 1.513625
120 18 1.528678
120 45 1.469147
120 2 1.546279
120 20 1.665553
120 34 1.688611
120 47 1.738580
120 41 1.758021
120 3 1.823255
120 23 1.831342
120 50 1.863022
120 9 1.949707
120 27 1.969809
120 28 2.006105
120 7 2.121769
120 40 2.063233
120 42 2.160251
120 48 2.144665
120 24 2.205983
120 46 2.186465
120 49 2.178384
120 6 2.266321
120 36 2.245941
120 38 2.244491
120 26 2.455131
120 15 2.477582
120 17 2.474695
120 37 2.465306
120 21 2.569830
120 5 2.655428
120 35 2.738825
120 25 2.988722
