21 0 0.149170
21 1 0.157715
21 5 0.179079
21 3 0.191001
21 2 0.197690
21 8 0.186037
21 6 0.196134
21 7 0.208460
21 9 0.213460
21 10 0.211080
21 12 0.212774
21 11 0.218110
21 4 0.240883
21 13 0.230608
21 14 0.275591
21 19 0.281195
21 44 0.230832
21 16 0.287320
21 32 0.288796
21 15 0.324647
21 34 0.288118
21 50 0.252041
21 37 0.281036
21 36 0.284734
21 30 0.300028
21 28 0.312545
21 22 0.321666
21 24 0.321450
21 26 0.318202
21 40 0.292568
21 46 0.280240
21 47 0.280235
21 42 0.293731
21 27 0.322781
21 21 0.342862
21 20 0.344521
21 18 0.349466
21 29 0.327905
21 33 0.323140
21 41 0.304821
21 48 0.284520
21 31 0.328465
21 25 0.336758
21 35 0.320968
21 39 0.314671
21 38 0.316897
21 45 0.303462
21 17 0.371679
21 23 0.359153
21 43 0.326032
21 49 0.313383
22 0 0.113505
22 5 0.181754
22 4 0.188470
22 3 0.202870
22 2 0.223653
22 6 0.223768
22 1 0.245672
22 8 0.253828
22 7 0.292791
22 28 0.272733
22 10 0.295572
22 30 0.270366
22 14 0.296815
22 32 0.274764
22 12 0.306104
22 20 0.305512
22 26 0.297902
22 13 0.314203
22 23 0.303424
22 16 0.313075
22 34 0.289723
22 36 0.287141
22 25 0.303940
22 21 0.311136
22 19 0.314453
22 29 0.300224
22 11 0.323787
22 24 0.309135
22 18 0.318117
22 9 0.327595
22 45 0.281372
22 22 0.314607
22 33 0.301044
22 27 0.310815
22 15 0.326287
22 44 0.286686
22 46 0.285428
22 38 0.297241
22 40 0.295564
22 35 0.302851
22 49 0.283609
22 42 0.295108
22 31 0.310110
22 41 0.296982
22 17 0.330337
22 39 0.304767
22 48 0.295531
22 50 0.295352
22 47 0.302665
22 37 0.317302
22 43 0.309205
23 6 0.163071
23 0 0.178790
23 5 0.174713
23 4 0.197570
23 2 0.209154
23 3 0.232777
23 8 0.229315
23 1 0.244434
23 9 0.264475
23 14 0.266474
23 10 0.272489
23 12 0.271634
23 11 0.275372
23 13 0.275156
23 32 0.257539
23 33 0.256166
23 29 0.262379
23 15 0.288535
23 7 0.296949
23 19 0.286376
23 23 0.282182
23 21 0.287132
23 22 0.286214
23 16 0.293263
23 35 0.269336
23 31 0.276268
23 28 0.282069
23 30 0.281843
23 26 0.286841
23 44 0.262120
23 50 0.254013
23 20 0.296854
23 18 0.299959
23 25 0.293389
23 24 0.296487
23 42 0.272471
23 47 0.264483
23 17 0.308601
23 36 0.284320
23 27 0.297320
23 38 0.284131
23 43 0.277852
23 46 0.273861
23 34 0.293810
23 39 0.289236
23 37 0.294193
23 48 0.277476
23 40 0.291120
23 41 0.291335
23 49 0.281053
23 45 0.289409
24 0 0.157568
24 5 0.197928
24 1 0.202989
24 4 0.214418
24 2 0.267960
24 6 0.267531
24 9 0.277202
24 14 0.294627
24 20 0.292612
24 8 0.315045
24 44 0.275685
24 17 0.312751
24 33 0.293916
24 37 0.289381
24 11 0.323618
24 34 0.301623
24 12 0.327587
24 26 0.314718
24 46 0.288995
24 25 0.317556
24 10 0.335237
24 38 0.303539
24 29 0.315860
24 28 0.317216
24 41 0.303489
24 18 0.334212
24 39 0.307828
24 31 0.318316
24 30 0.319612
24 32 0.319231
24 7 0.349094
24 16 0.341308
24 23 0.338838
24 42 0.313950
24 48 0.308993
24 27 0.335439
24 15 0.352651
24 13 0.355125
24 3 0.365521
24 36 0.328640
24 24 0.345032
24 22 0.350462
24 43 0.323719
24 21 0.352016
24 35 0.340889
24 40 0.334990
24 45 0.328562
24 19 0.363642
24 49 0.327380
24 50 0.351207
24 47 0.360330
25 7 0.256894
25 2 0.328493
25 13 0.315278
25 12 0.316978
25 21 0.296953
25 1 0.330751
25 18 0.305602
25 0 0.341124
25 23 0.309883
25 20 0.356559
25 8 0.382495
25 10 0.380859
25 19 0.360473
25 5 0.405506
25 4 0.427676
25 22 0.402098
25 11 0.426937
25 24 0.303036
25 6 0.434503
25 3 0.438928
25 16 0.418006
25 15 0.439596
25 26 0.329243
25 14 0.462356
25 28 0.221677
25 17 0.476670
25 9 0.509683
25 30 0.149004
25 27 0.268192
25 25 0.397013
25 33 0.196388
25 29 0.288304
25 35 0.243733
25 32 0.259979
25 34 0.317985
25 41 0.275935
25 36 0.397085
25 46 0.335651
25 37 0.436316
25 49 0.348849
25 31 0.493130
25 43 0.407572
25 42 0.441718
25 47 0.434322
25 39 0.487240
25 50 0.493278
25 38 0.590797
25 48 0.502799
25 44 0.562545
25 45 0.577875
25 40 0.704860
26 1 0.140449
26 3 0.161593
26 0 0.176284
26 6 0.192365
26 2 0.204853
26 4 0.208864
26 8 0.211825
26 5 0.219744
26 9 0.241969
26 11 0.248485
26 13 0.264774
26 19 0.281584
26 7 0.332114
26 46 0.265690
26 20 0.309003
26 33 0.290663
26 15 0.330589
26 48 0.272500
26 39 0.302373
26 23 0.330097
26 17 0.349615
26 47 0.295694
26 21 0.338437
26 18 0.350369
26 50 0.293034
26 27 0.339148
26 10 0.375930
26 38 0.327225
26 37 0.328334
26 25 0.344169
26 41 0.320278
26 31 0.342539
26 30 0.344319
26 14 0.377884
26 26 0.352142
26 12 0.383864
26 42 0.329935
26 49 0.313952
26 22 0.364288
26 29 0.357087
26 28 0.358336
26 24 0.368447
26 44 0.335622
26 34 0.361099
26 43 0.345525
26 35 0.365338
26 32 0.374837
26 45 0.356543
26 40 0.364631
26 36 0.377432
26 16 0.417257
27 0 0.166091
27 4 0.173581
27 3 0.197208
27 6 0.200489
27 1 0.211367
27 2 0.215260
27 9 0.257186
27 10 0.259722
27 16 0.294376
27 47 0.274226
27 5 0.327673
27 33 0.297713
27 38 0.292931
27 25 0.310027
27 12 0.324740
27 23 0.314194
27 27 0.312617
27 11 0.330889
27 24 0.316965
27 42 0.294929
27 7 0.339215
27 17 0.332567
27 34 0.312526
27 19 0.331417
27 15 0.337486
27 28 0.322529
27 26 0.325977
27 50 0.291925
27 8 0.347940
27 46 0.300414
27 22 0.334207
27 13 0.344794
27 32 0.322599
27 14 0.345328
27 21 0.339590
27 31 0.331583
27 29 0.334870
27 39 0.323216
27 44 0.315023
27 30 0.337378
27 37 0.328900
27 43 0.320789
27 48 0.315097
27 36 0.337312
27 35 0.341586
27 40 0.336322
27 18 0.365617
27 45 0.328589
27 20 0.365285
27 49 0.332875
27 41 0.345614
28 0 0.180755
28 1 0.184442
28 4 0.202828
28 2 0.209106
28 3 0.208822
28 8 0.211973
28 6 0.258233
28 14 0.282938
28 5 0.300052
28 12 0.307426
28 11 0.318127
28 30 0.298262
28 28 0.301422
28 40 0.286307
28 18 0.316426
28 41 0.287754
28 13 0.327103
28 10 0.330885
28 17 0.324582
28 35 0.302227
28 43 0.290802
28 19 0.324126
28 20 0.324294
28 33 0.308668
28 26 0.322965
28 27 0.322895
28 36 0.313213
28 23 0.332495
28 32 0.320281
28 16 0.342653
28 31 0.323563
28 21 0.338020
28 29 0.328388
28 25 0.337162
28 49 0.307293
28 15 0.354603
28 44 0.319011
28 22 0.349468
28 34 0.333590
28 7 0.366655
28 38 0.329469
28 39 0.328918
28 9 0.370702
28 24 0.356365
28 45 0.332831
28 42 0.341516
28 37 0.348400
28 50 0.331572
28 46 0.338210
28 47 0.345816
28 48 0.350106
29 0 0.143485
29 1 0.185254
29 4 0.181101
29 2 0.186754
29 9 0.180838
29 10 0.183755
29 3 0.202895
29 8 0.213103
29 11 0.236571
29 12 0.251158
29 7 0.259251
29 13 0.258020
29 6 0.283508
29 5 0.286766
29 14 0.310200
29 29 0.302191
29 23 0.325903
29 40 0.294457
29 22 0.343539
29 34 0.320963
29 24 0.346014
29 21 0.358170
29 19 0.362258
29 44 0.307985
29 43 0.315809
29 15 0.376475
29 48 0.289523
29 20 0.373051
29 32 0.340552
29 28 0.352571
29 27 0.354130
29 30 0.345033
29 38 0.334582
29 33 0.342511
29 41 0.329851
29 17 0.383742
29 45 0.322453
29 47 0.303445
29 36 0.348326
29 31 0.357049
29 18 0.392359
29 42 0.340225
29 26 0.372109
29 46 0.340882
29 50 0.317578
29 16 0.409570
29 37 0.366924
29 25 0.393621
29 49 0.326697
29 35 0.374215
29 39 0.365864
30 0 0.178083
30 4 0.185206
30 3 0.194236
30 1 0.221562
30 2 0.225803
30 9 0.228694
30 5 0.236450
30 8 0.271009
30 14 0.285102
30 11 0.290398
30 13 0.297194
30 30 0.280321
30 19 0.294255
30 21 0.292202
30 7 0.307192
30 6 0.315878
30 26 0.302826
30 10 0.321339
30 15 0.317399
30 27 0.303591
30 12 0.321716
30 17 0.319659
30 32 0.305611
30 23 0.323249
30 31 0.313023
30 33 0.311418
30 42 0.298004
30 22 0.327147
30 47 0.295713
30 25 0.327781
30 35 0.314555
30 24 0.330728
30 44 0.302279
30 46 0.300212
30 28 0.328686
30 40 0.311328
30 50 0.297241
30 37 0.317539
30 20 0.342321
30 43 0.313052
30 29 0.337235
30 38 0.323944
30 39 0.326314
30 18 0.355252
30 34 0.335869
30 41 0.326862
30 45 0.321831
30 36 0.338457
30 48 0.325498
30 49 0.324583
30 16 0.372933
31 6 0.193880
31 0 0.249753
31 5 0.332844
31 20 0.322111
31 19 0.327445
31 4 0.342462
31 3 0.343864
31 12 0.338752
31 1 0.350818
31 21 0.333885
31 13 0.342154
31 17 0.339868
31 8 0.349527
31 22 0.339395
31 14 0.351043
31 9 0.356449
31 24 0.345054
31 10 0.360524
31 26 0.344860
31 11 0.362057
31 31 0.342389
31 25 0.350212
31 27 0.347974
31 28 0.348338
31 23 0.357162
31 29 0.350499
31 33 0.347982
31 2 0.383639
31 7 0.387646
31 18 0.387953
31 30 0.376042
31 16 0.400620
31 15 0.402106
31 35 0.395271
31 32 0.462290
31 34 0.489225
31 38 0.496919
31 44 0.523059
31 40 0.538983
31 42 0.578241
31 46 0.584546
31 49 0.588492
31 47 0.609550
31 37 0.623947
31 41 0.638871
31 50 0.636009
31 45 0.670571
31 43 0.692118
31 48 0.704465
31 36 0.739029
31 39 0.735944
32 4 0.171986
32 3 0.179080
32 1 0.183578
32 0 0.184744
32 8 0.213684
32 5 0.238078
32 2 0.261230
32 9 0.303862
32 10 0.313657
32 12 0.328947
32 11 0.337916
32 14 0.353119
32 30 0.338717
32 32 0.342465
32 22 0.361200
32 16 0.372469
32 21 0.374045
32 24 0.368955
32 6 0.403436
32 28 0.362343
32 13 0.390897
32 39 0.350825
32 7 0.411343
32 44 0.346188
32 33 0.366238
32 17 0.392424
32 29 0.373910
32 37 0.364224
32 45 0.352979
32 42 0.359825
32 31 0.376273
32 27 0.386215
32 35 0.387284
32 43 0.373201
32 20 0.413217
32 36 0.393492
32 18 0.424098
32 49 0.375546
32 50 0.372524
32 34 0.402055
32 40 0.394757
32 46 0.393170
32 47 0.390868
32 19 0.440020
32 25 0.432048
32 26 0.438008
32 41 0.416130
32 15 0.458592
32 38 0.421630
32 23 0.454770
32 48 0.415107
33 0 0.236900
33 4 0.245254
33 2 0.269432
33 14 0.301745
33 3 0.320598
33 12 0.312273
33 29 0.325949
33 28 0.327400
33 30 0.329607
33 6 0.357109
33 31 0.331548
33 13 0.355876
33 33 0.340843
33 8 0.371200
33 43 0.327892
33 16 0.365234
33 11 0.370569
33 22 0.357623
33 32 0.346271
33 44 0.332160
33 19 0.369578
33 36 0.350919
33 7 0.386553
33 15 0.378672
33 1 0.394374
33 18 0.376796
33 10 0.388809
33 24 0.374016
33 9 0.391188
33 27 0.370877
33 21 0.380451
33 17 0.400299
33 45 0.362346
33 5 0.414033
33 46 0.365077
33 42 0.390133
33 25 0.415071
33 41 0.392818
33 26 0.420175
33 20 0.427457
33 37 0.410581
33 47 0.396975
33 34 0.429582
33 39 0.425512
33 49 0.410817
33 40 0.424263
33 38 0.427296
33 50 0.412281
33 23 0.450623
33 35 0.444801
33 48 0.427599
34 1 0.201712
34 4 0.218839
34 3 0.234413
34 2 0.245546
34 11 0.258857
34 0 0.272341
34 9 0.271512
34 5 0.286647
34 10 0.287794
34 8 0.298055
34 14 0.297579
34 17 0.296342
34 12 0.303093
34 13 0.302286
34 15 0.308044
34 7 0.321711
34 19 0.313688
34 6 0.329274
34 16 0.320710
34 21 0.316087
34 18 0.323266
34 20 0.324794
34 22 0.322798
34 26 0.330273
34 25 0.334385
34 24 0.342156
34 23 0.346574
34 29 0.372536
34 28 0.395712
34 31 0.404167
34 27 0.443016
34 32 0.449013
34 30 0.470703
34 44 0.492141
34 47 0.498847
34 34 0.522657
34 38 0.538161
34 39 0.545192
34 49 0.536518
34 46 0.548887
34 40 0.567030
34 37 0.571008
34 42 0.587775
34 50 0.577327
34 43 0.586903
34 48 0.580796
34 33 0.602211
34 45 0.634335
34 36 0.672191
34 35 0.675656
34 41 0.681618
35 0 0.216171
35 3 0.233563
35 6 0.305425
35 9 0.333912
35 8 0.343476
35 14 0.338027
35 13 0.350250
35 1 0.367628
35 5 0.364485
35 4 0.368452
35 44 0.329866
35 28 0.394699
35 2 0.427171
35 29 0.397358
35 32 0.406025
35 30 0.408826
35 11 0.434038
35 41 0.393228
35 33 0.407584
35 19 0.426334
35 12 0.434438
35 43 0.393446
35 18 0.429506
35 20 0.430356
35 42 0.400136
35 10 0.444463
35 34 0.411325
35 21 0.432544
35 15 0.440418
35 31 0.421940
35 16 0.442522
35 48 0.397941
35 39 0.423169
35 17 0.462414
35 45 0.424877
35 50 0.417970
35 38 0.434910
35 23 0.463089
35 26 0.461600
35 47 0.435350
35 35 0.456340
35 49 0.442416
35 37 0.459636
35 40 0.455090
35 25 0.482825
35 7 0.506197
35 36 0.467605
35 46 0.456392
35 22 0.492261
35 24 0.490747
35 27 0.489258
36 0 0.168559
36 1 0.195698
36 2 0.216116
36 3 0.234275
36 8 0.289490
36 7 0.295138
36 13 0.303978
36 11 0.353525
36 21 0.344718
36 43 0.312103
36 15 0.360098
36 46 0.315874
36 41 0.322777
36 29 0.347698
36 14 0.371380
36 16 0.373216
36 18 0.374144
36 26 0.362113
36 9 0.385521
36 28 0.361455
36 38 0.356697
36 32 0.368183
36 44 0.356795
36 4 0.410759
36 12 0.402523
36 34 0.376778
36 6 0.417167
36 48 0.363909
36 10 0.419776
36 17 0.413384
36 19 0.412033
36 5 0.427244
36 37 0.386568
36 50 0.369754
36 30 0.407032
36 45 0.385217
36 42 0.389306
36 47 0.386032
36 31 0.417166
36 40 0.404814
36 25 0.426627
36 39 0.407741
36 33 0.416264
36 20 0.438125
36 49 0.395771
36 27 0.431139
36 24 0.435462
36 23 0.437523
36 35 0.438461
36 36 0.442192
36 22 0.472168
37 30 0.484013
37 28 0.490324
37 37 0.613952
37 47 0.603436
37 40 0.693288
37 45 0.688602
37 48 0.686322
37 11 0.726104
37 32 0.703823
37 14 0.723987
37 0 0.739911
37 6 0.756430
37 19 0.745443
37 34 0.704274
37 44 0.760664
37 3 0.808569
37 22 0.793257
37 7 0.840429
37 9 0.838551
37 33 0.821815
37 43 0.838936
37 39 0.850067
37 8 0.963709
37 12 0.982906
37 42 0.957907
37 25 0.988615
37 21 0.993010
37 31 0.993656
37 15 1.022256
37 36 1.008372
37 16 1.037984
37 35 1.026980
37 23 1.069487
37 27 1.068267
37 29 1.068049
37 26 1.074016
37 10 1.102493
37 2 1.115291
37 46 1.067902
37 4 1.115772
37 13 1.105226
37 20 1.131074
37 49 1.133998
37 41 1.157442
37 5 1.218657
37 17 1.301139
37 1 1.318912
37 50 1.289789
37 24 1.324255
37 38 1.337687
37 18 1.439909
38 0 0.272220
38 4 0.288234
38 3 0.301720
38 5 0.303030
38 2 0.310175
38 9 0.303404
38 10 0.333232
38 8 0.347913
38 1 0.358930
38 15 0.351058
38 44 0.310345
38 14 0.381758
38 6 0.425029
38 13 0.424818
38 33 0.389858
38 30 0.400650
38 40 0.386541
38 16 0.435059
38 12 0.444038
38 32 0.424656
38 28 0.429840
38 43 0.406839
38 23 0.447813
38 21 0.453415
38 27 0.440321
38 29 0.443278
38 31 0.441720
38 11 0.481312
38 35 0.439171
38 7 0.492174
38 45 0.425424
38 34 0.450079
38 22 0.476743
38 42 0.446977
38 20 0.491720
38 18 0.500806
38 26 0.484441
38 39 0.463683
38 24 0.497230
38 48 0.463821
38 25 0.508490
38 17 0.529857
38 50 0.473266
38 46 0.482265
38 38 0.498137
38 36 0.502229
38 41 0.496512
38 47 0.484717
38 37 0.509400
38 19 0.547699
38 49 0.509538
39 0 0.244065
39 3 0.253951
39 1 0.299075
39 11 0.293560
39 20 0.300760
39 10 0.314227
39 33 0.286987
39 8 0.326915
39 31 0.305343
39 9 0.337428
39 19 0.339605
39 21 0.336982
39 32 0.322920
39 39 0.312882
39 4 0.363776
39 6 0.364980
39 12 0.359989
39 44 0.319943
39 17 0.361224
39 28 0.348356
39 14 0.369317
39 13 0.379042
39 7 0.386358
39 18 0.374750
39 2 0.399907
39 30 0.366965
39 29 0.369779
39 16 0.394955
39 5 0.408224
39 27 0.381046
39 48 0.354223
39 41 0.372324
39 24 0.402259
39 49 0.368692
39 46 0.373115
39 36 0.390183
39 26 0.405395
39 15 0.421984
39 50 0.380839
39 37 0.400005
39 40 0.399592
39 23 0.425306
39 45 0.397399
39 34 0.421472
39 43 0.413096
39 42 0.416676
39 25 0.441174
39 22 0.446503
39 35 0.445325
39 38 0.440810
39 47 0.440834
40 0 0.217826
40 4 0.228128
40 1 0.245784
40 10 0.241791
40 3 0.253076
40 8 0.255777
40 5 0.280647
40 6 0.309976
40 9 0.323152
40 2 0.332610
40 44 0.284572
40 30 0.308845
40 21 0.323048
40 18 0.334970
40 13 0.340499
40 32 0.318375
40 16 0.340906
40 43 0.346133
40 19 0.381307
40 22 0.377724
40 24 0.374998
40 23 0.391631
40 25 0.389517
40 26 0.388734
40 33 0.378451
40 12 0.404861
40 11 0.406071
40 20 0.406868
40 17 0.411081
40 48 0.368930
40 50 0.367495
40 28 0.408151
40 14 0.425490
40 35 0.399334
40 31 0.405460
40 34 0.402995
40 7 0.436006
40 29 0.411016
40 39 0.413450
40 15 0.455058
40 37 0.429244
40 38 0.432178
40 46 0.423869
40 40 0.434486
40 42 0.434246
40 36 0.451021
40 47 0.435966
40 49 0.436777
40 45 0.442535
40 41 0.449346
40 27 0.514626
41 0 0.223572
41 4 0.268556
41 5 0.303073
41 1 0.311629
41 6 0.329664
41 3 0.342975
41 10 0.372811
41 11 0.431529
41 2 0.508718
41 12 0.522982
41 29 0.503779
41 8 0.535101
41 13 0.568641
41 18 0.585866
41 15 0.592148
41 20 0.722257
41 27 0.712100
41 14 0.728875
41 21 0.722298
41 19 0.756903
41 23 0.751032
41 34 0.732752
41 7 0.769938
41 33 0.734590
41 22 0.754719
41 35 0.736135
41 31 0.742296
41 45 0.723778
41 39 0.731398
41 16 0.767098
41 26 0.754566
41 30 0.750616
41 17 0.776492
41 9 0.784920
41 36 0.753615
41 37 0.760302
41 28 0.777393
41 44 0.753822
41 47 0.750832
41 40 0.764109
41 38 0.794379
41 42 0.793396
41 50 0.782929
41 25 0.835474
41 32 0.824952
41 48 0.805092
41 41 0.813939
41 46 0.817288
41 49 0.865469
41 43 0.893516
41 24 0.975810
42 0 0.233049
42 8 0.239559
42 9 0.248206
42 1 0.272009
42 2 0.297889
42 4 0.334405
42 34 0.322898
42 29 0.340755
42 44 0.325140
42 32 0.341319
42 6 0.392775
42 20 0.375497
42 10 0.397631
42 12 0.402590
42 3 0.414594
42 7 0.412814
42 14 0.406565
42 30 0.379348
42 21 0.405254
42 33 0.383493
42 16 0.427318
42 48 0.376243
42 13 0.447712
42 46 0.392534
42 26 0.420342
42 43 0.406401
42 15 0.458936
42 31 0.423953
42 42 0.410165
42 41 0.411732
42 24 0.443866
42 39 0.420681
42 11 0.471573
42 47 0.415376
42 22 0.454886
42 18 0.467952
42 40 0.431313
42 28 0.450329
42 17 0.481360
42 50 0.423254
42 23 0.464413
42 36 0.443138
42 5 0.504175
42 38 0.448797
42 37 0.450490
42 27 0.473653
42 45 0.457682
42 19 0.508270
42 35 0.480624
42 25 0.502644
42 49 0.467155
43 5 0.265387
43 10 0.283623
43 13 0.294971
43 3 0.309364
43 28 0.289559
43 1 0.330441
43 12 0.324470
43 0 0.339661
43 29 0.314494
43 8 0.340196
43 31 0.325065
43 32 0.326641
43 9 0.365387
43 30 0.364670
43 11 0.392708
43 33 0.370576
43 14 0.413153
43 6 0.424392
43 50 0.371599
43 7 0.437550
43 42 0.392328
43 16 0.437294
43 48 0.392381
43 44 0.398131
43 2 0.459642
43 43 0.409785
43 21 0.455171
43 36 0.436058
43 23 0.460897
43 47 0.428542
43 37 0.444900
43 39 0.448985
43 17 0.481552
43 41 0.449305
43 22 0.478910
43 46 0.445270
43 24 0.477931
43 38 0.462639
43 49 0.447519
43 15 0.500299
43 19 0.500043
43 26 0.490413
43 34 0.478578
43 35 0.482454
43 4 0.522382
43 18 0.514329
43 40 0.498897
43 27 0.522630
43 25 0.527568
43 45 0.521347
43 20 0.567833
44 0 0.314551
44 11 0.352383
44 29 0.329357
44 14 0.350672
44 44 0.309383
44 3 0.362091
44 12 0.353705
44 13 0.353095
44 32 0.345407
44 2 0.389842
44 1 0.392324
44 10 0.389793
44 8 0.392642
44 5 0.432258
44 7 0.432142
44 4 0.434863
44 6 0.433364
44 9 0.431445
44 30 0.422881
44 40 0.423219
44 31 0.461473
44 36 0.481034
44 16 0.509254
44 33 0.499764
44 37 0.497188
44 20 0.534992
44 28 0.532849
44 42 0.527917
44 19 0.583311
44 18 0.591152
44 27 0.585167
44 46 0.566165
44 22 0.600872
44 15 0.610118
44 35 0.598330
44 38 0.594248
44 21 0.620277
44 47 0.589148
44 39 0.614500
44 25 0.635020
44 41 0.613458
44 17 0.655115
44 23 0.662948
44 48 0.627867
44 50 0.629914
44 45 0.645171
44 43 0.650348
44 26 0.688542
44 24 0.691928
44 49 0.697264
44 34 0.740419
45 1 0.494140
45 11 0.480724
45 9 0.488736
45 12 0.487786
45 4 0.510515
45 8 0.515474
45 6 0.525233
45 44 0.448911
45 3 0.535241
45 13 0.517560
45 5 0.534256
45 10 0.537873
45 32 0.502039
45 2 0.564878
45 14 0.553019
45 28 0.530813
45 0 0.579402
45 31 0.536233
45 30 0.541305
45 16 0.586169
45 26 0.573393
45 20 0.589960
45 48 0.536549
45 45 0.542389
45 33 0.577467
45 29 0.589302
45 24 0.602996
45 46 0.560953
45 27 0.610721
45 37 0.599140
45 50 0.583271
45 7 0.675084
45 18 0.668644
45 47 0.623961
45 42 0.639514
45 35 0.665789
45 19 0.699317
45 38 0.667898
45 21 0.701040
45 49 0.648027
45 17 0.719023
45 22 0.718053
45 23 0.718475
45 40 0.684058
45 34 0.703403
45 15 0.741387
45 41 0.688890
45 39 0.699799
45 43 0.696601
45 25 0.744416
45 36 0.742983
46 2 0.401122
46 10 0.394163
46 8 0.396800
46 0 0.404014
46 13 0.392938
46 9 0.397349
46 33 0.372068
46 12 0.429668
46 44 0.387371
46 11 0.447184
46 1 0.459385
46 4 0.457393
46 5 0.458062
46 28 0.438465
46 29 0.437144
46 31 0.438725
46 3 0.480424
46 30 0.458944
46 7 0.485958
46 49 0.465458
46 32 0.498913
46 20 0.523492
46 14 0.531276
46 47 0.505826
46 35 0.529460
46 6 0.566908
46 21 0.558507
46 19 0.582287
46 17 0.590229
46 45 0.554930
46 41 0.561561
46 18 0.596202
46 43 0.561606
46 36 0.577375
46 48 0.560610
46 38 0.576737
46 22 0.599059
46 34 0.586298
46 25 0.605022
46 50 0.574406
46 24 0.619082
46 39 0.602370
46 26 0.620970
46 23 0.655665
46 42 0.634434
46 46 0.631407
46 16 0.697425
46 37 0.678083
46 27 0.695460
46 40 0.678390
46 15 0.729955
47 13 0.305265
47 9 0.310127
47 4 0.317768
47 11 0.310997
47 12 0.332462
47 10 0.345423
47 1 0.437761
47 29 0.399882
47 2 0.469699
47 5 0.469544
47 20 0.457574
47 14 0.475191
47 19 0.474852
47 33 0.425963
47 48 0.379842
47 44 0.402034
47 32 0.466399
47 6 0.513751
47 31 0.513279
47 28 0.518443
47 24 0.535592
47 8 0.560928
47 30 0.523691
47 46 0.462676
47 7 0.581554
47 3 0.588000
47 25 0.552301
47 17 0.571828
47 22 0.569171
47 45 0.485860
47 0 0.618610
47 41 0.521711
47 27 0.598181
47 21 0.626418
47 15 0.636420
47 26 0.617166
47 36 0.599035
47 38 0.586685
47 49 0.560896
47 42 0.585834
47 16 0.675518
47 34 0.619725
47 35 0.616720
47 43 0.594797
47 23 0.679111
47 37 0.615960
47 40 0.611703
47 47 0.595354
47 39 0.622881
47 18 0.721264
47 50 0.633138
48 8 0.329068
48 12 0.328800
48 7 0.337849
48 11 0.344220
48 13 0.360520
48 14 0.366350
48 0 0.384481
48 3 0.388411
48 5 0.404418
48 32 0.397238
48 10 0.425378
48 29 0.408350
48 28 0.422351
48 20 0.457153
48 2 0.477349
48 44 0.429237
48 31 0.480509
48 30 0.482347
48 18 0.505075
48 45 0.477287
48 9 0.540475
48 1 0.552692
48 33 0.524176
48 27 0.533292
48 6 0.556081
48 35 0.525452
48 4 0.565992
48 40 0.523242
48 47 0.526642
48 46 0.557014
48 21 0.596468
48 15 0.610064
48 24 0.614168
48 43 0.593753
48 36 0.604102
48 25 0.628872
48 17 0.644555
48 26 0.637420
48 42 0.617298
48 37 0.629487
48 22 0.653457
48 48 0.621976
48 23 0.657800
48 34 0.649867
48 38 0.643480
48 41 0.643026
48 39 0.648698
48 16 0.691596
48 50 0.659497
48 19 0.709783
48 49 0.676975
49 10 0.290265
49 1 0.374934
49 44 0.322325
49 0 0.435091
49 8 0.427763
49 5 0.431068
49 28 0.402573
49 3 0.437157
49 4 0.438102
49 30 0.409007
49 11 0.456036
49 29 0.435804
49 12 0.471257
49 32 0.444383
49 2 0.485448
49 7 0.499920
49 14 0.497328
49 33 0.478169
49 31 0.495055
49 40 0.505312
49 13 0.554525
49 47 0.520794
49 43 0.533751
49 25 0.566664
49 18 0.591954
49 9 0.612426
49 41 0.581647
49 24 0.617855
49 49 0.583962
49 36 0.613224
49 15 0.645023
49 38 0.619331
49 35 0.628355
49 37 0.637782
49 50 0.627926
49 45 0.642255
49 16 0.688277
49 20 0.696469
49 46 0.660758
49 42 0.670084
49 22 0.703842
49 48 0.668845
49 6 0.735217
49 17 0.734559
49 39 0.707551
49 23 0.738035
49 19 0.744062
49 26 0.739458
49 34 0.731019
49 27 0.743198
49 21 0.766522
50 9 0.261690
50 10 0.274772
50 8 0.293081
50 3 0.406809
50 12 0.397932
50 44 0.339196
50 11 0.413127
50 1 0.432443
50 7 0.441639
50 4 0.458842
50 30 0.432696
50 0 0.488525
50 15 0.473090
50 6 0.491692
50 5 0.500694
50 28 0.515413
50 29 0.522558
50 2 0.572857
50 13 0.567363
50 32 0.531216
50 36 0.521395
50 31 0.546589
50 45 0.527011
50 33 0.578939
50 14 0.619159
50 46 0.565903
50 27 0.628762
50 20 0.669066
50 19 0.675174
50 21 0.671029
50 22 0.685938
50 16 0.708942
50 25 0.688527
50 40 0.666227
50 26 0.694268
50 37 0.674512
50 23 0.708055
50 41 0.675700
50 49 0.664409
50 17 0.737676
50 34 0.702882
50 47 0.692934
50 43 0.704250
50 48 0.693915
50 38 0.726849
50 42 0.729203
50 24 0.769684
50 35 0.744820
50 18 0.792353
50 39 0.775106
50 50 0.754287
51 9 0.307466
51 12 0.332969
51 11 0.341324
51 10 0.347093
51 5 0.374947
51 3 0.412347
51 13 0.409246
51 29 0.396058
51 32 0.409707
51 1 0.453614
51 30 0.423963
51 14 0.460568
51 8 0.476746
51 2 0.489536
51 7 0.517713
51 44 0.483791
51 28 0.509717
51 4 0.544481
51 31 0.516131
51 0 0.558521
51 19 0.578904
51 33 0.608148
51 21 0.623756
51 25 0.618998
51 42 0.602267
51 36 0.611180
51 26 0.626282
51 34 0.620708
51 16 0.642784
51 6 0.652770
51 15 0.656825
51 17 0.656587
51 50 0.636396
51 18 0.690160
51 48 0.657808
51 45 0.686143
51 46 0.686689
51 37 0.710543
51 43 0.714349
51 35 0.725132
51 20 0.749868
51 24 0.758189
51 38 0.751333
51 49 0.736574
51 23 0.794382
51 41 0.772156
51 47 0.797257
51 22 0.850291
51 40 0.832769
51 27 0.864973
51 39 0.857019
52 0 0.260733
52 4 0.335697
52 14 0.348447
52 32 0.339905
52 44 0.322079
52 6 0.376757
52 8 0.389192
52 10 0.424133
52 30 0.410721
52 5 0.445790
52 29 0.418602
52 3 0.448944
52 7 0.446105
52 2 0.457168
52 28 0.435303
52 9 0.458108
52 1 0.479395
52 12 0.469319
52 27 0.453510
52 13 0.471155
52 33 0.446115
52 31 0.461532
52 22 0.482318
52 11 0.507661
52 24 0.512395
52 42 0.484910
52 40 0.501487
52 47 0.493182
52 45 0.508844
52 50 0.533036
52 26 0.581659
52 25 0.598441
52 17 0.609469
52 38 0.585385
52 19 0.627402
52 18 0.628787
52 35 0.605270
52 15 0.639536
52 16 0.642637
52 49 0.598563
52 46 0.605481
52 43 0.621631
52 36 0.643023
52 34 0.647243
52 23 0.664390
52 37 0.652497
52 41 0.650532
52 20 0.687800
52 39 0.659688
52 21 0.688168
52 48 0.660806
53 8 0.294409
53 14 0.332757
53 28 0.319052
53 13 0.351321
53 11 0.384104
53 9 0.389675
53 30 0.365803
53 3 0.400358
53 0 0.405758
53 4 0.529277
53 33 0.500782
53 10 0.534844
53 7 0.540366
53 1 0.550860
53 12 0.540719
53 5 0.564864
53 31 0.534554
53 29 0.551131
53 44 0.530058
53 27 0.559166
53 25 0.575397
53 22 0.583139
53 32 0.569452
53 26 0.579702
53 20 0.589234
53 21 0.588372
53 41 0.578349
53 15 0.656639
53 34 0.638378
53 49 0.626437
53 46 0.643382
53 23 0.683769
53 2 0.713518
53 17 0.700615
53 37 0.681428
53 19 0.711084
53 36 0.698106
53 18 0.732098
53 6 0.745768
53 24 0.733414
53 35 0.719874
53 50 0.699037
53 42 0.716177
53 40 0.721173
53 38 0.732878
53 45 0.734391
53 48 0.750995
53 43 0.762085
53 47 0.762298
53 39 0.776288
53 16 0.824545
54 44 0.419816
54 31 0.436842
54 12 0.468067
54 8 0.474897
54 13 0.472190
54 14 0.474860
54 2 0.486050
54 9 0.480740
54 33 0.458976
54 28 0.468677
54 0 0.503270
54 3 0.530222
54 11 0.526244
54 15 0.522954
54 10 0.532365
54 29 0.535797
54 30 0.538171
54 32 0.549173
54 48 0.538340
54 1 0.594620
54 19 0.582697
54 20 0.581652
54 5 0.604653
54 27 0.586915
54 7 0.634623
54 24 0.620129
54 37 0.606313
54 21 0.624331
54 16 0.640531
54 18 0.644829
54 46 0.619525
54 41 0.639300
54 17 0.714096
54 38 0.706745
54 39 0.714006
54 50 0.700560
54 34 0.724746
54 40 0.760621
54 4 0.801215
54 45 0.758597
54 35 0.772787
54 6 0.804581
54 36 0.776551
54 25 0.804095
54 42 0.801889
54 26 0.860944
54 43 0.842102
54 23 0.872267
54 47 0.853683
54 49 0.855136
54 22 0.925995
55 8 0.380506
55 13 0.376163
55 11 0.404150
55 2 0.430058
55 1 0.456204
55 32 0.397716
55 12 0.448768
55 30 0.410162
55 33 0.448384
55 9 0.505484
55 17 0.497651
55 14 0.507438
55 0 0.523347
55 6 0.519693
55 10 0.525495
55 4 0.538579
55 3 0.545702
55 5 0.555793
55 44 0.482913
55 43 0.486955
55 18 0.567374
55 28 0.541503
55 31 0.541558
55 29 0.549864
55 38 0.559949
55 19 0.643210
55 34 0.603569
55 25 0.627295
55 47 0.603987
55 36 0.627126
55 40 0.627156
55 23 0.667477
55 24 0.680619
55 16 0.711198
55 35 0.666519
55 15 0.735757
55 7 0.747640
55 20 0.734807
55 22 0.735293
55 26 0.729647
55 42 0.697814
55 45 0.699993
55 27 0.741086
55 37 0.725170
55 49 0.714106
55 50 0.715027
55 41 0.736353
55 39 0.745524
55 46 0.742426
55 21 0.797484
55 48 0.786087
56 20 0.302170
56 9 0.317756
56 10 0.325811
56 3 0.333056
56 8 0.329185
56 5 0.334307
56 11 0.353464
56 29 0.334179
56 13 0.370076
56 24 0.414364
56 44 0.399801
56 14 0.439514
56 2 0.461028
56 26 0.441995
56 0 0.471463
56 33 0.443425
56 32 0.447676
56 30 0.459220
56 6 0.499843
56 28 0.475139
56 7 0.508962
56 31 0.493028
56 22 0.521631
56 4 0.558036
56 17 0.547351
56 27 0.536553
56 23 0.547097
56 21 0.550531
56 12 0.560401
56 19 0.556520
56 1 0.573972
56 41 0.541351
56 15 0.576175
56 25 0.578832
56 50 0.551286
56 37 0.577954
56 43 0.597229
56 34 0.628461
56 38 0.630181
56 35 0.657510
56 46 0.644769
56 49 0.657435
56 42 0.677126
56 40 0.680612
56 47 0.673840
56 16 0.726550
56 18 0.734830
56 39 0.725421
56 45 0.727000
56 48 0.765470
56 36 0.798131
57 9 0.349826
57 29 0.370165
57 10 0.426137
57 3 0.436710
57 13 0.428007
57 11 0.443768
57 44 0.415374
57 31 0.447265
57 1 0.516798
57 30 0.503995
57 2 0.538588
57 5 0.547436
57 28 0.533534
57 15 0.585305
57 7 0.604752
57 14 0.605644
57 43 0.613422
57 27 0.638015
57 33 0.630991
57 16 0.657081
57 8 0.674977
57 26 0.664643
57 6 0.693248
57 12 0.689510
57 19 0.683100
57 18 0.688708
57 32 0.692256
57 39 0.730191
57 17 0.769588
57 25 0.762941
57 22 0.769453
57 37 0.754284
57 34 0.762019
57 47 0.744828
57 21 0.784468
57 42 0.755331
57 41 0.766429
57 0 0.829469
57 23 0.812014
57 45 0.783692
57 36 0.810491
57 48 0.795237
57 4 0.880003
57 40 0.918583
57 38 0.926317
57 24 0.953075
57 46 0.925588
57 50 0.928575
57 35 1.019201
57 49 1.047339
57 20 1.101578
58 11 0.382485
58 9 0.500170
58 2 0.507486
58 8 0.503342
58 10 0.502405
58 3 0.538780
58 0 0.608059
58 1 0.620429
58 32 0.575056
58 4 0.628513
58 30 0.585697
58 31 0.590956
58 12 0.629433
58 29 0.659264
58 14 0.698022
58 16 0.708443
58 7 0.722131
58 44 0.662027
58 33 0.688047
58 28 0.699566
58 13 0.731787
58 43 0.677212
58 15 0.735939
58 48 0.708409
58 5 0.785422
58 46 0.757290
58 36 0.791875
58 47 0.784615
58 25 0.821191
58 23 0.834163
58 37 0.812847
58 6 0.877990
58 21 0.860559
58 35 0.840441
58 18 0.880293
58 39 0.837057
58 40 0.858961
58 27 0.884804
58 17 0.935174
58 34 0.901845
58 19 0.951718
58 26 0.945054
58 22 0.959564
58 20 0.970959
58 45 0.926069
58 50 0.926148
58 24 0.970361
58 41 0.951309
58 49 0.947168
58 38 0.960986
58 42 0.966940
59 4 0.371337
59 11 0.384081
59 29 0.368472
59 28 0.376297
59 10 0.403842
59 8 0.411421
59 12 0.438422
59 31 0.446148
59 32 0.500225
59 3 0.532743
59 9 0.527487
59 13 0.534816
59 1 0.553762
59 33 0.537987
59 5 0.570817
59 17 0.560204
59 30 0.543775
59 14 0.592689
59 44 0.577877
59 16 0.620739
59 34 0.597145
59 0 0.655522
59 18 0.650275
59 7 0.675898
59 20 0.713207
59 2 0.731935
59 15 0.817972
59 38 0.798541
59 19 0.845202
59 36 0.831485
59 42 0.832411
59 41 0.841764
59 26 0.869789
59 43 0.852838
59 6 0.899110
59 24 0.887408
59 23 0.901061
59 47 0.864754
59 35 0.889857
59 40 0.899824
59 27 0.925448
59 21 0.940625
59 25 0.950843
59 48 1.037682
59 22 1.085254
59 37 1.071912
59 45 1.163212
59 39 1.192404
59 50 1.494079
59 49 1.783634
59 46 1.805047
60 8 0.391011
60 28 0.435390
60 11 0.491374
60 1 0.513633
60 13 0.542682
60 3 0.557823
60 44 0.516920
60 15 0.654216
60 2 0.676138
60 33 0.640819
60 7 0.685031
60 31 0.661105
60 0 0.696922
60 29 0.678113
60 9 0.708024
60 14 0.713871
60 30 0.701113
60 20 0.719939
60 4 0.738556
60 32 0.723923
60 39 0.729386
60 16 0.773820
60 10 0.784947
60 12 0.788959
60 34 0.770850
60 5 0.823539
60 36 0.785317
60 22 0.825875
60 43 0.801334
60 18 0.849894
60 23 0.846004
60 6 0.864704
60 35 0.825724
60 50 0.799613
60 45 0.829372
60 48 0.823138
60 25 0.891705
60 42 0.878139
60 40 0.893147
60 26 0.953939
60 19 0.966864
60 47 0.920951
60 17 0.987256
60 24 0.985125
60 21 0.992493
60 49 0.961835
60 37 0.991069
60 27 1.011837
60 41 1.037551
60 46 1.032145
60 38 1.066673
61 10 0.332682
61 13 0.363262
61 9 0.372363
61 11 0.376806
61 12 0.383235
61 8 0.387157
61 14 0.388209
61 0 0.546797
61 4 0.559430
61 31 0.607768
61 2 0.659955
61 3 0.664452
61 15 0.654601
61 30 0.795451
61 28 0.799082
61 6 0.822375
61 20 0.809773
61 16 0.814707
61 26 0.808540
61 24 0.839521
61 18 0.864312
61 5 0.887570
61 1 0.896154
61 32 0.864611
61 22 0.909838
61 44 0.883629
61 33 0.915761
61 21 0.982105
61 36 0.967395
61 29 0.993154
61 7 1.032473
61 19 1.045232
61 17 1.113851
61 25 1.108842
61 37 1.133427
61 38 1.139162
61 40 1.165913
61 47 1.169523
61 35 1.191542
61 34 1.317084
61 46 1.299624
61 42 1.316157
61 23 1.408106
61 45 1.411941
61 49 1.418253
61 27 1.545632
61 48 1.562699
61 41 1.632789
61 39 1.742486
61 43 1.828227
61 50 2.074355
62 5 0.282339
62 0 0.356312
62 28 0.407465
62 1 0.453166
62 13 0.463844
62 12 0.477045
62 9 0.483705
62 11 0.493554
62 3 0.516280
62 31 0.518169
62 8 0.591152
62 32 0.565089
62 29 0.569618
62 33 0.569343
62 4 0.632075
62 45 0.583659
62 44 0.588895
62 14 0.645398
62 7 0.688382
62 10 0.698045
62 41 0.662107
62 30 0.680507
62 2 0.720058
62 27 0.710086
62 16 0.733933
62 21 0.729367
62 18 0.735583
62 15 0.748852
62 19 0.744974
62 40 0.723158
62 26 0.744600
62 20 0.759236
62 24 0.768266
62 17 0.786988
62 36 0.764909
62 25 0.786619
62 43 0.760461
62 35 0.781002
62 6 0.827483
62 37 0.797071
62 34 0.816390
62 39 0.815293
62 49 0.800995
62 22 0.846025
62 23 0.858307
62 47 0.820564
62 48 0.822625
62 46 0.877122
62 38 0.889747
62 50 0.879864
62 42 0.916159
63 9 0.353780
63 33 0.356520
63 13 0.389582
63 32 0.373351
63 8 0.402391
63 10 0.442421
63 2 0.520099
63 5 0.526314
63 4 0.530046
63 30 0.515578
63 16 0.534889
63 14 0.547009
63 44 0.510922
63 29 0.537218
63 3 0.568413
63 7 0.576045
63 28 0.556160
63 6 0.589997
63 0 0.606861
63 12 0.602642
63 31 0.584682
63 11 0.624504
63 1 0.678971
63 25 0.657079
63 34 0.683664
63 40 0.682877
63 36 0.721431
63 23 0.755025
63 18 0.764879
63 45 0.742214
63 42 0.750349
63 35 0.764693
63 22 0.784807
63 43 0.759047
63 27 0.784933
63 26 0.794610
63 21 0.801645
63 15 0.811981
63 39 0.791990
63 24 0.812363
63 38 0.827905
63 50 0.815887
63 20 0.873803
63 47 0.844202
63 48 0.859263
63 17 0.915902
63 49 0.876316
63 46 0.887381
63 37 0.900814
63 19 0.939639
63 41 0.946392
64 10 0.346457
64 9 0.426802
64 11 0.423846
64 13 0.542008
64 12 0.549695
64 29 0.498142
64 31 0.481853
64 28 0.526223
64 44 0.553886
64 0 0.699039
64 3 0.698136
64 33 0.579288
64 1 0.702215
64 14 0.675779
64 26 0.673816
64 32 0.616535
64 6 0.731989
64 8 0.724970
64 5 0.736011
64 30 0.638685
64 2 0.753151
64 16 0.724336
64 25 0.704134
64 22 0.709227
64 15 0.733094
64 18 0.770726
64 17 0.780620
64 21 0.780740
64 4 0.841716
64 36 0.721147
64 47 0.800519
64 20 0.901393
64 49 0.809720
64 7 0.953678
64 27 0.905073
64 35 0.842936
64 40 0.842171
64 24 0.938751
64 37 0.881710
64 23 0.958887
64 45 0.897522
64 38 0.916150
64 43 0.916576
64 39 0.926834
64 42 0.922539
64 19 1.021439
64 41 0.940621
64 34 0.977721
64 50 0.955844
64 48 0.975437
64 46 1.029730
65 3 0.347320
65 31 0.447519
65 9 0.475087
65 30 0.450582
65 8 0.477430
65 5 0.480673
65 0 0.485743
65 11 0.476182
65 2 0.490585
65 1 0.517371
65 13 0.507356
65 23 0.496960
65 25 0.500193
65 10 0.549380
65 35 0.518304
65 27 0.538479
65 22 0.552744
65 28 0.553083
65 4 0.585498
65 12 0.583021
65 32 0.564144
65 14 0.608314
65 45 0.578085
65 29 0.616875
65 20 0.642798
65 43 0.616441
65 44 0.616085
65 33 0.634691
65 18 0.663295
65 16 0.688264
65 26 0.676811
65 34 0.679822
65 50 0.655913
65 39 0.682676
65 42 0.679146
65 47 0.679337
65 24 0.720202
65 7 0.740749
65 19 0.731216
65 38 0.717028
65 36 0.722064
65 48 0.709771
65 37 0.731322
65 15 0.767478
65 46 0.733106
65 49 0.739214
65 6 0.800796
65 21 0.801979
65 41 0.773457
65 17 0.812014
65 40 0.818887
66 9 0.316805
66 1 0.348234
66 11 0.357144
66 31 0.354179
66 8 0.390163
66 4 0.402616
66 32 0.384477
66 13 0.464456
66 20 0.462945
66 10 0.474032
66 14 0.485218
66 29 0.466065
66 0 0.511882
66 3 0.545196
66 44 0.504739
66 28 0.529081
66 19 0.543283
66 12 0.551163
66 5 0.565585
66 30 0.554019
66 18 0.572789
66 16 0.575564
66 7 0.584571
66 33 0.560008
66 2 0.651204
66 15 0.670141
66 25 0.663087
66 37 0.645875
66 22 0.676313
66 42 0.647283
66 35 0.670596
66 27 0.683103
66 21 0.700576
66 6 0.739564
66 40 0.707798
66 49 0.711652
66 41 0.725507
66 43 0.727289
66 36 0.744890
66 50 0.729244
66 45 0.750673
66 48 0.765941
66 39 0.798382
66 47 0.796089
66 23 0.837800
66 17 0.852157
66 24 0.847773
66 46 0.814647
66 26 0.861752
66 34 0.874544
66 38 0.882364
67 13 0.432636
67 32 0.434634
67 12 0.473753
67 29 0.468648
67 10 0.505306
67 8 0.550046
67 14 0.556452
67 28 0.544893
67 30 0.582275
67 4 0.662603
67 9 0.675767
67 0 0.690464
67 7 0.697263
67 2 0.708634
67 11 0.700423
67 44 0.656829
67 15 0.723702
67 31 0.702774
67 1 0.739042
67 33 0.718419
67 35 0.715242
67 49 0.694832
67 5 0.768051
67 3 0.776458
67 6 0.825376
67 19 0.822198
67 24 0.830509
67 47 0.812263
67 40 0.830813
67 42 0.847242
67 45 0.848091
67 17 0.911213
67 18 0.916378
67 23 0.919045
67 38 0.903945
67 25 0.928308
67 41 0.917434
67 20 0.959204
67 43 0.927638
67 39 0.933050
67 50 0.922328
67 21 0.965494
67 37 0.954623
67 34 0.965298
67 36 0.967418
67 22 0.992371
67 48 0.955952
67 46 0.964999
67 16 1.037168
67 26 1.029601
67 27 1.040970
68 13 0.414063
68 8 0.514131
68 10 0.525742
68 9 0.575848
68 31 0.554618
68 11 0.575670
68 28 0.558574
68 21 0.577274
68 19 0.585946
68 33 0.571551
68 29 0.586020
68 27 0.630738
68 32 0.628627
68 42 0.615221
68 12 0.663662
68 14 0.685105
68 17 0.685776
68 35 0.678986
68 30 0.687988
68 26 0.702161
68 44 0.694671
68 24 0.722439
68 34 0.717052
68 3 0.764173
68 45 0.728479
68 38 0.748783
68 25 0.767257
68 22 0.772056
68 36 0.762857
68 4 0.800190
68 23 0.782953
68 20 0.789534
68 7 0.803440
68 6 0.808480
68 0 0.830606
68 15 0.827553
68 37 0.825316
68 1 0.879907
68 50 0.837073
68 40 0.853878
68 2 0.896159
68 41 0.872557
68 39 0.881459
68 16 0.911585
68 49 0.882751
68 47 0.885476
68 48 0.889837
68 46 0.892883
68 5 0.946230
68 18 0.954907
68 43 0.960684
69 17 0.375065
69 13 0.401313
69 12 0.424098
69 10 0.485618
69 44 0.460931
69 7 0.504436
69 33 0.495188
69 8 0.561884
69 29 0.576270
69 1 0.609862
69 4 0.617955
69 30 0.592865
69 11 0.614237
69 14 0.612495
69 0 0.625782
69 9 0.625091
69 28 0.607486
69 31 0.605648
69 39 0.631507
69 6 0.681503
69 48 0.638689
69 20 0.680313
69 32 0.672054
69 3 0.738671
69 15 0.745231
69 40 0.725866
69 18 0.760061
69 47 0.734839
69 41 0.743325
69 35 0.766682
69 5 0.812676
69 34 0.792724
69 42 0.788680
69 24 0.816417
69 19 0.828854
69 38 0.809802
69 27 0.841803
69 36 0.837287
69 45 0.833013
69 43 0.836819
69 26 0.858519
69 50 0.836112
69 49 0.837466
69 46 0.842771
69 22 0.871630
69 25 0.871159
69 2 0.893311
69 37 0.887959
69 16 0.916920
69 21 0.934958
69 23 0.943569
70 13 0.369638
70 9 0.386721
70 44 0.389618
70 12 0.455380
70 10 0.548165
70 32 0.527435
70 33 0.568279
70 30 0.621547
70 6 0.648971
70 28 0.624588
70 0 0.655077
70 8 0.648490
70 14 0.643775
70 3 0.689926
70 2 0.691505
70 31 0.660994
70 29 0.663698
70 45 0.652289
70 11 0.694518
70 1 0.714255
70 19 0.719646
70 7 0.731873
70 4 0.781352
70 40 0.804548
70 42 0.814026
70 5 0.863463
70 37 0.826539
70 36 0.839078
70 21 0.866057
70 23 0.876476
70 17 0.888596
70 25 0.922116
70 18 0.935441
70 34 0.922145
70 49 0.901835
70 43 0.917188
70 24 0.943336
70 26 0.948433
70 46 0.929044
70 38 0.940345
70 50 0.942407
70 47 0.982488
70 16 1.031080
70 22 1.030872
70 27 1.028428
70 41 1.015704
70 15 1.055558
70 39 1.046494
70 20 1.080163
70 35 1.073216
70 48 1.063006
71 8 0.443803
71 29 0.437736
71 12 0.478722
71 9 0.575600
71 28 0.567193
71 14 0.606799
71 0 0.661345
71 13 0.655794
71 31 0.634745
71 33 0.644875
71 11 0.685591
71 30 0.669751
71 32 0.670606
71 10 0.707612
71 44 0.664313
71 1 0.767528
71 5 0.796514
71 20 0.781422
71 2 0.816284
71 3 0.832945
71 38 0.811538
71 45 0.841136
71 6 0.917512
71 24 0.911102
71 25 0.920295
71 15 0.968033
71 19 0.963391
71 47 0.926168
71 40 0.949040
71 7 0.997507
71 43 0.970555
71 16 1.014024
71 37 1.002462
71 50 0.986485
71 42 1.001915
71 21 1.037164
71 26 1.030944
71 27 1.039944
71 39 1.044879
71 18 1.075366
71 23 1.077026
71 35 1.060263
71 46 1.046796
71 48 1.061394
71 49 1.064177
71 4 1.127679
71 22 1.117102
71 34 1.124658
71 17 1.159534
71 36 1.135928
71 41 1.131527
72 12 0.380132
72 0 0.407928
72 30 0.388019
72 3 0.431757
72 2 0.443630
72 9 0.446012
72 5 0.450327
72 11 0.445829
72 8 0.452734
72 33 0.430892
72 31 0.540046
72 1 0.573084
72 14 0.569246
72 28 0.564538
72 20 0.574810
72 13 0.584292
72 44 0.542832
72 26 0.581015
72 35 0.567326
72 10 0.600998
72 32 0.591092
72 29 0.621096
72 6 0.656410
72 4 0.658612
72 17 0.657969
72 48 0.655295
72 43 0.663563
72 24 0.702773
72 36 0.693682
72 22 0.725967
72 27 0.720406
72 16 0.751171
72 38 0.730146
72 23 0.752849
72 39 0.729872
72 25 0.759372
72 46 0.754709
72 7 0.820183
72 15 0.824630
72 40 0.800171
72 50 0.793231
72 42 0.815487
72 19 0.863096
72 47 0.822320
72 45 0.848510
72 18 0.889136
72 37 0.869056
72 34 0.875650
72 41 0.897385
72 21 0.938477
72 49 0.898023
73 8 0.349853
73 9 0.472497
73 44 0.448240
73 32 0.502091
73 33 0.505497
73 10 0.558710
73 14 0.568873
73 31 0.574924
73 28 0.614409
73 13 0.649569
73 12 0.655387
73 2 0.667279
73 11 0.688281
73 30 0.672957
73 29 0.740847
73 0 0.837064
73 3 0.841914
73 50 0.782206
73 45 0.796564
73 5 0.859133
73 42 0.822747
73 4 0.877971
73 21 0.883198
73 1 0.910356
73 27 0.922551
73 24 0.942477
73 17 0.975095
73 25 0.964298
73 43 0.943139
73 7 0.994229
73 48 0.937324
73 36 0.969192
73 19 1.004729
73 23 1.000276
73 37 1.011695
73 18 1.054684
73 26 1.042319
73 16 1.062145
73 39 1.053008
73 40 1.084084
73 20 1.124098
73 35 1.101808
73 6 1.145266
73 47 1.097862
73 49 1.099834
73 46 1.146794
73 22 1.190037
73 34 1.186102
73 41 1.188858
73 38 1.193768
73 15 1.236378
74 12 0.359883
74 8 0.522103
74 11 0.525446
74 28 0.525345
74 33 0.524314
74 29 0.542607
74 2 0.580207
74 32 0.565938
74 30 0.582222
74 31 0.593467
74 14 0.632323
74 10 0.646325
74 4 0.665369
74 16 0.671605
74 18 0.702835
74 9 0.712818
74 19 0.710573
74 50 0.675368
74 0 0.753017
74 44 0.710058
74 13 0.770230
74 43 0.740875
74 15 0.812355
74 6 0.827814
74 25 0.821026
74 3 0.866658
74 27 0.841763
74 46 0.814267
74 38 0.832590
74 21 0.876863
74 37 0.856561
74 17 0.901458
74 22 0.898363
74 26 0.904022
74 42 0.883358
74 47 0.876468
74 1 0.947540
74 7 0.942962
74 34 0.904715
74 48 0.925822
74 5 0.992006
74 40 0.957081
74 23 0.988216
74 39 0.994332
74 35 1.030972
74 20 1.062348
74 36 1.062087
74 45 1.072930
74 24 1.128637
74 49 1.114774
74 41 1.159478
75 12 0.454111
75 9 0.504827
75 30 0.479054
75 10 0.504625
75 31 0.486034
75 28 0.494206
75 14 0.554079
75 29 0.563672
75 32 0.646246
75 13 0.679538
75 33 0.657673
75 11 0.719663
75 1 0.785027
75 5 0.793145
75 8 0.794558
75 0 0.816875
75 3 0.851738
75 44 0.812402
75 37 0.916479
75 21 0.959005
75 6 1.026454
75 7 1.031376
75 15 1.049035
75 17 1.051757
75 49 1.061088
75 35 1.085999
75 2 1.163808
75 20 1.145530
75 34 1.133029
75 36 1.139725
75 26 1.158888
75 46 1.162385
75 24 1.199206
75 16 1.212124
75 45 1.177690
75 40 1.187766
75 19 1.221027
75 38 1.197976
75 41 1.201697
75 22 1.247214
75 25 1.247493
75 39 1.237597
75 42 1.236298
75 27 1.272879
75 23 1.281447
75 4 1.304339
75 48 1.252500
75 18 1.298669
75 50 1.260397
75 47 1.274586
75 43 1.334960
76 44 0.561010
76 28 0.665132
76 31 0.683221
76 10 0.720249
76 29 0.722728
76 33 0.732929
76 30 0.762483
76 11 0.787706
76 12 0.813399
76 13 0.826310
76 32 0.855374
76 14 0.908111
76 15 0.955323
76 9 1.019090
76 1 1.107451
76 7 1.109845
76 40 1.225306
76 2 1.284873
76 46 1.250342
76 0 1.295079
76 37 1.271333
76 3 1.303461
76 6 1.302832
76 8 1.310914
76 21 1.300049
76 47 1.276173
76 23 1.308276
76 19 1.322083
76 24 1.342166
76 42 1.325403
76 22 1.353960
76 5 1.379603
76 27 1.416959
76 34 1.418477
76 49 1.479697
76 25 1.510440
76 39 1.504455
76 35 1.517295
76 18 1.533995
76 17 1.536956
76 26 1.536292
76 38 1.562822
76 45 1.563569
76 43 1.570422
76 4 1.689504
76 50 1.667686
76 41 1.697519
76 16 1.751319
76 36 1.735461
76 48 1.756492
76 20 1.793477
77 8 0.727216
77 28 0.720972
77 10 0.746378
77 29 0.756260
77 13 0.770939
77 44 0.760612
77 9 0.938708
77 42 0.968108
77 11 1.064769
77 31 1.049263
77 5 1.090984
77 3 1.130299
77 27 1.112542
77 49 1.092569
77 32 1.114476
77 30 1.119902
77 1 1.156120
77 35 1.127309
77 12 1.167817
77 15 1.171563
77 38 1.160057
77 14 1.225875
77 47 1.195218
77 24 1.217889
77 2 1.261871
77 36 1.230473
77 33 1.236910
77 37 1.250206
77 46 1.269227
77 50 1.278928
77 26 1.315355
77 21 1.377989
77 34 1.415212
77 45 1.439422
77 41 1.448719
77 17 1.478481
77 16 1.479909
77 19 1.481986
77 25 1.503341
77 43 1.502133
77 39 1.541418
77 18 1.571848
77 23 1.571426
77 0 1.597266
77 40 1.580574
77 4 1.617707
77 48 1.589108
77 6 1.640258
77 20 1.641579
77 7 1.713098
77 22 1.779272
78 9 0.384166
78 13 0.435520
78 8 0.449523
78 10 0.457784
78 3 0.474905
78 12 0.488974
78 14 0.496661
78 11 0.587720
78 1 0.608617
78 0 0.621190
78 28 0.593508
78 29 0.592787
78 32 0.690449
78 25 0.699989
78 20 0.715213
78 30 0.713495
78 27 0.728018
78 5 0.834069
78 24 0.830738
78 31 0.832413
78 44 0.824179
78 22 0.855097
78 2 0.890825
78 6 0.897069
78 19 0.904480
78 21 0.925969
78 16 0.955882
78 4 0.984684
78 17 0.989817
78 33 0.977825
78 18 1.005052
78 26 1.006446
78 34 1.045349
78 7 1.183388
78 39 1.219878
78 23 1.261091
78 43 1.242931
78 15 1.304850
78 37 1.290565
78 40 1.301796
78 35 1.416184
78 42 1.406413
78 46 1.399365
78 48 1.397192
78 36 1.416245
78 45 1.417139
78 50 1.431322
78 41 1.473600
78 47 1.470804
78 38 1.560841
78 49 1.550742
79 30 0.734827
79 8 0.770807
79 14 0.769751
79 29 0.761910
79 32 0.788474
79 0 0.866017
79 12 0.859922
79 10 0.893701
79 22 0.883802
79 24 1.051556
79 33 1.053155
79 44 1.059508
79 28 1.093014
79 9 1.122259
79 11 1.151194
79 1 1.177580
79 21 1.164940
79 31 1.171058
79 4 1.213769
79 13 1.215971
79 20 1.225545
79 2 1.253111
79 47 1.205025
79 37 1.253401
79 27 1.286569
79 17 1.319165
79 16 1.331094
79 19 1.340245
79 45 1.349173
79 34 1.364520
79 40 1.365881
79 3 1.410567
79 41 1.403628
79 46 1.430750
79 35 1.442293
79 36 1.472314
79 6 1.512261
79 42 1.485769
79 26 1.502478
79 23 1.529791
79 18 1.543609
79 43 1.520266
79 7 1.586843
79 5 1.599527
79 50 1.556387
79 38 1.573308
79 39 1.600281
79 25 1.622999
79 49 1.604639
79 48 1.648850
79 15 1.725095
80 8 0.414541
80 10 0.609607
80 12 0.680944
80 14 0.709783
80 9 0.745480
80 31 0.737380
80 13 0.769952
80 28 0.753804
80 11 0.906518
80 4 0.965731
80 16 0.998622
80 3 1.096256
80 0 1.114150
80 44 1.076549
80 19 1.123687
80 7 1.161636
80 26 1.155049
80 2 1.179163
80 30 1.189713
80 33 1.184568
80 25 1.214478
80 48 1.181934
80 29 1.248808
80 43 1.229712
80 1 1.304629
80 21 1.312625
80 24 1.322216
80 35 1.326223
80 32 1.421114
80 23 1.461375
80 5 1.495032
80 17 1.501645
80 20 1.511787
80 18 1.514911
80 38 1.588220
80 40 1.586922
80 37 1.604539
80 22 1.626228
80 15 1.635416
80 6 1.699025
80 39 1.673088
80 50 1.671610
80 27 1.706048
80 47 1.721707
80 49 1.765397
80 42 1.854012
80 46 1.972017
80 45 1.973618
80 34 2.017540
80 36 2.086261
80 41 2.117796
81 12 0.465785
81 9 0.476961
81 11 0.489628
81 13 0.488800
81 14 0.523148
81 8 0.544946
81 3 0.577707
81 44 0.462034
81 32 0.527188
81 10 0.699077
81 5 0.727517
81 30 0.629684
81 31 0.617961
81 29 0.709038
81 28 0.745020
81 7 1.028391
81 33 0.906656
81 4 1.075796
81 1 1.085030
81 6 1.112280
81 0 1.159810
81 43 1.025152
81 50 1.017929
81 19 1.165881
81 22 1.200639
81 35 1.105016
81 20 1.226441
81 42 1.114722
81 15 1.268251
81 16 1.297826
81 2 1.312848
81 47 1.189493
81 40 1.213540
81 27 1.356504
81 23 1.368076
81 17 1.383099
81 24 1.373634
81 25 1.373492
81 21 1.380755
81 38 1.276678
81 48 1.331416
81 26 1.458775
81 49 1.344706
81 37 1.397192
81 41 1.446959
81 45 1.449837
81 39 1.477942
81 46 1.486780
81 34 1.506088
81 18 1.637190
81 36 1.525520
82 29 0.813238
82 13 0.829435
82 14 0.859713
82 31 0.905201
82 9 0.986364
82 33 1.025455
82 44 1.019694
82 8 1.099966
82 3 1.160549
82 12 1.158092
82 32 1.181018
82 47 1.208390
82 24 1.242251
82 30 1.238401
82 6 1.271292
82 11 1.299582
82 22 1.289436
82 10 1.301466
82 7 1.331317
82 28 1.332187
82 1 1.409137
82 4 1.468234
82 27 1.460716
82 40 1.449155
82 20 1.476393
82 19 1.485145
82 37 1.478475
82 45 1.495863
82 25 1.537903
82 48 1.519955
82 0 1.569844
82 16 1.572791
82 23 1.566546
82 2 1.587735
82 38 1.554348
82 15 1.578220
82 42 1.620232
82 35 1.634927
82 26 1.652501
82 21 1.683119
82 50 1.656798
82 36 1.683037
82 5 1.716981
82 46 1.695002
82 34 1.715636
82 17 1.741847
82 18 1.835974
82 43 1.838883
82 49 1.835306
82 41 1.902456
82 39 1.951872
83 9 0.422445
83 14 0.406394
83 11 0.441142
83 10 0.495831
83 13 0.475659
83 8 0.538616
83 12 0.559069
83 5 0.642552
83 29 0.472399
83 31 0.467574
83 33 0.471913
83 28 0.503670
83 3 0.722533
83 32 0.530295
83 7 0.744846
83 0 0.801818
83 4 0.824968
83 2 0.849831
83 19 0.810692
83 44 0.477432
83 16 0.854216
83 1 0.969506
83 30 0.762245
83 34 0.757871
83 23 0.944784
83 25 0.950562
83 20 1.027991
83 15 1.059342
83 24 1.035787
83 40 0.874078
83 18 1.069228
83 22 1.059396
83 27 1.026431
83 17 1.118674
83 6 1.192866
83 41 0.891836
83 39 0.969639
83 21 1.179179
83 43 0.977214
83 26 1.205962
83 35 1.130913
83 48 0.848711
83 36 1.144887
83 49 0.877308
83 37 1.195439
83 42 1.108350
83 46 1.026701
83 47 1.048706
83 45 1.114278
83 38 1.395596
83 50 1.151217
84 8 0.821373
84 33 0.870309
84 13 0.935607
84 14 0.948779
84 28 0.941043
84 9 0.970601
84 11 0.981836
84 30 1.033310
84 29 1.074585
84 31 1.081470
84 38 1.079729
84 10 1.113576
84 32 1.121620
84 47 1.109010
84 12 1.185805
84 44 1.175502
84 22 1.265516
84 37 1.292234
84 26 1.305153
84 25 1.354990
84 1 1.387254
84 4 1.390036
84 21 1.447112
84 27 1.442398
84 45 1.422934
84 17 1.453107
84 0 1.490863
84 6 1.485732
84 41 1.448983
84 2 1.526698
84 39 1.493124
84 48 1.510019
84 49 1.514741
84 35 1.538428
84 43 1.531787
84 46 1.535076
84 23 1.614687
84 15 1.651910
84 7 1.669388
84 5 1.678769
84 3 1.692395
84 50 1.649081
84 24 1.690256
84 16 1.752565
84 34 1.744075
84 36 1.740940
84 18 1.760669
84 40 1.748645
84 20 1.774703
84 19 1.810403
84 42 1.795294
85 8 0.320958
85 13 0.383833
85 10 0.477019
85 3 0.527134
85 14 0.525091
85 9 0.543356
85 12 0.538123
85 11 0.539602
85 29 0.488350
85 1 0.640350
85 32 0.650531
85 30 0.667429
85 28 0.698184
85 31 0.711298
85 5 0.909154
85 33 0.821369
85 7 0.922059
85 44 0.821440
85 4 0.950102
85 34 0.865732
85 27 0.885257
85 24 0.918586
85 22 0.928222
85 17 0.954255
85 40 0.962549
85 19 1.117553
85 2 1.215041
85 6 1.202774
85 25 1.138375
85 45 1.108299
85 36 1.138050
85 15 1.207395
85 37 1.165078
85 0 1.354253
85 38 1.190442
85 16 1.272283
85 20 1.319976
85 23 1.325903
85 26 1.335732
85 35 1.323064
85 47 1.339985
85 48 1.366158
85 41 1.392495
85 46 1.382600
85 39 1.436427
85 21 1.512315
85 49 1.448010
85 50 1.454724
85 43 1.473660
85 42 1.489002
85 18 1.607586
86 8 0.441496
86 13 0.564941
86 11 0.575667
86 29 0.548925
86 31 0.575052
86 10 0.620232
86 44 0.671966
86 32 0.807331
86 33 0.969859
86 1 1.100269
86 9 1.140458
86 37 1.117469
86 20 1.203246
86 14 1.216488
86 12 1.228334
86 16 1.224734
86 28 1.205660
86 19 1.217600
86 6 1.243947
86 27 1.241762
86 35 1.255568
86 4 1.353475
86 30 1.351812
86 45 1.346346
86 5 1.410668
86 7 1.409051
86 36 1.397660
86 38 1.395786
86 18 1.422901
86 3 1.463292
86 2 1.471967
86 0 1.476270
86 49 1.436182
86 24 1.513262
86 43 1.505903
86 21 1.545058
86 39 1.543393
86 15 1.587491
86 17 1.585340
86 46 1.544908
86 26 1.611025
86 23 1.651221
86 41 1.650483
86 47 1.672829
86 25 1.732268
86 48 1.854214
86 22 1.903787
86 34 1.930116
86 40 1.971696
86 50 1.982023
86 42 2.029514
87 9 0.371366
87 10 0.451473
87 12 0.477790
87 13 0.474784
87 8 0.517085
87 14 0.491630
87 11 0.531411
87 32 0.606776
87 31 0.628145
87 28 0.642136
87 30 0.643280
87 29 0.646882
87 44 0.680428
87 4 0.999317
87 3 1.030511
87 15 0.949375
87 0 1.120113
87 6 0.999503
87 27 0.911292
87 33 0.917082
87 19 0.984242
87 5 1.045017
87 22 0.976269
87 40 0.915859
87 24 1.012504
87 1 1.214518
87 7 1.105257
87 26 1.031016
87 2 1.240221
87 38 1.013885
87 25 1.108616
87 21 1.136255
87 47 1.083451
87 18 1.205110
87 37 1.140593
87 35 1.167445
87 17 1.236397
87 46 1.149790
87 16 1.265569
87 34 1.210837
87 45 1.228908
87 36 1.342248
87 48 1.309230
87 20 1.419165
87 49 1.335202
87 42 1.365644
87 50 1.361018
87 23 1.475200
87 39 1.427373
87 43 1.437056
87 41 1.467017
88 9 0.565713
88 10 0.767768
88 31 0.788362
88 11 0.821706
88 2 0.848277
88 33 0.830795
88 5 0.872651
88 29 0.909675
88 8 0.959570
88 0 0.972921
88 32 0.949652
88 4 1.020492
88 13 1.060326
88 12 1.092344
88 14 1.120858
88 1 1.234237
88 44 1.216704
88 28 1.310154
88 30 1.335810
88 18 1.527008
88 3 1.608631
88 16 1.600775
88 34 1.605690
88 40 1.603451
88 43 1.601435
88 15 1.671960
88 27 1.662807
88 6 1.697624
88 7 1.717963
88 35 1.707142
88 20 1.761443
88 22 1.776078
88 19 1.820939
88 46 1.887708
88 25 1.923458
88 23 1.932466
88 49 1.923287
88 41 1.936109
88 45 1.935704
88 39 1.964512
88 24 1.985694
88 42 1.993477
88 50 2.034615
88 17 2.113299
88 47 2.116265
88 26 2.178809
88 21 2.237948
88 37 2.239263
88 48 2.237803
88 36 2.255442
88 38 2.271181
89 11 0.473118
89 8 0.560379
89 10 0.644911
89 31 0.667940
89 12 0.707382
89 13 0.715805
89 3 0.771562
89 30 0.739552
89 14 0.778473
89 9 0.810158
89 44 0.783056
89 29 0.892906
89 1 1.007941
89 32 0.945373
89 5 1.005310
89 33 0.959708
89 0 1.114470
89 2 1.096840
89 28 1.146144
89 4 1.283013
89 7 1.274668
89 22 1.261930
89 6 1.303833
89 35 1.298481
89 34 1.306697
89 26 1.380716
89 40 1.362251
89 41 1.373448
89 47 1.492035
89 19 1.551036
89 25 1.556775
89 17 1.594034
89 36 1.578603
89 15 1.656765
89 39 1.641716
89 48 1.631629
89 42 1.645473
89 24 1.707900
89 49 1.657628
89 20 1.770927
89 18 1.780831
89 21 1.795840
89 38 1.822182
89 16 1.872010
89 27 1.874111
89 46 1.853842
89 50 1.846805
89 45 1.861565
89 43 1.886671
89 37 1.917318
89 23 2.103832
90 11 0.409066
90 14 0.428889
90 13 0.445181
90 10 0.478895
90 8 0.526897
90 12 0.549958
90 18 0.725167
90 30 0.715792
90 9 0.755732
90 16 0.758181
90 3 0.795314
90 5 0.882986
90 7 0.992809
90 1 1.006988
90 29 1.013378
90 33 1.095179
90 22 1.120935
90 2 1.177461
90 19 1.177017
90 44 1.149253
90 26 1.177047
90 4 1.204694
90 45 1.159767
90 0 1.228764
90 28 1.198274
90 20 1.222618
90 15 1.229329
90 6 1.238589
90 32 1.242063
90 24 1.257235
90 31 1.265993
90 36 1.276990
90 17 1.379559
90 43 1.389112
90 21 1.431352
90 25 1.508048
90 38 1.497292
90 47 1.501944
90 40 1.518861
90 50 1.516810
90 35 1.668286
90 37 1.692826
90 41 1.695431
90 27 1.726884
90 23 1.744025
90 42 1.717636
90 46 1.762311
90 34 1.804696
90 39 1.843745
90 49 1.855895
90 48 1.985278
91 8 0.430912
91 12 0.431309
91 11 0.532089
91 10 0.616388
91 28 0.599680
91 29 0.612736
91 32 0.645930
91 14 0.732270
91 9 0.802341
91 2 0.872839
91 13 0.851138
91 44 0.848667
91 0 0.958260
91 5 0.967952
91 33 1.054218
91 30 1.070035
91 7 1.194674
91 31 1.165251
91 1 1.250434
91 40 1.169998
91 37 1.192803
91 47 1.176911
91 46 1.189311
91 23 1.322023
91 17 1.330640
91 3 1.379975
91 16 1.335664
91 15 1.379567
91 22 1.387334
91 35 1.373466
91 43 1.390777
91 4 1.504603
91 24 1.459711
91 19 1.483387
91 41 1.446113
91 27 1.491032
91 45 1.469358
91 18 1.526073
91 36 1.509951
91 34 1.536984
91 50 1.519560
91 20 1.574339
91 21 1.584300
91 49 1.549991
91 6 1.643070
91 38 1.569764
91 42 1.582021
91 48 1.580419
91 39 1.608917
91 25 1.824357
91 26 2.115786
92 9 0.411340
92 11 0.520498
92 10 0.523389
92 21 0.547256
92 13 0.574300
92 12 0.587045
92 8 0.743529
92 14 0.753189
92 19 0.760336
92 2 1.048749
92 3 1.059749
92 4 1.148096
92 0 1.163512
92 6 1.184836
92 33 1.011993
92 15 1.223095
92 22 1.246627
92 7 1.273667
92 44 1.072832
92 18 1.303136
92 1 1.317377
92 28 1.185706
92 31 1.171668
92 32 1.181113
92 5 1.407401
92 20 1.419934
92 23 1.459187
92 30 1.315883
92 29 1.358394
92 43 1.325264
92 16 1.550500
92 45 1.431178
92 40 1.462174
92 17 1.680558
92 41 1.536695
92 42 1.655831
92 50 1.662005
92 24 1.910636
92 46 1.695874
92 26 1.961732
92 37 1.802866
92 35 1.830892
92 47 1.784744
92 34 1.963751
92 49 1.940237
92 36 2.007502
92 25 2.200374
92 39 2.048370
92 27 2.153114
92 48 2.109482
92 38 2.192815
93 11 0.628271
93 9 0.652356
93 29 0.668263
93 13 0.755778
93 44 0.721458
93 21 0.770745
93 12 0.861006
93 31 0.860035
93 19 1.141336
93 28 1.167990
93 1 1.256845
93 30 1.234264
93 8 1.277677
93 20 1.263368
93 2 1.312176
93 3 1.326417
93 33 1.307381
93 4 1.437132
93 17 1.425440
93 14 1.428963
93 10 1.473642
93 5 1.512991
93 18 1.572876
93 38 1.539975
93 43 1.573494
93 49 1.613052
93 15 1.664282
93 23 1.670481
93 32 1.667583
93 6 1.720125
93 27 1.705284
93 26 1.707724
93 7 1.800501
93 36 1.778411
93 47 1.831164
93 37 1.889931
93 16 1.958888
93 41 1.955061
93 39 1.967001
93 24 2.007878
93 35 2.001770
93 40 2.016654
93 0 2.078454
93 25 2.066800
93 34 2.166633
93 22 2.182866
93 48 2.173158
93 42 2.239789
93 50 2.243774
93 45 2.415170
93 46 2.432219
94 8 0.759065
94 28 1.027428
94 35 1.124923
94 33 1.149738
94 1 1.283563
94 0 1.298047
94 30 1.289201
94 24 1.333080
94 12 1.344539
94 44 1.358498
94 20 1.395707
94 32 1.421465
94 13 1.439415
94 3 1.450693
94 47 1.444486
94 14 1.505045
94 10 1.510301
94 36 1.503342
94 29 1.542535
94 11 1.614195
94 34 1.610436
94 2 1.638766
94 31 1.615488
94 9 1.649859
94 23 1.639572
94 38 1.627699
94 17 1.680842
94 42 1.692643
94 16 1.858185
94 37 1.854634
94 46 1.847396
94 21 1.903296
94 48 1.895877
94 18 1.923340
94 15 1.940075
94 40 1.936798
94 45 1.948801
94 6 1.983555
94 26 1.967578
94 49 1.947815
94 22 2.048218
94 7 2.125178
94 27 2.186084
94 25 2.202993
94 39 2.191592
94 43 2.188394
94 5 2.277202
94 19 2.286969
94 4 2.311472
94 41 2.296979
94 50 2.453328
95 10 0.829644
95 31 1.014798
95 13 1.030774
95 30 1.025171
95 8 1.163378
95 33 1.142924
95 29 1.148177
95 32 1.146841
95 5 1.170245
95 14 1.185709
95 12 1.201224
95 11 1.253991
95 1 1.282015
95 9 1.286500
95 28 1.278753
95 3 1.302167
95 44 1.310831
95 43 1.437031
95 15 1.480887
95 45 1.473128
95 20 1.502083
95 19 1.526783
95 46 1.514063
95 16 1.550100
95 0 1.564068
95 38 1.554883
95 37 1.583441
95 41 1.589977
95 22 1.616864
95 36 1.605772
95 25 1.664734
95 35 1.676123
95 50 1.673072
95 27 1.795299
95 42 1.799152
95 24 1.823532
95 47 1.808328
95 17 1.873015
95 18 1.930510
95 39 1.921318
95 21 1.954873
95 4 1.979237
95 40 1.985693
95 48 1.980352
95 7 2.035504
95 6 2.037937
95 26 2.021914
95 49 2.003991
95 34 2.040510
95 2 2.100330
95 23 2.108210
96 8 0.676139
96 14 0.702458
96 32 0.689321
96 9 0.736918
96 29 0.861613
96 30 0.869166
96 7 0.904795
96 50 0.861637
96 28 0.958588
96 11 0.994416
96 10 1.006210
96 31 0.977768
96 42 0.967987
96 0 1.037137
96 5 1.040121
96 12 1.080840
96 38 1.052299
96 47 1.164432
96 1 1.312488
96 20 1.298141
96 36 1.379660
96 48 1.369340
96 37 1.385802
96 3 1.431602
96 39 1.384915
96 44 1.378978
96 33 1.396217
96 15 1.447095
96 13 1.474375
96 40 1.450704
96 46 1.470697
96 18 1.517140
96 16 1.529071
96 34 1.526916
96 45 1.516120
96 26 1.581621
96 24 1.671439
96 2 1.701941
96 6 1.706667
96 27 1.686793
96 4 1.724231
96 49 1.683311
96 35 1.707856
96 23 1.737598
96 25 1.757261
96 19 1.784160
96 43 1.752753
96 22 1.807925
96 17 1.861195
96 21 2.030473
96 41 2.026218
97 9 0.358465
97 10 0.534703
97 29 0.513522
97 32 0.616059
97 1 0.896310
97 11 0.909513
97 19 0.981121
97 24 0.975786
97 12 1.010611
97 8 1.082990
97 13 1.100111
97 31 1.127954
97 5 1.177968
97 14 1.240131
97 21 1.242210
97 3 1.273299
97 39 1.253652
97 33 1.271866
97 23 1.285346
97 28 1.282845
97 16 1.306213
97 6 1.326447
97 30 1.315761
97 26 1.362168
97 17 1.373830
97 27 1.464615
97 44 1.451468
97 0 1.546280
97 45 1.537651
97 20 1.586358
97 48 1.568924
97 7 1.660995
97 15 1.715162
97 41 1.788078
97 4 1.830620
97 47 1.782157
97 38 1.796041
97 2 1.834565
97 34 1.801948
97 40 1.794845
97 46 1.785793
97 36 1.801485
97 35 1.813944
97 25 1.831254
97 22 1.846009
97 18 1.863885
97 37 1.897659
97 43 1.916760
97 42 1.949860
97 50 1.950489
97 49 2.000837
98 9 0.504528
98 8 0.729653
98 10 0.784004
98 31 0.537874
98 11 0.834129
98 0 1.022348
98 12 0.836999
98 14 0.874206
98 28 0.697494
98 3 1.053737
98 1 1.125893
98 30 0.752378
98 13 0.995730
98 6 1.126565
98 5 1.314193
98 29 1.022544
98 17 1.207652
98 32 1.061244
98 22 1.282612
98 33 1.198476
98 4 1.633352
98 44 1.088780
98 20 1.637509
98 42 1.289086
98 2 1.886538
98 34 1.429432
98 15 1.722415
98 25 1.582079
98 23 1.589739
98 24 1.587953
98 16 1.675332
98 7 1.837323
98 21 1.641882
98 35 1.536547
98 26 1.778662
98 27 1.816078
98 38 1.687843
98 18 2.028032
98 19 2.024150
98 36 1.790564
98 41 1.783486
98 37 1.934742
98 50 1.525039
98 40 1.975995
98 46 1.784046
98 47 1.800275
98 43 2.056336
98 48 1.742994
98 45 1.969179
98 39 2.178190
98 49 2.051316
99 10 0.921499
99 12 1.066231
99 11 1.068185
99 29 1.339731
99 44 1.367007
99 30 1.390866
99 49 1.412200
99 31 1.429312
99 13 1.572221
99 17 1.589838
99 18 1.590910
99 20 1.591288
99 4 1.655619
99 22 1.661778
99 9 1.697977
99 28 1.682953
99 1 1.707795
99 33 1.723869
99 27 1.732240
99 32 1.755278
99 14 1.771468
99 8 1.800567
99 48 1.787892
99 26 1.808718
99 40 1.887901
99 43 1.931540
99 36 1.987900
99 24 1.998684
99 47 2.036153
99 38 2.068986
99 5 2.098233
99 6 2.097713
99 23 2.108799
99 0 2.129316
99 35 2.122990
99 19 2.212296
99 39 2.267382
99 41 2.299641
99 46 2.349032
99 42 2.475989
99 50 2.490319
99 16 2.544562
99 3 2.579473
99 34 2.554446
99 45 2.567301
99 15 2.594486
99 7 2.603967
99 37 2.578514
99 2 2.655111
99 25 2.670192
99 21 2.675056
100 33 0.811681
100 31 0.929564
100 44 0.926649
100 3 1.021063
100 32 1.000098
100 29 1.028297
100 9 1.087943
100 8 1.103456
100 30 1.152884
100 28 1.188436
100 11 1.224478
100 13 1.228554
100 1 1.254947
100 0 1.316526
100 10 1.325329
100 42 1.439166
100 12 1.495671
100 38 1.485903
100 25 1.518047
100 39 1.515193
100 48 1.515097
100 2 1.564650
100 14 1.566452
100 5 1.597780
100 40 1.637480
100 41 1.663054
100 18 1.710231
100 49 1.689834
100 17 1.732837
100 27 1.732020
100 50 1.730694
100 47 1.762620
100 20 1.831617
100 43 1.822725
100 19 1.865980
100 21 1.880224
100 22 1.901653
100 7 1.985711
100 45 1.953437
100 35 1.964720
100 24 1.994449
100 15 2.010473
100 16 2.033858
100 23 2.036216
100 4 2.072675
100 26 2.059532
100 36 2.092309
100 37 2.185196
100 34 2.292392
100 6 2.330931
100 46 2.338551
101 8 0.543553
101 10 0.606212
101 14 0.689106
101 13 0.710058
101 11 0.727457
101 20 0.742081
101 9 0.820196
101 3 0.964845
101 29 0.908000
101 0 1.154604
101 28 0.979076
101 5 1.109146
101 33 1.033299
101 32 1.036407
101 1 1.194771
101 12 1.117422
101 36 1.067678
101 39 1.080471
101 49 1.102509
101 4 1.373267
101 45 1.307761
101 40 1.467625
101 6 1.571871
101 31 1.516627
101 48 1.485611
101 30 1.549476
101 18 1.622122
101 21 1.609447
101 22 1.647616
101 7 1.711347
101 23 1.722925
101 44 1.713956
101 38 1.756539
101 27 1.919228
101 25 1.922975
101 37 1.919247
101 41 1.937346
101 2 2.121480
101 16 2.100098
101 24 2.087943
101 35 2.093128
101 43 2.116099
101 50 2.119980
101 46 2.128402
101 19 2.204520
101 15 2.227583
101 17 2.248774
101 42 2.212198
101 47 2.230823
101 34 2.257893
101 26 2.358735
102 13 0.572440
102 9 0.621204
102 29 0.516977
102 11 0.818704
102 30 0.641075
102 28 0.665469
102 32 0.603241
102 14 0.936910
102 10 1.027250
102 31 0.870909
102 12 1.149791
102 8 1.202188
102 0 1.320612
102 26 1.073590
102 1 1.281983
102 4 1.293270
102 6 1.279516
102 22 1.170482
102 44 0.914361
102 27 1.152102
102 23 1.227904
102 24 1.343538
102 33 1.246560
102 18 1.463496
102 2 1.595289
102 45 1.157182
102 36 1.348717
102 16 1.622990
102 5 1.712445
102 35 1.407676
102 20 1.660558
102 7 1.880140
102 17 1.830144
102 34 1.616299
102 39 1.611434
102 47 1.493713
102 25 1.818176
102 3 2.040181
102 15 2.006835
102 37 1.764865
102 19 2.005885
102 43 1.701682
102 49 1.595216
102 21 2.013716
102 42 1.837534
102 41 1.861979
102 50 1.653382
102 46 1.833603
102 38 2.012482
102 48 1.906967
102 40 2.075025
103 30 1.063481
103 10 1.151746
103 9 1.273506
103 29 1.290817
103 31 1.353895
103 32 1.361883
103 28 1.377179
103 14 1.423919
103 45 1.461882
103 11 1.514785
103 33 1.523426
103 12 1.573334
103 8 1.750376
103 44 1.749776
103 13 1.782439
103 23 1.780592
103 20 1.798178
103 6 1.811800
103 34 1.787023
103 35 1.860895
103 22 1.874206
103 21 1.895071
103 41 1.896994
103 50 1.915559
103 27 2.012938
103 37 2.004190
103 42 2.054696
103 0 2.248490
103 1 2.248916
103 36 2.217406
103 7 2.245401
103 26 2.228566
103 48 2.197335
103 19 2.237134
103 17 2.299157
103 43 2.310467
103 40 2.374819
103 38 2.420625
103 18 2.441907
103 16 2.444434
103 2 2.497564
103 46 2.493668
103 24 2.575763
103 49 2.595501
103 4 2.673864
103 25 2.693027
103 39 2.696295
103 5 2.729801
103 47 2.701494
103 15 2.808283
103 3 2.832462
104 12 0.826362
104 32 1.136953
104 33 1.170175
104 30 1.445298
104 9 1.500284
104 0 1.540379
104 14 1.544699
104 13 1.568229
104 31 1.559313
104 8 1.584385
104 10 1.637717
104 28 1.659602
104 11 1.742850
104 45 1.713026
104 2 1.792300
104 48 1.795877
104 44 1.808154
104 4 1.852553
104 42 1.952149
104 47 1.974798
104 43 1.991112
104 29 2.024281
104 50 2.045983
104 23 2.100607
104 39 2.093234
104 16 2.152836
104 17 2.165854
104 5 2.191518
104 46 2.228316
104 19 2.278262
104 18 2.280103
104 1 2.373938
104 38 2.374008
104 49 2.379013
104 26 2.419373
104 40 2.436196
104 3 2.498818
104 24 2.498819
104 15 2.543200
104 22 2.537690
104 35 2.531508
104 41 2.582861
104 20 2.614672
104 36 2.610390
104 21 2.684770
104 6 2.771385
104 34 2.771437
104 37 2.785426
104 27 2.884438
104 25 2.894313
104 7 3.035428
105 8 0.639712
105 0 0.766627
105 12 0.783702
105 14 1.201942
105 29 1.184411
105 38 1.405400
105 40 1.425755
105 2 1.555180
105 10 1.556764
105 32 1.542510
105 24 1.608374
105 6 1.695857
105 39 1.678335
105 31 1.691315
105 5 1.816842
105 44 1.818811
105 33 1.851103
105 9 1.892782
105 28 1.879363
105 34 1.882137
105 18 1.918373
105 46 1.888407
105 7 1.976008
105 30 2.053259
105 37 2.052238
105 13 2.096035
105 11 2.111385
105 15 2.156139
105 1 2.190506
105 35 2.212273
105 47 2.201583
105 43 2.226757
105 17 2.271613
105 3 2.316417
105 22 2.344609
105 50 2.334176
105 19 2.398850
105 42 2.402531
105 21 2.447275
105 25 2.515062
105 26 2.540354
105 4 2.623037
105 45 2.624581
105 36 2.648969
105 16 2.742975
105 23 2.753122
105 48 2.726039
105 41 2.910145
105 27 2.941599
105 20 2.987205
105 49 3.024091
106 13 1.330022
106 32 1.347171
106 10 1.365346
106 11 1.464712
106 14 1.462862
106 44 1.465561
106 28 1.509583
106 29 1.647664
106 8 1.677644
106 12 1.802539
106 33 1.833805
106 5 1.875482
106 30 1.881098
106 0 1.944170
106 36 1.985910
106 9 2.021946
106 31 2.004972
106 20 2.046541
106 18 2.114148
106 50 2.132711
106 40 2.211013
106 46 2.446466
106 15 2.489280
106 41 2.467516
106 47 2.474544
106 16 2.502943
106 3 2.562458
106 45 2.527405
106 17 2.582910
106 4 2.605877
106 38 2.590982
106 22 2.606375
106 6 2.620725
106 2 2.667644
106 39 2.650095
106 27 2.679718
106 34 2.698979
106 25 2.841744
106 26 2.841558
106 42 2.839245
106 24 2.902914
106 21 2.917805
106 35 2.906820
106 23 2.918785
106 48 2.937815
106 1 3.001776
106 43 3.000603
106 19 3.057610
106 37 3.114031
106 7 3.183015
106 49 3.460492
107 8 0.741535
107 11 0.771601
107 14 0.899969
107 32 0.873915
107 31 1.032047
107 30 1.049299
107 10 1.098586
107 28 1.091899
107 33 1.099279
107 0 1.339605
107 9 1.348699
107 12 1.366745
107 1 1.426187
107 44 1.391776
107 2 1.461339
107 3 1.496226
107 29 1.545133
107 13 1.599176
107 5 1.621908
107 39 1.592623
107 49 1.600524
107 25 1.754253
107 43 1.742061
107 26 1.925623
107 42 1.915979
107 37 1.950244
107 35 1.968362
107 23 2.100310
107 16 2.128042
107 4 2.176738
107 48 2.119228
107 40 2.166866
107 41 2.275669
107 19 2.326790
107 36 2.301587
107 22 2.360028
107 17 2.436625
107 38 2.418657
107 27 2.460463
107 47 2.444701
107 50 2.441236
107 20 2.538069
107 46 2.516197
107 21 2.692675
107 34 2.686261
107 24 2.715614
107 45 2.719417
107 7 2.788457
107 6 2.818041
107 18 2.914472
107 15 2.930878
108 12 0.743510
108 8 0.823125
108 11 0.799613
108 9 0.863784
108 31 0.789006
108 28 0.868394
108 32 1.202450
108 29 1.262282
108 33 1.270115
108 14 1.422625
108 10 1.466065
108 5 1.617897
108 30 1.482457
108 24 1.681317
108 1 1.979148
108 35 1.505969
108 27 1.662223
108 13 1.761491
108 25 1.684493
108 0 2.013740
108 3 1.956840
108 26 1.744660
108 18 1.968763
108 15 1.993631
108 37 1.780839
108 44 1.716911
108 6 2.190817
108 22 2.122465
108 4 2.321078
108 2 2.378190
108 17 2.452075
108 41 2.136404
108 40 2.185985
108 23 2.455121
108 20 2.489483
108 39 2.242333
108 7 2.637662
108 49 1.930116
108 16 2.580614
108 36 2.403769
108 45 2.310297
108 42 2.454166
108 43 2.458107
108 46 2.402100
108 34 2.750093
108 38 2.747103
108 48 2.497479
108 21 3.084291
108 19 3.223943
108 50 2.752295
108 47 2.878871
109 8 1.030396
109 30 1.218823
109 10 1.314924
109 9 1.325249
109 12 1.344319
109 32 1.345752
109 44 1.432313
109 28 1.520963
109 29 1.622041
109 6 1.700145
109 3 1.718090
109 25 1.771096
109 5 1.853939
109 18 1.863103
109 50 1.831984
109 17 1.885176
109 49 1.845013
109 33 1.911146
109 13 1.943789
109 22 1.945850
109 31 1.934686
109 0 1.989038
109 14 2.011332
109 36 2.016497
109 11 2.055832
109 4 2.183402
109 47 2.133467
109 45 2.147125
109 37 2.168118
109 46 2.200966
109 39 2.217557
109 23 2.241165
109 38 2.222456
109 35 2.329267
109 40 2.323910
109 2 2.415850
109 27 2.401464
109 7 2.451737
109 34 2.434342
109 43 2.429538
109 16 2.503688
109 41 2.498822
109 48 2.510433
109 26 2.558170
109 19 2.652129
109 42 2.664037
109 15 2.736447
109 1 2.774522
109 21 2.781839
109 24 2.809233
109 20 2.833900
110 9 0.731515
110 11 0.713779
110 14 0.678947
110 8 0.839007
110 12 0.787889
110 13 0.798193
110 10 0.882343
110 31 0.811049
110 33 1.035722
110 32 1.375587
110 5 1.795062
110 4 1.837909
110 2 1.930245
110 7 1.823345
110 24 1.720396
110 20 1.761247
110 15 1.827187
110 25 1.729704
110 1 2.148330
110 29 1.691426
110 21 1.828475
110 30 1.734692
110 28 1.741820
110 50 1.478871
110 0 2.275253
110 17 1.924658
110 44 1.656237
110 18 2.009680
110 40 1.937209
110 47 1.975510
110 43 2.163524
110 45 2.169974
110 19 2.490901
110 49 2.115143
110 22 2.529648
110 6 2.770982
110 34 2.439433
110 16 2.649785
110 38 2.480453
110 42 2.406252
110 48 2.302746
110 35 2.645018
110 23 2.863393
110 46 2.579188
110 37 2.735416
110 3 3.188896
110 39 2.729182
110 27 2.831437
110 41 2.721379
110 26 2.895845
110 36 2.966832
111 8 0.628577
111 9 0.628366
111 12 0.701546
111 30 0.692462
111 13 0.731860
111 5 0.759906
111 11 0.797698
111 3 0.804668
111 15 1.091196
111 44 1.142463
111 4 1.212830
111 29 1.218247
111 31 1.229001
111 19 1.290572
111 0 1.321769
111 28 1.343565
111 14 1.372144
111 16 1.371733
111 32 1.486584
111 7 1.516987
111 2 1.521431
111 22 1.504375
111 10 1.599469
111 17 1.682048
111 6 1.855270
111 38 1.875920
111 47 1.940135
111 33 1.967694
111 21 2.023505
111 18 2.041821
111 23 2.051081
111 20 2.076270
111 1 2.106007
111 36 2.086836
111 50 2.111513
111 45 2.176541
111 26 2.201236
111 46 2.186787
111 43 2.226841
111 34 2.252239
111 25 2.290511
111 48 2.313686
111 42 2.349056
111 39 2.361354
111 27 2.417504
111 37 2.433466
111 41 2.430241
111 49 2.603552
111 40 2.625336
111 24 2.678081
111 35 2.849032
112 10 0.807937
112 11 0.931838
112 30 0.923705
112 44 0.920619
112 28 1.094369
112 12 1.122733
112 32 1.376393
112 29 1.636894
112 13 1.777660
112 17 1.802244
112 3 1.876419
112 27 1.864886
112 1 1.927472
112 2 2.168020
112 31 2.148455
112 15 2.202745
112 8 2.233570
112 19 2.245853
112 40 2.228709
112 22 2.263533
112 36 2.238041
112 9 2.322665
112 24 2.403297
112 5 2.453492
112 20 2.466757
112 34 2.490706
112 33 2.515579
112 0 2.589027
112 35 2.676748
112 39 2.671907
112 47 2.658479
112 21 2.707188
112 46 2.661768
112 37 2.679067
112 14 2.818417
112 26 2.928186
112 41 2.922853
112 49 2.962350
112 4 3.096577
112 7 3.147620
112 25 3.246183
112 38 3.238070
112 48 3.238605
112 50 3.252026
112 45 3.262934
112 42 3.304634
112 43 3.339083
112 23 3.568537
112 6 3.627391
112 16 3.882664
112 18 3.903901
113 8 0.849857
113 13 1.014682
113 32 0.991882
113 9 1.137834
113 31 1.173807
113 12 1.255407
113 44 1.301409
113 14 1.357624
113 10 1.617052
113 7 1.707374
113 3 1.756847
113 42 1.763321
113 11 2.005978
113 1 2.022931
113 30 2.008754
113 35 2.008590
113 29 2.019910
113 28 2.045604
113 0 2.085610
113 33 2.073747
113 6 2.131824
113 43 2.117183
113 4 2.172378
113 15 2.249422
113 41 2.229236
113 5 2.415459
113 2 2.478879
113 34 2.509032
113 37 2.541794
113 45 2.545609
113 46 2.576889
113 49 2.586572
113 19 2.655361
113 22 2.676897
113 21 2.719026
113 17 2.755105
113 20 2.758189
113 25 2.818750
113 24 2.871756
113 39 2.885318
113 18 2.919477
113 50 2.884663
113 36 2.922337
113 38 2.920588
113 47 2.962261
113 48 3.023961
113 26 3.063154
113 16 3.169348
113 40 3.173450
113 23 3.232972
113 27 3.415070
114 44 0.838415
114 10 0.947340
114 12 0.982977
114 9 1.240844
114 0 1.323971
114 33 1.479160
114 1 1.581297
114 11 1.668162
114 2 1.722524
114 40 1.706191
114 8 1.750140
114 28 1.740257
114 29 1.765956
114 37 1.882500
114 31 2.020566
114 26 2.040619
114 42 2.026884
114 27 2.064476
114 20 2.095753
114 32 2.083998
114 14 2.101701
114 30 2.100130
114 24 2.115349
114 13 2.158583
114 3 2.184965
114 22 2.240087
114 43 2.328699
114 25 2.354537
114 17 2.387121
114 6 2.632021
114 47 2.620527
114 46 2.674322
114 34 2.696179
114 7 2.773167
114 5 2.837898
114 48 2.806845
114 35 2.834187
114 45 2.870015
114 23 2.942360
114 36 2.939896
114 15 2.988992
114 18 2.993137
114 4 3.028366
114 39 3.053035
114 19 3.091371
114 50 3.094913
114 21 3.182823
114 41 3.245803
114 38 3.345628
114 16 3.374316
114 49 3.486475
115 9 0.747295
115 8 0.760631
115 11 0.759075
115 13 0.794914
115 14 0.862288
115 10 0.877700
115 44 0.943296
115 12 1.249214
115 25 1.276754
115 17 1.314569
115 1 1.349161
115 0 1.362058
115 19 1.381479
115 6 1.410870
115 28 1.400246
115 3 1.466450
115 2 1.589844
115 27 1.637561
115 21 1.662018
115 32 1.658148
115 5 1.713901
115 20 1.723789
115 22 1.748497
115 31 1.830171
115 4 1.872480
115 30 1.949698
115 36 1.953513
115 18 1.980121
115 29 1.967132
115 48 1.940904
115 33 1.976710
115 23 2.019913
115 16 2.161926
115 15 2.245200
115 49 2.252534
115 24 2.304337
115 45 2.374111
115 47 2.394834
115 7 2.466589
115 41 2.444530
115 38 2.457729
115 26 2.485931
115 46 2.473691
115 39 2.563418
115 43 2.592610
115 34 2.616993
115 50 2.681687
115 40 2.705688
115 42 2.772934
115 37 2.800490
115 35 2.873668
116 9 0.708588
116 14 0.646660
116 13 0.654068
116 10 0.759207
116 8 0.802588
116 12 0.708590
116 11 0.809231
116 29 0.599430
116 28 0.696169
116 30 0.684447
116 31 0.722185
116 32 0.960283
116 33 0.999544
116 4 1.690248
116 0 1.791429
116 1 1.800286
116 6 1.761063
116 2 1.827456
116 25 1.657753
116 44 1.175530
116 19 1.794720
116 16 1.867600
116 15 1.874208
116 26 1.807835
116 22 1.916578
116 21 1.929945
116 3 2.225043
116 18 2.036407
116 23 2.079471
116 5 2.462859
116 17 2.286622
116 7 2.484580
116 46 1.790766
116 34 2.062189
116 36 2.067045
116 42 1.901243
116 24 2.349010
116 38 1.989705
116 35 2.209829
116 48 1.981178
116 50 1.898276
116 39 2.137545
116 43 2.087430
116 49 1.988055
116 37 2.328060
116 41 2.192404
116 20 2.710701
116 40 2.312190
116 47 2.279608
116 27 2.761996
116 45 2.491804
117 8 0.740167
117 9 0.785175
117 11 0.832496
117 13 0.934567
117 29 1.125224
117 33 1.160682
117 28 1.560518
117 20 1.573530
117 19 1.575711
117 21 1.573847
117 6 1.675965
117 3 1.789437
117 1 1.838936
117 5 1.945484
117 31 1.976053
117 25 2.045427
117 42 2.072865
117 24 2.141111
117 15 2.175863
117 26 2.198554
117 32 2.189723
117 7 2.244601
117 48 2.184384
117 0 2.420525
117 43 2.366187
117 22 2.402840
117 38 2.379202
117 46 2.360681
117 12 2.466359
117 30 2.468310
117 37 2.509425
117 14 2.619528
117 47 2.566419
117 44 2.572979
117 4 2.750225
117 18 2.775673
117 10 2.832945
117 49 2.800751
117 34 2.832185
117 40 2.874892
117 35 2.950218
117 2 3.015520
117 23 3.068798
117 41 3.078137
117 27 3.121362
117 50 3.191861
117 45 3.245547
117 36 3.281581
117 17 3.368330
117 39 3.392093
117 16 3.910558
118 11 0.908141
118 9 1.022090
118 10 1.047365
118 8 1.105145
118 12 1.051413
118 14 0.983530
118 13 1.162865
118 31 0.718027
118 29 0.820426
118 28 0.908790
118 32 0.854686
118 30 0.914777
118 33 1.014607
118 5 1.998110
118 2 2.164892
118 1 2.198909
118 44 1.076570
118 0 2.289382
118 21 1.776901
118 25 1.753496
118 3 2.499114
118 26 1.925046
118 16 2.149613
118 19 2.095941
118 24 1.977404
118 6 2.574064
118 34 1.836039
118 23 2.110629
118 15 2.298891
118 20 2.217542
118 22 2.317356
118 27 2.370977
118 4 3.063505
118 46 1.957999
118 50 1.844492
118 17 2.682430
118 7 3.215786
118 48 2.303263
118 18 3.011767
118 42 2.441626
118 47 2.402713
118 37 2.662284
118 43 2.545136
118 36 2.756613
118 40 2.651144
118 38 2.803363
118 49 2.645721
118 39 2.899122
118 45 2.819945
118 35 3.196777
118 41 3.071686
119 13 0.937796
119 33 1.050977
119 10 1.127226
119 31 1.113138
119 9 1.152128
119 12 1.165693
119 11 1.314075
119 8 1.395803
119 28 1.443877
119 30 1.469480
119 32 1.511401
119 29 1.691498
119 49 1.778163
119 48 1.797515
119 50 1.959987
119 0 2.036298
119 35 2.025065
119 14 2.140526
119 17 2.193941
119 36 2.167790
119 22 2.324940
119 3 2.345289
119 44 2.304678
119 1 2.357147
119 4 2.359246
119 6 2.558094
119 21 2.543433
119 15 2.767187
119 42 2.740425
119 45 2.778912
119 2 2.846549
119 40 2.928397
119 20 2.990525
119 18 3.058102
119 46 3.180587
119 41 3.235428
119 39 3.239321
119 24 3.270769
119 5 3.323685
119 37 3.286583
119 47 3.279318
119 16 3.333610
119 7 3.350214
119 27 3.458081
119 25 3.493646
119 19 3.508981
119 34 3.496869
119 43 3.579969
119 26 3.662702
119 23 3.707635
119 38 3.786752
120 11 0.878777
120 9 0.968107
120 8 1.057055
120 12 1.003160
120 13 1.015980
120 10 1.160418
120 14 1.211166
120 29 1.034388
120 31 1.374519
120 33 1.292619
120 30 1.449243
120 1 2.474033
120 22 1.987879
120 3 2.472885
120 44 1.342857
120 17 2.094033
120 5 2.495373
120 23 2.128941
120 6 2.551416
120 4 2.683979
120 0 2.838644
120 28 2.181191
120 24 2.232554
120 19 2.319467
120 32 2.177293
120 35 2.323365
120 26 2.557508
120 21 2.607733
120 15 2.743700
120 36 2.344972
120 42 2.063651
120 39 2.424389
120 27 2.860168
120 18 2.967242
120 16 3.014249
120 25 2.987559
120 2 3.524637
120 34 2.760432
120 50 2.374862
120 43 2.602777
120 46 2.667855
120 41 2.945633
120 7 3.780499
120 38 3.273678
120 20 3.640454
120 45 3.012178
120 49 2.977835
120 47 3.060986
120 48 3.064427
120 40 3.491199
120 37 3.538446
