21 1 0.164973
21 0 0.195534
21 2 0.225950
21 9 0.225721
21 10 0.264475
21 14 0.268128
21 15 0.270967
21 7 0.295140
21 4 0.305624
21 5 0.310451
21 8 0.309923
21 12 0.305534
21 17 0.297567
21 38 0.294573
21 28 0.307767
21 30 0.308004
21 20 0.320699
21 33 0.309719
21 29 0.315356
21 11 0.337287
21 26 0.320301
21 16 0.333348
21 24 0.323354
21 32 0.315904
21 31 0.317992
21 44 0.300564
21 25 0.327217
21 13 0.342313
21 34 0.319974
21 50 0.296251
21 43 0.306995
21 42 0.308563
21 47 0.304410
21 46 0.307199
21 22 0.339002
21 27 0.336344
21 18 0.347654
21 36 0.327330
21 45 0.312758
21 23 0.343261
21 48 0.310316
21 40 0.323986
21 3 0.369602
21 6 0.366738
21 35 0.337075
21 37 0.335067
21 39 0.331925
21 19 0.357443
21 49 0.318214
21 21 0.356388
21 41 0.330169
22 1 0.165905
22 0 0.171488
22 5 0.180721
22 3 0.192130
22 4 0.226042
22 6 0.237956
22 10 0.270099
22 2 0.285821
22 33 0.280202
22 28 0.287122
22 41 0.278214
22 8 0.326623
22 31 0.300905
22 9 0.334179
22 14 0.331170
22 45 0.293768
22 29 0.316046
22 32 0.314182
22 13 0.338526
22 15 0.338667
22 30 0.320602
22 18 0.336528
22 39 0.308929
22 11 0.344602
22 44 0.304985
22 35 0.326192
22 17 0.352327
22 12 0.358379
22 34 0.335648
22 27 0.345193
22 7 0.367932
22 36 0.334866
22 24 0.353598
22 20 0.359970
22 43 0.330117
22 21 0.361766
22 25 0.356047
22 16 0.368548
22 26 0.355662
22 37 0.343720
22 40 0.339606
22 50 0.326806
22 49 0.328162
22 42 0.339516
22 22 0.366112
22 19 0.371963
22 47 0.333704
22 46 0.335987
22 23 0.368526
22 38 0.355989
22 48 0.344180
23 3 0.163459
23 2 0.169325
23 0 0.171612
23 4 0.168661
23 1 0.175634
23 8 0.212888
23 5 0.230907
23 7 0.239814
23 6 0.260716
23 11 0.290842
23 10 0.302783
23 42 0.264451
23 13 0.309271
23 35 0.287094
23 12 0.320028
23 19 0.312642
23 15 0.323545
23 50 0.277260
23 33 0.302847
23 28 0.310452
23 30 0.308505
23 38 0.296688
23 26 0.314325
23 9 0.334808
23 21 0.321327
23 29 0.312441
23 14 0.331132
23 39 0.297992
23 31 0.310745
23 43 0.293480
23 27 0.316415
23 25 0.319538
23 32 0.312747
23 44 0.296044
23 22 0.330676
23 17 0.339172
23 24 0.331876
23 45 0.303195
23 20 0.339225
23 34 0.323201
23 16 0.347237
23 47 0.305846
23 46 0.311170
23 36 0.326462
23 23 0.343802
23 37 0.327144
23 40 0.322681
23 18 0.354917
23 48 0.316180
23 49 0.317021
23 41 0.327838
24 0 0.479193
24 4 0.489326
24 8 0.489179
24 5 0.495243
24 3 0.499975
24 2 0.501227
24 9 0.501512
24 1 0.517516
24 7 0.515534
24 10 0.513577
24 13 0.517299
24 44 0.321707
24 6 0.534829
24 14 0.533759
24 17 0.549103
24 32 0.531218
24 39 0.408572
24 20 0.549151
24 34 0.522955
24 12 0.568251
24 48 0.335982
24 23 0.556324
24 33 0.528892
24 28 0.549814
24 29 0.550321
24 42 0.397175
24 11 0.574871
24 41 0.402200
24 24 0.560173
24 31 0.550043
24 30 0.557130
24 21 0.569598
24 27 0.561656
24 50 0.346202
24 19 0.575039
24 18 0.577742
24 47 0.355478
24 38 0.541753
24 26 0.572714
24 36 0.546195
24 46 0.380897
24 37 0.547058
24 15 0.592558
24 25 0.579761
24 16 0.590807
24 43 0.409481
24 40 0.445347
24 22 0.585767
24 49 0.365234
24 35 0.554477
24 45 0.395503
25 2 0.161840
25 0 0.164844
25 3 0.175087
25 1 0.198359
25 5 0.205573
25 4 0.229993
25 6 0.254935
25 16 0.261503
25 7 0.283848
25 8 0.301037
25 10 0.325886
25 19 0.377060
25 14 0.397474
25 9 0.405679
25 13 0.443503
25 12 0.446921
25 17 0.477461
25 29 0.558721
25 15 0.579902
25 30 0.558492
25 33 0.554190
25 11 0.587764
25 31 0.563313
25 44 0.584527
25 36 0.599524
25 32 0.661682
25 23 0.676396
25 45 0.644611
25 41 0.652751
25 43 0.650859
25 25 0.678516
25 47 0.650609
25 48 0.650242
25 22 0.688029
25 49 0.651538
25 46 0.655818
25 18 0.695415
25 20 0.693657
25 28 0.681959
25 21 0.736913
25 50 0.697580
25 38 0.715488
25 24 0.734772
25 39 0.716571
25 27 0.732978
25 42 0.712369
25 26 0.735048
25 34 0.724631
25 37 0.724004
25 40 0.732213
25 35 0.751028
26 10 0.226212
26 0 0.236151
26 9 0.259513
26 7 0.272656
26 21 0.287109
26 19 0.298042
26 14 0.306339
26 20 0.300844
26 18 0.303543
26 23 0.298687
26 5 0.319444
26 3 0.322587
26 29 0.298367
26 6 0.324747
26 13 0.319058
26 17 0.316218
26 22 0.312816
26 11 0.324012
26 12 0.323221
26 8 0.327562
26 28 0.308534
26 27 0.314949
26 26 0.317261
26 24 0.323382
26 25 0.326604
26 1 0.350736
26 16 0.339960
26 2 0.355652
26 30 0.330389
26 4 0.358680
26 15 0.352592
26 32 0.338776
26 35 0.380460
26 31 0.389557
26 34 0.415136
26 33 0.436141
26 37 0.462187
26 39 0.527499
26 36 0.531247
26 46 0.528490
26 38 0.542554
26 41 0.545881
26 50 0.597424
26 44 0.608157
26 42 0.613667
26 43 0.615260
26 40 0.620587
26 48 0.610637
26 47 0.618668
26 49 0.643180
26 45 0.701232
27 0 0.089216
27 2 0.200561
27 1 0.202127
27 6 0.207497
27 10 0.245595
27 13 0.274422
27 5 0.301353
27 8 0.316331
27 23 0.303087
27 30 0.294083
27 26 0.302965
27 25 0.304966
27 24 0.310851
27 12 0.326099
27 28 0.307662
27 27 0.308779
27 29 0.307199
27 19 0.322806
27 22 0.319453
27 11 0.331465
27 33 0.307998
27 9 0.335848
27 31 0.311254
27 7 0.339423
27 4 0.342347
27 21 0.326833
27 20 0.330579
27 32 0.316268
27 17 0.336079
27 18 0.335402
27 14 0.339310
27 16 0.339227
27 3 0.352714
27 15 0.343698
27 34 0.327661
27 37 0.364718
27 36 0.392153
27 39 0.409710
27 35 0.441753
27 38 0.464269
27 41 0.469300
27 42 0.514524
27 47 0.512662
27 50 0.528929
27 48 0.545049
27 40 0.570151
27 46 0.579914
27 43 0.589928
27 49 0.597540
27 44 0.618229
27 45 0.798398
28 0 0.177319
28 1 0.182578
28 3 0.226747
28 4 0.249712
28 9 0.251016
28 14 0.291251
28 16 0.310825
28 13 0.318030
28 25 0.310708
28 30 0.311694
28 33 0.314381
28 10 0.341932
28 43 0.306575
28 22 0.331643
28 17 0.339575
28 31 0.324008
28 38 0.316974
28 23 0.334330
28 21 0.337027
28 49 0.304891
28 18 0.344500
28 15 0.349577
28 11 0.353487
28 41 0.319961
28 20 0.345069
28 19 0.347230
28 6 0.360436
28 7 0.360845
28 5 0.363095
28 40 0.325161
28 8 0.362075
28 2 0.368719
28 12 0.362988
28 42 0.341116
28 28 0.359267
28 34 0.354054
28 29 0.359658
28 47 0.337675
28 32 0.361760
28 27 0.368354
28 35 0.361460
28 50 0.342461
28 45 0.350780
28 44 0.357338
28 46 0.355319
28 24 0.382345
28 39 0.367417
28 37 0.374593
28 36 0.376819
28 26 0.387322
28 48 0.363741
29 0 0.167829
29 2 0.210726
29 5 0.217429
29 3 0.224666
29 10 0.233333
29 1 0.245657
29 4 0.255791
29 7 0.325952
29 33 0.303994
29 12 0.352625
29 11 0.354130
29 9 0.356344
29 30 0.331638
29 32 0.333916
29 44 0.316186
29 8 0.364559
29 13 0.364974
29 28 0.346459
29 15 0.369012
29 31 0.355185
29 14 0.377290
29 29 0.358000
29 39 0.344787
29 26 0.366743
29 17 0.383809
29 6 0.400486
29 18 0.390160
29 24 0.382327
29 21 0.386678
29 16 0.394610
29 22 0.387351
29 25 0.389021
29 37 0.377540
29 42 0.370424
29 35 0.383319
29 34 0.385233
29 45 0.372625
29 40 0.384571
29 27 0.405234
29 41 0.386690
29 23 0.412467
29 36 0.400814
29 47 0.385509
29 49 0.383191
29 48 0.385309
29 20 0.429847
29 19 0.435575
29 46 0.399542
29 38 0.413221
29 50 0.402447
29 43 0.418363
30 9 0.319911
30 5 0.338329
30 1 0.376246
30 8 0.337502
30 7 0.338813
30 10 0.334114
30 0 0.391676
30 6 0.368893
30 2 0.404338
30 4 0.432333
30 11 0.302289
30 13 0.176183
30 14 0.176577
30 3 0.475675
30 12 0.211775
30 15 0.179054
30 17 0.180170
30 16 0.244487
30 20 0.236119
30 19 0.246524
30 22 0.252797
30 18 0.270723
30 24 0.257661
30 21 0.261356
30 32 0.246696
30 31 0.248373
30 33 0.249655
30 28 0.266868
30 29 0.263728
30 23 0.279214
30 30 0.266203
30 44 0.237182
30 25 0.282361
30 34 0.268323
30 40 0.257416
30 42 0.254373
30 38 0.265345
30 47 0.238338
30 26 0.293423
30 27 0.292836
30 45 0.250365
30 35 0.278705
30 46 0.249429
30 50 0.235543
30 41 0.269045
30 39 0.273719
30 37 0.279692
30 36 0.282639
30 48 0.249308
30 49 0.247002
30 43 0.271463
31 0 0.162731
31 3 0.201244
31 5 0.218330
31 2 0.242670
31 1 0.246437
31 8 0.240839
31 6 0.248456
31 4 0.278043
31 10 0.290627
31 13 0.301144
31 7 0.323466
31 11 0.321566
31 15 0.329344
31 12 0.367469
31 20 0.373426
31 16 0.384565
31 17 0.411776
31 26 0.425959
31 23 0.463179
31 14 0.541306
31 19 0.541930
31 24 0.543102
31 28 0.545891
31 21 0.560797
31 33 0.549490
31 38 0.566053
31 31 0.578612
31 29 0.606061
31 42 0.591056
31 9 0.637498
31 30 0.650113
31 43 0.636421
31 36 0.657471
31 22 0.679446
31 45 0.646155
31 34 0.691618
31 44 0.685657
31 47 0.681811
31 32 0.703705
31 39 0.694690
31 27 0.712425
31 46 0.685342
31 50 0.686584
31 25 0.725022
31 49 0.710056
31 35 0.730778
31 40 0.739522
31 37 0.800521
31 41 0.805594
31 48 0.795663
31 18 0.884563
32 0 0.124636
32 4 0.201627
32 1 0.228316
32 3 0.226631
32 2 0.235948
32 9 0.232737
32 11 0.247175
32 7 0.267560
32 8 0.298209
32 14 0.307916
32 12 0.312040
32 10 0.314100
32 28 0.294412
32 13 0.318600
32 20 0.327830
32 6 0.355849
32 15 0.348040
32 18 0.345614
32 17 0.350290
32 5 0.364870
32 22 0.347524
32 25 0.342735
32 21 0.350983
32 16 0.357466
32 19 0.354881
32 24 0.348138
32 23 0.355418
32 31 0.373523
32 27 0.378180
32 30 0.378647
32 26 0.394239
32 29 0.410760
32 32 0.469126
32 33 0.506493
32 34 0.600701
32 44 0.590854
32 35 0.613796
32 47 0.599826
32 43 0.601987
32 49 0.600049
32 40 0.673633
32 38 0.682733
32 39 0.703172
32 48 0.719276
32 50 0.729701
32 37 0.757000
32 36 0.772104
32 45 0.762960
32 46 0.802195
32 42 0.825407
32 41 0.847432
33 2 0.115973
33 0 0.149105
33 1 0.207079
33 3 0.226847
33 31 0.306681
33 30 0.316342
33 10 0.342209
33 33 0.320604
33 8 0.353550
33 11 0.351623
33 32 0.329244
33 28 0.339954
33 9 0.366719
33 14 0.362585
33 18 0.378059
33 29 0.376526
33 7 0.406218
33 16 0.402111
33 21 0.402648
33 34 0.384459
33 24 0.398123
33 27 0.395085
33 26 0.397164
33 22 0.413506
33 13 0.423334
33 36 0.394637
33 23 0.413022
33 4 0.438833
33 17 0.428436
33 19 0.430051
33 25 0.422823
33 6 0.443453
33 20 0.433468
33 5 0.451783
33 12 0.470161
33 35 0.463871
33 37 0.503514
33 15 0.545862
33 44 0.594342
33 38 0.618176
33 39 0.670195
33 41 0.672386
33 49 0.666432
33 46 0.675072
33 45 0.731986
33 40 0.741128
33 42 0.752969
33 43 0.826864
33 47 0.823104
33 50 0.889907
33 48 0.894361
34 6 0.282367
34 1 0.298538
34 14 0.286295
34 4 0.299008
34 0 0.310441
34 30 0.309911
34 32 0.345174
34 10 0.369468
34 12 0.368664
34 31 0.349433
34 13 0.370565
34 38 0.342728
34 8 0.376574
34 15 0.370437
34 28 0.356746
34 7 0.381671
34 22 0.365157
34 36 0.351998
34 39 0.348274
34 21 0.368780
34 18 0.373785
34 29 0.362068
34 20 0.373828
34 17 0.378732
34 9 0.387899
34 40 0.353489
34 5 0.394300
34 19 0.379205
34 42 0.353242
34 47 0.352550
34 44 0.356830
34 11 0.399951
34 16 0.395733
34 43 0.367473
34 26 0.387818
34 35 0.379101
34 25 0.389735
34 33 0.385520
34 3 0.423815
34 2 0.428468
34 50 0.376612
34 45 0.386451
34 46 0.389972
34 24 0.418683
34 34 0.412427
34 37 0.409096
34 27 0.420082
34 23 0.427504
34 48 0.407015
34 49 0.410479
34 41 0.426816
35 1 0.439608
35 8 0.322854
35 3 0.453908
35 9 0.325801
35 0 0.479549
35 13 0.245828
35 14 0.245865
35 6 0.475181
35 2 0.487373
35 11 0.264587
35 12 0.263471
35 5 0.510346
35 10 0.297682
35 4 0.520783
35 7 0.427115
35 17 0.265180
35 19 0.260662
35 15 0.335955
35 21 0.282496
35 18 0.298629
35 29 0.259937
35 16 0.360129
35 20 0.342096
35 32 0.265684
35 30 0.275065
35 33 0.260296
35 28 0.285850
35 25 0.324128
35 31 0.284003
35 44 0.238412
35 23 0.357386
35 24 0.355633
35 50 0.247348
35 22 0.368526
35 35 0.301618
35 42 0.279944
35 38 0.304884
35 37 0.310339
35 26 0.363738
35 45 0.297452
35 41 0.311380
35 34 0.330800
35 49 0.284854
35 36 0.328941
35 27 0.366687
35 47 0.291336
35 46 0.291969
35 39 0.324950
35 43 0.313224
35 48 0.300962
35 40 0.333332
36 13 0.490445
36 12 0.525570
36 15 0.596185
36 5 0.608035
36 19 0.595836
36 44 0.572084
36 42 0.575751
36 4 0.627172
36 6 0.626736
36 1 0.632207
36 9 0.643674
36 47 0.606527
36 29 0.624814
36 28 0.626410
36 46 0.619519
36 20 0.664055
36 21 0.701490
36 32 0.694347
36 10 0.717101
36 30 0.697279
36 27 0.702723
36 8 0.723463
36 31 0.701452
36 34 0.699446
36 50 0.683910
36 23 0.711129
36 0 0.734832
36 48 0.687355
36 17 0.719671
36 14 0.723488
36 38 0.700331
36 45 0.693909
36 24 0.714821
36 40 0.699476
36 16 0.723507
36 37 0.703221
36 3 0.737664
36 43 0.697989
36 33 0.707615
36 22 0.719081
36 11 0.730644
36 7 0.735240
36 35 0.711162
36 18 0.728761
36 2 0.748725
36 26 0.725010
36 25 0.734809
36 49 0.720957
36 39 0.731395
36 36 0.735206
36 41 0.731055
37 0 0.229320
37 1 0.234553
37 4 0.254579
37 10 0.249586
37 2 0.264562
37 3 0.267644
37 8 0.287743
37 17 0.285240
37 13 0.293580
37 12 0.302648
37 11 0.314897
37 6 0.328928
37 7 0.356234
37 20 0.346175
37 14 0.361644
37 15 0.363975
37 16 0.387179
37 19 0.437720
37 18 0.505810
37 9 0.534170
37 5 0.585849
37 21 0.605497
37 28 0.621258
37 29 0.624681
37 25 0.631348
37 47 0.605937
37 27 0.640448
37 26 0.671287
37 30 0.667781
37 22 0.680061
37 40 0.658623
37 39 0.659906
37 33 0.668395
37 36 0.664950
37 44 0.661115
37 42 0.684199
37 31 0.710472
37 32 0.709760
37 43 0.703760
37 23 0.751184
37 50 0.731731
37 35 0.765661
37 24 0.797342
37 49 0.937684
37 45 0.951743
37 38 0.970032
37 37 0.972296
37 46 0.962273
37 34 1.002273
37 41 0.993767
37 48 0.990522
38 0 0.187161
38 1 0.266462
38 3 0.342497
38 11 0.335031
38 2 0.349192
38 30 0.348156
38 8 0.390040
38 5 0.399098
38 9 0.397281
38 13 0.397859
38 32 0.407973
38 14 0.430412
38 28 0.440985
38 15 0.457979
38 29 0.441015
38 33 0.436520
38 16 0.458584
38 44 0.421675
38 23 0.451505
38 20 0.456008
38 6 0.470147
38 4 0.476515
38 18 0.465694
38 12 0.471872
38 22 0.467598
38 31 0.456697
38 10 0.484057
38 43 0.450001
38 45 0.447944
38 48 0.447494
38 41 0.463583
38 21 0.492841
38 40 0.475617
38 42 0.475413
38 25 0.501003
38 7 0.524311
38 26 0.506225
38 19 0.520186
38 24 0.521495
38 39 0.507811
38 38 0.513822
38 35 0.520292
38 50 0.502265
38 47 0.507493
38 27 0.535218
38 17 0.549345
38 34 0.539483
38 37 0.542286
38 49 0.532031
38 46 0.550417
38 36 0.574647
39 10 0.519866
39 8 0.530775
39 12 0.533927
39 13 0.529876
39 11 0.538211
39 0 0.566321
39 3 0.586752
39 1 0.592873
39 2 0.609523
39 9 0.608926
39 18 0.631116
39 6 0.653250
39 20 0.628645
39 4 0.668058
39 32 0.578169
39 33 0.583224
39 48 0.397926
39 16 0.659695
39 5 0.681280
39 14 0.664196
39 31 0.603951
39 39 0.464779
39 44 0.456868
39 45 0.452672
39 30 0.639964
39 28 0.692737
39 7 0.726121
39 41 0.487278
39 36 0.620359
39 22 0.706868
39 29 0.695513
39 17 0.717029
39 21 0.716687
39 24 0.715770
39 15 0.726980
39 19 0.729931
39 50 0.466816
39 40 0.527773
39 46 0.495440
39 42 0.526672
39 27 0.739720
39 37 0.566763
39 26 0.755733
39 23 0.773738
39 47 0.528777
39 38 0.593533
39 49 0.523450
39 25 0.785983
39 35 0.707873
39 43 0.573760
39 34 0.714693
40 0 0.161300
40 3 0.210859
40 5 0.212264
40 2 0.267468
40 6 0.287660
40 4 0.297485
40 1 0.308551
40 12 0.341567
40 21 0.394129
40 14 0.445264
40 15 0.452508
40 16 0.586457
40 9 0.688896
40 10 0.749797
40 23 0.740503
40 17 0.748486
40 13 0.755500
40 8 0.757521
40 19 0.748676
40 30 0.737673
40 11 0.754005
40 18 0.764795
40 26 0.754604
40 22 0.760626
40 31 0.750691
40 32 0.782466
40 27 0.788369
40 43 0.782888
40 36 0.794351
40 25 0.808575
40 41 0.786603
40 48 0.848660
40 20 0.888167
40 7 0.904718
40 33 0.884044
40 29 0.891294
40 40 0.875332
40 34 0.887881
40 28 0.895052
40 49 0.881770
40 46 0.885527
40 35 0.933097
40 47 0.926627
40 38 1.011102
40 44 1.002877
40 45 1.017347
40 50 1.015094
40 39 1.030083
40 42 1.026255
40 24 1.068172
40 37 1.067242
41 8 0.240486
41 0 0.278848
41 6 0.305925
41 5 0.322303
41 1 0.327604
41 20 0.346450
41 30 0.337324
41 44 0.329094
41 2 0.388877
41 10 0.395755
41 12 0.394839
41 28 0.377504
41 14 0.408477
41 22 0.400148
41 18 0.406444
41 9 0.418808
41 19 0.408169
41 11 0.420060
41 16 0.418112
41 32 0.407440
41 31 0.409781
41 3 0.443772
41 13 0.442135
41 39 0.406845
41 37 0.412705
41 33 0.426253
41 15 0.452882
41 29 0.447321
41 48 0.410642
41 46 0.425962
41 26 0.463244
41 21 0.471974
41 34 0.461906
41 43 0.440473
41 42 0.481657
41 35 0.508344
41 4 0.547450
41 36 0.509906
41 27 0.528387
41 45 0.495727
41 41 0.511562
41 23 0.544744
41 24 0.545709
41 40 0.519988
41 7 0.574195
41 17 0.575652
41 38 0.555120
41 25 0.585150
41 49 0.546473
41 47 0.565758
41 50 0.566569
42 0 0.241120
42 1 0.244036
42 8 0.261110
42 2 0.272639
42 34 0.312977
42 4 0.349831
42 29 0.329844
42 14 0.361513
42 12 0.371934
42 10 0.377665
42 17 0.371416
42 5 0.407081
42 28 0.381578
42 23 0.390839
42 3 0.412480
42 30 0.386597
42 21 0.400029
42 13 0.409508
42 9 0.413882
42 11 0.413003
42 31 0.388285
42 33 0.385478
42 24 0.399667
42 27 0.410197
42 16 0.424904
42 26 0.417135
42 39 0.398451
42 19 0.431714
42 43 0.397745
42 44 0.401148
42 32 0.419317
42 20 0.436798
42 46 0.398926
42 45 0.405157
42 6 0.460824
42 37 0.427325
42 18 0.455395
42 35 1.861138
42 22 1.882283
42 25 1.878798
42 48 1.843321
42 38 1.859987
42 49 1.843265
42 40 1.858161
42 15 1.893967
42 7 1.901977
42 41 1.858266
42 47 1.848363
42 42 1.857167
42 50 1.844815
42 36 1.866209
43 3 0.238220
43 8 0.238092
43 0 0.284823
43 1 0.301067
43 2 0.312254
43 7 0.363434
43 12 0.356006
43 14 0.354287
43 9 0.391483
43 44 0.343305
43 10 0.420356
43 32 0.389901
43 21 0.458387
43 18 0.465089
43 33 0.444370
43 50 0.424056
43 4 0.498075
43 28 0.459872
43 30 0.467569
43 26 0.503974
43 31 0.495888
43 13 0.530634
43 11 0.533039
43 39 0.492671
43 29 0.506224
43 19 0.530982
43 20 0.530889
43 43 0.501075
43 5 0.562168
43 46 0.501328
43 45 0.508620
43 36 0.534085
43 38 0.533410
43 16 0.571465
43 17 0.570881
43 40 0.544337
43 6 0.599386
43 48 0.555264
43 42 0.570866
43 47 0.575193
43 35 0.599080
43 27 0.622695
43 15 0.648961
43 49 0.610337
43 24 0.647887
43 34 0.631500
43 23 0.655469
43 41 0.630222
43 37 0.653127
43 22 0.690703
43 25 0.690180
44 0 0.275614
44 3 0.331880
44 9 0.392828
44 1 0.400677
44 29 0.376558
44 12 0.398835
44 13 0.398653
44 11 0.412430
44 44 0.367264
44 4 0.428964
44 10 0.424425
44 6 0.429828
44 5 0.438878
44 7 0.439390
44 14 0.450302
44 31 0.480930
44 33 0.486822
44 8 0.519287
44 15 0.514294
44 28 0.504859
44 32 0.501940
44 17 0.522620
44 46 0.504887
44 30 0.530495
44 26 0.561428
44 16 0.575737
44 27 0.562295
44 25 0.572218
44 2 0.603369
44 35 0.604047
44 42 0.600367
44 38 0.612796
44 18 0.644670
44 45 0.609548
44 40 0.619723
44 49 0.607649
44 24 0.651625
44 47 0.621932
44 37 0.639192
44 19 0.670696
44 43 0.635423
44 34 0.657025
44 36 0.667505
44 20 0.691813
44 39 0.666259
44 50 0.655486
44 22 0.703573
44 41 0.678910
44 48 0.672483
44 21 0.732627
44 23 0.736625
45 30 0.361054
45 3 0.393832
45 8 0.414597
45 33 0.398736
45 11 0.435999
45 4 0.443656
45 5 0.443463
45 28 0.428664
45 29 0.428965
45 9 0.456129
45 44 0.413744
45 0 0.474791
45 2 0.491939
45 31 0.466811
45 12 0.500584
45 10 0.513788
45 32 0.499201
45 13 0.527259
45 20 0.521433
45 14 0.531036
45 16 0.530229
45 1 0.555010
45 25 0.543112
45 34 0.565726
45 18 0.590465
45 19 0.616890
45 50 0.580872
45 27 0.615402
45 46 0.594525
45 21 0.629684
45 26 0.626109
45 37 0.615609
45 6 0.656690
45 38 0.626732
45 48 0.628420
45 23 0.667808
45 40 0.655489
45 15 0.691634
45 36 0.669230
45 24 0.696525
45 22 0.705289
45 17 0.716397
45 49 0.679069
45 42 0.693735
45 45 0.694465
45 41 0.704843
45 7 0.746032
45 43 0.705476
45 35 0.718411
45 47 0.702882
45 39 0.726254
46 9 0.266923
46 0 0.280558
46 1 0.335155
46 12 0.337894
46 13 0.351114
46 14 0.357682
46 32 0.334817
46 10 0.375686
46 33 0.354163
46 3 0.413375
46 30 0.397054
46 11 0.424554
46 4 0.452191
46 29 0.427421
46 2 0.459832
46 28 0.433187
46 38 0.440874
46 6 0.487432
46 47 0.432977
46 8 0.487027
46 44 0.442708
46 7 0.492371
46 26 0.471172
46 49 0.448776
46 15 0.498645
46 5 0.519204
46 31 0.490714
46 46 0.468582
46 20 0.546545
46 43 0.524993
46 24 0.565409
46 22 0.571452
46 34 0.558149
46 25 0.571176
46 23 0.581009
46 39 0.558864
46 41 0.560713
46 35 0.576987
46 21 0.601864
46 19 0.606546
46 36 0.595337
46 16 0.640616
46 50 0.592558
46 42 0.605625
46 37 0.619091
46 40 0.620396
46 17 0.653545
46 27 0.645150
46 48 0.620239
46 45 0.630921
46 18 0.696692
47 9 0.472672
47 33 0.455169
47 1 0.493634
47 22 0.471435
47 44 0.455768
47 27 0.483020
47 8 0.504149
47 7 0.512313
47 4 0.520014
47 39 0.487812
47 10 0.532693
47 13 0.530464
47 30 0.512120
47 31 0.511964
47 32 0.513557
47 24 0.522791
47 43 0.501750
47 0 0.551706
47 14 0.539743
47 28 0.524634
47 29 0.533840
47 16 0.549518
47 12 0.555767
47 20 0.552040
47 23 0.554832
47 11 0.580678
47 49 0.537179
47 15 0.582675
47 6 0.591982
47 21 0.580991
47 17 0.589078
47 37 0.570019
47 19 0.593721
47 35 0.608613
47 41 0.604934
47 2 0.656109
47 26 0.633066
47 25 0.641026
47 3 0.672874
47 18 0.658547
47 48 0.625998
47 5 0.706915
47 34 0.689249
47 40 0.681572
47 45 0.682243
47 38 0.697360
47 36 0.715585
47 46 0.700532
47 47 0.732257
47 42 0.754455
47 50 0.751699
48 2 0.384163
48 9 0.388824
48 12 0.387775
48 30 0.366685
48 4 0.409047
48 32 0.382545
48 0 0.418168
48 8 0.430493
48 10 0.436813
48 5 0.498353
48 3 0.500759
48 7 0.497578
48 33 0.470386
48 44 0.464369
48 31 0.482527
48 20 0.499189
48 14 0.517440
48 28 0.502313
48 15 0.523615
48 13 0.541391
48 11 0.544041
48 6 0.552069
48 17 0.546724
48 1 0.574100
48 29 0.548440
48 25 0.555547
48 16 0.597080
48 35 0.581582
48 34 0.589565
48 36 0.590651
48 19 0.612784
48 23 0.633779
48 45 0.614182
48 38 0.652087
48 46 0.648981
48 18 0.689783
48 42 0.663712
48 50 0.661506
48 40 0.679801
48 27 0.700221
48 24 0.706114
48 22 0.711630
48 48 0.680446
48 47 0.684252
48 26 0.716563
48 37 0.710079
48 21 0.737607
48 39 0.719907
48 49 0.711359
48 43 0.734351
48 41 0.756079
49 8 0.314699
49 0 0.350587
49 13 0.383006
49 12 0.511541
49 29 0.492927
49 1 0.525614
49 32 0.491353
49 18 0.505771
49 10 0.517822
49 11 0.516861
49 31 0.497455
49 9 0.523045
49 4 0.536776
49 5 0.536162
49 3 0.539566
49 28 0.511736
49 30 0.532205
49 15 0.551286
49 2 0.566643
49 14 0.553152
49 16 0.551425
49 33 0.532268
49 7 0.576876
49 6 0.585998
49 44 0.545178
49 20 0.593181
49 21 0.599068
49 17 0.633447
49 24 0.636818
49 35 0.633409
49 43 0.631218
49 19 0.661187
49 37 0.642536
49 42 0.658319
49 23 0.683940
49 22 0.696356
49 47 0.668161
49 40 0.689679
49 48 0.690739
49 34 0.723673
49 25 0.733791
49 41 0.715609
49 45 0.724906
49 39 0.732913
49 38 0.758455
49 50 0.746155
49 27 0.775359
49 26 0.777706
49 49 0.750505
49 36 0.786747
49 46 0.801697
50 9 0.306737
50 5 0.400207
50 30 0.377474
50 11 0.417895
50 31 0.405030
50 13 0.437069
50 29 0.416357
50 3 0.454775
50 0 0.481404
50 8 0.474497
50 4 0.481201
50 14 0.480379
50 44 0.461552
50 33 0.475029
50 12 0.507376
50 10 0.513808
50 7 0.518494
50 15 0.517930
50 21 0.533312
50 28 0.530839
50 17 0.550014
50 6 0.565049
50 32 0.533501
50 19 0.561549
50 18 0.577868
50 23 0.569834
50 2 0.601178
50 36 0.564676
50 16 0.610786
50 1 0.627018
50 34 0.602517
50 35 0.609165
50 20 0.636805
50 24 0.640971
50 27 0.664551
50 45 0.643666
50 38 0.661798
50 49 0.662089
50 50 0.663706
50 41 0.682649
50 37 0.692452
50 25 0.727208
50 22 0.733584
50 48 0.702304
50 46 0.715379
50 40 0.731942
50 42 0.738573
50 43 0.742658
50 47 0.739498
50 39 0.752912
50 26 0.783885
51 8 0.230429
51 9 0.305484
51 11 0.192346
51 5 0.324435
51 13 0.238599
51 3 0.381314
51 7 0.399086
51 2 0.471824
51 1 0.515986
51 10 0.389665
51 14 0.380687
51 12 0.384680
51 0 0.520165
51 31 0.359041
51 33 0.373148
51 32 0.375535
51 6 0.547641
51 30 0.400930
51 4 0.587577
51 29 0.435310
51 15 0.496403
51 28 0.474637
51 44 0.484132
51 35 0.532465
51 18 0.562037
51 36 0.533201
51 40 0.532639
51 19 0.570203
51 22 0.573506
51 45 0.534099
51 27 0.588620
51 39 0.575665
51 37 0.584891
51 16 0.620058
51 24 0.611322
51 25 0.614902
51 20 0.632781
51 42 0.610180
51 38 0.624127
51 21 0.654009
51 46 0.624431
51 47 0.636183
51 43 0.651818
51 50 0.662616
51 17 0.724109
51 26 0.707818
51 48 0.679178
51 34 0.707880
51 23 0.730962
51 41 0.731014
51 49 0.719573
52 4 0.228625
52 0 0.239922
52 8 0.299296
52 3 0.348470
52 11 0.349297
52 5 0.355825
52 1 0.376872
52 7 0.398196
52 14 0.393785
52 28 0.376173
52 13 0.398574
52 6 0.405540
52 9 0.429989
52 44 0.395439
52 10 0.451037
52 30 0.480901
52 2 0.515009
52 31 0.482086
52 32 0.481280
52 33 0.496811
52 12 0.525598
52 24 0.528430
52 29 0.519641
52 17 0.554602
52 45 0.527727
52 27 0.556530
52 15 0.574031
52 42 0.545088
52 25 0.587719
52 37 0.570640
52 47 0.567454
52 34 0.589605
52 22 0.639762
52 46 0.622412
52 43 0.629703
52 23 0.670335
52 19 0.677894
52 49 0.641941
52 26 0.684242
52 40 0.662869
52 35 0.672114
52 39 0.675899
52 50 0.659168
52 38 0.699971
52 41 0.697273
52 16 0.746864
52 20 0.766121
52 18 0.775193
52 36 0.779514
52 21 0.803661
52 48 0.810773
53 9 0.373816
53 14 0.396848
53 8 0.405100
53 11 0.416071
53 10 0.445494
53 13 0.443436
53 3 0.536288
53 32 0.520169
53 4 0.585060
53 28 0.562657
53 1 0.617057
53 26 0.613132
53 31 0.608942
53 20 0.620988
53 29 0.612623
53 15 0.630780
53 0 0.645105
53 24 0.621390
53 30 0.619941
53 25 0.630763
53 17 0.643626
53 22 0.639533
53 12 0.653787
53 33 0.636714
53 16 0.657126
53 40 0.629792
53 34 0.639129
53 39 0.636441
53 44 0.634992
53 23 0.659365
53 21 0.676721
53 6 0.698777
53 45 0.673323
53 43 0.677176
53 7 0.734498
53 38 0.722094
53 5 0.762619
53 19 0.779875
53 50 0.746328
53 27 0.780130
53 49 0.762876
53 36 0.778886
53 41 0.773187
53 42 0.776335
53 37 0.787763
53 18 0.814897
53 2 0.833475
53 35 0.803924
53 46 0.793922
53 48 0.793069
53 47 0.800357
54 33 0.614751
54 29 0.638681
54 44 0.667829
54 14 0.702505
54 30 0.699210
54 10 0.730875
54 15 0.744901
54 3 0.759978
54 38 0.786049
54 20 0.832431
54 43 0.812724
54 36 0.839009
54 46 0.830973
54 8 0.889230
54 9 0.901058
54 41 0.886685
54 32 0.907589
54 31 0.908874
54 4 0.936538
54 11 0.930421
54 12 0.949777
54 22 0.964246
54 28 0.977569
54 42 0.964474
54 7 1.029186
54 39 0.998776
54 0 1.038327
54 13 1.030097
54 27 1.028349
54 6 1.049260
54 1 1.064072
54 17 1.060937
54 40 1.045521
54 5 1.081556
54 18 1.083804
54 2 1.113214
54 23 1.097723
54 25 1.107442
54 45 1.088343
54 50 1.087285
54 48 1.095812
54 37 1.123248
54 19 1.151219
54 16 1.170586
54 34 1.154133
54 26 1.169510
54 35 1.168213
54 24 1.189865
54 21 1.211286
54 47 1.187473
54 49 1.205073
55 29 0.355328
55 9 0.383999
55 1 0.402429
55 14 0.392033
55 33 0.381136
55 8 0.417480
55 32 0.390162
55 30 0.398230
55 2 0.458084
55 0 0.466083
55 3 0.463525
55 31 0.431590
55 13 0.455617
55 4 0.464323
55 10 0.459683
55 11 0.462611
55 28 0.450940
55 12 0.521169
55 5 0.566450
55 17 0.580062
55 26 0.576337
55 15 0.606680
55 7 0.621301
55 16 0.624469
55 27 0.620901
55 24 0.634765
55 6 0.670493
55 38 0.683935
55 25 0.789124
55 19 0.845565
55 18 0.892551
55 34 0.927510
55 22 0.986846
55 20 1.018444
55 35 1.064501
55 50 1.052608
55 36 1.077045
55 41 1.076249
55 37 1.104270
55 44 1.115915
55 21 1.208813
55 23 1.233917
55 39 1.212483
55 49 1.251312
55 45 1.284733
55 40 1.303868
55 47 1.299715
55 42 1.319950
55 46 1.315334
55 43 1.365265
55 48 1.391081
56 10 0.318340
56 0 0.366496
56 5 0.362761
56 11 0.370382
56 9 0.380643
56 1 0.388792
56 28 0.379853
56 2 0.419869
56 12 0.413058
56 30 0.398377
56 8 0.425774
56 14 0.442697
56 24 0.432072
56 3 0.454668
56 6 0.453383
56 20 0.445921
56 33 0.456377
56 4 0.495201
56 29 0.474090
56 32 0.473931
56 44 0.462712
56 15 0.510827
56 17 0.512773
56 13 0.523909
56 31 0.520851
56 7 0.562602
56 34 0.537564
56 26 0.554113
56 25 0.575201
56 27 0.584269
56 16 0.601752
56 23 0.604792
56 22 0.618874
56 19 0.623763
56 46 0.591663
56 18 0.644747
56 50 0.607909
56 35 0.638050
56 41 0.637473
56 39 0.642683
56 42 0.660249
56 40 0.667297
56 48 0.656332
56 37 0.680213
56 21 0.705436
56 38 0.700055
56 49 0.689025
56 43 0.712269
56 45 0.709646
56 36 0.728229
56 47 0.714163
57 3 0.366561
57 12 0.378936
57 8 0.383751
57 30 0.376520
57 14 0.406967
57 5 0.429465
57 13 0.426445
57 32 0.479644
57 0 0.521109
57 31 0.505357
57 11 0.552225
57 10 0.578564
57 28 0.559140
57 44 0.551806
57 7 0.610226
57 33 0.601830
57 16 0.626413
57 2 0.653619
57 34 0.616653
57 9 0.660031
57 1 0.678824
57 40 0.637162
57 24 0.660321
57 29 0.672814
57 39 0.679684
57 19 0.708707
57 43 0.735878
57 6 0.786802
57 4 0.789041
57 42 0.746736
57 47 0.754882
57 25 0.793672
57 38 0.776645
57 17 0.807492
57 15 0.817998
57 48 0.804711
57 26 0.839164
57 22 0.849466
57 18 0.881388
57 49 0.893802
57 20 0.938619
57 50 0.916527
57 46 0.927151
57 36 0.950964
57 35 0.956972
57 23 1.006808
57 27 1.007649
57 21 1.029076
57 45 1.007124
57 37 1.055339
57 41 1.072699
58 8 0.397435
58 29 0.415961
58 11 0.457107
58 4 0.471479
58 12 0.505531
58 0 0.522849
58 28 0.494967
58 2 0.529822
58 9 0.558706
58 10 0.580561
58 44 0.537356
58 14 0.602117
58 1 0.617761
58 3 0.618170
58 33 0.581005
58 30 0.588402
58 31 0.604507
58 32 0.630072
58 6 0.699184
58 13 0.702980
58 5 0.722028
58 7 0.754885
58 18 0.828220
58 22 0.825558
58 26 0.831613
58 37 0.813861
58 25 1.006553
58 45 0.979275
58 43 0.982588
58 50 0.973022
58 16 1.024895
58 17 1.024605
58 40 0.989404
58 24 1.015383
58 36 0.996495
58 23 1.017603
58 21 1.020891
58 46 0.985463
58 34 1.002198
58 48 0.983333
58 27 1.014338
58 39 0.999658
58 38 1.001805
58 20 1.030247
58 41 0.999647
58 15 1.052141
58 35 1.029288
58 19 1.060483
58 49 1.028297
58 47 1.078748
58 42 1.140350
59 32 0.371143
59 8 0.416336
59 10 0.419408
59 11 0.421480
59 29 0.407497
59 9 0.435380
59 5 0.440604
59 1 0.456480
59 3 0.455387
59 13 0.478930
59 33 0.453131
59 30 0.489068
59 14 0.511889
59 12 0.514496
59 31 0.495929
59 17 0.521343
59 0 0.550097
59 43 0.525554
59 2 0.605447
59 28 0.590787
59 4 0.620412
59 6 0.618923
59 44 0.577851
59 16 0.667522
59 34 0.663935
59 7 0.718816
59 18 0.716089
59 38 0.704319
59 45 0.698979
59 41 0.722251
59 24 0.768180
59 15 0.784211
59 47 0.750721
59 27 0.785993
59 37 0.784523
59 23 0.817103
59 21 0.820199
59 40 0.800140
59 50 0.797589
59 42 0.818037
59 35 0.834817
59 25 0.867475
59 26 0.867039
59 19 0.877469
59 20 0.896551
59 48 0.893299
59 49 0.905705
59 36 0.933902
59 39 0.937638
59 22 0.962570
59 46 0.946413
60 8 0.383650
60 9 0.408909
60 14 0.412419
60 12 0.430092
60 13 0.429609
60 0 0.486083
60 29 0.524251
60 31 0.564511
60 1 0.614376
60 3 0.613841
60 11 0.606448
60 33 0.579340
60 23 0.598724
60 5 0.624537
60 44 0.575448
60 7 0.649405
60 32 0.631065
60 45 0.613578
60 28 0.645858
60 6 0.676677
60 15 0.692890
60 10 0.698053
60 36 0.702570
60 18 0.738604
60 17 0.740665
60 30 0.723309
60 48 0.698359
60 35 0.726703
60 39 0.723029
60 20 0.754915
60 24 0.764112
60 16 0.775925
60 27 0.767399
60 4 0.802253
60 26 0.782763
60 19 0.866801
60 22 0.864076
60 40 0.874388
60 47 0.913046
60 21 0.968500
60 49 0.980714
60 25 1.034757
60 38 1.041400
60 43 1.039710
60 34 1.061574
60 50 1.040118
60 42 1.053311
60 2 1.136553
60 46 1.093679
60 41 1.150584
60 37 1.251469
61 14 0.432851
61 9 0.455195
61 10 0.463358
61 8 0.465908
61 29 0.449064
61 0 0.542819
61 44 0.534339
61 11 0.591991
61 13 0.607004
61 4 0.618397
61 12 0.681280
61 30 0.753357
61 32 0.752025
61 31 0.753307
61 18 0.769305
61 28 0.757644
61 3 0.807453
61 34 0.863521
61 2 0.905874
61 15 0.895478
61 17 0.894207
61 5 0.908701
61 33 0.884263
61 37 0.883379
61 22 0.903614
61 46 0.899813
61 23 0.930244
61 1 0.958510
61 19 0.942123
61 27 0.938643
61 45 0.938529
61 25 0.965196
61 43 0.967756
61 38 0.975179
61 40 1.009713
61 6 1.085461
61 39 1.054804
61 36 1.067085
61 20 1.087480
61 47 1.068621
61 7 1.119719
61 50 1.071011
61 42 1.119893
61 26 1.140507
61 35 1.222532
61 49 1.206739
61 16 1.252442
61 41 1.226177
61 21 1.275237
61 24 1.281834
61 48 1.311989
62 0 0.272596
62 5 0.359399
62 3 0.377537
62 2 0.407935
62 1 0.422410
62 4 0.449271
62 9 0.445749
62 12 0.799149
62 13 0.813771
62 30 0.794973
62 7 0.830463
62 20 0.860411
62 8 0.901089
62 25 0.958952
62 40 0.960322
62 14 1.012532
62 18 1.012769
62 10 1.022037
62 33 0.993139
62 16 1.044203
62 32 1.051560
62 24 1.089815
62 27 1.116883
62 28 1.168954
62 21 1.228043
62 17 1.237165
62 29 1.234813
62 37 1.223335
62 15 1.262126
62 6 1.283604
62 38 1.243798
62 50 1.226348
62 44 1.243654
62 36 1.274431
62 31 1.282902
62 22 1.296413
62 11 1.337930
62 35 1.406374
62 23 1.443161
62 41 1.430968
62 19 1.463371
62 45 1.456180
62 48 1.467183
62 46 1.471059
62 34 1.502300
62 26 1.515967
62 39 1.519820
62 42 1.544652
62 43 1.540700
62 47 1.601682
62 49 1.599808
63 9 0.238821
63 8 0.371815
63 44 0.371509
63 14 0.433479
63 2 0.456591
63 4 0.456186
63 28 0.450333
63 3 0.495000
63 5 0.494692
63 33 0.460169
63 12 0.511667
63 32 0.496985
63 31 0.525051
63 7 0.555899
63 16 0.558543
63 30 0.552354
63 10 0.614167
63 1 0.660063
63 6 0.666865
63 29 0.645434
63 18 0.661874
63 13 0.681612
63 0 0.715403
63 15 0.704644
63 40 0.674573
63 11 0.769092
63 43 0.738151
63 17 0.789594
63 34 0.765283
63 48 0.741276
63 19 0.798665
63 41 0.803409
63 39 0.811003
63 47 0.832465
63 26 0.875269
63 46 0.844137
63 42 0.860389
63 45 0.856256
63 50 0.848145
63 35 0.874958
63 25 0.892031
63 22 0.916993
63 21 0.922417
63 24 0.933322
63 49 0.912351
63 38 0.937378
63 20 0.966323
63 36 0.955995
63 27 0.977189
63 23 1.012349
63 37 1.057593
64 11 0.415503
64 13 0.421235
64 3 0.447023
64 12 0.456223
64 0 0.473726
64 5 0.494654
64 31 0.475600
64 33 0.496325
64 29 0.501489
64 9 0.544354
64 1 0.573100
64 10 0.582750
64 8 0.596550
64 44 0.587651
64 30 0.622086
64 45 0.611549
64 28 0.665431
64 14 0.683771
64 32 0.684623
64 25 0.707387
64 22 0.718374
64 6 0.742700
64 4 0.765785
64 38 0.738785
64 2 0.789622
64 16 0.786113
64 26 0.797018
64 7 0.826843
64 35 0.797999
64 36 0.798137
64 27 0.817847
64 40 0.804623
64 21 0.830433
64 18 0.847586
64 17 0.863388
64 15 0.897031
64 20 0.896641
64 47 0.858928
64 43 0.872861
64 19 0.908116
64 41 0.879634
64 34 0.893938
64 48 0.873838
64 49 0.901313
64 39 0.928045
64 24 0.963952
64 23 0.969969
64 50 0.943154
64 42 0.999267
64 46 0.999939
64 37 1.016468
65 11 0.448094
65 3 0.456426
65 12 0.457692
65 31 0.443601
65 14 0.466286
65 13 0.480603
65 5 0.488645
65 32 0.457121
65 22 0.487282
65 10 0.500514
65 30 0.553649
65 1 0.588182
65 4 0.595027
65 38 0.553627
65 28 0.570668
65 29 0.582076
65 25 0.588235
65 9 0.641579
65 39 0.612168
65 0 0.660484
65 8 0.663129
65 27 0.679914
65 44 0.657239
65 7 0.706938
65 43 0.671871
65 20 0.707745
65 35 0.690412
65 42 0.685741
65 15 0.724999
65 23 0.715592
65 17 0.724631
65 45 0.697724
65 33 0.725136
65 34 0.730813
65 2 0.771563
65 26 0.745909
65 6 0.769281
65 50 0.717468
65 37 0.783647
65 16 0.816988
65 36 0.789960
65 19 0.816847
65 46 0.783278
65 48 0.796099
65 49 0.802867
65 47 0.810818
65 41 0.843884
65 24 0.869426
65 18 0.885281
65 21 0.939745
65 40 0.914971
66 0 0.424413
66 1 0.438292
66 10 0.252328
66 9 0.279443
66 11 0.243571
66 13 0.228043
66 12 0.270061
66 4 0.479164
66 8 0.345972
66 14 0.280524
66 3 0.601558
66 30 0.237277
66 28 0.268147
66 7 0.547930
66 20 0.336878
66 31 0.267982
66 33 0.295781
66 6 0.591656
66 29 0.312139
66 2 0.705394
66 15 0.434181
66 32 0.335202
66 5 0.707632
66 18 0.438569
66 16 0.467190
66 19 0.449119
66 21 0.444984
66 44 0.325106
66 17 0.533598
66 22 0.493202
66 25 0.509374
66 24 0.530489
66 27 0.529243
66 26 0.537807
66 45 0.456525
66 36 0.505374
66 48 0.473877
66 41 0.502595
66 49 0.485648
66 40 0.515114
66 39 0.536543
66 43 0.524745
66 35 0.579295
66 42 0.539008
66 50 0.541222
66 37 0.592479
66 23 0.661279
66 46 0.563358
66 34 0.627152
66 38 0.631173
66 47 0.611788
67 5 0.590631
67 11 0.313292
67 10 0.336956
67 9 0.395415
67 8 0.461793
67 3 0.686934
67 12 0.396810
67 13 0.397949
67 1 0.740969
67 14 0.392967
67 0 0.853800
67 4 0.873925
67 7 0.722416
67 29 0.420852
67 31 0.423305
67 33 0.436544
67 28 0.513054
67 30 0.507489
67 2 1.065994
67 19 0.610408
67 44 0.538502
67 15 0.757405
67 32 0.610306
67 21 0.686909
67 17 0.753765
67 41 0.647388
67 6 1.094076
67 39 0.706056
67 35 0.727908
67 49 0.663052
67 27 0.787973
67 18 0.861450
67 45 0.754695
67 23 0.872859
67 43 0.791216
67 36 0.826228
67 40 0.820374
67 47 0.790682
67 25 0.880501
67 26 0.913693
67 24 0.934070
67 37 0.907831
67 46 0.873536
67 16 1.062092
67 22 0.995988
67 20 1.005726
67 42 0.922088
67 48 0.901972
67 38 0.985655
67 34 1.105994
67 50 1.080271
68 13 0.444803
68 2 0.467321
68 30 0.467618
68 8 0.499306
68 0 0.532574
68 10 0.533527
68 11 0.538674
68 28 0.522509
68 31 0.519264
68 12 0.551404
68 6 0.563080
68 14 0.572285
68 24 0.583778
68 33 0.578478
68 9 0.607611
68 32 0.585488
68 19 0.613553
68 42 0.583521
68 34 0.600969
68 22 0.632026
68 29 0.643212
68 5 0.685494
68 26 0.666105
68 37 0.657054
68 7 0.732767
68 4 0.845417
68 20 0.859416
68 23 0.871666
68 17 0.880468
68 3 0.912929
68 47 0.881948
68 1 0.947119
68 21 0.940837
68 27 0.940682
68 18 0.953842
68 44 0.920690
68 46 0.936038
68 16 0.960888
68 40 0.930419
68 15 0.959271
68 36 0.968463
68 39 1.010313
68 38 1.052547
68 50 1.055527
68 35 1.139157
68 25 1.210267
68 43 1.186816
68 45 1.338425
68 41 1.372948
68 48 1.621212
68 49 1.693092
69 4 0.406630
69 9 0.458771
69 0 0.485269
69 3 0.689131
69 8 0.688822
69 13 0.799369
69 1 0.810784
69 14 0.799254
69 17 0.824889
69 6 0.835819
69 7 0.968570
69 2 0.973587
69 12 0.987248
69 29 0.980523
69 41 0.992897
69 15 1.027138
69 31 1.012308
69 28 1.040720
69 10 1.186292
69 5 1.208417
69 44 1.179048
69 30 1.199008
69 20 1.339784
69 33 1.391266
69 26 1.423226
69 32 1.416238
69 19 1.439815
69 45 1.406027
69 42 1.458108
69 16 1.502314
69 39 1.490368
69 37 1.625564
69 50 1.607943
69 47 1.635486
69 11 1.684815
69 49 1.636285
69 40 1.678584
69 27 1.698027
69 24 1.703965
69 36 1.702093
69 23 1.727303
69 35 1.714824
69 22 1.745639
69 34 1.754984
69 38 1.757247
69 25 1.776388
69 46 1.760487
69 43 1.778597
69 48 1.789311
69 18 1.842945
69 21 1.902337
70 29 0.434421
70 13 0.459418
70 32 0.474413
70 11 0.501893
70 10 0.560471
70 31 0.536490
70 30 0.544150
70 14 0.595297
70 3 0.622192
70 9 0.636665
70 1 0.651520
70 0 0.653668
70 2 0.688101
70 44 0.687034
70 7 0.743605
70 21 0.730635
70 4 0.752970
70 28 0.727304
70 12 0.753042
70 8 0.757265
70 36 0.758442
70 6 0.818141
70 16 0.841865
70 43 0.809943
70 5 0.897384
70 50 0.849699
70 23 0.891836
70 45 0.873708
70 34 0.903883
70 33 0.917113
70 27 0.934506
70 25 0.945394
70 19 0.984267
70 35 1.020599
70 22 1.046388
70 18 1.059908
70 42 1.040074
70 40 1.057184
70 38 1.060917
70 17 1.098283
70 20 1.096072
70 48 1.059701
70 41 1.084264
70 24 1.110326
70 39 1.090956
70 46 1.093749
70 47 1.123116
70 49 1.137143
70 37 1.161600
70 15 1.198162
70 26 1.212665
71 10 0.438460
71 9 0.498698
71 28 0.491017
71 33 0.498419
71 8 0.545309
71 12 0.556359
71 14 0.594618
71 30 0.621804
71 31 0.631117
71 0 0.698187
71 3 0.704362
71 29 0.692218
71 1 0.746925
71 11 0.754007
71 32 0.739641
71 44 0.736237
71 47 0.736366
71 13 0.784799
71 20 0.813099
71 2 0.859478
71 45 0.832446
71 5 0.894813
71 46 0.846730
71 15 0.906810
71 38 0.910292
71 26 0.957532
71 42 0.936226
71 35 0.949542
71 40 0.945619
71 16 0.980516
71 36 0.968016
71 25 1.003592
71 19 1.026885
71 39 1.027982
71 49 1.019595
71 24 1.058627
71 23 1.063190
71 43 1.040161
71 22 1.093790
71 37 1.081332
71 27 1.133275
71 17 1.170070
71 7 1.180890
71 21 1.172507
71 18 1.179400
71 50 1.140125
71 6 1.227960
71 34 1.207137
71 48 1.191029
71 4 1.282173
71 41 1.245416
72 12 0.420346
72 2 0.443075
72 3 0.452118
72 20 0.449025
72 9 0.461871
72 10 0.524610
72 31 0.531283
72 29 0.557781
72 28 0.559735
72 39 0.555544
72 32 0.566490
72 5 0.599392
72 24 0.579025
72 0 0.606241
72 6 0.614273
72 11 0.640757
72 8 0.645023
72 13 0.640834
72 35 0.651686
72 44 0.639583
72 1 0.705960
72 33 0.669234
72 30 0.675437
72 14 0.721158
72 27 0.726065
72 25 0.730243
72 7 0.751292
72 17 0.743702
72 26 0.747346
72 4 0.826240
72 48 0.781019
72 40 0.824913
72 23 0.867559
72 37 0.848908
72 47 0.844847
72 38 0.874552
72 22 0.899068
72 15 0.931236
72 43 0.893040
72 45 0.892212
72 21 0.959246
72 50 0.919151
72 18 1.003724
72 49 1.016050
72 16 1.066761
72 46 1.023120
72 34 1.044641
72 36 1.071944
72 42 1.066726
72 41 1.068790
72 19 1.143750
73 8 0.446414
73 29 0.553882
73 14 0.587349
73 10 0.597276
73 31 0.570006
73 11 0.614857
73 2 0.641536
73 13 0.649822
73 44 0.614702
73 3 0.749225
73 1 0.751953
73 33 0.697148
73 5 0.748728
73 9 0.792378
73 0 0.824000
73 6 0.826511
73 21 0.836169
73 48 0.810641
73 36 0.846965
73 25 0.871295
73 30 0.861957
73 28 0.870970
73 32 0.899572
73 12 0.935506
73 4 0.950360
73 45 0.891155
73 17 0.936472
73 41 0.923760
73 42 0.934653
73 47 0.967925
73 39 1.037165
73 16 1.080190
73 46 1.078904
73 40 1.087123
73 50 1.081852
73 43 1.096477
73 18 1.158858
73 7 1.195804
73 27 1.160459
73 26 1.173416
73 37 1.158058
73 49 1.143102
73 35 1.173724
73 24 1.194658
73 19 1.227534
73 23 1.253716
73 15 1.386695
73 34 1.460399
73 22 1.491723
73 20 1.506718
73 38 1.487133
74 10 0.552724
74 11 0.559656
74 9 0.562819
74 28 0.556603
74 8 0.590589
74 12 0.609642
74 30 0.587141
74 13 0.611987
74 31 0.587886
74 2 0.633787
74 3 0.642526
74 14 0.664157
74 44 0.645487
74 33 0.692696
74 32 0.695009
74 27 0.706032
74 5 0.765161
74 18 0.756851
74 1 0.793642
74 50 0.738361
74 15 0.796294
74 19 0.845406
74 26 0.853850
74 43 0.829724
74 16 0.885662
74 22 0.880529
74 29 0.880735
74 7 0.910296
74 34 0.920217
74 21 0.942139
74 42 0.906634
74 4 0.982156
74 0 1.007639
74 46 0.964487
74 47 0.972061
74 48 1.054828
74 6 1.122629
74 23 1.105616
74 20 1.120196
74 37 1.117656
74 25 1.146740
74 24 1.192862
74 36 1.199968
74 38 1.199668
74 17 1.231771
74 39 1.200293
74 45 1.214218
74 40 1.231530
74 49 1.287825
74 35 1.391697
74 41 1.445687
75 29 0.440634
75 9 0.484844
75 12 0.507926
75 10 0.534510
75 32 0.583026
75 28 0.616461
75 13 0.637567
75 5 0.655777
75 0 0.775012
75 14 0.795357
75 8 0.801170
75 3 0.821761
75 33 0.794371
75 44 0.861289
75 11 0.901969
75 31 0.896033
75 17 0.962004
75 46 0.934490
75 30 0.959303
75 4 0.987721
75 1 1.020795
75 6 1.016575
75 40 1.000731
75 45 1.028813
75 41 1.053942
75 37 1.070332
75 23 1.148104
75 24 1.178177
75 47 1.159026
75 15 1.199631
75 38 1.171905
75 2 1.241529
75 20 1.243098
75 36 1.223009
75 50 1.226683
75 22 1.285320
75 35 1.272291
75 19 1.332845
75 25 1.470276
75 39 1.453300
75 42 1.450014
75 26 1.471747
75 34 1.461279
75 49 1.442609
75 48 1.444414
75 16 1.485452
75 18 1.484852
75 7 1.495163
75 21 1.493309
75 27 1.586915
75 43 1.580099
76 11 0.998243
76 10 1.035352
76 44 1.210502
76 28 1.250030
76 13 1.307488
76 33 1.326728
76 14 1.364414
76 29 1.359376
76 9 1.526011
76 0 1.552477
76 15 1.545210
76 8 1.584505
76 30 1.560471
76 32 1.559739
76 31 1.561656
76 3 1.693690
76 38 1.673162
76 1 1.720896
76 12 1.713248
76 7 1.730088
76 40 1.713476
76 50 1.727358
76 42 1.785785
76 19 1.823481
76 37 1.804025
76 26 1.874454
76 48 1.863230
76 5 1.910460
76 46 1.875515
76 36 1.895449
76 35 1.914741
76 25 1.934783
76 23 1.938766
76 41 1.929846
76 24 1.970718
76 22 1.983064
76 6 2.008074
76 18 2.031032
76 2 2.080681
76 43 2.044965
76 17 2.089250
76 49 2.055545
76 4 2.128818
76 34 2.104734
76 47 2.092110
76 16 2.134448
76 39 2.135366
76 21 2.161584
76 45 2.242394
76 27 2.276812
76 20 2.305071
77 8 0.631294
77 1 1.021627
77 9 0.753297
77 10 0.734011
77 3 1.133816
77 11 0.649318
77 14 0.667657
77 13 0.681633
77 12 0.711564
77 4 1.334082
77 31 0.509064
77 32 0.509457
77 5 1.304878
77 33 0.501102
77 28 0.598946
77 29 0.589544
77 2 1.437724
77 30 0.613595
77 44 0.557776
77 17 1.081143
77 19 1.032168
77 7 1.313879
77 15 1.112307
77 0 1.682569
77 21 1.031653
77 37 0.736810
77 24 1.050855
77 27 0.980119
77 23 1.070004
77 36 0.786889
77 38 0.787559
77 35 0.833224
77 45 0.749048
77 46 0.738851
77 25 1.184019
77 42 0.814928
77 6 1.593539
77 16 1.369002
77 18 1.352902
77 22 1.274875
77 47 0.805936
77 50 0.802125
77 41 0.936332
77 26 1.216380
77 34 1.030254
77 40 1.016218
77 49 0.868838
77 43 0.952834
77 39 1.114297
77 48 0.969191
77 20 1.482772
78 13 0.547473
78 0 0.561022
78 9 0.552534
78 31 0.558680
78 8 0.590177
78 10 0.597179
78 3 0.621589
78 24 0.598350
78 12 0.614476
78 20 0.606245
78 44 0.593646
78 14 0.681262
78 32 0.655429
78 11 0.747463
78 27 0.727867
78 2 0.794301
78 30 0.760189
78 5 0.793453
78 6 0.803688
78 29 0.802762
78 33 0.819191
78 28 0.892544
78 1 0.927344
78 22 0.905372
78 4 0.959796
78 16 0.983914
78 40 0.990003
78 36 0.997356
78 39 1.013426
78 26 1.047785
78 25 1.067324
78 48 1.057403
78 23 1.111436
78 21 1.136176
78 7 1.174835
78 18 1.218610
78 47 1.174678
78 35 1.191639
78 34 1.195017
78 37 1.202410
78 19 1.239396
78 46 1.219280
78 49 1.284737
78 15 1.374702
78 41 1.385245
78 42 1.393551
78 17 1.442390
78 43 1.460171
78 45 1.495359
78 38 1.580941
78 50 1.657688
79 9 0.538436
79 12 0.594485
79 10 0.611196
79 14 0.657394
79 30 0.681153
79 28 0.684772
79 11 0.715414
79 8 0.752667
79 1 0.773201
79 32 0.868409
79 2 0.917684
79 22 0.912342
79 36 0.898471
79 3 0.939482
79 44 0.895444
79 27 0.924553
79 31 0.939197
79 40 0.951453
79 33 0.962507
79 24 0.977289
79 38 0.969833
79 16 1.012218
79 15 1.026558
79 0 1.045201
79 34 1.025522
79 13 1.059498
79 18 1.075885
79 35 1.053180
79 29 1.115352
79 47 1.122348
79 7 1.190493
79 25 1.183238
79 37 1.166935
79 48 1.228742
79 6 1.288188
79 20 1.301610
79 5 1.327047
79 45 1.348599
79 4 1.439474
79 49 1.382216
79 23 1.429940
79 19 1.446387
79 17 1.463336
79 42 1.432951
79 46 1.434357
79 21 1.524102
79 50 1.487782
79 41 1.527188
79 39 1.540750
79 26 1.736121
79 43 1.747483
80 10 0.493540
80 31 0.627775
80 11 0.658258
80 9 0.660959
80 14 0.656725
80 8 0.663939
80 12 0.697920
80 30 0.675238
80 32 0.682326
80 33 0.707971
80 28 0.760908
80 13 0.948802
80 0 0.962107
80 29 0.937641
80 4 1.052800
80 44 1.067518
80 2 1.128751
80 19 1.231580
80 26 1.219809
80 3 1.249509
80 25 1.271436
80 16 1.314098
80 50 1.263571
80 48 1.269146
80 18 1.373778
80 20 1.372135
80 35 1.372152
80 7 1.413045
80 15 1.435642
80 42 1.424312
80 6 1.492213
80 24 1.475095
80 27 1.469245
80 21 1.523822
80 45 1.511543
80 17 1.614891
80 23 1.627714
80 36 1.629419
80 38 1.628473
80 37 1.713840
80 5 1.924174
80 43 1.929587
80 1 1.989148
80 40 1.938331
80 46 1.977506
80 34 2.090698
80 22 2.224053
80 47 2.236084
80 39 2.274076
80 41 2.413719
80 49 2.490748
81 44 0.744073
81 10 0.787963
81 5 1.071537
81 8 1.130213
81 36 1.343518
81 28 1.365032
81 11 1.383902
81 27 1.378959
81 43 1.406969
81 35 1.515403
81 9 1.542673
81 31 1.520665
81 20 1.532663
81 0 1.553721
81 14 1.548592
81 30 1.536329
81 32 1.536958
81 29 1.583079
81 12 1.608488
81 40 1.635633
81 33 1.778438
81 13 1.799134
81 16 1.819732
81 47 1.792892
81 37 1.834356
81 3 1.892105
81 46 1.855605
81 4 1.906502
81 18 1.914168
81 45 1.909840
81 38 1.931917
81 42 1.929513
81 1 1.989383
81 50 1.975144
81 25 2.016046
81 24 2.023245
81 26 2.051899
81 15 2.077296
81 7 2.109782
81 19 2.121103
81 23 2.125077
81 34 2.132034
81 22 2.162550
81 2 2.199166
81 17 2.195061
81 6 2.209483
81 21 2.200806
81 48 2.212594
81 41 2.258771
81 49 2.298911
81 39 2.336864
82 9 0.500024
82 8 0.554035
82 0 0.603239
82 30 0.608099
82 3 0.719103
82 44 0.688229
82 13 0.778991
82 12 0.780665
82 10 0.783606
82 28 0.764867
82 14 0.888311
82 1 0.910666
82 29 0.903358
82 6 0.973562
82 32 0.941702
82 4 0.977988
82 2 1.050910
82 11 1.043108
82 31 1.017545
82 19 1.049213
82 24 1.159832
82 27 1.179321
82 36 1.165457
82 40 1.158961
82 5 1.207358
82 33 1.172542
82 21 1.192720
82 47 1.156029
82 20 1.198360
82 15 1.211464
82 22 1.240213
82 25 1.266709
82 37 1.339655
82 45 1.340320
82 23 1.388573
82 38 1.386090
82 16 1.421016
82 39 1.441328
82 34 1.472603
82 48 1.503943
82 7 1.569925
82 17 1.626698
82 49 1.610358
82 46 1.616014
82 50 1.642113
82 43 1.693696
82 26 1.761275
82 18 1.786448
82 42 1.822517
82 41 1.936879
82 35 2.024186
83 9 0.369748
83 8 0.424288
83 32 0.567805
83 12 0.622793
83 28 0.601976
83 5 0.638369
83 3 0.676140
83 10 0.671359
83 33 0.674265
83 7 0.758402
83 29 0.732939
83 31 0.780106
83 4 0.814716
83 2 0.836576
83 0 0.839032
83 11 0.840245
83 14 0.839528
83 49 0.788794
83 18 0.846881
83 44 0.858787
83 27 0.966936
83 30 0.977108
83 24 0.991997
83 19 1.012075
83 23 1.008314
83 13 1.068054
83 22 1.056466
83 26 1.051283
83 40 1.034778
83 45 1.083256
83 41 1.112481
83 15 1.165116
83 43 1.121847
83 1 1.208524
83 16 1.281781
83 20 1.302441
83 39 1.284288
83 48 1.270701
83 38 1.298168
83 36 1.332039
83 17 1.371053
83 6 1.395347
83 34 1.358475
83 37 1.375070
83 50 1.398575
83 21 1.500048
83 25 1.607669
83 42 1.597954
83 46 1.609939
83 47 1.609204
83 35 1.677661
84 30 0.607353
84 44 0.587824
84 12 0.649623
84 9 0.654170
84 31 0.630752
84 14 0.746948
84 10 0.802068
84 8 0.804558
84 11 0.867647
84 28 0.865327
84 13 0.891992
84 32 0.880036
84 38 0.904316
84 33 0.920648
84 3 1.023432
84 23 1.024908
84 29 1.017490
84 49 1.026001
84 1 1.144833
84 20 1.142105
84 26 1.144289
84 25 1.158247
84 42 1.149851
84 48 1.170090
84 18 1.231568
84 4 1.246834
84 37 1.249375
84 27 1.265152
84 47 1.266702
84 46 1.274169
84 19 1.326503
84 39 1.296256
84 0 1.363168
84 6 1.356726
84 7 1.393213
84 35 1.372372
84 34 1.394021
84 50 1.421017
84 45 1.430822
84 40 1.448713
84 22 1.492883
84 21 1.527239
84 24 1.536405
84 5 1.560587
84 2 1.564557
84 41 1.513295
84 17 1.558620
84 36 1.549522
84 15 1.759295
84 16 1.833044
84 43 1.809887
85 9 0.444521
85 8 0.476838
85 3 0.526234
85 14 0.570499
85 28 0.551758
85 12 0.585477
85 33 0.601821
85 13 0.640727
85 11 0.643300
85 30 0.646331
85 29 0.652452
85 10 0.704522
85 32 0.675748
85 31 0.677398
85 1 0.796253
85 6 0.847735
85 5 0.891621
85 22 0.953747
85 24 0.997191
85 0 1.027347
85 34 1.038594
85 36 1.048047
85 20 1.118485
85 15 1.128278
85 4 1.161698
85 25 1.176852
85 44 1.148585
85 23 1.197878
85 7 1.228435
85 38 1.189566
85 17 1.250394
85 26 1.269994
85 35 1.437436
85 21 1.459320
85 19 1.472320
85 27 1.463384
85 2 1.492781
85 39 1.674118
85 42 1.684434
85 16 1.890794
85 37 1.879286
85 46 1.924672
85 41 1.945096
85 40 1.967922
85 18 2.025490
85 43 2.043914
85 47 2.063755
85 45 2.078494
85 49 2.309349
85 50 2.332853
85 48 2.374764
86 14 1.054447
86 28 1.083286
86 8 1.139302
86 9 1.207070
86 20 1.363772
86 12 1.436946
86 10 1.566334
86 11 1.699901
86 30 1.709314
86 36 1.712642
86 18 1.770109
86 31 1.984109
86 33 2.111695
86 44 2.135710
86 32 2.160587
86 37 2.319478
86 29 2.349437
86 13 2.396026
86 40 2.381095
86 39 2.408475
86 23 2.437953
86 45 2.415726
86 6 2.465996
86 41 2.429764
86 22 2.508722
86 46 2.539875
86 43 2.571651
86 0 2.650262
86 48 2.619600
86 15 2.693808
86 38 2.687290
86 47 2.685096
86 17 2.722144
86 2 2.747228
86 1 2.762594
86 16 2.760224
86 35 2.738553
86 5 2.807147
86 26 2.802178
86 21 2.834780
86 27 2.834288
86 7 2.856211
86 24 2.883165
86 3 2.942607
86 4 2.963420
86 19 2.979987
86 25 2.980393
86 49 2.960607
86 34 2.986712
86 50 3.004713
86 42 3.051976
87 29 0.502265
87 8 0.552801
87 32 0.543907
87 10 0.610311
87 28 0.620759
87 31 0.628223
87 33 0.627693
87 9 0.674980
87 11 0.688506
87 30 0.686610
87 12 0.727989
87 13 0.852456
87 14 0.874834
87 26 0.932379
87 0 1.013955
87 34 0.982845
87 2 1.025927
87 19 1.027225
87 4 1.051003
87 25 1.053780
87 5 1.077075
87 3 1.081049
87 15 1.083763
87 22 1.082339
87 1 1.141248
87 27 1.124714
87 35 1.127971
87 6 1.177290
87 21 1.178650
87 47 1.164642
87 37 1.246515
87 18 1.335914
87 44 1.320912
87 38 1.352382
87 42 1.348572
87 46 1.390373
87 36 1.427277
87 23 1.446030
87 24 1.494838
87 7 1.547808
87 16 1.547538
87 48 1.518573
87 40 1.617095
87 49 1.622730
87 17 1.702994
87 39 1.739671
87 43 1.783319
87 45 1.817172
87 20 1.877785
87 50 1.949128
87 41 2.291957
88 9 0.491118
88 8 0.629601
88 11 0.627731
88 10 0.629947
88 12 0.632867
88 14 0.634444
88 13 0.637975
88 28 0.845137
88 0 0.971453
88 16 1.083680
88 1 1.113207
88 29 1.095646
88 30 1.125430
88 2 1.220741
88 19 1.225100
88 5 1.245992
88 3 1.341840
88 4 1.362852
88 17 1.379953
88 6 1.520981
88 15 1.569660
88 7 1.643585
88 20 1.642107
88 24 1.672199
88 31 1.661492
88 18 1.706362
88 22 1.702413
88 44 1.774276
88 23 1.864879
88 32 1.856951
88 21 1.974220
88 33 1.988005
88 40 2.065851
88 41 2.142071
88 50 2.128535
88 25 2.180440
88 49 2.184027
88 26 2.316028
88 47 2.348763
88 36 2.382530
88 42 2.374745
88 37 2.438443
88 48 2.423332
88 27 2.488927
88 43 2.502154
88 35 2.543229
88 46 2.531830
88 45 2.546147
88 39 2.574112
88 34 2.614717
88 38 2.679824
89 9 0.639278
89 31 0.632801
89 11 0.669623
89 32 0.668138
89 14 0.747845
89 8 0.789562
89 29 0.803167
89 30 0.801996
89 13 0.825116
89 28 0.846437
89 1 0.965935
89 44 0.976974
89 5 1.179090
89 12 1.182857
89 2 1.193201
89 10 1.185928
89 3 1.218800
89 22 1.200844
89 33 1.186760
89 20 1.243901
89 4 1.264453
89 35 1.348927
89 17 1.391268
89 0 1.433689
89 7 1.461881
89 34 1.430270
89 15 1.465312
89 38 1.509983
89 23 1.547963
89 41 1.569868
89 39 1.627180
89 42 1.635272
89 21 1.672569
89 37 1.697855
89 6 1.750706
89 47 1.697467
89 46 1.699258
89 27 1.729407
89 40 1.723920
89 24 1.771826
89 18 1.785403
89 25 1.776968
89 36 1.767508
89 45 1.770612
89 16 1.824277
89 19 1.846937
89 26 1.901232
89 49 1.900396
89 43 1.968349
89 48 1.976616
89 50 1.991115
90 13 0.533477
90 3 0.574508
90 33 0.582874
90 11 0.636816
90 30 0.611247
90 5 0.668344
90 12 0.670318
90 8 0.701077
90 9 0.726446
90 18 0.797152
90 10 0.817474
90 29 0.791021
90 28 0.805716
90 0 0.842286
90 16 0.828044
90 31 0.806177
90 32 0.813896
90 44 0.818407
90 14 0.878913
90 43 0.845526
90 6 1.055802
90 1 1.093060
90 20 1.115236
90 27 1.116996
90 47 1.106846
90 19 1.151641
90 38 1.141133
90 36 1.156654
90 40 1.151129
90 45 1.163755
90 26 1.262383
90 37 1.267589
90 7 1.344620
90 4 1.348673
90 42 1.306995
90 17 1.350674
90 46 1.340402
90 21 1.381650
90 25 1.399491
90 2 1.427926
90 34 1.407336
90 24 1.425565
90 15 1.452068
90 49 1.401795
90 39 1.467525
90 35 1.475612
90 22 1.500370
90 23 1.551298
90 41 1.569962
90 50 1.621732
90 48 1.662057
91 13 0.757650
91 8 0.771370
91 29 0.758008
91 28 0.837527
91 1 1.058703
91 19 1.041982
91 12 1.050163
91 5 1.057944
91 35 1.019772
91 9 1.055372
91 0 1.065616
91 3 1.063060
91 46 1.044235
91 30 1.083012
91 2 1.141839
91 7 1.144136
91 33 1.129506
91 31 1.133431
91 4 1.166993
91 11 1.160905
91 20 1.195248
91 32 1.179358
91 44 1.170800
91 14 1.217928
91 10 1.338481
91 50 1.293433
91 43 1.332131
91 38 1.358243
91 49 1.344387
91 24 1.433473
91 40 1.426344
91 6 1.497931
91 34 1.466586
91 15 1.518845
91 22 1.510086
91 41 1.480701
91 16 1.559559
91 37 1.541707
91 47 1.527621
91 36 1.559197
91 23 1.590808
91 26 1.610857
91 48 1.690987
91 17 1.767537
91 18 1.852039
91 42 1.828328
91 27 1.882648
91 21 1.962043
91 45 1.997207
91 39 2.032428
91 25 2.095104
92 31 0.763919
92 12 0.991318
92 11 1.028735
92 10 1.099722
92 44 1.227804
92 9 1.319113
92 14 1.320868
92 29 1.307807
92 21 1.627421
92 32 1.675039
92 47 1.706836
92 15 1.740905
92 3 1.821347
92 7 1.818114
92 4 1.859576
92 49 1.815027
92 33 1.873870
92 30 1.919926
92 13 2.005949
92 27 2.084024
92 40 2.071864
92 46 2.066117
92 50 2.077143
92 28 2.169622
92 0 2.247753
92 22 2.240100
92 48 2.213589
92 41 2.221847
92 8 2.309590
92 2 2.335304
92 6 2.334376
92 5 2.376641
92 19 2.388913
92 25 2.384359
92 38 2.385549
92 20 2.541714
92 43 2.531343
92 42 2.546403
92 26 2.630295
92 37 2.660870
92 1 2.705789
92 35 2.682648
92 24 2.709907
92 16 2.718163
92 23 2.734088
92 45 2.712215
92 17 2.752458
92 18 2.753382
92 36 2.763051
92 39 2.774373
92 34 2.865930
93 10 0.636170
93 19 0.717991
93 14 0.997107
93 9 1.004965
93 44 0.951763
93 29 0.980477
93 11 1.005198
93 32 0.975185
93 30 0.979663
93 13 1.005310
93 21 0.996933
93 28 1.048220
93 12 1.237168
93 8 1.305501
93 1 1.419656
93 33 1.440785
93 5 1.506336
93 31 1.508605
93 4 1.559393
93 15 1.578608
93 2 1.624849
93 50 1.673825
93 34 1.700609
93 20 1.813217
93 38 1.785629
93 40 1.793888
93 41 1.799793
93 23 1.897088
93 49 1.853823
93 17 1.906033
93 25 1.963742
93 7 2.060839
93 16 2.082499
93 48 2.073832
93 3 2.157628
93 6 2.170664
93 0 2.223889
93 36 2.217945
93 24 2.262617
93 22 2.312285
93 42 2.370127
93 46 2.385661
93 39 2.414805
93 35 2.446453
93 26 2.506449
93 43 2.528548
93 18 2.611871
93 37 2.660615
93 45 2.796672
93 47 2.884175
93 27 3.021906
94 10 0.654024
94 12 0.661832
94 9 0.769774
94 8 0.840664
94 11 0.771333
94 14 0.772901
94 13 0.820395
94 28 0.621807
94 31 0.618188
94 3 1.244704
94 2 1.291664
94 30 0.662805
94 29 0.739161
94 0 1.417537
94 1 1.409768
94 7 1.264008
94 32 0.763670
94 33 0.753175
94 20 1.197175
94 24 1.147818
94 4 1.581425
94 5 1.522533
94 34 0.917518
94 25 1.195344
94 44 0.763879
94 22 1.291464
94 35 1.002078
94 27 1.289818
94 18 1.423936
94 26 1.300414
94 16 1.441883
94 36 1.171543
94 19 1.587517
94 15 1.607961
94 6 1.836705
94 23 1.498582
94 21 1.592121
94 17 1.706712
94 45 1.156083
94 40 1.398584
94 38 1.433980
94 37 1.760578
94 43 1.661874
94 47 1.569356
94 42 1.727449
94 39 1.792028
94 46 1.638430
94 50 1.704882
94 48 1.901334
94 41 2.091341
94 49 2.104225
95 44 1.333215
95 31 1.498788
95 8 1.551952
95 28 1.564747
95 12 1.599949
95 33 1.712734
95 14 1.838459
95 11 1.875830
95 9 1.896959
95 10 1.900929
95 13 1.938449
95 29 1.925152
95 32 2.018951
95 30 2.021786
95 3 2.088167
95 6 2.155672
95 18 2.160140
95 46 2.170370
95 22 2.213119
95 1 2.234947
95 39 2.197613
95 25 2.212909
95 24 2.226317
95 50 2.213093
95 19 2.262417
95 43 2.239121
95 16 2.280933
95 20 2.278920
95 36 2.279234
95 48 2.303143
95 26 2.336655
95 37 2.348380
95 15 2.380567
95 35 2.382442
95 5 2.434699
95 27 2.423280
95 23 2.447839
95 47 2.431438
95 40 2.451131
95 45 2.509121
95 34 2.536551
95 21 2.555201
95 0 2.584640
95 4 2.592764
95 2 2.621636
95 42 2.603623
95 38 2.625008
95 41 2.629623
95 17 2.668585
95 7 2.688424
95 49 2.668110
96 8 1.036760
96 12 1.032395
96 9 1.114750
96 14 1.066561
96 13 1.123090
96 11 1.201802
96 10 1.248558
96 5 1.366284
96 0 1.535585
96 30 0.574284
96 32 0.480671
96 28 0.624884
96 3 1.513099
96 31 0.634538
96 6 1.518691
96 7 1.516709
96 29 0.691671
96 16 1.284029
96 4 1.696574
96 2 1.730388
96 33 0.646284
96 17 1.413879
96 18 1.448327
96 42 0.570618
96 36 0.779995
96 20 1.573218
96 15 1.590316
96 23 1.269156
96 38 0.793350
96 44 0.710301
96 19 1.644185
96 24 1.308299
96 1 1.976696
96 50 0.650900
96 26 1.248477
96 21 1.733173
96 47 0.752778
96 45 0.839232
96 27 1.308549
96 22 1.658826
96 35 1.020780
96 25 1.402131
96 39 1.049745
96 43 1.009252
96 40 1.053328
96 37 1.121161
96 34 1.217407
96 46 1.065831
96 48 1.020025
96 41 1.191959
96 49 1.170644
97 9 0.338279
97 10 0.569418
97 14 0.665626
97 8 0.704075
97 44 0.704402
97 29 0.728686
97 32 0.724651
97 3 0.781462
97 11 0.826440
97 31 0.801196
97 1 0.880085
97 5 0.919477
97 12 0.945051
97 19 0.939823
97 13 1.002292
97 33 0.977521
97 21 0.997263
97 0 1.021005
97 39 0.975890
97 20 1.061457
97 28 1.123017
97 30 1.139145
97 4 1.204103
97 48 1.221620
97 40 1.288883
97 45 1.291242
97 24 1.388696
97 6 1.408744
97 22 1.429854
97 2 1.468672
97 36 1.489129
97 46 1.476090
97 23 1.514119
97 16 1.539348
97 17 1.595731
97 7 1.621449
97 37 1.600453
97 35 1.621321
97 34 1.643616
97 41 1.647642
97 43 1.645776
97 18 1.701584
97 25 1.708562
97 47 1.694003
97 38 1.726747
97 50 1.707885
97 15 1.795458
97 26 1.824868
97 42 1.822546
97 27 1.845435
97 49 2.000039
98 8 0.684590
98 10 1.126613
98 30 1.095915
98 9 1.129176
98 0 1.220188
98 12 1.240305
98 6 1.248051
98 42 1.500382
98 44 1.523704
98 50 1.835597
98 25 1.933306
98 40 1.941397
98 2 2.063184
98 14 2.146393
98 47 2.088636
98 13 2.287740
98 20 2.279583
98 46 2.327304
98 4 2.395135
98 11 2.450229
98 35 2.411268
98 16 2.447605
98 31 2.424454
98 43 2.527534
98 28 2.566270
98 7 2.651560
98 17 2.649261
98 5 2.662915
98 1 2.730877
98 45 2.664391
98 27 2.802990
98 3 2.858044
98 49 2.786488
98 29 2.881383
98 22 2.959166
98 32 3.035018
98 19 3.085435
98 33 3.059762
98 24 3.217442
98 41 3.235403
98 21 3.312299
98 48 3.261540
98 34 3.305518
98 26 3.343130
98 15 3.360819
98 18 3.375103
98 38 3.492844
98 36 3.518161
98 23 3.544103
98 39 3.579651
98 37 3.941051
99 9 0.623435
99 11 0.671307
99 12 0.693722
99 8 0.698163
99 30 0.669886
99 14 0.793930
99 10 0.798113
99 29 0.801340
99 32 1.189493
99 44 1.175627
99 17 1.313252
99 3 1.330601
99 0 1.381746
99 13 1.397671
99 16 1.394968
99 4 1.419631
99 5 1.471129
99 20 1.456049
99 35 1.431350
99 33 1.451874
99 28 1.512552
99 31 1.506749
99 2 1.553836
99 38 1.506039
99 40 1.541552
99 7 1.610367
99 24 1.648933
99 23 1.731112
99 6 1.750509
99 42 1.746131
99 26 1.802550
99 1 1.878869
99 46 1.842228
99 27 1.921666
99 21 1.935323
99 45 1.937013
99 37 1.984171
99 41 1.977116
99 34 2.052638
99 49 2.072700
99 50 2.106535
99 48 2.190649
99 43 2.208309
99 47 2.230929
99 22 2.320730
99 18 2.379356
99 36 2.378039
99 25 2.421206
99 15 2.494083
99 39 2.575428
99 19 2.698868
100 32 0.475433
100 31 0.507475
100 28 0.552753
100 10 0.610977
100 29 0.609748
100 11 0.694382
100 30 0.691636
100 8 0.769212
100 9 0.796255
100 13 0.793332
100 1 0.810205
100 44 0.762232
100 33 0.787932
100 3 0.856575
100 0 0.892068
100 12 0.926693
100 5 0.964025
100 14 0.960432
100 42 0.949075
100 2 1.127075
100 39 1.084438
100 50 1.108140
100 48 1.133528
100 4 1.215065
100 25 1.262987
100 6 1.346392
100 19 1.443835
100 26 1.457621
100 7 1.478843
100 16 1.470956
100 21 1.470917
100 40 1.445682
100 23 1.476449
100 41 1.456668
100 17 1.489700
100 49 1.466022
100 38 1.513384
100 20 1.556630
100 43 1.541455
100 18 1.581659
100 34 1.563005
100 47 1.572523
100 24 1.606128
100 35 1.598530
100 45 1.598688
100 15 1.728811
100 27 1.742263
100 36 1.732975
100 22 1.782168
100 37 1.891598
100 46 1.913043
101 9 0.583979
101 20 0.869320
101 12 0.910055
101 14 0.930991
101 13 0.951108
101 10 0.955278
101 8 1.059076
101 5 1.106070
101 33 1.105933
101 1 1.148285
101 4 1.398677
101 3 1.441413
101 0 1.520677
101 19 1.530836
101 31 1.532879
101 28 1.581154
101 11 1.834411
101 44 1.787230
101 32 1.806394
101 30 1.809935
101 29 1.815352
101 21 1.879137
101 43 1.896025
101 6 2.034964
101 39 2.066119
101 45 2.058391
101 7 2.157636
101 48 2.181911
101 2 2.283108
101 50 2.250083
101 15 2.308376
101 23 2.299636
101 17 2.393116
101 47 2.345174
101 36 2.363786
101 41 2.464192
101 38 2.540950
101 49 2.627851
101 46 2.658247
101 25 2.722020
101 40 2.723861
101 16 2.762892
101 42 2.742108
101 34 2.806795
101 37 2.821288
101 18 2.894502
101 26 2.903810
101 27 2.964231
101 24 3.122108
101 35 3.298030
101 22 3.354672
102 28 0.568670
102 29 0.710316
102 8 0.773772
102 14 0.839337
102 30 0.832866
102 10 0.878518
102 33 0.864299
102 13 0.936017
102 32 0.926174
102 12 1.058746
102 3 1.113873
102 31 1.140359
102 44 1.258428
102 11 1.333492
102 0 1.345949
102 49 1.299358
102 27 1.354865
102 6 1.392926
102 9 1.396112
102 22 1.399595
102 7 1.430355
102 36 1.522255
102 37 1.608673
102 18 1.639793
102 50 1.594163
102 39 1.661706
102 47 1.649374
102 34 1.669682
102 2 1.709580
102 41 1.706228
102 26 1.729995
102 43 1.765933
102 17 1.837086
102 19 1.844230
102 20 1.898372
102 5 1.913830
102 23 1.894696
102 35 1.925624
102 21 1.965046
102 25 1.977131
102 46 1.945418
102 24 2.063879
102 16 2.103875
102 15 2.115488
102 1 2.160516
102 42 2.108991
102 4 2.217351
102 48 2.213351
102 45 2.236884
102 38 2.314021
102 40 2.528319
103 9 0.574019
103 29 0.824440
103 12 0.873131
103 14 0.910023
103 28 0.889350
103 13 0.912762
103 8 0.933320
103 44 0.938503
103 32 0.958217
103 10 1.013081
103 11 1.013210
103 30 1.105603
103 2 1.440405
103 39 1.460029
103 33 1.470614
103 24 1.488889
103 0 1.516139
103 4 1.512628
103 19 1.497708
103 26 1.487292
103 1 1.538208
103 23 1.565804
103 36 1.556910
103 3 1.792156
103 5 1.790596
103 48 1.772524
103 27 1.849600
103 49 1.811515
103 31 1.847211
103 50 1.844882
103 21 1.939880
103 38 1.952612
103 45 1.954113
103 22 1.993599
103 35 2.010209
103 15 2.109196
103 7 2.138402
103 16 2.191813
103 37 2.163327
103 18 2.235541
103 43 2.195050
103 42 2.288691
103 6 2.398822
103 34 2.411733
103 20 2.497014
103 25 2.524178
103 40 2.505023
103 47 2.544222
103 17 2.748576
103 41 2.709427
103 46 2.834255
104 8 0.711525
104 10 0.736882
104 12 0.801102
104 9 0.856616
104 28 0.848809
104 44 0.825214
104 11 0.891320
104 30 0.881767
104 13 1.023860
104 14 1.042619
104 33 1.079352
104 29 1.161361
104 0 1.216833
104 32 1.231429
104 4 1.284678
104 23 1.293113
104 38 1.283484
104 50 1.263831
104 31 1.298745
104 42 1.282568
104 47 1.296765
104 17 1.415134
104 16 1.473474
104 39 1.484335
104 43 1.576284
104 1 1.645550
104 48 1.584834
104 34 1.672259
104 20 1.721153
104 15 1.737705
104 45 1.699719
104 3 1.795913
104 2 1.797237
104 22 1.814743
104 27 1.810665
104 36 1.801395
104 35 1.878324
104 19 1.931118
104 41 1.944466
104 18 1.999267
104 40 1.967074
104 37 1.982163
104 46 1.996314
104 6 2.051819
104 5 2.117056
104 25 2.218927
104 26 2.233753
104 24 2.239756
104 21 2.276808
104 49 2.243622
104 7 2.357606
105 14 0.952764
105 9 0.971074
105 30 0.963523
105 31 1.003624
105 44 1.028557
105 8 1.078376
105 10 1.103147
105 0 1.172360
105 11 1.164391
105 28 1.152018
105 32 1.226178
105 12 1.276858
105 6 1.283599
105 13 1.431943
105 33 1.407018
105 29 1.508408
105 40 1.525561
105 3 1.589765
105 37 1.608730
105 46 1.623804
105 2 1.718860
105 50 1.668002
105 24 1.732022
105 42 1.728308
105 34 1.755660
105 5 1.817077
105 39 1.833373
105 35 2.030951
105 1 2.085655
105 47 2.123928
105 23 2.172609
105 4 2.209008
105 15 2.210312
105 20 2.323246
105 36 2.455652
105 17 2.554058
105 22 2.631577
105 26 2.638855
105 48 2.604765
105 38 2.621104
105 41 2.645103
105 45 2.693743
105 43 2.712146
105 18 2.764237
105 21 2.804667
105 7 2.847085
105 16 2.894507
105 19 2.925146
105 49 2.879630
105 25 3.081687
105 27 3.463381
106 31 0.761068
106 10 0.840069
106 11 1.049281
106 44 1.069484
106 12 1.141444
106 32 1.170587
106 13 1.199775
106 0 1.288137
106 8 1.281462
106 30 1.337043
106 29 1.350216
106 3 1.471354
106 2 1.631827
106 42 1.602854
106 14 1.667229
106 9 1.673335
106 21 1.676033
106 16 1.698541
106 36 1.683248
106 28 1.696695
106 1 1.787042
106 50 1.825065
106 19 1.873189
106 20 1.901785
106 25 1.893962
106 33 1.881969
106 47 1.862919
106 4 2.083145
106 18 2.069602
106 26 2.057042
106 7 2.082256
106 34 2.045740
106 15 2.291215
106 17 2.349984
106 48 2.325912
106 35 2.356400
106 27 2.426043
106 40 2.443325
106 38 2.461786
106 45 2.501251
106 43 2.557785
106 23 2.589127
106 24 2.587076
106 5 2.611657
106 6 2.660091
106 39 2.809311
106 37 2.919332
106 22 3.113564
106 46 3.126246
106 49 3.274380
106 41 3.538986
107 9 0.812024
107 11 0.831620
107 44 0.782401
107 13 0.853368
107 33 1.044607
107 30 1.109896
107 28 1.112667
107 3 1.206357
107 29 1.176075
107 1 1.210142
107 8 1.204210
107 12 1.379156
107 0 1.407778
107 5 1.477259
107 14 1.499404
107 49 1.492534
107 32 1.534745
107 16 1.621771
107 31 1.600228
107 10 1.676675
107 19 1.718902
107 47 1.684053
107 6 1.747183
107 2 1.866179
107 18 1.877133
107 41 1.870091
107 45 1.918493
107 39 1.958258
107 36 1.984605
107 48 2.004275
107 27 2.167100
107 21 2.178893
107 50 2.193452
107 25 2.237697
107 46 2.204556
107 23 2.243045
107 17 2.254257
107 22 2.270082
107 35 2.251186
107 43 2.258495
107 20 2.343697
107 4 2.361172
107 34 2.388580
107 38 2.382929
107 7 2.456903
107 42 2.467480
107 15 2.561287
107 26 2.605328
107 40 2.867908
107 24 2.914708
107 37 2.894896
108 8 0.767295
108 14 0.785662
108 28 0.833791
108 12 0.917667
108 29 0.961004
108 30 1.061398
108 9 1.117961
108 13 1.171862
108 10 1.222457
108 32 1.316456
108 31 1.356657
108 11 1.518484
108 4 1.553893
108 44 1.629563
108 0 1.726069
108 35 1.693028
108 2 1.765608
108 1 1.773748
108 26 1.822915
108 34 1.831168
108 5 1.874168
108 27 2.155221
108 24 2.160042
108 37 2.140216
108 33 2.179793
108 20 2.205801
108 40 2.175378
108 21 2.265615
108 41 2.266422
108 45 2.305504
108 15 2.507742
108 25 2.523362
108 43 2.646579
108 23 2.704943
108 16 2.716221
108 46 2.711622
108 6 2.860284
108 17 2.878716
108 38 2.873137
108 49 2.869263
108 36 2.977051
108 48 2.975578
108 50 3.066988
108 3 3.149321
108 7 3.197966
108 19 3.286742
108 22 3.398435
108 42 3.367961
108 47 3.369034
108 39 3.401563
108 18 3.524649
109 33 0.922341
109 28 0.965287
109 44 0.965126
109 2 1.080988
109 11 1.089599
109 29 1.081812
109 30 1.106601
109 8 1.136967
109 12 1.179331
109 10 1.181863
109 31 1.197861
109 13 1.355927
109 32 1.359953
109 0 1.401601
109 48 1.380140
109 14 1.435080
109 3 1.492741
109 9 1.592402
109 37 1.586461
109 27 1.604702
109 34 1.639432
109 5 1.688147
109 18 1.686697
109 25 1.677890
109 19 1.734727
109 39 1.707734
109 4 1.796483
109 46 1.775373
109 16 1.850261
109 17 1.849680
109 1 1.879682
109 42 1.826591
109 40 1.848843
109 49 1.993435
109 50 1.992964
109 15 2.048848
109 45 2.030827
109 7 2.084769
109 23 2.066379
109 43 2.082538
109 6 2.137154
109 21 2.130686
109 38 2.154618
109 22 2.228298
109 20 2.273238
109 36 2.249652
109 24 2.378100
109 47 2.491647
109 26 2.552347
109 41 2.572702
109 35 2.692375
110 14 0.936803
110 8 0.981766
110 30 0.965193
110 31 1.026994
110 13 1.132629
110 10 1.149453
110 11 1.194246
110 12 1.392291
110 33 1.397429
110 32 1.584594
110 0 1.669521
110 42 1.721326
110 1 1.874004
110 9 1.935425
110 2 1.943076
110 3 1.942982
110 15 2.120094
110 28 2.238873
110 38 2.387602
110 6 2.434018
110 44 2.377867
110 46 2.410511
110 4 2.552759
110 37 2.507823
110 22 2.534465
110 21 2.538408
110 48 2.491121
110 34 2.580866
110 5 2.648653
110 39 2.622251
110 29 2.645097
110 7 2.699590
110 19 2.782647
110 40 2.812921
110 18 2.887721
110 17 2.937189
110 47 2.941188
110 25 3.081178
110 41 3.074415
110 27 3.137512
110 50 3.147882
110 16 3.271279
110 24 3.277211
110 26 3.301719
110 45 3.280887
110 20 3.330059
110 49 3.617818
110 36 3.730591
110 43 3.775698
110 35 3.905876
110 23 4.020456
111 31 0.629688
111 8 0.674118
111 28 0.651723
111 44 0.630104
111 5 0.727081
111 10 0.723821
111 3 0.782948
111 9 0.812768
111 32 0.813241
111 14 0.872420
111 30 0.894899
111 2 0.927305
111 12 0.931121
111 17 0.938775
111 13 1.011475
111 33 1.023335
111 11 1.093791
111 4 1.102900
111 15 1.093464
111 21 1.161077
111 29 1.155873
111 22 1.194647
111 19 1.265493
111 0 1.350005
111 47 1.315096
111 38 1.366590
111 7 1.417842
111 16 1.412339
111 48 1.403583
111 36 1.454277
111 20 1.613989
111 37 1.588547
111 25 1.608392
111 45 1.577398
111 23 1.613421
111 42 1.584273
111 18 1.621226
111 34 1.597397
111 26 1.611362
111 46 1.579175
111 6 1.635638
111 27 1.621878
111 50 1.589258
111 43 1.625767
111 49 1.615701
111 39 1.672491
111 1 1.777863
111 41 1.746315
111 24 1.847327
111 40 1.824239
111 35 1.907554
112 13 0.805556
112 9 0.837173
112 8 0.861017
112 30 0.959626
112 12 0.988586
112 29 0.964167
112 36 1.838959
112 3 1.913772
112 27 1.885440
112 10 1.908532
112 0 1.919220
112 44 1.853263
112 6 1.915581
112 17 1.968077
112 15 1.993653
112 4 2.028039
112 5 2.060917
112 39 2.078219
112 14 2.121860
112 28 2.102044
112 16 2.121845
112 31 2.154615
112 49 2.120185
112 32 2.179942
112 46 2.179975
112 33 2.251117
112 23 2.317472
112 25 2.315768
112 21 2.422810
112 11 2.435504
112 22 2.471327
112 38 2.442946
112 1 2.610251
112 7 2.687712
112 48 2.620857
112 26 2.792501
112 45 2.801788
112 35 2.937159
112 50 2.939517
112 34 3.023647
112 24 3.285829
112 19 3.325652
112 47 3.308732
112 40 3.398649
112 37 3.451957
112 2 3.579841
112 20 3.563745
112 18 3.722213
112 41 3.797920
112 42 4.000450
112 43 4.078826
113 11 0.864344
113 10 0.887785
113 13 0.912669
113 12 0.933372
113 29 0.913691
113 31 0.958178
113 7 1.421241
113 9 1.520023
113 5 1.557197
113 0 1.693440
113 4 1.736065
113 17 1.772646
113 16 1.932496
113 20 1.994840
113 3 2.039388
113 21 2.037271
113 14 2.045886
113 42 2.028854
113 27 2.133261
113 19 2.191899
113 28 2.226846
113 26 2.262917
113 15 2.412133
113 30 2.450564
113 24 2.559697
113 23 2.575898
113 8 2.623434
113 6 2.654328
113 1 2.733533
113 32 2.880626
113 44 2.944011
113 2 3.009820
113 25 3.019526
113 41 3.075312
113 36 3.094143
113 40 3.089563
113 33 3.221342
113 39 3.223618
113 47 3.271371
113 37 3.412161
113 48 3.405887
113 50 3.554364
113 18 3.609285
113 49 3.581957
113 35 3.617125
113 46 3.959433
113 45 3.968442
113 38 4.001598
113 43 4.004631
113 34 4.118215
113 22 4.154602
114 10 0.774065
114 44 0.797486
114 9 0.867516
114 8 0.899718
114 13 0.975076
114 14 1.025383
114 30 1.061952
114 32 1.078862
114 0 1.172967
114 11 1.179137
114 31 1.201202
114 33 1.199181
114 28 1.228641
114 29 1.351430
114 3 1.426297
114 12 1.419046
114 1 1.643940
114 50 1.610998
114 25 1.687473
114 5 1.766016
114 36 1.755050
114 26 1.798138
114 37 1.866944
114 2 1.927639
114 22 1.922535
114 42 1.999207
114 40 2.063799
114 16 2.125001
114 48 2.113780
114 34 2.137922
114 41 2.127527
114 7 2.207877
114 39 2.180589
114 24 2.204006
114 45 2.185038
114 20 2.306577
114 27 2.297602
114 17 2.468012
114 46 2.485704
114 43 2.531800
114 4 2.629699
114 49 2.573534
114 6 2.726791
114 15 2.728613
114 19 2.729224
114 21 2.728263
114 23 2.755081
114 18 2.768959
114 35 2.824421
114 38 3.100941
114 47 3.269335
115 11 0.685355
115 32 0.786597
115 14 0.831527
115 13 0.833684
115 9 0.838454
115 30 0.813201
115 44 0.790219
115 12 0.838019
115 10 0.980809
115 29 1.000460
115 28 1.050673
115 36 1.106749
115 0 1.149329
115 33 1.141248
115 8 1.236210
115 4 1.312173
115 43 1.341093
115 41 1.388665
115 45 1.456416
115 6 1.555698
115 2 1.585591
115 39 1.571045
115 19 1.604130
115 31 1.604548
115 26 1.661776
115 48 1.629953
115 24 1.737301
115 27 1.774073
115 5 1.842679
115 22 1.924173
115 16 1.953534
115 17 1.953632
115 40 1.938873
115 15 2.036466
115 38 2.002831
115 46 2.017016
115 20 2.073598
115 18 2.106524
115 42 2.074256
115 25 2.150305
115 49 2.141399
115 7 2.202983
115 47 2.252087
115 34 2.278100
115 23 2.375714
115 50 2.397956
115 3 2.578926
115 1 2.588381
115 21 2.620695
115 35 2.902231
115 37 3.200153
116 14 0.728783
116 8 0.911610
116 10 0.875833
116 9 0.902864
116 12 0.908024
116 11 1.015965
116 13 1.108824
116 29 0.725296
116 28 0.779453
116 32 0.717605
116 2 1.648825
116 6 1.567305
116 30 1.017647
116 0 1.947047
116 4 1.843898
116 33 1.069899
116 22 1.357021
116 15 1.719965
116 3 2.059718
116 44 1.124088
116 16 1.823229
116 1 2.279411
116 31 1.435432
116 5 2.213144
116 20 1.727726
116 26 1.685369
116 25 1.753148
116 21 2.035762
116 42 1.736395
116 40 1.809713
116 39 1.858556
116 38 1.862340
116 17 2.347216
116 34 1.900950
116 18 2.274061
116 23 2.194437
116 7 2.802673
116 46 1.974176
116 50 1.929016
116 47 2.010243
116 37 2.201972
116 36 2.210505
116 41 2.200627
116 35 2.421050
116 48 2.254207
116 49 2.212879
116 24 2.595567
116 19 2.839293
116 27 2.808127
116 43 2.600077
116 45 2.673204
117 8 1.039441
117 14 1.231565
117 12 1.308365
117 10 1.484987
117 9 1.742387
117 13 1.631294
117 1 2.235610
117 11 1.866743
117 3 2.184056
117 32 0.970282
117 2 2.467270
117 31 1.218542
117 28 1.297258
117 6 2.408384
117 0 2.780171
117 30 1.416065
117 29 1.530406
117 15 2.382394
117 5 2.726192
117 34 1.494949
117 22 2.095618
117 33 1.649462
117 4 2.931673
117 21 2.171168
117 44 1.340512
117 18 2.427891
117 27 1.833338
117 20 2.243951
117 23 2.188260
117 19 2.486220
117 24 2.367416
117 17 2.772415
117 16 2.985594
117 42 1.898389
117 7 3.318619
117 25 2.503932
117 38 2.020447
117 26 2.408507
117 46 1.883448
117 36 2.181183
117 37 2.265302
117 35 2.394178
117 43 2.269835
117 50 1.996260
117 45 2.296318
117 40 2.425435
117 47 2.224851
117 41 2.510727
117 49 2.439898
117 39 2.767014
117 48 2.807793
118 44 0.770486
118 14 0.846182
118 9 0.878039
118 11 0.877109
118 29 0.851860
118 12 0.919915
118 30 1.042199
118 13 1.069151
118 10 1.086373
118 32 1.155427
118 28 1.853369
118 50 1.881268
118 5 2.011011
118 48 1.939652
118 34 1.969398
118 26 1.986252
118 8 2.084216
118 37 2.120588
118 31 2.152873
118 25 2.163394
118 33 2.167473
118 45 2.180976
118 15 2.238745
118 21 2.230137
118 46 2.220776
118 27 2.293084
118 6 2.428082
118 17 2.534223
118 19 2.533435
118 35 2.556921
118 49 2.531274
118 23 2.676776
118 40 2.646405
118 41 2.690434
118 18 2.777371
118 2 2.896268
118 20 2.986794
118 36 3.023694
118 1 3.147731
118 24 3.120257
118 39 3.092229
118 22 3.262828
118 7 3.330512
118 4 3.377535
118 42 3.369404
118 43 3.370319
118 3 3.579577
118 38 3.525524
118 0 3.643000
118 47 3.569185
118 16 3.653169
119 8 0.828622
119 33 0.853018
119 32 0.935208
119 44 0.947111
119 9 1.012784
119 14 1.059804
119 30 1.089211
119 13 1.252596
119 10 1.323630
119 31 1.541444
119 37 1.565651
119 45 1.616782
119 29 1.731565
119 48 1.722134
119 2 1.824111
119 0 1.826233
119 49 1.770654
119 39 1.797249
119 3 1.885842
119 12 1.905079
119 11 1.957316
119 4 2.028305
119 36 2.034455
119 28 2.072380
119 6 2.142652
119 22 2.177801
119 42 2.209313
119 40 2.212213
119 20 2.301995
119 18 2.335910
119 17 2.378973
119 19 2.440271
119 16 2.469291
119 41 2.471111
119 26 2.529539
119 47 2.496314
119 46 2.500015
119 7 2.637545
119 34 2.752084
119 43 2.749814
119 5 2.803986
119 15 2.965367
119 24 2.984961
119 35 3.026844
119 1 3.097965
119 25 3.089569
119 21 3.198834
119 23 3.352099
119 50 3.387540
119 38 3.578338
119 27 3.644864
120 8 0.961101
120 44 0.922522
120 11 0.992676
120 9 1.152565
120 12 1.151301
120 14 1.150541
120 33 1.366290
120 29 1.743668
120 10 1.775133
120 31 1.738690
120 17 2.024384
120 0 2.182570
120 1 2.288325
120 5 2.286179
120 6 2.322527
120 26 2.295633
120 21 2.310510
120 39 2.304880
120 15 2.362924
120 13 2.391658
120 4 2.412065
120 18 2.465058
120 42 2.410005
120 40 2.522121
120 32 2.615494
120 30 2.621836
120 27 2.802557
120 7 2.832974
120 22 2.853656
120 2 3.041107
120 35 3.026668
120 41 3.038929
120 28 3.073478
120 46 3.093796
120 45 3.096150
120 25 3.203701
120 48 3.415066
120 50 3.468062
120 37 3.574277
120 36 3.578118
120 16 3.628841
120 23 3.775613
120 24 3.773604
120 47 3.787391
120 34 3.820109
120 43 3.899918
120 20 4.049201
120 38 4.040601
120 19 4.139438
120 3 4.532337
120 49 4.640348
