21 0 0.166101
21 3 0.175014
21 6 0.198813
21 5 0.203217
21 4 0.214843
21 2 0.223303
21 10 0.230176
21 8 0.232936
21 9 0.232294
21 1 0.243421
21 12 0.272977
21 14 0.275980
21 13 0.283559
21 31 0.280690
21 15 0.300824
21 25 0.289365
21 7 0.311403
21 33 0.282236
21 18 0.301508
21 29 0.288672
21 11 0.312795
21 27 0.295814
21 32 0.298513
21 44 0.281586
21 17 0.317394
21 47 0.276757
21 19 0.315428
21 30 0.302507
21 23 0.312387
21 28 0.307276
21 20 0.316972
21 34 0.300477
21 26 0.311244
21 35 0.299517
21 50 0.278945
21 38 0.297471
21 16 0.329896
21 24 0.321866
21 45 0.293389
21 21 0.326027
21 39 0.304581
21 22 0.326580
21 36 0.311239
21 40 0.305085
21 42 0.303328
21 37 0.311471
21 43 0.303966
21 41 0.308050
21 49 0.297936
21 46 0.303990
21 48 0.301098
22 0 0.145384
22 1 0.167418
22 2 0.173068
22 4 0.197908
22 5 0.210268
22 3 0.227604
22 9 0.226876
22 11 0.225364
22 6 0.233953
22 7 0.245565
22 28 0.272858
22 10 0.293563
22 12 0.296138
22 29 0.278492
22 8 0.306234
22 33 0.277738
22 14 0.303354
22 30 0.285991
22 31 0.285277
22 13 0.309728
22 34 0.284482
22 15 0.310823
22 22 0.305408
22 32 0.294334
22 27 0.304591
22 25 0.308567
22 17 0.319206
22 21 0.314564
22 19 0.317658
22 26 0.310054
22 24 0.313790
22 23 0.315091
22 20 0.321043
22 16 0.326211
22 18 0.325404
22 36 0.325768
22 37 0.350095
22 35 0.374746
22 38 0.398418
22 41 0.406675
22 49 0.439747
22 39 0.457901
22 42 0.472697
22 50 0.464734
22 44 0.478957
22 40 0.485668
22 43 0.495268
22 46 0.504528
22 48 0.519872
22 45 0.528729
22 47 0.552770
23 0 0.180067
23 6 0.216937
23 5 0.223492
23 1 0.236240
23 10 0.225235
23 9 0.236956
23 8 0.297067
23 12 0.292224
23 32 0.278952
23 30 0.285244
23 21 0.308576
23 14 0.323214
23 42 0.287328
23 35 0.297718
23 15 0.325704
23 50 0.282209
23 44 0.291182
23 19 0.325202
23 26 0.320201
23 28 0.318250
23 37 0.304927
23 29 0.318354
23 18 0.334535
23 3 0.355318
23 16 0.337106
23 20 0.337216
23 40 0.309901
23 11 0.350426
23 22 0.335809
23 38 0.314841
23 23 0.338121
23 31 0.329770
23 34 0.323779
23 33 0.328152
23 27 0.336304
23 17 0.347653
23 13 0.355931
23 2 0.375059
23 4 0.372052
23 25 0.345652
23 47 0.315681
23 39 0.327072
23 43 0.322275
23 7 0.376703
23 46 0.323920
23 45 0.325602
23 24 0.355688
23 36 0.338867
23 48 0.324980
23 41 0.338973
23 49 0.330402
24 0 0.158773
24 1 0.176668
24 4 0.191424
24 5 0.194512
24 2 0.200387
24 6 0.204235
24 3 0.230843
24 11 0.247739
24 9 0.280426
24 20 0.282759
24 13 0.291397
24 8 0.299250
24 28 0.285861
24 34 0.281861
24 29 0.291319
24 10 0.314625
24 23 0.304355
24 44 0.277446
24 17 0.310239
24 15 0.313829
24 19 0.310977
24 7 0.324352
24 21 0.311867
24 33 0.299265
24 24 0.311078
24 48 0.280008
24 31 0.302990
24 32 0.303013
24 22 0.316725
24 27 0.310141
24 30 0.306621
24 39 0.296192
24 25 0.315055
24 14 0.327226
24 16 0.325613
24 18 0.324869
24 12 0.333959
24 42 0.300276
24 37 0.307282
24 45 0.297720
24 50 0.292480
24 36 0.311538
24 38 0.309142
24 47 0.298001
24 41 0.306637
24 46 0.300755
24 26 0.328935
24 35 0.322486
24 40 0.316660
24 49 0.305481
24 43 0.315024
25 0 0.260437
25 2 0.261915
25 1 0.349472
25 3 0.469352
25 4 0.496388
25 7 0.496513
25 17 0.588540
25 12 0.595841
25 10 0.598587
25 6 0.603316
25 14 0.595521
25 8 0.601987
25 21 0.586270
25 41 0.562863
25 19 0.589602
25 29 0.580347
25 5 0.607214
25 11 0.601100
25 33 0.577279
25 9 0.604128
25 16 0.625141
25 22 0.617215
25 13 0.629213
25 28 0.612251
25 48 0.601412
25 20 0.635952
25 15 0.644236
25 30 0.629081
25 31 0.629085
25 38 0.621438
25 18 0.693656
25 25 0.688660
25 27 0.706014
25 26 0.730272
25 44 0.718268
25 36 0.750745
25 37 0.750497
25 40 0.813735
25 32 0.828268
25 45 0.811259
25 42 0.816979
25 43 0.819254
25 39 0.826213
25 49 0.823961
25 47 0.846094
25 34 0.867362
25 23 0.895146
25 24 0.910911
25 35 0.900003
25 50 0.891679
25 46 1.146964
26 3 0.131516
26 1 0.147737
26 2 0.166138
26 5 0.180066
26 4 0.190663
26 0 0.203182
26 7 0.200762
26 9 0.192356
26 6 0.205551
26 12 0.214855
26 10 0.228706
26 8 0.235020
26 11 0.257193
26 14 0.280808
26 20 0.269155
26 21 0.270179
26 13 0.290683
26 33 0.249876
26 30 0.262861
26 50 0.237448
26 34 0.268411
26 19 0.306820
26 38 0.271355
26 22 0.303391
26 23 0.303669
26 28 0.290247
26 16 0.319924
26 32 0.286101
26 26 0.303938
26 47 0.264889
26 15 0.326007
26 29 0.294934
26 24 0.310097
26 41 0.277251
26 18 0.319241
26 44 0.273551
26 31 0.298765
26 48 0.271159
26 42 0.281836
26 35 0.295820
26 17 0.328663
26 37 0.292369
26 46 0.278453
26 49 0.276682
26 25 0.322060
26 39 0.294729
26 43 0.293712
26 40 0.298184
26 36 0.304807
26 27 0.320405
26 45 0.302550
27 0 0.158353
27 2 0.164256
27 1 0.197005
27 3 0.198672
27 9 0.200484
27 4 0.210807
27 7 0.240027
27 6 0.247928
27 8 0.279851
27 12 0.289516
27 19 0.283140
27 13 0.299386
27 14 0.308931
27 26 0.295484
27 10 0.314072
27 29 0.294085
27 11 0.316979
27 38 0.285990
27 5 0.327033
27 21 0.309850
27 47 0.274172
27 42 0.280953
27 34 0.294931
27 15 0.321936
27 22 0.314139
27 50 0.275700
27 32 0.304339
27 33 0.303507
27 24 0.317456
27 27 0.313923
27 28 0.314112
27 23 0.322948
27 18 0.330554
27 30 0.315810
27 25 0.324838
27 48 0.292871
27 20 0.332749
27 17 0.336913
27 44 0.300280
27 31 0.320553
27 37 0.312582
27 45 0.300874
27 36 0.314412
27 16 0.343660
27 46 0.302730
27 39 0.313811
27 43 0.306782
27 40 0.313164
27 35 0.321056
27 49 0.303737
27 41 0.318309
28 0 0.148675
28 1 0.169976
28 4 0.179406
28 3 0.214678
28 2 0.216328
28 5 0.224019
28 10 0.230241
28 8 0.267646
28 9 0.302285
28 12 0.314958
28 18 0.312509
28 21 0.318952
28 26 0.317284
28 40 0.297643
28 32 0.309633
28 33 0.308896
28 22 0.329970
28 43 0.300600
28 11 0.341961
28 14 0.340268
28 15 0.339761
28 23 0.331302
28 41 0.307341
28 25 0.330032
28 20 0.336435
28 7 0.349161
28 16 0.341930
28 49 0.297845
28 28 0.328042
28 50 0.297392
28 27 0.331168
28 17 0.343113
28 44 0.307573
28 36 0.319526
28 13 0.349183
28 19 0.343824
28 6 0.356033
28 42 0.312920
28 30 0.331748
28 45 0.312888
28 39 0.322023
28 31 0.332785
28 38 0.324876
28 29 0.336893
28 34 0.330891
28 35 0.330666
28 24 0.349196
28 48 0.317614
28 47 0.322654
28 46 0.324699
28 37 0.338093
29 40 0.570091
29 13 0.616166
29 12 0.618967
29 30 0.631963
29 25 0.639356
29 27 0.668700
29 11 0.685201
29 41 0.656801
29 26 0.691998
29 38 0.700684
29 1 0.752070
29 14 0.754830
29 43 0.727821
29 29 0.747687
29 32 0.746282
29 37 0.750148
29 49 0.740894
29 10 0.797110
29 48 0.770726
29 44 0.778396
29 31 0.798897
29 28 0.805723
29 36 0.804131
29 8 0.849039
29 0 0.858913
29 33 0.854316
29 45 0.845688
29 2 0.911105
29 9 0.910510
29 7 0.920332
29 20 0.914356
29 47 0.899260
29 39 0.951178
29 23 0.967002
29 19 0.972341
29 42 0.950466
29 50 0.943607
29 34 0.959292
29 4 0.988087
29 46 0.948684
29 5 0.988478
29 17 0.978764
29 35 0.961868
29 18 0.978460
29 6 0.995545
29 24 0.981864
29 21 0.985911
29 3 1.006003
29 15 0.996206
29 16 0.996217
29 22 0.996415
30 0 0.197698
30 6 0.209628
30 7 0.228536
30 5 0.239328
30 3 0.245171
30 1 0.284024
30 10 0.279600
30 9 0.287686
30 4 0.317532
30 12 0.320399
30 14 0.325249
30 30 0.301914
30 11 0.334458
30 2 0.359000
30 8 0.355115
30 26 0.330474
30 20 0.341894
30 21 0.341344
30 22 0.340110
30 31 0.326856
30 32 0.327933
30 44 0.309998
30 24 0.337566
30 28 0.333935
30 33 0.330594
30 38 0.321446
30 13 0.359055
30 15 0.360195
30 42 0.320655
30 27 0.345691
30 16 0.366730
30 18 0.365968
30 29 0.349951
30 36 0.340143
30 41 0.336554
30 23 0.365354
30 46 0.331141
30 34 0.353422
30 17 0.378559
30 37 0.347556
30 40 0.343634
30 19 0.379057
30 47 0.339846
30 50 0.337427
30 39 0.351674
30 25 0.374978
30 43 0.352195
30 35 0.363306
30 48 0.355744
30 45 0.363166
30 49 0.363654
31 0 0.210448
31 2 0.214234
31 6 0.231426
31 1 0.310769
31 4 0.351303
31 5 0.377257
31 3 0.411541
31 10 0.472868
31 9 0.474646
31 8 0.478099
31 7 0.551466
31 20 0.578598
31 12 0.591937
31 13 0.668788
31 17 0.668187
31 19 0.668275
31 33 0.651308
31 11 0.679127
31 15 0.678018
31 30 0.660274
31 31 0.668648
31 32 0.668462
31 23 0.681861
31 25 0.679769
31 50 0.644956
31 28 0.676222
31 27 0.678390
31 44 0.655093
31 29 0.681301
31 14 0.702291
31 26 0.725287
31 47 0.699540
31 39 0.707336
31 37 0.712307
31 36 0.713860
31 22 0.733466
31 21 0.731321
31 42 0.706918
31 16 0.742697
31 24 0.733578
31 38 0.715136
31 49 0.701356
31 18 0.744354
31 46 0.711307
31 34 0.735138
31 35 0.748220
31 48 0.769289
31 45 0.788728
31 43 0.796562
31 40 0.806746
31 41 0.820983
32 4 0.200500
32 0 0.217266
32 3 0.239717
32 2 0.243941
32 8 0.237130
32 5 0.266963
32 7 0.278417
32 1 0.293555
32 14 0.336657
32 44 0.295477
32 9 0.354344
32 6 0.361956
32 12 0.354915
32 30 0.327357
32 11 0.371684
32 31 0.343498
32 19 0.370973
32 29 0.357681
32 15 0.376933
32 13 0.386202
32 32 0.356703
32 18 0.377580
32 25 0.369203
32 17 0.381474
32 33 0.360189
32 27 0.369516
32 38 0.355269
32 26 0.372221
32 21 0.379282
32 28 0.371052
32 10 0.400458
32 42 0.358341
32 23 0.384011
32 36 0.369248
32 16 0.397651
32 40 0.368128
32 37 0.377681
32 24 0.398508
32 47 0.376587
32 20 0.411619
32 43 0.383300
32 50 0.379524
32 46 0.387357
32 49 0.384107
32 45 0.390024
32 39 0.402858
32 35 0.411963
32 22 0.433602
32 34 0.419961
32 48 0.404064
32 41 0.413726
33 0 0.200892
33 1 0.212889
33 2 0.216018
33 4 0.227072
33 3 0.256511
33 8 0.269886
33 5 0.282141
33 10 0.296244
33 9 0.297855
33 11 0.302900
33 6 0.308911
33 13 0.314543
33 7 0.324220
33 15 0.328516
33 12 0.349842
33 14 0.366332
33 16 0.430691
33 18 0.434220
33 17 0.453193
33 19 0.453391
33 20 0.552642
33 30 0.553221
33 33 0.560896
33 43 0.591162
33 26 0.621324
33 22 0.627093
33 36 0.616256
33 47 0.604889
33 23 0.653204
33 34 0.727247
33 32 0.729609
33 21 0.749869
33 28 0.741210
33 39 0.724805
33 31 0.741028
33 40 0.728577
33 24 0.754895
33 37 0.737089
33 38 0.793974
33 49 0.778921
33 44 0.785929
33 42 0.797527
33 46 0.792521
33 27 0.850092
33 29 0.850290
33 50 0.836963
33 41 0.849849
33 25 0.882980
33 35 0.886782
33 45 0.963119
33 48 0.996103
34 3 0.280646
34 4 0.284841
34 2 0.291842
34 8 0.286467
34 1 0.293757
34 6 0.291128
34 5 0.292326
34 11 0.307333
34 10 0.303428
34 0 0.302927
34 14 0.308690
34 7 0.323595
34 9 0.321818
34 12 0.319722
34 30 0.302652
34 28 0.320034
34 29 0.319008
34 13 0.340457
34 17 0.342421
34 15 0.351129
34 32 0.330321
34 19 0.348164
34 18 0.351092
34 26 0.341933
34 33 0.334669
34 23 0.348870
34 20 0.355966
34 31 0.340838
34 47 0.323195
34 46 0.325049
34 37 0.338025
34 25 0.355496
34 36 0.342665
34 27 0.353872
34 24 0.358864
34 35 0.347759
34 44 0.337205
34 34 0.350695
34 42 0.344011
34 39 0.350592
34 16 0.382400
34 21 0.377612
34 38 0.357964
34 45 0.349791
34 22 0.379461
34 49 0.349204
34 50 0.348464
34 40 0.364643
34 43 0.361396
34 41 0.367135
34 48 0.378988
35 3 0.736055
35 32 0.707852
35 12 0.741740
35 28 0.731725
35 0 0.759311
35 50 0.717448
35 2 0.766918
35 30 0.776531
35 33 0.781298
35 14 0.807565
35 29 0.792821
35 8 0.818166
35 15 0.823238
35 47 0.821723
35 44 0.825952
35 20 0.850543
35 19 0.852021
35 35 0.837548
35 21 0.852558
35 23 0.854949
35 10 0.890144
35 42 0.860689
35 46 0.856541
35 31 0.884912
35 25 0.891689
35 40 0.878900
35 7 0.913554
35 9 0.913947
35 39 0.932900
35 18 0.957153
35 11 0.964671
35 22 0.957907
35 6 0.974039
35 41 0.940399
35 27 0.957688
35 5 0.980099
35 4 0.987364
35 38 0.971188
35 24 0.988624
35 37 0.979087
35 45 0.984202
35 34 1.009798
35 48 0.998181
35 36 1.014704
35 1 1.051333
35 16 1.056994
35 17 1.073506
35 43 1.069739
35 49 1.065885
35 13 1.109159
35 26 1.117289
36 0 0.202427
36 1 0.207687
36 8 0.241173
36 4 0.255323
36 2 0.269045
36 3 0.274099
36 6 0.281960
36 7 0.291611
36 13 0.293155
36 29 0.277253
36 9 0.302283
36 12 0.299543
36 30 0.288241
36 38 0.285248
36 32 0.294333
36 28 0.300885
36 34 0.296080
36 24 0.306927
36 14 0.319761
36 18 0.316957
36 22 0.312027
36 48 0.278845
36 50 0.276694
36 10 0.330266
36 42 0.290943
36 11 0.330713
36 23 0.317565
36 20 0.322643
36 35 0.306170
36 31 0.311062
36 19 0.325394
36 33 0.310503
36 46 0.293494
36 17 0.335834
36 44 0.305567
36 37 0.316547
36 47 0.311322
36 15 0.353923
36 21 0.346854
36 26 0.344396
36 16 0.358321
36 41 0.330625
36 39 0.333607
36 40 0.332603
36 27 0.349784
36 5 0.376769
36 45 0.333100
36 36 0.349579
36 25 0.364658
36 43 0.343070
36 49 0.335708
37 0 1.019586
37 11 1.047599
37 10 1.049506
37 8 1.071903
37 15 1.100684
37 6 1.140016
37 14 1.134433
37 9 1.161529
37 1 1.176220
37 2 1.200792
37 4 1.231741
37 16 1.219652
37 12 1.259284
37 24 1.240467
37 3 1.279210
37 13 1.291758
37 17 1.294446
37 5 1.307902
37 44 1.062374
37 7 1.375498
37 32 1.354678
37 29 1.370972
37 26 1.396036
37 20 1.420097
37 31 1.402692
37 42 1.193134
37 47 1.105556
37 27 1.474389
37 23 1.479041
37 36 1.400335
37 30 1.494299
37 25 1.517004
37 33 1.506199
37 28 1.519651
37 35 1.509174
37 18 1.546016
37 46 1.182957
37 22 1.541948
37 38 1.358386
37 50 1.065322
37 21 1.559776
37 40 1.357179
37 41 1.355001
37 34 1.549741
37 19 1.582218
37 37 1.405812
37 48 1.213583
37 45 1.296690
37 39 1.403159
37 43 1.336107
37 49 1.197009
38 0 0.273006
38 1 0.297116
38 9 0.331752
38 4 0.340544
38 2 0.374095
38 10 0.370678
38 5 0.411020
38 30 0.393623
38 29 0.396245
38 33 0.393134
38 44 0.379336
38 12 0.435795
38 14 0.435174
38 8 0.441804
38 18 0.433161
38 28 0.424077
38 31 0.420556
38 15 0.451929
38 3 0.467671
38 13 0.460130
38 32 0.438393
38 11 0.462952
38 20 0.453091
38 6 0.470288
38 23 0.453729
38 16 0.465925
38 27 0.456276
38 21 0.463506
38 22 0.479465
38 25 0.477970
38 42 0.466866
38 19 0.503106
38 24 0.499080
38 43 0.475055
38 48 0.475726
38 40 0.496254
38 41 0.498434
38 7 0.540185
38 38 0.509423
38 39 0.512666
38 17 0.546922
38 47 0.511447
38 49 0.509609
38 35 0.536763
38 34 0.539545
38 26 0.550688
38 45 0.527882
38 36 0.546889
38 46 0.531081
38 37 0.548375
38 50 0.540796
39 0 0.225621
39 3 0.235361
39 5 0.268604
39 4 0.274320
39 1 0.300591
39 10 0.299300
39 2 0.326239
39 9 0.329127
39 13 0.337441
39 28 0.324976
39 8 0.350367
39 31 0.323129
39 39 0.316554
39 20 0.346644
39 11 0.359621
39 21 0.349417
39 12 0.378893
39 14 0.377405
39 44 0.335524
39 17 0.379335
39 48 0.346338
39 32 0.369613
39 33 0.369876
39 6 0.404235
39 29 0.376598
39 30 0.375566
39 36 0.375097
39 19 0.408563
39 24 0.405096
39 16 0.420003
39 7 0.434057
39 25 0.420464
39 15 0.439703
39 18 0.437507
39 42 0.404579
39 40 0.410821
39 46 0.409733
39 23 0.443822
39 22 0.445391
39 27 0.438924
39 45 0.415998
39 49 0.411553
39 35 0.434308
39 37 0.432896
39 41 0.428902
39 26 0.457109
39 50 0.426972
39 34 0.452045
39 43 0.440264
39 38 0.452257
39 47 0.457029
40 31 0.701095
40 19 0.714577
40 5 0.768317
40 13 0.759164
40 28 0.746204
40 37 0.734058
40 1 0.781657
40 44 0.741552
40 11 0.796220
40 45 0.758527
40 47 0.795564
40 33 0.842650
40 29 0.854810
40 21 0.879426
40 9 0.916055
40 30 0.894075
40 12 0.912740
40 6 0.964911
40 35 0.935296
40 23 0.952725
40 15 0.964739
40 4 0.979885
40 3 1.001722
40 17 1.013197
40 50 0.975326
40 27 1.012761
40 48 0.993764
40 43 1.024123
40 10 1.107734
40 40 1.082613
40 34 1.098433
40 42 1.108242
40 16 1.140717
40 25 1.130864
40 7 1.153555
40 39 1.115543
40 2 1.160265
40 14 1.145662
40 32 1.127144
40 41 1.144765
40 36 1.151121
40 49 1.137858
40 0 1.195662
40 38 1.156701
40 24 1.185074
40 18 1.192180
40 8 1.207110
40 22 1.190687
40 26 1.195793
40 20 1.205484
40 46 1.211295
41 8 0.248119
41 6 0.288616
41 3 0.301453
41 2 0.305597
41 13 0.289330
41 4 0.328156
41 12 0.326493
41 5 0.351081
41 33 0.294638
41 1 0.362206
41 11 0.350767
41 0 0.371950
41 9 0.358840
41 10 0.366318
41 44 0.298922
41 14 0.387033
41 7 0.421236
41 29 0.373926
41 30 0.386086
41 32 0.384500
41 31 0.385867
41 16 0.436854
41 28 0.409809
41 39 0.404313
41 20 0.446856
41 43 0.396640
41 18 0.458722
41 35 0.418805
41 21 0.452953
41 36 0.416147
41 15 0.470031
41 46 0.405335
41 45 0.408209
41 17 0.472449
41 19 0.477033
41 42 0.426425
41 48 0.419719
41 37 0.438125
41 25 0.479273
41 47 0.438883
41 26 0.487549
41 23 0.492212
41 22 0.499048
41 40 0.458378
41 24 0.496695
41 50 0.446348
41 27 0.494949
41 38 0.471664
41 49 0.459042
41 41 0.472127
41 34 0.493190
42 0 0.258080
42 5 0.261421
42 3 0.285248
42 1 0.291178
42 2 0.311852
42 6 0.326731
42 7 0.348564
42 13 0.366176
42 8 0.406647
42 12 0.404131
42 11 0.409007
42 10 0.410691
42 4 0.456931
42 9 0.568043
42 34 0.636917
42 20 0.725044
42 21 0.734784
42 29 0.727170
42 16 0.745658
42 17 0.745396
42 27 0.734652
42 32 0.727822
42 25 0.738606
42 35 0.789859
42 18 0.820224
42 46 0.782498
42 19 0.821147
42 28 0.811662
42 38 0.798247
42 14 0.831619
42 15 0.831160
42 33 0.810188
42 36 0.806285
42 37 0.805227
42 49 0.788541
42 48 0.790313
42 22 0.827535
42 47 0.793274
42 30 0.817338
42 24 0.826540
42 26 0.824824
42 41 0.803694
42 44 0.800570
42 42 0.804940
42 43 0.819062
42 23 0.847001
42 31 0.836329
42 39 0.833079
42 40 0.865673
42 50 0.898686
42 45 1.002041
43 8 0.239618
43 3 0.293872
43 5 0.339867
43 2 0.375052
43 9 0.368542
43 14 0.366518
43 4 0.376862
43 13 0.369877
43 0 0.383119
43 10 0.373312
43 11 0.372785
43 28 0.359550
43 32 0.376774
43 1 0.416048
43 29 0.404494
43 47 0.378939
43 18 0.433631
43 12 0.442534
43 30 0.433632
43 48 0.404187
43 31 0.436506
43 33 0.441333
43 44 0.419894
43 19 0.462147
43 15 0.476738
43 40 0.447847
43 16 0.487885
43 38 0.457453
43 7 0.508842
43 17 0.501950
43 39 0.473817
43 35 0.485986
43 26 0.498533
43 25 0.509788
43 22 0.520178
43 43 0.485408
43 42 0.486927
43 21 0.522126
43 24 0.519051
43 27 0.519306
43 45 0.488556
43 46 0.489383
43 6 0.548806
43 20 0.535065
43 50 0.494997
43 49 0.496861
43 34 0.527650
43 41 0.516284
43 23 0.554782
43 36 0.544324
43 37 0.547177
44 0 0.261535
44 8 0.261770
44 2 0.311644
44 5 0.309163
44 4 0.318794
44 1 0.340350
44 10 0.332773
44 3 0.353140
44 9 0.353591
44 6 0.396331
44 7 0.413541
44 13 0.414371
44 14 0.416027
44 11 0.419063
44 12 0.432528
44 15 0.480688
44 44 0.653573
44 29 0.691457
44 16 0.737391
44 28 0.734784
44 30 0.759221
44 18 0.795484
44 43 0.772789
44 34 0.802293
44 46 0.784715
44 22 0.824476
44 37 0.809972
44 21 0.842993
44 39 0.830356
44 17 0.913215
44 41 0.881121
44 42 0.879757
44 33 0.895035
44 32 0.926269
44 24 0.964881
44 20 0.970476
44 40 0.962990
44 31 1.034121
44 25 1.060290
44 47 1.033173
44 50 1.036145
44 36 1.063178
44 35 1.076973
44 23 1.139986
44 49 1.273208
44 45 1.313083
44 27 1.355680
44 48 1.416399
44 38 1.466975
44 19 1.555331
44 26 1.560273
45 8 0.258544
45 33 0.349632
45 0 0.394488
45 31 0.381332
45 30 0.385310
45 44 0.375746
45 9 0.433595
45 29 0.414294
45 14 0.446265
45 4 0.475936
45 2 0.481640
45 13 0.504757
45 1 0.522048
45 11 0.536080
45 3 0.545521
45 32 0.518156
45 6 0.549486
45 10 0.546713
45 28 0.530312
45 26 0.535565
45 12 0.553124
45 20 0.549473
45 7 0.562838
45 27 0.540518
45 48 0.534774
45 5 0.595889
45 24 0.587624
45 39 0.574204
45 25 0.596941
45 21 0.611669
45 18 0.616336
45 15 0.626226
45 45 0.594210
45 41 0.603051
45 22 0.634138
45 49 0.599225
45 38 0.617786
45 19 0.655287
45 37 0.629351
45 36 0.633626
45 46 0.623305
45 16 0.670347
45 42 0.639346
45 43 0.651857
45 40 0.661564
45 23 0.687740
45 34 0.672488
45 35 0.681182
45 50 0.664725
45 47 0.679583
45 17 0.723503
46 0 0.293983
46 11 0.290814
46 12 0.291535
46 10 0.296747
46 4 0.312726
46 3 0.319987
46 9 0.319853
46 14 0.320506
46 8 0.327075
46 13 0.327382
46 5 0.355443
46 6 0.360685
46 2 0.371318
46 1 0.382606
46 7 0.420960
46 15 0.451368
46 19 0.473631
46 16 0.487081
46 17 0.599559
46 32 0.660481
46 20 0.679511
46 33 0.669057
46 28 0.692941
46 18 0.750318
46 29 0.742994
46 21 0.753854
46 24 0.773698
46 31 0.770893
46 41 0.769741
46 38 0.773778
46 26 0.791168
46 36 0.779159
46 30 0.795084
46 22 0.821657
46 23 0.821445
46 27 0.817560
46 25 0.835468
46 44 0.819937
46 42 0.824932
46 37 0.853204
46 49 0.734321
46 39 0.897230
46 50 0.809001
46 35 0.949153
46 40 0.946925
46 43 0.943365
46 46 0.957931
46 48 1.013205
46 45 1.116027
46 47 1.154229
46 34 1.243137
47 8 0.237892
47 9 0.241031
47 4 0.280617
47 0 0.378137
47 32 0.346545
47 11 0.376083
47 1 0.388077
47 3 0.393005
47 33 0.363481
47 10 0.400126
47 30 0.383926
47 13 0.431158
47 2 0.444101
47 14 0.434102
47 29 0.426697
47 12 0.450443
47 24 0.447616
47 23 0.450333
47 22 0.458511
47 44 0.432531
47 28 0.460439
47 26 0.482031
47 25 0.492400
47 31 0.486661
47 15 0.516950
47 5 0.536235
47 21 0.538105
47 43 0.519981
47 36 0.531661
47 39 0.528274
47 6 0.573298
47 7 0.574619
47 48 0.531443
47 27 0.564011
47 41 0.551687
47 42 0.566045
47 45 0.562957
47 35 0.581144
47 34 0.584182
47 16 0.608289
47 49 0.570987
47 47 0.578823
47 20 0.613650
47 19 0.618286
47 40 0.591948
47 46 0.586586
47 38 0.612732
47 37 0.617195
47 18 0.641711
47 17 0.656380
47 50 0.623840
48 3 0.280210
48 8 0.334869
48 0 0.347392
48 30 0.348962
48 9 0.375440
48 29 0.377817
48 13 0.436400
48 4 0.445370
48 7 0.443284
48 1 0.454716
48 32 0.426849
48 11 0.457856
48 31 0.447093
48 10 0.489082
48 5 0.494472
48 28 0.505404
48 20 0.515976
48 12 0.525026
48 33 0.501675
48 18 0.523856
48 2 0.548737
48 6 0.547273
48 15 0.539656
48 17 0.542995
48 40 0.514386
48 44 0.525527
48 14 0.572159
48 35 0.567893
48 45 0.556567
48 26 0.603780
48 47 0.589751
48 50 0.611753
48 19 0.652963
48 48 0.618261
48 43 0.635346
48 27 0.660989
48 24 0.669169
48 22 0.672457
48 25 0.669713
48 49 0.641389
48 39 0.664493
48 23 0.691500
48 42 0.671616
48 36 0.687942
48 34 0.695750
48 38 0.694089
48 41 0.702325
48 16 0.738344
48 21 0.739248
48 37 0.721369
48 46 0.721082
49 10 0.378879
49 14 0.376210
49 0 0.404021
49 31 0.374202
49 33 0.386358
49 9 0.466117
49 13 0.463800
49 30 0.461230
49 28 0.502174
49 15 0.527675
49 12 0.535904
49 18 0.537322
49 32 0.530131
49 8 0.562459
49 16 0.553224
49 5 0.567418
49 6 0.567004
49 11 0.562666
49 1 0.572143
49 3 0.570759
49 17 0.556179
49 44 0.523452
49 20 0.555031
49 43 0.531754
49 7 0.583945
49 19 0.575142
49 21 0.575730
49 29 0.567473
49 23 0.578691
49 42 0.566366
49 22 0.591482
49 2 0.617422
49 36 0.577930
49 25 0.597474
49 24 0.603032
49 4 0.628109
49 26 0.625397
49 50 0.604398
49 37 0.628368
49 40 0.643938
49 45 0.642053
49 38 0.653515
49 34 0.670352
49 48 0.659249
49 39 0.674952
49 41 0.677850
49 47 0.670833
49 35 0.693713
49 27 0.719816
49 46 0.719494
49 49 0.720511
50 1 0.344785
50 9 0.338156
50 0 0.348334
50 31 0.338396
50 14 0.378928
50 28 0.363397
50 6 0.392304
50 8 0.392995
50 3 0.415537
50 11 0.409171
50 4 0.468539
50 44 0.441485
50 10 0.485541
50 5 0.504171
50 15 0.504749
50 13 0.511208
50 7 0.517080
50 12 0.528307
50 29 0.509985
50 33 0.525614
50 30 0.539409
50 32 0.538897
50 21 0.555010
50 27 0.547888
50 18 0.570413
50 24 0.563340
50 45 0.546832
50 2 0.600812
50 17 0.588332
50 37 0.589236
50 38 0.646531
50 36 0.649267
50 48 0.638175
50 20 0.677099
50 23 0.676245
50 26 0.679485
50 50 0.664292
50 49 0.666150
50 41 0.680975
50 34 0.697836
50 22 0.721559
50 46 0.693659
50 16 0.735353
50 40 0.722109
50 43 0.731507
50 42 0.733192
50 47 0.733301
50 35 0.751923
50 19 0.788302
50 25 0.783544
50 39 0.785640
51 12 0.253653
51 28 0.370801
51 1 0.431678
51 8 0.470066
51 5 0.479965
51 6 0.508033
51 0 0.525550
51 2 0.539841
51 13 0.527521
51 11 0.529562
51 10 0.561438
51 15 0.554779
51 32 0.522653
51 9 0.564855
51 33 0.522898
51 46 0.506251
51 35 0.530014
51 7 0.590025
51 14 0.592406
51 44 0.541707
51 30 0.562010
51 29 0.568063
51 25 0.598373
51 45 0.570455
51 3 0.639114
51 31 0.590129
51 19 0.614006
51 27 0.607719
51 16 0.630776
51 4 0.649577
51 21 0.625319
51 34 0.613087
51 24 0.660835
51 17 0.680148
51 18 0.686780
51 23 0.672361
51 50 0.657457
51 22 0.710954
51 20 0.721213
51 37 0.703726
51 39 0.713083
51 48 0.699637
51 36 0.719350
51 40 0.736342
51 43 0.736780
51 49 0.727047
51 42 0.747060
51 26 0.772695
51 38 0.759973
51 47 0.757424
51 41 0.799735
52 4 0.231133
52 0 0.240499
52 3 0.246862
52 2 0.352106
52 11 0.361787
52 32 0.346421
52 44 0.344508
52 29 0.372047
52 12 0.405278
52 10 0.461220
52 9 0.462718
52 8 0.463968
52 1 0.470791
52 28 0.449737
52 7 0.495967
52 30 0.482858
52 14 0.504107
52 31 0.497562
52 15 0.519107
52 13 0.526188
52 25 0.520612
52 17 0.530996
52 5 0.542804
52 6 0.550771
52 22 0.542265
52 36 0.531756
52 33 0.541353
52 27 0.556617
52 37 0.544796
52 26 0.565877
52 40 0.548010
52 34 0.556420
52 20 0.576865
52 41 0.553449
52 45 0.556151
52 35 0.581426
52 18 0.604970
52 24 0.597857
52 46 0.569376
52 50 0.587917
52 42 0.599623
52 47 0.604083
52 49 0.602082
52 38 0.617483
52 21 0.642278
52 16 0.655359
52 23 0.665238
52 43 0.651094
52 19 0.684925
52 48 0.654468
52 39 0.692347
53 11 0.650314
53 9 0.851930
53 48 0.838088
53 35 0.864511
53 47 0.883262
53 36 0.946405
53 26 0.964224
53 37 0.988673
53 33 1.008051
53 32 1.030186
53 0 1.090148
53 43 1.082292
53 14 1.126998
53 22 1.178542
53 39 1.178045
53 13 1.219929
53 8 1.233638
53 28 1.233568
53 44 1.240431
53 18 1.269181
53 30 1.277721
53 31 1.283212
53 45 1.281117
53 38 1.290439
53 12 1.369218
53 19 1.372091
53 42 1.363826
53 29 1.392259
53 10 1.417630
53 40 1.392343
53 25 1.420976
53 16 1.547827
53 3 1.605974
53 23 1.613635
53 27 1.626997
53 4 1.655948
53 7 1.652558
53 49 1.619139
53 21 1.657688
53 6 1.687577
53 50 1.666269
53 1 1.727878
53 41 1.689695
53 24 1.714815
53 5 1.742805
53 15 1.770923
53 17 1.773530
53 20 1.771650
53 34 1.765780
53 46 1.768820
53 2 1.838443
54 3 0.362337
54 11 0.371527
54 8 0.402467
54 30 0.382377
54 29 0.418258
54 5 0.452265
54 13 0.471925
54 9 0.481223
54 2 0.528875
54 44 0.486648
54 0 0.539249
54 14 0.527413
54 1 0.552401
54 33 0.522022
54 15 0.551401
54 31 0.533033
54 28 0.555183
54 12 0.573197
54 46 0.533048
54 32 0.552268
54 42 0.548621
54 10 0.601660
54 25 0.591990
54 26 0.606790
54 18 0.629459
54 35 0.616712
54 39 0.620745
54 7 0.659969
54 36 0.628909
54 37 0.634526
54 20 0.662143
54 16 0.667725
54 50 0.628026
54 17 0.679465
54 24 0.681233
54 4 0.711641
54 19 0.701587
54 6 0.720816
54 21 0.715215
54 43 0.697301
54 48 0.693160
54 27 0.722612
54 38 0.716622
54 49 0.702588
54 45 0.718107
54 47 0.715153
54 40 0.734257
54 34 0.746220
54 22 0.760531
54 41 0.739368
54 23 0.763424
55 9 0.337038
55 2 0.368177
55 8 0.396894
55 12 0.394005
55 10 0.396732
55 13 0.407960
55 0 0.422694
55 4 0.439404
55 30 0.413506
55 33 0.426759
55 29 0.455108
55 44 0.512775
55 28 0.534135
55 14 0.552108
55 16 0.550676
55 3 0.562678
55 11 0.586892
55 1 0.622141
55 42 0.578640
55 15 0.619338
55 6 0.627841
55 22 0.612402
55 20 0.616565
55 40 0.590623
55 31 0.604008
55 18 0.622076
55 32 0.603960
55 45 0.593060
55 35 0.623233
55 17 0.649634
55 5 0.663666
55 49 0.619818
55 27 0.655654
55 37 0.662558
55 36 0.673721
55 26 0.692116
55 39 0.675742
55 34 0.685712
55 25 0.698150
55 47 0.675115
55 38 0.689579
55 46 0.682016
55 50 0.678396
55 43 0.701332
55 21 0.745292
55 23 0.749735
55 19 0.758690
55 24 0.753271
55 7 0.804670
55 41 0.780523
55 48 0.811645
56 8 0.391705
56 32 0.365243
56 9 0.397481
56 31 0.382837
56 12 0.412918
56 13 0.425022
56 0 0.441761
56 20 0.420861
56 6 0.438522
56 29 0.467532
56 24 0.475385
56 33 0.473587
56 11 0.500535
56 22 0.491945
56 5 0.516222
56 19 0.507563
56 4 0.527329
56 10 0.520693
56 27 0.508624
56 15 0.523115
56 1 0.538759
56 28 0.513235
56 2 0.542972
56 17 0.531344
56 14 0.534578
56 30 0.517649
56 23 0.528716
56 34 0.519684
56 26 0.531054
56 7 0.565636
56 3 0.574544
56 44 0.531296
56 49 0.530238
56 25 0.599423
56 35 0.596671
56 42 0.607688
56 38 0.619810
56 41 0.620456
56 21 0.647516
56 50 0.618107
56 46 0.640562
56 37 0.655545
56 16 0.696762
56 18 0.697766
56 39 0.672865
56 40 0.671683
56 47 0.675662
56 43 0.686932
56 48 0.694540
56 45 0.714666
56 36 0.743094
57 9 0.326277
57 3 0.354240
57 8 0.374083
57 12 0.394545
57 31 0.384451
57 14 0.411979
57 11 0.429622
57 13 0.431882
57 2 0.483785
57 44 0.437416
57 1 0.502130
57 32 0.476929
57 10 0.523280
57 30 0.510850
57 5 0.551557
57 29 0.558671
57 33 0.575919
57 16 0.613087
57 28 0.605615
57 15 0.628955
57 0 0.661791
57 7 0.674327
57 22 0.663551
57 4 0.685634
57 34 0.712770
57 18 0.738723
57 36 0.734827
57 27 0.752905
57 17 0.771304
57 40 0.741579
57 48 0.738267
57 6 0.802446
57 35 0.776968
57 21 0.811283
57 43 0.787185
57 24 0.814779
57 26 0.814114
57 25 0.842512
57 50 0.815473
57 39 0.843053
57 38 0.844931
57 19 0.870702
57 42 0.840355
57 47 0.837674
57 46 0.841496
57 23 0.890181
57 45 0.897938
57 37 0.929932
57 20 0.958242
57 49 0.924432
57 41 0.935183
58 10 0.414381
58 13 0.417106
58 14 0.450514
58 9 0.465539
58 12 0.498255
58 0 0.525109
58 8 0.528093
58 4 0.569438
58 28 0.551129
58 2 0.588453
58 7 0.596386
58 30 0.572420
58 1 0.615694
58 44 0.568956
58 5 0.653091
58 32 0.610588
58 29 0.636217
58 6 0.670647
58 31 0.657177
58 18 0.681916
58 11 0.722309
58 3 0.734894
58 33 0.703508
58 26 0.735426
58 23 0.774815
58 22 0.780248
58 42 0.745359
58 40 0.757267
58 25 0.789268
58 45 0.752675
58 20 0.807031
58 35 0.783562
58 27 0.813519
58 16 0.846459
58 17 0.851522
58 49 0.796752
58 50 0.814417
58 34 0.853211
58 39 0.859641
58 43 0.853675
58 24 0.901642
58 15 0.924203
58 46 0.870856
58 47 0.875857
58 36 0.906143
58 37 0.914768
58 21 0.948210
58 48 0.897017
58 38 0.937798
58 41 0.939913
58 19 0.984913
59 9 0.373646
59 1 0.393829
59 33 0.375902
59 10 0.415273
59 8 0.418372
59 11 0.434029
59 13 0.454560
59 2 0.477877
59 4 0.476941
59 5 0.498901
59 29 0.505618
59 31 0.558583
59 3 0.596747
59 14 0.604437
59 16 0.621475
59 28 0.614873
59 34 0.606756
59 30 0.619692
59 17 0.648152
59 32 0.635607
59 6 0.667563
59 12 0.662856
59 0 0.693398
59 44 0.649008
59 43 0.657351
59 7 0.731545
59 20 0.723154
59 41 0.712176
59 22 0.737863
59 19 0.749118
59 47 0.740302
59 18 0.786055
59 23 0.783899
59 26 0.780532
59 27 0.787425
59 25 0.790477
59 21 0.821736
59 15 0.843719
59 49 0.817321
59 50 0.826876
59 46 0.844641
59 35 0.870775
59 40 0.873871
59 24 0.908184
59 37 0.943991
59 39 0.950874
59 38 0.963940
59 45 0.954608
59 48 0.968863
59 42 0.985139
59 36 1.018539
60 14 0.403158
60 13 0.414368
60 11 0.416972
60 12 0.416559
60 9 0.420515
60 8 0.421816
60 10 0.420554
60 30 0.406457
60 31 0.405681
60 28 0.449604
60 44 0.448048
60 0 0.527074
60 48 0.589262
60 29 0.628805
60 23 0.642673
60 4 0.669586
60 2 0.705002
60 39 0.660649
60 36 0.665791
60 3 0.719195
60 32 0.675367
60 6 0.721934
60 33 0.687105
60 1 0.742045
60 17 0.745864
60 7 0.763004
60 22 0.750064
60 18 0.768312
60 27 0.757344
60 5 0.795595
60 20 0.789365
60 42 0.758358
60 45 0.757667
60 26 0.800778
60 40 0.782271
60 24 0.815282
60 35 0.795371
60 15 0.835962
60 19 0.837451
60 46 0.816679
60 16 0.870684
60 34 0.840879
60 38 0.844647
60 49 0.854034
60 37 0.886809
60 47 0.875302
60 50 0.902127
60 25 0.950274
60 43 0.927339
60 21 1.012066
60 41 0.980708
61 9 0.374929
61 44 0.360344
61 13 0.411220
61 14 0.432434
61 32 0.417058
61 8 0.446262
61 33 0.430906
61 28 0.466467
61 0 0.530510
61 11 0.520612
61 10 0.533749
61 1 0.564636
61 29 0.543923
61 31 0.564703
61 2 0.618809
61 5 0.657286
61 3 0.659918
61 12 0.701171
61 30 0.680309
61 19 0.713728
61 34 0.697808
61 36 0.719308
61 4 0.764879
61 16 0.757440
61 25 0.775565
61 39 0.807575
61 15 0.847927
61 38 0.822126
61 49 0.817254
61 35 0.848699
61 23 0.867810
61 27 0.866846
61 18 0.896050
61 43 0.866610
61 20 0.905755
61 6 0.923868
61 17 0.931447
61 40 0.900494
61 47 0.890874
61 24 0.924548
61 46 0.904590
61 37 0.917809
61 7 0.956324
61 41 0.913918
61 45 0.915037
61 42 0.920772
61 22 0.950905
61 50 0.924564
61 21 0.966765
61 26 0.966372
61 48 0.954164
62 5 0.247942
62 8 0.269016
62 10 0.290449
62 1 0.324050
62 3 0.312894
62 0 0.391075
62 9 0.373429
62 11 0.375951
62 13 0.358936
62 14 0.386626
62 2 0.439363
62 7 0.441623
62 12 0.441694
62 28 0.408932
62 31 0.406310
62 33 0.422213
62 6 0.537072
62 4 0.540146
62 29 0.443043
62 32 0.489186
62 16 0.562552
62 44 0.483538
62 30 0.527247
62 15 0.590370
62 20 0.578790
62 40 0.533063
62 19 0.601087
62 45 0.527644
62 21 0.640513
62 17 0.697875
62 36 0.634725
62 37 0.638568
62 35 0.651490
62 46 0.635383
62 18 0.720938
62 43 0.652996
62 34 0.678635
62 22 0.726373
62 41 0.674027
62 39 0.681164
62 49 0.661258
62 42 0.686728
62 26 0.741112
62 27 0.737177
62 25 0.757483
62 23 0.760383
62 24 0.770819
62 48 0.724205
62 38 0.752663
62 47 0.737461
62 50 0.784072
63 9 0.370000
63 4 0.449508
63 10 0.443918
63 44 0.403809
63 13 0.446879
63 29 0.462004
63 5 0.493047
63 0 0.521857
63 14 0.515536
63 33 0.493099
63 3 0.527452
63 12 0.541316
63 32 0.518238
63 6 0.548671
63 2 0.554119
63 7 0.556739
63 31 0.531472
63 28 0.550923
63 11 0.572677
63 30 0.556635
63 15 0.590419
63 8 0.615979
63 1 0.641212
63 16 0.646691
63 34 0.664502
63 40 0.682387
63 18 0.718824
63 24 0.716939
63 21 0.720875
63 17 0.733268
63 23 0.726844
63 43 0.710660
63 26 0.766344
63 19 0.778501
63 35 0.767523
63 42 0.762015
63 20 0.816313
63 48 0.800744
63 22 0.844544
63 45 0.827735
63 25 0.854350
63 27 0.855497
63 39 0.844084
63 47 0.847099
63 38 0.869602
63 36 0.876743
63 50 0.874699
63 46 0.919326
63 37 0.934064
63 41 0.937493
63 49 0.933417
64 11 0.389772
64 9 0.405509
64 12 0.416790
64 8 0.425896
64 13 0.490974
64 14 0.495024
64 5 0.515003
64 10 0.519088
64 28 0.494559
64 32 0.508455
64 1 0.564391
64 0 0.572871
64 31 0.572984
64 3 0.613960
64 6 0.615330
64 33 0.590704
64 29 0.629229
64 36 0.675467
64 30 0.685440
64 44 0.665207
64 35 0.682620
64 4 0.780154
64 16 0.770027
64 19 0.770474
64 23 0.782032
64 25 0.787499
64 39 0.770878
64 48 0.763426
64 7 0.825153
64 45 0.784116
64 24 0.822163
64 17 0.843986
64 27 0.832710
64 38 0.818506
64 40 0.824629
64 26 0.852268
64 15 0.876436
64 41 0.837012
64 42 0.843968
64 43 0.848142
64 46 0.848070
64 21 0.898533
64 49 0.892588
64 47 0.898580
64 20 0.946160
64 22 0.947988
64 18 0.963605
64 34 0.947111
64 2 1.009263
64 50 0.947301
64 37 1.025647
65 5 0.372403
65 3 0.409782
65 12 0.424240
65 0 0.464208
65 30 0.444563
65 33 0.473844
65 9 0.511687
65 14 0.509312
65 11 0.528324
65 1 0.539966
65 7 0.534568
65 2 0.552946
65 22 0.533217
65 10 0.547620
65 38 0.562557
65 13 0.602607
65 29 0.588449
65 8 0.618210
65 42 0.593736
65 25 0.620907
65 20 0.632362
65 32 0.624334
65 4 0.655027
65 28 0.636977
65 44 0.619853
65 6 0.698837
65 39 0.658061
65 27 0.684171
65 31 0.679619
65 47 0.662357
65 35 0.690976
65 50 0.679472
65 26 0.719859
65 49 0.689481
65 46 0.695059
65 23 0.744979
65 43 0.730372
65 18 0.775386
65 34 0.755964
65 36 0.754123
65 48 0.741581
65 21 0.784692
65 16 0.791611
65 45 0.763396
65 37 0.786699
65 15 0.835509
65 24 0.826522
65 19 0.865077
65 40 0.845549
65 17 0.889264
65 41 0.871150
66 8 0.356650
66 0 0.381319
66 4 0.391304
66 44 0.388517
66 11 0.449935
66 3 0.458935
66 10 0.461466
66 1 0.497146
66 31 0.483639
66 20 0.497477
66 13 0.507462
66 30 0.515005
66 9 0.542448
66 29 0.518971
66 12 0.541621
66 5 0.551166
66 33 0.537932
66 19 0.555363
66 14 0.565077
66 2 0.584178
66 15 0.591219
66 6 0.612663
66 32 0.589078
66 28 0.602249
66 16 0.676052
66 22 0.677456
66 7 0.700396
66 25 0.684214
66 17 0.716964
66 26 0.709538
66 24 0.719684
66 21 0.723773
66 27 0.721807
66 36 0.712589
66 41 0.728945
66 45 0.729325
66 23 0.764679
66 49 0.736833
66 47 0.740773
66 37 0.761646
66 50 0.748155
66 43 0.757656
66 18 0.789612
66 48 0.756570
66 40 0.774483
66 39 0.789036
66 46 0.788394
66 35 0.810363
66 38 0.813962
66 34 0.826250
66 42 0.821708
67 12 0.464069
67 13 0.477528
67 0 0.500752
67 29 0.485087
67 5 0.522846
67 8 0.527646
67 11 0.537522
67 9 0.539973
67 1 0.548082
67 7 0.568500
67 14 0.577606
67 3 0.601998
67 28 0.607353
67 33 0.608585
67 10 0.645580
67 31 0.654806
67 32 0.672902
67 44 0.654664
67 19 0.699405
67 2 0.715416
67 41 0.669788
67 30 0.716225
67 6 0.769836
67 17 0.778209
67 49 0.761967
67 20 0.806648
67 35 0.793090
67 26 0.847704
67 40 0.836829
67 45 0.835631
67 21 0.888049
67 4 0.909970
67 47 0.869121
67 43 0.880324
67 38 0.899578
67 18 0.946972
67 15 0.955485
67 16 0.962451
67 50 0.925022
67 34 0.960403
67 42 0.949840
67 36 0.965300
67 23 0.992769
67 46 0.958545
67 27 0.996638
67 37 0.991402
67 24 1.012893
67 39 0.995616
67 48 0.994994
67 22 1.043891
67 25 1.063161
68 10 0.354805
68 11 0.472435
68 31 0.463913
68 13 0.504672
68 0 0.522267
68 8 0.520845
68 2 0.527018
68 12 0.522187
68 9 0.536381
68 28 0.525514
68 4 0.562015
68 33 0.529682
68 30 0.537372
68 32 0.535427
68 14 0.577235
68 1 0.595952
68 3 0.607521
68 29 0.584540
68 25 0.613220
68 27 0.615753
68 24 0.622353
68 26 0.629574
68 34 0.618051
68 6 0.658231
68 22 0.644937
68 5 0.662743
68 21 0.648055
68 35 0.632008
68 37 0.638300
68 19 0.669602
68 15 0.696784
68 17 0.706563
68 23 0.725839
68 44 0.720203
68 20 0.758272
68 7 0.793167
68 36 0.788746
68 16 0.912188
68 38 0.908371
68 40 0.987098
68 41 1.100651
68 39 1.119972
68 42 1.135427
68 45 1.148990
68 18 1.205155
68 48 1.216881
68 46 1.382365
68 50 1.424986
68 47 1.561345
68 43 1.798869
68 49 1.866077
69 10 0.382562
69 14 0.413904
69 4 0.453845
69 8 0.472107
69 33 0.453409
69 11 0.480933
69 1 0.525169
69 31 0.510189
69 32 0.543587
69 17 0.576680
69 5 0.597951
69 0 0.614597
69 9 0.608891
69 28 0.591080
69 29 0.593378
69 44 0.594634
69 6 0.646288
69 13 0.649913
69 12 0.656261
69 2 0.666016
69 30 0.653507
69 3 0.691831
69 7 0.708655
69 18 0.722287
69 40 0.704673
69 20 0.749530
69 45 0.722211
69 49 0.729571
69 36 0.751531
69 38 0.750822
69 47 0.741992
69 39 0.756162
69 16 0.802735
69 48 0.762832
69 25 0.812747
69 26 0.813729
69 24 0.822073
69 19 0.832300
69 27 0.834151
69 22 0.849144
69 15 0.857114
69 21 0.852170
69 34 0.834083
69 41 0.830829
69 37 0.838987
69 42 0.845519
69 46 0.862640
69 50 0.864284
69 23 0.921152
69 43 0.918267
69 35 0.943041
70 7 0.623997
70 0 1.019870
70 14 0.728592
70 2 1.144263
70 8 0.944342
70 10 0.956807
70 13 0.860092
70 12 0.886156
70 6 1.093843
70 3 1.257765
70 9 1.129578
70 1 1.429069
70 11 1.077403
70 4 1.377823
70 5 1.405801
70 31 0.557007
70 21 0.966883
70 30 0.688989
70 28 0.696070
70 33 0.672882
70 32 0.684288
70 19 1.040579
70 29 0.700814
70 24 0.802210
70 20 1.094380
70 18 1.146104
70 16 1.201746
70 17 1.205495
70 25 0.855018
70 23 1.003312
70 44 0.667528
70 15 1.474131
70 27 0.953783
70 40 0.827044
70 36 0.871808
70 22 1.196163
70 42 0.842475
70 38 0.904312
70 45 0.826609
70 26 1.047055
70 41 0.940806
70 37 0.978919
70 34 1.010976
70 50 0.863520
70 46 0.891886
70 47 0.899553
70 43 0.969561
70 39 1.022805
70 35 1.046887
70 49 0.911372
70 48 0.919662
71 32 0.755099
71 9 0.861496
71 8 0.914431
71 12 0.923563
71 28 1.004001
71 31 1.093155
71 38 1.095105
71 6 1.154438
71 1 1.205283
71 44 1.169484
71 13 1.211834
71 14 1.255251
71 7 1.293667
71 10 1.303662
71 17 1.386785
71 3 1.402928
71 39 1.415419
71 42 1.415731
71 11 1.445346
71 30 1.433996
71 36 1.432323
71 29 1.481946
71 45 1.468991
71 26 1.539143
71 33 1.553139
71 46 1.604996
71 23 1.676827
71 5 1.753003
71 2 1.756533
71 0 1.807430
71 43 1.806231
71 16 1.871582
71 35 1.861002
71 48 1.851485
71 22 1.881939
71 25 1.879816
71 18 1.905806
71 37 1.980855
71 47 1.975186
71 27 1.994400
71 40 1.988354
71 49 1.997308
71 24 2.026164
71 34 2.020826
71 50 2.006718
71 20 2.073494
71 21 2.125718
71 15 2.144052
71 19 2.174021
71 41 2.176756
71 4 2.238418
72 20 0.365362
72 2 0.383589
72 3 0.439443
72 30 0.421199
72 14 0.442243
72 1 0.489506
72 5 0.486911
72 28 0.462784
72 9 0.508835
72 7 0.545536
72 10 0.576403
72 24 0.595297
72 8 0.638928
72 27 0.625322
72 6 0.661222
72 48 0.612492
72 0 0.676167
72 13 0.674418
72 29 0.655935
72 11 0.677591
72 39 0.642320
72 4 0.705010
72 35 0.666420
72 25 0.714827
72 31 0.716536
72 12 0.739767
72 32 0.716441
72 44 0.706564
72 34 0.734255
72 43 0.719908
72 18 0.770008
72 42 0.743427
72 33 0.770928
72 17 0.793321
72 23 0.788424
72 40 0.802759
72 38 0.831118
72 26 0.850463
72 15 0.864141
72 22 1.018535
72 21 1.021973
72 41 0.991141
72 50 0.978101
72 16 1.029654
72 37 1.001335
72 45 0.988486
72 19 1.029610
72 49 0.983225
72 47 0.986543
72 46 1.045189
72 36 1.093257
73 9 0.558841
73 29 0.542793
73 11 0.574955
73 12 0.592503
73 32 0.607407
73 5 0.662545
73 0 0.673788
73 8 0.703381
73 14 0.710425
73 30 0.708982
73 2 0.763757
73 33 0.764985
73 10 0.809659
73 31 0.802238
73 44 0.804145
73 28 0.826125
73 13 0.861279
73 42 0.826133
73 45 0.849944
73 1 0.906757
73 37 0.867099
73 39 0.893714
73 41 0.914717
73 16 0.956785
73 26 0.961623
73 49 0.935454
73 3 1.006447
73 50 0.956971
73 4 1.019312
73 35 0.991207
73 19 1.012115
73 40 0.989275
73 20 1.021319
73 24 1.035931
73 6 1.075017
73 36 1.050570
73 38 1.056765
73 25 1.083331
73 23 1.101307
73 48 1.094514
73 43 1.104816
73 7 1.173952
73 47 1.126914
73 21 1.166339
73 27 1.184849
73 18 1.217528
73 34 1.223222
73 17 1.270293
73 46 1.248516
73 22 1.367714
73 15 1.421364
74 8 0.275956
74 11 0.419282
74 2 0.537419
74 9 0.545409
74 12 0.553878
74 29 0.547793
74 33 0.543968
74 13 0.593074
74 31 0.655551
74 0 0.726611
74 32 0.701563
74 15 0.724653
74 10 0.730362
74 16 0.726854
74 42 0.693782
74 19 0.745353
74 44 0.730275
74 4 0.777729
74 30 0.749217
74 28 0.772466
74 3 0.802805
74 48 0.779194
74 7 0.833540
74 14 0.842884
74 50 0.807289
74 22 0.844361
74 37 0.827226
74 34 0.845496
74 43 0.849066
74 21 0.884312
74 23 0.889292
74 18 0.903399
74 46 0.916843
74 1 0.974913
74 5 0.973787
74 25 0.986701
74 27 0.990254
74 26 0.993664
74 38 0.978424
74 39 0.978574
74 17 1.015363
74 20 1.026743
74 47 0.995591
74 6 1.057603
74 35 1.045885
74 40 1.039838
74 45 1.057723
74 41 1.102183
74 24 1.135126
74 49 1.116666
74 36 1.163848
75 12 0.470511
75 3 0.954005
75 5 0.930703
75 13 0.533880
75 1 1.079929
75 11 0.564593
75 14 0.551897
75 10 0.588953
75 8 0.799717
75 9 0.686050
75 0 1.531300
75 6 1.232917
75 2 1.425293
75 32 0.391233
75 29 0.446255
75 17 0.859843
75 28 0.464230
75 33 0.464654
75 31 0.503806
75 15 1.037209
75 4 1.557233
75 30 0.608968
75 44 0.547083
75 16 1.072125
75 18 0.981231
75 7 1.491607
75 19 1.034076
75 22 0.968135
75 23 0.957929
75 20 1.039145
75 21 1.051081
75 24 0.985488
75 25 0.979505
75 40 0.923832
75 37 0.931176
75 34 0.960148
75 27 1.004211
75 35 0.961668
75 36 0.983128
75 41 0.955279
75 45 0.931625
75 46 0.921525
75 39 1.001999
75 26 1.071746
75 49 0.929932
75 38 1.058010
75 47 0.973009
75 48 0.974752
75 43 1.034763
75 42 1.051829
75 50 0.974199
76 28 0.889671
76 44 1.055042
76 0 1.136852
76 30 1.131003
76 1 1.167508
76 29 1.185269
76 31 1.218833
76 13 1.318703
76 33 1.374308
76 9 1.413628
76 11 1.512966
76 15 1.536149
76 4 1.555231
76 10 1.578866
76 36 1.676211
76 22 1.696974
76 5 1.816439
76 48 1.779335
76 6 1.836633
76 49 1.845579
76 18 1.879899
76 26 1.905757
76 34 1.970107
76 8 2.016148
76 43 1.984059
76 2 2.022897
76 12 2.058800
76 14 2.066112
76 24 2.084322
76 39 2.081788
76 16 2.148278
76 32 2.145658
76 38 2.183632
76 3 2.331663
76 41 2.317607
76 7 2.362167
76 35 2.344816
76 45 2.364196
76 47 2.408260
76 19 2.480064
76 40 2.498107
76 23 2.544270
76 25 2.543100
76 50 2.550091
76 37 2.586061
76 46 2.598698
76 21 2.636332
76 42 2.644893
76 17 2.675678
76 20 2.686337
76 27 2.714279
77 8 0.532922
77 9 0.545517
77 13 0.542285
77 28 0.528892
77 14 0.600351
77 32 0.692028
77 12 0.735735
77 11 0.757609
77 33 0.766054
77 3 0.817247
77 1 0.826777
77 5 0.833610
77 30 0.899038
77 46 0.878287
77 38 0.892396
77 44 0.900261
77 10 0.961614
77 35 0.937930
77 47 0.923111
77 0 0.977789
77 31 0.946525
77 29 0.977950
77 36 0.995012
77 4 1.050939
77 6 1.082395
77 40 1.056036
77 2 1.111794
77 18 1.138353
77 19 1.141068
77 50 1.106492
77 27 1.142222
77 25 1.178355
77 7 1.209736
77 49 1.172504
77 48 1.183201
77 42 1.194608
77 22 1.237943
77 37 1.222857
77 15 1.308861
77 26 1.336487
77 45 1.311408
77 41 1.326690
77 21 1.374704
77 43 1.346183
77 39 1.378873
77 16 1.430145
77 24 1.428292
77 23 1.537668
77 17 1.582555
77 34 1.619120
77 20 1.823422
78 9 0.414206
78 31 0.479937
78 13 0.659968
78 44 0.614724
78 3 0.674484
78 29 0.640444
78 27 0.644437
78 12 0.666400
78 14 0.665243
78 0 0.679906
78 1 0.679958
78 20 0.659248
78 32 0.640953
78 8 0.674575
78 6 0.687418
78 10 0.685436
78 11 0.685812
78 5 0.763705
78 30 0.754002
78 28 0.831709
78 2 0.888850
78 22 0.887855
78 33 0.879008
78 34 0.911153
78 24 0.926859
78 36 0.920076
78 16 0.951462
78 25 0.957266
78 21 0.974946
78 26 0.967509
78 37 1.033555
78 48 1.032840
78 19 1.080928
78 45 1.051239
78 15 1.113762
78 23 1.127926
78 7 1.149519
78 39 1.103976
78 46 1.107933
78 4 1.168512
78 17 1.154105
78 42 1.117195
78 18 1.176352
78 40 1.215116
78 38 1.301945
78 43 1.346729
78 47 1.376933
78 35 1.398728
78 50 1.510122
78 49 1.562013
78 41 1.575862
79 10 0.419323
79 14 0.523898
79 11 0.551963
79 8 0.564949
79 12 0.556989
79 33 0.565971
79 30 0.645430
79 29 0.695197
79 3 0.773482
79 24 0.719558
79 9 0.772786
79 6 0.812753
79 13 0.849803
79 28 0.850708
79 22 0.880520
79 44 0.828954
79 0 0.935325
79 31 0.862715
79 4 0.940922
79 7 0.929858
79 27 0.885308
79 32 0.877868
79 15 0.966797
79 2 1.009965
79 5 1.026026
79 1 1.039721
79 21 1.033402
79 34 1.000531
79 48 1.000266
79 47 1.018908
79 50 1.036695
79 36 1.058816
79 45 1.067801
79 46 1.071916
79 40 1.095356
79 41 1.109160
79 23 1.167810
79 16 1.197310
79 25 1.185826
79 17 1.259385
79 49 1.192476
79 42 1.224329
79 38 1.236163
79 35 1.251945
79 37 1.259040
79 20 1.321836
79 26 1.314703
79 18 1.341826
79 43 1.293098
79 39 1.303745
79 19 1.374329
80 10 0.687605
80 3 1.059318
80 1 1.089543
80 13 0.737938
80 9 1.017009
80 12 0.915613
80 4 1.260569
80 11 1.161323
80 14 1.088984
80 8 1.392572
80 6 1.511062
80 5 1.527191
80 0 1.714754
80 33 0.671357
80 29 0.737500
80 31 0.740662
80 19 1.219250
80 32 0.749379
80 17 1.322990
80 28 0.876411
80 30 0.837936
80 16 1.421993
80 18 1.417502
80 21 1.427968
80 44 0.504375
80 7 1.847714
80 15 1.521606
80 2 2.129919
80 25 1.238314
80 26 1.364034
80 20 1.741663
80 35 1.153822
80 27 1.391410
80 39 1.029756
80 24 1.557655
80 43 0.953159
80 23 1.690067
80 40 1.088894
80 22 1.788578
80 48 0.911667
80 38 1.248769
80 37 1.270124
80 34 1.517171
80 50 1.017095
80 47 1.066313
80 42 1.172813
80 36 1.475579
80 46 1.149593
80 41 1.331962
80 49 1.161493
80 45 1.269024
81 3 0.490565
81 8 0.498664
81 12 0.539669
81 30 0.527177
81 32 0.524967
81 44 0.529884
81 11 0.603828
81 9 0.610745
81 29 0.669404
81 33 0.696347
81 28 0.704232
81 10 0.727361
81 31 0.728513
81 13 0.822326
81 0 0.834885
81 14 0.843393
81 5 0.853454
81 1 0.953065
81 17 1.110903
81 47 1.088740
81 38 1.102027
81 36 1.108588
81 19 1.146224
81 20 1.153590
81 42 1.138644
81 21 1.172147
81 16 1.202606
81 6 1.222642
81 35 1.199852
81 2 1.250278
81 23 1.253525
81 15 1.273661
81 26 1.280745
81 18 1.309849
81 4 1.368469
81 27 1.348801
81 40 1.358329
81 7 1.397371
81 41 1.375541
81 46 1.380310
81 25 1.432539
81 34 1.430886
81 49 1.420981
81 22 1.461388
81 43 1.444453
81 39 1.503244
81 50 1.520988
81 37 1.540296
81 24 1.569600
81 45 1.568903
81 48 1.615660
82 29 0.464143
82 28 0.479845
82 13 0.519545
82 0 0.570308
82 12 0.566716
82 10 0.632981
82 9 0.654222
82 31 0.631959
82 8 0.675957
82 11 0.708436
82 30 0.696115
82 33 0.745929
82 32 0.748556
82 14 0.813439
82 1 0.890462
82 27 0.875301
82 2 0.909605
82 24 0.900260
82 3 0.939470
82 6 0.937054
82 4 0.996431
82 22 0.985166
82 44 0.747186
82 5 1.055438
82 36 0.896552
82 16 1.091237
82 19 1.088291
82 15 1.110577
82 17 1.109487
82 25 1.121379
82 7 1.151339
82 20 1.150317
82 21 1.165749
82 23 1.187992
82 40 1.004738
82 34 1.085906
82 38 1.070076
82 26 1.317940
82 47 1.062539
82 43 1.134795
82 18 1.419688
82 45 1.149344
82 35 1.322068
82 39 1.311845
82 49 1.243751
82 37 1.411605
82 48 1.293712
82 46 1.299557
82 50 1.314056
82 42 1.403236
82 41 1.406895
83 12 0.485748
83 30 0.509932
83 3 0.608851
83 1 0.641919
83 9 0.679952
83 0 0.717780
83 5 0.743597
83 28 0.789164
83 7 0.814113
83 11 0.811465
83 2 0.866926
83 18 0.851574
83 4 0.866759
83 19 0.853246
83 8 0.892693
83 16 0.913762
83 31 0.893725
83 13 0.936074
83 26 0.975295
83 17 0.988924
83 36 0.970626
83 25 0.998212
83 34 0.987457
83 14 1.028246
83 10 1.033843
83 32 1.008507
83 44 0.990094
83 29 1.037810
83 33 1.036501
83 24 1.057910
83 41 1.040164
83 6 1.088575
83 23 1.078694
83 15 1.100323
83 21 1.096208
83 49 1.083891
83 20 1.155647
83 43 1.139376
83 39 1.191647
83 45 1.194228
83 50 1.240782
83 27 1.300168
83 48 1.278445
83 40 1.299490
83 38 1.305067
83 42 1.307560
83 35 1.329740
83 37 1.337511
83 22 1.405542
83 46 1.405999
83 47 1.415746
84 9 0.573931
84 14 0.625109
84 30 0.616471
84 44 0.599359
84 8 0.662979
84 28 0.666573
84 12 0.692595
84 13 0.750549
84 10 0.774316
84 0 0.838238
84 29 0.865038
84 33 0.922792
84 38 0.939945
84 45 0.958398
84 27 0.995303
84 48 0.968146
84 32 0.997112
84 11 1.051284
84 31 1.040527
84 36 1.060848
84 24 1.074990
84 25 1.089900
84 34 1.079898
84 20 1.098357
84 37 1.111269
84 50 1.109836
84 26 1.147117
84 47 1.132296
84 49 1.137182
84 40 1.167649
84 1 1.235956
84 4 1.252873
84 2 1.261302
84 39 1.218538
84 46 1.215622
84 15 1.265648
84 23 1.255200
84 6 1.276827
84 22 1.269052
84 42 1.272690
84 7 1.330752
84 17 1.325884
84 35 1.313303
84 43 1.308101
84 16 1.354644
84 3 1.375056
84 41 1.341382
84 18 1.371340
84 19 1.376964
84 5 1.415940
84 21 1.411062
85 8 0.440614
85 3 0.694643
85 9 0.730865
85 11 0.627311
85 1 0.971703
85 13 0.757993
85 6 0.978937
85 5 1.051317
85 12 0.851328
85 10 0.969743
85 14 0.934262
85 2 1.549885
85 29 0.530469
85 4 1.539249
85 22 0.812205
85 30 0.555427
85 7 1.553210
85 31 0.768048
85 0 1.875582
85 28 0.788342
85 15 1.388639
85 32 0.760506
85 33 0.756062
85 44 0.524788
85 20 1.282707
85 17 1.394711
85 16 1.403408
85 24 0.989452
85 21 1.236814
85 23 1.114005
85 19 1.381392
85 27 0.973753
85 25 1.064983
85 18 1.456649
85 34 0.915330
85 26 1.155905
85 36 1.076118
85 40 0.977023
85 38 1.015570
85 45 0.861523
85 37 1.078771
85 46 0.881104
85 35 1.179404
85 47 0.885120
85 43 1.016681
85 42 1.032371
85 41 1.084253
85 39 1.158070
85 48 1.086557
85 49 1.095118
85 50 1.016847
86 12 0.604446
86 10 0.640864
86 9 0.658379
86 8 0.675989
86 11 0.692551
86 29 0.748941
86 31 0.798592
86 30 0.846715
86 44 0.848869
86 14 0.904184
86 28 0.887301
86 32 0.909304
86 6 0.949295
86 20 1.051042
86 4 1.093677
86 2 1.097114
86 15 1.084866
86 33 1.106394
86 13 1.219399
86 5 1.234848
86 7 1.279817
86 17 1.303883
86 49 1.258945
86 38 1.305583
86 40 1.306553
86 27 1.370581
86 36 1.355142
86 48 1.364562
86 45 1.370434
86 1 1.435697
86 25 1.411313
86 16 1.508774
86 19 1.509552
86 21 1.522249
86 22 1.524408
86 34 1.521033
86 3 1.622387
86 0 1.720451
86 41 1.730760
86 39 1.770098
86 23 1.819513
86 42 1.825390
86 24 1.856817
86 50 1.878261
86 37 1.916297
86 47 1.905920
86 46 1.908297
86 35 1.962326
86 18 2.001273
86 26 2.025012
86 43 2.311899
87 29 0.493726
87 31 0.491939
87 30 0.529850
87 32 0.553042
87 8 0.631626
87 9 0.650492
87 12 0.651007
87 14 0.706649
87 13 0.721715
87 28 0.722805
87 10 0.782829
87 33 0.769289
87 40 0.788214
87 44 0.796583
87 11 0.872084
87 0 0.959083
87 22 0.952762
87 26 0.957828
87 34 0.974741
87 15 1.024693
87 46 1.000481
87 37 1.017137
87 3 1.083860
87 1 1.091802
87 27 1.060703
87 19 1.080417
87 4 1.171299
87 2 1.181544
87 47 1.119283
87 21 1.170098
87 5 1.203967
87 24 1.184210
87 23 1.186809
87 25 1.190095
87 38 1.181035
87 45 1.198296
87 36 1.219277
87 6 1.264861
87 7 1.280466
87 42 1.262798
87 39 1.270751
87 49 1.279517
87 50 1.299419
87 35 1.329460
87 48 1.306684
87 18 1.362551
87 41 1.344169
87 17 1.448957
87 16 1.466077
87 43 1.430640
87 20 1.508939
88 44 0.507314
88 32 0.546183
88 12 0.594834
88 10 0.611498
88 33 0.586346
88 8 0.642151
88 29 0.671172
88 9 0.764807
88 28 0.770143
88 30 0.778345
88 14 0.867495
88 31 0.889739
88 11 0.928655
88 13 0.946626
88 5 1.002379
88 0 1.007839
88 4 1.013708
88 2 1.095961
88 7 1.224330
88 16 1.241662
88 15 1.253201
88 1 1.271657
88 3 1.307077
88 18 1.320234
88 22 1.316192
88 35 1.305247
88 6 1.345731
88 40 1.349527
88 19 1.417350
88 50 1.378768
88 49 1.383257
88 24 1.441482
88 20 1.446913
88 41 1.473751
88 43 1.497943
88 27 1.525871
88 45 1.509651
88 42 1.520794
88 46 1.519755
88 38 1.534914
88 34 1.557973
88 37 1.577894
88 21 1.616832
88 26 1.615917
88 47 1.619690
88 25 1.665297
88 23 1.690515
88 36 1.701334
88 17 1.735924
88 48 1.697606
88 39 1.733251
89 8 1.632959
89 28 1.849659
89 32 1.864375
89 12 1.896912
89 9 1.925556
89 14 1.953650
89 44 2.151671
89 2 2.345555
89 17 2.332139
89 11 2.338152
89 7 2.342434
89 31 2.327433
89 30 2.392042
89 10 2.440700
89 40 2.436699
89 1 2.551961
89 23 2.580725
89 13 2.590649
89 29 2.583385
89 33 2.580738
89 41 2.635397
89 36 2.723737
89 25 2.741548
89 47 2.756638
89 0 2.809151
89 26 2.811242
89 34 2.824072
89 3 2.926747
89 24 2.912916
89 19 2.936761
89 22 2.956780
89 20 2.964947
89 35 2.973236
89 5 3.031935
89 18 3.031906
89 16 3.039910
89 45 3.022124
89 4 3.099117
89 15 3.096215
89 38 3.086745
89 37 3.094730
89 6 3.150977
89 46 3.113903
89 50 3.117785
89 42 3.159534
89 49 3.154557
89 43 3.189062
89 21 3.216462
89 27 3.223713
89 48 3.285172
89 39 3.349302
90 14 0.474559
90 33 0.481621
90 11 0.531609
90 13 0.634045
90 3 0.664844
90 32 0.640380
90 31 0.646306
90 0 0.783786
90 5 0.794813
90 10 0.830075
90 16 0.835133
90 28 0.839455
90 44 0.842880
90 30 0.874890
90 9 0.901249
90 29 0.887752
90 12 0.952427
90 8 0.960176
90 20 0.971499
90 18 0.973720
90 43 0.957121
90 47 0.980646
90 27 1.062006
90 36 1.060922
90 17 1.088428
90 24 1.122573
90 25 1.120222
90 40 1.107638
90 2 1.154707
90 19 1.149371
90 1 1.175828
90 6 1.200552
90 38 1.193133
90 46 1.228389
90 37 1.254051
90 21 1.287442
90 45 1.258231
90 7 1.310227
90 15 1.314246
90 50 1.272984
90 41 1.311932
90 35 1.334561
90 22 1.355808
90 23 1.364098
90 26 1.359753
90 34 1.370644
90 42 1.381402
90 4 1.430165
90 49 1.398408
90 48 1.426679
90 39 1.453847
91 8 0.871806
91 13 1.118427
91 32 1.113711
91 28 1.316072
91 10 1.352237
91 44 1.324733
91 12 1.476098
91 14 1.621058
91 16 1.664176
91 50 1.666044
91 18 1.714731
91 9 1.776345
91 5 1.780691
91 1 1.824484
91 37 1.834457
91 47 1.840572
91 31 1.869547
91 33 1.871451
91 29 1.939958
91 30 1.970867
91 11 2.055274
91 22 2.102774
91 39 2.109070
91 38 2.121184
91 24 2.162715
91 3 2.202775
91 23 2.228349
91 36 2.386313
91 34 2.413295
91 0 2.457071
91 40 2.440570
91 42 2.571803
91 25 2.595488
91 15 2.616252
91 27 2.620518
91 6 2.647664
91 19 2.648585
91 46 2.635615
91 7 2.684583
91 49 2.655053
91 35 2.719571
91 2 2.758307
91 4 2.766391
91 21 2.775556
91 41 2.810241
91 43 2.841003
91 17 2.881957
91 45 2.868723
91 20 2.913146
91 26 2.996160
91 48 2.994898
92 9 0.413867
92 31 0.588294
92 44 0.587146
92 30 0.608975
92 13 0.636938
92 32 0.646620
92 33 0.701728
92 2 0.806019
92 29 0.823189
92 8 0.853328
92 21 0.915933
92 3 0.953314
92 14 1.007372
92 19 1.036711
92 0 1.086129
92 1 1.147611
92 10 1.139678
92 12 1.181029
92 28 1.160289
92 16 1.180736
92 6 1.256289
92 41 1.244227
92 43 1.254910
92 5 1.310139
92 18 1.307704
92 11 1.367280
92 7 1.503674
92 40 1.456361
92 42 1.522151
92 25 1.550605
92 46 1.515456
92 20 1.653759
92 24 1.649569
92 37 1.658393
92 22 1.698158
92 26 1.708567
92 39 1.712326
92 35 1.719653
92 45 1.757151
92 27 1.788475
92 50 1.781994
92 15 1.908482
92 36 1.891277
92 38 1.931771
92 34 2.021972
92 48 2.019857
92 17 2.122872
92 23 2.220936
92 4 2.298798
92 47 2.455132
92 49 2.720144
93 9 0.678065
93 31 0.675321
93 21 0.693468
93 10 0.733524
93 13 0.731300
93 28 0.788925
93 30 0.789253
93 33 0.808090
93 12 0.916927
93 8 1.020245
93 11 1.151858
93 29 1.142171
93 4 1.209190
93 19 1.195040
93 0 1.214441
93 3 1.231778
93 5 1.231158
93 7 1.230222
93 32 1.228207
93 44 1.428831
93 14 1.476618
93 15 1.476160
93 1 1.490113
93 20 1.472024
93 24 1.525772
93 18 1.534797
93 26 1.522229
93 6 1.576044
93 50 1.529381
93 42 1.543473
93 49 1.604491
93 39 1.651118
93 37 1.666751
93 25 1.714010
93 45 1.694783
93 46 1.716803
93 43 1.759217
93 47 1.766529
93 36 1.788159
93 17 1.870251
93 2 1.897791
93 38 1.872270
93 16 1.921892
93 40 1.909281
93 27 1.950434
93 41 1.939228
93 35 1.964762
93 22 1.997030
93 34 2.004578
93 23 2.040839
93 48 2.086317
94 8 0.542824
94 10 0.608363
94 11 0.678320
94 33 0.725332
94 32 0.769370
94 12 0.802178
94 30 0.774833
94 0 0.924201
94 34 0.901169
94 36 0.914294
94 44 0.919187
94 3 1.003159
94 29 1.028556
94 1 1.064559
94 20 1.044370
94 28 1.034877
94 9 1.078932
94 13 1.114733
94 31 1.089829
94 2 1.141637
94 25 1.209046
94 14 1.288205
94 7 1.296956
94 35 1.322333
94 23 1.403261
94 4 1.440863
94 26 1.413758
94 37 1.465747
94 46 1.453207
94 15 1.504210
94 5 1.549670
94 22 1.671887
94 39 1.646464
94 47 1.633488
94 19 1.679512
94 38 1.650425
94 24 1.673813
94 40 1.648464
94 27 1.669122
94 17 1.686835
94 45 1.667711
94 43 1.688099
94 16 1.856618
94 48 1.806232
94 50 1.804694
94 18 1.877228
94 41 1.940533
94 6 1.994927
94 42 2.282943
94 21 2.339796
94 49 2.471577
95 12 0.714031
95 9 0.848986
95 14 0.891974
95 11 0.918808
95 3 0.927166
95 5 0.927819
95 13 0.923209
95 30 0.921915
95 28 0.930915
95 32 0.927078
95 44 0.922121
95 29 0.947686
95 31 0.964814
95 33 0.962817
95 10 1.001996
95 43 0.990839
95 1 1.043002
95 8 1.065027
95 16 1.229790
95 20 1.245129
95 15 1.276942
95 18 1.318622
95 4 1.342574
95 26 1.334717
95 25 1.345614
95 45 1.318500
95 50 1.325710
95 34 1.375699
95 23 1.396121
95 47 1.380060
95 19 1.445814
95 2 1.483062
95 48 1.428154
95 0 1.489281
95 39 1.453703
95 7 1.505913
95 22 1.522044
95 37 1.500606
95 24 1.543862
95 36 1.557510
95 21 1.632455
95 6 1.647297
95 17 1.641114
95 38 1.628632
95 40 1.626876
95 49 1.625502
95 27 1.663651
95 46 1.656071
95 35 1.700903
95 41 1.719491
95 42 1.732753
96 12 0.656083
96 32 0.684020
96 11 0.727079
96 30 0.709259
96 10 0.736897
96 8 0.798202
96 14 0.793290
96 29 0.816542
96 31 0.847104
96 13 0.902862
96 42 0.867362
96 9 0.939123
96 0 0.984124
96 44 0.969702
96 33 0.999186
96 38 1.014847
96 28 1.028184
96 16 1.055615
96 7 1.077988
96 1 1.090898
96 2 1.121388
96 45 1.080274
96 50 1.113696
96 23 1.168387
96 3 1.238905
96 43 1.197061
96 47 1.193194
96 5 1.277741
96 40 1.241875
96 36 1.267240
96 24 1.304142
96 35 1.333380
96 46 1.327113
96 20 1.371509
96 25 1.427288
96 6 1.462856
96 21 1.478041
96 48 1.458569
96 37 1.475355
96 18 1.507115
96 4 1.521813
96 39 1.509152
96 41 1.507525
96 15 1.554330
96 17 1.600035
96 26 1.633717
96 27 1.683002
96 49 1.690197
96 19 1.737965
96 22 1.777890
96 34 1.786673
97 9 0.345439
97 10 0.719083
97 31 0.712882
97 32 0.745767
97 19 0.796464
97 3 0.836188
97 13 0.842019
97 29 0.820417
97 1 0.855283
97 44 0.839109
97 12 0.905051
97 21 0.932448
97 0 0.958552
97 11 0.971654
97 28 0.951188
97 48 0.918184
97 24 0.997889
97 30 0.989854
97 14 1.066487
97 5 1.075943
97 33 1.040937
97 8 1.098757
97 45 1.201977
97 39 1.222602
97 26 1.264366
97 6 1.300493
97 4 1.314778
97 35 1.275648
97 17 1.315861
97 23 1.307778
97 15 1.332818
97 20 1.329682
97 47 1.305205
97 7 1.366661
97 22 1.372715
97 2 1.395944
97 25 1.380971
97 46 1.388614
97 37 1.414504
97 43 1.417349
97 18 1.469087
97 16 1.472653
97 40 1.435863
97 36 1.453669
97 34 1.492591
97 38 1.499661
97 27 1.532546
97 41 1.521817
97 50 1.533715
97 42 1.559553
97 49 1.572696
98 28 0.779858
98 13 0.814232
98 12 0.878491
98 14 0.877629
98 30 0.865365
98 9 0.904628
98 31 1.166557
98 3 1.190073
98 33 1.167254
98 8 1.221119
98 24 1.211768
98 44 1.221884
98 27 1.328258
98 34 1.364255
98 10 1.416708
98 0 1.576950
98 47 1.588095
98 25 1.609557
98 43 1.594434
98 45 1.593895
98 4 1.629226
98 26 1.613293
98 36 1.626698
98 29 1.634338
98 11 1.659757
98 2 1.693366
98 32 1.670048
98 6 1.691687
98 18 1.683986
98 23 1.738188
98 37 1.807485
98 20 1.886617
98 19 1.907730
98 1 1.926537
98 22 1.911876
98 35 1.941958
98 50 1.927543
98 39 1.975426
98 42 2.025763
98 16 2.189479
98 48 2.184034
98 5 2.268742
98 40 2.368489
98 38 2.459125
98 17 2.477338
98 21 2.536506
98 46 2.548746
98 49 2.546122
98 7 2.800952
98 41 2.817761
98 15 2.896548
99 10 0.662415
99 11 0.744965
99 9 0.747490
99 13 0.743993
99 8 0.829497
99 33 0.855578
99 31 0.858625
99 14 0.971575
99 30 1.055968
99 32 1.053193
99 29 1.117329
99 44 1.162478
99 12 1.261445
99 28 1.356901
99 3 1.387321
99 27 1.417396
99 1 1.448301
99 18 1.574636
99 5 1.588914
99 16 1.579365
99 37 1.545165
99 43 1.566404
99 0 1.629123
99 17 1.613544
99 4 1.640476
99 24 1.654458
99 41 1.725326
99 6 1.779393
99 42 1.749069
99 49 1.750860
99 38 1.790952
99 20 1.978569
99 35 2.048846
99 45 2.054133
99 47 2.183550
99 39 2.200196
99 23 2.233411
99 7 2.302891
99 50 2.233267
99 48 2.296088
99 22 2.375772
99 34 2.393190
99 2 2.517326
99 15 2.508571
99 19 2.557087
99 26 2.668059
99 40 2.677020
99 25 2.919973
99 36 2.925485
99 21 3.413932
99 46 3.385486
100 29 0.955240
100 32 1.034019
100 44 1.133723
100 31 1.234839
100 10 1.318046
100 28 1.366336
100 33 1.505056
100 8 1.628836
100 9 1.633207
100 11 1.655130
100 30 1.640431
100 14 1.711715
100 12 1.865214
100 13 1.974100
100 43 1.960756
100 2 2.037381
100 49 2.014956
100 5 2.083238
100 1 2.087426
100 0 2.095181
100 48 2.087363
100 42 2.113632
100 41 2.141787
100 39 2.283611
100 38 2.310832
100 40 2.311989
100 23 2.329271
100 19 2.340861
100 3 2.357661
100 17 2.388653
100 15 2.417777
100 50 2.424911
100 4 2.482789
100 6 2.497675
100 21 2.524850
100 35 2.529158
100 47 2.523487
100 22 2.564452
100 25 2.582522
100 27 2.596027
100 24 2.617465
100 36 2.607227
100 20 2.679399
100 7 2.719159
100 16 2.715014
100 18 2.728240
100 37 2.799278
100 26 2.820485
100 34 2.812869
100 45 2.804780
100 46 3.001587
101 3 0.757376
101 1 0.818407
101 0 0.949033
101 4 0.957889
101 8 0.907231
101 9 0.982812
101 12 0.912295
101 13 0.956180
101 10 1.066864
101 14 0.868309
101 6 1.292264
101 5 1.387562
101 11 1.272008
101 2 1.500708
101 29 0.559984
101 28 0.592449
101 31 0.564968
101 32 0.654739
101 30 0.678051
101 20 1.012428
101 16 1.381170
101 33 0.728743
101 15 1.508469
101 7 1.780548
101 18 1.398994
101 44 0.608991
101 36 0.868997
101 17 1.645798
101 40 0.859923
101 19 1.633770
101 39 1.073100
101 45 1.002959
101 48 0.922382
101 22 1.456754
101 24 1.376236
101 21 1.458086
101 35 1.194747
101 26 1.402611
101 38 1.170402
101 46 1.057761
101 42 1.176469
101 37 1.240391
101 23 1.551353
101 27 1.442423
101 41 1.210896
101 43 1.225589
101 49 1.051588
101 50 1.084882
101 47 1.181358
101 25 1.563825
101 34 1.447716
102 32 0.545049
102 14 0.592531
102 12 0.624221
102 13 0.689540
102 0 0.702296
102 8 0.730410
102 29 0.705464
102 44 0.682707
102 31 0.704285
102 10 0.744695
102 5 0.803018
102 28 0.846817
102 4 0.879794
102 11 0.879293
102 33 0.920228
102 2 0.958062
102 9 0.962380
102 30 0.947410
102 7 1.079838
102 45 1.044129
102 6 1.128871
102 35 1.100879
102 26 1.199048
102 25 1.237100
102 19 1.245230
102 50 1.215422
102 24 1.301689
102 43 1.272631
102 42 1.274871
102 38 1.281688
102 15 1.324007
102 36 1.295406
102 21 1.319316
102 20 1.358202
102 39 1.351064
102 40 1.351176
102 18 1.473068
102 22 1.468864
102 1 1.512799
102 3 1.534297
102 49 1.473760
102 27 1.618866
102 47 1.623954
102 41 1.635622
102 17 1.680848
102 46 1.656806
102 48 1.691721
102 16 1.738927
102 34 1.750687
102 23 1.781001
102 37 1.801151
103 10 0.520657
103 13 0.590557
103 8 0.696450
103 28 0.733939
103 9 0.784395
103 11 0.846029
103 14 0.844144
103 12 0.847153
103 29 0.824978
103 2 0.916425
103 31 0.902490
103 32 0.927715
103 4 0.974138
103 20 0.982595
103 5 0.998463
103 6 0.998357
103 44 0.990091
103 1 1.050647
103 19 1.103772
103 30 1.127336
103 15 1.184178
103 7 1.192712
103 33 1.194785
103 36 1.189004
103 16 1.265213
103 25 1.271556
103 22 1.279829
103 21 1.297803
103 34 1.278227
103 41 1.288565
103 0 1.362023
103 45 1.304717
103 3 1.438472
103 49 1.426574
103 18 1.480790
103 47 1.451924
103 43 1.479901
103 23 1.528792
103 17 1.542927
103 40 1.529425
103 35 1.538120
103 39 1.532634
103 24 1.558588
103 42 1.530542
103 48 1.538927
103 26 1.614833
103 37 1.597189
103 46 1.586238
103 50 1.616261
103 27 1.692740
103 38 1.731060
104 8 0.500406
104 12 0.602975
104 14 0.732311
104 9 0.738553
104 30 0.763888
104 33 0.794553
104 0 0.847637
104 31 0.843585
104 44 0.875271
104 4 0.932351
104 5 0.950158
104 28 0.929149
104 13 0.967434
104 10 0.981381
104 11 0.981078
104 3 1.052054
104 2 1.071432
104 29 1.038208
104 1 1.086124
104 32 1.054453
104 36 1.129709
104 7 1.170338
104 39 1.147001
104 18 1.207796
104 47 1.171792
104 43 1.177659
104 42 1.198390
104 16 1.252388
104 38 1.227447
104 23 1.279361
104 45 1.256947
104 25 1.299450
104 50 1.289314
104 24 1.342850
104 41 1.330325
104 46 1.335671
104 19 1.382893
104 26 1.380519
104 21 1.389736
104 6 1.410277
104 22 1.405324
104 17 1.433027
104 40 1.413142
104 49 1.408513
104 48 1.411457
104 15 1.477484
104 35 1.454973
104 37 1.469209
104 27 1.490533
104 34 1.512392
104 20 1.619232
105 13 0.832520
105 12 1.162672
105 9 1.190294
105 31 1.237029
105 40 1.287855
105 32 1.874201
105 44 1.864353
105 11 1.895773
105 10 1.897308
105 0 1.914689
105 2 1.913608
105 8 1.958233
105 28 1.943489
105 14 1.996625
105 4 2.008038
105 26 2.017126
105 6 2.038392
105 33 2.088208
105 25 2.149254
105 36 2.213780
105 30 2.273770
105 1 2.325554
105 20 2.309752
105 34 2.334893
105 16 2.365327
105 29 2.605376
105 18 2.645542
105 45 2.643509
105 43 2.673997
105 7 2.723750
105 27 2.741901
105 47 2.768001
105 39 2.934200
105 46 2.957893
105 35 2.995861
105 3 3.042090
105 15 3.038439
105 23 3.108336
105 22 3.122972
105 21 3.162630
105 24 3.171336
105 41 3.313054
105 38 3.331078
105 5 3.382116
105 37 3.368356
105 49 3.383433
105 19 3.425453
105 48 3.405766
105 50 3.550258
105 17 3.629253
105 42 3.688039
106 9 0.617825
106 44 0.576786
106 12 0.643548
106 8 0.670938
106 29 0.691944
106 32 0.731448
106 30 0.817621
106 13 0.880542
106 10 0.884186
106 28 0.863643
106 11 0.887021
106 31 0.940428
106 14 1.027537
106 7 1.228542
106 2 1.248390
106 3 1.266095
106 16 1.294331
106 33 1.369259
106 17 1.447776
106 20 1.444696
106 18 1.465941
106 43 1.459362
106 26 1.529935
106 5 1.601088
106 36 1.571697
106 1 1.619988
106 35 1.584360
106 48 1.573150
106 6 1.640910
106 37 1.612130
106 0 1.722102
106 22 1.758602
106 42 1.723861
106 41 1.729044
106 47 1.716991
106 38 1.829389
106 23 1.878208
106 21 1.887612
106 50 1.875905
106 40 1.929127
106 19 1.988346
106 4 2.238704
106 45 2.201959
106 15 2.269571
106 49 2.244329
106 46 2.256874
106 27 2.371554
106 39 2.382759
106 25 2.446572
106 34 2.536360
106 24 2.743987
107 8 0.604049
107 9 0.657343
107 28 0.674339
107 13 0.742788
107 32 0.717900
107 14 0.744174
107 11 0.802444
107 30 0.777725
107 0 0.859051
107 12 0.928128
107 31 0.906547
107 10 0.981224
107 2 0.990729
107 44 0.933014
107 1 1.052251
107 33 1.080665
107 16 1.171283
107 29 1.290322
107 5 1.371431
107 7 1.409003
107 25 1.405504
107 49 1.380321
107 4 1.466778
107 50 1.398980
107 43 1.430414
107 3 1.505701
107 36 1.462180
107 19 1.529719
107 45 1.518448
107 38 1.562852
107 48 1.558183
107 39 1.614922
107 42 1.626823
107 26 1.656101
107 22 1.662374
107 6 1.700135
107 35 1.661755
107 46 1.656629
107 47 1.673767
107 24 1.717451
107 27 1.749565
107 23 1.883734
107 17 1.892909
107 41 1.855572
107 34 1.871308
107 37 1.866706
107 21 1.895746
107 40 1.863881
107 18 1.900759
107 15 1.919403
107 20 1.984622
108 8 0.842469
108 44 0.794556
108 30 0.860030
108 10 0.932078
108 31 0.994305
108 7 1.282761
108 12 1.420990
108 29 1.397990
108 1 1.432633
108 40 1.383527
108 2 1.466850
108 33 1.429619
108 15 1.456556
108 43 1.474708
108 28 1.497582
108 25 1.545340
108 32 1.535073
108 13 1.648639
108 14 1.678331
108 4 1.700004
108 9 1.705510
108 6 1.710069
108 18 1.699017
108 46 1.784017
108 35 1.840204
108 41 1.888983
108 19 1.998260
108 20 2.028726
108 11 2.039090
108 3 2.061672
108 49 2.052791
108 38 2.121491
108 5 2.165609
108 21 2.188827
108 42 2.281526
108 16 2.331733
108 34 2.359584
108 39 2.437705
108 37 2.460410
108 36 2.462025
108 0 2.529112
108 27 2.507173
108 24 2.534558
108 23 2.588324
108 17 2.723791
108 47 2.768500
108 22 2.820350
108 48 2.782890
108 50 2.907863
108 45 2.940104
108 26 3.048368
109 8 0.703133
109 9 0.817898
109 31 0.902187
109 10 0.991474
109 0 1.023807
109 30 1.000632
109 14 1.072289
109 12 1.075397
109 28 1.067781
109 2 1.098507
109 29 1.068790
109 32 1.176537
109 13 1.201852
109 44 1.158927
109 4 1.257430
109 22 1.362841
109 3 1.398025
109 11 1.443069
109 33 1.424544
109 50 1.420140
109 26 1.461206
109 46 1.466241
109 48 1.498542
109 25 1.537335
109 45 1.529293
109 15 1.623704
109 27 1.609297
109 1 1.653581
109 6 1.692274
109 24 1.673563
109 20 1.756696
109 35 1.776918
109 16 1.833727
109 39 1.802522
109 5 1.942279
109 23 1.956468
109 49 1.917889
109 18 1.966921
109 21 1.976762
109 7 2.042051
109 42 2.016346
109 34 2.028887
109 40 2.150222
109 19 2.199446
109 37 2.173242
109 47 2.156470
109 41 2.223797
109 38 2.282919
109 36 2.394526
109 43 2.476911
109 17 2.517305
110 11 0.603781
110 8 0.621891
110 9 0.655405
110 14 0.671461
110 12 0.703682
110 28 0.714727
110 10 0.742683
110 30 0.756320
110 29 0.778761
110 13 0.816987
110 33 0.842005
110 31 0.960726
110 32 0.996686
110 0 1.132550
110 6 1.206185
110 7 1.243382
110 1 1.273593
110 2 1.293548
110 4 1.308425
110 21 1.399493
110 18 1.531085
110 19 1.575572
110 17 1.598916
110 20 1.597132
110 25 1.591356
110 36 1.629696
110 16 1.684209
110 24 1.696766
110 3 1.738535
110 34 1.734556
110 5 1.867139
110 23 1.870675
110 15 1.881370
110 42 1.972677
110 35 2.028351
110 26 2.064873
110 27 2.080510
110 47 2.242772
110 39 2.312278
110 44 2.346500
110 41 2.399803
110 38 2.405847
110 37 2.446410
110 22 2.548285
110 43 2.596433
110 46 2.841367
110 49 2.880224
110 50 2.901562
110 40 3.058397
110 45 3.159317
110 48 3.245171
111 5 0.561972
111 30 0.587800
111 28 0.606190
111 14 0.647050
111 8 0.754235
111 32 0.737544
111 44 0.719771
111 13 0.787591
111 31 0.764807
111 33 0.763225
111 11 0.791424
111 29 0.793189
111 10 0.849367
111 4 0.893542
111 12 0.888641
111 9 0.927312
111 2 0.947035
111 3 0.962110
111 17 0.963247
111 15 1.003982
111 19 1.046968
111 0 1.091579
111 47 1.129893
111 21 1.179867
111 7 1.211446
111 43 1.190641
111 48 1.209243
111 36 1.238437
111 23 1.260109
111 1 1.284028
111 22 1.262743
111 42 1.246314
111 34 1.281136
111 38 1.275968
111 49 1.274247
111 16 1.322532
111 27 1.321479
111 18 1.358924
111 39 1.333856
111 26 1.378166
111 20 1.410349
111 6 1.425404
111 45 1.389367
111 40 1.409256
111 25 1.444360
111 46 1.413786
111 37 1.429634
111 24 1.472078
111 50 1.458756
111 35 1.607148
111 41 1.597448
112 9 0.653752
112 8 0.681263
112 11 0.730879
112 28 0.713556
112 10 0.810503
112 31 0.779849
112 29 0.882440
112 13 1.210697
112 14 1.210541
112 0 1.226304
112 3 1.252689
112 1 1.255459
112 32 1.242946
112 5 1.405645
112 6 1.405358
112 12 1.399309
112 15 1.607448
112 17 1.606122
112 4 1.620510
112 7 1.618002
112 20 1.600444
112 44 1.563755
112 38 1.574666
112 30 1.646453
112 22 1.755596
112 39 1.860335
112 42 1.856123
112 19 1.947012
112 46 1.910613
112 24 1.950492
112 41 1.922087
112 16 2.037456
112 33 2.034409
112 18 2.136138
112 40 2.122567
112 2 2.180185
112 35 2.134299
112 34 2.138157
112 45 2.117313
112 25 2.163920
112 23 2.341267
112 27 2.463930
112 43 2.438465
112 36 2.651629
112 21 2.678248
112 47 2.633985
112 48 2.634183
112 49 2.634382
112 26 2.677816
112 50 2.635865
112 37 2.839568
113 9 0.769973
113 31 0.802992
113 13 0.842409
113 10 0.880773
113 32 0.895466
113 8 0.930120
113 12 0.983891
113 11 1.001984
113 33 0.972826
113 14 1.004224
113 28 0.994389
113 30 1.010709
113 29 1.013711
113 3 1.134696
113 44 1.147045
113 2 1.205318
113 1 1.255949
113 49 1.239644
113 4 1.335660
113 0 1.376038
113 5 1.405688
113 7 1.416389
113 19 1.403774
113 18 1.432467
113 41 1.433431
113 36 1.463514
113 45 1.458639
113 35 1.475134
113 17 1.529436
113 15 1.562309
113 20 1.623149
113 6 1.673672
113 43 1.659422
113 47 1.653046
113 40 1.686560
113 34 1.746541
113 50 1.734241
113 24 1.777122
113 42 1.789574
113 21 1.822918
113 39 1.802727
113 16 1.897029
113 25 1.892242
113 38 1.905841
113 48 1.926181
113 22 2.075605
113 46 2.059469
113 37 2.112504
113 27 2.157384
113 23 2.215810
113 26 2.245285
114 11 0.680231
114 8 0.713083
114 31 0.694767
114 9 0.738401
114 30 0.741613
114 10 0.793693
114 29 0.778410
114 32 0.811626
114 13 1.058515
114 3 1.102943
114 0 1.123593
114 14 1.137217
114 44 1.134292
114 28 1.245537
114 2 1.291056
114 12 1.313941
114 5 1.333248
114 1 1.374896
114 33 1.361041
114 36 1.557640
114 40 1.567117
114 45 1.584255
114 42 1.597758
114 37 1.618516
114 50 1.601959
114 7 1.690288
114 16 1.692382
114 39 1.659655
114 27 1.707893
114 18 1.755537
114 34 1.740604
114 25 1.780888
114 6 1.823559
114 43 1.781980
114 26 1.826824
114 4 1.861953
114 46 1.854511
114 15 1.948095
114 38 1.923728
114 22 1.988321
114 41 2.015201
114 23 2.051900
114 17 2.071949
114 49 2.026514
114 19 2.082272
114 48 2.047380
114 47 2.127781
114 24 2.184692
114 21 2.198329
114 35 2.190040
114 20 2.252503
115 13 0.814824
115 10 1.106477
115 14 1.289297
115 31 1.311335
115 2 1.356421
115 8 1.513448
115 21 1.714646
115 33 1.759673
115 9 1.784489
115 30 1.766454
115 44 1.810045
115 50 1.805275
115 42 1.828679
115 11 1.905724
115 29 1.945768
115 27 1.948349
115 28 1.966756
115 45 2.199929
115 41 2.262265
115 47 2.257035
115 23 2.280166
115 6 2.360514
115 32 2.336241
115 40 2.329874
115 49 2.334501
115 24 2.383261
115 1 2.454742
115 34 2.456179
115 3 2.487709
115 5 2.543762
115 17 2.581957
115 12 2.588178
115 36 2.571332
115 7 2.660848
115 18 2.656374
115 19 2.733114
115 0 2.770493
115 37 2.750908
115 16 2.790535
115 22 2.784587
115 26 2.847686
115 43 2.847832
115 25 2.877745
115 38 2.867276
115 15 2.902027
115 35 2.882647
115 20 3.027629
115 48 3.002158
115 39 3.011445
115 46 3.032971
115 4 3.096483
116 10 0.605745
116 28 0.695919
116 11 0.740220
116 12 0.741339
116 44 0.731741
116 30 0.801038
116 8 0.905789
116 33 0.870486
116 0 1.150457
116 3 1.148930
116 31 1.112544
116 1 1.152576
116 13 1.141672
116 32 1.206279
116 4 1.248303
116 9 1.300084
116 2 1.307973
116 14 1.335511
116 15 1.355865
116 18 1.355713
116 6 1.434682
116 35 1.474190
116 17 1.576555
116 20 1.573281
116 29 1.560407
116 22 1.573188
116 5 1.617489
116 27 1.623133
116 49 1.585590
116 47 1.615077
116 37 1.640629
116 26 1.688943
116 19 1.702688
116 21 1.721190
116 45 1.721543
116 43 1.752363
116 41 1.759140
116 50 1.805552
116 7 1.895355
116 25 1.948261
116 38 1.981826
116 39 1.981469
116 42 2.001378
116 40 2.006662
116 34 2.113695
116 23 2.166712
116 48 2.152097
116 36 2.442041
116 46 2.425824
116 16 2.680289
116 24 2.706506
117 8 0.624114
117 14 0.684511
117 10 0.855794
117 9 0.857816
117 11 0.859005
117 12 0.858654
117 30 0.833092
117 0 1.273234
117 1 1.413429
117 28 1.379960
117 5 1.411119
117 3 1.414136
117 4 1.413796
117 44 1.461074
117 29 1.495955
117 2 1.531179
117 26 1.503575
117 32 1.491340
117 22 1.511838
117 16 1.588804
117 19 1.591169
117 15 1.624847
117 13 1.655541
117 34 1.647220
117 31 1.689431
117 18 1.764256
117 23 1.802034
117 33 1.851902
117 7 1.938709
117 50 1.928330
117 37 1.956566
117 46 1.940111
117 17 2.028782
117 39 2.037863
117 41 2.072094
117 48 2.061761
117 21 2.114109
117 20 2.128600
117 24 2.292946
117 42 2.293095
117 25 2.498705
117 40 2.467640
117 36 2.478108
117 6 2.524565
117 35 2.481462
117 45 2.510263
117 43 2.779400
117 47 2.799609
117 49 2.811350
117 38 2.944928
117 27 3.243983
118 12 0.672527
118 32 0.697174
118 13 0.758096
118 9 0.788377
118 29 0.784553
118 14 0.827038
118 28 0.822144
118 31 0.894567
118 8 0.959009
118 11 0.957789
118 44 1.033334
118 30 1.273165
118 1 1.329262
118 0 1.336582
118 3 1.375624
118 5 1.375247
118 33 1.367452
118 10 1.404111
118 2 1.547985
118 21 1.526932
118 24 1.523916
118 42 1.549980
118 23 1.605712
118 36 1.623267
118 16 1.683550
118 7 1.733555
118 4 1.736656
118 34 1.721287
118 6 1.760645
118 43 1.748431
118 50 1.757876
118 26 1.846010
118 22 1.850925
118 38 1.872846
118 41 1.867809
118 35 1.882901
118 45 1.905774
118 37 1.944271
118 25 2.106882
118 39 2.083876
118 40 2.082879
118 20 2.117747
118 48 2.069618
118 46 2.074402
118 18 2.125798
118 49 2.072135
118 17 2.128766
118 47 2.079049
118 15 2.178655
118 27 2.380623
118 19 2.398633
119 9 0.644245
119 29 0.861560
119 12 0.909184
119 31 0.901381
119 8 0.950077
119 32 0.941722
119 44 0.976334
119 30 1.011381
119 10 1.089642
119 13 1.156352
119 33 1.170094
119 2 1.241822
119 14 1.260862
119 11 1.353376
119 1 1.389547
119 5 1.416854
119 6 1.435276
119 46 1.380961
119 3 1.473614
119 7 1.482814
119 40 1.453695
119 39 1.489410
119 28 1.508130
119 0 1.580811
119 50 1.541095
119 37 1.585085
119 15 1.626524
119 45 1.583171
119 48 1.590009
119 18 1.661629
119 22 1.716764
119 35 1.709200
119 4 1.759142
119 49 1.733489
119 41 1.767980
119 38 1.790154
119 17 1.866806
119 21 1.873004
119 19 1.887447
119 47 1.886919
119 43 1.902903
119 23 1.935004
119 26 1.942341
119 25 1.955689
119 20 1.976011
119 36 1.951636
119 24 2.005610
119 42 2.010657
119 27 2.043954
119 16 2.079300
119 34 2.071800
120 12 0.880797
120 10 0.933427
120 11 0.916426
120 8 1.037396
120 9 1.082595
120 14 1.027434
120 13 1.052313
120 1 1.725890
120 2 1.863361
120 4 1.738832
120 28 0.956129
120 3 1.841171
120 0 1.885763
120 30 1.044554
120 33 1.017110
120 5 1.920900
120 6 1.824620
120 16 1.544186
120 31 1.222672
120 7 2.032028
120 29 1.378696
120 32 1.344508
120 18 1.733918
120 15 1.934692
120 22 1.667571
120 26 1.624144
120 17 1.933848
120 27 1.621814
120 44 1.202990
120 21 1.937526
120 19 2.024650
120 24 1.895216
120 20 1.973309
120 35 1.689124
120 25 1.967144
120 38 1.791274
120 34 1.853503
120 36 1.876087
120 37 1.852825
120 40 1.719822
120 23 2.192527
120 43 1.841487
120 48 1.802971
120 45 1.855040
120 50 1.800236
120 42 1.928858
120 46 2.036712
120 39 2.279248
120 49 2.075862
120 41 2.392764
120 47 2.274209
