21 0 0.052877
21 1 0.059927
21 2 0.052692
21 3 0.057063
21 4 0.052940
21 5 0.055585
21 6 0.055711
21 7 0.055294
21 8 0.039693
21 9 0.039847
21 10 0.040545
21 11 0.039467
21 12 0.041090
21 13 0.040926
21 14 0.039116
21 15 0.052771
21 16 0.049906
21 17 0.056632
21 18 0.052427
21 19 0.055097
21 20 0.042423
21 21 0.058810
21 22 0.052329
21 23 0.053275
21 24 0.046750
21 25 0.049565
21 26 0.047959
21 27 0.047413
21 28 0.040200
21 29 0.039896
21 30 0.041058
21 31 0.037410
21 32 0.040374
21 33 0.039532
21 34 0.051717
21 35 0.055794
21 36 0.050604
21 37 0.054956
21 38 0.046570
21 39 0.053819
21 40 0.055200
21 41 0.057226
21 42 0.045526
21 43 0.050754
21 44 0.037863
21 45 0.051426
21 46 0.054646
21 47 0.045419
21 48 0.052297
21 49 0.057538
21 50 0.047129
22 0 0.067617
22 1 0.071071
22 2 0.065532
22 3 0.053634
22 4 0.058139
22 5 0.055018
22 6 0.058242
22 7 0.059247
22 8 0.041993
22 9 0.042085
22 10 0.042895
22 11 0.043458
22 12 0.043258
22 13 0.042319
22 14 0.041275
22 15 0.058268
22 16 0.059879
22 17 0.054505
22 18 0.061718
22 19 0.057757
22 20 0.060317
22 21 0.056845
22 22 0.060851
22 23 0.060344
22 24 0.059906
22 25 0.059348
22 26 0.058948
22 27 0.058527
22 28 0.042447
22 29 0.041897
22 30 0.056309
22 31 0.040791
22 32 0.041029
22 33 0.037956
22 34 0.054219
22 35 0.058426
22 36 0.057278
22 37 0.062603
22 38 0.061053
22 39 0.059978
22 40 0.055002
22 41 0.043154
22 42 0.054227
22 43 0.060043
22 44 0.042352
22 45 0.056513
22 46 0.060419
22 47 0.059343
22 48 0.060567
22 49 0.044394
22 50 0.054530
23 0 0.066566
23 1 0.073825
23 2 0.066503
23 3 0.052791
23 4 0.057100
23 5 0.055712
23 6 0.052761
23 7 0.058622
23 8 0.041147
23 9 0.038437
23 10 0.043758
23 11 0.042543
23 12 0.039635
23 13 0.043204
23 14 0.042426
23 15 0.059672
23 16 0.057069
23 17 0.060382
23 18 0.058974
23 19 0.052368
23 20 0.053511
23 21 0.048185
23 22 0.059793
23 23 0.055413
23 24 0.061051
23 25 0.062057
23 26 0.061904
23 27 0.059564
23 28 0.043549
23 29 0.041072
23 30 0.041037
23 31 0.113463
23 32 0.043728
23 33 0.043566
23 34 0.052879
23 35 0.042958
23 36 0.064539
23 37 0.057892
23 38 0.050364
23 39 0.061853
23 40 0.056950
23 41 0.070497
23 42 0.040197
23 43 0.059608
23 44 0.042172
23 45 0.061201
23 46 0.059158
23 47 0.050382
23 48 0.060431
23 49 0.065601
23 50 0.042781
24 0 0.055556
24 1 0.055934
24 2 0.058254
24 3 0.052664
24 4 0.055490
24 5 0.052517
24 6 0.060638
24 7 0.056404
24 8 0.043912
24 9 0.039284
24 10 0.041179
24 11 0.043074
24 12 0.042119
24 13 0.044542
24 14 0.041595
24 15 0.061571
24 16 0.062380
24 17 0.041578
24 18 0.060906
24 19 0.057401
24 20 0.038082
24 21 0.060840
24 22 0.056609
24 23 0.059694
24 24 0.052725
24 25 0.053412
24 26 0.056825
24 27 0.058083
24 28 0.049740
24 29 0.042920
24 30 0.043302
24 31 0.045100
24 32 0.042904
24 33 0.040265
24 34 0.051749
24 35 0.063035
24 36 0.058222
24 37 0.049698
24 38 0.053228
24 39 0.040245
24 40 0.060763
24 41 0.056509
24 42 0.048877
24 43 0.060477
24 44 0.042231
24 45 0.055692
24 46 0.048495
24 47 0.053462
24 48 0.041263
24 49 0.053456
24 50 0.051204
25 0 0.066405
25 1 0.076813
25 2 0.067804
25 3 0.053967
25 4 0.062613
25 5 0.053908
25 6 0.048409
25 7 0.064695
25 8 0.045287
25 9 0.047017
25 10 0.048087
25 11 0.047289
25 12 0.046909
25 13 0.045462
25 14 0.045489
25 15 0.065131
25 16 0.065880
25 17 0.062495
25 18 0.068260
25 19 0.061680
25 20 0.042104
25 21 0.063301
25 22 0.067602
25 23 0.069352
25 24 0.066960
25 25 0.070716
25 26 0.069331
25 27 0.068330
25 28 0.045146
25 29 0.045188
25 30 0.046596
25 31 0.043445
25 32 0.046717
25 33 0.038973
25 34 0.059115
25 35 0.064453
25 36 0.056835
25 37 0.069919
25 38 0.062475
25 39 0.059291
25 40 0.061035
25 41 0.060515
25 42 0.060021
25 43 0.066107
25 44 0.043125
25 45 0.057782
25 46 0.071236
25 47 0.062593
25 48 0.059042
25 49 0.062010
25 50 0.060624
26 0 0.061717
26 1 0.062133
26 2 0.071411
26 3 0.038958
26 4 0.065786
26 5 0.038324
26 6 0.045577
26 7 0.067500
26 8 0.046501
26 9 0.045426
26 10 0.042419
26 11 0.043474
26 12 0.045320
26 13 0.042671
26 14 0.045061
26 15 0.069551
26 16 0.064379
26 17 0.044383
26 18 0.065947
26 19 0.053487
26 20 0.037805
26 21 0.041175
26 22 0.043297
26 23 0.046171
26 24 0.055227
26 25 0.062776
26 26 0.058670
26 27 0.059536
26 28 0.044917
26 29 0.044618
26 30 0.047828
26 31 0.046517
26 32 0.044635
26 33 0.039336
26 34 0.041470
26 35 0.064695
26 36 0.069815
26 37 0.042412
26 38 0.043015
26 39 0.046016
26 40 0.075401
26 41 0.048224
26 42 0.044696
26 43 0.063044
26 44 0.046341
26 45 0.069925
26 46 0.040852
26 47 0.042289
26 48 0.044906
26 49 0.045749
26 50 0.043382
27 0 0.071926
27 1 0.072712
27 2 0.071162
27 3 0.064164
27 4 0.062163
27 5 0.064770
27 6 0.049144
27 7 0.065863
27 8 0.052906
27 9 0.050906
27 10 0.052966
27 11 0.051424
27 12 0.051515
27 13 0.052128
27 14 0.054578
27 15 0.063215
27 16 0.057911
27 17 0.056775
27 18 0.056127
27 19 0.049741
27 20 0.060009
27 21 0.048620
27 22 0.045314
27 23 0.048677
27 24 0.046878
27 25 0.049919
27 26 0.050247
27 27 0.047428
27 28 0.052321
27 29 0.052294
27 30 0.051511
27 31 0.050963
27 32 0.053741
27 33 0.045783
27 34 0.038585
27 35 0.062100
27 36 0.062759
27 37 0.055916
27 38 0.040053
27 39 0.058399
27 40 0.061447
27 41 0.066238
27 42 0.040940
27 43 0.055289
27 44 0.051512
27 45 0.063116
27 46 0.056065
27 47 0.039166
27 48 0.058352
27 49 0.067284
27 50 0.040404
28 0 0.069507
28 1 0.067993
28 2 0.072292
28 3 0.067641
28 4 0.064997
28 5 0.069971
28 6 0.064298
28 7 0.069322
28 8 0.055321
28 9 0.051646
28 10 0.054481
28 11 0.053052
28 12 0.050964
28 13 0.054721
28 14 0.052189
28 15 0.063259
28 16 0.057806
28 17 0.064885
28 18 0.060577
28 19 0.072502
28 20 0.058641
28 21 0.061810
28 22 0.062047
28 23 0.065950
28 24 0.067395
28 25 0.063308
28 26 0.063121
28 27 0.064826
28 28 0.055113
28 29 0.055649
28 30 0.053459
28 31 0.053269
28 32 0.051597
28 33 0.057374
28 34 0.063997
28 35 0.062222
28 36 0.066581
28 37 0.070189
28 38 0.064691
28 39 0.067520
28 40 0.061731
28 41 0.046910
28 42 0.055140
28 43 0.059455
28 44 0.053312
28 45 0.067539
28 46 0.068633
28 47 0.064509
28 48 0.067358
28 49 0.046102
28 50 0.055061
29 0 0.074699
29 1 0.080273
29 2 0.090686
29 3 0.090664
29 4 0.083933
29 5 0.093686
29 6 0.094615
29 7 0.085775
29 8 0.055525
29 9 0.051579
29 10 0.058171
29 11 0.055767
29 12 0.057453
29 13 0.052229
29 14 0.052744
29 15 0.087141
29 16 0.089287
29 17 0.103180
29 18 0.094808
29 19 0.100489
29 20 0.093486
29 21 0.100484
29 22 0.090366
29 23 0.090187
29 24 0.092837
29 25 0.089920
29 26 0.091344
29 27 0.089747
29 28 0.051741
29 29 0.060712
29 30 0.052646
29 31 0.056933
29 32 0.058696
29 33 0.042302
29 34 0.077152
29 35 0.092164
29 36 0.090877
29 37 0.086315
29 38 0.092612
29 39 0.092651
29 40 0.077002
29 41 0.095285
29 42 0.092311
29 43 0.091115
29 44 0.058597
29 45 0.094659
29 46 0.088232
29 47 0.094218
29 48 0.091498
29 49 0.095101
29 50 0.093982
30 0 0.082073
30 1 0.078893
30 2 0.078490
30 3 0.077201
30 4 0.067948
30 5 0.073904
30 6 0.075122
30 7 0.071389
30 8 0.056352
30 9 0.055263
30 10 0.052416
30 11 0.055348
30 12 0.054704
30 13 0.056628
30 14 0.056880
30 15 0.076656
30 16 0.077506
30 17 0.080318
30 18 0.080500
30 19 0.079240
30 20 0.063624
30 21 0.065564
30 22 0.070215
30 23 0.073295
30 24 0.070675
30 25 0.070515
30 26 0.071448
30 27 0.070943
30 28 0.058022
30 29 0.056460
30 30 0.057045
30 31 0.053331
30 32 0.055645
30 33 0.058462
30 34 0.072261
30 35 0.077997
30 36 0.077939
30 37 0.074817
30 38 0.065841
30 39 0.079687
30 40 0.072592
30 41 0.077784
30 42 0.068998
30 43 0.077075
30 44 0.053220
30 45 0.079505
30 46 0.073097
30 47 0.066937
30 48 0.081721
30 49 0.076423
30 50 0.068012
31 0 0.124156
31 1 0.106044
31 2 0.096518
31 3 0.076921
31 4 0.103438
31 5 0.076863
31 6 0.044003
31 7 0.096565
31 8 0.058051
31 9 0.057953
31 10 0.058223
31 11 0.058149
31 12 0.057806
31 13 0.058105
31 14 0.056311
31 15 0.100840
31 16 0.100038
31 17 0.057255
31 18 0.105395
31 19 0.045722
31 20 0.045952
31 21 0.045805
31 22 0.062048
31 23 0.068156
31 24 0.061684
31 25 0.062296
31 26 0.061508
31 27 0.061674
31 28 0.054465
31 29 0.058662
31 30 0.058045
31 31 0.051429
31 32 0.057889
31 33 0.043707
31 34 0.069173
31 35 0.086795
31 36 0.100522
31 37 0.059057
31 38 0.061673
31 39 0.083870
31 40 0.099376
31 41 0.074233
31 42 0.050397
31 43 0.099185
31 44 0.051931
31 45 0.099032
31 46 0.059832
31 47 0.062039
31 48 0.084386
31 49 0.074637
31 50 0.049822
32 0 0.101158
32 1 0.093779
32 2 0.086930
32 3 0.090251
32 4 0.087100
32 5 0.091206
32 6 0.092865
32 7 0.087492
32 8 0.059777
32 9 0.055405
32 10 0.059113
32 11 0.056140
32 12 0.057795
32 13 0.060552
32 14 0.058383
32 15 0.090996
32 16 0.093799
32 17 0.089306
32 18 0.095123
32 19 0.095038
32 20 0.078823
32 21 0.095103
32 22 0.111487
32 23 0.099821
32 24 0.087679
32 25 0.091722
32 26 0.089574
32 27 0.092134
32 28 0.060394
32 29 0.061111
32 30 0.061355
32 31 0.058504
32 32 0.061432
32 33 0.059707
32 34 0.095012
32 35 0.090679
32 36 0.086256
32 37 0.098028
32 38 0.093526
32 39 0.102491
32 40 0.094307
32 41 0.101287
32 42 0.092853
32 43 0.093154
32 44 0.058590
32 45 0.082726
32 46 0.095328
32 47 0.092653
32 48 0.096809
32 49 0.103279
32 50 0.092534
33 0 0.107516
33 1 0.109271
33 2 0.075186
33 3 0.103778
33 4 0.107055
33 5 0.106319
33 6 0.112590
33 7 0.099108
33 8 0.064530
33 9 0.057988
33 10 0.056511
33 11 0.065244
33 12 0.062486
33 13 0.058981
33 14 0.059947
33 15 0.089409
33 16 0.095245
33 17 0.108150
33 18 0.088408
33 19 0.106090
33 20 0.112123
33 21 0.102371
33 22 0.098605
33 23 0.116843
33 24 0.098952
33 25 0.098773
33 26 0.101394
33 27 0.098392
33 28 0.053135
33 29 0.062116
33 30 0.053494
33 31 0.052427
33 32 0.055208
33 33 0.048075
33 34 0.097576
33 35 0.109213
33 36 0.101666
33 37 0.103894
33 38 0.111290
33 39 0.111024
33 40 0.107711
33 41 0.107702
33 42 0.110014
33 43 0.097117
33 44 0.053814
33 45 0.101852
33 46 0.103070
33 47 0.112407
33 48 0.110211
33 49 0.107916
33 50 0.107530
34 0 0.088808
34 1 0.078624
34 2 0.078660
34 3 0.067739
34 4 0.074885
34 5 0.075027
34 6 0.075453
34 7 0.073608
34 8 0.054647
34 9 0.058706
34 10 0.047716
34 11 0.050956
34 12 0.059483
34 13 0.060860
34 14 0.055090
34 15 0.081300
34 16 0.076426
34 17 0.063271
34 18 0.080740
34 19 0.075632
34 20 0.079024
34 21 0.074843
34 22 0.083337
34 23 0.086004
34 24 0.083451
34 25 0.084050
34 26 0.071212
34 27 0.083556
34 28 0.057427
34 29 0.057700
34 30 0.055249
34 31 0.055868
34 32 0.058652
34 33 0.052826
34 34 0.082213
34 35 0.084695
34 36 0.079227
34 37 0.079116
34 38 0.067005
34 39 0.084472
34 40 0.079555
34 41 0.091859
34 42 0.077099
34 43 0.074856
34 44 0.054058
34 45 0.079402
34 46 0.079692
34 47 0.067262
34 48 0.084997
34 49 0.093054
34 50 0.076327
35 0 0.130711
35 1 0.127435
35 2 0.131102
35 3 0.111231
35 4 0.127050
35 5 0.113784
35 6 0.101096
35 7 0.132893
35 8 0.062657
35 9 0.072001
35 10 0.071615
35 11 0.070349
35 12 0.064806
35 13 0.068492
35 14 0.071279
35 15 0.115799
35 16 0.126605
35 17 0.099421
35 18 0.108405
35 19 0.098617
35 20 0.114165
35 21 0.090552
35 22 0.121914
35 23 0.126914
35 24 0.125167
35 25 0.127028
35 26 0.122411
35 27 0.121752
35 28 0.070836
35 29 0.065363
35 30 0.062149
35 31 0.064782
35 32 0.063584
35 33 0.061049
35 34 0.125155
35 35 0.100718
35 36 0.125864
35 37 0.112103
35 38 0.108387
35 39 0.125093
35 40 0.126874
35 41 0.117671
35 42 0.089513
35 43 0.125849
35 44 0.067452
35 45 0.125671
35 46 0.114471
35 47 0.109878
35 48 0.123905
35 49 0.116794
35 50 0.089846
36 0 0.077169
36 1 0.066783
36 2 0.102911
36 3 0.097169
36 4 0.091140
36 5 0.092974
36 6 0.073867
36 7 0.096547
36 8 0.062384
36 9 0.052109
36 10 0.068678
36 11 0.063950
36 12 0.060175
36 13 0.054195
36 14 0.058584
36 15 0.088987
36 16 0.088724
36 17 0.101195
36 18 0.091082
36 19 0.067533
36 20 0.101874
36 21 0.069084
36 22 0.083783
36 23 0.088187
36 24 0.084467
36 25 0.085961
36 26 0.085121
36 27 0.085362
36 28 0.058105
36 29 0.052972
36 30 0.057633
36 31 0.067749
36 32 0.051631
36 33 0.065274
36 34 0.064129
36 35 0.102160
36 36 0.101027
36 37 0.075869
36 38 0.084202
36 39 0.094749
36 40 0.094078
36 41 0.091966
36 42 0.068941
36 43 0.090542
36 44 0.067353
36 45 0.102736
36 46 0.076045
36 47 0.081573
36 48 0.093820
36 49 0.095118
36 50 0.066874
37 0 0.126839
37 1 0.119045
37 2 0.112104
37 3 0.124945
37 4 0.105252
37 5 0.124390
37 6 0.115167
37 7 0.108618
37 8 0.066617
37 9 0.066079
37 10 0.066442
37 11 0.069084
37 12 0.065829
37 13 0.059643
37 14 0.063642
37 15 0.115292
37 16 0.120782
37 17 0.106440
37 18 0.134177
37 19 0.133200
37 20 0.119263
37 21 0.141801
37 22 0.121308
37 23 0.123791
37 24 0.096719
37 25 0.095686
37 26 0.096344
37 27 0.095955
37 28 0.072943
37 29 0.073508
37 30 0.075288
37 31 0.070585
37 32 0.073736
37 33 0.071183
37 34 0.125615
37 35 0.140305
37 36 0.122235
37 37 0.100786
37 38 0.109175
37 39 0.119473
37 40 0.125333
37 41 0.148812
37 42 0.121111
37 43 0.120604
37 44 0.068086
37 45 0.121567
37 46 0.099729
37 47 0.109143
37 48 0.121755
37 49 0.147183
37 50 0.120894
38 0 0.151457
38 1 0.128996
38 2 0.133313
38 3 0.097102
38 4 0.140023
38 5 0.123095
38 6 0.133504
38 7 0.134791
38 8 0.066410
38 9 0.077796
38 10 0.071448
38 11 0.076381
38 12 0.061312
38 13 0.067988
38 14 0.070218
38 15 0.128635
38 16 0.123363
38 17 0.136205
38 18 0.107996
38 19 0.140430
38 20 0.134250
38 21 0.141040
38 22 0.140795
38 23 0.133480
38 24 0.142880
38 25 0.141093
38 26 0.140836
38 27 0.144822
38 28 0.066917
38 29 0.074177
38 30 0.061156
38 31 0.076795
38 32 0.067959
38 33 0.084837
38 34 0.136564
38 35 0.147614
38 36 0.142461
38 37 0.151852
38 38 0.141878
38 39 0.134758
38 40 0.125740
38 41 0.154598
38 42 0.157756
38 43 0.123619
38 44 0.075008
38 45 0.150237
38 46 0.154203
38 47 0.146217
38 48 0.131469
38 49 0.153334
38 50 0.155511
39 0 0.122874
39 1 0.125791
39 2 0.149167
39 3 0.104317
39 4 0.143626
39 5 0.091389
39 6 0.114097
39 7 0.138090
39 8 0.068132
39 9 0.067694
39 10 0.065443
39 11 0.064280
39 12 0.073241
39 13 0.061485
39 14 0.064753
39 15 0.144135
39 16 0.133592
39 17 0.075159
39 18 0.107708
39 19 0.093890
39 20 0.055393
39 21 0.084331
39 22 0.118441
39 23 0.111460
39 24 0.118232
39 25 0.120631
39 26 0.118775
39 27 0.119664
39 28 0.068949
39 29 0.073484
39 30 0.076853
39 31 0.072621
39 32 0.070654
39 33 0.058729
39 34 0.126288
39 35 0.144679
39 36 0.109441
39 37 0.108181
39 38 0.142736
39 39 0.070130
39 40 0.102121
39 41 0.113617
39 42 0.126538
39 43 0.126741
39 44 0.070742
39 45 0.105794
39 46 0.109815
39 47 0.148615
39 48 0.070347
39 49 0.113535
39 50 0.125679
40 0 0.109914
40 1 0.122977
40 2 0.147131
40 3 0.093312
40 4 0.118776
40 5 0.093510
40 6 0.064803
40 7 0.127444
40 8 0.064498
40 9 0.081644
40 10 0.074177
40 11 0.072246
40 12 0.076457
40 13 0.058316
40 14 0.082391
40 15 0.139219
40 16 0.098283
40 17 0.067069
40 18 0.098278
40 19 0.058358
40 20 0.139766
40 21 0.064935
40 22 0.102142
40 23 0.104872
40 24 0.110789
40 25 0.128146
40 26 0.126333
40 27 0.144579
40 28 0.083269
40 29 0.082268
40 30 0.079438
40 31 0.072664
40 32 0.084200
40 33 0.049148
40 34 0.086472
40 35 0.121674
40 36 0.126678
40 37 0.122708
40 38 0.105646
40 39 0.135251
40 40 0.111385
40 41 0.122448
40 42 0.121722
40 43 0.095904
40 44 0.074690
40 45 0.125424
40 46 0.119999
40 47 0.101665
40 48 0.139469
40 49 0.123295
40 50 0.121901
41 0 0.156316
41 1 0.153213
41 2 0.160687
41 3 0.117148
41 4 0.150191
41 5 0.122382
41 6 0.110765
41 7 0.155104
41 8 0.078845
41 9 0.078869
41 10 0.078531
41 11 0.076490
41 12 0.079623
41 13 0.066808
41 14 0.078768
41 15 0.140321
41 16 0.114294
41 17 0.133748
41 18 0.119798
41 19 0.137006
41 20 0.138270
41 21 0.138015
41 22 0.156041
41 23 0.161385
41 24 0.159395
41 25 0.160228
41 26 0.155370
41 27 0.156974
41 28 0.078692
41 29 0.077488
41 30 0.077932
41 31 0.074624
41 32 0.075473
41 33 0.052974
41 34 0.151357
41 35 0.134268
41 36 0.147130
41 37 0.129565
41 38 0.155205
41 39 0.122519
41 40 0.151183
41 41 0.155123
41 42 0.154162
41 43 0.117485
41 44 0.076203
41 45 0.148574
41 46 0.129807
41 47 0.154311
41 48 0.121397
41 49 0.154223
41 50 0.153075
42 0 0.136030
42 1 0.131718
42 2 0.121561
42 3 0.155722
42 4 0.147053
42 5 0.140631
42 6 0.153342
42 7 0.137076
42 8 0.074565
42 9 0.076739
42 10 0.083933
42 11 0.083376
42 12 0.072397
42 13 0.062776
42 14 0.081564
42 15 0.147038
42 16 0.114115
42 17 0.090257
42 18 0.141339
42 19 0.130214
42 20 0.079952
42 21 0.112355
42 22 0.116356
42 23 0.098020
42 24 0.118093
42 25 0.115570
42 26 0.120351
42 27 0.118292
42 28 0.081719
42 29 0.068297
42 30 0.076177
42 31 0.079009
42 32 0.069517
42 33 0.076950
42 34 0.051037
42 35 0.118885
42 36 0.140179
42 37 0.104933
42 38 0.123106
42 39 0.116127
42 40 0.116783
42 41 0.119086
42 42 0.133741
42 43 0.114079
42 44 0.080232
42 45 0.140249
42 46 0.105035
42 47 0.127158
42 48 0.119738
42 49 0.124777
42 50 0.138671
43 0 0.156379
43 1 0.152450
43 2 0.148636
43 3 0.122412
43 4 0.162925
43 5 0.115823
43 6 0.176797
43 7 0.149549
43 8 0.074962
43 9 0.075407
43 10 0.076242
43 11 0.068782
43 12 0.070903
43 13 0.072915
43 14 0.074292
43 15 0.154983
43 16 0.159422
43 17 0.157191
43 18 0.131477
43 19 0.151306
43 20 0.175288
43 21 0.153031
43 22 0.186118
43 23 0.176384
43 24 0.194553
43 25 0.193183
43 26 0.193105
43 27 0.187064
43 28 0.068543
43 29 0.062544
43 30 0.074646
43 31 0.077971
43 32 0.061314
43 33 0.087795
43 34 0.178566
43 35 0.168849
43 36 0.167383
43 37 0.176316
43 38 0.119558
43 39 0.134494
43 40 0.161491
43 41 0.165902
43 42 0.143822
43 43 0.171970
43 44 0.076067
43 45 0.168538
43 46 0.170378
43 47 0.118392
43 48 0.133842
43 49 0.162666
43 50 0.149123
44 0 0.171160
44 1 0.185706
44 2 0.201936
44 3 0.179044
44 4 0.175735
44 5 0.193163
44 6 0.185174
44 7 0.206066
44 8 0.088931
44 9 0.070890
44 10 0.094944
44 11 0.079510
44 12 0.095305
44 13 0.090950
44 14 0.082165
44 15 0.177997
44 16 0.214228
44 17 0.202916
44 18 0.209910
44 19 0.234377
44 20 0.233266
44 21 0.243893
44 22 0.231817
44 23 0.258505
44 24 0.231427
44 25 0.240894
44 26 0.232201
44 27 0.230864
44 28 0.098218
44 29 0.086055
44 30 0.090762
44 31 0.090087
44 32 0.086280
44 33 0.093562
44 34 0.226082
44 35 0.220096
44 36 0.187658
44 37 0.195454
44 38 0.200633
44 39 0.234641
44 40 0.177886
44 41 0.248754
44 42 0.203840
44 43 0.208122
44 44 0.089555
44 45 0.184873
44 46 0.195437
44 47 0.204795
44 48 0.239200
44 49 0.249091
44 50 0.205989
45 0 0.242837
45 1 0.221346
45 2 0.234928
45 3 0.217811
45 4 0.209622
45 5 0.224634
45 6 0.218519
45 7 0.239396
45 8 0.095685
45 9 0.091898
45 10 0.093600
45 11 0.094975
45 12 0.085712
45 13 0.097289
45 14 0.098678
45 15 0.243369
45 16 0.226017
45 17 0.244254
45 18 0.222926
45 19 0.258918
45 20 0.187206
45 21 0.266077
45 22 0.222454
45 23 0.247263
45 24 0.247120
45 25 0.220176
45 26 0.223272
45 27 0.220729
45 28 0.092306
45 29 0.094050
45 30 0.093204
45 31 0.082481
45 32 0.094383
45 33 0.092746
45 34 0.217204
45 35 0.222859
45 36 0.232532
45 37 0.210796
45 38 0.220629
45 39 0.225607
45 40 0.226800
45 41 0.239616
45 42 0.237894
45 43 0.227696
45 44 0.081064
45 45 0.234287
45 46 0.207373
45 47 0.220686
45 48 0.238403
45 49 0.229485
45 50 0.235721
46 0 0.181569
46 1 0.162984
46 2 0.165614
46 3 0.185058
46 4 0.163867
46 5 0.197170
46 6 0.177684
46 7 0.168171
46 8 0.088162
46 9 0.081767
46 10 0.074665
46 11 0.073117
46 12 0.064345
46 13 0.088097
46 14 0.081715
46 15 0.209867
46 16 0.221823
46 17 0.218803
46 18 0.232764
46 19 0.191907
46 20 0.167092
46 21 0.194546
46 22 0.232627
46 23 0.236472
46 24 0.228065
46 25 0.235100
46 26 0.180621
46 27 0.227146
46 28 0.072577
46 29 0.093163
46 30 0.086811
46 31 0.090226
46 32 0.088793
46 33 0.089614
46 34 0.224372
46 35 0.202629
46 36 0.207247
46 37 0.186284
46 38 0.141051
46 39 0.203731
46 40 0.178729
46 41 0.155481
46 42 0.198709
46 43 0.218532
46 44 0.088033
46 45 0.217583
46 46 0.194267
46 47 0.146053
46 48 0.204552
46 49 0.155508
46 50 0.203054
47 0 0.186032
47 1 0.179566
47 2 0.193944
47 3 0.168920
47 4 0.145306
47 5 0.200047
47 6 0.249640
47 7 0.179533
47 8 0.083216
47 9 0.080306
47 10 0.090868
47 11 0.094108
47 12 0.094930
47 13 0.095096
47 14 0.089447
47 15 0.186723
47 16 0.187907
47 17 0.213075
47 18 0.217663
47 19 0.214813
47 20 0.199658
47 21 0.220143
47 22 0.149459
47 23 0.152766
47 24 0.147106
47 25 0.152807
47 26 0.151320
47 27 0.147328
47 28 0.086097
47 29 0.084760
47 30 0.091886
47 31 0.080071
47 32 0.077248
47 33 0.099456
47 34 0.183459
47 35 0.196091
47 36 0.199426
47 37 0.215916
47 38 0.228001
47 39 0.167060
47 40 0.191496
47 41 0.157069
47 42 0.250342
47 43 0.188852
47 44 0.079530
47 45 0.205606
47 46 0.212169
47 47 0.225497
47 48 0.166593
47 49 0.157703
47 50 0.259472
48 0 0.240269
48 1 0.211604
48 2 0.174849
48 3 0.152924
48 4 0.141376
48 5 0.169700
48 6 0.250056
48 7 0.141232
48 8 0.095829
48 9 0.100152
48 10 0.100996
48 11 0.104846
48 12 0.099819
48 13 0.100095
48 14 0.103144
48 15 0.195991
48 16 0.227618
48 17 0.198965
48 18 0.193288
48 19 0.247609
48 20 0.160162
48 21 0.257273
48 22 0.223597
48 23 0.232816
48 24 0.214259
48 25 0.218087
48 26 0.219626
48 27 0.218892
48 28 0.103305
48 29 0.101419
48 30 0.093386
48 31 0.100876
48 32 0.100999
48 33 0.102499
48 34 0.211803
48 35 0.215460
48 36 0.195752
48 37 0.254562
48 38 0.229641
48 39 0.248593
48 40 0.208516
48 41 0.262369
48 42 0.238255
48 43 0.235003
48 44 0.100064
48 45 0.195561
48 46 0.253028
48 47 0.226098
48 48 0.248465
48 49 0.263582
48 50 0.238215
49 0 0.229859
49 1 0.165231
49 2 0.186414
49 3 0.172171
49 4 0.193235
49 5 0.179992
49 6 0.229450
49 7 0.214071
49 8 0.080058
49 9 0.102273
49 10 0.083643
49 11 0.089588
49 12 0.086278
49 13 0.087692
49 14 0.089756
49 15 0.190312
49 16 0.202035
49 17 0.216067
49 18 0.195917
49 19 0.233934
49 20 0.220403
49 21 0.237498
49 22 0.229918
49 23 0.239667
49 24 0.234447
49 25 0.234476
49 26 0.234623
49 27 0.230883
49 28 0.089499
49 29 0.102371
49 30 0.079640
49 31 0.096840
49 32 0.101582
49 33 0.088209
49 34 0.232013
49 35 0.232919
49 36 0.237286
49 37 0.261978
49 38 0.214726
49 39 0.239442
49 40 0.197957
49 41 0.250084
49 42 0.232587
49 43 0.213059
49 44 0.098997
49 45 0.236538
49 46 0.257003
49 47 0.214441
49 48 0.241824
49 49 0.255776
49 50 0.236719
50 0 0.232502
50 1 0.224383
50 2 0.218145
50 3 0.177380
50 4 0.184842
50 5 0.167581
50 6 0.232331
50 7 0.188288
50 8 0.089012
50 9 0.074663
50 10 0.108181
50 11 0.111703
50 12 0.101133
50 13 0.100429
50 14 0.097099
50 15 0.174818
50 16 0.236097
50 17 0.221023
50 18 0.226112
50 19 0.220647
50 20 0.272528
50 21 0.210046
50 22 0.214287
50 23 0.218122
50 24 0.216396
50 25 0.252319
50 26 0.251946
50 27 0.200257
50 28 0.092822
50 29 0.102921
50 30 0.089885
50 31 0.077613
50 32 0.102882
50 33 0.106653
50 34 0.238746
50 35 0.231090
50 36 0.204230
50 37 0.232249
50 38 0.248422
50 39 0.251070
50 40 0.227738
50 41 0.210493
50 42 0.248788
50 43 0.232638
50 44 0.076502
50 45 0.202577
50 46 0.233284
50 47 0.254642
50 48 0.246498
50 49 0.211001
50 50 0.246886
51 0 0.251922
51 1 0.225948
51 2 0.263110
51 3 0.217981
51 4 0.257541
51 5 0.180691
51 6 0.262610
51 7 0.231595
51 8 0.108038
51 9 0.094748
51 10 0.104609
51 11 0.101757
51 12 0.101873
51 13 0.104643
51 14 0.103051
51 15 0.216931
51 16 0.260180
51 17 0.288025
51 18 0.268609
51 19 0.262563
51 20 0.292832
51 21 0.270511
51 22 0.263258
51 23 0.264457
51 24 0.268649
51 25 0.261249
51 26 0.266447
51 27 0.263920
51 28 0.104737
51 29 0.111764
51 30 0.109613
51 31 0.103949
51 32 0.103676
51 33 0.112834
51 34 0.264395
51 35 0.216209
51 36 0.240107
51 37 0.220387
51 38 0.257632
51 39 0.266206
51 40 0.242279
51 41 0.304748
51 42 0.259244
51 43 0.255138
51 44 0.102506
51 45 0.237609
51 46 0.220325
51 47 0.257540
51 48 0.265234
51 49 0.303824
51 50 0.276726
52 0 0.155361
52 1 0.152390
52 2 0.180279
52 3 0.152846
52 4 0.135502
52 5 0.170701
52 6 0.130521
52 7 0.151874
52 8 0.120207
52 9 0.105296
52 10 0.108665
52 11 0.084654
52 12 0.103126
52 13 0.102682
52 14 0.087750
52 15 0.201000
52 16 0.260546
52 17 0.190899
52 18 0.258540
52 19 0.264248
52 20 0.244878
52 21 0.277386
52 22 0.177055
52 23 0.214708
52 24 0.178161
52 25 0.178330
52 26 0.180828
52 27 0.177681
52 28 0.091145
52 29 0.097058
52 30 0.182554
52 31 0.092370
52 32 0.088002
52 33 0.116149
52 34 0.235422
52 35 0.227334
52 36 0.210386
52 37 0.224732
52 38 0.204003
52 39 0.248657
52 40 0.207224
52 41 0.233083
52 42 0.189897
52 43 0.250755
52 44 0.092134
52 45 0.210124
52 46 0.227391
52 47 0.205247
52 48 0.248887
52 49 0.230844
52 50 0.194832
53 0 0.261526
53 1 0.228390
53 2 0.259516
53 3 0.225270
53 4 0.227124
53 5 0.232972
53 6 0.283573
53 7 0.258371
53 8 0.095497
53 9 0.088304
53 10 0.107630
53 11 0.110612
53 12 0.114657
53 13 0.096008
53 14 0.089323
53 15 0.245071
53 16 0.274782
53 17 0.246482
53 18 0.230961
53 19 0.253277
53 20 0.261327
53 21 0.252061
53 22 0.264421
53 23 0.275717
53 24 0.253932
53 25 0.252426
53 26 0.266070
53 27 0.256172
53 28 0.084143
53 29 0.116449
53 30 0.094868
53 31 0.109793
53 32 0.116850
53 33 0.121969
53 34 0.259344
53 35 0.277388
53 36 0.242604
53 37 0.272370
53 38 0.293935
53 39 0.282948
53 40 0.224841
53 41 0.256119
53 42 0.229490
53 43 0.274981
53 44 0.107488
53 45 0.239667
53 46 0.272300
53 47 0.295445
53 48 0.266260
53 49 0.262028
53 50 0.229018
54 0 0.257750
54 1 0.235128
54 2 0.186818
54 3 0.208561
54 4 0.268302
54 5 0.252786
54 6 0.253048
54 7 0.279172
54 8 0.117889
54 9 0.119180
54 10 0.116304
54 11 0.116345
54 12 0.109827
54 13 0.109105
54 14 0.116734
54 15 0.206042
54 16 0.272379
54 17 0.212859
54 18 0.269733
54 19 0.243651
54 20 0.218474
54 21 0.274534
54 22 0.263503
54 23 0.290953
54 24 0.266794
54 25 0.267827
54 26 0.262486
54 27 0.263814
54 28 0.115946
54 29 0.120016
54 30 0.105481
54 31 0.097497
54 32 0.120519
54 33 0.113730
54 34 0.253987
54 35 0.245250
54 36 0.280255
54 37 0.206853
54 38 0.261792
54 39 0.213784
54 40 0.238053
54 41 0.289842
54 42 0.223427
54 43 0.271805
54 44 0.097112
54 45 0.275596
54 46 0.209867
54 47 0.262450
54 48 0.218184
54 49 0.298497
54 50 0.224522
55 0 0.255510
55 1 0.224133
55 2 0.223161
55 3 0.275678
55 4 0.257723
55 5 0.263404
55 6 0.283125
55 7 0.255453
55 8 0.103010
55 9 0.111613
55 10 0.112201
55 11 0.106907
55 12 0.112740
55 13 0.116220
55 14 0.091253
55 15 0.235393
55 16 0.212320
55 17 0.227552
55 18 0.260797
55 19 0.303547
55 20 0.249883
55 21 0.308745
55 22 0.241855
55 23 0.287168
55 24 0.245410
55 25 0.243327
55 26 0.241747
55 27 0.247262
55 28 0.115273
55 29 0.099631
55 30 0.101432
55 31 0.111215
55 32 0.097877
55 33 0.100903
55 34 0.249030
55 35 0.212986
55 36 0.253014
55 37 0.280690
55 38 0.174114
55 39 0.312638
55 40 0.258850
55 41 0.268221
55 42 0.259758
55 43 0.212644
55 44 0.122948
55 45 0.253450
55 46 0.279591
55 47 0.180640
55 48 0.311862
55 49 0.267664
55 50 0.260439
56 0 0.201649
56 1 0.205611
56 2 0.224429
56 3 0.168958
56 4 0.237534
56 5 0.172111
56 6 0.218195
56 7 0.233902
56 8 0.110758
56 9 0.101103
56 10 0.085816
56 11 0.096562
56 12 0.121276
56 13 0.118605
56 14 0.127159
56 15 0.192285
56 16 0.254336
56 17 0.188152
56 18 0.250523
56 19 0.182115
56 20 0.065508
56 21 0.218080
56 22 0.187658
56 23 0.209726
56 24 0.145442
56 25 0.155415
56 26 0.154394
56 27 0.154324
56 28 0.108015
56 29 0.093356
56 30 0.119124
56 31 0.114922
56 32 0.105475
56 33 0.104262
56 34 0.177342
56 35 0.256238
56 36 0.290810
56 37 0.232361
56 38 0.250133
56 39 0.296190
56 40 0.244092
56 41 0.218626
56 42 0.240889
56 43 0.249390
56 44 0.113790
56 45 0.287188
56 46 0.235152
56 47 0.240246
56 48 0.289858
56 49 0.213191
56 50 0.233694
57 0 0.295017
57 1 0.273287
57 2 0.274192
57 3 0.150314
57 4 0.318208
57 5 0.255989
57 6 0.356629
57 7 0.307829
57 8 0.120393
57 9 0.136086
57 10 0.130091
57 11 0.122843
57 12 0.109724
57 13 0.129595
57 14 0.125388
57 15 0.275981
57 16 0.261066
57 17 0.364437
57 18 0.284637
57 19 0.341023
57 20 0.393462
57 21 0.396008
57 22 0.294181
57 23 0.373983
57 24 0.292019
57 25 0.289932
57 26 0.289129
57 27 0.292418
57 28 0.124483
57 29 0.119103
57 30 0.118643
57 31 0.111937
57 32 0.120389
57 33 0.158335
57 34 0.286849
57 35 0.354538
57 36 0.346036
57 37 0.389026
57 38 0.331810
57 39 0.308675
57 40 0.296587
57 41 0.390028
57 42 0.305611
57 43 0.259540
57 44 0.113965
57 45 0.344775
57 46 0.391313
57 47 0.330645
57 48 0.306662
57 49 0.392919
57 50 0.306824
58 0 0.323077
58 1 0.306966
58 2 0.278430
58 3 0.245547
58 4 0.294569
58 5 0.282332
58 6 0.371291
58 7 0.300005
58 8 0.127792
58 9 0.108944
58 10 0.143201
58 11 0.141856
58 12 0.137983
58 13 0.129717
58 14 0.139158
58 15 0.347206
58 16 0.305408
58 17 0.381813
58 18 0.291760
58 19 0.383829
58 20 0.380970
58 21 0.388025
58 22 0.386005
58 23 0.388283
58 24 0.388285
58 25 0.389833
58 26 0.355372
58 27 0.389849
58 28 0.129905
58 29 0.132341
58 30 0.126816
58 31 0.151886
58 32 0.121341
58 33 0.148958
58 34 0.315424
58 35 0.357721
58 36 0.342346
58 37 0.365523
58 38 0.386607
58 39 0.355401
58 40 0.313980
58 41 0.405240
58 42 0.383279
58 43 0.307245
58 44 0.153420
58 45 0.339345
58 46 0.369500
58 47 0.385651
58 48 0.352805
58 49 0.393446
58 50 0.388772
59 0 0.277677
59 1 0.232040
59 2 0.278811
59 3 0.245991
59 4 0.226921
59 5 0.249756
59 6 0.337526
59 7 0.324249
59 8 0.127624
59 9 0.130629
59 10 0.123703
59 11 0.123259
59 12 0.123258
59 13 0.105036
59 14 0.145728
59 15 0.298434
59 16 0.218158
59 17 0.196585
59 18 0.225734
59 19 0.365221
59 20 0.320467
59 21 0.338157
59 22 0.318115
59 23 0.317412
59 24 0.363664
59 25 0.293028
59 26 0.294288
59 27 0.358982
59 28 0.130260
59 29 0.116235
59 30 0.104074
59 31 0.129758
59 32 0.122983
59 33 0.103889
59 34 0.262117
59 35 0.344846
59 36 0.334720
59 37 0.360800
59 38 0.333889
59 39 0.378067
59 40 0.314263
59 41 0.297762
59 42 0.351435
59 43 0.219388
59 44 0.130929
59 45 0.328941
59 46 0.354248
59 47 0.336451
59 48 0.380008
59 49 0.297256
59 50 0.343711
60 0 0.335060
60 1 0.317935
60 2 0.389933
60 3 0.257330
60 4 0.406429
60 5 0.262132
60 6 0.392472
60 7 0.323496
60 8 0.122836
60 9 0.129107
60 10 0.140638
60 11 0.143390
60 12 0.145014
60 13 0.143802
60 14 0.122010
60 15 0.319710
60 16 0.372460
60 17 0.355162
60 18 0.346709
60 19 0.394578
60 20 0.331695
60 21 0.401182
60 22 0.364546
60 23 0.264248
60 24 0.366704
60 25 0.366612
60 26 0.365188
60 27 0.362691
60 28 0.136630
60 29 0.138789
60 30 0.138924
60 31 0.118342
60 32 0.133593
60 33 0.151016
60 34 0.386615
60 35 0.248854
60 36 0.229030
60 37 0.408309
60 38 0.423707
60 39 0.218550
60 40 0.330252
60 41 0.425782
60 42 0.385791
60 43 0.380451
60 44 0.118177
60 45 0.230129
60 46 0.406742
60 47 0.414347
60 48 0.213017
60 49 0.423767
60 50 0.395514
61 0 0.341989
61 1 0.322009
61 2 0.339132
61 3 0.309101
61 4 0.270498
61 5 0.321527
61 6 0.344004
61 7 0.357537
61 8 0.154945
61 9 0.144006
61 10 0.124513
61 11 0.136168
61 12 0.143079
61 13 0.133289
61 14 0.135827
61 15 0.306122
61 16 0.354047
61 17 0.417208
61 18 0.308914
61 19 0.331349
61 20 0.358998
61 21 0.413078
61 22 0.360348
61 23 0.373264
61 24 0.368370
61 25 0.372160
61 26 0.356876
61 27 0.366882
61 28 0.118983
61 29 0.142698
61 30 0.135685
61 31 0.114378
61 32 0.132928
61 33 0.143938
61 34 0.345995
61 35 0.373204
61 36 0.311853
61 37 0.359202
61 38 0.376840
61 39 0.358423
61 40 0.294237
61 41 0.417064
61 42 0.400872
61 43 0.355421
61 44 0.112187
61 45 0.318877
61 46 0.357271
61 47 0.379384
61 48 0.358775
61 49 0.413259
61 50 0.397473
62 0 0.189625
62 1 0.169271
62 2 0.247388
62 3 0.167452
62 4 0.222362
62 5 0.118512
62 6 0.303078
62 7 0.241283
62 8 0.131814
62 9 0.147933
62 10 0.141110
62 11 0.136815
62 12 0.129409
62 13 0.148841
62 14 0.140625
62 15 0.261998
62 16 0.298370
62 17 0.365850
62 18 0.331548
62 19 0.267651
62 20 0.252500
62 21 0.269444
62 22 0.347358
62 23 0.362288
62 24 0.356480
62 25 0.344163
62 26 0.340866
62 27 0.336034
62 28 0.139271
62 29 0.147727
62 30 0.145726
62 31 0.138433
62 32 0.149461
62 33 0.127275
62 34 0.309326
62 35 0.297298
62 36 0.224278
62 37 0.316915
62 38 0.351151
62 39 0.339313
62 40 0.218692
62 41 0.320134
62 42 0.351939
62 43 0.300636
62 44 0.147055
62 45 0.231118
62 46 0.324687
62 47 0.348651
62 48 0.347966
62 49 0.325416
62 50 0.356673
63 0 0.319964
63 1 0.302239
63 2 0.255366
63 3 0.265183
63 4 0.256518
63 5 0.221062
63 6 0.315858
63 7 0.262045
63 8 0.136477
63 9 0.080410
63 10 0.148592
63 11 0.140788
63 12 0.153450
63 13 0.135056
63 14 0.146122
63 15 0.259336
63 16 0.227784
63 17 0.347956
63 18 0.298382
63 19 0.381049
63 20 0.344962
63 21 0.345660
63 22 0.329841
63 23 0.365490
63 24 0.327769
63 25 0.324629
63 26 0.329700
63 27 0.326622
63 28 0.135224
63 29 0.124597
63 30 0.141310
63 31 0.127138
63 32 0.118948
63 33 0.105747
63 34 0.254299
63 35 0.269138
63 36 0.361132
63 37 0.390855
63 38 0.359076
63 39 0.362792
63 40 0.318704
63 41 0.418874
63 42 0.320217
63 43 0.228278
63 44 0.124019
63 45 0.356932
63 46 0.398695
63 47 0.350175
63 48 0.360088
63 49 0.409191
63 50 0.324133
64 0 0.332745
64 1 0.253168
64 2 0.469175
64 3 0.239735
64 4 0.317057
64 5 0.253638
64 6 0.366172
64 7 0.366468
64 8 0.140607
64 9 0.119206
64 10 0.140395
64 11 0.118372
64 12 0.118593
64 13 0.120520
64 14 0.138251
64 15 0.372447
64 16 0.395165
64 17 0.350873
64 18 0.442440
64 19 0.384401
64 20 0.423701
64 21 0.380302
64 22 0.347514
64 23 0.383664
64 24 0.363389
64 25 0.327122
64 26 0.314222
64 27 0.359868
64 28 0.132034
64 29 0.142456
64 30 0.139183
64 31 0.153752
64 32 0.138220
64 33 0.150705
64 34 0.377478
64 35 0.294603
64 36 0.296928
64 37 0.450445
64 38 0.363865
64 39 0.397717
64 40 0.311874
64 41 0.413769
64 42 0.402595
64 43 0.390173
64 44 0.151599
64 45 0.283035
64 46 0.462215
64 47 0.365636
64 48 0.402449
64 49 0.399050
64 50 0.395507
65 0 0.306229
65 1 0.264769
65 2 0.293920
65 3 0.180584
65 4 0.325728
65 5 0.192922
65 6 0.351820
65 7 0.287174
65 8 0.137592
65 9 0.155189
65 10 0.142244
65 11 0.148135
65 12 0.138205
65 13 0.144330
65 14 0.156660
65 15 0.324159
65 16 0.250685
65 17 0.331080
65 18 0.287915
65 19 0.368206
65 20 0.263575
65 21 0.390229
65 22 0.178561
65 23 0.228390
65 24 0.290344
65 25 0.215769
65 26 0.214587
65 27 0.221791
65 28 0.138280
65 29 0.148692
65 30 0.134762
65 31 0.145487
65 32 0.154125
65 33 0.162020
65 34 0.255719
65 35 0.228798
65 36 0.255981
65 37 0.324082
65 38 0.230894
65 39 0.265228
65 40 0.356148
65 41 0.344858
65 42 0.183803
65 43 0.247659
65 44 0.151085
65 45 0.249006
65 46 0.322088
65 47 0.230594
65 48 0.265208
65 49 0.346886
65 50 0.268337
66 0 0.199912
66 1 0.184864
66 2 0.303490
66 3 0.298848
66 4 0.212751
66 5 0.312997
66 6 0.275681
66 7 0.275308
66 8 0.099375
66 9 0.126096
66 10 0.112392
66 11 0.107083
66 12 0.138200
66 13 0.113610
66 14 0.111769
66 15 0.256460
66 16 0.251037
66 17 0.324991
66 18 0.243761
66 19 0.234566
66 20 0.188244
66 21 0.245914
66 22 0.325712
66 23 0.388872
66 24 0.327697
66 25 0.327988
66 26 0.330876
66 27 0.319769
66 28 0.150963
66 29 0.144276
66 30 0.092589
66 31 0.122561
66 32 0.141476
66 33 0.127519
66 34 0.357185
66 35 0.294439
66 36 0.277735
66 37 0.328600
66 38 0.394265
66 39 0.324230
66 40 0.294754
66 41 0.277839
66 42 0.332026
66 43 0.252694
66 44 0.122570
66 45 0.278227
66 46 0.331755
66 47 0.374061
66 48 0.329256
66 49 0.280094
66 50 0.334230
67 0 0.353587
67 1 0.342674
67 2 0.411383
67 3 0.285458
67 4 0.395191
67 5 0.306598
67 6 0.428893
67 7 0.355277
67 8 0.167727
67 9 0.165628
67 10 0.133106
67 11 0.151658
67 12 0.165834
67 13 0.166408
67 14 0.168473
67 15 0.345377
67 16 0.422224
67 17 0.396294
67 18 0.362105
67 19 0.305151
67 20 0.412442
67 21 0.320169
67 22 0.442534
67 23 0.449284
67 24 0.439427
67 25 0.437975
67 26 0.436564
67 27 0.436823
67 28 0.161817
67 29 0.169977
67 30 0.161910
67 31 0.132238
67 32 0.160810
67 33 0.189935
67 34 0.423155
67 35 0.342807
67 36 0.338757
67 37 0.437289
67 38 0.380814
67 39 0.379148
67 40 0.282697
67 41 0.292150
67 42 0.421258
67 43 0.413529
67 44 0.137394
67 45 0.341821
67 46 0.439325
67 47 0.385669
67 48 0.379901
67 49 0.289941
67 50 0.424560
68 0 0.344127
68 1 0.359844
68 2 0.268811
68 3 0.358274
68 4 0.313252
68 5 0.366264
68 6 0.265972
68 7 0.356702
68 8 0.118710
68 9 0.157006
68 10 0.128895
68 11 0.121880
68 12 0.159920
68 13 0.125874
68 14 0.160634
68 15 0.311982
68 16 0.419668
68 17 0.316388
68 18 0.433185
68 19 0.257870
68 20 0.275122
68 21 0.265082
68 22 0.243477
68 23 0.269010
68 24 0.237490
68 25 0.239409
68 26 0.238564
68 27 0.244918
68 28 0.167716
68 29 0.164019
68 30 0.148532
68 31 0.147400
68 32 0.156969
68 33 0.166403
68 34 0.203902
68 35 0.182975
68 36 0.329369
68 37 0.299125
68 38 0.360785
68 39 0.376874
68 40 0.392394
68 41 0.400217
68 42 0.267299
68 43 0.420376
68 44 0.147112
68 45 0.324258
68 46 0.309401
68 47 0.353298
68 48 0.376022
68 49 0.391574
68 50 0.254484
69 0 0.337086
69 1 0.335286
69 2 0.392432
69 3 0.338933
69 4 0.213862
69 5 0.344546
69 6 0.352336
69 7 0.214023
69 8 0.147009
69 9 0.171906
69 10 0.140484
69 11 0.174631
69 12 0.165717
69 13 0.138558
69 14 0.127278
69 15 0.337430
69 16 0.397498
69 17 0.138806
69 18 0.349416
69 19 0.362043
69 20 0.303136
69 21 0.401530
69 22 0.320734
69 23 0.367539
69 24 0.335240
69 25 0.328657
69 26 0.318670
69 27 0.320867
69 28 0.131484
69 29 0.175217
69 30 0.141598
69 31 0.151462
69 32 0.168330
69 33 0.165157
69 34 0.353433
69 35 0.351431
69 36 0.275643
69 37 0.371754
69 38 0.274760
69 39 0.233190
69 40 0.242313
69 41 0.262885
69 42 0.373903
69 43 0.398049
69 44 0.152501
69 45 0.284005
69 46 0.379712
69 47 0.279462
69 48 0.228955
69 49 0.264255
69 50 0.376246
70 0 0.412218
70 1 0.407816
70 2 0.350891
70 3 0.348540
70 4 0.310788
70 5 0.364152
70 6 0.338027
70 7 0.352705
70 8 0.175224
70 9 0.182939
70 10 0.180879
70 11 0.174521
70 12 0.132332
70 13 0.157221
70 14 0.168375
70 15 0.437392
70 16 0.404733
70 17 0.466946
70 18 0.439511
70 19 0.341939
70 20 0.490118
70 21 0.330250
70 22 0.484043
70 23 0.455842
70 24 0.388078
70 25 0.387291
70 26 0.377349
70 27 0.403143
70 28 0.123749
70 29 0.167876
70 30 0.165030
70 31 0.142230
70 32 0.145567
70 33 0.163025
70 34 0.463587
70 35 0.439933
70 36 0.290608
70 37 0.394049
70 38 0.406070
70 39 0.444753
70 40 0.335403
70 41 0.439461
70 42 0.362475
70 43 0.402874
70 44 0.139961
70 45 0.286046
70 46 0.394781
70 47 0.403976
70 48 0.443415
70 49 0.437187
70 50 0.366034
71 0 0.393652
71 1 0.383804
71 2 0.389645
71 3 0.374684
71 4 0.476503
71 5 0.380260
71 6 0.497849
71 7 0.468319
71 8 0.150216
71 9 0.188184
71 10 0.176807
71 11 0.178053
71 12 0.175967
71 13 0.174072
71 14 0.177396
71 15 0.374626
71 16 0.417868
71 17 0.451716
71 18 0.457992
71 19 0.409312
71 20 0.306563
71 21 0.387382
71 22 0.414915
71 23 0.381209
71 24 0.405944
71 25 0.412549
71 26 0.405037
71 27 0.406063
71 28 0.124480
71 29 0.125918
71 30 0.173103
71 31 0.181655
71 32 0.145151
71 33 0.195158
71 34 0.438960
71 35 0.405337
71 36 0.432470
71 37 0.408863
71 38 0.266076
71 39 0.390247
71 40 0.399032
71 41 0.467685
71 42 0.383825
71 43 0.416633
71 44 0.181729
71 45 0.426706
71 46 0.406143
71 47 0.263558
71 48 0.395643
71 49 0.478959
71 50 0.386292
72 0 0.241518
72 1 0.296346
72 2 0.225177
72 3 0.203927
72 4 0.346746
72 5 0.204615
72 6 0.388632
72 7 0.349130
72 8 0.146776
72 9 0.182331
72 10 0.157240
72 11 0.164498
72 12 0.149602
72 13 0.156482
72 14 0.147161
72 15 0.258274
72 16 0.331742
72 17 0.266918
72 18 0.343852
72 19 0.392166
72 20 0.093254
72 21 0.406192
72 22 0.250261
72 23 0.348449
72 24 0.261440
72 25 0.248863
72 26 0.257509
72 27 0.249671
72 28 0.165566
72 29 0.165777
72 30 0.153575
72 31 0.160622
72 32 0.164636
72 33 0.171685
72 34 0.357106
72 35 0.233166
72 36 0.350391
72 37 0.365117
72 38 0.339198
72 39 0.236175
72 40 0.360101
72 41 0.379930
72 42 0.316039
72 43 0.322510
72 44 0.159532
72 45 0.349287
72 46 0.366582
72 47 0.337437
72 48 0.236658
72 49 0.380866
72 50 0.315408
73 0 0.398895
73 1 0.450751
73 2 0.414096
73 3 0.442379
73 4 0.556107
73 5 0.423817
73 6 0.489719
73 7 0.464521
73 8 0.164734
73 9 0.180625
73 10 0.164047
73 11 0.202913
73 12 0.192173
73 13 0.181141
73 14 0.195508
73 15 0.536554
73 16 0.408863
73 17 0.464396
73 18 0.425429
73 19 0.535661
73 20 0.541610
73 21 0.408585
73 22 0.546879
73 23 0.558100
73 24 0.520772
73 25 0.395507
73 26 0.397312
73 27 0.463692
73 28 0.181129
73 29 0.171214
73 30 0.159738
73 31 0.159546
73 32 0.177696
73 33 0.192478
73 34 0.506375
73 35 0.401554
73 36 0.337863
73 37 0.467528
73 38 0.542902
73 39 0.397252
73 40 0.449602
73 41 0.477440
73 42 0.258716
73 43 0.415059
73 44 0.156728
73 45 0.346233
73 46 0.458657
73 47 0.533487
73 48 0.398775
73 49 0.488162
73 50 0.254699
74 0 0.437875
74 1 0.398755
74 2 0.343605
74 3 0.407533
74 4 0.392709
74 5 0.419326
74 6 0.400996
74 7 0.355727
74 8 0.171102
74 9 0.162879
74 10 0.158203
74 11 0.125873
74 12 0.161282
74 13 0.195724
74 14 0.206476
74 15 0.329386
74 16 0.253540
74 17 0.407022
74 18 0.267609
74 19 0.314430
74 20 0.422390
74 21 0.382039
74 22 0.359131
74 23 0.426092
74 24 0.512204
74 25 0.364447
74 26 0.356598
74 27 0.348499
74 28 0.203007
74 29 0.188450
74 30 0.175286
74 31 0.196057
74 32 0.190700
74 33 0.129077
74 34 0.343077
74 35 0.521155
74 36 0.512622
74 37 0.296360
74 38 0.379215
74 39 0.438294
74 40 0.409800
74 41 0.562243
74 42 0.304212
74 43 0.259845
74 44 0.199450
74 45 0.516200
74 46 0.312619
74 47 0.374927
74 48 0.421236
74 49 0.556557
74 50 0.305170
75 0 0.500307
75 1 0.426122
75 2 0.530640
75 3 0.452929
75 4 0.624251
75 5 0.360151
75 6 0.549318
75 7 0.587921
75 8 0.226655
75 9 0.176506
75 10 0.192768
75 11 0.203914
75 12 0.135411
75 13 0.139757
75 14 0.215970
75 15 0.533134
75 16 0.555786
75 17 0.453768
75 18 0.525692
75 19 0.515642
75 20 0.561111
75 21 0.552892
75 22 0.577606
75 23 0.536700
75 24 0.518700
75 25 0.566874
75 26 0.569993
75 27 0.560623
75 28 0.189193
75 29 0.149657
75 30 0.214502
75 31 0.161951
75 32 0.155895
75 33 0.230334
75 34 0.501338
75 35 0.502043
75 36 0.500848
75 37 0.512471
75 38 0.574015
75 39 0.533607
75 40 0.463469
75 41 0.476303
75 42 0.582912
75 43 0.550012
75 44 0.159408
75 45 0.491108
75 46 0.493250
75 47 0.574604
75 48 0.533382
75 49 0.494828
75 50 0.562526
76 0 0.474050
76 1 0.467426
76 2 0.516972
76 3 0.451714
76 4 0.547132
76 5 0.439609
76 6 0.504763
76 7 0.478942
76 8 0.233522
76 9 0.221902
76 10 0.201930
76 11 0.182716
76 12 0.237997
76 13 0.229455
76 14 0.206451
76 15 0.440556
76 16 0.608200
76 17 0.592933
76 18 0.555450
76 19 0.565334
76 20 0.714604
76 21 0.577697
76 22 0.544759
76 23 0.615648
76 24 0.641950
76 25 0.627275
76 26 0.620775
76 27 0.683027
76 28 0.142628
76 29 0.214183
76 30 0.213292
76 31 0.165574
76 32 0.232042
76 33 0.265221
76 34 0.558988
76 35 0.563410
76 36 0.611625
76 37 0.578702
76 38 0.550103
76 39 0.669936
76 40 0.510254
76 41 0.595700
76 42 0.666115
76 43 0.613533
76 44 0.176516
76 45 0.609495
76 46 0.567213
76 47 0.533582
76 48 0.668868
76 49 0.599561
76 50 0.646616
77 0 0.606602
77 1 0.508358
77 2 0.607940
77 3 0.472227
77 4 0.694665
77 5 0.482317
77 6 0.698235
77 7 0.612749
77 8 0.212373
77 9 0.224491
77 10 0.202815
77 11 0.211216
77 12 0.208823
77 13 0.225341
77 14 0.217349
77 15 0.567355
77 16 0.573290
77 17 0.554706
77 18 0.661561
77 19 0.524044
77 20 0.736804
77 21 0.540621
77 22 0.699955
77 23 0.537578
77 24 0.456392
77 25 0.549214
77 26 0.567890
77 27 0.463354
77 28 0.208547
77 29 0.216690
77 30 0.218528
77 31 0.202780
77 32 0.212648
77 33 0.261848
77 34 0.592032
77 35 0.377127
77 36 0.378203
77 37 0.349839
77 38 0.435840
77 39 0.591335
77 40 0.513543
77 41 0.531570
77 42 0.431841
77 43 0.560673
77 44 0.206247
77 45 0.384182
77 46 0.348167
77 47 0.441403
77 48 0.591061
77 49 0.536263
77 50 0.448600
78 0 0.378990
78 1 0.342771
78 2 0.532613
78 3 0.278022
78 4 0.583047
78 5 0.470845
78 6 0.454234
78 7 0.609137
78 8 0.219583
78 9 0.143167
78 10 0.196988
78 11 0.223465
78 12 0.226884
78 13 0.173442
78 14 0.198351
78 15 0.594909
78 16 0.492237
78 17 0.460615
78 18 0.466578
78 19 0.499700
78 20 0.188515
78 21 0.469557
78 22 0.252648
78 23 0.550678
78 24 0.253530
78 25 0.261924
78 26 0.372582
78 27 0.255349
78 28 0.190390
78 29 0.191599
78 30 0.235845
78 31 0.195847
78 32 0.138361
78 33 0.217958
78 34 0.329876
78 35 0.582228
78 36 0.493798
78 37 0.448628
78 38 0.620203
78 39 0.422188
78 40 0.553573
78 41 0.656065
78 42 0.593776
78 43 0.491852
78 44 0.109719
78 45 0.492081
78 46 0.454230
78 47 0.609701
78 48 0.419141
78 49 0.653942
78 50 0.595809
79 0 0.574071
79 1 0.493756
79 2 0.543540
79 3 0.474083
79 4 0.580338
79 5 0.553411
79 6 0.437159
79 7 0.561559
79 8 0.216198
79 9 0.220345
79 10 0.214843
79 11 0.224888
79 12 0.231990
79 13 0.231192
79 14 0.199080
79 15 0.545311
79 16 0.572858
79 17 0.613834
79 18 0.598853
79 19 0.619367
79 20 0.580685
79 21 0.477472
79 22 0.357076
79 23 0.471571
79 24 0.337071
79 25 0.572862
79 26 0.561712
79 27 0.344895
79 28 0.216255
79 29 0.239505
79 30 0.226028
79 31 0.210557
79 32 0.235992
79 33 0.207378
79 34 0.457806
79 35 0.525496
79 36 0.431464
79 37 0.501843
79 38 0.498546
79 39 0.561906
79 40 0.385869
79 41 0.531905
79 42 0.527131
79 43 0.564005
79 44 0.215949
79 45 0.422861
79 46 0.502374
79 47 0.501773
79 48 0.576813
79 49 0.533546
79 50 0.526187
80 0 0.591190
80 1 0.602597
80 2 0.664822
80 3 0.618714
80 4 0.561596
80 5 0.643652
80 6 0.784330
80 7 0.615613
80 8 0.214843
80 9 0.249041
80 10 0.223465
80 11 0.270081
80 12 0.244064
80 13 0.242371
80 14 0.221639
80 15 0.623875
80 16 0.546417
80 17 0.574983
80 18 0.561915
80 19 0.573524
80 20 0.682963
80 21 0.607533
80 22 0.754413
80 23 0.780306
80 24 0.728052
80 25 0.553016
80 26 0.559287
80 27 0.621884
80 28 0.222129
80 29 0.250657
80 30 0.251136
80 31 0.210765
80 32 0.258069
80 33 0.253367
80 34 0.738309
80 35 0.559456
80 36 0.769493
80 37 0.709059
80 38 0.636967
80 39 0.521920
80 40 0.584792
80 41 0.836576
80 42 0.640791
80 43 0.537359
80 44 0.209988
80 45 0.782067
80 46 0.711810
80 47 0.643988
80 48 0.526940
80 49 0.806417
80 50 0.635530
81 0 0.444036
81 1 0.424259
81 2 0.563870
81 3 0.294175
81 4 0.549026
81 5 0.383083
81 6 0.647540
81 7 0.558119
81 8 0.196890
81 9 0.193013
81 10 0.185401
81 11 0.216879
81 12 0.198434
81 13 0.189821
81 14 0.212916
81 15 0.589680
81 16 0.546298
81 17 0.546561
81 18 0.575667
81 19 0.473456
81 20 0.504298
81 21 0.640641
81 22 0.585084
81 23 0.529689
81 24 0.604647
81 25 0.586562
81 26 0.591691
81 27 0.606101
81 28 0.210488
81 29 0.153976
81 30 0.161164
81 31 0.192297
81 32 0.184222
81 33 0.236976
81 34 0.612872
81 35 0.490770
81 36 0.551917
81 37 0.565946
81 38 0.426561
81 39 0.748567
81 40 0.543204
81 41 0.668176
81 42 0.520236
81 43 0.555847
81 44 0.192494
81 45 0.551527
81 46 0.556352
81 47 0.432615
81 48 0.782254
81 49 0.659441
81 50 0.516781
82 0 0.398564
82 1 0.420631
82 2 0.625959
82 3 0.431891
82 4 0.578460
82 5 0.549757
82 6 0.482533
82 7 0.587176
82 8 0.229130
82 9 0.220849
82 10 0.220822
82 11 0.203446
82 12 0.220978
82 13 0.225687
82 14 0.227880
82 15 0.577507
82 16 0.586704
82 17 0.593267
82 18 0.592916
82 19 0.544135
82 20 0.583138
82 21 0.450941
82 22 0.513483
82 23 0.548986
82 24 0.456173
82 25 0.601830
82 26 0.677158
82 27 0.468899
82 28 0.221652
82 29 0.215479
82 30 0.224097
82 31 0.238018
82 32 0.219685
82 33 0.225566
82 34 0.497210
82 35 0.619493
82 36 0.485004
82 37 0.686318
82 38 0.466938
82 39 0.662037
82 40 0.465820
82 41 0.674935
82 42 0.647445
82 43 0.592490
82 44 0.228054
82 45 0.485951
82 46 0.675014
82 47 0.464891
82 48 0.649979
82 49 0.674788
82 50 0.660752
83 0 0.446404
83 1 0.433782
83 2 0.452280
83 3 0.367741
83 4 0.465827
83 5 0.342522
83 6 0.571053
83 7 0.387841
83 8 0.206132
83 9 0.133592
83 10 0.208177
83 11 0.220430
83 12 0.203629
83 13 0.213566
83 14 0.201348
83 15 0.503676
83 16 0.407961
83 17 0.572412
83 18 0.422460
83 19 0.431368
83 20 0.428534
83 21 0.534645
83 22 0.525889
83 23 0.538781
83 24 0.528904
83 25 0.526502
83 26 0.522780
83 27 0.524395
83 28 0.220930
83 29 0.219881
83 30 0.202596
83 31 0.210986
83 32 0.213189
83 33 0.235901
83 34 0.487028
83 35 0.554729
83 36 0.460164
83 37 0.608061
83 38 0.608857
83 39 0.461354
83 40 0.465400
83 41 0.401833
83 42 0.468274
83 43 0.409161
83 44 0.212056
83 45 0.461635
83 46 0.613929
83 47 0.606307
83 48 0.459221
83 49 0.408660
83 50 0.468425
84 0 0.565623
84 1 0.572809
84 2 0.617580
84 3 0.593237
84 4 0.699091
84 5 0.505736
84 6 0.600982
84 7 0.618726
84 8 0.203444
84 9 0.179849
84 10 0.212270
84 11 0.211944
84 12 0.212141
84 13 0.220037
84 14 0.219118
84 15 0.612688
84 16 0.611279
84 17 0.524338
84 18 0.616572
84 19 0.556025
84 20 0.535866
84 21 0.568513
84 22 0.493336
84 23 0.455681
84 24 0.482433
84 25 0.494575
84 26 0.484085
84 27 0.483234
84 28 0.203395
84 29 0.222990
84 30 0.212624
84 31 0.219173
84 32 0.216726
84 33 0.249309
84 34 0.506786
84 35 0.622340
84 36 0.504756
84 37 0.534089
84 38 0.401457
84 39 0.476744
84 40 0.576615
84 41 0.502385
84 42 0.549830
84 43 0.611646
84 44 0.221359
84 45 0.507683
84 46 0.531219
84 47 0.406001
84 48 0.476480
84 49 0.505355
84 50 0.550820
85 0 0.606020
85 1 0.399067
85 2 0.656253
85 3 0.320936
85 4 0.549277
85 5 0.415110
85 6 0.433882
85 7 0.565511
85 8 0.195990
85 9 0.220511
85 10 0.210942
85 11 0.213985
85 12 0.216060
85 13 0.233474
85 14 0.196596
85 15 0.561740
85 16 0.658656
85 17 0.587707
85 18 0.663998
85 19 0.577792
85 20 0.580031
85 21 0.673652
85 22 0.362529
85 23 0.505396
85 24 0.336772
85 25 0.552371
85 26 0.552520
85 27 0.402187
85 28 0.202227
85 29 0.220908
85 30 0.197340
85 31 0.224545
85 32 0.206578
85 33 0.249442
85 34 0.437545
85 35 0.612204
85 36 0.508771
85 37 0.567205
85 38 0.546644
85 39 0.676106
85 40 0.504337
85 41 0.690994
85 42 0.642964
85 43 0.657694
85 44 0.230566
85 45 0.511882
85 46 0.568650
85 47 0.545820
85 48 0.651894
85 49 0.687187
85 50 0.644599
86 0 0.612470
86 1 0.607804
86 2 0.701476
86 3 0.624985
86 4 0.643092
86 5 0.632330
86 6 0.625049
86 7 0.654639
86 8 0.229494
86 9 0.201208
86 10 0.201395
86 11 0.197043
86 12 0.228647
86 13 0.236300
86 14 0.233128
86 15 0.579915
86 16 0.672010
86 17 0.682722
86 18 0.687230
86 19 0.672244
86 20 0.539054
86 21 0.538176
86 22 0.705730
86 23 0.713718
86 24 0.681923
86 25 0.670486
86 26 0.677810
86 27 0.599066
86 28 0.236475
86 29 0.222327
86 30 0.224478
86 31 0.220450
86 32 0.199132
86 33 0.232170
86 34 0.717238
86 35 0.551161
86 36 0.457548
86 37 0.427804
86 38 0.605992
86 39 0.671108
86 40 0.624383
86 41 0.685335
86 42 0.780168
86 43 0.672665
86 44 0.221774
86 45 0.466949
86 46 0.442430
86 47 0.597572
86 48 0.666273
86 49 0.682499
86 50 0.779252
87 0 0.606834
87 1 0.565701
87 2 0.588243
87 3 0.577418
87 4 0.613368
87 5 0.629236
87 6 0.520730
87 7 0.593399
87 8 0.222488
87 9 0.187808
87 10 0.226042
87 11 0.232970
87 12 0.221515
87 13 0.222017
87 14 0.208595
87 15 0.505523
87 16 0.650228
87 17 0.608058
87 18 0.652491
87 19 0.480630
87 20 0.747717
87 21 0.458019
87 22 0.441649
87 23 0.607165
87 24 0.443291
87 25 0.444983
87 26 0.440566
87 27 0.445528
87 28 0.157678
87 29 0.167202
87 30 0.216041
87 31 0.195149
87 32 0.165912
87 33 0.213378
87 34 0.443900
87 35 0.518526
87 36 0.485623
87 37 0.453514
87 38 0.487656
87 39 0.597390
87 40 0.385129
87 41 0.602428
87 42 0.595483
87 43 0.652166
87 44 0.197427
87 45 0.491407
87 46 0.464322
87 47 0.476980
87 48 0.597571
87 49 0.596156
87 50 0.583390
88 0 0.629144
88 1 0.518088
88 2 0.526977
88 3 0.518813
88 4 0.557540
88 5 0.525897
88 6 0.758158
88 7 0.629132
88 8 0.229290
88 9 0.233278
88 10 0.228179
88 11 0.223094
88 12 0.232140
88 13 0.229278
88 14 0.222418
88 15 0.640868
88 16 0.585175
88 17 0.757577
88 18 0.543321
88 19 0.706578
88 20 0.792320
88 21 0.701505
88 22 0.780605
88 23 0.806340
88 24 0.781136
88 25 0.794270
88 26 0.788367
88 27 0.786724
88 28 0.214826
88 29 0.248359
88 30 0.225904
88 31 0.208178
88 32 0.226583
88 33 0.273112
88 34 0.730870
88 35 0.696285
88 36 0.773698
88 37 0.806614
88 38 0.785213
88 39 0.791141
88 40 0.520306
88 41 0.769745
88 42 0.657769
88 43 0.583730
88 44 0.212202
88 45 0.780135
88 46 0.805744
88 47 0.781423
88 48 0.795643
88 49 0.766523
88 50 0.661877
89 0 0.666328
89 1 0.540773
89 2 0.757961
89 3 0.469065
89 4 0.737386
89 5 0.579433
89 6 0.773836
89 7 0.740649
89 8 0.255825
89 9 0.259300
89 10 0.247608
89 11 0.236888
89 12 0.259819
89 13 0.273012
89 14 0.247902
89 15 0.741657
89 16 0.737529
89 17 0.782352
89 18 0.777875
89 19 0.859408
89 20 0.653686
89 21 0.745575
89 22 0.622736
89 23 0.832054
89 24 0.756074
89 25 0.779801
89 26 0.754664
89 27 0.741487
89 28 0.244182
89 29 0.234875
89 30 0.265800
89 31 0.236686
89 32 0.245530
89 33 0.253453
89 34 0.645165
89 35 0.588870
89 36 0.707282
89 37 0.868270
89 38 0.759177
89 39 0.877589
89 40 0.673386
89 41 0.762009
89 42 0.751019
89 43 0.734586
89 44 0.243577
89 45 0.698586
89 46 0.892713
89 47 0.769938
89 48 0.883497
89 49 0.765080
89 50 0.751806
90 0 0.582933
90 1 0.546296
90 2 0.684838
90 3 0.396203
90 4 0.674733
90 5 0.394140
90 6 0.656259
90 7 0.598267
90 8 0.270851
90 9 0.270157
90 10 0.221119
90 11 0.193018
90 12 0.239791
90 13 0.194604
90 14 0.170171
90 15 0.695639
90 16 0.344017
90 17 0.532860
90 18 0.345620
90 19 0.550892
90 20 0.370840
90 21 0.525898
90 22 0.596276
90 23 0.735632
90 24 0.595762
90 25 0.589152
90 26 0.583009
90 27 0.568361
90 28 0.232591
90 29 0.256116
90 30 0.265483
90 31 0.231733
90 32 0.261119
90 33 0.207007
90 34 0.595511
90 35 0.557030
90 36 0.471881
90 37 0.596933
90 38 0.435815
90 39 0.722815
90 40 0.518048
90 41 0.684520
90 42 0.634900
90 43 0.352780
90 44 0.224771
90 45 0.480395
90 46 0.578824
90 47 0.426216
90 48 0.708147
90 49 0.670590
90 50 0.640204
91 0 0.620339
91 1 0.515668
91 2 0.599960
91 3 0.529009
91 4 0.638246
91 5 0.479572
91 6 0.683271
91 7 0.499924
91 8 0.221559
91 9 0.242134
91 10 0.260753
91 11 0.258182
91 12 0.231984
91 13 0.262667
91 14 0.257481
91 15 0.507688
91 16 0.563840
91 17 0.595734
91 18 0.556241
91 19 0.529290
91 20 0.599349
91 21 0.576122
91 22 0.517594
91 23 0.528168
91 24 0.597140
91 25 0.855929
91 26 0.856681
91 27 0.731840
91 28 0.185357
91 29 0.224738
91 30 0.245967
91 31 0.249282
91 32 0.223209
91 33 0.267302
91 34 0.589848
91 35 0.396864
91 36 0.689301
91 37 0.508098
91 38 0.551255
91 39 0.744110
91 40 0.585614
91 41 0.658602
91 42 0.675672
91 43 0.563066
91 44 0.247344
91 45 0.686188
91 46 0.506659
91 47 0.529877
91 48 0.739738
91 49 0.655384
91 50 0.654355
92 0 0.722085
92 1 0.727463
92 2 0.559243
92 3 0.606968
92 4 0.697639
92 5 0.762412
92 6 0.720529
92 7 0.751662
92 8 0.271602
92 9 0.216489
92 10 0.266512
92 11 0.264247
92 12 0.274958
92 13 0.269805
92 14 0.268478
92 15 0.693860
92 16 0.666604
92 17 0.747120
92 18 0.732594
92 19 0.419806
92 20 0.898969
92 21 0.305068
92 22 0.756011
92 23 0.905380
92 24 0.753256
92 25 0.748976
92 26 0.749746
92 27 0.754839
92 28 0.320889
92 29 0.285000
92 30 0.267761
92 31 0.246814
92 32 0.248678
92 33 0.344572
92 34 0.814948
92 35 0.771848
92 36 0.719295
92 37 0.788135
92 38 0.825237
92 39 0.860555
92 40 0.598631
92 41 0.709478
92 42 0.580346
92 43 0.662429
92 44 0.245377
92 45 0.722568
92 46 0.782336
92 47 0.826758
92 48 0.870812
92 49 0.707807
92 50 0.577882
93 0 0.750581
93 1 0.760594
93 2 0.819557
93 3 0.783451
93 4 0.719217
93 5 0.802253
93 6 1.022764
93 7 0.745571
93 8 0.310415
93 9 0.323147
93 10 0.322356
93 11 0.311695
93 12 0.301985
93 13 0.303486
93 14 0.312358
93 15 0.813374
93 16 0.826712
93 17 0.824180
93 18 0.854291
93 19 0.238536
93 20 0.557116
93 21 0.254742
93 22 0.920468
93 23 0.977446
93 24 0.916689
93 25 0.915356
93 26 0.917846
93 27 0.915448
93 28 0.293965
93 29 0.290286
93 30 0.293482
93 31 0.261378
93 32 0.278654
93 33 0.349388
93 34 0.849370
93 35 0.794713
93 36 0.858872
93 37 0.921148
93 38 0.889318
93 39 0.947959
93 40 0.750910
93 41 0.814114
93 42 0.867454
93 43 0.834758
93 44 0.260738
93 45 0.856163
93 46 0.921843
93 47 0.892997
93 48 0.951703
93 49 0.811915
93 50 0.866727
94 0 0.618642
94 1 0.637493
94 2 0.724365
94 3 0.638642
94 4 0.798265
94 5 0.762745
94 6 0.777577
94 7 0.628844
94 8 0.292405
94 9 0.298502
94 10 0.292088
94 11 0.289417
94 12 0.284522
94 13 0.257285
94 14 0.287202
94 15 0.807519
94 16 0.695541
94 17 0.691025
94 18 0.758926
94 19 0.794344
94 20 0.436834
94 21 0.838598
94 22 0.652353
94 23 0.676202
94 24 0.652106
94 25 0.666613
94 26 0.701444
94 27 0.652333
94 28 0.270655
94 29 0.284525
94 30 0.290636
94 31 0.280824
94 32 0.284784
94 33 0.368172
94 34 0.438733
94 35 0.494800
94 36 0.491194
94 37 0.768696
94 38 0.689864
94 39 0.883728
94 40 0.751080
94 41 1.060513
94 42 0.896285
94 43 0.696208
94 44 0.280062
94 45 0.494595
94 46 0.766996
94 47 0.695627
94 48 0.878536
94 49 1.078176
94 50 0.894331
95 0 0.614769
95 1 0.634985
95 2 0.719728
95 3 0.451317
95 4 0.671555
95 5 0.474157
95 6 0.719043
95 7 0.683082
95 8 0.284040
95 9 0.275637
95 10 0.250148
95 11 0.273085
95 12 0.272136
95 13 0.277809
95 14 0.266575
95 15 0.606075
95 16 0.508095
95 17 0.747772
95 18 0.606578
95 19 0.653015
95 20 0.697047
95 21 0.689995
95 22 0.666910
95 23 0.684559
95 24 0.679621
95 25 0.668301
95 26 0.666969
95 27 0.662903
95 28 0.274125
95 29 0.230089
95 30 0.272476
95 31 0.296305
95 32 0.217476
95 33 0.314980
95 34 0.616902
95 35 0.603731
95 36 0.650373
95 37 0.665958
95 38 0.694236
95 39 0.701123
95 40 0.616151
95 41 0.769299
95 42 0.722105
95 43 0.508200
95 44 0.288719
95 45 0.656777
95 46 0.671655
95 47 0.683875
95 48 0.700264
95 49 0.764702
95 50 0.726014
96 0 0.511957
96 1 0.642899
96 2 0.614664
96 3 0.560786
96 4 0.663050
96 5 0.488251
96 6 0.551927
96 7 0.511583
96 8 0.250905
96 9 0.279758
96 10 0.274579
96 11 0.265112
96 12 0.235418
96 13 0.290745
96 14 0.256010
96 15 0.640906
96 16 0.554838
96 17 0.611420
96 18 0.613204
96 19 0.783114
96 20 0.559641
96 21 0.784073
96 22 0.755274
96 23 0.597451
96 24 0.609895
96 25 0.654662
96 26 0.656924
96 27 0.737376
96 28 0.249547
96 29 0.264807
96 30 0.240309
96 31 0.271632
96 32 0.242619
96 33 0.285137
96 34 0.747102
96 35 0.581801
96 36 0.456056
96 37 0.635645
96 38 0.392476
96 39 0.597495
96 40 0.593214
96 41 0.790478
96 42 0.297017
96 43 0.549273
96 44 0.265598
96 45 0.457688
96 46 0.635208
96 47 0.390533
96 48 0.596011
96 49 0.791427
96 50 0.294142
97 0 0.549406
97 1 0.490990
97 2 0.752595
97 3 0.421776
97 4 0.647404
97 5 0.485002
97 6 0.560707
97 7 0.710584
97 8 0.289764
97 9 0.116201
97 10 0.279528
97 11 0.301592
97 12 0.289406
97 13 0.261549
97 14 0.265425
97 15 0.739487
97 16 0.699212
97 17 0.592936
97 18 0.718549
97 19 0.265650
97 20 0.497246
97 21 0.258279
97 22 0.639763
97 23 0.561205
97 24 0.463743
97 25 0.720200
97 26 0.717409
97 27 0.712058
97 28 0.261741
97 29 0.195742
97 30 0.294265
97 31 0.292788
97 32 0.215642
97 33 0.277820
97 34 0.680960
97 35 0.731291
97 36 0.555141
97 37 0.667560
97 38 0.709116
97 39 0.478672
97 40 0.617385
97 41 0.793986
97 42 0.764092
97 43 0.698071
97 44 0.291680
97 45 0.549965
97 46 0.672983
97 47 0.696783
97 48 0.476104
97 49 0.790840
97 50 0.762878
98 0 0.610541
98 1 0.622599
98 2 0.938154
98 3 0.676996
98 4 0.924647
98 5 0.747736
98 6 0.715265
98 7 0.987739
98 8 0.337729
98 9 0.301159
98 10 0.358385
98 11 0.374994
98 12 0.340568
98 13 0.368236
98 14 0.411761
98 15 1.044574
98 16 0.894206
98 17 0.739699
98 18 1.001275
98 19 0.944994
98 20 0.817701
98 21 1.007708
98 22 0.710896
98 23 0.799629
98 24 0.673520
98 25 0.922868
98 26 0.923900
98 27 0.707765
98 28 0.318853
98 29 0.365955
98 30 0.326787
98 31 0.330855
98 32 0.383312
98 33 0.483955
98 34 0.618772
98 35 0.687244
98 36 0.931405
98 37 1.063681
98 38 0.912821
98 39 1.046452
98 40 0.889880
98 41 1.095800
98 42 0.679055
98 43 0.893984
98 44 0.328954
98 45 0.915570
98 46 1.055469
98 47 0.933595
98 48 1.135310
98 49 1.060759
98 50 0.652829
99 0 0.887416
99 1 0.861638
99 2 1.019576
99 3 0.858364
99 4 0.893375
99 5 0.944887
99 6 1.079550
99 7 1.000586
99 8 0.349633
99 9 0.346440
99 10 0.349333
99 11 0.334370
99 12 0.324784
99 13 0.368859
99 14 0.346377
99 15 0.871465
99 16 0.802371
99 17 0.719305
99 18 0.863142
99 19 0.852685
99 20 0.609587
99 21 0.927243
99 22 0.892710
99 23 1.023397
99 24 0.759878
99 25 0.895109
99 26 0.964410
99 27 0.738033
99 28 0.362276
99 29 0.364410
99 30 0.329658
99 31 0.349092
99 32 0.343830
99 33 0.346580
99 34 0.856025
99 35 0.676176
99 36 0.926363
99 37 0.829951
99 38 0.632425
99 39 0.923839
99 40 0.864701
99 41 0.696512
99 42 0.775974
99 43 0.803077
99 44 0.349980
99 45 0.918520
99 46 0.828283
99 47 0.625299
99 48 0.917270
99 49 0.693299
99 50 0.774668
100 0 0.521866
100 1 0.530509
100 2 0.548466
100 3 0.439214
100 4 0.739997
100 5 0.496475
100 6 0.828321
100 7 0.680150
100 8 0.233867
100 9 0.194869
100 10 0.305444
100 11 0.266397
100 12 0.295241
100 13 0.255118
100 14 0.295224
100 15 0.793572
100 16 0.694268
100 17 0.713929
100 18 0.708710
100 19 0.621203
100 20 0.709590
100 21 0.604035
100 22 0.765309
100 23 0.682557
100 24 0.757411
100 25 0.542535
100 26 0.679029
100 27 0.625109
100 28 0.181376
100 29 0.171391
100 30 0.230433
100 31 0.176050
100 32 0.134210
100 33 0.250547
100 34 0.817766
100 35 0.718442
100 36 0.743201
100 37 0.917405
100 38 0.638034
100 39 0.538400
100 40 0.645855
100 41 0.651428
100 42 0.441241
100 43 0.693311
100 44 0.177876
100 45 0.758510
100 46 0.911094
100 47 0.638580
100 48 0.540111
100 49 0.639516
100 50 0.442110
101 0 0.506245
101 1 0.503472
101 2 0.662271
101 3 0.432068
101 4 0.703884
101 5 0.457285
101 6 0.659049
101 7 0.659574
101 8 0.257722
101 9 0.249110
101 10 0.275681
101 11 0.330576
101 12 0.289529
101 13 0.269059
101 14 0.294411
101 15 0.674844
101 16 0.623487
101 17 0.697989
101 18 0.696515
101 19 0.643422
101 20 0.397908
101 21 0.726060
101 22 0.772739
101 23 0.766972
101 24 0.714491
101 25 0.757115
101 26 0.761193
101 27 0.747463
101 28 0.248123
101 29 0.250059
101 30 0.262760
101 31 0.277960
101 32 0.291491
101 33 0.323602
101 34 0.802127
101 35 0.619040
101 36 0.422620
101 37 0.613276
101 38 0.670186
101 39 0.523698
101 40 0.477451
101 41 0.696945
101 42 0.601326
101 43 0.620403
101 44 0.275303
101 45 0.415779
101 46 0.618765
101 47 0.669465
101 48 0.521471
101 49 0.602196
101 50 0.609688
102 0 0.515232
102 1 0.525104
102 2 0.565134
102 3 0.509549
102 4 0.579485
102 5 0.534104
102 6 0.654365
102 7 0.565412
102 8 0.239206
102 9 0.250168
102 10 0.248557
102 11 0.251556
102 12 0.241813
102 13 0.247849
102 14 0.236998
102 15 0.580670
102 16 0.588066
102 17 0.503802
102 18 0.585782
102 19 0.645393
102 20 0.644563
102 21 0.675901
102 22 0.574730
102 23 0.602472
102 24 0.558348
102 25 0.573795
102 26 0.563482
102 27 0.562535
102 28 0.196021
102 29 0.240487
102 30 0.252145
102 31 0.244003
102 32 0.231413
102 33 0.287528
102 34 0.593354
102 35 0.589496
102 36 0.483545
102 37 0.600552
102 38 0.616191
102 39 0.640168
102 40 0.568623
102 41 0.562119
102 42 0.582398
102 43 0.599427
102 44 0.248297
102 45 0.488665
102 46 0.618356
102 47 0.625976
102 48 0.636291
102 49 0.605446
102 50 0.595420
103 0 0.610188
103 1 0.617114
103 2 0.635831
103 3 0.620455
103 4 0.579658
103 5 0.651864
103 6 0.602809
103 7 0.653086
103 8 0.274562
103 9 0.244593
103 10 0.233564
103 11 0.283387
103 12 0.261897
103 13 0.340552
103 14 0.257380
103 15 0.675188
103 16 0.547175
103 17 0.702029
103 18 0.590645
103 19 0.547170
103 20 0.516576
103 21 0.608915
103 22 0.732717
103 23 0.718835
103 24 0.713473
103 25 0.738115
103 26 0.732371
103 27 0.738895
103 28 0.232021
103 29 0.209873
103 30 0.257520
103 31 0.274526
103 32 0.219529
103 33 0.325679
103 34 0.749280
103 35 0.649366
103 36 0.476619
103 37 0.712824
103 38 0.842496
103 39 0.675683
103 40 0.647043
103 41 0.766995
103 42 0.750170
103 43 0.560459
103 44 0.284976
103 45 0.484625
103 46 0.700938
103 47 0.856072
103 48 0.667402
103 49 0.757889
103 50 0.741506
104 0 0.516757
104 1 0.564218
104 2 0.564279
104 3 0.603308
104 4 0.543602
104 5 0.572866
104 6 0.659067
104 7 0.644398
104 8 0.245697
104 9 0.219990
104 10 0.231652
104 11 0.243905
104 12 0.255839
104 13 0.259232
104 14 0.226143
104 15 0.630147
104 16 0.552161
104 17 0.633097
104 18 0.574091
104 19 0.637994
104 20 0.759269
104 21 0.650605
104 22 0.652182
104 23 0.624837
104 24 0.703241
104 25 0.664825
104 26 0.693340
104 27 0.682083
104 28 0.224980
104 29 0.278205
104 30 0.234621
104 31 0.261220
104 32 0.243916
104 33 0.285132
104 34 0.663739
104 35 0.643293
104 36 0.553633
104 37 0.652766
104 38 0.498538
104 39 0.592498
104 40 0.605142
104 41 0.674179
104 42 0.615718
104 43 0.577847
104 44 0.254176
104 45 0.546126
104 46 0.652863
104 47 0.514487
104 48 0.574116
104 49 0.682325
104 50 0.595087
105 0 0.441549
105 1 0.632510
105 2 0.730078
105 3 0.646267
105 4 0.741638
105 5 0.667520
105 6 0.627656
105 7 0.740741
105 8 0.254468
105 9 0.273696
105 10 0.239125
105 11 0.253535
105 12 0.248290
105 13 0.243545
105 14 0.261474
105 15 0.691444
105 16 0.712420
105 17 0.837718
105 18 0.697640
105 19 0.921739
105 20 0.853427
105 21 0.988688
105 22 0.828750
105 23 0.838936
105 24 0.768344
105 25 0.990310
105 26 0.970678
105 27 0.842687
105 28 0.268215
105 29 0.258800
105 30 0.240982
105 31 0.234068
105 32 0.260213
105 33 0.324500
105 34 0.809982
105 35 0.673888
105 36 0.617500
105 37 0.790513
105 38 0.779998
105 39 0.851278
105 40 0.524269
105 41 0.907846
105 42 0.846308
105 43 0.711054
105 44 0.226519
105 45 0.609362
105 46 0.766483
105 47 0.779259
105 48 0.832574
105 49 0.931120
105 50 0.846041
106 0 0.606855
106 1 0.568745
106 2 0.716940
106 3 0.636732
106 4 0.702229
106 5 0.641702
106 6 0.847260
106 7 0.730608
106 8 0.268890
106 9 0.266831
106 10 0.274752
106 11 0.276626
106 12 0.260682
106 13 0.285100
106 14 0.299236
106 15 0.662105
106 16 0.704941
106 17 0.727180
106 18 0.711746
106 19 0.680954
106 20 0.779067
106 21 0.700160
106 22 0.797421
106 23 0.916924
106 24 0.787158
106 25 0.788983
106 26 0.876191
106 27 0.792670
106 28 0.277073
106 29 0.268055
106 30 0.266762
106 31 0.280000
106 32 0.275663
106 33 0.339550
106 34 0.704380
106 35 0.765695
106 36 0.733719
106 37 0.778108
106 38 0.787283
106 39 0.824919
106 40 0.598982
106 41 0.833131
106 42 0.746019
106 43 0.700676
106 44 0.279137
106 45 0.724738
106 46 0.770701
106 47 0.789658
106 48 0.823289
106 49 0.838010
106 50 0.747069
107 0 0.552314
107 1 0.598454
107 2 0.627901
107 3 0.520195
107 4 0.711887
107 5 0.678864
107 6 0.835519
107 7 0.821925
107 8 0.279269
107 9 0.302297
107 10 0.303242
107 11 0.277383
107 12 0.278561
107 13 0.304821
107 14 0.295641
107 15 0.844430
107 16 0.651905
107 17 0.949457
107 18 0.737045
107 19 0.834410
107 20 0.930214
107 21 0.872381
107 22 0.828502
107 23 0.862331
107 24 0.822805
107 25 0.722022
107 26 0.726385
107 27 0.751981
107 28 0.266020
107 29 0.278807
107 30 0.292524
107 31 0.265707
107 32 0.259589
107 33 0.377945
107 34 0.830619
107 35 0.794079
107 36 0.713383
107 37 0.848852
107 38 0.768694
107 39 0.765247
107 40 0.660380
107 41 0.754808
107 42 0.762730
107 43 0.652611
107 44 0.264863
107 45 0.799108
107 46 0.841303
107 47 0.770658
107 48 0.752054
107 49 0.752148
107 50 0.762751
108 0 0.788287
108 1 0.803981
108 2 0.814314
108 3 0.847629
108 4 0.786303
108 5 0.743072
108 6 1.122767
108 7 0.800069
108 8 0.354931
108 9 0.288579
108 10 0.305452
108 11 0.299343
108 12 0.303638
108 13 0.288698
108 14 0.302188
108 15 0.853206
108 16 0.859224
108 17 1.170060
108 18 0.857355
108 19 1.175158
108 20 1.059771
108 21 1.116132
108 22 0.901826
108 23 1.132894
108 24 0.902256
108 25 0.906644
108 26 0.907132
108 27 0.903698
108 28 0.306244
108 29 0.271587
108 30 0.288233
108 31 0.327593
108 32 0.269422
108 33 0.387920
108 34 0.925339
108 35 0.757243
108 36 0.878975
108 37 0.919796
108 38 1.187198
108 39 1.056744
108 40 0.585954
108 41 0.941254
108 42 1.114390
108 43 0.857730
108 44 0.329128
108 45 0.874845
108 46 0.925035
108 47 1.189141
108 48 1.050684
108 49 0.938540
108 50 1.118409
109 0 0.595868
109 1 0.617316
109 2 0.575900
109 3 0.618330
109 4 0.616319
109 5 0.616607
109 6 0.681105
109 7 0.588658
109 8 0.273457
109 9 0.284422
109 10 0.285562
109 11 0.282745
109 12 0.294974
109 13 0.274447
109 14 0.271963
109 15 0.677132
109 16 0.615725
109 17 0.766939
109 18 0.653235
109 19 0.710931
109 20 0.786848
109 21 0.721931
109 22 0.572534
109 23 0.677167
109 24 0.726187
109 25 0.675455
109 26 0.672410
109 27 0.556044
109 28 0.285407
109 29 0.285062
109 30 0.283992
109 31 0.244772
109 32 0.268569
109 33 0.301915
109 34 0.578645
109 35 0.719768
109 36 0.712042
109 37 0.639760
109 38 0.698095
109 39 0.591226
109 40 0.606238
109 41 0.721186
109 42 0.674282
109 43 0.613972
109 44 0.245277
109 45 0.716799
109 46 0.647564
109 47 0.693978
109 48 0.598940
109 49 0.717483
109 50 0.675284
110 0 0.716191
110 1 0.724278
110 2 0.769468
110 3 0.729850
110 4 0.743677
110 5 0.744442
110 6 0.738369
110 7 0.763923
110 8 0.308628
110 9 0.290527
110 10 0.343809
110 11 0.264935
110 12 0.283839
110 13 0.306382
110 14 0.268393
110 15 0.759065
110 16 0.785058
110 17 0.790891
110 18 0.808175
110 19 0.857785
110 20 0.723587
110 21 0.749383
110 22 0.965055
110 23 1.017986
110 24 0.864265
110 25 0.858331
110 26 0.940915
110 27 0.855874
110 28 0.305013
110 29 0.314880
110 30 0.396939
110 31 0.300578
110 32 0.316415
110 33 0.308456
110 34 0.839697
110 35 0.737437
110 36 0.721197
110 37 0.753784
110 38 0.734827
110 39 0.771196
110 40 0.729087
110 41 0.783495
110 42 0.624022
110 43 0.788802
110 44 0.314177
110 45 0.725405
110 46 0.758286
110 47 0.738249
110 48 0.767998
110 49 0.752268
110 50 0.626112
111 0 0.564984
111 1 0.635780
111 2 0.498616
111 3 0.429720
111 4 0.492462
111 5 0.322205
111 6 0.680771
111 7 0.593912
111 8 0.225776
111 9 0.247854
111 10 0.274260
111 11 0.253085
111 12 0.259091
111 13 0.271708
111 14 0.271712
111 15 0.440123
111 16 0.492483
111 17 0.340941
111 18 0.500399
111 19 0.467496
111 20 0.556879
111 21 0.464437
111 22 0.493432
111 23 0.513682
111 24 0.727638
111 25 0.588532
111 26 0.591606
111 27 0.608214
111 28 0.196130
111 29 0.268535
111 30 0.208082
111 31 0.214334
111 32 0.277356
111 33 0.301459
111 34 0.509862
111 35 0.697355
111 36 0.629986
111 37 0.704384
111 38 0.561881
111 39 0.626704
111 40 0.665912
111 41 0.657185
111 42 0.633962
111 43 0.488219
111 44 0.212865
111 45 0.621333
111 46 0.705719
111 47 0.562833
111 48 0.632201
111 49 0.663057
111 50 0.624962
112 0 0.796025
112 1 0.795941
112 2 0.882272
112 3 0.810179
112 4 0.946292
112 5 0.892140
112 6 0.811857
112 7 0.993482
112 8 0.344346
112 9 0.375150
112 10 0.344014
112 11 0.370188
112 12 0.403342
112 13 0.316116
112 14 0.493072
112 15 0.870396
112 16 0.864279
112 17 0.813240
112 18 0.897856
112 19 0.908759
112 20 0.838438
112 21 1.036801
112 22 0.870130
112 23 0.969513
112 24 0.854639
112 25 0.848303
112 26 0.848614
112 27 0.823017
112 28 0.342519
112 29 0.401820
112 30 0.345159
112 31 0.364400
112 32 0.407622
112 33 0.442803
112 34 0.797512
112 35 0.835404
112 36 0.865272
112 37 0.893828
112 38 0.909799
112 39 0.866113
112 40 0.843687
112 41 0.938211
112 42 0.863091
112 43 0.860514
112 44 0.368083
112 45 0.861770
112 46 0.892729
112 47 0.812461
112 48 0.872894
112 49 0.942110
112 50 0.878506
113 0 0.661368
113 1 0.672326
113 2 0.710680
113 3 0.711693
113 4 0.699160
113 5 0.697646
113 6 0.808116
113 7 0.670940
113 8 0.286854
113 9 0.297182
113 10 0.284321
113 11 0.279107
113 12 0.295092
113 13 0.321000
113 14 0.290474
113 15 0.731466
113 16 0.742697
113 17 0.727501
113 18 0.752532
113 19 0.851513
113 20 0.811885
113 21 0.695058
113 22 0.984127
113 23 0.960168
113 24 0.948723
113 25 0.861978
113 26 0.825915
113 27 0.932792
113 28 0.306988
113 29 0.309507
113 30 0.290197
113 31 0.304667
113 32 0.285744
113 33 0.376633
113 34 0.818006
113 35 0.722231
113 36 0.679640
113 37 0.892608
113 38 0.823169
113 39 0.816674
113 40 0.695974
113 41 0.643262
113 42 0.709418
113 43 0.740170
113 44 0.292969
113 45 0.686554
113 46 0.898362
113 47 0.813285
113 48 0.808366
113 49 0.635201
113 50 0.710884
114 0 0.559392
114 1 0.591609
114 2 0.834387
114 3 0.642407
114 4 0.824238
114 5 0.752159
114 6 1.044262
114 7 0.901016
114 8 0.307774
114 9 0.322281
114 10 0.280871
114 11 0.300153
114 12 0.328127
114 13 0.348305
114 14 0.297682
114 15 0.885654
114 16 0.789273
114 17 1.135730
114 18 0.813702
114 19 1.043856
114 20 1.022831
114 21 1.064601
114 22 0.899377
114 23 1.146502
114 24 0.940135
114 25 0.884368
114 26 0.892358
114 27 1.050695
114 28 0.281564
114 29 0.318018
114 30 0.305216
114 31 0.295375
114 32 0.280527
114 33 0.436819
114 34 0.946079
114 35 1.034583
114 36 0.713586
114 37 0.892163
114 38 1.203143
114 39 0.955549
114 40 0.600257
114 41 1.060433
114 42 0.930509
114 43 0.792506
114 44 0.298442
114 45 0.718054
114 46 0.895850
114 47 1.205669
114 48 0.958297
114 49 1.065710
114 50 0.929264
115 0 0.612593
115 1 0.617526
115 2 0.647977
115 3 0.631625
115 4 0.582969
115 5 0.644132
115 6 0.685464
115 7 0.669640
115 8 0.258264
115 9 0.248103
115 10 0.239885
115 11 0.259589
115 12 0.269832
115 13 0.270776
115 14 0.259483
115 15 0.657448
115 16 0.539909
115 17 0.522043
115 18 0.563516
115 19 0.509979
115 20 0.641748
115 21 0.538527
115 22 0.562109
115 23 0.625553
115 24 0.569178
115 25 0.555807
115 26 0.587179
115 27 0.565391
115 28 0.268343
115 29 0.255202
115 30 0.254317
115 31 0.269972
115 32 0.238604
115 33 0.314581
115 34 0.588432
115 35 0.706582
115 36 0.386064
115 37 0.712859
115 38 0.603611
115 39 0.546170
115 40 0.700370
115 41 0.535314
115 42 0.683314
115 43 0.542864
115 44 0.269628
115 45 0.393517
115 46 0.716650
115 47 0.594971
115 48 0.543264
115 49 0.538667
115 50 0.679328
116 0 0.694927
116 1 0.709835
116 2 0.684111
116 3 0.694300
116 4 0.668733
116 5 0.712603
116 6 0.667988
116 7 0.789174
116 8 0.331982
116 9 0.337785
116 10 0.305671
116 11 0.317988
116 12 0.319971
116 13 0.298764
116 14 0.287447
116 15 0.728277
116 16 0.777326
116 17 0.819371
116 18 0.782123
116 19 0.789360
116 20 0.817140
116 21 0.834081
116 22 0.688909
116 23 0.856909
116 24 0.888448
116 25 0.755463
116 26 0.748279
116 27 0.894571
116 28 0.310777
116 29 0.300988
116 30 0.328545
116 31 0.297408
116 32 0.299580
116 33 0.349647
116 34 0.678540
116 35 0.811034
116 36 0.874454
116 37 0.869182
116 38 0.707322
116 39 0.788559
116 40 0.714735
116 41 0.770717
116 42 0.750353
116 43 0.783581
116 44 0.299059
116 45 0.876829
116 46 0.781482
116 47 0.708181
116 48 0.795065
116 49 0.765195
116 50 0.744862
117 0 0.799166
117 1 0.838516
117 2 1.086168
117 3 0.832194
117 4 0.923040
117 5 0.900233
117 6 0.965771
117 7 1.040457
117 8 0.348634
117 9 0.374928
117 10 0.456699
117 11 0.377506
117 12 0.345303
117 13 0.380355
117 14 0.370981
117 15 0.889929
117 16 0.918729
117 17 0.978272
117 18 0.984055
117 19 0.846840
117 20 0.885543
117 21 0.901084
117 22 0.847783
117 23 0.907782
117 24 0.848708
117 25 0.847954
117 26 0.847249
117 27 0.849177
117 28 0.305525
117 29 0.341937
117 30 0.347888
117 31 0.443261
117 32 0.346049
117 33 0.473579
117 34 0.790500
117 35 0.826245
117 36 0.932321
117 37 0.901450
117 38 0.983404
117 39 0.997819
117 40 0.903519
117 41 1.006815
117 42 0.891308
117 43 0.922398
117 44 0.356035
117 45 0.945915
117 46 0.892953
117 47 0.989230
117 48 1.002999
117 49 1.005756
117 50 0.895109
118 0 0.818074
118 1 0.819181
118 2 0.928234
118 3 0.872899
118 4 0.802159
118 5 0.837853
118 6 0.929774
118 7 0.878353
118 8 0.319517
118 9 0.342219
118 10 0.365057
118 11 0.320628
118 12 0.320511
118 13 0.371735
118 14 0.320875
118 15 0.879290
118 16 0.876471
118 17 0.870040
118 18 0.828966
118 19 0.943014
118 20 0.907937
118 21 0.862863
118 22 0.701573
118 23 0.958903
118 24 0.877693
118 25 0.831291
118 26 0.838683
118 27 0.986942
118 28 0.295670
118 29 0.335770
118 30 0.322072
118 31 0.315907
118 32 0.320269
118 33 0.349799
118 34 0.698266
118 35 0.872300
118 36 0.957608
118 37 0.874848
118 38 0.882646
118 39 0.884041
118 40 0.816105
118 41 0.973540
118 42 0.812452
118 43 0.875220
118 44 0.314896
118 45 0.961891
118 46 0.964482
118 47 0.870787
118 48 0.872835
118 49 0.969272
118 50 0.814547
119 0 0.762941
119 1 0.789690
119 2 0.773724
119 3 0.773427
119 4 0.870166
119 5 0.806004
119 6 0.893669
119 7 0.775757
119 8 0.310060
119 9 0.326728
119 10 0.317004
119 11 0.393755
119 12 0.317634
119 13 0.319091
119 14 0.336444
119 15 0.794253
119 16 0.865902
119 17 0.804697
119 18 0.887069
119 19 0.794102
119 20 0.872975
119 21 0.818001
119 22 0.936010
119 23 0.971817
119 24 0.937490
119 25 0.897062
119 26 0.890348
119 27 0.948158
119 28 0.416987
119 29 0.338011
119 30 0.350050
119 31 0.363808
119 32 0.301858
119 33 0.351266
119 34 0.885042
119 35 0.867260
119 36 0.865602
119 37 0.709435
119 38 1.005296
119 39 0.693191
119 40 0.797649
119 41 0.762748
119 42 0.852866
119 43 0.861446
119 44 0.364053
119 45 0.867606
119 46 0.721245
119 47 1.012547
119 48 0.693847
119 49 0.754065
119 50 0.846692
120 0 0.899750
120 1 0.981353
120 2 1.011747
120 3 0.993791
120 4 0.961248
120 5 1.066611
120 6 0.972968
120 7 1.015515
120 8 0.451965
120 9 0.472406
120 10 0.440307
120 11 0.410663
120 12 0.460091
120 13 0.438974
120 14 0.507414
120 15 0.982354
120 16 0.957751
120 17 0.919340
120 18 1.003556
120 19 0.965280
120 20 1.088691
120 21 0.993165
120 22 0.951780
120 23 0.914855
120 24 0.929049
120 25 0.893248
120 26 0.913223
120 27 0.895605
120 28 0.447015
120 29 0.416863
120 30 0.449345
120 31 0.535091
120 32 0.437381
120 33 0.452434
120 34 0.932348
120 35 0.880723
120 36 0.891351
120 37 1.068249
120 38 0.966553
120 39 0.934322
120 40 0.940983
120 41 0.925955
120 42 0.892724
120 43 0.926538
120 44 0.514183
120 45 0.892016
120 46 0.986666
120 47 0.974168
120 48 0.927776
120 49 0.914189
120 50 0.984145
