21 1 1 1
22 1 1 1
23 1 1 1
24 1 1 1
25 1 1 1
26 1 1 1
27 1 1 1
28 1 1 1
29 1 1 1
30 1 1 1
31 0 0 1
32 1 1 1
33 1 1 1
34 1 1 1
35 1 1 1
36 1 1 1
37 1 1 1
41 1 1 1
42 1 1 1
43 1 1 1
44 1 1 1
45 1 1 1
46 1 1 1
48 1 1 1
50 1 1 1
51 1 1 1
53 1 1 1
54 1 1 1
55 1 1 1
57 1 1 1
58 1 1 1
59 1 1 1
61 1 1 1
63 1 1 1
64 1 1 1
65 1 1 1
66 1 1 1
67 1 1 1
68 1 1 1
70 1 1 1
71 1 1 1
73 1 1 1
75 1 1 1
77 1 1 1
82 1 1 1
84 1 1 1
86 1 1 1
88 1 1 1
89 1 1 1
91 1 1 1
93 1 1 1
96 1 1 1
97 1 1 1
98 1 1 1
100 1 1 1
104 1 1 1
105 1 1 1
109 1 1 1
110 1 1 1
111 1 1 1
113 1 1 1
115 1 1 1
116 1 1 1
