21 0 0.124691
21 1 0.127526
21 2 0.138442
21 4 0.142216
21 3 0.167102
21 6 0.162064
21 5 0.173610
21 7 0.169901
21 8 0.188872
21 10 0.146252
21 13 0.077121
21 12 0.100077
21 14 0.094498
21 15 0.094141
21 9 0.193861
21 11 0.124131
21 16 0.118312
21 18 0.094277
21 22 0.123724
21 17 0.139255
21 19 0.134890
21 24 0.157719
21 32 0.168023
21 44 0.149498
21 42 0.158445
21 30 0.172997
21 28 0.175161
21 40 0.165819
21 31 0.180470
21 46 0.161332
21 34 0.179844
21 27 0.191695
21 23 0.206723
21 47 0.172705
21 41 0.184750
21 37 0.190310
21 21 0.216303
21 29 0.203609
21 39 0.191468
21 45 0.181731
21 43 0.184498
21 25 0.215094
21 26 0.213187
21 48 0.181635
21 35 0.202361
21 33 0.205873
21 38 0.198816
21 20 0.232588
21 36 0.226046
21 50 0.205695
21 49 0.214153
22 2 0.113420
22 0 0.118276
22 1 0.117934
22 5 0.154569
22 4 0.157596
22 9 0.173390
22 3 0.180088
22 6 0.208357
22 8 0.223825
22 7 0.226613
22 10 0.251195
22 11 0.252789
22 32 0.228550
22 29 0.237103
22 44 0.222763
22 13 0.266320
22 17 0.266554
22 19 0.263009
22 23 0.259867
22 21 0.264427
22 25 0.261262
22 15 0.276347
22 47 0.234621
22 12 0.284498
22 16 0.281663
22 43 0.245054
22 33 0.257944
22 39 0.251151
22 49 0.240447
22 41 0.250992
22 30 0.272233
22 27 0.279556
22 45 0.254852
22 14 0.297662
22 35 0.268208
22 34 0.270504
22 42 0.261294
22 28 0.285977
22 37 0.273360
22 24 0.293325
22 31 0.283232
22 36 0.279123
22 50 0.260967
22 46 0.266770
22 40 0.274106
22 22 0.303791
22 48 0.273358
22 18 0.314700
22 26 0.305588
22 38 0.287948
22 20 0.312846
23 3 0.094809
23 0 0.105428
23 2 0.104405
23 8 0.162916
23 4 0.168245
23 1 0.188373
23 9 0.186036
23 7 0.194250
23 6 0.230907
23 12 0.227775
23 10 0.230811
23 11 0.234599
23 21 0.228380
23 31 0.219477
23 29 0.228837
23 35 0.223933
23 44 0.214498
23 32 0.229558
23 42 0.221880
23 27 0.242588
23 34 0.233709
23 5 0.265881
23 13 0.261221
23 24 0.251781
23 14 0.261157
23 20 0.255853
23 50 0.224104
23 28 0.249025
23 30 0.246465
23 33 0.243796
23 23 0.257308
23 17 0.263410
23 36 0.242802
23 46 0.232744
23 38 0.243068
23 16 0.267171
23 25 0.258897
23 47 0.234941
23 45 0.237931
23 19 0.268176
23 15 0.271348
23 22 0.264945
23 40 0.248530
23 37 0.252330
23 26 0.266411
23 48 0.243054
23 49 0.242349
23 43 0.248417
23 41 0.253073
23 18 0.279099
23 39 0.258046
24 0 0.090845
24 3 0.088752
24 1 0.093629
24 4 0.158916
24 9 0.161801
24 2 0.174523
24 8 0.170360
24 5 0.189823
24 6 0.215355
24 12 0.230860
24 20 0.227574
24 10 0.236954
24 22 0.229142
24 14 0.237086
24 44 0.206552
24 32 0.220569
24 29 0.224748
24 30 0.223909
24 24 0.232758
24 11 0.245269
24 34 0.223905
24 33 0.225115
24 28 0.231402
24 7 0.251761
24 23 0.238935
24 48 0.212231
24 16 0.247203
24 18 0.246105
24 27 0.236966
24 26 0.238960
24 17 0.248425
24 39 0.224569
24 31 0.234375
24 13 0.253214
24 41 0.223697
24 50 0.215687
24 21 0.248728
24 25 0.245824
24 19 0.252933
24 38 0.231202
24 15 0.256837
24 40 0.229705
24 46 0.225958
24 47 0.225991
24 37 0.236400
24 36 0.238479
24 42 0.232387
24 49 0.226248
24 45 0.230748
24 35 0.244633
24 43 0.241345
25 2 0.102966
25 0 0.129857
25 3 0.140352
25 5 0.138624
25 1 0.159092
25 6 0.129713
25 4 0.150498
25 7 0.128794
25 8 0.094694
25 12 0.066916
25 10 0.084915
25 9 0.102387
25 11 0.087087
25 14 0.121883
25 20 0.124322
25 16 0.140892
25 13 0.153835
25 17 0.147937
25 21 0.139529
25 15 0.201228
25 30 0.172327
25 22 0.202793
25 18 0.224659
25 34 0.182475
25 44 0.172386
25 42 0.175749
25 26 0.214479
25 46 0.179943
25 40 0.190204
25 31 0.208194
25 37 0.200047
25 39 0.198208
25 49 0.186293
25 41 0.196210
25 32 0.213260
25 43 0.197259
25 33 0.212233
25 29 0.226148
25 45 0.201486
25 19 0.262984
25 27 0.235183
25 28 0.232299
25 38 0.223774
25 35 0.227953
25 36 0.228874
25 47 0.213996
25 24 0.262005
25 23 0.266487
25 50 0.229558
25 48 0.234289
25 25 0.283250
26 3 0.107738
26 0 0.129562
26 1 0.134717
26 7 0.140515
26 2 0.149652
26 4 0.149162
26 8 0.181108
26 5 0.192511
26 13 0.212477
26 6 0.218644
26 9 0.234045
26 19 0.243471
26 23 0.240237
26 29 0.235676
26 33 0.231908
26 37 0.230869
26 14 0.262807
26 11 0.265430
26 47 0.221422
26 17 0.262368
26 21 0.255307
26 31 0.246350
26 41 0.233249
26 39 0.236265
26 25 0.256441
26 32 0.254707
26 42 0.240055
26 43 0.239532
26 30 0.262496
26 49 0.236676
26 12 0.285142
26 22 0.271585
26 28 0.266214
26 15 0.283166
26 20 0.273977
26 44 0.246005
26 48 0.244607
26 36 0.266296
26 50 0.245704
26 27 0.276298
26 10 0.296572
26 26 0.277825
26 46 0.251891
26 34 0.271349
26 38 0.262267
26 45 0.254878
26 24 0.283676
26 18 0.290471
26 40 0.264173
26 35 0.277776
26 16 0.306895
27 0 0.104067
27 4 0.101724
27 1 0.161647
27 3 0.183795
27 2 0.185200
27 8 0.187661
27 5 0.191984
27 6 0.220745
27 9 0.222733
27 34 0.215909
27 11 0.243016
27 22 0.236308
27 10 0.255787
27 28 0.238732
27 29 0.237884
27 24 0.245440
27 21 0.248495
27 30 0.237555
27 47 0.219832
27 23 0.247976
27 16 0.254651
27 19 0.253400
27 26 0.248200
27 38 0.237923
27 50 0.225347
27 39 0.239643
27 18 0.262734
27 27 0.253822
27 14 0.266785
27 42 0.237293
27 7 0.272983
27 17 0.266107
27 37 0.246049
27 43 0.240336
27 33 0.251021
27 40 0.245336
27 31 0.253954
27 35 0.251373
27 32 0.255659
27 12 0.277672
27 46 0.242078
27 20 0.271313
27 15 0.276581
27 25 0.267834
27 13 0.278811
27 44 0.246886
27 48 0.246351
27 36 0.260141
27 45 0.250889
27 41 0.257838
27 49 0.249507
28 1 0.100387
28 0 0.104102
28 4 0.151254
28 2 0.173351
28 5 0.173776
28 3 0.183103
28 6 0.189105
28 7 0.209029
28 8 0.246722
28 16 0.245517
28 12 0.248977
28 10 0.252897
28 32 0.232598
28 28 0.240218
28 19 0.249092
28 30 0.239077
28 15 0.256162
28 27 0.245869
28 44 0.227159
28 26 0.250985
28 38 0.235646
28 13 0.263415
28 18 0.259648
28 21 0.257962
28 39 0.239698
28 17 0.265097
28 23 0.260691
28 31 0.250474
28 9 0.273161
28 20 0.264207
28 14 0.271772
28 41 0.242081
28 42 0.242326
28 24 0.265118
28 49 0.234931
28 35 0.252559
28 36 0.253111
28 25 0.268891
28 50 0.239059
28 22 0.272366
28 47 0.245034
28 11 0.285942
28 40 0.255957
28 29 0.271248
28 33 0.265015
28 43 0.256910
28 34 0.267758
28 48 0.251836
28 46 0.253844
28 45 0.258419
28 37 0.269542
29 0 0.112558
29 4 0.140692
29 3 0.174183
29 9 0.153647
29 2 0.180956
29 1 0.184569
29 6 0.188859
29 10 0.171971
29 7 0.192856
29 8 0.201491
29 5 0.222688
29 13 0.128853
29 11 0.239250
29 12 0.231246
29 14 0.178323
29 16 0.179699
29 21 0.201645
29 19 0.209131
29 28 0.206318
29 44 0.180083
29 33 0.200779
29 32 0.202123
29 15 0.274826
29 40 0.204464
29 18 0.242642
29 31 0.223467
29 25 0.246346
29 26 0.241714
29 41 0.217414
29 47 0.210825
29 30 0.242546
29 17 0.268135
29 29 0.251154
29 38 0.248417
29 46 0.239882
29 42 0.246345
29 23 0.287319
29 36 0.260436
29 22 0.291454
29 45 0.254809
29 43 0.260479
29 24 0.298145
29 37 0.270560
29 34 0.276372
29 35 0.277825
29 20 0.310532
29 39 0.290569
29 27 0.312214
29 50 0.298840
29 48 0.302828
29 49 0.305396
30 0 0.120250
30 2 0.155922
30 1 0.158985
30 4 0.182163
30 3 0.198322
30 8 0.206017
30 7 0.209095
30 11 0.268299
30 13 0.268712
30 31 0.251983
30 12 0.273547
30 9 0.283482
30 15 0.279005
30 37 0.257812
30 35 0.264725
30 29 0.274011
30 5 0.299873
30 6 0.299548
30 22 0.285153
30 25 0.285091
30 42 0.264668
30 34 0.275755
30 10 0.302021
30 36 0.276897
30 14 0.303502
30 24 0.296403
30 26 0.297816
30 28 0.296717
30 44 0.278318
30 20 0.306692
30 43 0.284918
30 30 0.298479
30 46 0.282960
30 19 0.314222
30 23 0.312476
30 47 0.286668
30 32 0.305413
30 33 0.308153
30 38 0.304645
30 40 0.303573
30 39 0.304833
30 17 0.330920
30 49 0.294778
30 50 0.294623
30 21 0.328314
30 16 0.334615
30 18 0.334567
30 27 0.326054
30 45 0.305925
30 48 0.305843
30 41 0.315256
31 3 0.125951
31 0 0.130634
31 1 0.131011
31 6 0.190955
31 4 0.201268
31 5 0.210274
31 2 0.215779
31 10 0.210453
31 9 0.228352
31 21 0.231366
31 20 0.233762
31 11 0.247378
31 17 0.247502
31 33 0.235752
31 31 0.243571
31 14 0.261602
31 13 0.263218
31 8 0.269245
31 30 0.249798
31 23 0.257933
31 22 0.259927
31 44 0.238220
31 19 0.264639
31 50 0.235113
31 32 0.256529
31 29 0.259732
31 42 0.245941
31 34 0.254703
31 25 0.265032
31 28 0.262607
31 12 0.277369
31 26 0.265828
31 37 0.254866
31 7 0.287464
31 27 0.269736
31 41 0.256491
31 38 0.265427
31 24 0.281283
31 46 0.261437
31 48 0.263838
31 47 0.265027
31 18 0.294735
31 49 0.264487
31 35 0.278930
31 15 0.300669
31 16 0.300451
31 39 0.279485
31 43 0.275709
31 40 0.279647
31 45 0.284994
31 36 0.299001
32 1 0.133685
32 4 0.128918
32 0 0.154227
32 3 0.159346
32 2 0.171831
32 5 0.187247
32 7 0.137714
32 6 0.171693
32 9 0.105320
32 8 0.118089
32 10 0.130246
32 12 0.131614
32 11 0.151366
32 13 0.144186
32 15 0.142036
32 14 0.163283
32 29 0.221339
32 31 0.222339
32 25 0.260940
32 17 0.277315
32 39 0.249809
32 47 0.229405
32 33 0.252198
32 35 0.250099
32 37 0.246930
32 23 0.268100
32 16 0.287540
32 43 0.238694
32 19 0.274066
32 45 0.236454
32 27 0.264839
32 18 0.279889
32 44 0.239158
32 21 0.269257
32 20 0.277621
32 30 0.266947
32 41 0.250709
32 32 0.267405
32 28 0.279578
32 36 0.284624
32 46 0.271390
32 24 0.316531
32 49 0.277996
32 26 0.317975
32 50 0.276191
32 42 0.294848
32 22 0.324977
32 34 0.307473
32 40 0.300860
32 48 0.286563
32 38 0.316081
33 0 0.160504
33 1 0.165012
33 3 0.170917
33 2 0.181586
33 4 0.228286
33 8 0.246588
33 10 0.257222
33 44 0.221731
33 33 0.290372
33 31 0.293009
33 28 0.300276
33 32 0.292221
33 12 0.315608
33 6 0.321770
33 40 0.285962
33 34 0.301173
33 30 0.312115
33 21 0.324837
33 45 0.297534
33 14 0.332275
33 18 0.329249
33 24 0.330171
33 16 0.339028
33 15 0.340340
33 11 0.343879
33 9 0.347816
33 7 0.349475
33 13 0.345953
33 42 0.314591
33 27 0.333774
33 5 0.354451
33 29 0.333386
33 39 0.321220
33 17 0.346358
33 22 0.345079
33 38 0.329088
33 36 0.331108
33 26 0.347220
33 46 0.326129
33 19 0.363835
33 35 0.345083
33 20 0.365932
33 41 0.344049
33 48 0.338118
33 25 0.367384
33 37 0.352289
33 43 0.347302
33 50 0.348239
33 49 0.352793
33 23 0.385616
33 47 0.364285
34 0 0.113922
34 4 0.128983
34 1 0.176062
34 5 0.188005
34 3 0.196180
34 2 0.202144
34 9 0.200017
34 10 0.247095
34 14 0.248210
34 17 0.258401
34 6 0.269803
34 13 0.269395
34 11 0.273007
34 15 0.270703
34 33 0.251858
34 32 0.253851
34 18 0.270773
34 7 0.280179
34 19 0.271158
34 28 0.265055
34 8 0.283805
34 30 0.263880
34 44 0.248476
34 20 0.275740
34 23 0.273743
34 31 0.263347
34 22 0.277657
34 29 0.269224
34 24 0.275338
34 12 0.289317
34 21 0.285496
34 27 0.283644
34 43 0.267265
34 40 0.271951
34 47 0.265765
34 35 0.278160
34 36 0.279044
34 25 0.295116
34 38 0.280390
34 45 0.275689
34 16 0.307672
34 39 0.284549
34 37 0.286555
34 50 0.273227
34 42 0.283579
34 26 0.302393
34 49 0.277880
34 34 0.294483
34 46 0.286969
34 48 0.287420
34 41 0.298038
35 3 0.135724
35 0 0.145164
35 4 0.151624
35 8 0.187982
35 2 0.234442
35 9 0.229553
35 5 0.256192
35 33 0.237322
35 30 0.253257
35 31 0.254742
35 11 0.281408
35 28 0.269229
35 1 0.296979
35 29 0.273703
35 42 0.260995
35 32 0.275219
35 13 0.293997
35 6 0.301089
35 17 0.294142
35 19 0.292732
35 10 0.310655
35 12 0.309527
35 46 0.275204
35 35 0.290258
35 25 0.302398
35 15 0.314359
35 47 0.281436
35 44 0.286736
35 41 0.291304
35 22 0.316799
35 49 0.286934
35 21 0.319478
35 23 0.322724
35 27 0.319073
35 14 0.331828
35 36 0.309748
35 37 0.308838
35 48 0.298840
35 7 0.349197
35 50 0.312974
35 26 0.343540
35 40 0.329609
35 45 0.327285
35 38 0.335167
35 18 0.360392
35 39 0.339963
35 16 0.367451
35 20 0.363897
35 43 0.346136
35 24 0.368340
35 34 0.357641
36 0 0.103866
36 4 0.136419
36 1 0.186932
36 5 0.221565
36 2 0.227539
36 3 0.251707
36 8 0.267681
36 12 0.267213
36 9 0.286861
36 7 0.290647
36 42 0.268053
36 15 0.299236
36 10 0.303564
36 32 0.281641
36 29 0.286206
36 31 0.283985
36 21 0.295926
36 11 0.305295
36 13 0.305473
36 34 0.282377
36 39 0.279587
36 14 0.307617
36 22 0.302483
36 19 0.307265
36 18 0.314243
36 37 0.291834
36 35 0.297210
36 44 0.288618
36 33 0.304007
36 6 0.332348
36 20 0.321134
36 28 0.312985
36 27 0.316177
36 26 0.321043
36 47 0.298709
36 17 0.336627
36 25 0.329300
36 23 0.331418
36 30 0.323592
36 43 0.311646
36 38 0.317189
36 50 0.306701
36 49 0.307864
36 46 0.313862
36 40 0.324829
36 24 0.350163
36 45 0.325461
36 41 0.330558
36 16 0.361231
36 48 0.327507
36 36 0.344019
37 0 0.163849
37 1 0.221181
37 2 0.243977
37 4 0.248807
37 9 0.271551
37 3 0.279239
37 5 0.298819
37 13 0.294890
37 6 0.302294
37 33 0.284417
37 28 0.291596
37 7 0.317443
37 11 0.314712
37 29 0.296154
37 31 0.293552
37 17 0.315763
37 12 0.320278
37 44 0.284668
37 30 0.301596
37 14 0.320559
37 46 0.286378
37 8 0.328316
37 32 0.305055
37 10 0.329106
37 27 0.314434
37 15 0.331434
37 23 0.328407
37 42 0.309766
37 18 0.343390
37 21 0.341976
37 19 0.344537
37 16 0.346960
37 24 0.342013
37 38 0.329180
37 26 0.346409
37 40 0.332159
37 25 0.354879
37 36 0.341600
37 48 0.330876
37 20 0.367105
37 43 0.339397
37 45 0.337174
37 37 0.347671
37 35 0.350364
37 34 0.353863
37 41 0.345951
37 47 0.340883
37 22 0.383571
37 39 0.361640
37 50 0.355279
37 49 0.376306
38 1 0.190201
38 0 0.197036
38 3 0.235020
38 2 0.265075
38 10 0.269176
38 11 0.284134
38 32 0.267997
38 14 0.289880
38 4 0.301768
38 13 0.299240
38 12 0.301493
38 29 0.286276
38 9 0.307406
38 33 0.285625
38 8 0.311851
38 28 0.300056
38 31 0.302829
38 30 0.319777
38 15 0.342807
38 44 0.324599
38 6 0.361402
38 23 0.350998
38 22 0.353712
38 24 0.361604
38 25 0.361404
38 40 0.345535
38 18 0.378679
38 5 0.390936
38 19 0.382735
38 7 0.394869
38 35 0.371115
38 17 0.391566
38 48 0.361327
38 39 0.371891
38 16 0.398782
38 26 0.390631
38 47 0.375486
38 43 0.381855
38 37 0.388529
38 27 0.402214
38 46 0.383416
38 20 0.412949
38 34 0.398484
38 45 0.387619
38 42 0.394438
38 41 0.399238
38 38 0.404709
38 49 0.394622
38 50 0.397953
38 21 0.428676
38 36 0.420647
39 0 0.120297
39 2 0.163339
39 1 0.220718
39 3 0.225279
39 5 0.244907
39 11 0.240646
39 14 0.248050
39 4 0.264279
39 13 0.258493
39 6 0.283954
39 9 0.282105
39 17 0.276565
39 8 0.285668
39 19 0.289456
39 20 0.299247
39 33 0.285717
39 23 0.300916
39 28 0.296599
39 32 0.295735
39 18 0.314537
39 39 0.293446
39 10 0.322334
39 37 0.297286
39 25 0.312379
39 30 0.307227
39 44 0.292650
39 48 0.289854
39 26 0.313543
39 22 0.318503
39 29 0.311086
39 24 0.317509
39 21 0.328199
39 31 0.317643
39 16 0.334946
39 27 0.323576
39 34 0.317633
39 46 0.309309
39 7 0.347667
39 38 0.319863
39 12 0.347174
39 45 0.321399
39 41 0.327644
39 40 0.328724
39 49 0.322158
39 43 0.332309
39 15 0.367076
39 42 0.340049
39 36 0.350665
39 50 0.340870
39 35 0.361602
39 47 0.349898
40 0 0.132462
40 6 0.182445
40 2 0.211731
40 4 0.250649
40 3 0.253643
40 5 0.274788
40 33 0.253919
40 10 0.278429
40 11 0.283385
40 19 0.283667
40 12 0.289205
40 13 0.293459
40 44 0.267363
40 30 0.283625
40 9 0.304700
40 23 0.297094
40 1 0.315348
40 14 0.306265
40 8 0.311204
40 38 0.282630
40 21 0.303925
40 17 0.314313
40 42 0.295348
40 37 0.300673
40 31 0.310061
40 43 0.298516
40 26 0.321016
40 16 0.332603
40 34 0.324435
40 28 0.335739
40 49 0.316559
40 32 0.335163
40 29 0.340143
40 20 0.351858
40 24 0.349124
40 22 0.354607
40 27 0.350062
40 48 0.329322
40 18 0.364947
40 36 0.349364
40 47 0.342167
40 40 0.349300
40 41 0.349226
40 35 0.356626
40 7 0.384186
40 46 0.346577
40 25 0.371375
40 15 0.381409
40 50 0.352126
40 39 0.367372
40 45 0.365271
41 0 0.168695
41 1 0.180150
41 6 0.274999
41 5 0.303541
41 16 0.351378
41 30 0.333466
41 21 0.347772
41 8 0.358084
41 14 0.354431
41 10 0.357315
41 44 0.316066
41 4 0.362606
41 32 0.333497
41 2 0.364708
41 18 0.353190
41 19 0.352272
41 12 0.358533
41 28 0.353306
41 27 0.355689
41 7 0.378679
41 33 0.352399
41 20 0.385215
41 46 0.355579
41 3 0.407711
41 29 0.381602
41 42 0.365639
41 31 0.381412
41 13 0.406212
41 9 0.410613
41 11 0.409980
41 48 0.363914
41 36 0.388057
41 38 0.387685
41 43 0.386510
41 34 0.403720
41 24 0.420563
41 49 0.380698
41 40 0.400642
41 50 0.379409
41 39 0.414974
41 17 0.445368
41 26 0.438758
41 37 0.420807
41 35 0.427613
41 45 0.417050
41 22 0.457950
41 23 0.460768
41 47 0.423868
41 15 0.470168
41 41 0.446653
41 25 0.484959
42 0 0.176208
42 2 0.224072
42 1 0.237337
42 8 0.259976
42 13 0.265415
42 4 0.289954
42 9 0.290806
42 3 0.298425
42 29 0.273692
42 32 0.270043
42 31 0.293289
42 30 0.294533
42 5 0.335237
42 17 0.330552
42 24 0.324702
42 11 0.337012
42 37 0.308606
42 7 0.349759
42 33 0.324354
42 38 0.319934
42 28 0.338487
42 34 0.333502
42 12 0.359206
42 10 0.364214
42 35 0.338252
42 18 0.359422
42 19 0.362080
42 14 0.367265
42 44 0.333669
42 49 0.331288
42 23 0.367124
42 22 0.374377
42 15 0.381650
42 40 0.356207
42 25 0.379619
42 16 0.388841
42 46 0.353233
42 41 0.363212
42 26 0.384422
42 20 0.393234
42 47 0.362965
42 27 0.392942
42 36 0.382784
42 21 0.402852
42 39 0.380408
42 48 0.369530
42 43 0.378353
42 45 0.382888
42 42 0.395870
42 6 0.437784
42 50 0.390799
43 0 0.200508
43 8 0.190848
43 9 0.188804
43 1 0.226568
43 5 0.225899
43 3 0.230179
43 2 0.238470
43 11 0.167177
43 10 0.225224
43 12 0.170331
43 4 0.290303
43 7 0.286300
43 14 0.138383
43 13 0.151355
43 6 0.340096
43 30 0.213997
43 16 0.255643
43 32 0.212704
43 38 0.254387
43 48 0.261223
43 19 0.317127
43 31 0.282186
43 20 0.317778
43 42 0.272607
43 15 0.336856
43 29 0.303690
43 21 0.336217
43 45 0.302182
43 33 0.319452
43 44 0.331332
43 41 0.339431
43 27 0.358387
43 28 0.362724
43 22 0.385535
43 18 0.399305
43 26 0.372817
43 35 0.372041
43 46 0.362239
43 24 0.412816
43 17 0.443129
43 47 0.393524
43 39 0.408539
43 40 0.412988
43 25 0.438367
43 50 0.404833
43 36 0.431431
43 34 0.436551
43 49 0.418406
43 43 0.434272
43 23 0.469650
43 37 0.467017
44 0 0.181123
44 9 0.196679
44 1 0.220388
44 4 0.317440
44 3 0.318541
44 5 0.316768
44 8 0.331282
44 32 0.303252
44 33 0.299673
44 31 0.312620
44 7 0.367352
44 13 0.361080
44 11 0.385163
44 17 0.379555
44 14 0.382535
44 44 0.372869
44 29 0.396996
44 30 0.395864
44 15 0.420527
44 47 0.390353
44 36 0.411708
44 43 0.419273
44 46 0.424104
44 45 0.425333
44 6 0.479694
44 24 0.463034
44 35 0.449239
44 12 0.480316
44 2 0.497767
44 27 0.471645
44 10 0.494442
44 40 0.455017
44 19 0.490097
44 28 0.483102
44 41 0.468799
44 23 0.498928
44 37 0.487786
44 16 0.521460
44 49 0.488186
44 42 0.505047
44 21 0.535613
44 50 0.500599
44 22 0.547706
44 18 0.560300
44 38 0.545314
44 34 0.559084
44 48 0.540430
44 20 0.598823
44 26 0.595484
44 25 0.597440
44 39 0.592548
45 8 0.226046
45 0 0.282857
45 11 0.195512
45 1 0.283470
45 10 0.246530
45 4 0.282640
45 6 0.284985
45 14 0.200952
45 9 0.292024
45 2 0.347652
45 12 0.214800
45 7 0.321727
45 3 0.345239
45 5 0.340007
45 13 0.239167
45 28 0.177690
45 20 0.326299
45 16 0.349575
45 32 0.172043
45 31 0.172978
45 29 0.178710
45 33 0.196175
45 19 0.404976
45 18 0.427081
45 22 0.398589
45 15 0.466403
45 30 0.293228
45 26 0.397521
45 17 0.475076
45 21 0.459369
45 24 0.427876
45 44 0.227236
45 34 0.312324
45 35 0.327719
45 23 0.462108
45 36 0.332239
45 25 0.466896
45 27 0.441226
45 46 0.322567
45 48 0.322292
45 49 0.325992
45 43 0.381851
45 40 0.393440
45 37 0.401055
45 47 0.347332
45 50 0.327339
45 41 0.399935
45 45 0.379366
45 38 0.419081
45 39 0.420630
45 42 0.426822
46 1 0.198001
46 0 0.217363
46 8 0.299799
46 11 0.297587
46 9 0.307677
46 2 0.305121
46 30 0.286560
46 3 0.316373
46 4 0.303417
46 12 0.336250
46 5 0.342278
46 32 0.315220
46 14 0.359024
46 29 0.357643
46 31 0.363579
46 44 0.366780
46 6 0.410507
46 7 0.410270
46 13 0.406343
46 47 0.366577
46 10 0.412827
46 26 0.397747
46 20 0.403744
46 33 0.390063
46 37 0.385578
46 46 0.378297
46 28 0.409609
46 41 0.394732
46 15 0.436411
46 43 0.412720
46 16 0.458778
46 18 0.461050
46 23 0.462647
46 39 0.445970
46 24 0.464682
46 36 0.453988
46 38 0.455736
46 19 0.486963
46 50 0.456439
46 49 0.459060
46 21 0.492849
46 40 0.473455
46 17 0.512686
46 45 0.484218
46 35 0.499883
46 42 0.496028
46 27 0.516925
46 34 0.514413
46 48 0.502839
46 25 0.536131
46 22 0.546652
47 8 0.200100
47 4 0.250481
47 0 0.280572
47 12 0.299331
47 10 0.357500
47 7 0.361115
47 22 0.369768
47 29 0.352130
47 28 0.387207
47 2 0.423962
47 32 0.379487
47 44 0.359460
47 6 0.421829
47 18 0.413217
47 23 0.408166
47 21 0.411072
47 9 0.425607
47 14 0.421956
47 31 0.391191
47 30 0.395804
47 16 0.425414
47 5 0.435542
47 1 0.448438
47 26 0.428894
47 40 0.405226
47 33 0.417312
47 36 0.411694
47 25 0.441323
47 38 0.420116
47 3 0.476823
47 24 0.453675
47 11 0.475523
47 45 0.420992
47 17 0.476756
47 13 0.487225
47 49 0.428327
47 48 0.429799
47 41 0.440161
47 42 0.454887
47 39 0.470581
47 20 0.530564
47 46 0.482127
47 34 0.501374
47 43 0.491390
47 27 0.528242
47 19 0.551549
47 50 0.504871
47 35 0.528145
47 15 0.575054
47 47 0.522809
47 37 0.545500
48 2 0.189521
48 0 0.231023
48 3 0.306877
48 9 0.302574
48 5 0.305847
48 30 0.282704
48 14 0.299518
48 4 0.307522
48 12 0.316779
48 29 0.302612
48 31 0.322845
48 8 0.344796
48 13 0.361016
48 11 0.369108
48 33 0.351182
48 10 0.376091
48 20 0.375071
48 32 0.362652
48 44 0.363921
48 1 0.418947
48 7 0.417151
48 28 0.399663
48 6 0.421803
48 25 0.419031
48 15 0.431011
48 24 0.432880
48 27 0.436114
48 22 0.444978
48 16 0.461070
48 36 0.453581
48 19 0.480926
48 23 0.479636
48 40 0.462603
48 47 0.457105
48 17 0.494763
48 39 0.474882
48 37 0.480093
48 18 0.501626
48 45 0.477141
48 42 0.480606
48 50 0.476285
48 35 0.494007
48 38 0.497864
48 34 0.507025
48 41 0.504598
48 48 0.498022
48 43 0.505029
48 26 0.537955
48 46 0.536755
48 49 0.535964
48 21 0.567013
49 3 0.206445
49 8 0.232132
49 0 0.274293
49 30 0.260468
49 11 0.288014
49 13 0.287199
49 1 0.305780
49 29 0.285010
49 31 0.291031
49 5 0.324012
49 28 0.346118
49 10 0.364049
49 32 0.368346
49 33 0.370017
49 4 0.397938
49 9 0.403138
49 15 0.401582
49 7 0.408239
49 14 0.405221
49 12 0.409848
49 16 0.407153
49 18 0.406222
49 44 0.379596
49 2 0.453001
49 43 0.425051
49 22 0.448879
49 17 0.454006
49 19 0.452596
49 24 0.450280
49 23 0.455439
49 45 0.437145
49 21 0.474055
49 38 0.456150
49 25 0.478601
49 37 0.472068
49 39 0.474772
49 26 0.492568
49 46 0.475275
49 27 0.496189
49 47 0.476960
49 36 0.497595
49 40 0.495874
49 35 0.502829
49 34 0.506277
49 41 0.504777
49 48 0.499961
49 20 0.531695
49 49 0.510470
49 6 0.557285
49 42 0.525207
49 50 0.520314
50 14 0.276754
50 31 0.265554
50 11 0.291367
50 30 0.273934
50 9 0.300842
50 12 0.301755
50 0 0.347386
50 29 0.333679
50 28 0.335799
50 2 0.361975
50 10 0.356784
50 32 0.334990
50 3 0.368861
50 33 0.346975
50 8 0.383216
50 5 0.394380
50 15 0.389260
50 13 0.391407
50 44 0.264076
50 7 0.428580
50 17 0.421320
50 23 0.415679
50 27 0.417412
50 18 0.429936
50 34 0.410513
50 1 0.446948
50 36 0.426374
50 26 0.445063
50 4 0.470490
50 24 0.463472
50 25 0.472708
50 35 0.458964
50 22 0.476327
50 6 0.503093
50 21 0.493186
50 19 0.502904
50 20 0.507640
50 16 0.520064
50 45 0.375593
50 37 0.508778
50 38 0.522287
50 46 0.396720
50 41 0.530293
50 40 0.533029
50 39 0.535820
50 42 0.438931
50 49 0.413523
50 43 0.436482
50 50 0.411989
50 48 0.419518
50 47 0.436753
51 8 0.224180
51 10 0.274274
51 5 0.338329
51 0 0.386259
51 14 0.375511
51 3 0.386313
51 2 0.388862
51 1 0.391364
51 11 0.385615
51 7 0.403861
51 6 0.416788
51 18 0.430222
51 4 0.448910
51 12 0.440911
51 16 0.445659
51 17 0.461970
51 9 0.470435
51 30 0.480316
51 28 0.488905
51 32 0.478696
51 44 0.443330
51 13 0.562459
51 29 0.539762
51 31 0.538419
51 26 0.568959
51 25 0.586318
51 22 0.592297
51 20 0.610577
51 24 0.604206
51 19 0.628397
51 21 0.611909
51 35 0.602285
51 34 0.611950
51 46 0.582952
51 48 0.550210
51 36 0.610442
51 42 0.598471
51 40 0.608087
51 38 0.620096
51 33 0.636782
51 15 0.696311
51 50 0.555785
51 45 0.619920
51 23 0.685368
51 37 0.668571
51 41 0.682416
51 43 0.681492
51 27 0.741026
51 39 0.739275
51 47 0.696760
51 49 0.745363
52 0 0.209498
52 1 0.217535
52 3 0.215679
52 14 0.185760
52 4 0.221562
52 5 0.222256
52 8 0.217891
52 11 0.213483
52 2 0.274309
52 13 0.270668
52 6 0.320538
52 15 0.302276
52 7 0.317223
52 9 0.317102
52 12 0.331218
52 10 0.335871
52 17 0.425144
52 22 0.402424
52 23 0.411948
52 16 0.452051
52 25 0.418797
52 28 0.408220
52 33 0.388458
52 29 0.406698
52 31 0.400279
52 32 0.426165
52 24 0.460065
52 19 0.484727
52 27 0.457859
52 20 0.483720
52 18 0.507817
52 21 0.490991
52 30 0.479212
52 44 0.356300
52 26 0.548285
52 42 0.447486
52 40 0.465832
52 37 0.486928
52 38 0.493138
52 35 0.516475
52 41 0.484648
52 34 0.543761
52 39 0.501752
52 45 0.462194
52 50 0.394929
52 36 0.541238
52 47 0.468375
52 46 0.488606
52 48 0.439043
52 49 0.445767
52 43 0.526052
53 8 0.128282
53 0 0.288959
53 1 0.302349
53 9 0.214190
53 2 0.374387
53 3 0.376216
53 13 0.198866
53 12 0.216602
53 4 0.380986
53 14 0.217693
53 11 0.248047
53 5 0.390299
53 10 0.268148
53 7 0.326143
53 6 0.385690
53 20 0.450528
53 16 0.504809
53 17 0.512102
53 22 0.465979
53 28 0.436190
53 18 0.506762
53 44 0.333559
53 26 0.455258
53 29 0.446136
53 25 0.467193
53 30 0.410735
53 15 0.562032
53 31 0.406737
53 24 0.501059
53 33 0.441967
53 21 0.547330
53 23 0.533785
53 32 0.470693
53 37 0.448124
53 27 0.546851
53 46 0.437977
53 19 0.639270
53 45 0.465361
53 36 0.518905
53 40 0.511946
53 50 0.479003
53 38 0.527957
53 42 0.517248
53 41 0.530598
53 34 0.568302
53 48 0.514819
53 35 0.574825
53 39 0.557129
53 49 0.519453
53 43 0.587351
53 47 0.583549
54 2 0.255374
54 3 0.285680
54 12 0.188087
54 1 0.318447
54 13 0.183272
54 0 0.329325
54 8 0.214307
54 11 0.226420
54 10 0.231873
54 14 0.236568
54 6 0.359244
54 5 0.361655
54 9 0.291755
54 4 0.447729
54 7 0.453337
54 17 0.337965
54 16 0.421996
54 15 0.433324
54 20 0.356734
54 19 0.385403
54 18 0.409972
54 31 0.339360
54 44 0.287772
54 28 0.360931
54 29 0.369782
54 30 0.366907
54 32 0.356078
54 33 0.359198
54 21 0.417712
54 25 0.395583
54 27 0.403946
54 22 0.429581
54 24 0.417072
54 23 0.426921
54 37 0.375334
54 48 0.370878
54 39 0.386200
54 34 0.426522
54 26 0.463549
54 46 0.424301
54 43 0.432896
54 35 0.453671
54 42 0.437290
54 50 0.429522
54 47 0.468179
54 40 0.476197
54 38 0.488812
54 41 0.485513
54 49 0.479998
54 45 0.510529
54 36 0.532648
55 1 0.298568
55 11 0.241208
55 8 0.284775
55 12 0.251803
55 9 0.289439
55 2 0.348648
55 10 0.304647
55 14 0.199935
55 13 0.235252
55 0 0.420092
55 3 0.433431
55 5 0.445220
55 4 0.467149
55 6 0.463703
55 7 0.457370
55 16 0.321379
55 28 0.239109
55 15 0.383951
55 31 0.325428
55 32 0.320048
55 44 0.281329
55 24 0.365886
55 18 0.395710
55 22 0.371283
55 17 0.445429
55 29 0.363353
55 27 0.401591
55 19 0.439626
55 33 0.372924
55 38 0.357159
55 26 0.436943
55 20 0.469984
55 21 0.459756
55 23 0.465607
55 30 0.453413
55 35 0.442240
55 43 0.416712
55 36 0.447774
55 25 0.507433
55 42 0.444170
55 47 0.434296
55 34 0.480801
55 37 0.477969
55 45 0.466740
55 39 0.503566
55 50 0.471669
55 40 0.509595
55 46 0.501618
55 41 0.534630
55 49 0.509987
55 48 0.543120
56 14 0.294301
56 13 0.295598
56 0 0.309077
56 9 0.300231
56 1 0.310883
56 8 0.303337
56 3 0.312946
56 11 0.320299
56 12 0.332366
56 20 0.300394
56 10 0.404067
56 4 0.415521
56 7 0.413394
56 5 0.417232
56 15 0.422160
56 2 0.452472
56 23 0.381059
56 17 0.433235
56 31 0.350688
56 29 0.365407
56 24 0.396921
56 25 0.397229
56 28 0.399953
56 30 0.387249
56 19 0.444888
56 16 0.481234
56 27 0.424589
56 26 0.429259
56 6 0.502784
56 33 0.347214
56 32 0.370603
56 21 0.475032
56 18 0.522883
56 22 0.492467
56 34 0.384084
56 44 0.246147
56 35 0.339009
56 37 0.319944
56 42 0.359741
56 46 0.304030
56 49 0.292938
56 40 0.381904
56 39 0.390512
56 43 0.376011
56 36 0.395037
56 41 0.388017
56 47 0.318481
56 38 0.414618
56 45 0.343862
56 50 0.322982
56 48 0.361026
57 3 0.224824
57 9 0.216722
57 10 0.233465
57 8 0.262038
57 11 0.242009
57 12 0.228934
57 13 0.244837
57 14 0.206504
57 2 0.366223
57 0 0.375933
57 1 0.379936
57 4 0.394720
57 5 0.424243
57 7 0.492105
57 6 0.506435
57 16 0.413841
57 15 0.479115
57 28 0.390157
57 18 0.481237
57 33 0.434271
57 24 0.474527
57 44 0.413905
57 22 0.486995
57 43 0.416870
57 31 0.450912
57 17 0.526078
57 26 0.499831
57 32 0.477142
57 25 0.510557
57 20 0.539403
57 29 0.495941
57 30 0.502492
57 23 0.538350
57 27 0.525750
57 38 0.516426
57 19 0.607543
57 34 0.541182
57 42 0.522818
57 40 0.591412
57 50 0.572304
57 39 0.600846
57 46 0.591126
57 48 0.588483
57 21 0.678858
57 41 0.614185
57 37 0.624412
57 45 0.634945
57 47 0.634940
57 36 0.667636
57 35 0.679487
57 49 0.695081
58 11 0.306676
58 32 0.336417
58 2 0.411552
58 5 0.427650
58 30 0.407999
58 1 0.455175
58 9 0.463976
58 7 0.478451
58 3 0.482983
58 4 0.496558
58 8 0.514569
58 33 0.485150
58 0 0.586156
58 16 0.576353
58 29 0.553413
58 13 0.612948
58 44 0.552856
58 12 0.632012
58 10 0.634067
58 28 0.623144
58 31 0.644310
58 36 0.641547
58 34 0.720955
58 26 0.757165
58 19 0.770959
58 23 0.763644
58 46 0.714205
58 20 0.881425
58 47 0.818863
58 37 0.847178
58 40 0.840623
58 38 0.847744
58 48 0.822219
58 18 0.890442
58 17 0.892281
58 15 0.895071
58 6 0.903581
58 21 0.887120
58 42 0.838615
58 14 0.897164
58 50 0.823040
58 39 0.849576
58 27 0.876630
58 25 0.879658
58 43 0.843315
58 45 0.844022
58 22 0.893829
58 41 0.858091
58 35 0.895501
58 24 0.916600
58 49 0.907207
59 9 0.241542
59 1 0.283648
59 12 0.255648
59 11 0.275048
59 8 0.291543
59 13 0.252893
59 10 0.314244
59 2 0.343362
59 14 0.249330
59 4 0.349623
59 3 0.357772
59 5 0.361396
59 0 0.373657
59 16 0.333254
59 17 0.351312
59 7 0.480813
59 6 0.520983
59 28 0.236943
59 15 0.458097
59 32 0.219184
59 31 0.306545
59 18 0.465583
59 29 0.325222
59 20 0.423701
59 44 0.314507
59 43 0.328093
59 26 0.395128
59 30 0.374069
59 19 0.491577
59 33 0.371255
59 24 0.450399
59 23 0.451662
59 22 0.453458
59 21 0.494930
59 25 0.449231
59 49 0.432940
59 40 0.465933
59 35 0.503739
59 47 0.471755
59 37 0.494965
59 46 0.481338
59 34 0.511366
59 45 0.489016
59 39 0.499987
59 38 0.504586
59 36 0.530620
59 41 0.547213
59 42 0.558898
59 50 0.539503
59 48 0.567260
59 27 0.659617
60 8 0.233296
60 11 0.277867
60 9 0.282022
60 14 0.298178
60 10 0.320689
60 12 0.339097
60 3 0.376579
60 5 0.387859
60 7 0.468640
60 13 0.453266
60 0 0.483886
60 1 0.483511
60 15 0.466171
60 2 0.503790
60 31 0.184490
60 28 0.251553
60 6 0.572869
60 16 0.535541
60 29 0.311272
60 33 0.264224
60 30 0.295885
60 4 0.657617
60 20 0.552762
60 18 0.614648
60 17 0.644267
60 19 0.639979
60 22 0.561404
60 23 0.511614
60 36 0.368533
60 32 0.377604
60 35 0.376470
60 44 0.272631
60 24 0.530662
60 27 0.463015
60 26 0.500333
60 48 0.285660
60 21 0.724949
60 25 0.575874
60 45 0.362389
60 39 0.396436
60 34 0.504385
60 37 0.526713
60 40 0.440386
60 38 0.546243
60 43 0.477472
60 41 0.501166
60 42 0.511521
60 46 0.511277
60 50 0.459241
60 47 0.469842
60 49 0.469726
61 10 0.258183
61 11 0.265151
61 9 0.285533
61 13 0.285161
61 12 0.302220
61 8 0.309927
61 14 0.348562
61 3 0.389491
61 1 0.406377
61 4 0.449076
61 2 0.450755
61 5 0.486257
61 6 0.491289
61 7 0.502893
61 0 0.541811
61 28 0.484534
61 31 0.464587
61 15 0.542957
61 18 0.547621
61 17 0.576610
61 19 0.574225
61 44 0.496837
61 29 0.567326
61 16 0.641638
61 33 0.577872
61 40 0.575183
61 22 0.654293
61 30 0.631803
61 24 0.664336
61 32 0.616522
61 23 0.683259
61 21 0.686147
61 20 0.725069
61 36 0.671441
61 27 0.741642
61 25 0.754108
61 48 0.684072
61 34 0.708048
61 35 0.711462
61 42 0.710131
61 39 0.723636
61 49 0.720396
61 47 0.726099
61 50 0.727075
61 41 0.741668
61 43 0.739291
61 45 0.737945
61 37 0.757998
61 26 0.824588
61 38 0.794487
61 46 0.797030
62 8 0.264298
62 10 0.263061
62 9 0.269061
62 5 0.274707
62 12 0.353301
62 1 0.377719
62 14 0.455624
62 11 0.460188
62 7 0.463506
62 44 0.369308
62 13 0.459688
62 0 0.482625
62 6 0.477594
62 32 0.425319
62 28 0.447025
62 36 0.460946
62 2 0.534024
62 30 0.488510
62 40 0.472266
62 29 0.542501
62 19 0.582097
62 34 0.548864
62 20 0.618412
62 33 0.586028
62 3 0.656560
62 16 0.650864
62 4 0.674578
62 46 0.574539
62 38 0.605634
62 18 0.690634
62 17 0.706154
62 31 0.676902
62 43 0.642210
62 22 0.719248
62 26 0.705245
62 24 0.731528
62 21 0.739702
62 42 0.683695
62 45 0.684054
62 48 0.679931
62 35 0.721375
62 37 0.733785
62 25 0.780155
62 50 0.702845
62 15 0.815932
62 41 0.752109
62 27 0.809509
62 23 0.845796
62 39 0.794495
62 47 0.777974
62 49 0.795092
63 9 0.154246
63 8 0.244662
63 3 0.299363
63 0 0.339396
63 10 0.194608
63 5 0.340920
63 1 0.349304
63 2 0.350153
63 4 0.348645
63 11 0.186473
63 13 0.186857
63 12 0.254119
63 6 0.445384
63 14 0.231194
63 7 0.443258
63 28 0.270178
63 16 0.340221
63 32 0.286328
63 18 0.364581
63 33 0.300591
63 31 0.307603
63 29 0.369073
63 17 0.436163
63 22 0.417638
63 19 0.436704
63 24 0.456097
63 25 0.445448
63 26 0.453326
63 21 0.491557
63 30 0.442004
63 23 0.486519
63 15 0.548379
63 44 0.411430
63 20 0.512777
63 43 0.453823
63 38 0.491341
63 40 0.502286
63 34 0.517072
63 39 0.509013
63 36 0.522375
63 37 0.541169
63 35 0.554737
63 47 0.519334
63 27 0.594495
63 45 0.534436
63 50 0.518524
63 41 0.601021
63 48 0.554511
63 42 0.603706
63 49 0.560308
63 46 0.579700
64 10 0.255066
64 14 0.244360
64 13 0.268623
64 11 0.274840
64 3 0.304965
64 8 0.318369
64 0 0.331768
64 12 0.307371
64 5 0.340959
64 1 0.407603
64 4 0.410476
64 9 0.408592
64 30 0.292898
64 6 0.448218
64 28 0.318092
64 29 0.307968
64 31 0.330894
64 26 0.500018
64 2 0.569250
64 7 0.576108
64 22 0.551548
64 15 0.571463
64 17 0.565852
64 16 0.603152
64 25 0.582745
64 32 0.369537
64 21 0.607958
64 24 0.612531
64 33 0.344787
64 36 0.344204
64 19 0.633941
64 44 0.342981
64 27 0.603893
64 23 0.654850
64 20 0.668911
64 18 0.670777
64 45 0.402894
64 35 0.473296
64 40 0.470251
64 37 0.479935
64 38 0.491362
64 47 0.437138
64 43 0.502854
64 39 0.511764
64 41 0.528102
64 50 0.433373
64 46 0.510420
64 48 0.451466
64 42 0.575491
64 49 0.458702
64 34 0.590062
65 8 0.264443
65 10 0.268754
65 3 0.312115
65 7 0.358525
65 1 0.374676
65 2 0.373787
65 5 0.382176
65 9 0.380168
65 12 0.362805
65 14 0.320689
65 0 0.412192
65 13 0.359591
65 4 0.424839
65 11 0.414878
65 6 0.458615
65 28 0.445963
65 15 0.466961
65 30 0.445057
65 16 0.480789
65 22 0.476294
65 33 0.517445
65 26 0.583599
65 20 0.591944
65 25 0.586426
65 34 0.490285
65 23 0.591708
65 31 0.576469
65 27 0.586828
65 32 0.562543
65 29 0.580015
65 24 0.593737
65 18 0.599377
65 36 0.426656
65 17 0.601415
65 35 0.467366
65 19 0.615840
65 21 0.615728
65 42 0.314573
65 38 0.354638
65 44 0.359201
65 47 0.349885
65 50 0.344412
65 39 0.420892
65 41 0.434576
65 43 0.450177
65 45 0.441764
65 46 0.446685
65 37 0.458227
65 40 0.467505
65 48 0.456830
65 49 0.473299
66 0 0.204446
66 8 0.141206
66 9 0.143405
66 10 0.137350
66 1 0.238295
66 11 0.158508
66 4 0.245936
66 13 0.166322
66 14 0.197952
66 12 0.227532
66 6 0.298289
66 3 0.342023
66 2 0.360695
66 5 0.351073
66 7 0.334135
66 15 0.338170
66 30 0.255346
66 16 0.374897
66 19 0.327801
66 20 0.327881
66 33 0.276278
66 21 0.334587
66 29 0.287947
66 18 0.347025
66 28 0.292940
66 17 0.409776
66 31 0.331452
66 32 0.347597
66 22 0.457000
66 25 0.440382
66 27 0.435103
66 44 0.377927
66 26 0.472666
66 23 0.513727
66 43 0.414908
66 45 0.412893
66 24 0.510002
66 35 0.489759
66 39 0.468829
66 41 0.462643
66 37 0.508672
66 49 0.448718
66 42 0.470206
66 40 0.493383
66 46 0.475240
66 36 0.537348
66 47 0.484679
66 38 0.549268
66 34 0.580928
66 48 0.514825
66 50 0.516951
67 8 0.243872
67 9 0.272877
67 10 0.295829
67 12 0.385042
67 11 0.387510
67 13 0.381389
67 3 0.401105
67 0 0.404332
67 14 0.378205
67 1 0.454980
67 6 0.487576
67 44 0.451509
67 32 0.474383
67 30 0.488776
67 2 0.555981
67 4 0.562847
67 15 0.546274
67 28 0.541098
67 16 0.603727
67 18 0.628554
67 38 0.637823
67 20 0.667318
67 40 0.642414
67 42 0.644255
67 33 0.655411
67 27 0.662167
67 45 0.642991
67 5 0.716431
67 24 0.681421
67 19 0.720224
67 7 0.763237
67 47 0.697374
67 36 0.716789
67 31 0.739002
67 29 0.746154
67 26 0.751056
67 50 0.734934
67 39 0.752896
67 49 0.744844
67 41 0.759551
67 34 0.772744
67 46 0.758878
67 21 0.798586
67 48 0.763192
67 43 0.792467
67 22 0.822797
67 23 0.826046
67 17 0.877116
67 35 0.853956
67 25 0.902433
67 37 0.925722
68 8 0.256683
68 9 0.275662
68 13 0.285557
68 11 0.305975
68 0 0.362329
68 14 0.334539
68 12 0.349677
68 1 0.437343
68 10 0.443460
68 6 0.455742
68 4 0.457720
68 3 0.460638
68 2 0.464091
68 19 0.438644
68 15 0.488587
68 5 0.525913
68 31 0.404165
68 7 0.529759
68 21 0.473119
68 30 0.454556
68 20 0.525297
68 29 0.489760
68 32 0.474170
68 17 0.571033
68 28 0.521464
68 33 0.487966
68 23 0.570857
68 35 0.484419
68 25 0.579128
68 44 0.300044
68 22 0.606846
68 27 0.609571
68 24 0.622453
68 26 0.621913
68 16 0.657635
68 34 0.561458
68 18 0.706105
68 42 0.431376
68 36 0.549528
68 50 0.355672
68 38 0.537271
68 37 0.551957
68 41 0.475132
68 39 0.565945
68 48 0.410738
68 45 0.506161
68 40 0.510090
68 46 0.447804
68 49 0.434739
68 47 0.446710
68 43 0.564400
69 8 0.256443
69 4 0.312956
69 13 0.394436
69 10 0.398816
69 1 0.432241
69 12 0.434037
69 28 0.398432
69 0 0.445642
69 11 0.436414
69 7 0.442066
69 14 0.448413
69 32 0.415966
69 2 0.472221
69 6 0.469862
69 40 0.518937
69 44 0.515306
69 30 0.540046
69 9 0.587478
69 24 0.559571
69 39 0.523124
69 36 0.546870
69 5 0.615002
69 22 0.593494
69 34 0.589953
69 3 0.653396
69 26 0.624351
69 38 0.599887
69 20 0.659802
69 45 0.609217
69 16 0.675387
69 29 0.649253
69 35 0.636971
69 17 0.688106
69 33 0.652109
69 42 0.640402
69 18 0.699741
69 15 0.729166
69 31 0.689073
69 47 0.669815
69 50 0.696179
69 43 0.709923
69 46 0.708049
69 25 0.761223
69 41 0.729296
69 27 0.780908
69 23 0.802286
69 49 0.757826
69 37 0.778844
69 21 0.831026
69 48 0.777310
69 19 0.870922
70 8 0.228156
70 9 0.207185
70 11 0.206998
70 10 0.244469
70 12 0.230362
70 13 0.247775
70 3 0.402831
70 1 0.422065
70 4 0.440254
70 6 0.433020
70 5 0.443731
70 7 0.428999
70 14 0.262547
70 0 0.479133
70 2 0.477361
70 32 0.234614
70 29 0.264351
70 30 0.263820
70 33 0.230788
70 28 0.304623
70 31 0.309384
70 15 0.579513
70 44 0.328447
70 19 0.495015
70 16 0.599472
70 21 0.520187
70 24 0.499818
70 23 0.521594
70 27 0.527142
70 26 0.531312
70 20 0.575916
70 36 0.448008
70 18 0.610413
70 25 0.553454
70 40 0.445660
70 17 0.634620
70 22 0.596220
70 42 0.487369
70 45 0.503893
70 38 0.540986
70 35 0.585688
70 37 0.553954
70 39 0.548074
70 34 0.633201
70 46 0.543724
70 47 0.519288
70 43 0.600007
70 41 0.608556
70 50 0.505910
70 49 0.527114
70 48 0.550312
71 8 0.235923
71 9 0.269909
71 12 0.215065
71 11 0.251078
71 10 0.261442
71 0 0.418053
71 1 0.418652
71 3 0.442426
71 13 0.286926
71 5 0.469084
71 2 0.539424
71 14 0.363863
71 4 0.598414
71 6 0.597765
71 32 0.292841
71 29 0.379993
71 15 0.526251
71 30 0.377405
71 20 0.438538
71 28 0.392317
71 44 0.280364
71 7 0.726666
71 19 0.496127
71 16 0.547573
71 31 0.464460
71 18 0.547352
71 17 0.555640
71 33 0.469200
71 26 0.571080
71 22 0.593113
71 38 0.513582
71 23 0.619267
71 21 0.647083
71 35 0.562270
71 40 0.546772
71 24 0.639419
71 25 0.654362
71 36 0.593174
71 47 0.512553
71 45 0.528806
71 43 0.561166
71 42 0.578752
71 39 0.635285
71 37 0.649561
71 34 0.672079
71 27 0.721929
71 48 0.583851
71 46 0.593279
71 50 0.584780
71 49 0.614601
71 41 0.703597
72 11 0.269514
72 3 0.282706
72 0 0.368874
72 31 0.331953
72 1 0.368931
72 33 0.330736
72 8 0.363593
72 13 0.359114
72 5 0.389064
72 2 0.409341
72 4 0.427720
72 7 0.452955
72 30 0.429619
72 9 0.459358
72 44 0.418166
72 29 0.471942
72 6 0.507746
72 17 0.523959
72 47 0.497066
72 15 0.536373
72 35 0.524903
72 32 0.528727
72 24 0.537373
72 12 0.569072
72 38 0.535913
72 39 0.553216
72 26 0.567400
72 19 0.587757
72 20 0.584756
72 41 0.570346
72 50 0.584169
72 45 0.596935
72 28 0.615614
72 14 0.641010
72 21 0.640015
72 10 0.665730
72 27 0.648123
72 25 0.650858
72 22 0.658954
72 43 0.651153
72 23 0.677943
72 48 0.683007
72 42 0.689796
72 18 0.732230
72 46 0.699113
72 40 0.715704
72 36 0.725136
72 16 0.753487
72 34 0.757902
72 37 0.775633
72 49 0.783988
73 10 0.203196
73 9 0.273146
73 0 0.406587
73 13 0.294229
73 11 0.309742
73 8 0.333702
73 1 0.459671
73 2 0.478556
73 12 0.383452
73 14 0.426805
73 3 0.554249
73 5 0.543467
73 6 0.565678
73 4 0.731914
73 30 0.293881
73 28 0.306404
73 32 0.272717
73 17 0.649436
73 16 0.669686
73 31 0.360848
73 7 0.785771
73 18 0.640815
73 33 0.408973
73 29 0.446052
73 21 0.521531
73 36 0.421202
73 26 0.499616
73 19 0.644495
73 44 0.422081
73 25 0.589522
73 15 0.893454
73 23 0.624566
73 35 0.546321
73 22 0.638222
73 42 0.497623
73 27 0.629887
73 39 0.570491
73 37 0.585326
73 50 0.383066
73 45 0.521354
73 24 0.706727
73 40 0.651348
73 20 0.823575
73 38 0.665403
73 43 0.607366
73 48 0.468586
73 34 0.685016
73 46 0.589289
73 41 0.635894
73 49 0.494753
73 47 0.612327
74 11 0.212545
74 12 0.284753
74 10 0.288653
74 9 0.291109
74 8 0.359864
74 14 0.351033
74 4 0.454668
74 0 0.440524
74 13 0.382159
74 2 0.445421
74 3 0.471453
74 1 0.482897
74 5 0.462472
74 6 0.467569
74 7 0.492056
74 15 0.487469
74 29 0.327232
74 30 0.328513
74 19 0.524908
74 16 0.558705
74 31 0.314340
74 18 0.579846
74 21 0.583385
74 17 0.615661
74 28 0.488638
74 33 0.310043
74 20 0.634853
74 32 0.368158
74 25 0.666818
74 26 0.680771
74 44 0.329253
74 23 0.717777
74 27 0.665915
74 22 0.747641
74 43 0.368478
74 42 0.399434
74 50 0.382384
74 24 0.786564
74 37 0.444546
74 47 0.416737
74 46 0.424659
74 38 0.441419
74 34 0.490412
74 35 0.516082
74 39 0.485286
74 40 0.501361
74 45 0.509776
74 48 0.509541
74 36 0.574831
74 41 0.559286
74 49 0.597740
75 12 0.329447
75 9 0.350870
75 8 0.366149
75 10 0.439907
75 11 0.453027
75 5 0.466286
75 14 0.520420
75 0 0.558460
75 28 0.589487
75 13 0.629054
75 6 0.689511
75 32 0.669429
75 30 0.692988
75 31 0.691785
75 17 0.726665
75 44 0.658296
75 4 0.769522
75 18 0.764605
75 15 0.783892
75 2 0.800946
75 3 0.839282
75 16 0.826718
75 29 0.809997
75 1 0.865597
75 7 0.865872
75 24 0.855813
75 21 0.913632
75 33 0.891372
75 20 0.925910
75 37 0.926690
75 39 0.954082
75 40 0.968414
75 23 1.019982
75 49 0.954295
75 22 1.036585
75 45 0.977228
75 19 1.045777
75 36 1.014013
75 46 0.984302
75 42 1.000633
75 25 1.053827
75 34 1.042677
75 35 1.058961
75 26 1.079179
75 27 1.085011
75 48 1.034805
75 38 1.081732
75 43 1.075719
75 41 1.089862
75 50 1.072325
75 47 1.120059
76 9 0.344092
76 13 0.472701
76 8 0.495993
76 3 0.518139
76 0 0.552899
76 30 0.532984
76 5 0.616628
76 7 0.641732
76 6 0.643459
76 31 0.628791
76 1 0.671561
76 28 0.669651
76 44 0.652968
76 32 0.724589
76 11 0.756721
76 29 0.728833
76 33 0.723798
76 4 0.802834
76 18 0.808552
76 14 0.845638
76 47 0.808636
76 10 0.866516
76 35 0.833490
76 17 0.865597
76 12 0.881997
76 25 0.914528
76 37 0.972884
76 15 1.004872
76 2 1.037347
76 21 1.021369
76 23 1.029989
76 39 1.028802
76 45 1.042226
76 19 1.079452
76 38 1.070886
76 40 1.077494
76 43 1.073947
76 41 1.098189
76 22 1.119222
76 49 1.119211
76 16 1.166800
76 34 1.151831
76 48 1.142295
76 46 1.165079
76 50 1.168663
76 24 1.213068
76 42 1.203753
76 36 1.210685
76 27 1.266103
76 26 1.272893
76 20 1.304755
77 14 0.387028
77 9 0.405092
77 44 0.387783
77 8 0.443617
77 33 0.453668
77 32 0.458116
77 10 0.483627
77 12 0.516716
77 1 0.570203
77 30 0.561766
77 3 0.596276
77 5 0.599491
77 13 0.593703
77 31 0.636497
77 28 0.647896
77 37 0.644973
77 42 0.662172
77 2 0.708381
77 36 0.673296
77 24 0.687614
77 0 0.752591
77 19 0.743377
77 11 0.761695
77 29 0.748234
77 46 0.751322
77 39 0.777111
77 7 0.816125
77 40 0.784032
77 50 0.774234
77 47 0.786504
77 49 0.795342
77 35 0.830195
77 18 0.864190
77 16 0.873585
77 4 0.891929
77 38 0.873943
77 45 0.896918
77 6 0.946479
77 22 0.932057
77 20 0.942729
77 34 0.928252
77 26 0.943331
77 23 0.965069
77 48 0.946002
77 21 0.977218
77 41 0.962129
77 27 0.994936
77 17 1.015917
77 43 0.997382
77 15 1.032329
77 25 1.037411
78 10 0.409028
78 11 0.421368
78 32 0.454105
78 6 0.557495
78 8 0.576822
78 13 0.574058
78 2 0.582242
78 5 0.597879
78 46 0.602035
78 9 0.652560
78 18 0.651194
78 44 0.624318
78 7 0.678150
78 19 0.670208
78 28 0.698675
78 29 0.698890
78 39 0.716698
78 45 0.710411
78 25 0.732058
78 3 0.752240
78 36 0.731134
78 27 0.778507
78 22 0.792445
78 24 0.790913
78 26 0.788537
78 31 0.790586
78 34 0.804679
78 17 0.822426
78 0 0.838987
78 1 0.840538
78 14 0.832311
78 43 0.807544
78 30 0.829328
78 20 0.839932
78 33 0.849776
78 12 0.874945
78 23 0.898689
78 16 0.923830
78 4 0.932445
78 41 0.899906
78 21 0.942444
78 47 0.959598
78 48 0.958035
78 15 1.019192
78 37 1.005695
78 38 1.087226
78 50 1.071252
78 40 1.086633
78 42 1.084293
78 35 1.119873
78 49 1.141809
79 8 0.322371
79 9 0.388029
79 10 0.398281
79 11 0.539940
79 6 0.571673
79 1 0.580359
79 24 0.578414
79 2 0.649621
79 12 0.640085
79 36 0.616349
79 7 0.672944
79 14 0.672375
79 4 0.693459
79 13 0.718633
79 31 0.693076
79 32 0.704991
79 33 0.714403
79 23 0.734893
79 0 0.776576
79 44 0.707358
79 40 0.722973
79 29 0.753273
79 28 0.760992
79 45 0.736518
79 47 0.759004
79 30 0.795528
79 39 0.815211
79 34 0.851184
79 49 0.830317
79 41 0.853385
79 3 0.924677
79 22 0.897634
79 27 0.895219
79 46 0.865985
79 42 0.899358
79 50 0.893491
79 35 0.928204
79 38 0.927161
79 48 0.916983
79 19 0.977912
79 5 1.009783
79 18 1.011006
79 26 1.002183
79 21 1.023230
79 20 1.029920
79 43 1.003994
79 37 1.025977
79 15 1.089388
79 16 1.091097
79 25 1.084995
79 17 1.145177
80 11 0.332868
80 33 0.444539
80 32 0.445943
80 13 0.520099
80 30 0.532971
80 1 0.617758
80 3 0.694138
80 0 0.711096
80 10 0.703883
80 9 0.725790
80 8 0.760047
80 39 0.729016
80 5 0.763631
80 28 0.764616
80 21 0.810384
80 31 0.810953
80 18 0.826660
80 14 0.858671
80 42 0.828423
80 16 0.888476
80 26 0.879573
80 44 0.898594
80 29 0.927937
80 12 0.952918
80 27 0.939540
80 19 0.962864
80 48 0.934936
80 40 0.975004
80 17 1.011096
80 25 1.013709
80 34 1.005608
80 15 1.033843
80 7 1.052586
80 36 1.023316
80 24 1.058363
80 38 1.051536
80 4 1.095183
80 45 1.058205
80 46 1.069271
80 49 1.075335
80 47 1.093762
80 35 1.159314
80 43 1.164137
80 2 1.240071
80 6 1.248045
80 23 1.248981
80 20 1.263787
80 50 1.240951
80 37 1.271394
80 22 1.307759
80 41 1.300441
81 8 0.282796
81 9 0.286007
81 10 0.284769
81 11 0.331454
81 13 0.330237
81 14 0.341636
81 12 0.353438
81 1 0.465983
81 3 0.496113
81 5 0.490243
81 4 0.588938
81 0 0.623989
81 2 0.621790
81 29 0.326780
81 6 0.679315
81 30 0.346754
81 32 0.340026
81 7 0.733693
81 28 0.439127
81 16 0.726919
81 15 0.781722
81 18 0.773079
81 33 0.462857
81 44 0.399937
81 20 0.779299
81 31 0.532623
81 22 0.790664
81 24 0.804727
81 23 0.812440
81 19 0.887134
81 25 0.771838
81 35 0.602179
81 17 0.944009
81 26 0.698296
81 21 0.887019
81 38 0.675059
81 27 0.749817
81 40 0.678157
81 47 0.608902
81 43 0.651548
81 42 0.690491
81 34 0.789354
81 36 0.794371
81 45 0.691142
81 39 0.796479
81 37 0.805069
81 50 0.682948
81 41 0.784147
81 46 0.717449
81 48 0.769129
81 49 0.803942
82 9 0.300839
82 13 0.396597
82 11 0.486605
82 30 0.458242
82 44 0.452678
82 3 0.512383
82 0 0.546929
82 1 0.547821
82 10 0.539507
82 29 0.506085
82 33 0.560362
82 28 0.575485
82 14 0.612539
82 31 0.594966
82 8 0.641243
82 12 0.659161
82 5 0.699973
82 32 0.666245
82 7 0.761430
82 25 0.747328
82 19 0.769016
82 4 0.792561
82 38 0.744771
82 15 0.817934
82 27 0.794378
82 40 0.781401
82 43 0.792293
82 23 0.836404
82 45 0.813961
82 17 0.863754
82 36 0.873084
82 50 0.885497
82 49 0.887631
82 20 0.938102
82 21 0.938704
82 6 0.963119
82 37 0.916776
82 47 0.911940
82 46 0.930235
82 34 0.951772
82 39 0.957199
82 24 0.985594
82 16 0.997511
82 48 0.949864
82 2 1.020214
82 41 0.984057
82 18 1.027856
82 22 1.030111
82 35 1.018895
82 42 1.016637
82 26 1.125998
83 9 0.276565
83 10 0.274856
83 12 0.293360
83 8 0.345870
83 11 0.344581
83 3 0.427883
83 14 0.290723
83 13 0.333558
83 5 0.447949
83 0 0.464211
83 1 0.474595
83 7 0.423051
83 2 0.487053
83 4 0.510721
83 6 0.716972
83 28 0.296453
83 29 0.282191
83 16 0.519777
83 31 0.319222
83 30 0.332795
83 33 0.332814
83 20 0.461442
83 15 0.605274
83 18 0.497327
83 32 0.402286
83 44 0.437563
83 22 0.584161
83 17 0.658460
83 19 0.652177
83 26 0.582681
83 23 0.611546
83 25 0.594072
83 27 0.585680
83 24 0.622045
83 21 0.681043
83 41 0.567851
83 40 0.591148
83 39 0.605656
83 36 0.619707
83 43 0.584934
83 34 0.646318
83 42 0.624449
83 35 0.705339
83 49 0.609445
83 37 0.705405
83 38 0.716624
83 45 0.675390
83 50 0.631527
83 48 0.676403
83 47 0.740858
83 46 0.784317
84 9 0.295308
84 8 0.338327
84 12 0.339386
84 10 0.343904
84 11 0.349171
84 13 0.365582
84 14 0.378882
84 5 0.594749
84 30 0.604296
84 29 0.619444
84 4 0.694234
84 7 0.691913
84 33 0.645789
84 6 0.747025
84 31 0.691495
84 3 0.784700
84 32 0.727487
84 1 0.798711
84 15 0.830048
84 44 0.741333
84 2 0.870775
84 18 0.872548
84 28 0.853767
84 48 0.811481
84 17 0.909236
84 45 0.823731
84 47 0.821469
84 39 0.843468
84 0 0.961941
84 25 0.919146
84 24 0.923286
84 19 0.950358
84 26 0.959896
84 41 0.900658
84 42 0.909743
84 35 0.936201
84 43 0.915373
84 27 0.978363
84 38 0.935584
84 37 0.942510
84 23 1.017833
84 49 0.947695
84 22 1.039676
84 20 1.052211
84 21 1.072932
84 40 0.997384
84 34 1.041825
84 36 1.030305
84 46 1.014607
84 50 1.036916
84 16 1.145348
85 14 0.434951
85 8 0.545969
85 33 0.524369
85 6 0.576687
85 1 0.598567
85 24 0.609108
85 44 0.605985
85 12 0.659267
85 0 0.669950
85 11 0.682423
85 2 0.723181
85 29 0.723667
85 10 0.744040
85 32 0.726406
85 5 0.817355
85 26 0.810607
85 31 0.838632
85 7 0.907375
85 39 0.874573
85 27 0.888101
85 9 0.907584
85 30 0.900766
85 28 0.903806
85 3 0.958604
85 13 0.968221
85 46 0.945027
85 18 0.993590
85 22 0.991972
85 36 0.979229
85 20 1.021654
85 4 1.045569
85 40 1.059524
85 41 1.078066
85 19 1.103114
85 42 1.079350
85 38 1.108959
85 16 1.149270
85 34 1.139821
85 37 1.143241
85 50 1.122055
85 47 1.132203
85 45 1.153322
85 21 1.193552
85 43 1.164855
85 48 1.164127
85 23 1.211604
85 25 1.215965
85 15 1.249528
85 49 1.208798
85 17 1.297874
85 35 1.311568
86 9 0.281731
86 11 0.293840
86 10 0.406450
86 8 0.421767
86 13 0.444280
86 31 0.424043
86 44 0.502926
86 1 0.633000
86 33 0.589728
86 32 0.606509
86 5 0.680366
86 12 0.686719
86 29 0.653968
86 6 0.730315
86 3 0.771656
86 2 0.782587
86 7 0.805589
86 28 0.767113
86 30 0.784998
86 41 0.864680
86 43 0.861774
86 0 0.933926
86 14 0.918927
86 49 0.872603
86 25 0.920968
86 4 0.973572
86 46 0.962503
86 15 1.023271
86 45 0.995965
86 37 1.013471
86 47 1.038775
86 26 1.065819
86 20 1.081225
86 21 1.083586
86 19 1.098309
86 35 1.072539
86 36 1.089473
86 23 1.111626
86 27 1.120571
86 18 1.145093
86 39 1.114637
86 38 1.136666
86 17 1.175607
86 40 1.153381
86 16 1.219673
86 42 1.194599
86 24 1.225519
86 50 1.201800
86 48 1.292192
86 34 1.307904
86 22 1.323622
87 8 0.308706
87 9 0.343550
87 12 0.355166
87 13 0.355629
87 10 0.415546
87 11 0.500346
87 14 0.537476
87 28 0.479308
87 0 0.634440
87 6 0.624058
87 3 0.638602
87 4 0.649001
87 29 0.501508
87 32 0.418344
87 1 0.674805
87 5 0.707623
87 30 0.564050
87 31 0.576419
87 2 0.741550
87 22 0.698764
87 7 0.793132
87 33 0.512624
87 21 0.790885
87 19 0.801686
87 15 0.843494
87 16 0.861473
87 25 0.835301
87 20 0.884524
87 26 0.844577
87 24 0.888621
87 18 0.927148
87 44 0.344002
87 27 0.870115
87 17 0.975213
87 34 0.605325
87 23 0.977041
87 40 0.537278
87 36 0.642705
87 37 0.684010
87 46 0.481135
87 38 0.685948
87 35 0.704648
87 45 0.512757
87 42 0.567377
87 39 0.735864
87 47 0.548974
87 43 0.609190
87 41 0.614376
87 50 0.574365
87 48 0.604172
87 49 0.608275
88 10 0.366831
88 44 0.391443
88 28 0.433045
88 9 0.483108
88 29 0.476448
88 33 0.474003
88 13 0.553080
88 3 0.580527
88 14 0.583197
88 1 0.598457
88 11 0.592612
88 8 0.651319
88 31 0.634313
88 4 0.714592
88 5 0.725014
88 30 0.713997
88 12 0.755156
88 32 0.771155
88 40 0.774586
88 2 0.862353
88 21 0.896145
88 18 0.909466
88 6 0.943036
88 16 0.954257
88 43 0.925677
88 35 0.941490
88 7 0.973316
88 15 0.998932
88 17 1.002281
88 49 0.973064
88 39 1.001580
88 36 1.006394
88 0 1.040533
88 25 1.022139
88 20 1.073210
88 45 1.072673
88 50 1.067212
88 41 1.081010
88 37 1.092188
88 23 1.129995
88 19 1.139985
88 26 1.133939
88 24 1.140809
88 46 1.125592
88 27 1.155568
88 34 1.164033
88 47 1.152399
88 42 1.183765
88 48 1.208225
88 38 1.237649
88 22 1.306318
89 8 0.319024
89 9 0.321434
89 13 0.289092
89 12 0.292168
89 10 0.318690
89 14 0.308693
89 11 0.303346
89 3 0.544000
89 1 0.551841
89 0 0.653929
89 5 0.650400
89 28 0.431306
89 4 0.808799
89 33 0.421562
89 30 0.428928
89 2 0.831367
89 29 0.430923
89 6 0.828995
89 7 0.824756
89 32 0.440866
89 16 0.773913
89 44 0.452992
89 31 0.586323
89 22 0.713887
89 15 0.955383
89 18 0.906062
89 17 0.956756
89 20 0.867663
89 21 0.848279
89 34 0.769388
89 26 0.825223
89 19 0.991350
89 27 0.858879
89 40 0.832572
89 35 0.873789
89 25 0.997335
89 36 0.927938
89 24 1.020442
89 23 1.040277
89 41 0.922766
89 47 0.889370
89 45 0.912807
89 43 0.917169
89 38 0.965363
89 50 0.904296
89 42 0.958603
89 48 0.940574
89 49 0.941216
89 37 1.013767
89 46 0.991867
89 39 1.071032
90 10 0.374556
90 13 0.446956
90 8 0.463812
90 31 0.581278
90 5 0.614223
90 1 0.619007
90 3 0.617482
90 43 0.627298
90 33 0.643711
90 29 0.654681
90 11 0.690019
90 7 0.696426
90 6 0.703659
90 47 0.664782
90 9 0.751918
90 30 0.731240
90 40 0.768431
90 12 0.854911
90 0 0.883289
90 36 0.849684
90 32 0.874673
90 28 0.909148
90 16 0.930999
90 14 0.940870
90 17 0.937218
90 19 0.960067
90 21 0.965160
90 44 0.947852
90 18 0.982674
90 2 1.016888
90 25 0.995626
90 4 1.031230
90 38 1.000425
90 35 1.004116
90 20 1.027661
90 15 1.034907
90 39 1.026124
90 26 1.039426
90 41 1.024686
90 46 1.027954
90 24 1.059088
90 23 1.062383
90 22 1.063975
90 34 1.069374
90 50 1.084398
90 45 1.100335
90 27 1.125558
90 49 1.155415
90 42 1.177143
90 37 1.211145
90 48 1.241996
91 8 0.296121
91 12 0.380716
91 28 0.418480
91 31 0.439836
91 14 0.461934
91 32 0.440643
91 10 0.562824
91 0 0.648671
91 44 0.607477
91 30 0.629270
91 4 0.682473
91 2 0.722530
91 43 0.727975
91 3 0.797460
91 6 0.803530
91 35 0.774254
91 1 0.826996
91 33 0.818862
91 29 0.823407
91 18 0.858338
91 7 0.876985
91 47 0.840085
91 38 0.864817
91 11 0.904289
91 20 0.898683
91 13 0.912507
91 9 0.941937
91 23 0.923081
91 40 0.905788
91 5 0.985009
91 17 0.973359
91 16 0.995805
91 21 1.006438
91 34 1.002790
91 49 0.983646
91 48 0.992571
91 19 1.031867
91 37 1.020450
91 42 1.020835
91 24 1.041171
91 15 1.099712
91 26 1.093758
91 50 1.066168
91 22 1.111824
91 27 1.130433
91 46 1.113812
91 39 1.128487
91 41 1.154594
91 25 1.183686
91 36 1.178391
91 45 1.232147
92 9 0.399433
92 10 0.414648
92 13 0.576021
92 8 0.655656
92 12 0.786049
92 5 0.815235
92 19 0.805696
92 29 0.821422
92 1 0.847955
92 2 0.847619
92 0 0.850617
92 21 0.876904
92 45 0.845051
92 31 0.901787
92 44 0.906160
92 33 0.935595
92 11 0.978716
92 37 0.953336
92 14 0.978816
92 30 0.964822
92 38 0.959387
92 32 0.988272
92 28 1.004248
92 41 0.996340
92 6 1.035783
92 3 1.038917
92 42 0.996672
92 20 1.036310
92 17 1.066432
92 18 1.085157
92 47 1.141934
92 4 1.200197
92 23 1.185943
92 35 1.205952
92 40 1.221668
92 36 1.236599
92 49 1.227311
92 16 1.280873
92 7 1.297013
92 43 1.264731
92 15 1.312606
92 25 1.330996
92 24 1.349764
92 46 1.335518
92 27 1.369452
92 50 1.340091
92 26 1.391036
92 34 1.391614
92 39 1.387252
92 48 1.390666
92 22 1.469850
93 8 0.459354
93 32 0.472719
93 14 0.522756
93 44 0.614835
93 33 0.654740
93 4 0.788777
93 19 0.814281
93 1 0.840661
93 21 0.839274
93 5 0.890237
93 9 0.948233
93 29 0.941283
93 7 0.962177
93 20 0.973554
93 13 1.012147
93 11 1.027906
93 31 1.023355
93 43 1.035685
93 18 1.068120
93 30 1.109945
93 6 1.133227
93 10 1.130929
93 12 1.133981
93 28 1.133703
93 35 1.141415
93 41 1.179485
93 3 1.241179
93 0 1.243508
93 34 1.241662
93 40 1.256231
93 50 1.252000
93 47 1.256058
93 25 1.298773
93 2 1.330894
93 17 1.329801
93 26 1.324322
93 15 1.367764
93 16 1.454064
93 49 1.444402
93 24 1.490081
93 45 1.460909
93 39 1.510642
93 48 1.506524
93 36 1.534828
93 42 1.531198
93 38 1.548767
93 46 1.534768
93 22 1.584197
93 23 1.592347
93 37 1.616983
93 27 1.635466
94 11 0.442006
94 13 0.470497
94 28 0.561702
94 32 0.680814
94 44 0.664675
94 31 0.683832
94 1 0.723908
94 30 0.712761
94 9 0.734286
94 5 0.762958
94 36 0.762256
94 3 0.817884
94 12 0.896509
94 25 0.910292
94 40 0.910531
94 23 0.932704
94 26 0.930362
94 15 0.955848
94 14 0.957182
94 47 0.925413
94 43 0.951833
94 10 1.001892
94 8 1.003913
94 16 1.000966
94 34 1.019207
94 35 1.045605
94 38 1.042242
94 29 1.079436
94 22 1.093743
94 24 1.102956
94 33 1.106307
94 7 1.153022
94 17 1.167479
94 0 1.205090
94 6 1.201375
94 19 1.219812
94 20 1.246110
94 45 1.226584
94 21 1.275252
94 46 1.256889
94 39 1.323490
94 2 1.369057
94 41 1.377105
94 50 1.363836
94 4 1.438181
94 49 1.401567
94 27 1.460553
94 18 1.482540
94 37 1.509479
94 48 1.502904
94 42 1.538372
95 13 0.414588
95 10 0.432381
95 28 0.434497
95 32 0.445461
95 8 0.471598
95 0 0.678382
95 16 0.711966
95 4 0.758190
95 2 0.784770
95 14 0.777747
95 12 0.781410
95 31 0.771473
95 21 0.846298
95 46 0.826335
95 44 0.846149
95 40 0.875640
95 6 0.913693
95 29 0.918488
95 9 0.945338
95 3 0.970446
95 11 0.989894
95 19 0.992083
95 43 0.977311
95 18 1.003772
95 15 1.006767
95 33 1.005274
95 30 1.014922
95 36 1.022302
95 45 1.024012
95 35 1.042056
95 24 1.055672
95 25 1.062696
95 27 1.068111
95 1 1.089036
95 34 1.077748
95 23 1.109609
95 7 1.175665
95 39 1.154399
95 5 1.194309
95 42 1.175081
95 38 1.215485
95 41 1.213668
95 48 1.237658
95 49 1.243411
95 20 1.319216
95 37 1.306702
95 47 1.293945
95 22 1.336005
95 17 1.348602
95 26 1.352198
95 50 1.375759
96 9 0.438078
96 44 0.407521
96 8 0.466459
96 33 0.454660
96 0 0.564048
96 5 0.577211
96 31 0.599733
96 2 0.670661
96 11 0.690621
96 10 0.696109
96 7 0.699826
96 32 0.694761
96 1 0.739382
96 3 0.774867
96 24 0.768136
96 29 0.774450
96 45 0.757519
96 47 0.810600
96 23 0.898345
96 37 0.884948
96 12 0.920693
96 13 0.920295
96 14 0.929201
96 30 0.937555
96 20 0.971450
96 36 0.963934
96 39 0.965358
96 28 0.982866
96 38 0.974580
96 50 0.967286
96 16 1.013097
96 43 1.014104
96 4 1.069073
96 6 1.066235
96 42 1.104189
96 15 1.133329
96 35 1.111954
96 25 1.122973
96 17 1.134858
96 40 1.113177
96 21 1.145201
96 19 1.169341
96 48 1.147455
96 18 1.206712
96 46 1.187071
96 41 1.203529
96 27 1.223110
96 34 1.235002
96 26 1.255022
96 49 1.247104
96 22 1.307712
97 9 0.410262
97 12 0.632372
97 29 0.617243
97 10 0.635309
97 33 0.615022
97 11 0.635618
97 32 0.651318
97 3 0.689259
97 13 0.683419
97 30 0.688376
97 1 0.745918
97 23 0.763770
97 4 0.779687
97 21 0.833874
97 28 0.838029
97 8 0.887895
97 0 0.954254
97 45 0.932206
97 19 0.966082
97 6 0.984885
97 39 0.955684
97 31 0.981552
97 44 0.974164
97 18 1.006503
97 15 1.009676
97 24 1.001973
97 14 1.021246
97 35 1.024074
97 36 1.035129
97 20 1.052173
97 17 1.054940
97 34 1.047920
97 25 1.074457
97 48 1.057953
97 5 1.126549
97 16 1.119137
97 7 1.157763
97 43 1.126671
97 38 1.152069
97 26 1.171196
97 46 1.155756
97 47 1.160655
97 42 1.170358
97 40 1.210572
97 2 1.262073
97 37 1.242198
97 27 1.260008
97 22 1.267272
97 41 1.314901
97 50 1.304115
97 49 1.411581
98 13 0.523259
98 12 0.587071
98 8 0.592239
98 1 0.711123
98 3 0.710393
98 0 0.755220
98 5 0.864740
98 28 0.884903
98 10 0.923695
98 11 0.993165
98 32 0.972663
98 9 1.000624
98 4 1.019767
98 45 1.015151
98 44 1.024792
98 34 1.091968
98 29 1.096905
98 14 1.114865
98 31 1.105447
98 7 1.143060
98 22 1.182905
98 30 1.203689
98 35 1.212829
98 33 1.216626
98 6 1.242335
98 23 1.289906
98 38 1.307766
98 46 1.338183
98 17 1.400400
98 42 1.379600
98 26 1.421879
98 25 1.437745
98 27 1.436192
98 43 1.456075
98 16 1.507222
98 40 1.497437
98 18 1.522729
98 41 1.526610
98 20 1.552584
98 24 1.569194
98 50 1.561981
98 39 1.608635
98 36 1.625652
98 2 1.659601
98 19 1.734178
98 15 1.739939
98 37 1.716230
98 47 1.698829
98 21 1.793102
98 48 1.805584
98 49 1.805059
99 12 0.517345
99 44 0.522926
99 8 0.633188
99 10 0.657299
99 14 0.725506
99 11 0.813115
99 1 0.892327
99 31 0.865412
99 33 0.991969
99 3 1.023049
99 0 1.025959
99 5 1.023028
99 2 1.093430
99 9 1.095148
99 7 1.117692
99 38 1.089793
99 27 1.155071
99 28 1.155184
99 32 1.151479
99 16 1.188913
99 29 1.174908
99 6 1.197028
99 20 1.206780
99 13 1.231590
99 43 1.195724
99 30 1.231062
99 19 1.283163
99 25 1.359882
99 40 1.338357
99 46 1.346206
99 35 1.364727
99 41 1.354719
99 49 1.373011
99 24 1.409110
99 42 1.383613
99 34 1.398511
99 4 1.445981
99 18 1.460063
99 48 1.442251
99 47 1.481314
99 15 1.537446
99 26 1.525594
99 39 1.509378
99 21 1.547176
99 37 1.527236
99 17 1.568125
99 50 1.562723
99 22 1.602681
99 45 1.659180
99 36 1.674883
99 23 1.774981
100 9 0.274969
100 8 0.339323
100 12 0.314144
100 13 0.295163
100 10 0.366925
100 11 0.360316
100 3 0.497294
100 5 0.530897
100 14 0.420917
100 1 0.613669
100 0 0.628649
100 2 0.628794
100 28 0.324223
100 31 0.318277
100 32 0.347629
100 7 0.779786
100 30 0.382068
100 4 0.808950
100 33 0.480574
100 29 0.505388
100 15 0.807031
100 44 0.419586
100 16 0.842825
100 17 0.825897
100 6 1.003491
100 21 0.719262
100 25 0.655454
100 18 0.867843
100 23 0.767969
100 24 0.738667
100 20 0.833800
100 19 0.882843
100 22 0.838101
100 42 0.641787
100 27 0.794441
100 26 0.829341
100 50 0.557609
100 35 0.821472
100 38 0.791877
100 41 0.808435
100 40 0.818653
100 39 0.827377
100 47 0.783709
100 48 0.744160
100 45 0.815938
100 36 0.900264
100 34 0.941242
100 43 0.845108
100 37 0.989667
100 46 0.923044
100 49 0.800800
101 9 0.415937
101 10 0.457655
101 0 0.605220
101 5 0.624453
101 29 0.619242
101 1 0.646001
101 3 0.673677
101 14 0.688883
101 20 0.738490
101 8 0.790985
101 6 0.854144
101 42 0.816286
101 11 0.890278
101 28 0.991255
101 47 0.964899
101 36 0.982402
101 44 0.972851
101 33 0.989928
101 30 0.993204
101 13 1.010893
101 12 1.012491
101 32 0.993144
101 25 1.017932
101 43 0.995159
101 49 0.987341
101 2 1.070872
101 31 1.078420
101 45 1.112594
101 23 1.141454
101 16 1.179041
101 40 1.149905
101 37 1.156245
101 4 1.206759
101 19 1.211041
101 35 1.193081
101 39 1.188836
101 7 1.222582
101 27 1.218931
101 38 1.206236
101 24 1.223528
101 18 1.230730
101 48 1.217608
101 41 1.278521
101 26 1.326930
101 21 1.333404
101 50 1.298026
101 46 1.314624
101 34 1.345604
101 17 1.377196
101 15 1.389613
101 22 1.484629
102 10 0.467084
102 28 0.538101
102 8 0.602019
102 13 0.604212
102 0 0.641474
102 1 0.662224
102 29 0.623883
102 5 0.675431
102 3 0.677548
102 2 0.703198
102 12 0.722909
102 7 0.728721
102 32 0.707855
102 6 0.790263
102 4 0.799385
102 14 0.801315
102 46 0.804894
102 30 0.856991
102 47 0.838233
102 9 0.930288
102 44 0.920687
102 25 0.953427
102 33 0.946811
102 11 0.999458
102 31 1.007444
102 15 1.042973
102 24 1.033691
102 42 1.071591
102 40 1.081563
102 36 1.088507
102 27 1.099280
102 26 1.101837
102 34 1.100964
102 49 1.106783
102 45 1.174979
102 17 1.223398
102 22 1.218268
102 38 1.211290
102 16 1.255510
102 37 1.230567
102 18 1.272594
102 50 1.235122
102 39 1.246973
102 23 1.275595
102 21 1.281859
102 41 1.263246
102 19 1.312324
102 43 1.295863
102 20 1.332977
102 35 1.315003
102 48 1.399646
103 9 0.416553
103 11 0.539287
103 14 0.546224
103 8 0.551588
103 13 0.588354
103 4 0.760711
103 33 0.750164
103 31 0.757380
103 10 0.879827
103 7 0.916355
103 5 0.919311
103 44 0.859258
103 0 1.095746
103 39 1.038883
103 43 1.033007
103 12 1.088316
103 28 1.066388
103 6 1.094786
103 3 1.123376
103 45 1.058137
103 37 1.071763
103 32 1.082877
103 29 1.106195
103 17 1.193520
103 30 1.168813
103 16 1.224978
103 25 1.214631
103 1 1.250344
103 41 1.230498
103 2 1.290108
103 21 1.272320
103 35 1.272410
103 36 1.285394
103 42 1.276968
103 19 1.323932
103 23 1.332794
103 15 1.409512
103 38 1.365259
103 34 1.385455
103 20 1.419668
103 50 1.386305
103 27 1.448329
103 18 1.515612
103 49 1.455210
103 22 1.526475
103 47 1.493020
103 48 1.502420
103 26 1.549780
103 46 1.509293
103 40 1.555854
103 24 1.604719
104 14 0.407543
104 9 0.421369
104 8 0.528705
104 29 0.501148
104 33 0.520952
104 12 0.599361
104 28 0.589318
104 4 0.662580
104 11 0.687636
104 44 0.646940
104 10 0.727852
104 32 0.732311
104 2 0.788521
104 30 0.750711
104 31 0.770417
104 0 0.845107
104 6 0.871525
104 13 0.868168
104 16 0.889398
104 36 0.853867
104 48 0.857836
104 18 0.921392
104 7 0.949596
104 38 0.901985
104 43 0.899022
104 47 0.900395
104 1 0.982973
104 45 0.936926
104 24 0.990321
104 3 1.037679
104 40 0.984570
104 34 1.000481
104 39 1.011501
104 37 1.037528
104 26 1.063735
104 22 1.097570
104 46 1.065621
104 17 1.126800
104 27 1.116369
104 5 1.156441
104 50 1.092039
104 42 1.113760
104 41 1.120411
104 15 1.171284
104 49 1.133203
104 19 1.191812
104 35 1.197554
104 23 1.236136
104 25 1.263007
104 20 1.290314
104 21 1.319885
105 8 0.481594
105 13 0.492035
105 0 0.537980
105 6 0.742394
105 12 0.757938
105 29 0.737007
105 10 0.766082
105 31 0.778732
105 5 0.838608
105 11 0.845404
105 3 0.880896
105 14 0.872344
105 32 0.846284
105 33 0.884208
105 9 0.960953
105 7 1.005074
105 44 0.964424
105 30 0.981598
105 45 1.012783
105 15 1.074642
105 28 1.068680
105 20 1.109938
105 36 1.099512
105 4 1.179583
105 47 1.159782
105 39 1.185247
105 1 1.281343
105 37 1.310241
105 40 1.328847
105 43 1.331912
105 18 1.383605
105 2 1.414190
105 41 1.381365
105 16 1.425815
105 34 1.406734
105 24 1.416502
105 35 1.415922
105 42 1.413778
105 26 1.489413
105 17 1.531932
105 38 1.508866
105 48 1.515475
105 46 1.529500
105 27 1.557963
105 22 1.612979
105 19 1.628225
105 50 1.593694
105 23 1.631020
105 49 1.617602
105 25 1.684387
105 21 1.712392
106 12 0.490039
106 33 0.530114
106 32 0.571141
106 44 0.651068
106 0 0.773828
106 30 0.747275
106 1 0.774101
106 13 0.776944
106 29 0.759756
106 8 0.843466
106 14 0.839924
106 10 0.843294
106 31 0.871921
106 11 0.981369
106 45 0.968166
106 7 1.021452
106 20 1.020451
106 36 1.021752
106 4 1.083856
106 28 1.061154
106 16 1.092536
106 9 1.121466
106 5 1.179405
106 3 1.190248
106 40 1.169807
106 34 1.198049
106 42 1.299248
106 19 1.337172
106 27 1.329740
106 2 1.446003
106 15 1.437663
106 26 1.425763
106 24 1.445879
106 50 1.422586
106 37 1.453035
106 39 1.469350
106 17 1.495699
106 47 1.472853
106 43 1.501551
106 38 1.511523
106 21 1.551742
106 18 1.555799
106 6 1.567157
106 22 1.559742
106 48 1.538073
106 35 1.565697
106 46 1.551673
106 49 1.547865
106 25 1.595454
106 41 1.598598
106 23 1.620232
107 9 0.467975
107 14 0.581989
107 13 0.735973
107 28 0.763142
107 11 0.779873
107 3 0.786371
107 1 0.793819
107 8 0.790087
107 5 0.831950
107 30 0.825378
107 31 0.866202
107 32 0.865231
107 43 0.891710
107 4 0.948096
107 10 1.005269
107 6 1.058013
107 44 1.058571
107 29 1.080159
107 7 1.101663
107 12 1.155581
107 0 1.191687
107 15 1.181204
107 35 1.172122
107 36 1.221985
107 41 1.228025
107 40 1.244532
107 38 1.247676
107 33 1.255782
107 27 1.278969
107 2 1.323218
107 24 1.304893
107 47 1.278234
107 17 1.353984
107 20 1.374100
107 45 1.354756
107 39 1.376451
107 49 1.380951
107 25 1.425440
107 34 1.427660
107 26 1.452595
107 22 1.456904
107 18 1.461983
107 46 1.442439
107 50 1.450254
107 21 1.500341
107 16 1.540651
107 48 1.514552
107 19 1.552442
107 42 1.550958
107 37 1.659140
107 23 1.685595
108 14 0.520951
108 29 0.840094
108 31 0.890324
108 13 0.937282
108 10 0.953490
108 5 0.988616
108 1 0.994159
108 40 0.982912
108 2 1.036060
108 30 1.035767
108 3 1.068418
108 32 1.065309
108 4 1.162270
108 28 1.133609
108 0 1.172357
108 9 1.188880
108 12 1.187794
108 8 1.192074
108 44 1.179729
108 33 1.236543
108 6 1.309728
108 49 1.264950
108 11 1.359556
108 42 1.485316
108 37 1.541455
108 25 1.586527
108 43 1.572929
108 18 1.620013
108 47 1.627228
108 26 1.668962
108 7 1.701440
108 36 1.681668
108 45 1.687635
108 19 1.735166
108 22 1.740055
108 35 1.747001
108 34 1.804059
108 41 1.789059
108 15 1.847493
108 16 1.857463
108 27 1.866387
108 46 1.836975
108 24 1.906697
108 39 1.906306
108 23 1.958443
108 20 1.974180
108 21 1.999379
108 50 1.965510
108 38 2.018282
108 17 2.071946
108 48 2.077480
109 8 0.401234
109 32 0.611308
109 11 0.654061
109 9 0.679587
109 28 0.716945
109 5 0.764958
109 29 0.774591
109 7 0.818907
109 1 0.829056
109 13 0.842062
109 31 0.824211
109 44 0.818896
109 12 0.855788
109 2 0.966303
109 33 0.940428
109 3 0.971111
109 4 0.979312
109 10 1.027919
109 46 1.005056
109 0 1.115408
109 19 1.106591
109 30 1.096942
109 38 1.097169
109 40 1.104875
109 22 1.163322
109 14 1.180284
109 48 1.155196
109 45 1.158799
109 37 1.177043
109 25 1.212152
109 41 1.202040
109 17 1.234558
109 23 1.236065
109 16 1.272257
109 15 1.291297
109 20 1.309306
109 35 1.302061
109 21 1.335125
109 27 1.329180
109 6 1.358242
109 47 1.322469
109 24 1.368199
109 26 1.380742
109 43 1.361226
109 49 1.368539
109 50 1.382569
109 34 1.413953
109 39 1.421209
109 42 1.426430
109 18 1.453863
109 36 1.502917
110 11 0.580099
110 12 0.615418
110 44 0.574722
110 8 0.631073
110 29 0.676618
110 10 0.769735
110 1 0.899997
110 9 0.981272
110 14 0.978324
110 0 1.020309
110 6 1.050412
110 32 1.020762
110 35 1.037113
110 28 1.081961
110 13 1.117282
110 4 1.190856
110 2 1.275238
110 24 1.268814
110 18 1.286779
110 31 1.271681
110 42 1.267468
110 33 1.282287
110 45 1.263609
110 37 1.312032
110 30 1.321636
110 43 1.316632
110 5 1.404962
110 38 1.369844
110 16 1.414788
110 22 1.421409
110 3 1.466528
110 46 1.437050
110 25 1.487268
110 34 1.476857
110 50 1.463497
110 27 1.506907
110 39 1.505891
110 36 1.527067
110 19 1.558654
110 47 1.520450
110 20 1.566747
110 17 1.572356
110 7 1.583929
110 40 1.543266
110 21 1.576709
110 49 1.579274
110 41 1.603069
110 26 1.650586
110 15 1.744880
110 48 1.698542
110 23 1.798647
111 9 0.550173
111 3 0.574657
111 2 0.628757
111 5 0.635505
111 13 0.653535
111 11 0.691500
111 29 0.747524
111 33 0.752292
111 30 0.756492
111 32 0.755586
111 1 0.782373
111 44 0.742703
111 8 0.780934
111 12 0.779868
111 31 0.788109
111 15 0.833555
111 10 0.864864
111 19 0.859608
111 17 0.880620
111 14 0.895423
111 23 0.907987
111 21 0.957998
111 47 0.935464
111 38 0.948794
111 43 0.968403
111 28 0.996996
111 4 1.023990
111 7 1.071259
111 26 1.083531
111 18 1.097793
111 34 1.092421
111 0 1.131519
111 37 1.139986
111 27 1.160635
111 39 1.157032
111 41 1.153309
111 22 1.196850
111 49 1.166625
111 42 1.181424
111 48 1.176590
111 16 1.213471
111 6 1.249210
111 20 1.305375
111 45 1.284863
111 25 1.316011
111 36 1.313851
111 50 1.321270
111 24 1.380944
111 46 1.374854
111 40 1.399032
111 35 1.418954
112 10 0.519087
112 8 0.613081
112 11 0.641701
112 28 0.767633
112 0 0.966540
112 29 0.983263
112 1 1.007948
112 12 1.000767
112 31 0.982047
112 2 1.075713
112 5 1.091642
112 30 1.146639
112 16 1.162623
112 13 1.164975
112 6 1.172794
112 4 1.181189
112 7 1.191413
112 44 1.184020
112 46 1.183900
112 9 1.250707
112 20 1.377797
112 33 1.362578
112 17 1.380965
112 35 1.384102
112 3 1.415204
112 27 1.394965
112 14 1.481653
112 15 1.493583
112 32 1.476517
112 41 1.498045
112 22 1.542289
112 38 1.575267
112 48 1.575154
112 26 1.686149
112 43 1.661155
112 39 1.680486
112 50 1.670943
112 18 1.715051
112 21 1.728614
112 40 1.704287
112 47 1.707002
112 24 1.740948
112 36 1.742112
112 34 1.757748
112 45 1.787990
112 25 1.832461
112 23 1.835809
112 42 1.808103
112 19 1.869135
112 49 1.828842
112 37 1.943097
113 32 0.648425
113 31 0.665107
113 29 0.712368
113 9 0.806456
113 11 0.845185
113 30 0.910396
113 21 0.926303
113 13 0.958875
113 28 0.977028
113 5 1.006397
113 7 1.034075
113 8 1.081018
113 12 1.077971
113 3 1.090498
113 44 1.052400
113 43 1.055447
113 42 1.070092
113 33 1.109662
113 14 1.143054
113 10 1.172827
113 49 1.143452
113 6 1.252964
113 0 1.290058
113 39 1.249510
113 47 1.240550
113 19 1.282038
113 50 1.257440
113 4 1.321265
113 35 1.295442
113 25 1.311161
113 15 1.349364
113 45 1.322355
113 1 1.382714
113 20 1.368871
113 2 1.418435
113 17 1.407918
113 36 1.406178
113 48 1.402265
113 41 1.416059
113 34 1.430783
113 38 1.452258
113 27 1.492352
113 16 1.569986
113 40 1.548360
113 18 1.618314
113 24 1.645625
113 46 1.622183
113 23 1.671486
113 37 1.675188
113 26 1.691593
113 22 1.834672
114 8 0.413052
114 10 0.478468
114 14 0.578707
114 13 0.607197
114 9 0.635298
114 0 0.691057
114 1 0.743763
114 3 0.776757
114 28 0.845931
114 44 0.814402
114 29 0.846519
114 11 0.931846
114 4 0.974561
114 32 0.944180
114 31 0.952306
114 5 1.019947
114 2 1.071312
114 30 1.038428
114 7 1.107754
114 12 1.104021
114 33 1.128536
114 6 1.295433
114 15 1.340425
114 40 1.307062
114 16 1.384307
114 26 1.438872
114 18 1.456886
114 36 1.456627
114 43 1.539425
114 45 1.561090
114 17 1.614067
114 42 1.598924
114 37 1.636069
114 22 1.662910
114 25 1.679142
114 39 1.660127
114 23 1.698141
114 35 1.684531
114 24 1.704509
114 34 1.701621
114 46 1.675996
114 27 1.719578
114 49 1.714824
114 48 1.723600
114 50 1.727699
114 38 1.775264
114 21 1.807493
114 41 1.794026
114 20 1.831803
114 19 1.839406
114 47 1.952163
115 12 0.444251
115 9 0.459415
115 31 0.549385
115 45 0.560079
115 4 0.720724
115 11 0.763108
115 2 0.790984
115 27 0.800204
115 33 0.806732
115 36 0.852739
115 10 0.891897
115 28 0.878310
115 8 0.920593
115 13 0.917804
115 30 0.906558
115 6 0.950567
115 3 0.989495
115 44 0.976775
115 24 1.001904
115 43 0.988934
115 14 1.050911
115 32 1.034981
115 29 1.038220
115 5 1.068522
115 1 1.071849
115 41 1.044939
115 21 1.070354
115 7 1.130951
115 22 1.118861
115 47 1.171023
115 34 1.201796
115 35 1.202216
115 19 1.221051
115 39 1.197983
115 17 1.234074
115 26 1.227284
115 38 1.215845
115 25 1.250261
115 23 1.253147
115 16 1.261083
115 0 1.283641
115 15 1.284057
115 48 1.254610
115 49 1.274133
115 18 1.344926
115 37 1.343928
115 42 1.351045
115 50 1.348590
115 20 1.395344
115 46 1.408910
115 40 1.439191
116 12 0.641585
116 32 0.635546
116 13 0.758996
116 8 0.778744
116 4 0.814237
116 30 0.809885
116 3 0.834513
116 31 0.853300
116 0 0.882460
116 10 0.876078
116 28 0.890858
116 14 0.940863
116 44 0.915695
116 29 0.943415
116 33 0.982528
116 9 1.007006
116 38 0.974649
116 11 1.036567
116 47 1.104255
116 16 1.164740
116 2 1.175054
116 18 1.164580
116 43 1.161874
116 1 1.223935
116 40 1.202854
116 48 1.219886
116 20 1.260084
116 34 1.271407
116 22 1.287589
116 17 1.354602
116 49 1.313481
116 24 1.348792
116 7 1.390660
116 6 1.404493
116 15 1.413133
116 46 1.402835
116 21 1.460230
116 5 1.488229
116 26 1.485870
116 35 1.487633
116 41 1.478921
116 42 1.477334
116 39 1.492098
116 25 1.515396
116 36 1.508079
116 27 1.524284
116 23 1.551926
116 50 1.558126
116 19 1.622449
116 45 1.598358
116 37 1.608495
117 9 0.540826
117 8 0.618606
117 10 0.682531
117 14 0.823804
117 34 1.045314
117 32 1.082730
117 30 1.085029
117 3 1.148160
117 44 1.103785
117 4 1.150973
117 25 1.152995
117 23 1.226492
117 7 1.239988
117 12 1.274686
117 28 1.259599
117 2 1.397773
117 47 1.347455
117 11 1.392638
117 13 1.412466
117 22 1.407240
117 29 1.398931
117 31 1.418055
117 5 1.443112
117 24 1.447485
117 16 1.456332
117 15 1.478614
117 1 1.565620
117 45 1.517168
117 50 1.552801
117 46 1.558985
117 33 1.621432
117 0 1.672529
117 48 1.640657
117 6 1.706852
117 40 1.668484
117 20 1.716881
117 21 1.731850
117 49 1.709861
117 38 1.745168
117 43 1.782992
117 36 1.797756
117 26 1.828705
117 35 1.912788
117 17 1.933416
117 19 1.932145
117 41 1.902518
117 39 1.905352
117 42 1.902408
117 18 1.950708
117 37 1.925318
117 27 1.968394
118 12 0.611573
118 14 0.663576
118 8 0.684974
118 31 0.679574
118 9 0.869047
118 28 0.849853
118 10 0.870750
118 13 0.869136
118 44 0.897055
118 30 0.916795
118 0 1.022495
118 4 1.170774
118 33 1.142724
118 17 1.163159
118 7 1.317643
118 48 1.270585
118 25 1.303486
118 26 1.335925
118 22 1.341222
118 11 1.371544
118 32 1.349657
118 29 1.370542
118 38 1.358960
118 42 1.370956
118 45 1.393080
118 3 1.489616
118 35 1.463274
118 2 1.513748
118 5 1.512807
118 36 1.481783
118 16 1.529568
118 21 1.535961
118 41 1.511131
118 18 1.558440
118 6 1.581222
118 24 1.566602
118 34 1.569881
118 15 1.606648
118 46 1.568326
118 20 1.602380
118 39 1.591625
118 19 1.640668
118 1 1.708988
118 50 1.690117
118 40 1.725672
118 43 1.723350
118 27 1.758837
118 23 1.831329
118 37 1.847538
118 47 1.845805
118 49 1.868208
119 10 0.519192
119 9 0.642363
119 44 0.786076
119 8 1.067822
119 33 1.054136
119 15 1.102997
119 16 1.138210
119 7 1.145415
119 4 1.147955
119 1 1.153325
119 12 1.201737
119 0 1.210635
119 48 1.163744
119 39 1.199236
119 43 1.192024
119 19 1.226298
119 30 1.257053
119 13 1.273545
119 29 1.268965
119 14 1.284435
119 6 1.307471
119 31 1.287200
119 27 1.294583
119 32 1.345243
119 11 1.365213
119 26 1.373216
119 50 1.358694
119 2 1.421890
119 41 1.382410
119 28 1.419040
119 3 1.447878
119 45 1.406238
119 40 1.440454
119 46 1.438115
119 38 1.486403
119 5 1.537334
119 17 1.671789
119 37 1.660376
119 20 1.679678
119 42 1.665647
119 25 1.708485
119 35 1.730467
119 34 1.752795
119 36 1.759205
119 22 1.794972
119 49 1.769535
119 21 1.815833
119 47 1.787097
119 18 1.836946
119 23 1.893271
119 24 1.927599
120 8 0.666741
120 10 0.679202
120 9 0.831054
120 13 0.839754
120 11 0.870034
120 12 1.001826
120 29 0.754121
120 0 1.166768
120 4 1.198246
120 14 1.184927
120 1 1.217751
120 6 1.264263
120 2 1.270289
120 5 1.285048
120 32 0.660824
120 7 1.353853
120 30 0.860084
120 17 1.601334
120 28 1.237815
120 15 1.616079
120 24 1.577029
120 18 1.644498
120 33 1.037422
120 3 1.710800
120 25 1.646030
120 31 1.076395
120 22 1.679669
120 44 0.820132
120 19 1.724802
120 26 1.689445
120 16 1.789044
120 27 1.652653
120 20 1.807852
120 21 1.894480
120 23 1.922421
120 36 1.275897
120 38 1.275050
120 34 1.299189
120 35 1.299537
120 50 1.108662
120 39 1.295578
120 43 1.241735
120 42 1.243270
120 40 1.311394
120 37 1.345456
120 45 1.239532
120 47 1.219590
120 41 1.360161
120 49 1.206926
120 46 1.277159
120 48 1.266217
