21 0 0.121396
21 1 0.177990
21 3 0.186543
21 8 0.113553
21 2 0.207906
21 4 0.202414
21 6 0.188259
21 5 0.198871
21 9 0.110314
21 7 0.184709
21 11 0.069713
21 12 0.078637
21 10 0.111651
21 13 0.096780
21 14 0.106297
21 16 0.112176
21 20 0.123603
21 15 0.146168
21 19 0.140707
21 18 0.145848
21 23 0.127306
21 17 0.151435
21 44 0.155927
21 29 0.183477
21 32 0.198323
21 22 0.212869
21 24 0.209822
21 28 0.217347
21 35 0.208701
21 40 0.201352
21 26 0.221441
21 34 0.214203
21 39 0.206889
21 47 0.196022
21 33 0.217157
21 21 0.238706
21 27 0.226182
21 38 0.213318
21 45 0.202772
21 36 0.216442
21 48 0.196343
21 37 0.217412
21 42 0.210602
21 25 0.236254
21 31 0.230867
21 43 0.210897
21 30 0.232585
21 41 0.215101
21 50 0.202265
21 46 0.212212
21 49 0.223640
22 0 0.131175
22 2 0.164906
22 1 0.165795
22 3 0.169357
22 4 0.184500
22 5 0.192086
22 9 0.190556
22 11 0.223137
22 13 0.228971
22 8 0.241303
22 12 0.244273
22 7 0.257589
22 30 0.233631
22 33 0.229223
22 31 0.231656
22 19 0.255955
22 29 0.239481
22 49 0.214416
22 6 0.268658
22 15 0.254909
22 35 0.240236
22 23 0.255848
22 40 0.237256
22 17 0.263682
22 43 0.233508
22 21 0.261561
22 27 0.256490
22 14 0.271327
22 39 0.244283
22 38 0.245497
22 25 0.261105
22 47 0.233739
22 10 0.277408
22 44 0.238535
22 45 0.240638
22 16 0.281519
22 42 0.251108
22 32 0.267749
22 37 0.264532
22 28 0.276010
22 26 0.281169
22 41 0.264028
22 50 0.250586
22 48 0.254106
22 46 0.258414
22 36 0.275761
22 20 0.296121
22 18 0.299841
22 34 0.281152
22 22 0.295698
22 24 0.295309
23 0 0.135431
23 5 0.146135
23 2 0.158721
23 9 0.164933
23 1 0.174426
23 4 0.176778
23 8 0.177133
23 11 0.175056
23 6 0.187245
23 7 0.191351
23 12 0.224200
23 10 0.227706
23 13 0.231095
23 3 0.248044
23 19 0.239327
23 33 0.227933
23 50 0.212297
23 20 0.244990
23 17 0.249390
23 32 0.236364
23 16 0.256786
23 28 0.245046
23 27 0.246366
23 35 0.238695
23 21 0.253455
23 29 0.245494
23 24 0.253266
23 14 0.263562
23 31 0.246779
23 44 0.233510
23 42 0.236771
23 22 0.258733
23 30 0.252238
23 37 0.246019
23 43 0.239220
23 47 0.237313
23 18 0.268985
23 15 0.271806
23 23 0.264192
23 34 0.254249
23 49 0.238694
23 38 0.251793
23 40 0.250504
23 25 0.267573
23 41 0.252598
23 48 0.245221
23 36 0.259741
23 45 0.249894
23 46 0.250761
23 39 0.258933
23 26 0.274157
24 0 0.109947
24 4 0.120904
24 3 0.127780
24 2 0.160481
24 9 0.158939
24 10 0.163814
24 5 0.177088
24 7 0.179571
24 1 0.186378
24 6 0.188681
24 12 0.229395
24 20 0.224553
24 14 0.239163
24 17 0.239999
24 44 0.211279
24 30 0.229001
24 27 0.232850
24 28 0.232145
24 13 0.245758
24 39 0.220519
24 48 0.212559
24 29 0.234248
24 8 0.254421
24 26 0.239973
24 11 0.252799
24 31 0.235011
24 22 0.244869
24 34 0.232347
24 19 0.250544
24 21 0.248779
24 37 0.231352
24 24 0.247182
24 38 0.231224
24 42 0.227122
24 15 0.256771
24 45 0.226319
24 36 0.236386
24 18 0.255957
24 50 0.222415
24 41 0.231645
24 23 0.253572
24 33 0.243225
24 46 0.228893
24 32 0.244915
24 35 0.241489
24 49 0.227807
24 16 0.261992
24 25 0.254501
24 47 0.231774
24 40 0.242095
24 43 0.240225
25 0 0.130651
25 2 0.150185
25 4 0.151315
25 5 0.151816
25 1 0.173483
25 6 0.170353
25 10 0.169815
25 3 0.178622
25 9 0.174732
25 14 0.232289
25 12 0.237639
25 11 0.243437
25 17 0.248765
25 33 0.231105
25 13 0.255447
25 28 0.241080
25 7 0.264260
25 29 0.243602
25 8 0.264768
25 15 0.261000
25 19 0.257811
25 31 0.249202
25 32 0.252299
25 20 0.267047
25 42 0.244079
25 44 0.240975
25 30 0.257329
25 41 0.250538
25 16 0.278644
25 36 0.257150
25 40 0.253872
25 45 0.248217
25 27 0.269372
25 24 0.274309
25 39 0.257724
25 43 0.254189
25 37 0.261139
25 26 0.276037
25 47 0.251791
25 18 0.286201
25 48 0.253016
25 38 0.264727
25 22 0.284015
25 25 0.281075
25 34 0.270235
25 23 0.284264
25 49 0.255018
25 50 0.255027
25 35 0.273864
25 21 0.291004
25 46 0.265967
26 5 0.130417
26 0 0.136792
26 3 0.141898
26 11 0.168320
26 8 0.171750
26 1 0.182970
26 4 0.182382
26 2 0.191015
26 20 0.227397
26 10 0.238773
26 19 0.231001
26 6 0.244194
26 34 0.216227
26 13 0.238590
26 23 0.230486
26 14 0.239726
26 28 0.227737
26 31 0.224704
26 48 0.207161
26 22 0.238925
26 12 0.248615
26 9 0.253199
26 17 0.246229
26 39 0.222549
26 29 0.235974
26 24 0.242046
26 30 0.234966
26 38 0.226607
26 50 0.214257
26 16 0.253184
26 33 0.235380
26 21 0.249098
26 41 0.228081
26 46 0.224278
26 37 0.234114
26 47 0.223864
26 49 0.222359
26 42 0.232356
26 32 0.244932
26 25 0.253387
26 44 0.233021
26 18 0.262234
26 43 0.238928
26 7 0.275968
26 35 0.247939
26 27 0.260079
26 26 0.262866
26 36 0.251039
26 15 0.274545
26 40 0.254521
26 45 0.249768
27 0 0.138926
27 2 0.152883
27 3 0.165719
27 1 0.170417
27 5 0.189507
27 4 0.202208
27 6 0.202767
27 10 0.223172
27 7 0.239895
27 9 0.239421
27 11 0.236225
27 13 0.246580
27 8 0.253145
27 12 0.249912
27 14 0.249341
27 16 0.303780
27 26 0.278112
27 30 0.273835
27 38 0.255063
27 24 0.285970
27 50 0.168778
27 22 0.295023
27 20 0.298752
27 28 0.278313
27 42 0.220990
27 18 0.303102
27 32 0.275166
27 36 0.266010
27 34 0.272873
27 40 0.251946
27 49 0.182846
27 21 0.304370
27 17 0.316468
27 19 0.309816
27 23 0.302347
27 47 0.188095
27 31 0.290367
27 27 0.296291
27 29 0.297464
27 15 0.334866
27 37 0.279955
27 43 0.228571
27 45 0.222907
27 33 0.303536
27 39 0.288521
27 41 0.261303
27 46 0.212699
27 35 0.303412
27 25 0.320425
27 44 0.236267
27 48 0.221780
28 0 0.154706
28 1 0.159203
28 6 0.160381
28 4 0.174761
28 8 0.188361
28 5 0.196001
28 3 0.200594
28 7 0.201807
28 2 0.206854
28 9 0.216158
28 11 0.263905
28 45 0.240268
28 19 0.273315
28 20 0.271927
28 13 0.288240
28 24 0.277611
28 43 0.252682
28 31 0.271925
28 27 0.277662
28 34 0.271078
28 33 0.272602
28 41 0.263983
28 49 0.252438
28 12 0.299555
28 44 0.262065
28 22 0.291072
28 18 0.296028
28 14 0.301641
28 46 0.262922
28 35 0.279630
28 10 0.307342
28 38 0.275914
28 17 0.302273
28 23 0.300596
28 15 0.310349
28 32 0.291415
28 26 0.300622
28 28 0.299956
28 16 0.312167
28 25 0.304675
28 42 0.284662
28 37 0.293670
28 48 0.277231
28 29 0.304253
28 21 0.312871
28 50 0.275939
28 40 0.294036
28 30 0.306482
28 39 0.299333
28 47 0.289644
28 36 0.308509
29 0 0.120524
29 1 0.154662
29 9 0.174133
29 10 0.178266
29 4 0.188175
29 5 0.193611
29 6 0.209964
29 2 0.213511
29 7 0.209893
29 3 0.216246
29 33 0.243619
29 15 0.275120
29 14 0.276207
29 31 0.259372
29 29 0.261324
29 44 0.246041
29 11 0.280341
29 13 0.278879
29 40 0.251022
29 12 0.282282
29 28 0.269338
29 8 0.290869
29 30 0.269927
29 27 0.275740
29 22 0.282395
29 25 0.279938
29 16 0.292161
29 48 0.258647
29 17 0.297210
29 37 0.276692
29 24 0.292781
29 36 0.280796
29 19 0.299818
29 32 0.286740
29 42 0.275951
29 43 0.276601
29 50 0.272317
29 20 0.305721
29 23 0.302844
29 46 0.278653
29 45 0.280273
29 26 0.301512
29 38 0.289177
29 21 0.312119
29 35 0.298741
29 47 0.286466
29 34 0.300914
29 18 0.324143
29 39 0.305552
29 41 0.304535
29 49 0.297012
30 0 0.153564
30 1 0.168113
30 3 0.169623
30 4 0.179207
30 9 0.181490
30 2 0.197442
30 7 0.193506
30 5 0.202649
30 6 0.206232
30 33 0.243361
30 31 0.258179
30 13 0.277991
30 29 0.261288
30 47 0.245828
30 19 0.275016
30 11 0.283852
30 8 0.286602
30 28 0.266786
30 27 0.268112
30 38 0.263126
30 39 0.262555
30 10 0.290931
30 22 0.282048
30 46 0.256953
30 15 0.291959
30 26 0.285024
30 32 0.278496
30 21 0.291847
30 25 0.290260
30 42 0.273996
30 49 0.266342
30 14 0.302778
30 23 0.295566
30 41 0.279082
30 12 0.308414
30 43 0.282592
30 16 0.310709
30 44 0.281486
30 20 0.308286
30 30 0.298016
30 37 0.295325
30 35 0.297710
30 50 0.286541
30 40 0.299802
30 36 0.304736
30 34 0.306622
30 24 0.317774
30 45 0.297989
30 48 0.294895
30 18 0.326728
30 17 0.328792
31 0 0.166342
31 3 0.168058
31 2 0.169359
31 6 0.173054
31 5 0.181318
31 10 0.181434
31 8 0.183278
31 1 0.209569
31 7 0.219128
31 4 0.231947
31 20 0.240882
31 17 0.249713
31 33 0.237680
31 21 0.250667
31 13 0.257531
31 27 0.246299
31 9 0.264204
31 12 0.263655
31 19 0.259019
31 11 0.265173
31 31 0.249215
31 14 0.266076
31 50 0.228426
31 28 0.254643
31 29 0.253972
31 44 0.237349
31 22 0.263363
31 38 0.247727
31 24 0.264317
31 26 0.262089
31 47 0.239889
31 32 0.258848
31 25 0.269412
31 37 0.257010
31 41 0.253535
31 42 0.252809
31 46 0.249247
31 30 0.267360
31 34 0.270289
31 39 0.264606
31 23 0.283115
31 49 0.256113
31 35 0.275694
31 40 0.272915
31 15 0.302401
31 16 0.303601
31 48 0.271953
31 45 0.280375
31 36 0.291538
31 43 0.283750
31 18 0.315472
32 1 0.110128
32 0 0.183672
32 2 0.195875
32 3 0.239257
32 5 0.225949
32 9 0.112831
32 7 0.182966
32 4 0.263355
32 8 0.138689
32 13 0.128014
32 6 0.212409
32 12 0.134367
32 14 0.135849
32 10 0.149298
32 11 0.145028
32 17 0.155868
32 15 0.159868
32 16 0.160513
32 19 0.187422
32 18 0.194421
32 21 0.196864
32 28 0.133601
32 23 0.217549
32 22 0.252027
32 32 0.184032
32 26 0.216733
32 33 0.203274
32 45 0.173176
32 29 0.225626
32 47 0.178854
32 35 0.212949
32 30 0.225609
32 37 0.208658
32 43 0.194843
32 40 0.211180
32 20 0.326225
32 31 0.233531
32 46 0.194133
32 38 0.219572
32 24 0.246530
32 39 0.219381
32 25 0.252943
32 27 0.253971
32 41 0.230230
32 44 0.218796
32 48 0.214896
32 42 0.239063
32 36 0.266396
32 34 0.282653
32 50 0.241570
32 49 0.250788
33 2 0.176753
33 0 0.178739
33 1 0.197102
33 4 0.223564
33 8 0.230562
33 44 0.218120
33 5 0.275307
33 3 0.301809
33 12 0.321951
33 14 0.323500
33 10 0.327268
33 30 0.309714
33 6 0.337873
33 32 0.308551
33 26 0.316651
33 16 0.329552
33 39 0.300724
33 28 0.315964
33 36 0.307222
33 22 0.324629
33 34 0.312309
33 21 0.328607
33 37 0.308648
33 40 0.307053
33 11 0.342116
33 9 0.344653
33 7 0.347496
33 25 0.328535
33 15 0.340615
33 33 0.318713
33 29 0.323233
33 19 0.337362
33 17 0.345966
33 31 0.327993
33 18 0.345636
33 13 0.353300
33 46 0.320446
33 43 0.325140
33 20 0.355523
33 42 0.328697
33 24 0.355069
33 38 0.336891
33 35 0.345219
33 27 0.359420
33 48 0.333238
33 50 0.331482
33 45 0.344388
33 47 0.346202
33 41 0.356405
33 49 0.349309
33 23 0.391827
34 0 0.075469
34 1 0.200415
34 2 0.227923
34 3 0.227708
34 4 0.235706
34 9 0.238746
34 10 0.245594
34 8 0.253569
34 14 0.249703
34 15 0.258793
34 33 0.243508
34 31 0.258006
34 13 0.275771
34 30 0.263144
34 11 0.281229
34 12 0.282796
34 16 0.281992
34 5 0.290769
34 6 0.290540
34 21 0.278072
34 29 0.271105
34 18 0.284490
34 19 0.284524
34 35 0.269694
34 47 0.259664
34 27 0.281251
34 23 0.288890
34 20 0.292534
34 28 0.283944
34 44 0.267568
34 17 0.295726
34 22 0.291099
34 32 0.283556
34 26 0.291761
34 38 0.280409
34 7 0.311533
34 37 0.286910
34 43 0.280893
34 39 0.288628
34 50 0.277223
34 24 0.304230
34 45 0.283467
34 49 0.280557
34 42 0.287910
34 34 0.300010
34 46 0.286468
34 36 0.297892
34 40 0.294312
34 25 0.309789
34 48 0.286612
34 41 0.295745
35 0 0.183256
35 8 0.188208
35 10 0.195200
35 9 0.203400
35 3 0.219320
35 2 0.242616
35 4 0.241257
35 12 0.265965
35 30 0.255327
35 1 0.310249
35 28 0.287993
35 13 0.305544
35 44 0.274588
35 31 0.289383
35 29 0.291369
35 42 0.277198
35 6 0.312211
35 5 0.315846
35 14 0.310457
35 33 0.292737
35 32 0.294249
35 38 0.289759
35 21 0.311582
35 20 0.313165
35 18 0.316131
35 17 0.321428
35 50 0.291029
35 26 0.319239
35 37 0.310365
35 11 0.337183
35 16 0.333860
35 27 0.324970
35 40 0.312222
35 7 0.344756
35 15 0.340476
35 35 0.321173
35 48 0.311209
35 24 0.339441
35 45 0.318147
35 25 0.341436
35 46 0.328178
35 36 0.340467
35 19 0.359855
35 39 0.339253
35 49 0.328367
35 23 0.358684
35 47 0.334729
35 43 0.343845
35 22 0.369157
35 34 0.360160
35 41 0.351635
36 0 0.119454
36 5 0.161839
36 1 0.171250
36 3 0.174648
36 9 0.173718
36 2 0.183258
36 8 0.182594
36 10 0.189765
36 4 0.212120
36 7 0.217350
36 14 0.241265
36 12 0.246930
36 21 0.251542
36 6 0.267785
36 11 0.264951
36 31 0.253330
36 29 0.256657
36 32 0.252904
36 13 0.272652
36 34 0.253642
36 19 0.270424
36 30 0.259825
36 46 0.243399
36 47 0.242288
36 50 0.239444
36 42 0.249765
36 44 0.247575
36 28 0.270061
36 18 0.280517
36 15 0.285793
36 26 0.277285
36 33 0.269913
36 22 0.282498
36 23 0.281762
36 17 0.289224
36 36 0.268518
36 16 0.293844
36 25 0.286921
36 37 0.274796
36 27 0.289255
36 20 0.305247
36 45 0.278368
36 24 0.302322
36 38 0.287060
36 40 0.284699
36 41 0.286975
36 49 0.279564
36 48 0.284437
36 43 0.291139
36 39 0.295848
36 35 0.302207
37 2 0.198848
37 0 0.210035
37 10 0.205561
37 9 0.223414
37 5 0.253025
37 4 0.266617
37 3 0.290812
37 8 0.296798
37 14 0.291903
37 6 0.312891
37 46 0.283712
37 12 0.327738
37 1 0.338503
37 31 0.310505
37 16 0.331579
37 27 0.321371
37 20 0.327932
37 40 0.305107
37 11 0.339047
37 44 0.301481
37 50 0.306466
37 42 0.316464
37 38 0.320791
37 28 0.334720
37 22 0.342072
37 34 0.328639
37 30 0.335088
37 29 0.336938
37 13 0.354320
37 7 0.360767
37 48 0.323338
37 32 0.346869
37 19 0.367262
37 33 0.354258
37 37 0.353340
37 17 0.378534
37 35 0.359350
37 36 0.360426
37 39 0.359517
37 15 0.388621
37 18 0.391152
37 41 0.363866
37 26 0.387316
37 45 0.364132
37 24 0.392307
37 25 0.395737
37 23 0.399803
37 43 0.381696
37 47 0.392532
37 21 0.430466
37 49 0.410926
38 0 0.189405
38 8 0.205967
38 9 0.214946
38 2 0.235545
38 3 0.238965
38 5 0.245142
38 1 0.251792
38 12 0.263658
38 4 0.275415
38 11 0.273585
38 7 0.283879
38 28 0.280699
38 10 0.298965
38 14 0.296801
38 32 0.280322
38 13 0.301535
38 6 0.307729
38 29 0.287154
38 31 0.287999
38 30 0.291570
38 33 0.288907
38 44 0.282348
38 16 0.326014
38 23 0.332079
38 19 0.342396
38 43 0.317139
38 25 0.336358
38 22 0.344511
38 26 0.339698
38 18 0.351205
38 15 0.364062
38 49 0.331717
38 48 0.335116
38 40 0.345628
38 34 0.354973
38 24 0.366672
38 27 0.367606
38 39 0.355572
38 35 0.360731
38 21 0.375917
38 36 0.361461
38 17 0.381791
38 42 0.356687
38 37 0.363459
38 38 0.363776
38 45 0.357507
38 20 0.385896
38 46 0.357734
38 41 0.367578
38 47 0.364018
38 50 0.364400
39 5 0.183978
39 3 0.189841
39 0 0.194539
39 9 0.197851
39 8 0.206509
39 1 0.267734
39 13 0.260372
39 20 0.254448
39 11 0.264586
39 6 0.268775
39 12 0.271456
39 39 0.247179
39 33 0.264854
39 48 0.251555
39 17 0.287080
39 31 0.273613
39 7 0.297040
39 14 0.294273
39 32 0.276994
39 10 0.298550
39 19 0.296660
39 44 0.272888
39 21 0.303815
39 30 0.296596
39 18 0.309617
39 4 0.320688
39 2 0.322347
39 29 0.301485
39 23 0.311917
39 28 0.316523
39 25 0.320211
39 26 0.328369
39 22 0.334040
39 15 0.344695
39 24 0.336539
39 40 0.325150
39 36 0.332547
39 49 0.320470
39 42 0.330476
39 45 0.328899
39 27 0.349342
39 37 0.340474
39 46 0.331993
39 35 0.345548
39 41 0.339420
39 47 0.333369
39 16 0.371954
39 43 0.344954
39 34 0.359772
39 38 0.356923
39 50 0.347787
40 0 0.162959
40 4 0.172041
40 3 0.175702
40 8 0.191608
40 6 0.193732
40 2 0.204736
40 11 0.198082
40 5 0.211570
40 9 0.213761
40 1 0.249916
40 19 0.237662
40 33 0.223386
40 10 0.265324
40 14 0.273612
40 12 0.275591
40 17 0.272941
40 31 0.260475
40 44 0.245540
40 28 0.267339
40 30 0.267318
40 34 0.264683
40 13 0.287474
40 16 0.288275
40 7 0.298378
40 43 0.263006
40 21 0.306531
40 26 0.305686
40 29 0.302260
40 47 0.285282
40 22 0.315282
40 40 0.296099
40 23 0.317202
40 37 0.302248
40 18 0.327322
40 35 0.308364
40 36 0.308696
40 32 0.315964
40 25 0.326277
40 50 0.299518
40 39 0.310698
40 24 0.332587
40 48 0.308528
40 20 0.340367
40 27 0.332707
40 38 0.321833
40 42 0.318607
40 49 0.314761
40 45 0.318507
40 15 0.354962
40 41 0.328666
40 46 0.330378
41 9 0.193490
41 3 0.211808
41 0 0.220064
41 5 0.219458
41 33 0.232984
41 13 0.257580
41 10 0.265055
41 12 0.265941
41 11 0.269552
41 29 0.254510
41 31 0.260272
41 8 0.286419
41 30 0.272214
41 1 0.297335
41 4 0.295946
41 6 0.305928
41 44 0.271605
41 28 0.295336
41 7 0.315719
41 32 0.303082
41 2 0.333986
41 16 0.324310
41 18 0.326511
41 14 0.329805
41 39 0.305617
41 17 0.333860
41 19 0.332415
41 20 0.334896
41 15 0.341037
41 21 0.336470
41 43 0.327993
41 48 0.325994
41 45 0.333264
41 37 0.345493
41 35 0.349010
41 42 0.345257
41 38 0.350508
41 25 0.373086
41 47 0.353400
41 24 0.377717
41 41 0.365147
41 50 0.356854
41 27 0.383436
41 26 0.385639
41 46 0.373778
41 49 0.371982
41 22 0.400846
41 34 0.389198
41 36 0.391805
41 40 0.389370
41 23 0.416593
42 0 0.207779
42 1 0.218486
42 3 0.213189
42 2 0.229717
42 8 0.134074
42 5 0.262685
42 11 0.150655
42 4 0.287200
42 10 0.155803
42 6 0.278947
42 12 0.163888
42 7 0.194152
42 9 0.188066
42 13 0.173659
42 14 0.177139
42 17 0.212957
42 20 0.205666
42 16 0.264817
42 23 0.216515
42 15 0.270305
42 19 0.265355
42 18 0.267759
42 29 0.139880
42 22 0.231429
42 25 0.221992
42 21 0.258783
42 30 0.157007
42 24 0.238930
42 34 0.147264
42 26 0.219565
42 32 0.176423
42 33 0.175988
42 28 0.201137
42 31 0.201755
42 27 0.238295
42 37 0.199279
42 38 0.199717
42 41 0.177973
42 39 0.220104
42 44 0.128327
42 35 0.247833
42 40 0.226885
42 43 0.172802
42 36 0.243604
42 46 0.143011
42 48 0.138830
42 49 0.149342
42 42 0.220759
42 45 0.180705
42 47 0.165375
42 50 0.169060
43 10 0.209157
43 1 0.226903
43 2 0.241565
43 9 0.240978
43 5 0.246012
43 11 0.272272
43 13 0.275158
43 8 0.284207
43 14 0.291499
43 6 0.301629
43 30 0.255482
43 4 0.306027
43 12 0.302277
43 0 0.328691
43 32 0.275015
43 28 0.281863
43 44 0.262187
43 18 0.346968
43 48 0.297851
43 38 0.349487
43 16 0.396968
43 20 0.391514
43 34 0.364235
43 40 0.352854
43 21 0.393039
43 3 0.422559
43 7 0.419617
43 29 0.376276
43 15 0.408428
43 31 0.376665
43 43 0.357826
43 42 0.364085
43 50 0.355664
43 36 0.377254
43 19 0.420077
43 24 0.408898
43 23 0.415818
43 46 0.380051
43 39 0.392663
43 17 0.436024
43 47 0.389261
43 22 0.434237
43 45 0.394018
43 37 0.408933
43 33 0.429501
43 26 0.439813
43 49 0.417359
43 27 0.451818
43 35 0.465092
43 41 0.457041
43 25 0.499587
44 0 0.222050
44 1 0.280274
44 9 0.329150
44 29 0.335943
44 3 0.360614
44 13 0.354214
44 11 0.355591
44 8 0.368143
44 10 0.367141
44 31 0.346171
44 14 0.365393
44 12 0.368027
44 33 0.374077
44 16 0.398178
44 30 0.381590
44 28 0.418005
44 32 0.415239
44 15 0.435303
44 6 0.441799
44 47 0.414060
44 7 0.455182
44 4 0.457421
44 38 0.425479
44 19 0.459020
44 44 0.430923
44 37 0.444998
44 17 0.473267
44 45 0.455853
44 43 0.458528
44 23 0.482651
44 50 0.461298
44 41 0.471566
44 22 0.494685
44 39 0.480194
44 2 0.515986
44 5 0.516479
44 46 0.476753
44 25 0.498623
44 49 0.478616
44 40 0.492283
44 35 0.507062
44 18 0.527827
44 27 0.526887
44 36 0.522532
44 21 0.539973
44 42 0.525343
44 34 0.554385
44 26 0.565413
44 20 0.582301
44 48 0.552189
44 24 0.601156
45 11 0.208018
45 12 0.171539
45 10 0.240295
45 8 0.256719
45 9 0.275423
45 1 0.313137
45 0 0.340142
45 14 0.201569
45 4 0.346365
45 5 0.345632
45 6 0.345061
45 2 0.382609
45 3 0.388791
45 13 0.280278
45 7 0.413471
45 30 0.245525
45 15 0.350890
45 31 0.277562
45 44 0.244766
45 20 0.352786
45 25 0.333242
45 18 0.359238
45 28 0.325214
45 16 0.385852
45 17 0.387064
45 32 0.324447
45 24 0.364411
45 19 0.394864
45 33 0.350439
45 26 0.377996
45 29 0.383938
45 21 0.424319
45 43 0.366013
45 22 0.458277
45 34 0.420289
45 46 0.390210
45 23 0.468802
45 42 0.414436
45 27 0.475580
45 36 0.445617
45 38 0.444188
45 37 0.453692
45 40 0.447304
45 47 0.419128
45 48 0.416966
45 35 0.474525
45 41 0.473037
45 39 0.483257
45 45 0.464239
45 49 0.462725
45 50 0.452877
46 11 0.232413
46 10 0.259659
46 9 0.264371
46 4 0.275522
46 1 0.318265
46 31 0.290245
46 3 0.332038
46 29 0.320525
46 13 0.350337
46 30 0.332571
46 12 0.371442
46 32 0.356691
46 14 0.378565
46 5 0.388874
46 0 0.398875
46 41 0.358336
46 2 0.406721
46 28 0.395145
46 44 0.377677
46 15 0.415855
46 19 0.414194
46 8 0.432125
46 33 0.406591
46 26 0.421161
46 7 0.449244
46 17 0.443821
46 20 0.444383
46 48 0.410612
46 27 0.437454
46 37 0.425050
46 49 0.414325
46 6 0.463599
46 50 0.421636
46 47 0.435146
46 25 0.469895
46 43 0.449796
46 23 0.480428
46 38 0.460522
46 46 0.452962
46 35 0.485102
46 45 0.474568
46 21 0.508695
46 39 0.487731
46 16 0.518840
46 42 0.489390
46 36 0.502278
46 34 0.508656
46 40 0.506693
46 24 0.553697
46 22 0.560305
46 18 0.564937
47 9 0.224521
47 8 0.229268
47 0 0.270025
47 10 0.310025
47 2 0.328343
47 44 0.291030
47 3 0.335987
47 22 0.342236
47 23 0.368688
47 30 0.361435
47 11 0.383312
47 27 0.368260
47 24 0.373434
47 32 0.363019
47 14 0.386829
47 33 0.363775
47 12 0.401320
47 4 0.411710
47 6 0.441352
47 29 0.418560
47 15 0.436028
47 19 0.432980
47 28 0.425382
47 7 0.446844
47 5 0.449448
47 31 0.422672
47 49 0.404124
47 17 0.442224
47 36 0.417721
47 48 0.412619
47 40 0.422876
47 13 0.458825
47 1 0.476091
47 25 0.454128
47 26 0.461334
47 20 0.470164
47 38 0.460313
47 46 0.454139
47 41 0.468568
47 39 0.472706
47 34 0.479688
47 16 0.506354
47 47 0.493992
47 50 0.494019
47 18 0.534945
47 43 0.504802
47 35 0.521090
47 37 0.523504
47 21 0.548282
47 45 0.527559
47 42 0.535215
48 11 0.238358
48 3 0.255801
48 9 0.271260
48 10 0.297044
48 2 0.305744
48 14 0.299012
48 1 0.308977
48 13 0.301178
48 30 0.287965
48 4 0.316922
48 31 0.296672
48 7 0.330542
48 0 0.341773
48 12 0.359766
48 8 0.363141
48 28 0.358340
48 20 0.368006
48 6 0.379619
48 33 0.363173
48 5 0.391332
48 44 0.356014
48 29 0.372443
48 32 0.373115
48 18 0.407308
48 15 0.413975
48 45 0.391910
48 24 0.423702
48 34 0.416384
48 22 0.449510
48 27 0.451325
48 26 0.456596
48 43 0.444624
48 25 0.468363
48 19 0.477387
48 23 0.474387
48 17 0.482810
48 36 0.464414
48 16 0.485034
48 35 0.475784
48 39 0.482917
48 38 0.492920
48 21 0.516755
48 40 0.497155
48 46 0.490928
48 50 0.487154
48 42 0.498366
48 48 0.495932
48 47 0.497311
48 41 0.505635
48 37 0.521133
48 49 0.509669
49 9 0.218852
49 5 0.274276
49 0 0.334618
49 33 0.305745
49 3 0.333110
49 2 0.334217
49 4 0.333012
49 8 0.330667
49 31 0.309396
49 10 0.329748
49 12 0.331665
49 14 0.337443
49 13 0.339022
49 1 0.348515
49 7 0.344991
49 28 0.326252
49 30 0.328485
49 29 0.359174
49 11 0.402070
49 15 0.403183
49 44 0.375329
49 32 0.390845
49 16 0.417201
49 43 0.397968
49 6 0.443110
49 17 0.442633
49 20 0.442412
49 35 0.432254
49 19 0.452350
49 25 0.448329
49 24 0.449487
49 23 0.454355
49 36 0.440631
49 49 0.443193
49 18 0.479915
49 47 0.461347
49 27 0.488322
49 50 0.469284
49 39 0.480802
49 21 0.504089
49 40 0.485379
49 22 0.511724
49 42 0.491802
49 38 0.500541
49 41 0.507605
49 34 0.522709
49 46 0.509409
49 37 0.521949
49 26 0.537373
49 48 0.516039
49 45 0.520392
50 9 0.258146
50 5 0.303566
50 3 0.305480
50 8 0.322618
50 13 0.321119
50 12 0.322235
50 11 0.324585
50 1 0.347836
50 33 0.320558
50 2 0.356729
50 10 0.355698
50 44 0.330313
50 15 0.381117
50 29 0.367249
50 4 0.390127
50 28 0.379088
50 30 0.387650
50 31 0.388684
50 0 0.416632
50 14 0.406486
50 6 0.416324
50 32 0.392971
50 7 0.417558
50 27 0.417669
50 36 0.423916
50 23 0.443006
50 16 0.452007
50 34 0.435927
50 21 0.462145
50 45 0.449305
50 26 0.488653
50 41 0.475561
50 24 0.494182
50 39 0.483946
50 35 0.493539
50 43 0.487823
50 17 0.517183
50 49 0.482617
50 19 0.518037
50 38 0.502025
50 22 0.525361
50 48 0.496727
50 46 0.505568
50 20 0.534634
50 40 0.514047
50 18 0.537353
50 42 0.514111
50 50 0.514914
50 37 0.533599
50 25 0.547278
50 47 0.536435
51 12 0.286056
51 13 0.291278
51 9 0.295189
51 11 0.294354
51 8 0.318223
51 14 0.313619
51 1 0.337016
51 3 0.336798
51 5 0.344222
51 10 0.357065
51 0 0.377660
51 4 0.385096
51 6 0.391723
51 7 0.407406
51 16 0.406908
51 2 0.445217
51 29 0.157985
51 19 0.431255
51 20 0.440122
51 28 0.176707
51 31 0.190264
51 21 0.453145
51 30 0.198057
51 32 0.191098
51 15 0.521398
51 33 0.229091
51 17 0.551081
51 18 0.556787
51 25 0.435953
51 22 0.564367
51 44 0.231014
51 26 0.345201
51 24 0.488270
51 27 0.385487
51 36 0.353673
51 35 0.359679
51 37 0.362436
51 23 0.545789
51 46 0.322599
51 34 0.399035
51 40 0.368283
51 38 0.379006
51 39 0.380067
51 43 0.360643
51 45 0.353803
51 47 0.349820
51 42 0.378799
51 50 0.329638
51 48 0.344871
51 49 0.355493
51 41 0.414743
52 0 0.241958
52 8 0.261707
52 3 0.267330
52 11 0.258615
52 4 0.269423
52 1 0.277781
52 13 0.272351
52 14 0.272833
52 9 0.281111
52 2 0.290314
52 7 0.286485
52 10 0.299605
52 6 0.305609
52 5 0.312486
52 12 0.305437
52 30 0.376882
52 33 0.353358
52 28 0.396304
52 32 0.367838
52 44 0.354766
52 17 0.442003
52 18 0.458586
52 16 0.478960
52 29 0.451687
52 20 0.484535
52 26 0.482918
52 15 0.531678
52 42 0.447530
52 36 0.468111
52 31 0.501413
52 46 0.473274
52 38 0.490961
52 47 0.486245
52 19 0.575410
52 22 0.582536
52 24 0.586490
52 27 0.585275
52 50 0.514768
52 49 0.516426
52 37 0.562579
52 48 0.546906
52 40 0.572089
52 25 0.631628
52 34 0.588571
52 23 0.645069
52 39 0.592054
52 35 0.598961
52 45 0.591713
52 41 0.614286
52 43 0.617048
52 21 0.726388
53 8 0.206804
53 10 0.297745
53 9 0.327164
53 14 0.339850
53 0 0.397447
53 4 0.394688
53 11 0.388724
53 3 0.396114
53 5 0.423085
53 13 0.419626
53 44 0.382290
53 1 0.435161
53 30 0.403737
53 12 0.433660
53 33 0.418099
53 2 0.455923
53 28 0.426515
53 6 0.455913
53 32 0.430868
53 31 0.433201
53 15 0.471248
53 29 0.455524
53 25 0.472418
53 21 0.482924
53 19 0.488761
53 24 0.484773
53 41 0.470571
53 26 0.491575
53 23 0.500641
53 37 0.488999
53 7 0.527635
53 39 0.491451
53 40 0.514742
53 34 0.534686
53 49 0.517219
53 50 0.525183
53 43 0.548942
53 36 0.568483
53 42 0.563883
53 17 0.606731
53 48 0.565829
53 45 0.579639
53 18 0.614143
53 22 0.610004
53 27 0.609786
53 47 0.589075
53 16 0.644644
53 35 0.618796
53 46 0.602862
53 20 0.640036
53 38 0.626718
54 8 0.276159
54 2 0.314886
54 30 0.304095
54 14 0.325469
54 1 0.336251
54 9 0.330993
54 10 0.330517
54 3 0.338731
54 11 0.338247
54 44 0.305653
54 29 0.323232
54 12 0.362928
54 31 0.372250
54 6 0.398196
54 4 0.405266
54 32 0.426607
54 28 0.434893
54 7 0.466899
54 13 0.463440
54 0 0.475013
54 15 0.471106
54 34 0.455144
54 26 0.474479
54 33 0.468823
54 46 0.471447
54 48 0.474335
54 18 0.516598
54 22 0.515271
54 50 0.484011
54 37 0.503839
54 20 0.531402
54 23 0.530896
54 24 0.533803
54 25 0.536234
54 42 0.518630
54 16 0.552290
54 40 0.530837
54 5 0.569826
54 35 0.542901
54 38 0.544620
54 39 0.556965
54 17 0.581918
54 19 0.588819
54 41 0.571781
54 36 0.579355
54 21 0.596876
54 45 0.573723
54 27 0.596940
54 49 0.572833
54 47 0.581845
54 43 0.597541
55 0 0.345017
55 8 0.207713
55 10 0.223672
55 9 0.225910
55 1 0.366259
55 2 0.362382
55 14 0.223506
55 11 0.236755
55 4 0.430194
55 13 0.310424
55 3 0.442724
55 12 0.316083
55 5 0.362512
55 7 0.333466
55 29 0.286171
55 6 0.405733
55 31 0.340220
55 15 0.406325
55 17 0.422843
55 16 0.429928
55 28 0.378625
55 18 0.471648
55 30 0.421154
55 32 0.419058
55 33 0.422681
55 25 0.481651
55 44 0.306001
55 27 0.489734
55 22 0.524451
55 26 0.516562
55 21 0.544126
55 19 0.570828
55 23 0.553218
55 24 0.554650
55 35 0.527802
55 20 0.605511
55 38 0.421809
55 43 0.419024
55 47 0.408969
55 42 0.430111
55 34 0.591524
55 36 0.535831
55 40 0.460587
55 41 0.465431
55 37 0.492657
55 50 0.406198
55 45 0.491695
55 49 0.424389
55 39 0.534049
55 46 0.541371
55 48 0.539839
56 0 0.269580
56 10 0.234813
56 9 0.254101
56 5 0.279427
56 13 0.254300
56 11 0.264110
56 8 0.285141
56 12 0.260734
56 6 0.308148
56 1 0.322843
56 4 0.317736
56 14 0.279824
56 20 0.221665
56 3 0.350965
56 2 0.364206
56 17 0.343301
56 7 0.391114
56 30 0.154502
56 29 0.179917
56 22 0.325289
56 32 0.188105
56 15 0.457472
56 24 0.224859
56 25 0.226919
56 26 0.227155
56 19 0.427790
56 23 0.270947
56 28 0.240479
56 21 0.388366
56 27 0.266996
56 16 0.513040
56 31 0.259733
56 18 0.512061
56 33 0.275451
56 44 0.243677
56 34 0.292790
56 41 0.310109
56 37 0.333499
56 42 0.347226
56 46 0.330526
56 49 0.319322
56 50 0.350357
56 47 0.367400
56 40 0.401916
56 43 0.378280
56 38 0.409891
56 39 0.412033
56 45 0.386289
56 35 0.444030
56 36 0.448855
56 48 0.433678
57 3 0.305492
57 9 0.305733
57 11 0.360056
57 31 0.340755
57 13 0.363376
57 12 0.383348
57 14 0.383059
57 2 0.423064
57 1 0.427478
57 10 0.447272
57 28 0.434095
57 44 0.430641
57 4 0.473012
57 15 0.488927
57 29 0.486139
57 7 0.508992
57 16 0.504145
57 34 0.497046
57 18 0.518910
57 27 0.510742
57 33 0.506733
57 6 0.537578
57 32 0.512116
57 8 0.544417
57 30 0.535011
57 19 0.557266
57 5 0.588017
57 42 0.550974
57 17 0.592364
57 25 0.587088
57 26 0.586574
57 21 0.608207
57 38 0.591003
57 0 0.657173
57 43 0.615836
57 35 0.626980
57 48 0.627004
57 22 0.658095
57 20 0.670763
57 24 0.671063
57 40 0.656517
57 41 0.655886
57 39 0.661980
57 36 0.666062
57 47 0.658004
57 50 0.662802
57 23 0.707930
57 46 0.710279
57 37 0.749192
57 45 0.747347
57 49 0.765134
58 8 0.247155
58 10 0.256920
58 12 0.275512
58 9 0.285996
58 14 0.313805
58 13 0.327536
58 3 0.357129
58 11 0.341254
58 5 0.401439
58 4 0.405414
58 2 0.408381
58 1 0.415257
58 0 0.436542
58 30 0.326876
58 7 0.442517
58 28 0.352283
58 29 0.420965
58 6 0.531269
58 18 0.500344
58 32 0.422657
58 15 0.527730
58 31 0.460372
58 16 0.546044
58 33 0.481388
58 44 0.359307
58 21 0.682524
58 20 0.689174
58 17 0.715005
58 26 0.651975
58 24 0.683627
58 34 0.640719
58 22 0.721757
58 36 0.612266
58 27 0.672567
58 23 0.730618
58 19 0.759441
58 43 0.518946
58 25 0.740006
58 39 0.588914
58 37 0.657085
58 45 0.571486
58 40 0.601448
58 38 0.618755
58 48 0.543537
58 42 0.597100
58 50 0.546611
58 47 0.575667
58 35 0.769045
58 46 0.593545
58 49 0.588292
58 41 0.647354
59 8 0.225579
59 10 0.217806
59 9 0.223133
59 11 0.222709
59 12 0.224550
59 13 0.242458
59 1 0.312613
59 3 0.332668
59 14 0.263850
59 4 0.344078
59 0 0.354560
59 5 0.380862
59 2 0.415840
59 7 0.446200
59 6 0.476335
59 17 0.349790
59 15 0.434089
59 29 0.267488
59 31 0.307040
59 16 0.496163
59 44 0.287178
59 33 0.315196
59 18 0.446243
59 22 0.444933
59 32 0.400883
59 19 0.473617
59 21 0.470927
59 30 0.434528
59 27 0.470697
59 28 0.475439
59 24 0.488991
59 43 0.428923
59 20 0.516531
59 23 0.533244
59 45 0.469373
59 36 0.506055
59 25 0.556499
59 37 0.504890
59 41 0.511288
59 42 0.513080
59 47 0.514976
59 34 0.552773
59 35 0.554606
59 39 0.557678
59 26 0.609639
59 40 0.562865
59 49 0.548269
59 38 0.574242
59 50 0.568401
59 48 0.599867
59 46 0.614775
60 8 0.178414
60 10 0.202876
60 9 0.214937
60 11 0.201628
60 12 0.273381
60 13 0.252498
60 3 0.412131
60 5 0.419794
60 0 0.443125
60 1 0.485207
60 14 0.326556
60 2 0.506282
60 6 0.554502
60 4 0.577109
60 7 0.546055
60 28 0.297859
60 30 0.350343
60 31 0.325022
60 15 0.498579
60 18 0.505635
60 33 0.326547
60 32 0.338765
60 29 0.426072
60 16 0.557805
60 20 0.519926
60 23 0.512913
60 21 0.543646
60 19 0.568214
60 17 0.597909
60 44 0.322778
60 24 0.545293
60 22 0.560264
60 35 0.428224
60 26 0.547335
60 36 0.445459
60 27 0.566157
60 48 0.331133
60 39 0.485643
60 45 0.406452
60 25 0.642685
60 40 0.486523
60 34 0.613673
60 43 0.530672
60 38 0.623646
60 42 0.571874
60 46 0.541566
60 37 0.641795
60 47 0.535985
60 50 0.518987
60 41 0.626167
60 49 0.527688
61 13 0.308087
61 11 0.329230
61 9 0.367902
61 10 0.422524
61 12 0.458332
61 14 0.484320
61 6 0.504020
61 5 0.521879
61 15 0.510741
61 7 0.525336
61 31 0.496159
61 1 0.545459
61 19 0.529347
61 3 0.575076
61 33 0.530915
61 29 0.551909
61 45 0.522580
61 8 0.600169
61 16 0.617367
61 18 0.638167
61 26 0.632777
61 28 0.629706
61 44 0.618320
61 32 0.647677
61 40 0.638227
61 30 0.660665
61 43 0.634328
61 37 0.651800
61 35 0.662438
61 27 0.688786
61 21 0.701488
61 25 0.696913
61 2 0.735029
61 17 0.724380
61 4 0.744719
61 20 0.748780
61 0 0.773480
61 42 0.710336
61 22 0.761515
61 36 0.732220
61 24 0.760297
61 39 0.737177
61 23 0.776641
61 47 0.717784
61 48 0.717209
61 38 0.769517
61 41 0.766908
61 34 0.786770
61 46 0.768817
61 50 0.810415
61 49 0.887142
62 1 0.209147
62 3 0.206132
62 5 0.250194
62 0 0.297622
62 8 0.283669
62 9 0.264022
62 10 0.254504
62 11 0.253741
62 2 0.380520
62 14 0.251625
62 7 0.360164
62 4 0.380339
62 13 0.259007
62 12 0.272325
62 6 0.452745
62 28 0.327762
62 29 0.334592
62 33 0.307081
62 31 0.340872
62 30 0.358644
62 20 0.399517
62 15 0.425935
62 19 0.424817
62 16 0.443555
62 32 0.419267
62 21 0.480621
62 17 0.517090
62 18 0.521688
62 24 0.535568
62 22 0.560303
62 36 0.462699
62 26 0.567896
62 25 0.586697
62 40 0.353256
62 44 0.241385
62 34 0.547488
62 27 0.596770
62 23 0.624625
62 35 0.551553
62 38 0.505631
62 45 0.322178
62 37 0.533033
62 39 0.484489
62 43 0.362380
62 41 0.415813
62 46 0.381948
62 48 0.382000
62 49 0.388560
62 42 0.404469
62 47 0.404125
62 50 0.407671
63 9 0.147973
63 8 0.228305
63 10 0.205614
63 11 0.229237
63 3 0.370246
63 2 0.395214
63 0 0.404551
63 12 0.242116
63 1 0.409706
63 5 0.313496
63 14 0.262135
63 13 0.284883
63 4 0.409748
63 6 0.375052
63 7 0.422904
63 16 0.404159
63 32 0.226910
63 29 0.237777
63 31 0.264055
63 30 0.276619
63 28 0.316850
63 44 0.267093
63 15 0.538521
63 33 0.311571
63 18 0.458402
63 17 0.490973
63 22 0.417332
63 20 0.471594
63 25 0.488053
63 24 0.500366
63 34 0.460934
63 26 0.493568
63 43 0.477787
63 40 0.506220
63 19 0.634705
63 21 0.583787
63 35 0.527652
63 27 0.569362
63 36 0.558840
63 23 0.623853
63 38 0.573690
63 45 0.544850
63 47 0.542569
63 39 0.593745
63 48 0.558047
63 37 0.605581
63 42 0.597041
63 50 0.584218
63 41 0.616763
63 49 0.609918
63 46 0.661056
64 12 0.251953
64 11 0.269208
64 10 0.288881
64 13 0.260905
64 14 0.276999
64 3 0.353028
64 9 0.351804
64 1 0.368259
64 8 0.364907
64 5 0.423279
64 0 0.458928
64 4 0.507753
64 7 0.548415
64 6 0.576755
64 30 0.241112
64 28 0.287905
64 17 0.515880
64 32 0.322468
64 15 0.595156
64 33 0.342558
64 31 0.350942
64 16 0.570769
64 29 0.385780
64 22 0.448205
64 2 0.784167
64 24 0.457056
64 44 0.334474
64 21 0.501769
64 20 0.517786
64 18 0.547114
64 23 0.533554
64 26 0.514751
64 19 0.601484
64 36 0.524083
64 25 0.597683
64 40 0.501272
64 34 0.575684
64 35 0.584545
64 38 0.566125
64 27 0.669399
64 42 0.571082
64 39 0.588770
64 43 0.582451
64 45 0.560238
64 48 0.521908
64 41 0.638592
64 37 0.672585
64 46 0.593043
64 50 0.530704
64 47 0.580485
64 49 0.552442
65 8 0.269103
65 3 0.292806
65 12 0.286354
65 9 0.290616
65 10 0.307764
65 5 0.317437
65 11 0.349986
65 13 0.374157
65 7 0.447445
65 0 0.467987
65 2 0.475517
65 16 0.474224
65 30 0.436282
65 14 0.497512
65 18 0.491672
65 1 0.512692
65 4 0.512227
65 26 0.476531
65 28 0.490237
65 6 0.546111
65 15 0.536883
65 20 0.533899
65 32 0.512166
65 35 0.540223
65 50 0.499046
65 24 0.589379
65 25 0.589351
65 44 0.529995
65 22 0.609489
65 31 0.589985
65 42 0.549673
65 17 0.641551
65 34 0.598792
65 29 0.629377
65 47 0.578384
65 33 0.619288
65 38 0.605366
65 36 0.621800
65 43 0.603000
65 37 0.639537
65 21 0.701154
65 45 0.646054
65 23 0.720602
65 19 0.732317
65 49 0.651677
65 39 0.677579
65 48 0.660062
65 46 0.670776
65 27 0.741451
65 40 0.696381
65 41 0.760203
66 9 0.212555
66 10 0.218160
66 0 0.241519
66 1 0.325197
66 8 0.311087
66 4 0.322587
66 11 0.380859
66 14 0.375533
66 13 0.394995
66 7 0.410414
66 19 0.447691
66 5 0.417862
66 3 0.423376
66 28 0.365757
66 31 0.359251
66 30 0.365463
66 33 0.359688
66 15 0.446072
66 12 0.469366
66 6 0.485539
66 29 0.408320
66 2 0.420322
66 21 0.443289
66 16 0.495911
66 20 0.527751
66 32 0.497378
66 17 0.592204
66 18 0.590483
66 36 0.620146
66 26 0.670247
66 22 0.680586
66 24 0.676431
66 35 0.634578
66 27 0.666164
66 23 0.680252
66 44 0.431464
66 25 0.677404
66 43 0.510752
66 41 0.513389
66 39 0.564422
66 42 0.516983
66 37 0.617064
66 40 0.567244
66 49 0.394372
66 45 0.506735
66 38 0.658392
66 50 0.442357
66 34 0.760377
66 48 0.461312
66 46 0.487378
66 47 0.475037
67 8 0.237467
67 9 0.240401
67 10 0.228565
67 11 0.279999
67 14 0.325806
67 13 0.348130
67 5 0.393515
67 3 0.398701
67 1 0.430346
67 12 0.393978
67 0 0.433955
67 7 0.495933
67 2 0.518812
67 4 0.535887
67 29 0.298388
67 6 0.614625
67 30 0.275280
67 18 0.586470
67 15 0.600449
67 28 0.365277
67 17 0.622238
67 16 0.632208
67 32 0.348637
67 19 0.671994
67 21 0.698616
67 44 0.330104
67 20 0.726226
67 22 0.684902
67 24 0.561635
67 31 0.434747
67 33 0.434829
67 35 0.497341
67 40 0.471697
67 25 0.641536
67 41 0.514479
67 27 0.642333
67 45 0.507984
67 49 0.475368
67 38 0.561364
67 26 0.670657
67 39 0.568768
67 48 0.531861
67 47 0.556845
67 46 0.565001
67 23 0.807771
67 34 0.631185
67 36 0.633065
67 42 0.602803
67 43 0.637050
67 50 0.603967
67 37 0.730240
68 9 0.309752
68 13 0.305497
68 8 0.353738
68 10 0.351678
68 11 0.356247
68 14 0.356988
68 6 0.436406
68 0 0.453744
68 2 0.451127
68 1 0.484147
68 3 0.478718
68 12 0.468561
68 7 0.515639
68 5 0.540032
68 29 0.510207
68 19 0.550786
68 17 0.569430
68 23 0.556668
68 33 0.478977
68 25 0.568250
68 31 0.538370
68 21 0.585547
68 4 0.634750
68 30 0.606977
68 15 0.651891
68 44 0.359931
68 27 0.629279
68 16 0.673036
68 35 0.548263
68 20 0.678314
68 26 0.662483
68 32 0.624760
68 34 0.576279
68 28 0.684727
68 22 0.717107
68 24 0.742849
68 37 0.643585
68 42 0.580844
68 18 0.835844
68 41 0.684545
68 40 0.692773
68 46 0.424992
68 43 0.621327
68 50 0.420340
68 39 0.720005
68 45 0.452232
68 36 0.738686
68 38 0.741582
68 47 0.496504
68 49 0.522164
68 48 0.523037
69 10 0.281196
69 8 0.346597
69 4 0.349991
69 12 0.379895
69 28 0.352278
69 14 0.380957
69 44 0.375439
69 11 0.439608
69 0 0.449933
69 30 0.450569
69 32 0.446683
69 40 0.433354
69 6 0.495091
69 33 0.467535
69 17 0.512260
69 9 0.526133
69 13 0.561288
69 2 0.594279
69 48 0.539710
69 7 0.609888
69 24 0.584582
69 26 0.596764
69 20 0.625362
69 46 0.579539
69 36 0.605460
69 42 0.602042
69 1 0.671587
69 31 0.629827
69 16 0.670139
69 15 0.673431
69 29 0.667099
69 22 0.693777
69 34 0.674412
69 38 0.674177
69 39 0.675070
69 5 0.735441
69 18 0.725227
69 45 0.693320
69 3 0.767662
69 41 0.708340
69 50 0.717779
69 27 0.772486
69 49 0.740289
69 35 0.766982
69 47 0.758385
69 25 0.815350
69 19 0.836184
69 37 0.798541
69 43 0.807672
69 23 0.853357
69 21 0.903950
70 11 0.251271
70 12 0.314227
70 13 0.316490
70 10 0.320094
70 9 0.327653
70 8 0.340461
70 0 0.504572
70 6 0.431303
70 1 0.513374
70 4 0.495541
70 14 0.405461
70 2 0.523532
70 3 0.516968
70 5 0.493601
70 7 0.455485
70 28 0.414929
70 31 0.292916
70 29 0.474652
70 32 0.229998
70 30 0.407071
70 16 0.614753
70 15 0.646261
70 21 0.636927
70 44 0.252896
70 33 0.359881
70 18 0.664717
70 19 0.710302
70 27 0.697779
70 25 0.715145
70 17 0.768032
70 26 0.727838
70 24 0.746281
70 23 0.776427
70 45 0.413027
70 36 0.461297
70 20 0.832244
70 34 0.551857
70 22 0.859408
70 42 0.508009
70 47 0.500078
70 40 0.521508
70 50 0.510727
70 49 0.520007
70 43 0.543912
70 41 0.550268
70 35 0.623739
70 37 0.570851
70 48 0.551053
70 38 0.577247
70 39 0.596393
70 46 0.603144
71 8 0.283677
71 11 0.262438
71 9 0.269362
71 10 0.270288
71 12 0.287323
71 14 0.345383
71 0 0.543633
71 13 0.383234
71 2 0.543603
71 3 0.543290
71 1 0.545324
71 4 0.600097
71 5 0.604453
71 28 0.231096
71 7 0.677392
71 6 0.701837
71 29 0.250964
71 20 0.446114
71 32 0.265539
71 15 0.645244
71 31 0.305922
71 30 0.340804
71 16 0.681682
71 33 0.315218
71 17 0.679608
71 18 0.696277
71 19 0.614132
71 44 0.317060
71 21 0.556349
71 22 0.543047
71 25 0.533677
71 47 0.382944
71 27 0.562579
71 24 0.578472
71 38 0.455695
71 26 0.583841
71 35 0.493692
71 34 0.515073
71 23 0.664282
71 40 0.513467
71 37 0.539994
71 39 0.542210
71 42 0.526187
71 43 0.537808
71 48 0.538382
71 50 0.531362
71 45 0.567820
71 41 0.590226
71 36 0.623186
71 46 0.578203
71 49 0.631550
72 9 0.327963
72 5 0.353442
72 33 0.336604
72 3 0.412225
72 11 0.418401
72 29 0.404157
72 44 0.386264
72 13 0.436219
72 1 0.453173
72 14 0.443982
72 12 0.446446
72 20 0.436309
72 7 0.488412
72 17 0.477275
72 27 0.476127
72 39 0.489026
72 28 0.503099
72 31 0.500467
72 50 0.476960
72 24 0.511661
72 6 0.549652
72 16 0.568997
72 10 0.578424
72 8 0.582558
72 45 0.536054
72 48 0.534636
72 25 0.571328
72 0 0.613244
72 2 0.622745
72 15 0.611834
72 30 0.597212
72 38 0.593208
72 43 0.592522
72 4 0.661465
72 36 0.617691
72 41 0.630135
72 21 0.658385
72 32 0.650478
72 34 0.655278
72 23 0.683605
72 40 0.662102
72 22 0.690468
72 35 0.686278
72 19 0.709180
72 26 0.711590
72 47 0.685077
72 18 0.743643
72 42 0.710993
72 46 0.706759
72 49 0.760260
72 37 0.783743
73 8 0.263342
73 11 0.270628
73 10 0.283598
73 13 0.328301
73 9 0.339316
73 12 0.346518
73 2 0.479969
73 14 0.447570
73 1 0.566587
73 0 0.567891
73 3 0.558446
73 5 0.563011
73 6 0.607972
73 7 0.608502
73 28 0.317125
73 31 0.297039
73 30 0.345580
73 33 0.297285
73 4 0.762968
73 29 0.402483
73 16 0.656743
73 17 0.681381
73 44 0.286805
73 15 0.770170
73 32 0.464402
73 18 0.762802
73 21 0.773121
73 24 0.836495
73 27 0.647517
73 36 0.559923
73 25 0.762785
73 19 0.894614
73 42 0.489777
73 45 0.493160
73 50 0.451925
73 37 0.599971
73 20 0.937009
73 26 0.739239
73 35 0.633735
73 23 0.942439
73 43 0.550766
73 22 0.984563
73 39 0.653510
73 34 0.710304
73 46 0.598178
73 40 0.634237
73 48 0.587202
73 41 0.618961
73 49 0.601636
73 47 0.634502
73 38 0.737781
74 10 0.221696
74 11 0.251145
74 9 0.341210
74 8 0.345133
74 13 0.335814
74 2 0.504444
74 7 0.447951
74 12 0.418040
74 1 0.518799
74 0 0.529211
74 3 0.521405
74 5 0.518951
74 16 0.451861
74 6 0.493749
74 18 0.489322
74 4 0.606482
74 14 0.538487
74 33 0.242635
74 15 0.575753
74 19 0.545897
74 29 0.338139
74 28 0.366150
74 30 0.400475
74 32 0.343002
74 17 0.651597
74 31 0.356055
74 20 0.647626
74 22 0.670170
74 26 0.583988
74 25 0.639718
74 21 0.711369
74 27 0.566102
74 44 0.302189
74 37 0.390085
74 34 0.437706
74 23 0.776304
74 43 0.364903
74 42 0.371128
74 46 0.409549
74 38 0.473517
74 24 0.812684
74 50 0.373204
74 47 0.461829
74 36 0.610698
74 48 0.497989
74 39 0.508457
74 40 0.514559
74 35 0.630704
74 45 0.558139
74 41 0.601914
74 49 0.577115
75 12 0.253890
75 10 0.292945
75 13 0.287671
75 9 0.317353
75 8 0.319717
75 14 0.375168
75 11 0.436999
75 5 0.467702
75 1 0.618933
75 3 0.644034
75 32 0.245506
75 0 0.673072
75 2 0.676783
75 30 0.314448
75 31 0.333713
75 6 0.717794
75 29 0.397329
75 28 0.405293
75 4 0.761909
75 7 0.760886
75 16 0.779001
75 17 0.801152
75 15 0.826462
75 33 0.484531
75 44 0.285369
75 18 0.794470
75 24 0.612327
75 19 0.751255
75 20 0.724407
75 21 0.711942
75 25 0.696186
75 22 0.710981
75 26 0.710643
75 23 0.745185
75 27 0.728385
75 34 0.680058
75 40 0.641843
75 35 0.707766
75 37 0.707380
75 36 0.722518
75 41 0.610955
75 39 0.724477
75 45 0.587496
75 38 0.753017
75 49 0.559620
75 43 0.618436
75 46 0.618342
75 48 0.627789
75 42 0.687077
75 50 0.659858
75 47 0.713349
76 9 0.401419
76 11 0.465655
76 10 0.467518
76 8 0.476052
76 1 0.565281
76 2 0.616620
76 14 0.576578
76 32 0.548506
76 5 0.588078
76 6 0.608992
76 44 0.552571
76 28 0.577615
76 3 0.620376
76 29 0.606327
76 4 0.646475
76 13 0.647159
76 7 0.653708
76 0 0.708083
76 33 0.726178
76 12 0.842735
76 30 0.844367
76 31 0.870049
76 37 0.937876
76 15 0.981761
76 41 0.950563
76 43 0.960076
76 40 1.017513
76 35 1.033929
76 46 1.024679
76 47 1.036129
76 19 1.096590
76 17 1.116151
76 21 1.114242
76 23 1.123661
76 34 1.113987
76 38 1.111764
76 25 1.148225
76 45 1.129062
76 39 1.159802
76 22 1.190410
76 18 1.210374
76 49 1.166015
76 27 1.207265
76 26 1.234579
76 50 1.209001
76 20 1.264737
76 24 1.288684
76 36 1.273659
76 42 1.294868
76 16 1.347321
76 48 1.309996
77 9 0.361679
77 12 0.452099
77 10 0.454414
77 28 0.435459
77 29 0.434960
77 33 0.436038
77 13 0.529825
77 11 0.543140
77 44 0.596569
77 32 0.633870
77 5 0.680458
77 1 0.711824
77 0 0.730383
77 2 0.729359
77 36 0.729513
77 46 0.710154
77 31 0.735482
77 14 0.757772
77 19 0.764447
77 24 0.763144
77 8 0.785230
77 7 0.802303
77 30 0.778096
77 4 0.813538
77 45 0.797207
77 37 0.807315
77 16 0.839025
77 3 0.872948
77 41 0.836378
77 18 0.878957
77 39 0.864610
77 42 0.870291
77 43 0.873684
77 38 0.886809
77 6 0.935917
77 35 0.907714
77 27 0.942723
77 47 0.914920
77 48 0.929757
77 50 0.928429
77 49 0.944568
77 15 0.996466
77 25 0.987050
77 21 1.040272
77 40 1.014980
77 23 1.068719
77 26 1.085437
77 17 1.112520
77 20 1.118607
77 34 1.113781
77 22 1.135430
78 9 0.260645
78 10 0.342155
78 8 0.393056
78 11 0.405052
78 3 0.421954
78 13 0.438047
78 1 0.467651
78 0 0.469383
78 30 0.534122
78 32 0.559631
78 28 0.565883
78 12 0.589468
78 5 0.597298
78 33 0.593434
78 44 0.593702
78 22 0.645813
78 2 0.673487
78 4 0.679559
78 20 0.668273
78 31 0.673016
78 39 0.675943
78 29 0.705506
78 14 0.728517
78 27 0.715685
78 17 0.762352
78 25 0.761661
78 24 0.773873
78 7 0.813816
78 15 0.815218
78 48 0.797859
78 34 0.823740
78 45 0.811701
78 6 0.857806
78 42 0.826503
78 46 0.823568
78 43 0.832365
78 26 0.880239
78 18 0.917947
78 49 0.903328
78 36 0.932504
78 37 0.940175
78 38 0.940101
78 21 0.960945
78 19 0.969971
78 16 0.993384
78 23 1.018174
78 40 1.007666
78 50 1.019907
78 35 1.058789
78 41 1.068061
78 47 1.099759
79 14 0.399673
79 8 0.413292
79 10 0.436636
79 44 0.407908
79 32 0.421990
79 31 0.429483
79 28 0.463445
79 11 0.488845
79 30 0.469407
79 33 0.573865
79 12 0.631231
79 3 0.639471
79 40 0.625483
79 9 0.664074
79 2 0.703670
79 6 0.700304
79 0 0.706086
79 27 0.701298
79 36 0.693881
79 5 0.739635
79 13 0.754075
79 29 0.762429
79 49 0.746457
79 22 0.779337
79 15 0.793107
79 50 0.755723
79 1 0.816969
79 25 0.800852
79 42 0.786032
79 24 0.816174
79 21 0.828570
79 4 0.877417
79 37 0.865049
79 34 0.868134
79 45 0.882341
79 16 0.931106
79 46 0.901987
79 35 0.927249
79 17 0.952533
79 23 0.951491
79 47 0.943930
79 18 0.982673
79 38 0.959089
79 20 0.996888
79 7 1.015269
79 41 0.983994
79 39 1.001474
79 26 1.031516
79 43 1.019441
79 48 1.027367
79 19 1.065755
80 9 0.450217
80 11 0.471250
80 8 0.475590
80 13 0.552240
80 14 0.647063
80 29 0.681154
80 3 0.746701
80 10 0.758195
80 1 0.766591
80 33 0.734148
80 17 0.808469
80 30 0.807873
80 31 0.806439
80 28 0.819864
80 26 0.861520
80 38 0.899648
80 47 0.889290
80 5 0.948124
80 32 0.971958
80 44 0.977969
80 27 1.001120
80 48 0.975233
80 12 1.018615
80 35 0.992676
80 22 1.040371
80 43 1.046020
80 20 1.091171
80 16 1.103385
80 34 1.082251
80 21 1.134385
80 0 1.171287
80 50 1.138633
80 25 1.179767
80 7 1.196556
80 18 1.201961
80 15 1.227871
80 19 1.232040
80 4 1.245059
80 42 1.234574
80 40 1.244464
80 2 1.373935
80 39 1.334660
80 45 1.328105
80 46 1.335820
80 41 1.348669
80 37 1.354337
80 23 1.373786
80 36 1.365994
80 24 1.391129
80 6 1.485417
80 49 1.550751
81 10 0.320241
81 8 0.452832
81 12 0.449964
81 3 0.469390
81 9 0.458590
81 14 0.452739
81 0 0.543141
81 5 0.598838
81 13 0.630615
81 11 0.653740
81 28 0.751265
81 4 0.802471
81 1 0.824612
81 20 0.788302
81 17 0.792331
81 32 0.739934
81 16 0.805893
81 2 0.843598
81 6 0.833230
81 29 0.805304
81 19 0.830808
81 30 0.827098
81 44 0.741612
81 21 0.913639
81 31 0.895661
81 7 0.971983
81 23 0.956732
81 22 0.962037
81 26 0.971462
81 24 0.983134
81 15 1.023711
81 47 0.892217
81 33 0.935433
81 18 1.051657
81 25 1.040636
81 35 0.982737
81 38 0.987330
81 34 1.065751
81 27 1.147380
81 42 1.078299
81 43 1.081768
81 46 1.077002
81 37 1.124096
81 36 1.132124
81 45 1.116126
81 40 1.136746
81 50 0.846726
81 49 1.011651
81 48 1.192333
81 41 1.233904
81 39 1.339570
82 13 0.427407
82 9 0.471312
82 11 0.512687
82 29 0.480416
82 33 0.478347
82 0 0.560781
82 1 0.578387
82 31 0.550694
82 3 0.644216
82 14 0.666039
82 28 0.651187
82 8 0.691268
82 21 0.695403
82 10 0.763726
82 32 0.756154
82 12 0.805667
82 30 0.789862
82 7 0.856894
82 5 0.873665
82 47 0.837498
82 4 0.919261
82 35 0.899216
82 27 0.923418
82 44 0.923594
82 45 0.927122
82 17 0.993220
82 15 1.027374
82 19 1.030147
82 23 1.023977
82 6 1.057223
82 37 1.031002
82 43 1.050299
82 24 1.078232
82 25 1.084321
82 36 1.077861
82 39 1.082036
82 40 1.105081
82 50 1.120590
82 22 1.160716
82 38 1.142993
82 34 1.153251
82 26 1.177391
82 2 1.234124
82 16 1.226509
82 18 1.250827
82 42 1.220995
82 20 1.263582
82 49 1.268281
82 46 1.294879
82 48 1.337066
82 41 1.349360
83 9 0.237122
83 8 0.363232
83 10 0.396792
83 13 0.395495
83 3 0.452036
83 5 0.513566
83 0 0.570254
83 11 0.507511
83 1 0.573346
83 7 0.529563
83 2 0.640817
83 29 0.572158
83 28 0.596263
83 31 0.637979
83 33 0.636722
83 12 0.673747
83 6 0.738438
83 14 0.733476
83 44 0.703581
83 15 0.782393
83 30 0.763760
83 19 0.782058
83 32 0.777807
83 4 0.922867
83 17 0.877758
83 41 0.843515
83 39 0.858501
83 21 0.901807
83 25 0.901491
83 45 0.861753
83 43 0.876686
83 49 0.887652
83 23 0.957800
83 42 0.933378
83 16 1.024031
83 18 1.030059
83 26 1.018613
83 36 1.004796
83 40 1.025820
83 48 1.005528
83 46 1.017379
83 20 1.075918
83 35 1.052521
83 22 1.084084
83 34 1.071250
83 27 1.083722
83 37 1.073495
83 47 1.038823
83 24 1.139016
83 50 1.087141
83 38 1.174238
84 8 0.291845
84 14 0.293080
84 10 0.301681
84 9 0.307876
84 13 0.298828
84 11 0.421840
84 12 0.429151
84 5 0.658468
84 0 0.751200
84 2 0.763365
84 1 0.764883
84 28 0.364647
84 4 0.773654
84 32 0.327926
84 30 0.339044
84 6 0.751220
84 3 0.811769
84 7 0.855525
84 31 0.477792
84 33 0.486291
84 22 0.613924
84 20 0.793064
84 15 0.878848
84 29 0.561477
84 17 0.878816
84 19 0.874786
84 23 0.666761
84 16 0.936479
84 44 0.509962
84 18 0.941712
84 25 0.685200
84 24 0.698982
84 21 0.908139
84 36 0.665529
84 27 0.759557
84 38 0.638938
84 34 0.703246
84 26 0.762718
84 47 0.566903
84 39 0.718357
84 49 0.539954
84 45 0.732638
84 41 0.765059
84 48 0.560741
84 37 0.797654
84 46 0.660926
84 50 0.625766
84 42 0.841288
84 40 0.871527
84 43 0.850658
84 35 0.950513
85 9 0.436042
85 3 0.475725
85 1 0.512349
85 32 0.714476
85 28 0.719332
85 6 0.739412
85 29 0.719090
85 33 0.715988
85 5 0.742252
85 22 0.729325
85 11 0.738879
85 7 0.761627
85 31 0.744183
85 13 0.788646
85 15 0.794342
85 23 0.796389
85 24 0.803916
85 4 0.844732
85 14 0.880709
85 27 0.897893
85 10 0.913244
85 26 0.911534
85 37 0.900311
85 44 0.892159
85 30 0.909265
85 25 0.956790
85 12 0.974916
85 36 0.959230
85 46 0.958318
85 8 1.008703
85 2 1.032213
85 35 1.034852
85 49 1.070347
85 39 1.087609
85 47 1.088221
85 40 1.096768
85 19 1.139662
85 45 1.110724
85 43 1.112718
85 20 1.145866
85 34 1.131538
85 17 1.168082
85 38 1.153748
85 0 1.201926
85 21 1.200432
85 41 1.182036
85 50 1.199460
85 18 1.240728
85 48 1.213444
85 42 1.289689
85 16 1.329703
86 10 0.299615
86 11 0.377939
86 9 0.398031
86 8 0.449845
86 12 0.449704
86 13 0.481569
86 14 0.488782
86 0 0.710344
86 32 0.646297
86 1 0.758232
86 30 0.723836
86 6 0.781390
86 4 0.784311
86 5 0.783743
86 2 0.820963
86 3 0.816632
86 7 0.809142
86 28 0.799461
86 33 0.799786
86 31 0.842502
86 37 0.876664
86 29 0.916326
86 16 0.943784
86 44 0.732853
86 15 0.997372
86 27 1.033765
86 21 1.062036
86 20 1.068901
86 35 1.048593
86 36 1.052144
86 24 1.102585
86 17 1.139491
86 22 1.167538
86 18 1.184803
86 23 1.182550
86 25 1.190252
86 45 0.929070
86 46 0.849621
86 26 1.242198
86 19 1.260353
86 40 1.164080
86 38 1.219595
86 48 0.887509
86 49 0.905377
86 34 1.288851
86 47 0.974560
86 39 1.281491
86 41 1.244637
86 43 1.229239
86 42 1.293316
86 50 1.034790
87 9 0.288550
87 11 0.325245
87 10 0.337451
87 8 0.347044
87 14 0.326456
87 12 0.336669
87 13 0.364538
87 1 0.741202
87 6 0.732749
87 2 0.747655
87 3 0.752603
87 32 0.358116
87 0 0.781211
87 28 0.385001
87 7 0.791591
87 4 0.812577
87 5 0.827938
87 29 0.431175
87 21 0.707657
87 31 0.438659
87 19 0.728491
87 30 0.454966
87 33 0.450172
87 15 0.848410
87 25 0.584706
87 22 0.809694
87 44 0.457825
87 17 0.890273
87 24 0.744633
87 26 0.706112
87 16 1.031174
87 40 0.624579
87 34 0.694115
87 27 0.732835
87 18 1.019470
87 38 0.709003
87 20 1.029463
87 36 0.745797
87 37 0.736224
87 35 0.768588
87 46 0.532227
87 39 0.772625
87 23 0.996223
87 47 0.521759
87 41 0.788349
87 45 0.638846
87 43 0.809741
87 42 0.847492
87 48 0.642500
87 49 0.647477
87 50 0.615446
88 8 0.386980
88 30 0.405852
88 12 0.444786
88 32 0.431589
88 13 0.508501
88 28 0.492330
88 44 0.519718
88 9 0.572921
88 10 0.594175
88 29 0.644350
88 3 0.682971
88 14 0.681686
88 11 0.696191
88 33 0.711884
88 0 0.769217
88 31 0.819001
88 40 0.857477
88 1 0.906952
88 18 0.887171
88 2 0.915345
88 4 0.929326
88 50 0.883213
88 5 0.950906
88 43 0.956603
88 15 1.069816
88 21 1.062332
88 46 1.035355
88 42 1.040189
88 16 1.084815
88 7 1.105123
88 6 1.123039
88 38 1.105212
88 35 1.159238
88 45 1.147900
88 36 1.180290
88 23 1.214293
88 25 1.230069
88 34 1.226878
88 41 1.220950
88 49 1.214788
88 19 1.249046
88 22 1.251042
88 26 1.247704
88 24 1.255182
88 17 1.270381
88 48 1.241979
88 27 1.303304
88 20 1.328338
88 47 1.317922
88 37 1.343463
88 39 1.359128
89 9 0.471832
89 11 0.525991
89 31 0.503060
89 12 0.526887
89 28 0.513773
89 3 0.554817
89 1 0.651575
89 14 0.698480
89 33 0.702769
89 5 0.777835
89 8 0.779788
89 44 0.738480
89 13 0.817764
89 29 0.802879
89 32 0.886390
89 2 0.971593
89 4 0.989186
89 7 0.985486
89 10 0.975238
89 35 1.003650
89 30 1.024325
89 20 1.150088
89 6 1.182961
89 0 1.280592
89 27 1.285720
89 21 1.296220
89 43 1.275077
89 16 1.315041
89 25 1.312326
89 23 1.335578
89 45 1.323263
89 22 1.354901
89 42 1.355496
89 37 1.375187
89 18 1.429592
89 49 1.390031
89 39 1.426256
89 41 1.430253
89 34 1.438567
89 47 1.415517
89 40 1.442488
89 15 1.477866
89 38 1.456062
89 26 1.490900
89 17 1.506557
89 36 1.489306
89 50 1.452245
89 46 1.521533
89 19 1.571167
89 24 1.592736
89 48 1.635226
90 10 0.387671
90 11 0.386656
90 9 0.392130
90 8 0.400019
90 14 0.411748
90 3 0.460848
90 5 0.445139
90 13 0.480462
90 12 0.498380
90 0 0.648682
90 1 0.649074
90 31 0.607813
90 7 0.756979
90 20 0.721242
90 28 0.661223
90 18 0.725421
90 30 0.647308
90 16 0.735488
90 32 0.659947
90 2 0.803854
90 4 0.825247
90 6 0.844290
90 29 0.744383
90 33 0.744634
90 17 0.877105
90 44 0.502101
90 36 0.884095
90 43 0.576126
90 27 0.993751
90 21 1.032057
90 19 1.079743
90 24 1.068997
90 38 0.973219
90 26 1.072126
90 37 1.002882
90 22 1.091948
90 25 1.089065
90 47 0.661299
90 34 1.048284
90 45 0.717477
90 39 0.810913
90 15 1.222472
90 35 1.129973
90 46 0.811574
90 40 0.834404
90 23 1.281026
90 41 0.871987
90 49 0.832249
90 42 0.891296
90 50 0.829048
90 48 0.884845
91 9 0.351206
91 8 0.500918
91 11 0.576285
91 5 0.612379
91 1 0.630499
91 29 0.652531
91 3 0.691060
91 2 0.727840
91 13 0.725511
91 15 0.742631
91 4 0.774662
91 32 0.762572
91 28 0.768161
91 38 0.771132
91 43 0.779328
91 23 0.805814
91 31 0.799379
91 33 0.844876
91 12 0.903831
91 14 0.913053
91 36 0.930565
91 7 0.974260
91 10 0.976720
91 22 0.961837
91 30 0.968500
91 35 0.963085
91 44 0.961446
91 45 1.009221
91 24 1.047700
91 47 1.070946
91 17 1.116023
91 49 1.121058
91 0 1.180478
91 20 1.156012
91 46 1.143409
91 39 1.157088
91 21 1.190960
91 34 1.184720
91 19 1.211177
91 42 1.192794
91 6 1.233535
91 27 1.232572
91 37 1.222503
91 16 1.277315
91 18 1.283046
91 48 1.258039
91 41 1.311085
91 40 1.315936
91 50 1.319001
91 25 1.396644
91 26 1.432790
92 8 0.464478
92 32 0.551948
92 30 0.554591
92 14 0.637948
92 33 0.723467
92 3 0.805851
92 31 0.802940
92 9 0.829123
92 42 0.791536
92 0 0.927405
92 12 0.918098
92 5 0.964648
92 7 0.963653
92 28 0.983756
92 10 1.005513
92 4 1.016626
92 44 1.016988
92 29 1.073897
92 18 1.089297
92 13 1.097130
92 11 1.147289
92 21 1.147564
92 2 1.184507
92 6 1.213203
92 36 1.253951
92 41 1.260297
92 1 1.311162
92 49 1.257235
92 34 1.309053
92 24 1.343821
92 19 1.359088
92 48 1.321804
92 16 1.378901
92 40 1.357723
92 15 1.396138
92 20 1.398065
92 26 1.423640
92 45 1.412555
92 17 1.453790
92 35 1.437504
92 46 1.437369
92 50 1.457622
92 22 1.503359
92 25 1.499444
92 38 1.493617
92 43 1.506526
92 47 1.556319
92 37 1.594536
92 27 1.641608
92 39 1.658179
92 23 1.684466
93 10 0.473379
93 11 0.523874
93 14 0.549774
93 8 0.620835
93 29 0.640988
93 32 0.681065
93 44 0.686082
93 21 0.745965
93 19 0.768295
93 31 0.769825
93 12 0.841027
93 30 0.879898
93 4 0.905953
93 0 0.909639
93 9 0.903849
93 1 0.951767
93 3 0.950965
93 28 0.961118
93 33 0.956925
93 13 1.080196
93 20 1.144725
93 15 1.189016
93 41 1.186789
93 6 1.242823
93 2 1.254298
93 5 1.274294
93 38 1.240722
93 42 1.255482
93 17 1.287273
93 36 1.334210
93 48 1.348568
93 49 1.368576
93 37 1.392733
93 35 1.396409
93 24 1.435395
93 43 1.421088
93 23 1.454248
93 22 1.463887
93 34 1.457796
93 18 1.484829
93 16 1.495640
93 40 1.468209
93 26 1.501356
93 27 1.519230
93 46 1.509825
93 7 1.558942
93 50 1.520961
93 47 1.537946
93 25 1.585181
93 45 1.581170
93 39 1.641934
94 10 0.394663
94 9 0.588829
94 14 0.692552
94 44 0.735849
94 33 0.750813
94 11 0.772983
94 7 0.789238
94 32 0.768385
94 3 0.794990
94 12 0.858574
94 0 0.867430
94 28 0.943315
94 31 0.940805
94 6 0.964030
94 1 0.996045
94 13 1.026986
94 4 1.033947
94 46 0.991691
94 5 1.034755
94 30 1.031489
94 23 1.039384
94 20 1.055523
94 8 1.078676
94 19 1.093757
94 29 1.124864
94 18 1.146963
94 35 1.148012
94 22 1.173936
94 36 1.219768
94 34 1.230611
94 40 1.233964
94 2 1.281150
94 26 1.261763
94 15 1.283357
94 45 1.249710
94 21 1.289199
94 27 1.302424
94 38 1.310857
94 24 1.338527
94 43 1.316186
94 17 1.377687
94 16 1.407914
94 25 1.423217
94 47 1.482509
94 37 1.503820
94 42 1.522371
94 39 1.534115
94 50 1.578324
94 48 1.613143
94 41 1.636166
94 49 1.748854
95 44 0.462624
95 31 0.529638
95 43 0.694119
95 3 0.746082
95 28 0.740544
95 14 0.755807
95 29 0.863167
95 10 0.882162
95 40 0.854348
95 11 0.882551
95 30 0.865104
95 1 0.890567
95 6 0.896985
95 8 0.904140
95 36 0.904191
95 37 0.904009
95 42 0.962258
95 48 0.985132
95 33 1.002045
95 9 1.033751
95 12 1.073654
95 32 1.063433
95 13 1.083032
95 35 1.087622
95 5 1.146897
95 0 1.155816
95 22 1.178837
95 27 1.197172
95 20 1.213025
95 16 1.242266
95 25 1.259281
95 4 1.284026
95 15 1.276050
95 17 1.349306
95 7 1.361508
95 45 1.327370
95 18 1.374282
95 23 1.377645
95 2 1.399713
95 21 1.392849
95 34 1.385948
95 46 1.382889
95 19 1.416650
95 39 1.405782
95 38 1.412260
95 47 1.402977
95 41 1.433775
95 50 1.431703
95 49 1.441517
95 26 1.477506
95 24 1.480880
96 8 0.379250
96 10 0.405018
96 12 0.408649
96 14 0.460801
96 9 0.502768
96 11 0.517504
96 5 0.629890
96 6 0.727967
96 30 0.684399
96 0 0.778256
96 2 0.778122
96 13 0.788142
96 4 0.815209
96 42 0.738195
96 32 0.778012
96 44 0.778999
96 31 0.819477
96 50 0.783683
96 47 0.803502
96 38 0.828742
96 7 0.913769
96 29 0.895734
96 36 0.880841
96 33 0.893536
96 3 0.975796
96 28 0.937526
96 45 0.944160
96 16 1.028817
96 1 1.048472
96 20 1.045502
96 40 0.995832
96 18 1.065444
96 24 1.080998
96 39 1.052853
96 26 1.134753
96 15 1.190058
96 22 1.176324
96 46 1.114355
96 43 1.122982
96 34 1.180426
96 23 1.223801
96 17 1.255259
96 27 1.265611
96 37 1.250183
96 48 1.231664
96 19 1.323004
96 35 1.286085
96 25 1.333429
96 49 1.294513
96 41 1.373791
96 21 1.494898
97 9 0.245016
97 19 0.460025
97 13 0.483775
97 29 0.469485
97 21 0.551991
97 31 0.556276
97 3 0.603062
97 5 0.643011
97 11 0.657743
97 1 0.672391
97 6 0.752105
97 8 0.758838
97 32 0.798917
97 33 0.836221
97 12 0.883809
97 14 0.906817
97 23 0.899547
97 44 0.922579
97 17 0.968867
97 10 0.981912
97 39 0.951960
97 15 1.012272
97 30 1.016330
97 28 1.038826
97 25 1.063553
97 45 1.040477
97 20 1.078155
97 7 1.088572
97 26 1.080519
97 48 1.072949
97 22 1.119178
97 0 1.145594
97 36 1.130689
97 46 1.171071
97 40 1.185388
97 24 1.204323
97 4 1.239256
97 37 1.206854
97 2 1.266138
97 38 1.272890
97 49 1.263738
97 43 1.300574
97 34 1.311418
97 47 1.320702
97 18 1.384501
97 16 1.435347
97 27 1.429489
97 41 1.480479
97 35 1.518695
97 42 1.519022
97 50 1.515246
98 10 0.469799
98 8 0.486767
98 44 0.500317
98 0 0.725316
98 1 0.756870
98 3 0.755881
98 9 0.752469
98 32 0.730414
98 13 0.881144
98 6 0.936804
98 31 0.913317
98 42 0.901520
98 11 0.995160
98 29 0.977197
98 14 1.056044
98 30 1.059608
98 12 1.120484
98 4 1.126299
98 2 1.143967
98 28 1.145983
98 33 1.140721
98 23 1.279448
98 19 1.284839
98 24 1.280396
98 45 1.269372
98 50 1.276590
98 47 1.312253
98 37 1.338930
98 40 1.347170
98 34 1.434364
98 5 1.462608
98 25 1.447166
98 35 1.446617
98 41 1.458170
98 27 1.488825
98 16 1.516596
98 36 1.508320
98 7 1.537719
98 38 1.518469
98 22 1.564852
98 17 1.585095
98 46 1.613784
98 20 1.659604
98 39 1.658659
98 43 1.665956
98 48 1.685890
98 21 1.736088
98 26 1.730993
98 15 1.759849
98 18 1.818673
98 49 1.826052
99 33 0.547586
99 11 0.643465
99 29 0.819525
99 13 0.901793
99 31 0.882563
99 10 0.904724
99 9 0.907962
99 49 0.864110
99 41 0.879329
99 30 0.929546
99 44 0.913793
99 35 0.960827
99 3 1.014872
99 1 1.052719
99 0 1.097359
99 46 1.051412
99 5 1.120793
99 43 1.081932
99 28 1.102515
99 27 1.120763
99 19 1.131329
99 8 1.159830
99 12 1.192475
99 45 1.175949
99 14 1.227785
99 32 1.208365
99 6 1.388069
99 50 1.338961
99 26 1.371398
99 17 1.383402
99 2 1.394684
99 37 1.372368
99 38 1.386594
99 21 1.424978
99 47 1.481560
99 15 1.552410
99 39 1.524757
99 34 1.547527
99 20 1.581810
99 16 1.587727
99 4 1.596296
99 42 1.608249
99 25 1.660802
99 18 1.669702
99 24 1.665683
99 22 1.684405
99 7 1.714636
99 23 1.716726
99 48 1.698110
99 40 1.772246
99 36 1.793646
100 8 0.327890
100 32 0.377271
100 13 0.432852
100 10 0.480212
100 28 0.469475
100 9 0.516157
100 44 0.496706
100 14 0.568849
100 30 0.594876
100 12 0.640779
100 5 0.670639
100 31 0.629384
100 11 0.676136
100 2 0.718812
100 3 0.737590
100 0 0.760304
100 33 0.733802
100 29 0.835169
100 1 0.911721
100 50 0.869300
100 7 1.084481
100 43 1.018067
100 42 1.022293
100 4 1.089444
100 40 1.048667
100 38 1.059015
100 6 1.114609
100 16 1.105057
100 48 1.087148
100 24 1.171681
100 19 1.183993
100 21 1.194425
100 27 1.188235
100 18 1.210348
100 36 1.186859
100 20 1.216117
100 39 1.189821
100 25 1.220473
100 26 1.225391
100 22 1.240920
100 47 1.199045
100 35 1.263023
100 17 1.300081
100 15 1.315776
100 49 1.256757
100 41 1.285879
100 23 1.325827
100 45 1.295169
100 34 1.350408
100 46 1.329001
100 37 1.485863
101 10 0.414479
101 13 0.477288
101 3 0.583631
101 33 0.556508
101 31 0.578180
101 5 0.608604
101 45 0.632486
101 0 0.676240
101 1 0.676120
101 44 0.658916
101 11 0.693664
101 2 0.771537
101 20 0.792626
101 6 0.803645
101 29 0.789849
101 14 0.835051
101 19 0.832055
101 32 0.848115
101 46 0.834129
101 9 0.892589
101 8 0.960273
101 36 0.934634
101 39 0.975292
101 30 1.008946
101 28 1.024893
101 12 1.054130
101 7 1.153632
101 35 1.127325
101 48 1.109572
101 43 1.119428
101 18 1.148748
101 38 1.126015
101 16 1.161611
101 24 1.188065
101 4 1.216264
101 23 1.202339
101 41 1.193546
101 17 1.232537
101 15 1.258090
101 40 1.245219
101 21 1.267701
101 26 1.263627
101 37 1.263311
101 25 1.291984
101 49 1.262146
101 22 1.297324
101 50 1.261463
101 27 1.304935
101 42 1.289899
101 47 1.425657
101 34 1.473116
102 8 0.405237
102 12 0.409174
102 13 0.478965
102 28 0.493048
102 11 0.584951
102 1 0.627402
102 9 0.678846
102 14 0.742821
102 36 0.741917
102 31 0.760052
102 0 0.786700
102 26 0.782332
102 41 0.767300
102 34 0.796965
102 33 0.798742
102 6 0.839972
102 10 0.837752
102 44 0.805329
102 30 0.834920
102 29 0.884950
102 2 0.908429
102 32 0.901870
102 24 0.919536
102 45 0.926408
102 23 0.963801
102 21 0.966488
102 4 1.001258
102 48 0.993413
102 5 1.040927
102 22 1.035577
102 47 1.031451
102 46 1.048392
102 40 1.070131
102 50 1.067849
102 38 1.100794
102 18 1.127304
102 16 1.143657
102 25 1.142508
102 43 1.139678
102 3 1.176963
102 35 1.155065
102 7 1.188789
102 37 1.161858
102 49 1.161006
102 20 1.199756
102 19 1.228398
102 27 1.229749
102 17 1.245307
102 42 1.238240
102 39 1.282033
102 15 1.311082
103 9 0.337870
103 10 0.476639
103 8 0.493749
103 12 0.491496
103 6 0.725746
103 28 0.717066
103 3 0.748520
103 5 0.769578
103 4 0.770672
103 1 0.786202
103 29 0.811809
103 7 0.836067
103 2 0.858280
103 11 0.893266
103 43 0.854704
103 13 0.943330
103 32 0.958332
103 31 0.959459
103 0 1.049141
103 30 1.018524
103 21 1.048284
103 34 1.029435
103 14 1.056673
103 44 1.033998
103 19 1.069732
103 27 1.090113
103 45 1.074545
103 18 1.124489
103 33 1.136454
103 26 1.177312
103 40 1.172520
103 37 1.176639
103 42 1.204998
103 36 1.223129
103 16 1.263152
103 22 1.266331
103 39 1.276958
103 20 1.315457
103 46 1.289883
103 15 1.341476
103 24 1.333092
103 23 1.345076
103 41 1.321744
103 25 1.353479
103 35 1.377387
103 17 1.417951
103 38 1.400330
103 47 1.395780
103 49 1.421079
103 48 1.458024
103 50 1.489505
104 8 0.330328
104 9 0.417234
104 10 0.421488
104 12 0.413090
104 11 0.420934
104 14 0.430794
104 0 0.567484
104 13 0.544267
104 28 0.569599
104 4 0.634577
104 2 0.652490
104 32 0.706173
104 33 0.725731
104 44 0.707704
104 16 0.760355
104 29 0.747886
104 6 0.870981
104 1 0.926985
104 38 0.851290
104 30 0.891748
104 3 0.951658
104 18 0.928126
104 7 0.964033
104 31 0.947859
104 19 1.024426
104 5 1.066727
104 23 1.044227
104 47 1.006840
104 42 1.043934
104 36 1.080962
104 48 1.052575
104 40 1.093988
104 24 1.132342
104 15 1.156702
104 22 1.154949
104 43 1.117539
104 20 1.181591
104 17 1.188836
104 25 1.190010
104 46 1.140520
104 49 1.133912
104 50 1.132981
104 45 1.153814
104 26 1.215553
104 41 1.190626
104 35 1.277658
104 37 1.280769
104 39 1.282750
104 34 1.327634
104 21 1.347843
104 27 1.341444
105 9 0.338231
105 12 0.444432
105 14 0.449796
105 13 0.493033
105 10 0.504233
105 0 0.578525
105 44 0.526544
105 29 0.557106
105 11 0.605976
105 8 0.618458
105 1 0.734460
105 6 0.732307
105 31 0.705458
105 3 0.772565
105 33 0.730397
105 5 0.919276
105 32 0.885893
105 4 0.983085
105 30 0.946820
105 7 1.042257
105 28 1.027667
105 2 1.096258
105 15 1.073813
105 35 1.094172
105 40 1.108816
105 18 1.168133
105 43 1.146316
105 45 1.183080
105 42 1.206975
105 47 1.260989
105 38 1.278534
105 39 1.282382
105 19 1.325734
105 17 1.335553
105 24 1.351839
105 36 1.363999
105 46 1.354690
105 37 1.380227
105 41 1.383037
105 23 1.414427
105 22 1.447164
105 16 1.457351
105 50 1.423901
105 34 1.449097
105 48 1.440479
105 27 1.481862
105 21 1.516768
105 20 1.537594
105 49 1.548880
105 25 1.650462
105 26 1.673650
106 9 0.453950
106 33 0.661732
106 11 0.706797
106 29 0.733241
106 44 0.748803
106 3 0.789026
106 13 0.805518
106 28 0.790967
106 8 0.831257
106 31 0.863779
106 7 0.907921
106 12 0.955456
106 0 0.986350
106 5 1.008272
106 32 0.984729
106 46 1.008037
106 47 1.025109
106 2 1.078969
106 45 1.038620
106 30 1.101289
106 10 1.135441
106 40 1.117097
106 35 1.123744
106 1 1.175491
106 14 1.178702
106 4 1.227606
106 19 1.217486
106 21 1.235146
106 24 1.232524
106 34 1.219750
106 15 1.258409
106 25 1.269175
106 27 1.275411
106 6 1.323828
106 42 1.345755
106 41 1.355210
106 36 1.368082
106 43 1.363104
106 22 1.408548
106 48 1.386468
106 37 1.405745
106 50 1.411176
106 17 1.482418
106 26 1.483264
106 16 1.507361
106 18 1.513459
106 20 1.522225
106 39 1.501368
106 38 1.509963
106 49 1.508040
106 23 1.625287
107 8 0.351125
107 32 0.412182
107 29 0.418212
107 10 0.494185
107 14 0.547661
107 12 0.593249
107 28 0.599858
107 0 0.669651
107 13 0.675961
107 3 0.685540
107 31 0.710852
107 11 0.850485
107 43 0.877704
107 9 0.917109
107 44 0.893655
107 40 0.913861
107 2 0.968442
107 39 0.971895
107 26 0.989950
107 35 1.012484
107 36 1.011634
107 30 1.038709
107 1 1.081308
107 33 1.082691
107 16 1.115399
107 5 1.134041
107 4 1.135828
107 41 1.128857
107 20 1.181564
107 34 1.186254
107 38 1.190453
107 46 1.204810
107 6 1.262343
107 24 1.246869
107 15 1.298405
107 49 1.263435
107 50 1.263942
107 19 1.305939
107 22 1.303309
107 37 1.310819
107 7 1.343611
107 47 1.327654
107 18 1.388616
107 27 1.401096
107 23 1.432733
107 45 1.413679
107 42 1.419217
107 25 1.464179
107 21 1.510390
107 48 1.481985
107 17 1.585111
108 9 0.390364
108 14 0.476138
108 11 0.480543
108 13 0.706186
108 28 0.718731
108 8 0.763482
108 12 0.840671
108 31 0.838130
108 1 0.892760
108 5 0.926901
108 2 0.936736
108 4 0.935991
108 0 0.939259
108 10 0.936722
108 30 0.911775
108 32 0.961639
108 7 1.004778
108 44 1.026485
108 29 1.059271
108 33 1.053883
108 15 1.178425
108 35 1.174628
108 6 1.306077
108 27 1.275396
108 40 1.288960
108 3 1.352048
108 37 1.367521
108 34 1.412017
108 18 1.465813
108 45 1.436510
108 43 1.524589
108 36 1.545453
108 16 1.584014
108 24 1.597435
108 26 1.598619
108 25 1.607914
108 41 1.601570
108 22 1.681579
108 21 1.689156
108 46 1.646803
108 49 1.675529
108 20 1.740035
108 38 1.747535
108 23 1.785952
108 48 1.777364
108 39 1.819565
108 19 1.898509
108 17 1.921271
108 42 1.883803
108 50 1.882408
108 47 1.910247
109 8 0.517056
109 10 0.546665
109 14 0.544268
109 30 0.529774
109 28 0.567244
109 44 0.550810
109 32 0.626299
109 0 0.724749
109 2 0.736804
109 31 0.728808
109 12 0.775588
109 6 0.854014
109 7 0.875485
109 33 0.859680
109 4 0.897321
109 3 0.909106
109 13 0.921785
109 29 0.920322
109 9 0.977324
109 11 0.977391
109 46 0.968494
109 35 0.997651
109 1 1.036444
109 23 1.019345
109 48 1.018451
109 45 1.038726
109 16 1.078355
109 18 1.099144
109 21 1.102351
109 38 1.105474
109 36 1.134785
109 40 1.136342
109 42 1.134892
109 22 1.172716
109 50 1.150576
109 26 1.185602
109 5 1.203982
109 27 1.199803
109 34 1.223830
109 15 1.247590
109 47 1.216027
109 43 1.226813
109 39 1.242775
109 20 1.289929
109 19 1.315784
109 41 1.305153
109 24 1.334516
109 37 1.357907
109 25 1.393674
109 17 1.434297
109 49 1.409749
110 11 0.413334
110 14 0.412639
110 10 0.492474
110 13 0.505558
110 12 0.695001
110 8 0.713446
110 28 0.689980
110 9 0.847054
110 1 0.860675
110 6 0.918230
110 4 0.932837
110 0 0.990675
110 7 0.986275
110 30 0.568549
110 32 0.543212
110 2 1.039090
110 15 1.041949
110 20 1.056662
110 18 1.085490
110 25 1.104138
110 29 0.725023
110 16 1.131039
110 33 0.631199
110 31 0.661716
110 44 0.388357
110 22 1.170052
110 19 1.176846
110 3 1.197294
110 5 1.288519
110 24 1.289088
110 21 1.322274
110 27 1.254374
110 26 1.411496
110 36 0.901425
110 17 1.485526
110 35 0.988472
110 23 1.502086
110 42 0.775427
110 38 0.870471
110 50 0.689831
110 40 0.884392
110 39 0.922123
110 41 0.907593
110 45 0.874951
110 34 1.149039
110 43 0.911182
110 46 0.846794
110 37 1.097773
110 47 0.857245
110 49 0.862040
110 48 0.902300
111 8 0.344408
111 9 0.428557
111 10 0.435957
111 3 0.549830
111 12 0.553484
111 2 0.613981
111 5 0.614408
111 28 0.598776
111 30 0.679028
111 14 0.717643
111 44 0.687847
111 0 0.742427
111 33 0.730872
111 4 0.764768
111 32 0.762801
111 17 0.783539
111 29 0.787870
111 11 0.861687
111 31 0.839678
111 45 0.839385
111 6 0.934824
111 38 0.903690
111 34 0.940251
111 26 0.960375
111 13 0.983570
111 16 0.991171
111 18 0.990274
111 15 0.994593
111 19 0.991971
111 1 1.018765
111 22 1.016129
111 48 1.005576
111 47 1.014139
111 7 1.061372
111 43 1.039022
111 36 1.072956
111 25 1.101600
111 50 1.079469
111 42 1.095307
111 37 1.110555
111 20 1.140615
111 21 1.139925
111 46 1.125076
111 27 1.165672
111 23 1.212718
111 41 1.227565
111 35 1.240539
111 40 1.263211
111 39 1.287465
111 24 1.338975
111 49 1.330072
112 30 0.487595
112 11 0.577730
112 44 0.683507
112 31 0.796604
112 0 0.927034
112 6 0.971066
112 3 0.974691
112 4 0.974517
112 1 0.976969
112 8 1.022909
112 2 1.027619
112 7 1.025325
112 5 1.027106
112 13 1.040422
112 12 1.055649
112 32 1.036111
112 14 1.055793
112 10 1.149269
112 29 1.168622
112 28 1.189047
112 9 1.208058
112 18 1.202700
112 34 1.185357
112 33 1.187816
112 40 1.194990
112 16 1.236793
112 46 1.332454
112 26 1.359348
112 43 1.338600
112 17 1.384319
112 25 1.389959
112 47 1.376478
112 15 1.416439
112 21 1.454482
112 22 1.492599
112 45 1.501623
112 24 1.544159
112 23 1.546756
112 35 1.583466
112 36 1.583300
112 38 1.580566
112 50 1.581371
112 48 1.601335
112 39 1.642411
112 27 1.658532
112 20 1.683401
112 41 1.672418
112 49 1.661129
112 19 1.714879
112 42 1.689400
112 37 1.783427
113 9 0.462967
113 8 0.492489
113 14 0.526226
113 12 0.549176
113 44 0.519239
113 13 0.622331
113 29 0.644724
113 28 0.688694
113 31 0.698602
113 11 0.765812
113 10 0.798979
113 0 0.809857
113 32 0.798454
113 2 0.862296
113 4 0.903309
113 30 0.872617
113 6 0.942070
113 33 0.933544
113 7 1.063664
113 17 1.134805
113 36 1.133266
113 5 1.195082
113 50 1.161664
113 40 1.179227
113 21 1.266497
113 26 1.276749
113 42 1.264756
113 19 1.330013
113 25 1.327900
113 41 1.318078
113 46 1.319403
113 39 1.338576
113 48 1.332872
113 3 1.389737
113 1 1.431789
113 49 1.378872
113 43 1.393209
113 38 1.434377
113 37 1.451248
113 35 1.453386
113 45 1.452696
113 15 1.497232
113 20 1.511423
113 23 1.512477
113 16 1.541736
113 18 1.553462
113 47 1.522240
113 34 1.623101
113 24 1.660918
113 27 1.665386
113 22 1.754514
114 10 0.388046
114 8 0.397509
114 9 0.422024
114 13 0.479968
114 11 0.600697
114 30 0.620759
114 12 0.658638
114 31 0.693587
114 1 0.742459
114 3 0.760985
114 44 0.706080
114 14 0.800301
114 0 0.862403
114 5 0.908877
114 28 0.949422
114 32 0.945590
114 29 1.046418
114 7 1.144364
114 34 1.202321
114 25 1.235346
114 45 1.223938
114 33 1.237764
114 22 1.250011
114 50 1.224431
114 2 1.317152
114 16 1.338577
114 24 1.336504
114 43 1.339671
114 20 1.370917
114 35 1.379391
114 4 1.448790
114 27 1.411982
114 40 1.414061
114 39 1.416620
114 21 1.447149
114 15 1.509101
114 46 1.480046
114 26 1.509482
114 37 1.497829
114 36 1.514234
114 41 1.515038
114 19 1.567234
114 18 1.591649
114 23 1.612045
114 49 1.626238
114 38 1.661654
114 42 1.670842
114 47 1.713590
114 6 1.776012
114 48 1.756835
114 17 1.873535
115 8 0.388495
115 28 0.472563
115 32 0.469001
115 10 0.527259
115 9 0.609609
115 30 0.669354
115 12 0.714882
115 1 0.745690
115 33 0.735759
115 2 0.765140
115 11 0.763847
115 6 0.787726
115 29 0.766180
115 44 0.771572
115 31 0.789800
115 0 0.828912
115 5 0.839300
115 36 0.812875
115 14 0.900936
115 48 0.874463
115 13 0.926543
115 22 0.929170
115 43 0.906366
115 45 0.937658
115 17 0.970965
115 40 0.954441
115 26 0.995318
115 4 1.040525
115 19 1.078350
115 24 1.080638
115 39 1.065651
115 21 1.094590
115 7 1.129229
115 3 1.139334
115 25 1.144252
115 16 1.165315
115 20 1.161322
115 38 1.151418
115 18 1.174450
115 15 1.227279
115 47 1.196874
115 49 1.210638
115 50 1.216982
115 34 1.239704
115 27 1.249457
115 41 1.247958
115 23 1.268876
115 42 1.257079
115 46 1.293241
115 37 1.320288
115 35 1.344912
116 9 0.499260
116 11 0.527319
116 12 0.583111
116 44 0.691894
116 6 0.793122
116 31 0.795336
116 2 0.823377
116 0 0.825764
116 30 0.828232
116 14 0.846899
116 28 0.834830
116 3 0.918588
116 5 0.923106
116 13 0.927781
116 4 1.006530
116 42 0.998381
116 39 1.038748
116 32 1.093817
116 33 1.094092
116 10 1.133604
116 25 1.133851
116 8 1.150585
116 29 1.130281
116 1 1.231130
116 7 1.254064
116 38 1.224053
116 41 1.221161
116 26 1.260289
116 21 1.281920
116 40 1.258695
116 22 1.283137
116 34 1.289051
116 24 1.321342
116 37 1.316455
116 15 1.354529
116 16 1.354186
116 49 1.351291
116 17 1.409120
116 23 1.414255
116 46 1.383709
116 43 1.412873
116 19 1.443447
116 18 1.474294
116 35 1.471635
116 48 1.463164
116 36 1.517009
116 47 1.501503
116 45 1.607335
116 50 1.601673
116 20 1.643778
116 27 1.691769
117 12 0.484214
117 11 0.549951
117 8 0.562478
117 9 0.601646
117 32 0.580226
117 14 0.601667
117 10 0.752244
117 28 0.887479
117 31 0.943129
117 3 1.014074
117 1 1.035325
117 29 1.012244
117 4 1.037325
117 2 1.098297
117 13 1.090441
117 30 1.072826
117 7 1.132751
117 44 1.181270
117 33 1.196110
117 19 1.258950
117 46 1.248394
117 20 1.340283
117 43 1.334040
117 5 1.396097
117 6 1.413808
117 40 1.377299
117 0 1.420347
117 38 1.410891
117 16 1.452689
117 27 1.442714
117 41 1.449950
117 37 1.475840
117 25 1.492255
117 47 1.477262
117 34 1.559774
117 18 1.582249
117 21 1.593032
117 42 1.675667
117 35 1.684148
117 23 1.701747
117 22 1.703080
117 17 1.709050
117 50 1.667252
117 26 1.700645
117 36 1.699653
117 24 1.718371
117 49 1.697874
117 45 1.720450
117 15 1.772297
117 48 1.769296
117 39 1.810190
118 10 0.489050
118 14 0.510508
118 44 0.473971
118 8 0.583201
118 32 0.606274
118 13 0.765346
118 33 0.811402
118 11 0.857811
118 29 0.900788
118 9 0.919618
118 12 0.955247
118 0 0.967100
118 1 0.986667
118 28 0.964877
118 30 1.030337
118 31 1.028816
118 5 1.052887
118 7 1.079290
118 3 1.083430
118 2 1.085434
118 46 1.082398
118 34 1.213639
118 40 1.242280
118 6 1.278520
118 18 1.285526
118 4 1.365116
118 22 1.353416
118 21 1.378688
118 26 1.402004
118 35 1.430754
118 42 1.434616
118 43 1.447225
118 25 1.483006
118 19 1.514466
118 15 1.530456
118 41 1.525708
118 48 1.536302
118 39 1.560539
118 37 1.563495
118 17 1.590818
118 38 1.576192
118 47 1.577221
118 27 1.606505
118 16 1.635407
118 50 1.606746
118 45 1.626878
118 49 1.647245
118 24 1.691939
118 20 1.732493
118 23 1.729894
118 36 1.722476
119 30 0.456690
119 9 0.497676
119 32 0.494033
119 31 0.525913
119 12 0.589329
119 14 0.815658
119 10 0.843337
119 44 0.826164
119 28 0.897980
119 1 0.933334
119 5 0.951151
119 11 0.998568
119 46 0.994131
119 4 1.040677
119 13 1.034643
119 29 1.024444
119 35 1.215594
119 0 1.250517
119 33 1.219182
119 42 1.210583
119 8 1.246564
119 2 1.256948
119 37 1.270365
119 15 1.407657
119 19 1.414384
119 3 1.434985
119 38 1.413914
119 17 1.487176
119 39 1.471998
119 43 1.475592
119 48 1.479823
119 7 1.532481
119 20 1.529783
119 18 1.532594
119 40 1.507424
119 50 1.499470
119 45 1.525533
119 41 1.540913
119 21 1.588603
119 34 1.579171
119 36 1.577714
119 27 1.596145
119 16 1.608293
119 6 1.622149
119 25 1.620960
119 22 1.630778
119 24 1.636992
119 49 1.604455
119 23 1.662319
119 26 1.666302
119 47 1.711438
120 8 0.558564
120 13 0.553835
120 12 0.654630
120 11 0.735112
120 14 0.733323
120 10 0.873258
120 3 1.098218
120 29 1.051676
120 30 1.053350
120 33 1.043743
120 31 1.052528
120 4 1.140105
120 9 1.169709
120 2 1.239131
120 1 1.309961
120 44 1.198054
120 28 1.444212
120 32 1.436515
120 22 1.460557
120 17 1.470106
120 0 1.496681
120 21 1.527588
120 19 1.532193
120 7 1.553444
120 6 1.580243
120 18 1.579715
120 20 1.578501
120 34 1.553040
120 15 1.605314
120 26 1.589500
120 23 1.633276
120 39 1.602633
120 16 1.720074
120 25 1.723521
120 5 1.773308
120 37 1.705626
120 24 1.780042
120 36 1.760510
120 42 1.828538
120 45 1.799831
120 49 1.375239
120 38 1.864574
120 27 1.908169
120 43 1.836851
120 35 1.899755
120 46 1.744521
120 40 1.878352
120 50 1.293622
120 41 1.885913
120 48 1.661682
120 47 1.790686
