21 0 0.091239
21 3 0.106153
21 2 0.135797
21 1 0.136698
21 4 0.152430
21 6 0.144445
21 8 0.124446
21 5 0.168460
21 10 0.090688
21 7 0.150630
21 9 0.124128
21 12 0.077754
21 11 0.098396
21 16 0.074195
21 14 0.090565
21 13 0.122269
21 15 0.118886
21 18 0.092897
21 17 0.098062
21 20 0.147327
21 44 0.147825
21 32 0.163120
21 42 0.150871
21 33 0.162573
21 21 0.176031
21 26 0.171770
21 19 0.191370
21 46 0.150970
21 24 0.178658
21 23 0.181885
21 38 0.164652
21 40 0.163082
21 39 0.166620
21 29 0.180055
21 27 0.184297
21 47 0.162130
21 30 0.183930
21 22 0.198305
21 43 0.174347
21 31 0.190534
21 28 0.198620
21 45 0.180470
21 25 0.204530
21 36 0.195129
21 35 0.197084
21 37 0.197164
21 41 0.194005
21 34 0.210332
21 50 0.198220
21 48 0.202201
21 49 0.209162
22 3 0.111883
22 2 0.117688
22 4 0.118319
22 0 0.121733
22 5 0.183500
22 1 0.188695
22 6 0.200839
22 8 0.214796
22 7 0.218479
22 9 0.240470
22 12 0.239225
22 11 0.244247
22 31 0.228098
22 14 0.247419
22 17 0.251293
22 29 0.244342
22 34 0.239129
22 25 0.250455
22 41 0.231388
22 33 0.241946
22 10 0.274337
22 15 0.274828
22 40 0.248738
22 19 0.274012
22 21 0.272633
22 23 0.270635
22 49 0.237859
22 13 0.284820
22 27 0.271823
22 50 0.242305
22 43 0.252583
22 20 0.280265
22 44 0.255077
22 32 0.269849
22 18 0.286570
22 30 0.275818
22 22 0.283712
22 45 0.254925
22 37 0.268374
22 47 0.255100
22 28 0.281257
22 24 0.286610
22 35 0.274941
22 39 0.268873
22 38 0.273277
22 36 0.278649
22 26 0.291356
22 48 0.263749
22 16 0.304530
22 46 0.271579
22 42 0.278187
23 19 0.175583
23 5 0.219422
23 13 0.224910
23 10 0.228056
23 8 0.248429
23 9 0.250005
23 12 0.247841
23 32 0.238971
23 11 0.257082
23 33 0.238778
23 35 0.239288
23 31 0.245377
23 24 0.252678
23 15 0.261914
23 4 0.281445
23 22 0.268671
23 3 0.286034
23 25 0.269420
23 14 0.280199
23 23 0.274758
23 26 0.271324
23 27 0.271510
23 39 0.261003
23 30 0.269879
23 17 0.282197
23 7 0.290628
23 28 0.273734
23 29 0.273693
23 20 0.283461
23 47 0.256440
23 48 0.255247
23 50 0.253079
23 40 0.265279
23 1 0.298008
23 18 0.286729
23 6 0.296189
23 38 0.270156
23 2 0.299294
23 42 0.266046
23 44 0.264112
23 0 0.302087
23 21 0.287944
23 36 0.274795
23 34 0.280588
23 43 0.274274
23 16 0.300760
23 37 0.283729
23 41 0.281007
23 45 0.276352
23 46 0.275481
23 49 0.273171
24 0 0.177491
24 5 0.192781
24 10 0.192004
24 7 0.234370
24 9 0.239738
24 17 0.242652
24 13 0.249556
24 29 0.238308
24 11 0.253455
24 34 0.241563
24 1 0.268239
24 22 0.253213
24 33 0.243320
24 15 0.261300
24 27 0.253554
24 14 0.264671
24 20 0.262101
24 25 0.258374
24 12 0.269812
24 48 0.236949
24 3 0.277769
24 31 0.257062
24 32 0.256251
24 39 0.250865
24 6 0.280057
24 24 0.267000
24 8 0.280110
24 28 0.264147
24 26 0.266172
24 23 0.270312
24 18 0.275270
24 46 0.251878
24 44 0.254284
24 42 0.256664
24 30 0.267924
24 37 0.262803
24 21 0.277796
24 50 0.249257
24 2 0.292177
24 19 0.280458
24 16 0.283343
24 47 0.255680
24 38 0.266794
24 41 0.264481
24 49 0.254640
24 45 0.261440
24 36 0.270525
24 40 0.267463
24 43 0.267317
24 4 0.300776
24 35 0.280971
25 2 0.193299
25 22 0.214518
25 15 0.220288
25 17 0.227060
25 11 0.241028
25 3 0.249103
25 31 0.234889
25 12 0.252740
25 36 0.249218
25 5 0.275634
25 29 0.259899
25 6 0.281254
25 16 0.274597
25 20 0.273796
25 33 0.264110
25 21 0.274185
25 8 0.285110
25 7 0.290397
25 30 0.272868
25 26 0.276232
25 18 0.284056
25 40 0.265496
25 13 0.289427
25 4 0.297585
25 10 0.294051
25 48 0.262174
25 14 0.292419
25 44 0.266779
25 28 0.282172
25 1 0.303497
25 0 0.304401
25 9 0.297867
25 32 0.280663
25 35 0.280270
25 37 0.281906
25 19 0.297420
25 42 0.278594
25 45 0.274897
25 24 0.295496
25 49 0.274239
25 38 0.286270
25 39 0.285438
25 34 0.290832
25 50 0.275479
25 41 0.284930
25 43 0.287782
25 47 0.284822
25 27 0.303641
25 46 0.286370
25 25 0.305857
25 23 0.308044
26 1 0.182793
26 2 0.216456
26 16 0.215801
26 21 0.229510
26 19 0.232508
26 3 0.244826
26 5 0.243452
26 10 0.245499
26 33 0.227963
26 22 0.239736
26 13 0.249157
26 20 0.248485
26 14 0.254897
26 38 0.235464
26 23 0.249686
26 0 0.267591
26 6 0.262923
26 42 0.238272
26 12 0.264932
26 34 0.247595
26 28 0.256021
26 30 0.254387
26 8 0.272156
26 9 0.271974
26 29 0.257418
26 41 0.247693
26 25 0.261897
26 37 0.252287
26 31 0.257994
26 44 0.246605
26 17 0.270037
26 11 0.274352
26 32 0.260136
26 46 0.247851
26 39 0.255101
26 50 0.243914
26 26 0.267245
26 48 0.247359
26 24 0.270718
26 49 0.247157
26 47 0.249858
26 27 0.273234
26 18 0.281425
26 7 0.289766
26 15 0.285902
26 4 0.295054
26 43 0.263787
26 35 0.271590
26 36 0.271348
26 45 0.267168
26 40 0.273174
27 3 0.198785
27 15 0.218396
27 2 0.230983
27 13 0.260231
27 19 0.256571
27 8 0.269542
27 24 0.259806
27 21 0.265529
27 30 0.261784
27 25 0.266458
27 27 0.266502
27 34 0.262041
27 29 0.266612
27 5 0.284606
27 23 0.272453
27 22 0.273700
27 38 0.261255
27 12 0.281982
27 47 0.252483
27 7 0.286531
27 6 0.287617
27 42 0.260361
27 33 0.268680
27 17 0.281248
27 16 0.282960
27 11 0.286368
27 1 0.294019
27 39 0.265659
27 44 0.261519
27 43 0.263420
27 9 0.290418
27 26 0.278358
27 14 0.287323
27 10 0.290080
27 50 0.256002
27 18 0.285383
27 20 0.284097
27 37 0.270878
27 0 0.300347
27 4 0.298596
27 28 0.282773
27 35 0.279648
27 31 0.282640
27 40 0.276565
27 45 0.271132
27 32 0.284533
27 46 0.271892
27 36 0.284368
27 48 0.271951
27 41 0.280565
27 49 0.271902
28 0 0.119582
28 1 0.135172
28 2 0.148583
28 4 0.161215
28 5 0.175091
28 3 0.183276
28 10 0.180202
28 6 0.202211
28 7 0.225221
28 9 0.227200
28 12 0.231228
28 8 0.237107
28 15 0.247918
28 11 0.251513
28 13 0.250512
28 31 0.233793
28 40 0.226864
28 17 0.252130
28 23 0.246388
28 26 0.246790
28 36 0.235716
28 25 0.250741
28 27 0.249415
28 41 0.235549
28 18 0.260110
28 19 0.259535
28 22 0.257015
28 28 0.251504
28 49 0.233131
28 47 0.235438
28 14 0.270064
28 29 0.258277
28 30 0.258522
28 50 0.237220
28 16 0.274857
28 21 0.270686
28 34 0.257436
28 39 0.251766
28 20 0.273289
28 24 0.272312
28 43 0.251983
28 32 0.263817
28 44 0.253346
28 38 0.260521
28 42 0.256658
28 45 0.254664
28 46 0.254145
28 35 0.266436
28 33 0.270722
28 37 0.267895
28 48 0.257204
29 0 0.101751
29 1 0.106817
29 4 0.114091
29 8 0.180875
29 5 0.185679
29 3 0.188871
29 2 0.213965
29 10 0.212580
29 7 0.229555
29 33 0.212032
29 9 0.252229
29 29 0.236700
29 13 0.277028
29 44 0.247537
29 12 0.283257
29 11 0.286079
29 27 0.272260
29 18 0.282252
29 14 0.287437
29 30 0.273433
29 35 0.267946
29 23 0.280874
29 31 0.273139
29 34 0.270329
29 40 0.265088
29 32 0.275123
29 19 0.289904
29 20 0.289302
29 26 0.286150
29 22 0.291051
29 17 0.296640
29 28 0.285907
29 37 0.277014
29 38 0.275929
29 43 0.271955
29 39 0.276080
29 36 0.283681
29 24 0.296503
29 47 0.273417
29 50 0.271409
29 42 0.281251
29 16 0.309898
29 41 0.283825
29 45 0.280866
29 6 0.319026
29 15 0.313585
29 25 0.305220
29 46 0.282267
29 21 0.313598
29 49 0.283704
29 48 0.287021
30 0 0.119535
30 1 0.138573
30 4 0.146784
30 2 0.170545
30 3 0.178294
30 5 0.182352
30 8 0.190488
30 6 0.201582
30 7 0.224279
30 12 0.236394
30 13 0.239829
30 14 0.245054
30 11 0.248584
30 9 0.252878
30 10 0.262121
30 31 0.241395
30 20 0.261572
30 27 0.252819
30 28 0.252803
30 21 0.262345
30 32 0.250364
30 47 0.233866
30 23 0.261589
30 25 0.263443
30 18 0.272774
30 42 0.247310
30 33 0.259356
30 29 0.263281
30 19 0.276321
30 30 0.263359
30 44 0.249392
30 38 0.256378
30 16 0.280329
30 22 0.275862
30 26 0.272991
30 37 0.264838
30 43 0.258139
30 17 0.286915
30 41 0.261524
30 24 0.281188
30 45 0.258607
30 46 0.260392
30 50 0.255828
30 48 0.260948
30 35 0.277459
30 39 0.274234
30 36 0.277693
30 49 0.263010
30 15 0.302427
30 40 0.275880
30 34 0.282536
31 1 0.123601
31 4 0.127521
31 0 0.133086
31 9 0.177810
31 5 0.184747
31 2 0.192778
31 3 0.195527
31 6 0.205901
31 19 0.229710
31 20 0.230947
31 7 0.243243
31 21 0.246987
31 33 0.234820
31 11 0.257660
31 28 0.243492
31 10 0.265989
31 29 0.247940
31 17 0.260813
31 42 0.234571
31 24 0.254237
31 32 0.248084
31 22 0.260905
31 27 0.256364
31 50 0.230657
31 8 0.275709
31 31 0.255643
31 25 0.262428
31 14 0.275104
31 13 0.277959
31 30 0.261124
31 46 0.244750
31 44 0.249094
31 37 0.258510
31 47 0.249820
31 12 0.286729
31 26 0.274248
31 38 0.261832
31 23 0.287977
31 35 0.275515
31 39 0.273871
31 41 0.274082
31 34 0.281741
31 15 0.302033
31 49 0.265997
31 18 0.309699
31 48 0.278673
31 43 0.284384
31 16 0.313810
31 36 0.298476
31 45 0.290383
31 40 0.299415
32 0 0.169692
32 4 0.173797
32 5 0.180663
32 2 0.185239
32 7 0.234579
32 9 0.243323
32 33 0.244772
32 11 0.271558
32 12 0.273429
32 1 0.281763
32 3 0.281059
32 45 0.252050
32 30 0.271173
32 8 0.293437
32 14 0.289466
32 6 0.295705
32 17 0.288472
32 44 0.260754
32 29 0.278393
32 13 0.292691
32 32 0.276204
32 31 0.277565
32 10 0.296032
32 15 0.295185
32 28 0.283675
32 27 0.286319
32 19 0.295278
32 21 0.293683
32 18 0.297680
32 34 0.282999
32 46 0.269728
32 24 0.293569
32 39 0.277694
32 25 0.294026
32 16 0.305146
32 22 0.304370
32 26 0.300297
32 38 0.292134
32 20 0.313166
32 36 0.298680
32 37 0.299786
32 35 0.302447
32 42 0.296166
32 47 0.292244
32 50 0.289489
32 48 0.293427
32 23 0.321987
32 41 0.302447
32 49 0.294495
32 43 0.303044
32 40 0.306298
33 2 0.117392
33 0 0.134171
33 5 0.133471
33 10 0.189662
33 1 0.209668
33 4 0.210586
33 7 0.240213
33 13 0.249832
33 3 0.258208
33 8 0.256747
33 9 0.264531
33 33 0.247214
33 11 0.271083
33 29 0.255977
33 30 0.255537
33 28 0.260130
33 12 0.275808
33 6 0.281975
33 32 0.257964
33 14 0.278083
33 31 0.267583
33 15 0.286814
33 44 0.255643
33 25 0.283484
33 34 0.280047
33 27 0.290783
33 36 0.280486
33 24 0.295147
33 26 0.293661
33 46 0.274535
33 17 0.307665
33 16 0.311204
33 20 0.308077
33 23 0.307381
33 37 0.295988
33 22 0.316017
33 45 0.291803
33 18 0.322824
33 43 0.294831
33 21 0.320222
33 47 0.293000
33 39 0.304547
33 19 0.327790
33 48 0.299900
33 41 0.308784
33 35 0.317193
33 40 0.312294
33 38 0.317447
33 49 0.304890
33 42 0.314090
33 50 0.305771
34 0 0.118923
34 1 0.118453
34 3 0.111955
34 2 0.158503
34 5 0.132075
34 4 0.150361
34 10 0.096129
34 9 0.113560
34 7 0.146146
34 11 0.121311
34 8 0.134838
34 6 0.171737
34 13 0.137987
34 14 0.145275
34 12 0.150983
34 17 0.161638
34 16 0.174696
34 18 0.226960
34 15 0.234411
34 30 0.245479
34 44 0.228224
34 42 0.233762
34 39 0.244871
34 37 0.250498
34 24 0.267512
34 28 0.262903
34 48 0.237582
34 41 0.250772
34 21 0.278907
34 26 0.274807
34 23 0.281861
34 25 0.278054
34 33 0.268747
34 31 0.272011
34 45 0.257088
34 46 0.256341
34 40 0.268000
34 35 0.273192
34 32 0.276589
34 38 0.270781
34 19 0.307618
34 47 0.257519
34 29 0.283405
34 20 0.301857
34 43 0.270954
34 36 0.283403
34 34 0.287628
34 27 0.299686
34 50 0.291907
34 22 0.338400
34 49 0.314615
35 0 0.182048
35 2 0.184550
35 3 0.226649
35 5 0.236519
35 6 0.263768
35 28 0.277944
35 11 0.294507
35 8 0.299173
35 14 0.311141
35 29 0.298003
35 7 0.319760
35 9 0.320062
35 30 0.300019
35 12 0.325442
35 19 0.323886
35 13 0.329590
35 17 0.327431
35 47 0.291010
35 1 0.342165
35 10 0.335773
35 49 0.290430
35 41 0.303724
35 44 0.299413
35 21 0.330453
35 33 0.314650
35 42 0.304925
35 4 0.349163
35 39 0.313441
35 31 0.328991
35 26 0.340859
35 35 0.328922
35 22 0.351652
35 32 0.342459
35 45 0.332595
35 50 0.329334
35 37 0.345214
35 43 0.343571
35 15 0.381436
35 46 0.352725
35 18 0.389913
35 23 0.384783
35 27 0.383513
35 24 0.387501
35 38 0.369458
35 34 0.379639
35 20 0.408528
35 16 0.415075
35 40 0.388753
35 48 0.378728
35 36 0.402273
35 25 0.418862
36 0 0.119062
36 1 0.156247
36 4 0.155210
36 2 0.164549
36 6 0.181724
36 3 0.195324
36 5 0.215864
36 10 0.217312
36 11 0.227135
36 7 0.240865
36 9 0.251510
36 30 0.235426
36 14 0.253298
36 8 0.266420
36 13 0.265748
36 29 0.252081
36 50 0.240761
36 31 0.261409
36 33 0.260112
36 19 0.275763
36 12 0.282528
36 21 0.274623
36 28 0.266832
36 16 0.279327
36 18 0.278779
36 37 0.258180
36 32 0.265254
36 27 0.272246
36 25 0.276584
36 43 0.257896
36 34 0.272122
36 44 0.261586
36 23 0.285708
36 22 0.287058
36 24 0.285711
36 15 0.296535
36 20 0.294014
36 42 0.272343
36 40 0.275297
36 26 0.291503
36 17 0.301817
36 49 0.267852
36 46 0.272612
36 39 0.280467
36 38 0.282108
36 48 0.275326
36 41 0.282865
36 35 0.295706
36 45 0.285898
36 36 0.298171
36 47 0.286631
37 6 0.141900
37 0 0.157504
37 1 0.226646
37 4 0.234662
37 5 0.265218
37 2 0.275503
37 14 0.267217
37 9 0.286069
37 33 0.265814
37 11 0.287749
37 29 0.273657
37 10 0.291954
37 13 0.293635
37 3 0.305240
37 12 0.310659
37 27 0.299318
37 44 0.281923
37 32 0.294810
37 26 0.302279
37 15 0.318349
37 20 0.314427
37 7 0.328933
37 46 0.294467
37 17 0.326563
37 31 0.312398
37 39 0.307420
37 28 0.322231
37 8 0.341918
37 23 0.337551
37 30 0.332033
37 37 0.326056
37 43 0.320580
37 25 0.342164
37 24 0.344185
37 19 0.349620
37 38 0.340110
37 47 0.335773
37 42 0.343233
37 21 0.365890
37 50 0.338308
37 45 0.343914
37 36 0.353412
37 40 0.353204
37 16 0.381615
37 35 0.364353
37 18 0.384177
37 22 0.380484
37 41 0.362266
37 48 0.360152
37 34 0.374321
37 49 0.369029
38 3 0.188465
38 0 0.209150
38 1 0.217925
38 9 0.240633
38 2 0.253355
38 5 0.274507
38 12 0.269359
38 14 0.268193
38 10 0.271311
38 29 0.264896
38 7 0.285861
38 8 0.289639
38 13 0.305996
38 4 0.313606
38 28 0.291617
38 11 0.308323
38 32 0.287911
38 31 0.290618
38 30 0.301018
38 18 0.316598
38 15 0.334570
38 16 0.336079
38 33 0.324481
38 21 0.340324
38 24 0.340516
38 25 0.345007
38 27 0.344205
38 38 0.334059
38 43 0.331118
38 39 0.338199
38 44 0.333572
38 17 0.364742
38 23 0.366866
38 19 0.375372
38 35 0.361211
38 22 0.377070
38 34 0.364277
38 50 0.350200
38 6 0.397060
38 26 0.380156
38 47 0.357316
38 48 0.358317
38 40 0.370408
38 20 0.394294
38 41 0.371039
38 42 0.370397
38 45 0.370268
38 49 0.375349
38 36 0.394054
38 37 0.393392
38 46 0.391162
39 0 0.140228
39 5 0.199616
39 14 0.202197
39 20 0.205057
39 3 0.225857
39 2 0.232834
39 17 0.224016
39 1 0.239534
39 21 0.278745
39 8 0.290213
39 4 0.298773
39 11 0.297662
39 12 0.297407
39 6 0.309207
39 13 0.304806
39 39 0.274541
39 18 0.317398
39 40 0.285295
39 23 0.317001
39 32 0.301513
39 25 0.313030
39 33 0.305677
39 22 0.325308
39 9 0.339668
39 10 0.340252
39 29 0.316914
39 19 0.334467
39 45 0.295416
39 30 0.318842
39 24 0.332899
39 44 0.299561
39 28 0.324554
39 27 0.328472
39 7 0.353514
39 48 0.300559
39 31 0.326900
39 15 0.352356
39 41 0.316088
39 26 0.340690
39 43 0.316353
39 46 0.323615
39 36 0.341029
39 16 0.374307
39 42 0.334367
39 47 0.331303
39 50 0.332452
39 37 0.349953
39 34 0.354544
39 49 0.336394
39 38 0.377250
39 35 0.382730
40 3 0.173118
40 0 0.179711
40 4 0.181481
40 5 0.204758
40 8 0.204244
40 10 0.214116
40 2 0.224578
40 21 0.253480
40 13 0.263952
40 6 0.271743
40 14 0.274132
40 30 0.260286
40 12 0.296379
40 29 0.281212
40 19 0.291276
40 28 0.283335
40 9 0.300599
40 16 0.295763
40 11 0.301600
40 33 0.279729
40 32 0.287071
40 23 0.298485
40 17 0.306576
40 34 0.290050
40 22 0.304082
40 1 0.322156
40 44 0.287076
40 25 0.317216
40 7 0.333354
40 38 0.310431
40 24 0.326946
40 31 0.321338
40 35 0.318173
40 15 0.344241
40 40 0.319917
40 18 0.345324
40 26 0.338363
40 41 0.321618
40 43 0.320932
40 20 0.349912
40 37 0.337345
40 39 0.340183
40 49 0.332032
40 36 0.346611
40 45 0.338126
40 50 0.332702
40 48 0.335778
40 47 0.338201
40 46 0.339942
40 42 0.354532
40 27 0.373352
41 0 0.158718
41 3 0.193606
41 1 0.258818
41 11 0.277778
41 29 0.275065
41 10 0.295064
41 5 0.298856
41 30 0.275394
41 32 0.273581
41 33 0.272786
41 13 0.295290
41 8 0.299934
41 2 0.305003
41 7 0.302056
41 6 0.307915
41 12 0.312772
41 28 0.299294
41 4 0.323998
41 14 0.318986
41 16 0.318602
41 31 0.310082
41 17 0.331145
41 18 0.334231
41 19 0.337262
41 9 0.345425
41 21 0.336807
41 44 0.319485
41 20 0.350799
41 15 0.356015
41 37 0.338868
41 22 0.358707
41 34 0.347321
41 43 0.340023
41 24 0.363735
41 23 0.365552
41 26 0.365136
41 46 0.341927
41 25 0.367480
41 48 0.343647
41 39 0.358929
41 35 0.364806
41 41 0.363353
41 50 0.359732
41 27 0.386808
41 36 0.376741
41 42 0.372974
41 38 0.380562
41 49 0.370368
41 47 0.372690
41 40 0.386514
41 45 0.388905
42 0 0.189094
42 3 0.197981
42 2 0.220573
42 1 0.247883
42 13 0.251615
42 5 0.258098
42 9 0.258081
42 14 0.266860
42 4 0.293158
42 8 0.290453
42 10 0.289150
42 28 0.272728
42 30 0.289575
42 12 0.306559
42 7 0.311288
42 23 0.299195
42 32 0.290234
42 20 0.303203
42 34 0.287911
42 6 0.314807
42 43 0.281460
42 46 0.278214
42 27 0.303184
42 33 0.297822
42 35 0.298286
42 29 0.306760
42 11 0.326946
42 25 0.315819
42 40 0.299907
42 31 0.314053
42 44 0.300760
42 37 0.316321
42 42 0.311201
42 18 0.341143
42 22 0.338405
42 17 0.345062
42 21 0.342639
42 24 0.341256
42 38 0.329105
42 16 0.353708
42 26 0.344512
42 39 0.329940
42 15 0.357982
42 47 0.323116
42 48 0.322287
42 36 0.342238
42 19 0.364415
42 50 0.332730
42 49 0.336454
42 41 0.346828
42 45 0.353363
43 3 0.171033
43 2 0.196834
43 1 0.225281
43 8 0.201323
43 9 0.192551
43 0 0.261583
43 5 0.253275
43 11 0.121537
43 10 0.188366
43 12 0.133898
43 13 0.132879
43 4 0.313089
43 7 0.298964
43 14 0.140704
43 6 0.320885
43 15 0.225910
43 28 0.163055
43 16 0.246506
43 29 0.156023
43 18 0.230707
43 17 0.250124
43 19 0.230053
43 31 0.208862
43 23 0.263465
43 21 0.276520
43 20 0.279741
43 30 0.226438
43 32 0.228774
43 24 0.274864
43 22 0.298116
43 33 0.228935
43 25 0.317571
43 26 0.316421
43 44 0.238543
43 27 0.321564
43 38 0.263564
43 39 0.275603
43 36 0.308372
43 34 0.321578
43 37 0.320772
43 42 0.307963
43 47 0.264850
43 43 0.309481
43 40 0.321693
43 41 0.324361
43 45 0.307694
43 48 0.248980
43 35 0.349564
43 50 0.255305
43 49 0.264748
43 46 0.330212
44 0 0.223162
44 11 0.247297
44 8 0.257251
44 14 0.288833
44 2 0.298351
44 44 0.266409
44 9 0.305449
44 1 0.309849
44 10 0.292934
44 30 0.285692
44 5 0.330857
44 13 0.325013
44 32 0.334221
44 6 0.359732
44 28 0.340293
44 3 0.398713
44 12 0.418686
44 16 0.416471
44 45 0.384279
44 40 0.390181
44 4 0.440966
44 50 0.394915
44 7 0.442319
44 20 0.435749
44 29 0.441086
44 33 0.442656
44 25 0.457865
44 22 0.466155
44 15 0.474166
44 31 0.457551
44 39 0.452596
44 43 0.449222
44 48 0.444257
44 34 0.464687
44 38 0.464391
44 36 0.468167
44 17 0.494691
44 37 0.475640
44 42 0.471098
44 19 0.515406
44 47 0.484028
44 41 0.490728
44 26 0.515196
44 35 0.507343
44 46 0.511860
44 23 0.543595
44 24 0.563825
44 18 0.570367
44 21 0.571093
44 49 0.556950
44 27 0.598214
45 1 0.298055
45 8 0.148546
45 0 0.315349
45 2 0.314515
45 9 0.170890
45 11 0.166010
45 10 0.181724
45 3 0.341634
45 12 0.193510
45 4 0.347279
45 5 0.362272
45 6 0.325451
45 13 0.186047
45 7 0.283269
45 14 0.169509
45 29 0.201396
45 31 0.239584
45 33 0.263165
45 15 0.346487
45 16 0.340854
45 17 0.399406
45 21 0.375402
45 20 0.384306
45 19 0.385140
45 18 0.397015
45 44 0.345921
45 24 0.403028
45 35 0.399906
45 41 0.397397
45 22 0.439312
45 32 0.423994
45 43 0.403634
45 39 0.410624
45 30 0.431658
45 37 0.419828
45 28 0.443450
45 27 0.467034
45 23 0.477695
45 42 0.446998
45 25 0.484356
45 26 0.485046
45 38 0.463822
45 36 0.477716
45 40 0.472041
45 34 0.494293
45 46 0.477186
45 47 0.500913
45 49 0.502799
45 50 0.504185
45 48 0.514287
45 45 0.527970
46 1 0.261489
46 3 0.266170
46 11 0.266326
46 10 0.272979
46 9 0.275609
46 14 0.280393
46 33 0.265084
46 2 0.335238
46 13 0.327570
46 8 0.338488
46 28 0.324307
46 12 0.342702
46 5 0.348439
46 4 0.349498
46 38 0.329052
46 44 0.335780
46 31 0.350524
46 7 0.385304
46 0 0.392865
46 32 0.365298
46 30 0.368906
46 41 0.378383
46 29 0.389881
46 21 0.407431
46 42 0.393373
46 39 0.401730
46 47 0.395164
46 20 0.424834
46 6 0.439926
46 22 0.433384
46 18 0.444762
46 26 0.441512
46 49 0.417549
46 46 0.421564
46 36 0.442626
46 16 0.467124
46 40 0.455060
46 17 0.481420
46 15 0.484501
46 48 0.451114
46 50 0.449090
46 37 0.465199
46 43 0.462905
46 25 0.482691
46 19 0.491081
46 35 0.478127
46 24 0.495170
46 27 0.492855
46 45 0.475047
46 23 0.502663
46 34 0.513356
47 11 0.279990
47 5 0.285694
47 0 0.290603
47 8 0.285140
47 4 0.288511
47 3 0.291572
47 28 0.282401
47 14 0.296801
47 10 0.300046
47 44 0.266681
47 2 0.307962
47 33 0.295432
47 32 0.303207
47 7 0.331077
47 29 0.312994
47 31 0.320368
47 12 0.354388
47 23 0.349964
47 30 0.343182
47 24 0.351161
47 13 0.363233
47 9 0.368733
47 1 0.379553
47 22 0.369871
47 34 0.371544
47 40 0.372764
47 25 0.391819
47 16 0.401802
47 26 0.394591
47 27 0.398863
47 19 0.411286
47 6 0.422874
47 36 0.397925
47 35 0.409302
47 21 0.426801
47 20 0.437015
47 15 0.443529
47 18 0.443125
47 41 0.427587
47 37 0.432298
47 38 0.432490
47 49 0.422512
47 48 0.431568
47 39 0.441682
47 17 0.466096
47 43 0.443043
47 42 0.447149
47 46 0.470280
47 47 0.473660
47 45 0.476251
47 50 0.505172
48 5 0.282585
48 3 0.286929
48 9 0.297627
48 13 0.310090
48 7 0.316965
48 44 0.284958
48 1 0.353642
48 31 0.339821
48 32 0.341112
48 0 0.371045
48 4 0.368257
48 2 0.370381
48 30 0.365843
48 20 0.379932
48 33 0.369177
48 29 0.374817
48 28 0.379051
48 8 0.398565
48 10 0.399552
48 18 0.397156
48 11 0.402826
48 15 0.417178
48 14 0.424142
48 12 0.428775
48 36 0.411338
48 25 0.423798
48 27 0.428223
48 47 0.441136
48 21 0.469714
48 37 0.453980
48 26 0.467372
48 40 0.457392
48 35 0.476003
48 48 0.470188
48 46 0.474703
48 16 0.506227
48 17 0.508109
48 45 0.480845
48 50 0.476026
48 34 0.493408
48 23 0.507296
48 24 0.506726
48 43 0.501293
48 38 0.511310
48 19 0.532808
48 22 0.531273
48 42 0.512027
48 41 0.514696
48 49 0.519365
48 39 0.530976
48 6 0.577357
49 8 0.209305
49 1 0.235726
49 9 0.242833
49 11 0.261321
49 13 0.263541
49 3 0.288984
49 5 0.299371
49 2 0.344672
49 10 0.335278
49 4 0.345667
49 12 0.342573
49 7 0.351897
49 6 0.354252
49 16 0.364031
49 14 0.378160
49 0 0.407449
49 15 0.399302
49 30 0.360511
49 28 0.376716
49 17 0.453319
49 29 0.420619
49 22 0.442159
49 21 0.444749
49 33 0.422327
49 32 0.425952
49 25 0.451923
49 31 0.447407
49 19 0.481335
49 18 0.486934
49 27 0.480485
49 23 0.501731
49 44 0.392913
49 26 0.528444
49 24 0.552815
49 20 0.564819
49 43 0.488405
49 34 0.584210
49 45 0.495472
49 47 0.495438
49 39 0.585886
49 40 0.553396
49 35 0.608668
49 38 0.596670
49 36 0.621949
49 41 0.559747
49 42 0.561717
49 48 0.528577
49 50 0.513438
49 49 0.527897
49 37 0.633257
49 46 0.560142
50 8 0.239619
50 9 0.305222
50 14 0.303381
50 44 0.284599
50 10 0.325049
50 4 0.342693
50 0 0.349492
50 1 0.352483
50 2 0.352680
50 5 0.351051
50 30 0.330913
50 32 0.342215
50 7 0.389268
50 28 0.402469
50 12 0.427613
50 6 0.447326
50 3 0.451578
50 40 0.416430
50 45 0.413521
50 19 0.454029
50 34 0.436878
50 18 0.457305
50 46 0.427926
50 41 0.433765
50 31 0.453356
50 33 0.453533
50 24 0.470264
50 11 0.485586
50 38 0.466339
50 36 0.478292
50 13 0.509094
50 16 0.518926
50 29 0.504583
50 22 0.514256
50 15 0.546222
50 23 0.538524
50 48 0.514007
50 35 0.534398
50 27 0.544218
50 20 0.555128
50 26 0.550169
50 47 0.525504
50 25 0.553042
50 49 0.524192
50 50 0.523362
50 42 0.532994
50 39 0.558084
50 37 0.581360
50 21 0.604221
50 17 0.616274
50 43 0.591778
51 5 0.209629
51 9 0.226270
51 11 0.319583
51 33 0.301203
51 32 0.303254
51 28 0.309671
51 0 0.358274
51 8 0.352892
51 29 0.342433
51 3 0.386836
51 13 0.379511
51 7 0.398515
51 1 0.414143
51 2 0.414029
51 15 0.416314
51 12 0.431929
51 44 0.399609
51 37 0.411115
51 14 0.451599
51 23 0.469893
51 36 0.454661
51 40 0.450807
51 31 0.461670
51 43 0.447998
51 25 0.469921
51 19 0.479538
51 42 0.453077
51 10 0.487595
51 30 0.468233
51 46 0.458389
51 6 0.507185
51 34 0.481019
51 35 0.480892
51 4 0.521376
51 17 0.511658
51 47 0.485218
51 41 0.499728
51 21 0.524019
51 22 0.530591
51 26 0.538112
51 39 0.542895
51 49 0.538027
51 20 0.576183
51 48 0.546502
51 16 0.588416
51 38 0.564420
51 18 0.597849
51 45 0.567105
51 27 0.593988
51 24 0.602340
51 50 0.571818
52 0 0.253292
52 8 0.249755
52 10 0.248764
52 2 0.274086
52 6 0.269659
52 4 0.274609
52 1 0.277562
52 12 0.276569
52 9 0.286927
52 3 0.287941
52 11 0.288589
52 5 0.283409
52 13 0.329705
52 28 0.303960
52 44 0.300970
52 14 0.358847
52 33 0.325978
52 30 0.352257
52 31 0.362610
52 22 0.387355
52 7 0.409195
52 40 0.368425
52 42 0.365891
52 46 0.395513
52 23 0.441872
52 15 0.459797
52 47 0.411335
52 26 0.453885
52 36 0.439801
52 18 0.474000
52 45 0.429397
52 29 0.468027
52 32 0.465219
52 50 0.435081
52 38 0.471317
52 16 0.512974
52 48 0.458685
52 24 0.504034
52 41 0.482487
52 21 0.536027
52 27 0.530082
52 35 0.523076
52 25 0.539212
52 39 0.517096
52 37 0.531186
52 17 0.574110
52 34 0.549415
52 49 0.523968
52 20 0.584238
52 43 0.564362
52 19 0.633925
53 8 0.271776
53 10 0.314702
53 3 0.337759
53 11 0.351663
53 28 0.335499
53 13 0.357986
53 4 0.374254
53 9 0.411619
53 29 0.396625
53 7 0.441381
53 1 0.462828
53 33 0.424653
53 31 0.426634
53 44 0.425079
53 15 0.472366
53 12 0.491078
53 42 0.451516
53 27 0.478386
53 6 0.504580
53 41 0.470044
53 5 0.516882
53 19 0.507057
53 20 0.509961
53 0 0.529816
53 43 0.477997
53 37 0.486840
53 14 0.524600
53 18 0.524680
53 32 0.513604
53 25 0.535650
53 17 0.548480
53 21 0.548963
53 30 0.536544
53 45 0.517078
53 47 0.523479
53 40 0.535065
53 38 0.544219
53 22 0.581981
53 35 0.566819
53 23 0.590414
53 39 0.577934
53 2 0.635506
53 50 0.579903
53 46 0.583964
53 36 0.631693
53 34 0.635021
53 16 0.665288
53 26 0.651922
53 48 0.632971
53 24 0.673700
53 49 0.649989
54 9 0.292528
54 8 0.293636
54 44 0.272286
54 30 0.320288
54 10 0.341416
54 3 0.348298
54 32 0.350670
54 0 0.379797
54 12 0.376781
54 1 0.399818
54 2 0.406772
54 4 0.415999
54 28 0.400297
54 15 0.466145
54 29 0.454110
54 13 0.480271
54 33 0.461267
54 11 0.485326
54 14 0.484050
54 22 0.483220
54 24 0.481591
54 16 0.489401
54 20 0.492070
54 31 0.481320
54 46 0.471854
54 6 0.513919
54 21 0.506145
54 7 0.520588
54 37 0.496736
54 48 0.488974
54 19 0.527236
54 5 0.544472
54 40 0.514021
54 42 0.515606
54 26 0.536964
54 39 0.525175
54 34 0.534492
54 50 0.522633
54 36 0.544775
54 23 0.560212
54 45 0.543560
54 38 0.552880
54 17 0.593391
54 18 0.601445
54 35 0.607510
54 27 0.620503
54 47 0.609641
54 25 0.636991
54 41 0.625881
54 43 0.626554
54 49 0.624649
55 8 0.189762
55 1 0.301982
55 9 0.174767
55 10 0.185688
55 11 0.175221
55 2 0.344228
55 0 0.354331
55 12 0.179073
55 13 0.185992
55 14 0.186907
55 5 0.415974
55 4 0.423368
55 3 0.432741
55 7 0.429469
55 6 0.447818
55 16 0.319467
55 29 0.201770
55 32 0.178125
55 15 0.360427
55 17 0.336316
55 31 0.223573
55 28 0.275460
55 30 0.282238
55 22 0.333590
55 20 0.361390
55 27 0.308121
55 18 0.374720
55 26 0.336707
55 19 0.392922
55 24 0.351439
55 44 0.249812
55 21 0.395680
55 33 0.318358
55 23 0.385789
55 25 0.402953
55 34 0.386944
55 38 0.358651
55 47 0.342676
55 35 0.391656
55 40 0.396171
55 43 0.390553
55 36 0.418279
55 42 0.412688
55 41 0.417854
55 50 0.332129
55 45 0.425645
55 37 0.467608
55 46 0.438429
55 49 0.394714
55 39 0.497584
55 48 0.438524
56 0 0.264823
56 3 0.285317
56 1 0.310078
56 11 0.175443
56 5 0.296287
56 10 0.185613
56 12 0.200955
56 2 0.344101
56 4 0.335281
56 9 0.214424
56 8 0.215871
56 13 0.235902
56 20 0.258839
56 14 0.334641
56 28 0.345925
56 32 0.339630
56 6 0.467861
56 44 0.312143
56 7 0.432022
56 24 0.367625
56 30 0.356087
56 15 0.425840
56 17 0.422947
56 18 0.444134
56 22 0.447236
56 16 0.458489
56 26 0.443062
56 25 0.482664
56 46 0.435071
56 34 0.470425
56 29 0.479966
56 31 0.484157
56 27 0.495489
56 43 0.466769
56 38 0.483820
56 33 0.495954
56 40 0.501565
56 23 0.545285
56 19 0.558356
56 36 0.525448
56 42 0.535187
56 41 0.554656
56 47 0.555514
56 35 0.592906
56 37 0.586791
56 49 0.567448
56 45 0.574163
56 21 0.635986
56 39 0.599158
56 50 0.565445
56 48 0.672286
57 8 0.388508
57 14 0.399731
57 32 0.381345
57 28 0.385307
57 2 0.416965
57 11 0.409794
57 31 0.387007
57 3 0.422803
57 13 0.413471
57 5 0.420289
57 1 0.442156
57 33 0.410423
57 29 0.422236
57 30 0.459957
57 9 0.492610
57 15 0.491720
57 16 0.514401
57 25 0.528115
57 10 0.549102
57 44 0.523023
57 7 0.564782
57 19 0.562873
57 12 0.573083
57 0 0.596823
57 39 0.589269
57 36 0.602728
57 43 0.598870
57 17 0.634609
57 27 0.624354
57 23 0.635215
57 18 0.647284
57 45 0.621056
57 50 0.644014
57 35 0.665376
57 26 0.676035
57 47 0.661690
57 48 0.665483
57 34 0.685213
57 41 0.678385
57 40 0.686086
57 6 0.726922
57 21 0.723669
57 38 0.710004
57 4 0.748159
57 24 0.730672
57 22 0.733563
57 49 0.705681
57 46 0.714764
57 42 0.737573
57 37 0.761245
57 20 0.828773
58 8 0.306545
58 11 0.303942
58 14 0.304897
58 9 0.313508
58 10 0.335783
58 12 0.339562
58 30 0.332691
58 2 0.396130
58 28 0.355015
58 4 0.397638
58 0 0.430595
58 32 0.393645
58 1 0.451769
58 3 0.457785
58 44 0.406070
58 6 0.556791
58 13 0.593921
58 16 0.597522
58 7 0.626514
58 18 0.623634
58 15 0.630700
58 36 0.586199
58 40 0.580473
58 23 0.648690
58 19 0.669616
58 26 0.656281
58 17 0.678914
58 33 0.640869
58 31 0.653614
58 29 0.663962
58 34 0.652933
58 43 0.639411
58 20 0.710813
58 46 0.663866
58 45 0.670204
58 24 0.720365
58 42 0.690205
58 38 0.702697
58 39 0.704710
58 37 0.714674
58 22 0.777564
58 48 0.717812
58 5 0.806243
58 25 0.794852
58 27 0.828647
58 21 0.867522
58 49 0.810551
58 35 0.853445
58 50 0.827425
58 47 0.836006
58 41 0.884394
59 11 0.309664
59 9 0.311396
59 13 0.367170
59 4 0.388775
59 12 0.383353
59 1 0.400767
59 5 0.404110
59 33 0.358756
59 10 0.400018
59 31 0.388503
59 3 0.436830
59 2 0.440987
59 17 0.432998
59 43 0.404636
59 0 0.477073
59 28 0.439774
59 14 0.468178
59 16 0.467428
59 7 0.528912
59 29 0.497705
59 15 0.529797
59 34 0.517394
59 30 0.531600
59 41 0.526512
59 27 0.590684
59 44 0.565714
59 18 0.625535
59 39 0.597088
59 8 0.653295
59 23 0.631846
59 32 0.628504
59 45 0.623389
59 35 0.644367
59 6 0.705440
59 40 0.657991
59 19 0.694598
59 37 0.684151
59 20 0.715950
59 25 0.708296
59 49 0.681023
59 38 0.714058
59 42 0.709856
59 46 0.723738
59 48 0.721780
59 22 0.767229
59 26 0.763873
59 24 0.777215
59 36 0.774042
59 21 0.805019
59 47 0.774217
59 50 0.788577
60 9 0.190197
60 8 0.217692
60 12 0.190600
60 11 0.210104
60 10 0.264463
60 3 0.387359
60 5 0.377535
60 1 0.392647
60 14 0.253897
60 2 0.441776
60 13 0.280320
60 0 0.459316
60 7 0.455035
60 4 0.562088
60 6 0.562981
60 32 0.213352
60 30 0.229728
60 28 0.279501
60 29 0.283736
60 15 0.430017
60 33 0.347503
60 31 0.349019
60 17 0.448543
60 20 0.437117
60 18 0.476392
60 16 0.529438
60 44 0.263195
60 23 0.454719
60 36 0.367405
60 19 0.508570
60 22 0.490731
60 21 0.519962
60 24 0.495709
60 27 0.485162
60 45 0.354428
60 39 0.383173
60 48 0.326043
60 25 0.554667
60 35 0.458797
60 26 0.540129
60 34 0.536937
60 40 0.487626
60 43 0.495746
60 42 0.528122
60 37 0.608732
60 41 0.549002
60 50 0.463768
60 38 0.621223
60 46 0.518687
60 49 0.504391
60 47 0.552075
61 8 0.335704
61 10 0.355745
61 1 0.392022
61 3 0.405804
61 5 0.430139
61 44 0.378473
61 13 0.452221
61 2 0.469844
61 11 0.471740
61 29 0.454630
61 9 0.485557
61 6 0.500559
61 14 0.486927
61 33 0.462795
61 31 0.468145
61 15 0.494096
61 28 0.482903
61 0 0.564910
61 12 0.561998
61 16 0.566926
61 30 0.549564
61 43 0.543737
61 37 0.555631
61 27 0.573508
61 32 0.572202
61 23 0.588246
61 40 0.574973
61 18 0.623901
61 45 0.593875
61 4 0.673609
61 7 0.674185
61 41 0.628676
61 21 0.656893
61 20 0.683620
61 47 0.657596
61 48 0.664210
61 25 0.704407
61 39 0.700136
61 35 0.711248
61 38 0.708675
61 17 0.752564
61 49 0.720798
61 24 0.754114
61 46 0.732760
61 22 0.763519
61 36 0.747545
61 19 0.774242
61 34 0.766255
61 26 0.800273
61 42 0.801469
61 50 0.812323
62 5 0.180255
62 0 0.220449
62 3 0.214990
62 1 0.270452
62 8 0.229278
62 2 0.308858
62 9 0.264038
62 4 0.338989
62 10 0.241500
62 14 0.238720
62 12 0.241620
62 11 0.246498
62 7 0.362289
62 13 0.266795
62 6 0.395964
62 20 0.400215
62 15 0.415215
62 30 0.370804
62 16 0.439754
62 28 0.419375
62 32 0.425407
62 17 0.502894
62 18 0.505643
62 29 0.487621
62 19 0.542299
62 31 0.500011
62 33 0.488449
62 44 0.472615
62 40 0.494396
62 23 0.579938
62 36 0.525059
62 21 0.603484
62 24 0.611332
62 22 0.615616
62 26 0.620306
62 45 0.521244
62 37 0.579348
62 27 0.638002
62 34 0.593410
62 43 0.583742
62 46 0.551241
62 35 0.616932
62 25 0.677055
62 38 0.633892
62 39 0.666618
62 42 0.662435
62 47 0.611695
62 41 0.682482
62 50 0.604636
62 49 0.631161
62 48 0.653490
63 11 0.333908
63 8 0.340196
63 5 0.343313
63 13 0.370733
63 44 0.334796
63 29 0.352446
63 2 0.409355
63 4 0.412083
63 33 0.395395
63 9 0.437497
63 31 0.426531
63 28 0.442008
63 3 0.477330
63 34 0.452466
63 43 0.466658
63 6 0.523588
63 15 0.519523
63 7 0.534587
63 32 0.511731
63 10 0.546618
63 16 0.563076
63 30 0.547055
63 14 0.573020
63 1 0.586258
63 40 0.539414
63 17 0.590693
63 47 0.549668
63 25 0.604210
63 12 0.641580
63 0 0.656809
63 37 0.618867
63 41 0.618068
63 26 0.650025
63 27 0.652396
63 19 0.684878
63 23 0.682501
63 24 0.685897
63 21 0.705135
63 45 0.677519
63 39 0.688002
63 48 0.683585
63 35 0.720810
63 42 0.713736
63 18 0.748730
63 49 0.707636
63 22 0.750715
63 20 0.756164
63 50 0.716323
63 36 0.755904
63 38 0.764511
63 46 0.759395
64 9 0.176137
64 3 0.331573
64 10 0.192575
64 11 0.189426
64 1 0.346323
64 8 0.270032
64 12 0.204998
64 13 0.205140
64 5 0.400641
64 4 0.427430
64 14 0.209053
64 0 0.479231
64 6 0.535961
64 28 0.215436
64 7 0.584609
64 2 0.659583
64 32 0.301765
64 29 0.326940
64 30 0.328011
64 31 0.326782
64 16 0.501142
64 17 0.524043
64 22 0.452230
64 26 0.468382
64 15 0.591587
64 21 0.504291
64 33 0.457184
64 24 0.515328
64 36 0.479479
64 19 0.561135
64 35 0.493787
64 18 0.612931
64 20 0.590514
64 38 0.515996
64 44 0.396677
64 25 0.601778
64 27 0.614407
64 34 0.584617
64 41 0.560569
64 40 0.563838
64 45 0.385523
64 23 0.679786
64 39 0.600832
64 37 0.631327
64 42 0.623226
64 48 0.446127
64 43 0.585181
64 47 0.487152
64 50 0.435639
64 49 0.495981
64 46 0.559652
65 3 0.268151
65 5 0.254528
65 10 0.245155
65 8 0.262640
65 1 0.328753
65 11 0.258269
65 13 0.288273
65 0 0.399959
65 2 0.395723
65 12 0.307522
65 7 0.366828
65 9 0.347999
65 6 0.437156
65 4 0.452305
65 14 0.378764
65 22 0.360214
65 16 0.433774
65 28 0.274082
65 18 0.487809
65 32 0.279320
65 15 0.519718
65 30 0.309122
65 29 0.316898
65 20 0.515530
65 25 0.328104
65 31 0.313810
65 26 0.334162
65 27 0.338843
65 23 0.402066
65 17 0.570287
65 33 0.334966
65 24 0.449496
65 44 0.325956
65 42 0.363884
65 35 0.397133
65 43 0.382869
65 45 0.385301
65 50 0.370480
65 19 0.696709
65 38 0.427527
65 47 0.405388
65 34 0.465208
65 21 0.709931
65 41 0.449323
65 36 0.471161
65 48 0.434429
65 39 0.466183
65 46 0.442234
65 37 0.487284
65 40 0.489965
65 49 0.514509
66 8 0.214013
66 0 0.250366
66 10 0.205326
66 1 0.297696
66 11 0.382965
66 9 0.417839
66 14 0.386579
66 5 0.444242
66 6 0.434415
66 12 0.393705
66 4 0.450188
66 2 0.461458
66 13 0.395177
66 16 0.455343
66 7 0.497430
66 30 0.411013
66 20 0.463679
66 29 0.480268
66 28 0.485443
66 15 0.531262
66 19 0.524027
66 18 0.536137
66 17 0.590061
66 3 0.659547
66 25 0.561207
66 33 0.543873
66 24 0.575563
66 21 0.584688
66 31 0.559039
66 32 0.567277
66 44 0.425559
66 22 0.631941
66 26 0.626832
66 27 0.629441
66 41 0.491565
66 43 0.526337
66 36 0.639241
66 35 0.655728
66 23 0.727187
66 39 0.584730
66 34 0.676037
66 40 0.588401
66 48 0.401941
66 38 0.643203
66 37 0.676235
66 42 0.634690
66 45 0.445117
66 49 0.355237
66 46 0.461227
66 47 0.471766
66 50 0.405722
67 3 0.359513
67 11 0.328851
67 13 0.327381
67 8 0.335685
67 10 0.357417
67 5 0.400480
67 9 0.384772
67 0 0.447457
67 1 0.445947
67 14 0.444085
67 12 0.449583
67 4 0.543662
67 7 0.613184
67 15 0.606699
67 18 0.605428
67 17 0.606374
67 33 0.562532
67 31 0.600111
67 29 0.645069
67 44 0.590743
67 21 0.671653
67 19 0.699035
67 32 0.680079
67 30 0.692240
67 2 0.811078
67 41 0.676038
67 49 0.671106
67 6 0.809760
67 35 0.732147
67 28 0.770190
67 39 0.761920
67 38 0.772411
67 45 0.789036
67 20 0.875600
67 47 0.793263
67 16 0.895137
67 26 0.875799
67 23 0.884212
67 43 0.818226
67 25 0.890922
67 48 0.816815
67 27 0.903212
67 40 0.852056
67 37 0.888257
67 36 0.900174
67 22 0.958179
67 50 0.880328
67 24 0.984483
67 46 0.934488
67 34 0.976201
67 42 0.958914
68 8 0.268378
68 9 0.274684
68 11 0.187810
68 10 0.253245
68 2 0.353865
68 12 0.233288
68 0 0.392542
68 13 0.243964
68 14 0.276309
68 6 0.440795
68 4 0.452100
68 3 0.505452
68 1 0.526826
68 7 0.526949
68 5 0.535690
68 20 0.363706
68 19 0.393086
68 28 0.268008
68 29 0.329867
68 22 0.396676
68 24 0.388235
68 33 0.348631
68 15 0.548734
68 30 0.374682
68 31 0.369966
68 44 0.302994
68 21 0.467098
68 17 0.546999
68 23 0.430921
68 32 0.383778
68 27 0.412038
68 26 0.413676
68 16 0.597345
68 25 0.459553
68 34 0.424120
68 18 0.644018
68 35 0.464579
68 42 0.448195
68 36 0.499587
68 50 0.448061
68 37 0.525669
68 45 0.512308
68 39 0.549010
68 38 0.556357
68 46 0.536664
68 47 0.537414
68 48 0.543059
68 43 0.578476
68 49 0.581758
68 41 0.636666
68 40 0.644823
69 33 0.369988
69 7 0.469955
69 1 0.483025
69 17 0.487093
69 5 0.511424
69 14 0.504121
69 9 0.533080
69 12 0.532097
69 44 0.484451
69 13 0.533156
69 32 0.511245
69 25 0.533697
69 31 0.526727
69 0 0.593466
69 11 0.589652
69 29 0.574398
69 19 0.599500
69 41 0.566751
69 45 0.560184
69 3 0.630841
69 48 0.568490
69 39 0.601144
69 2 0.646746
69 43 0.601727
69 47 0.591020
69 42 0.608352
69 28 0.632647
69 27 0.658614
69 10 0.689691
69 34 0.675965
69 38 0.673568
69 18 0.705649
69 23 0.709173
69 40 0.688703
69 30 0.710663
69 8 0.751346
69 4 0.760851
69 15 0.761226
69 35 0.733373
69 46 0.722860
69 6 0.801215
69 37 0.767708
69 20 0.803628
69 24 0.803645
69 21 0.808533
69 49 0.749872
69 26 0.811125
69 36 0.816314
69 16 0.864593
69 22 0.887538
69 50 0.839639
70 12 0.307857
70 8 0.386228
70 11 0.384554
70 44 0.357568
70 14 0.428426
70 28 0.399524
70 13 0.441535
70 4 0.476257
70 3 0.487445
70 2 0.488566
70 9 0.502857
70 10 0.517611
70 31 0.472520
70 5 0.525154
70 32 0.501097
70 6 0.569435
70 30 0.551174
70 1 0.610635
70 0 0.617498
70 21 0.634252
70 46 0.639595
70 45 0.651599
70 36 0.682420
70 7 0.756401
70 15 0.752553
70 19 0.746488
70 33 0.727426
70 42 0.726367
70 20 0.781085
70 40 0.742349
70 29 0.764193
70 16 0.795946
70 22 0.797166
70 48 0.772238
70 24 0.827306
70 50 0.785053
70 26 0.836288
70 34 0.827831
70 41 0.813504
70 18 0.869120
70 38 0.830951
70 23 0.882857
70 17 0.924515
70 43 0.872438
70 49 0.882741
70 35 0.911793
70 25 0.939518
70 27 0.941219
70 37 0.946440
70 47 0.929135
70 39 0.944465
71 9 0.295433
71 10 0.282391
71 8 0.315659
71 11 0.290535
71 12 0.290242
71 13 0.294321
71 14 0.300061
71 2 0.491622
71 3 0.503181
71 0 0.517994
71 1 0.547937
71 5 0.547268
71 29 0.217375
71 4 0.636377
71 6 0.635747
71 7 0.651979
71 15 0.534191
71 30 0.329262
71 32 0.315834
71 28 0.377917
71 31 0.342466
71 20 0.452641
71 16 0.588503
71 23 0.502815
71 17 0.619283
71 21 0.516539
71 44 0.353114
71 22 0.526832
71 33 0.419764
71 18 0.636975
71 19 0.598886
71 26 0.529486
71 25 0.546674
71 38 0.423030
71 27 0.583428
71 47 0.464213
71 24 0.661728
71 40 0.534184
71 35 0.572921
71 42 0.558771
71 36 0.583133
71 46 0.569191
71 34 0.597193
71 48 0.560252
71 45 0.577429
71 50 0.553832
71 43 0.580991
71 41 0.602744
71 39 0.609346
71 37 0.618471
71 49 0.614192
72 5 0.287964
72 0 0.329082
72 2 0.328834
72 3 0.329895
72 20 0.291121
72 11 0.324094
72 8 0.345539
72 9 0.345583
72 1 0.368674
72 14 0.345966
72 10 0.353521
72 7 0.470433
72 12 0.354928
72 15 0.464212
72 4 0.506930
72 30 0.503082
72 6 0.547410
72 26 0.539710
72 13 0.556841
72 28 0.553481
72 16 0.590034
72 44 0.512604
72 22 0.583918
72 32 0.572146
72 24 0.609018
72 31 0.632144
72 39 0.611273
72 21 0.673118
72 29 0.669667
72 19 0.690286
72 48 0.606027
72 38 0.669777
72 33 0.697368
72 25 0.737006
72 42 0.687166
72 34 0.744460
72 17 0.788399
72 35 0.765032
72 46 0.718605
72 40 0.744581
72 36 0.772549
72 27 0.795163
72 37 0.774484
72 49 0.730429
72 47 0.770579
72 43 0.792393
72 18 0.867207
72 23 0.862560
72 45 0.794693
72 41 0.822366
72 50 0.811508
73 10 0.245393
73 8 0.281842
73 11 0.328832
73 9 0.354532
73 12 0.333072
73 0 0.479680
73 2 0.492515
73 13 0.372959
73 14 0.406999
73 5 0.523369
73 1 0.556605
73 3 0.675051
73 4 0.673884
73 6 0.661097
73 7 0.676798
73 28 0.285077
73 31 0.270312
73 29 0.280052
73 16 0.630099
73 30 0.324814
73 32 0.359257
73 17 0.727092
73 33 0.386187
73 18 0.723517
73 44 0.350963
73 26 0.559376
73 42 0.410006
73 19 0.832307
73 15 0.883120
73 21 0.854543
73 23 0.790888
73 22 0.855613
73 36 0.553351
73 25 0.677452
73 24 0.688458
73 27 0.683247
73 39 0.559617
73 45 0.534190
73 20 0.940630
73 50 0.408114
73 40 0.575119
73 37 0.631654
73 43 0.587748
73 41 0.618852
73 35 0.677805
73 49 0.509078
73 48 0.614240
73 34 0.729095
73 38 0.709506
73 46 0.658449
73 47 0.681868
74 10 0.289005
74 12 0.331282
74 11 0.332529
74 8 0.342096
74 9 0.350267
74 13 0.429126
74 16 0.440617
74 2 0.471297
74 0 0.520095
74 32 0.459452
74 1 0.538546
74 29 0.492245
74 7 0.549768
74 15 0.538523
74 6 0.561200
74 14 0.551997
74 31 0.532789
74 18 0.570859
74 42 0.530738
74 28 0.605966
74 17 0.635990
74 30 0.627770
74 44 0.588455
74 33 0.668478
74 4 0.728665
74 19 0.714166
74 25 0.703164
74 46 0.679468
74 50 0.679359
74 43 0.703467
74 37 0.720679
74 5 0.813831
74 34 0.758315
74 39 0.738717
74 3 0.831167
74 21 0.804088
74 38 0.751667
74 40 0.763379
74 26 0.829340
74 22 0.847409
74 20 0.855259
74 27 0.851925
74 48 0.809929
74 47 0.832799
74 24 0.928413
74 36 0.907327
74 23 0.981197
74 35 0.951405
74 41 0.960464
74 49 0.953561
74 45 0.965807
75 9 0.299509
75 13 0.331052
75 12 0.334333
75 11 0.397659
75 14 0.428052
75 5 0.525540
75 1 0.654222
75 3 0.683706
75 17 0.664534
75 15 0.718529
75 30 0.654024
75 2 0.735802
75 10 0.731074
75 0 0.752505
75 8 0.782795
75 19 0.758898
75 29 0.735533
75 32 0.716197
75 16 0.794610
75 7 0.816513
75 23 0.794646
75 20 0.800122
75 44 0.715993
75 28 0.786006
75 31 0.776158
75 22 0.828052
75 6 0.891121
75 18 0.869512
75 4 0.898272
75 33 0.828565
75 24 0.914681
75 25 0.974855
75 21 1.065476
75 34 1.010382
75 40 0.987106
75 43 0.980725
75 41 0.987196
75 26 1.060516
75 45 0.980676
75 35 1.010637
75 37 1.015572
75 42 1.019733
75 36 1.032413
75 39 1.039155
75 49 1.026027
75 46 1.036516
75 27 1.132800
75 38 1.085474
75 48 1.083677
75 50 1.115125
75 47 1.138367
76 8 0.339900
76 10 0.371153
76 11 0.369453
76 9 0.436235
76 14 0.430423
76 13 0.550096
76 0 0.608647
76 12 0.569937
76 5 0.648906
76 44 0.592926
76 4 0.663372
76 1 0.675961
76 28 0.653036
76 6 0.694815
76 33 0.679579
76 30 0.695312
76 2 0.836195
76 7 0.828648
76 3 0.866637
76 32 0.829460
76 31 0.882285
76 29 0.937876
76 15 0.960155
76 38 0.941760
76 16 1.002434
76 40 0.994007
76 22 1.074803
76 49 1.047447
76 47 1.062386
76 18 1.126076
76 27 1.122392
76 36 1.118123
76 25 1.136411
76 46 1.109570
76 19 1.170735
76 34 1.153583
76 42 1.177130
76 26 1.217537
76 35 1.213691
76 24 1.233394
76 23 1.237520
76 50 1.192934
76 20 1.253318
76 48 1.214645
76 37 1.245327
76 45 1.234829
76 41 1.245997
76 21 1.273587
76 17 1.314024
76 39 1.300117
76 43 1.313192
77 11 0.418640
77 9 0.454800
77 14 0.477700
77 32 0.454392
77 31 0.530421
77 35 0.576907
77 45 0.568030
77 29 0.617683
77 33 0.619307
77 10 0.659695
77 13 0.664838
77 3 0.677626
77 37 0.651427
77 27 0.682075
77 0 0.737978
77 21 0.773545
77 28 0.785476
77 30 0.788313
77 47 0.772897
77 36 0.799015
77 25 0.816432
77 2 0.845974
77 44 0.798190
77 5 0.844594
77 4 0.855582
77 8 0.864578
77 38 0.847687
77 1 0.889212
77 49 0.835871
77 12 0.886140
77 19 0.880269
77 43 0.849937
77 42 0.857299
77 6 0.939344
77 16 0.938874
77 23 0.981198
77 15 0.992516
77 46 0.966997
77 24 1.009968
77 41 0.991606
77 50 0.990639
77 39 1.006502
77 17 1.051228
77 34 1.049984
77 7 1.100594
77 22 1.099117
77 18 1.114623
77 26 1.123522
77 40 1.108764
77 48 1.166096
77 20 1.301732
78 44 0.282540
78 20 0.433334
78 3 0.448924
78 8 0.446549
78 12 0.444095
78 1 0.484551
78 10 0.486701
78 0 0.516182
78 14 0.507146
78 31 0.488281
78 32 0.510946
78 30 0.604021
78 9 0.646061
78 24 0.658075
78 33 0.646864
78 22 0.661560
78 28 0.676406
78 5 0.741261
78 13 0.735722
78 4 0.778013
78 29 0.783819
78 26 0.807082
78 2 0.870855
78 16 0.878275
78 11 0.917203
78 35 0.898370
78 6 0.930155
78 27 0.909395
78 48 0.888786
78 25 0.933228
78 46 0.905218
78 19 0.963255
78 50 0.933727
78 34 0.983474
78 41 0.984582
78 18 1.013854
78 36 0.991767
78 39 1.012356
78 15 1.042566
78 43 1.015029
78 42 1.030955
78 17 1.069810
78 38 1.050201
78 37 1.052921
78 45 1.040557
78 40 1.064081
78 21 1.116759
78 7 1.171217
78 23 1.156326
78 47 1.267850
78 49 1.279533
79 10 0.398826
79 9 0.413382
79 11 0.493996
79 14 0.579912
79 6 0.621658
79 3 0.640555
79 1 0.677340
79 44 0.608013
79 12 0.698345
79 8 0.702268
79 5 0.725942
79 2 0.734988
79 7 0.737770
79 29 0.694669
79 0 0.751428
79 13 0.760451
79 16 0.773805
79 24 0.761005
79 4 0.796367
79 31 0.764905
79 17 0.808711
79 28 0.815370
79 27 0.838489
79 33 0.819594
79 18 0.869200
79 32 0.863319
79 30 0.889691
79 20 0.924205
79 46 0.894519
79 41 0.910553
79 21 0.979588
79 45 0.959925
79 23 1.047030
79 22 1.050927
79 47 0.979210
79 35 1.023458
79 40 1.014212
79 37 1.027738
79 26 1.070687
79 15 1.108350
79 43 1.034486
79 36 1.088165
79 49 1.054646
79 34 1.104967
79 50 1.067866
79 38 1.115661
79 42 1.115225
79 19 1.191410
79 25 1.183081
79 39 1.147048
79 48 1.160210
80 8 0.393184
80 28 0.568276
80 9 0.588213
80 44 0.598615
80 0 0.715565
80 4 0.736841
80 33 0.706661
80 10 0.742182
80 1 0.788546
80 5 0.787870
80 31 0.761593
80 7 0.819895
80 14 0.844073
80 32 0.823254
80 18 0.840405
80 2 0.855334
80 29 0.852956
80 12 0.917497
80 47 0.897053
80 13 0.983646
80 25 0.988776
80 6 1.017980
80 30 1.004629
80 11 1.037517
80 21 1.027986
80 24 1.025752
80 27 1.060675
80 19 1.095818
80 16 1.180345
80 48 1.146807
80 15 1.205023
80 35 1.199727
80 39 1.201486
80 43 1.205986
80 40 1.217628
80 26 1.244150
80 42 1.230265
80 22 1.266719
80 45 1.262223
80 38 1.280263
80 3 1.330808
80 20 1.316038
80 17 1.332857
80 37 1.308697
80 46 1.310179
80 34 1.334744
80 49 1.391659
80 41 1.415652
80 50 1.414013
80 23 1.450272
80 36 1.432986
81 9 0.358909
81 11 0.369330
81 13 0.462466
81 31 0.449161
81 3 0.506412
81 5 0.503699
81 29 0.486303
81 12 0.515270
81 44 0.456374
81 32 0.511690
81 1 0.574178
81 28 0.551689
81 14 0.710516
81 10 0.728338
81 19 0.743265
81 7 0.798417
81 47 0.756279
81 8 0.854985
81 30 0.841813
81 17 0.866568
81 37 0.845536
81 23 0.881143
81 0 0.913337
81 33 0.866120
81 46 0.845332
81 35 0.892752
81 25 0.930176
81 38 0.900683
81 15 0.955837
81 50 0.896463
81 34 0.926766
81 20 0.954949
81 43 0.930030
81 21 0.992772
81 42 0.982345
81 4 1.054962
81 27 1.026142
81 45 0.995061
81 41 1.011394
81 16 1.073043
81 2 1.145742
81 39 1.095897
81 49 1.085748
81 36 1.115075
81 26 1.162648
81 18 1.181474
81 40 1.141796
81 6 1.225861
81 22 1.216362
81 24 1.279912
81 48 1.373787
82 8 0.371466
82 12 0.449998
82 11 0.452689
82 10 0.454872
82 0 0.529144
82 14 0.519253
82 1 0.596446
82 32 0.591307
82 6 0.655042
82 31 0.628526
82 44 0.618329
82 3 0.697640
82 30 0.654775
82 28 0.690908
82 27 0.813013
82 4 0.883094
82 2 0.884816
82 24 0.896003
82 38 0.885776
82 29 0.899776
82 21 0.910981
82 9 0.941187
82 42 0.926908
82 13 0.987930
82 33 0.977703
82 47 0.965094
82 40 1.000221
82 34 1.027620
82 35 1.043627
82 16 1.076477
82 19 1.105527
82 20 1.109855
82 46 1.080031
82 7 1.154130
82 25 1.124287
82 41 1.107651
82 26 1.134934
82 36 1.128914
82 5 1.183570
82 45 1.118316
82 18 1.187009
82 22 1.203536
82 48 1.173540
82 15 1.286433
82 23 1.271280
82 17 1.308151
82 43 1.284716
82 50 1.289011
82 49 1.303823
82 37 1.341419
82 39 1.350926
83 9 0.242484
83 3 0.432663
83 0 0.535334
83 5 0.519779
83 1 0.543345
83 2 0.538576
83 31 0.552467
83 18 0.605498
83 16 0.615089
83 10 0.621125
83 4 0.643682
83 8 0.637628
83 19 0.629852
83 13 0.677901
83 33 0.675479
83 29 0.688737
83 6 0.757348
83 11 0.755682
83 22 0.765250
83 12 0.793883
83 32 0.755623
83 30 0.793859
83 43 0.769537
83 14 0.842437
83 7 0.880707
83 44 0.858608
83 28 0.898805
83 41 0.921146
83 26 0.973126
83 39 0.954893
83 21 1.004199
83 15 1.025816
83 27 1.008694
83 17 1.038943
83 36 0.999165
83 35 1.000954
83 48 0.994921
83 45 1.007371
83 49 1.004284
83 25 1.060718
83 24 1.084301
83 40 1.058222
83 37 1.073708
83 20 1.124271
83 34 1.101536
83 23 1.146833
83 50 1.098893
83 42 1.115432
83 47 1.145306
83 38 1.181326
83 46 1.180536
84 12 0.364844
84 10 0.459812
84 8 0.461880
84 9 0.461721
84 44 0.473658
84 11 0.536051
84 32 0.552498
84 29 0.643762
84 28 0.659712
84 1 0.730277
84 2 0.758879
84 6 0.774858
84 3 0.785869
84 4 0.792220
84 22 0.772734
84 0 0.801356
84 14 0.794139
84 38 0.765017
84 30 0.793038
84 31 0.802771
84 33 0.810208
84 5 0.865414
84 16 0.873800
84 27 0.888619
84 20 0.926800
84 13 0.944675
84 23 0.965562
84 35 0.937695
84 47 0.937376
84 45 0.995550
84 25 1.047135
84 46 1.003704
84 48 1.004470
84 49 1.007305
84 24 1.065048
84 17 1.076702
84 50 1.011875
84 36 1.038389
84 26 1.079660
84 40 1.069587
84 18 1.123567
84 7 1.145498
84 34 1.100180
84 39 1.099659
84 42 1.119855
84 41 1.144670
84 37 1.154798
84 21 1.194700
84 15 1.215943
84 19 1.235354
84 43 1.195590
85 11 0.479407
85 29 0.516662
85 13 0.600400
85 32 0.581365
85 5 0.620773
85 30 0.597794
85 6 0.706977
85 3 0.717528
85 0 0.747288
85 4 0.745280
85 9 0.742821
85 28 0.739473
85 10 0.770500
85 12 0.830518
85 31 0.811871
85 24 0.839883
85 27 0.870363
85 1 0.890082
85 8 0.902717
85 44 0.879896
85 14 0.922449
85 46 0.896499
85 2 0.940709
85 49 0.895571
85 23 0.944302
85 33 0.960517
85 15 1.023182
85 20 1.029182
85 45 1.011846
85 22 1.086952
85 37 1.080578
85 19 1.109617
85 7 1.124291
85 38 1.096154
85 35 1.110774
85 47 1.097626
85 42 1.121505
85 34 1.146960
85 17 1.177126
85 16 1.194075
85 25 1.195420
85 36 1.187113
85 43 1.186187
85 50 1.185522
85 18 1.230442
85 26 1.230992
85 39 1.214545
85 21 1.243097
85 40 1.248161
85 41 1.263812
85 48 1.349449
86 10 0.365893
86 9 0.454094
86 8 0.477304
86 29 0.542001
86 12 0.619673
86 11 0.676845
86 37 0.653791
86 0 0.737525
86 46 0.663372
86 31 0.703468
86 44 0.702740
86 5 0.769057
86 32 0.789767
86 2 0.841942
86 14 0.831570
86 1 0.867093
86 6 0.858826
86 36 0.826288
86 30 0.865892
86 4 0.932886
86 45 0.910904
86 13 0.980831
86 15 1.001694
86 33 0.998815
86 28 1.014984
86 18 1.083604
86 3 1.126210
86 21 1.098420
86 7 1.161462
86 24 1.157695
86 20 1.166880
86 40 1.144288
86 22 1.172380
86 38 1.167926
86 26 1.240520
86 23 1.323829
86 19 1.329133
86 42 1.299702
86 17 1.332957
86 35 1.312130
86 48 1.292873
86 34 1.320881
86 47 1.311965
86 27 1.383215
86 39 1.373831
86 43 1.368187
86 25 1.393619
86 50 1.373604
86 41 1.394894
86 16 1.442203
86 49 1.412111
87 9 0.326613
87 8 0.394854
87 12 0.430490
87 14 0.531528
87 30 0.537519
87 10 0.603134
87 11 0.668845
87 29 0.659165
87 4 0.736857
87 2 0.754316
87 13 0.752387
87 6 0.766487
87 44 0.701464
87 1 0.801617
87 28 0.775738
87 0 0.840328
87 5 0.855457
87 33 0.808786
87 32 0.811106
87 3 0.900925
87 31 0.855687
87 37 0.860589
87 7 0.949777
87 20 0.942060
87 34 0.898142
87 16 0.953804
87 40 0.933950
87 36 0.948682
87 17 1.059055
87 15 1.071412
87 47 0.991799
87 22 1.055004
87 25 1.062357
87 26 1.062233
87 24 1.082148
87 38 1.058853
87 46 1.042309
87 35 1.083889
87 18 1.163351
87 19 1.169956
87 21 1.170399
87 27 1.152805
87 45 1.129565
87 39 1.160649
87 48 1.152379
87 42 1.187883
87 41 1.240589
87 50 1.234676
87 23 1.311213
87 43 1.272301
87 49 1.267084
88 8 0.436734
88 11 0.441475
88 28 0.424855
88 9 0.460252
88 29 0.438539
88 14 0.468839
88 13 0.485747
88 5 0.670246
88 30 0.651639
88 33 0.674604
88 32 0.703501
88 31 0.718919
88 0 0.763371
88 1 0.776873
88 3 0.776278
88 4 0.792219
88 2 0.817594
88 44 0.777339
88 7 0.831929
88 43 0.823780
88 10 0.902862
88 12 0.915486
88 21 0.957219
88 40 0.977201
88 16 1.026829
88 19 1.074817
88 34 1.099154
88 6 1.136059
88 41 1.106713
88 15 1.144498
88 45 1.152696
88 35 1.167727
88 18 1.194045
88 37 1.190624
88 36 1.222167
88 22 1.247871
88 49 1.219483
88 23 1.256541
88 39 1.253543
88 24 1.276149
88 42 1.260089
88 47 1.256486
88 25 1.298819
88 17 1.318053
88 26 1.328193
88 50 1.314835
88 48 1.373110
88 20 1.422090
88 38 1.405995
88 46 1.398028
88 27 1.459688
89 13 0.405440
89 12 0.443653
89 14 0.466235
89 10 0.493260
89 29 0.465373
89 30 0.475160
89 32 0.629047
89 44 0.638251
89 33 0.654900
89 31 0.671240
89 8 0.727200
89 0 0.772629
89 11 0.779526
89 28 0.791337
89 9 0.887726
89 1 0.930483
89 2 0.980465
89 3 1.001039
89 35 1.000941
89 4 1.066068
89 49 1.004477
89 38 1.019236
89 22 1.046200
89 45 1.022889
89 16 1.083524
89 36 1.113863
89 21 1.164318
89 46 1.135601
89 40 1.154493
89 17 1.231346
89 5 1.250584
89 47 1.190812
89 20 1.275248
89 27 1.273378
89 34 1.264725
89 25 1.297095
89 19 1.314432
89 26 1.300902
89 6 1.367980
89 18 1.361986
89 41 1.326010
89 50 1.318234
89 24 1.360965
89 23 1.368666
89 7 1.402800
89 48 1.356846
89 42 1.369601
89 43 1.384763
89 15 1.441185
89 39 1.440767
89 37 1.564493
90 11 0.402976
90 9 0.412181
90 10 0.414174
90 8 0.448839
90 3 0.512688
90 30 0.473969
90 5 0.601597
90 12 0.676975
90 31 0.647226
90 1 0.703554
90 33 0.699309
90 0 0.799311
90 6 0.823920
90 44 0.773317
90 7 0.824105
90 17 0.828040
90 25 0.822771
90 29 0.819547
90 40 0.818106
90 13 0.867586
90 4 0.876254
90 14 0.866148
90 2 0.881898
90 32 0.869119
90 28 0.929446
90 18 0.958353
90 16 0.995409
90 22 0.995699
90 20 1.006982
90 45 0.977700
90 43 1.009101
90 21 1.040252
90 19 1.081068
90 47 1.053343
90 35 1.068356
90 37 1.070424
90 36 1.079356
90 38 1.099509
90 34 1.111709
90 15 1.139613
90 27 1.153198
90 46 1.192413
90 24 1.222728
90 26 1.272457
90 50 0.870637
90 48 1.055647
90 42 1.283127
90 41 1.307311
90 49 0.962597
90 23 1.370167
90 39 1.372313
91 9 0.590718
91 8 0.637541
91 0 0.668716
91 30 0.729249
91 46 0.724990
91 2 0.785522
91 28 0.760862
91 44 0.746085
91 12 0.813837
91 17 0.844110
91 32 0.826780
91 33 0.826372
91 23 0.839726
91 50 0.886044
91 6 0.953454
91 10 0.954994
91 42 0.927594
91 47 0.923764
91 14 0.960765
91 1 1.017336
91 29 1.010674
91 3 1.047409
91 38 1.019689
91 13 1.049189
91 40 1.032178
91 22 1.062088
91 11 1.071083
91 31 1.077702
91 18 1.100719
91 4 1.117344
91 34 1.116738
91 35 1.136982
91 7 1.174582
91 5 1.181955
91 36 1.160276
91 16 1.205630
91 15 1.243298
91 43 1.218942
91 20 1.269919
91 21 1.297690
91 37 1.283960
91 26 1.316744
91 19 1.361993
91 24 1.361811
91 39 1.345161
91 45 1.350572
91 41 1.381133
91 48 1.380040
91 49 1.403781
91 27 1.440996
91 25 1.452119
92 10 0.511999
92 21 0.542605
92 44 0.574191
92 8 0.695412
92 32 0.709967
92 11 0.767550
92 2 0.774409
92 14 0.766703
92 29 0.799490
92 13 0.844414
92 9 0.870294
92 31 0.849820
92 4 0.876757
92 1 0.963809
92 3 0.962838
92 5 0.974697
92 7 0.973549
92 6 1.019589
92 30 0.998019
92 28 1.015031
92 12 1.047333
92 40 1.018341
92 33 1.027079
92 19 1.177812
92 47 1.175704
92 0 1.246482
92 25 1.237767
92 39 1.230133
92 35 1.246665
92 42 1.246132
92 46 1.249756
92 43 1.276637
92 18 1.320151
92 41 1.303173
92 36 1.332691
92 45 1.330920
92 50 1.381836
92 15 1.434052
92 16 1.441705
92 26 1.441133
92 23 1.476459
92 49 1.457576
92 17 1.515205
92 27 1.514964
92 22 1.544112
92 24 1.542134
92 34 1.537420
92 20 1.562932
92 37 1.544663
92 38 1.564988
92 48 1.620568
93 10 0.486433
93 12 0.554253
93 44 0.544129
93 8 0.611762
93 19 0.656070
93 29 0.684841
93 30 0.724647
93 33 0.799731
93 0 0.851263
93 14 0.873405
93 4 0.881822
93 20 0.922304
93 2 1.014339
93 13 1.027377
93 31 1.046574
93 11 1.107569
93 18 1.132054
93 28 1.149325
93 3 1.173733
93 42 1.131891
93 26 1.176130
93 32 1.180737
93 43 1.167075
93 21 1.214943
93 17 1.220210
93 15 1.252574
93 9 1.265886
93 36 1.296202
93 39 1.301065
93 22 1.323632
93 38 1.344241
93 50 1.387363
93 23 1.431865
93 34 1.433769
93 16 1.467468
93 40 1.447701
93 25 1.467152
93 49 1.439524
93 45 1.451028
93 46 1.461826
93 1 1.511370
93 7 1.516078
93 27 1.513628
93 48 1.493780
93 35 1.522077
93 47 1.634288
93 6 1.701127
93 41 1.670522
93 5 1.751318
93 37 1.726798
93 24 1.781975
94 10 0.504601
94 9 0.614745
94 11 0.682583
94 45 0.701362
94 0 0.779641
94 1 0.801836
94 13 0.849821
94 7 0.881930
94 33 0.872049
94 29 0.889536
94 14 0.911399
94 3 0.940549
94 34 0.913358
94 31 0.929126
94 17 0.999312
94 8 1.039321
94 28 1.053950
94 27 1.082955
94 5 1.104687
94 32 1.080593
94 36 1.105681
94 12 1.132251
94 30 1.155925
94 35 1.159531
94 42 1.162290
94 44 1.160686
94 21 1.200407
94 25 1.212369
94 2 1.248394
94 16 1.246059
94 22 1.252470
94 20 1.282571
94 24 1.288640
94 15 1.310740
94 23 1.321241
94 38 1.338450
94 43 1.351987
94 19 1.394731
94 4 1.420756
94 50 1.380861
94 40 1.468645
94 39 1.487691
94 49 1.487747
94 26 1.538742
94 6 1.565708
94 18 1.573398
94 37 1.561473
94 48 1.563617
94 46 1.574718
94 47 1.573679
94 41 1.633114
95 32 0.503637
95 29 0.507259
95 10 0.556210
95 14 0.615657
95 3 0.652118
95 0 0.673267
95 44 0.707896
95 43 0.732857
95 12 0.774662
95 1 0.795917
95 11 0.821406
95 5 0.837756
95 8 0.862815
95 16 0.869857
95 22 0.893426
95 30 0.889913
95 33 0.896692
95 7 0.924827
95 9 0.934119
95 28 0.916303
95 31 0.914220
95 19 0.951748
95 13 0.987213
95 15 1.003314
95 4 1.032520
95 41 1.003998
95 17 1.039075
95 2 1.062816
95 40 1.039026
95 36 1.050812
95 6 1.139651
95 34 1.122730
95 21 1.161546
95 20 1.168027
95 37 1.157107
95 35 1.170532
95 46 1.164882
95 18 1.206937
95 23 1.214024
95 38 1.208471
95 45 1.204296
95 26 1.237264
95 42 1.255641
95 50 1.292592
95 48 1.296774
95 27 1.327065
95 25 1.331695
95 47 1.316325
95 39 1.343462
95 24 1.362896
95 49 1.413884
96 10 0.436718
96 9 0.456869
96 14 0.467727
96 5 0.632623
96 32 0.616121
96 6 0.700970
96 13 0.737910
96 29 0.743994
96 1 0.793461
96 33 0.749872
96 31 0.761751
96 4 0.833034
96 7 0.882766
96 42 0.846116
96 17 0.913955
96 8 0.941074
96 44 0.914604
96 0 1.001110
96 36 0.947070
96 12 0.991841
96 39 0.941873
96 11 1.013461
96 50 0.960390
96 37 1.007275
96 43 0.999419
96 47 0.992700
96 23 1.058593
96 30 1.054610
96 28 1.067532
96 48 1.021090
96 35 1.070745
96 2 1.124338
96 45 1.058543
96 21 1.123752
96 38 1.089452
96 3 1.174407
96 27 1.156513
96 41 1.125199
96 19 1.180114
96 34 1.170121
96 15 1.207479
96 25 1.198627
96 46 1.188402
96 16 1.269326
96 24 1.260259
96 22 1.268572
96 18 1.277972
96 26 1.271415
96 20 1.327199
96 40 1.299493
96 49 1.352346
97 14 0.396530
97 13 0.540453
97 32 0.498438
97 10 0.635797
97 8 0.637827
97 12 0.649460
97 11 0.650401
97 9 0.652392
97 28 0.620311
97 21 0.752504
97 30 0.729920
97 0 0.795947
97 31 0.788641
97 2 0.853784
97 3 0.911640
97 1 0.966832
97 22 0.979314
97 29 0.971230
97 24 0.990631
97 33 0.967013
97 46 0.949899
97 36 0.976714
97 19 1.045936
97 44 0.991570
97 20 1.057466
97 45 1.008871
97 18 1.084303
97 16 1.094111
97 6 1.102042
97 34 1.137474
97 40 1.136824
97 48 1.135334
97 5 1.221384
97 39 1.196457
97 42 1.211548
97 4 1.292043
97 38 1.241136
97 17 1.307643
97 35 1.264807
97 25 1.295308
97 43 1.299959
97 23 1.374850
97 41 1.381293
97 37 1.397625
97 7 1.499381
97 49 1.439933
97 15 1.512599
97 50 1.454645
97 47 1.467387
97 26 1.521999
97 27 1.531496
98 8 0.596198
98 10 0.708993
98 0 0.780376
98 44 0.780460
98 12 0.825291
98 3 0.833386
98 9 0.902378
98 31 0.875556
98 13 0.901209
98 1 0.948938
98 6 0.953220
98 14 0.951234
98 30 1.001622
98 11 1.102848
98 42 1.062587
98 29 1.083768
98 32 1.146464
98 28 1.203049
98 2 1.229212
98 33 1.195148
98 4 1.233378
98 34 1.417688
98 23 1.471866
98 43 1.473866
98 27 1.510605
98 18 1.533059
98 17 1.537012
98 24 1.572441
98 7 1.601488
98 5 1.604333
98 22 1.621264
98 48 1.675786
98 20 1.716525
98 41 1.687565
98 36 1.693880
98 40 1.689822
98 25 1.713685
98 16 1.726280
98 26 1.712891
98 35 1.697843
98 50 1.678250
98 47 1.692394
98 45 1.717008
98 38 1.775539
98 49 1.813795
98 19 1.926032
98 15 1.946947
98 39 1.924323
98 21 1.979103
98 37 1.990485
98 46 1.995460
99 12 0.477478
99 8 0.653304
99 9 0.653054
99 44 0.761758
99 10 0.809774
99 11 0.809614
99 33 0.911277
99 31 0.949473
99 1 1.080388
99 4 1.165094
99 29 1.145710
99 38 1.172408
99 7 1.245146
99 13 1.241635
99 35 1.207100
99 3 1.249304
99 2 1.250628
99 23 1.256363
99 32 1.253930
99 46 1.254206
99 30 1.280886
99 14 1.347732
99 28 1.405443
99 26 1.440386
99 15 1.473928
99 39 1.437304
99 48 1.455845
99 47 1.458598
99 0 1.517904
99 17 1.521545
99 19 1.521136
99 18 1.538748
99 22 1.536307
99 20 1.566286
99 24 1.562922
99 37 1.535645
99 43 1.539368
99 16 1.584121
99 25 1.582279
99 41 1.558245
99 27 1.638295
99 45 1.707827
99 49 1.701958
99 5 1.775328
99 42 1.750477
99 40 1.777717
99 50 1.777417
99 36 1.842174
99 21 1.887223
99 34 1.875556
99 6 2.040352
100 9 0.258026
100 8 0.297517
100 11 0.344323
100 10 0.400335
100 3 0.564096
100 13 0.447622
100 12 0.479398
100 1 0.652062
100 5 0.671920
100 0 0.698915
100 2 0.698161
100 14 0.480535
100 32 0.206038
100 4 0.963523
100 29 0.417252
100 7 0.889451
100 30 0.435043
100 33 0.391190
100 31 0.425716
100 6 1.028907
100 44 0.399346
100 28 0.564340
100 19 0.806037
100 15 0.942377
100 25 0.741744
100 17 0.943826
100 16 0.994702
100 18 0.965095
100 20 0.915600
100 27 0.808153
100 21 0.907086
100 26 0.864074
100 42 0.725059
100 24 0.941125
100 39 0.764153
100 50 0.725010
100 23 0.980654
100 35 0.827224
100 48 0.779034
100 38 0.839430
100 40 0.842008
100 41 0.879448
100 22 1.140689
100 45 0.873942
100 43 0.898557
100 47 0.881012
100 34 0.950664
100 49 0.922229
100 36 0.984744
100 37 1.073184
100 46 1.104424
101 44 0.441539
101 12 0.546733
101 0 0.554714
101 29 0.613862
101 28 0.646883
101 13 0.708489
101 48 0.742773
101 33 0.761226
101 20 0.814944
101 2 0.827922
101 42 0.839928
101 8 0.875985
101 16 0.871707
101 31 0.857773
101 14 0.911632
101 10 0.914445
101 30 0.894214
101 47 0.910101
101 38 0.920852
101 40 0.918393
101 32 0.932242
101 6 1.071930
101 22 1.059150
101 9 1.085816
101 3 1.091063
101 34 1.075334
101 7 1.113727
101 11 1.112172
101 19 1.150839
101 41 1.135322
101 4 1.224478
101 5 1.224217
101 35 1.197540
101 36 1.206463
101 45 1.196092
101 18 1.242465
101 1 1.253593
101 39 1.218795
101 15 1.272781
101 46 1.249241
101 37 1.278426
101 27 1.306500
101 26 1.350318
101 25 1.372712
101 23 1.384152
101 24 1.384230
101 43 1.366264
101 49 1.373721
101 17 1.423623
101 21 1.419801
101 50 1.436524
102 28 0.605021
102 44 0.605708
102 29 0.645605
102 0 0.698647
102 9 0.699254
102 31 0.763368
102 11 0.790471
102 33 0.762436
102 30 0.766356
102 4 0.798417
102 41 0.778648
102 8 0.821671
102 1 0.871065
102 5 0.910921
102 38 0.874308
102 13 0.908101
102 12 0.924919
102 16 0.919701
102 45 0.885040
102 7 0.950676
102 14 0.956389
102 32 0.953992
102 24 0.964909
102 3 0.994401
102 37 0.979963
102 40 0.983553
102 10 1.033290
102 26 1.030075
102 18 1.042011
102 19 1.059433
102 27 1.105075
102 50 1.087849
102 22 1.134132
102 2 1.182026
102 39 1.148167
102 48 1.173844
102 36 1.193441
102 17 1.228025
102 15 1.232850
102 34 1.207054
102 35 1.214463
102 46 1.222118
102 25 1.274456
102 43 1.260432
102 23 1.284670
102 6 1.320339
102 42 1.289391
102 49 1.298620
102 21 1.350769
102 47 1.370960
102 20 1.413134
103 14 0.382999
103 32 0.403428
103 12 0.472033
103 30 0.485189
103 8 0.627166
103 0 0.633286
103 9 0.676260
103 10 0.747673
103 16 0.751291
103 28 0.740130
103 45 0.769394
103 31 0.786752
103 18 0.800155
103 33 0.789745
103 6 0.848878
103 44 0.819164
103 20 0.871980
103 21 0.933948
103 36 0.919120
103 4 0.949990
103 29 0.960130
103 2 0.983736
103 24 0.993378
103 13 1.003244
103 11 1.058145
103 25 1.076411
103 26 1.197037
103 42 1.182285
103 15 1.210437
103 34 1.193188
103 40 1.202004
103 48 1.204811
103 1 1.252324
103 3 1.261970
103 37 1.259756
103 46 1.248665
103 35 1.274142
103 43 1.274540
103 38 1.283170
103 22 1.324778
103 19 1.327876
103 49 1.305890
103 7 1.404745
103 5 1.417854
103 17 1.413380
103 41 1.405080
103 39 1.421184
103 50 1.409752
103 47 1.427490
103 23 1.469658
103 27 1.494308
104 10 0.397738
104 9 0.408625
104 8 0.433231
104 12 0.479590
104 11 0.561438
104 2 0.672112
104 1 0.713999
104 14 0.692468
104 0 0.761570
104 33 0.705297
104 7 0.819337
104 28 0.794330
104 5 0.855383
104 4 0.898424
104 30 0.865336
104 3 0.918679
104 13 0.932796
104 32 0.912978
104 44 0.944199
104 38 0.959987
104 47 0.972487
104 6 1.037910
104 22 1.009575
104 31 1.011206
104 39 1.002371
104 34 1.017834
104 29 1.036919
104 48 1.024198
104 36 1.044613
104 40 1.051795
104 43 1.100475
104 41 1.107896
104 18 1.136982
104 42 1.138881
104 46 1.157873
104 16 1.207880
104 15 1.222907
104 17 1.225593
104 24 1.222400
104 50 1.199636
104 45 1.230882
104 49 1.228240
104 26 1.279837
104 37 1.277282
104 23 1.296320
104 21 1.300082
104 20 1.311029
104 19 1.313490
104 35 1.335165
104 25 1.435300
104 27 1.439550
105 12 0.447532
105 10 0.579728
105 30 0.574070
105 44 0.580717
105 11 0.709185
105 0 0.739414
105 32 0.724114
105 8 0.765229
105 13 0.774028
105 40 0.763292
105 1 0.812279
105 28 0.785236
105 6 0.895512
105 4 0.913011
105 29 0.903723
105 7 0.953344
105 33 0.932040
105 31 0.963340
105 43 0.952340
105 14 0.990694
105 9 1.012576
105 2 1.058632
105 5 1.062502
105 34 1.073045
105 37 1.077407
105 3 1.255562
105 36 1.258658
105 45 1.262447
105 16 1.306584
105 17 1.322662
105 18 1.346226
105 26 1.391764
105 50 1.372491
105 38 1.386074
105 15 1.427605
105 47 1.395280
105 35 1.421605
105 24 1.472189
105 48 1.447863
105 19 1.499487
105 20 1.503876
105 22 1.516356
105 42 1.501937
105 27 1.532451
105 46 1.530892
105 39 1.554903
105 23 1.604910
105 25 1.621059
105 41 1.615039
105 49 1.662087
105 21 1.737116
106 9 0.455934
106 11 0.546253
106 30 0.564471
106 13 0.593098
106 28 0.633543
106 1 0.724853
106 29 0.725199
106 31 0.724053
106 0 0.781317
106 5 0.829720
106 33 0.803903
106 8 0.884349
106 12 0.961991
106 10 0.983367
106 32 0.985499
106 40 0.996806
106 44 0.996916
106 3 1.077970
106 15 1.070265
106 14 1.080392
106 4 1.186891
106 20 1.184416
106 7 1.196395
106 45 1.167682
106 21 1.226762
106 18 1.238961
106 19 1.272522
106 23 1.276213
106 37 1.278834
106 17 1.314016
106 35 1.300595
106 42 1.332154
106 50 1.328100
106 39 1.351043
106 47 1.351123
106 25 1.379497
106 2 1.414971
106 24 1.404978
106 34 1.433964
106 6 1.470390
106 49 1.438240
106 38 1.460212
106 26 1.548269
106 43 1.536802
106 16 1.568857
106 48 1.539211
106 36 1.557314
106 46 1.561900
106 22 1.629241
106 27 1.639760
106 41 1.643857
107 10 0.523663
107 32 0.532566
107 14 0.618806
107 28 0.646852
107 8 0.669274
107 30 0.692532
107 11 0.744633
107 44 0.704238
107 13 0.749586
107 29 0.779493
107 0 0.861126
107 4 0.912553
107 1 0.915310
107 2 0.939401
107 9 0.950328
107 31 0.957681
107 12 1.077850
107 45 1.037096
107 16 1.075136
107 48 1.091151
107 26 1.155107
107 25 1.157325
107 18 1.167557
107 22 1.164700
107 46 1.177259
107 27 1.212413
107 33 1.204393
107 50 1.184479
107 40 1.227072
107 3 1.295336
107 42 1.307255
107 5 1.358376
107 6 1.358357
107 23 1.368631
107 41 1.347429
107 20 1.375052
107 36 1.355649
107 19 1.388580
107 38 1.367191
107 39 1.398064
107 17 1.436157
107 37 1.424850
107 34 1.437277
107 35 1.451408
107 7 1.511668
107 49 1.483053
107 24 1.525567
107 43 1.511260
107 15 1.615347
107 47 1.590812
107 21 1.684087
108 9 0.458115
108 11 0.549560
108 8 0.567150
108 30 0.581308
108 33 0.814155
108 29 0.871747
108 28 0.928253
108 1 0.978436
108 2 0.977920
108 10 0.970487
108 4 0.987411
108 7 0.982058
108 12 1.002256
108 31 1.029887
108 32 1.029600
108 44 1.090120
108 13 1.169491
108 5 1.187351
108 14 1.211195
108 35 1.197506
108 0 1.370073
108 3 1.384127
108 15 1.385226
108 18 1.387534
108 39 1.490075
108 6 1.560536
108 46 1.496847
108 34 1.536212
108 24 1.587336
108 49 1.560354
108 40 1.573153
108 36 1.587660
108 20 1.636511
108 41 1.646456
108 45 1.660936
108 25 1.702369
108 22 1.713411
108 23 1.719003
108 27 1.722325
108 16 1.750673
108 43 1.729370
108 37 1.758553
108 26 1.825405
108 42 1.851676
108 38 1.867024
108 50 1.890419
108 17 1.948538
108 48 1.908925
108 21 1.963748
108 47 1.971389
108 19 2.106346
109 12 0.513467
109 11 0.548564
109 32 0.541052
109 8 0.655096
109 10 0.662633
109 14 0.731580
109 2 0.770531
109 4 0.822360
109 0 0.863048
109 30 0.844304
109 22 0.897736
109 16 0.927807
109 27 0.943044
109 6 0.973282
109 44 0.982139
109 5 1.052127
109 24 1.043320
109 1 1.063296
109 29 1.065579
109 9 1.090005
109 18 1.087086
109 28 1.084895
109 13 1.130964
109 31 1.125648
109 33 1.143639
109 39 1.165515
109 21 1.186071
109 38 1.173579
109 48 1.181501
109 42 1.215508
109 17 1.252970
109 36 1.282815
109 3 1.329436
109 7 1.338482
109 40 1.317924
109 34 1.331627
109 50 1.326530
109 20 1.378682
109 25 1.378531
109 35 1.384110
109 45 1.379170
109 46 1.383696
109 47 1.407167
109 26 1.436989
109 43 1.432151
109 41 1.462569
109 37 1.474356
109 15 1.508080
109 23 1.509397
109 19 1.522560
109 49 1.498505
110 10 0.622025
110 33 0.609839
110 11 0.741961
110 29 0.788892
110 9 0.827226
110 0 0.880780
110 3 0.903148
110 5 0.904343
110 1 0.939237
110 28 0.916149
110 30 0.914288
110 4 0.943597
110 6 1.003749
110 44 1.030471
110 31 1.045857
110 41 1.121753
110 12 1.153204
110 2 1.161179
110 8 1.168674
110 13 1.166078
110 19 1.163255
110 14 1.234996
110 32 1.236498
110 40 1.256188
110 21 1.278886
110 42 1.255967
110 15 1.295721
110 37 1.306380
110 38 1.358433
110 39 1.379099
110 7 1.421934
110 18 1.457571
110 46 1.438126
110 45 1.467942
110 49 1.556915
110 50 1.557886
110 20 1.592505
110 36 1.574400
110 35 1.576885
110 47 1.562593
110 17 1.629816
110 43 1.601923
110 34 1.611695
110 48 1.597047
110 26 1.655683
110 27 1.655872
110 25 1.666289
110 16 1.677580
110 22 1.673422
110 24 1.680202
110 23 1.809488
111 8 0.386005
111 12 0.496219
111 10 0.563458
111 44 0.557462
111 3 0.622785
111 9 0.625354
111 2 0.644332
111 11 0.652797
111 14 0.651581
111 28 0.732992
111 17 0.786378
111 32 0.791876
111 4 0.840569
111 30 0.817218
111 18 0.854113
111 1 0.898069
111 0 0.899799
111 31 0.866141
111 5 0.945031
111 6 0.954961
111 33 0.926799
111 13 0.972694
111 34 0.991097
111 29 1.014544
111 26 1.028272
111 43 1.017151
111 20 1.054505
111 38 1.075775
111 23 1.107244
111 47 1.078734
111 16 1.133507
111 50 1.103603
111 21 1.144213
111 42 1.119777
111 22 1.146366
111 19 1.157887
111 40 1.160947
111 7 1.218211
111 36 1.208459
111 15 1.238367
111 49 1.208614
111 46 1.223162
111 41 1.234621
111 25 1.335333
111 45 1.312299
111 24 1.338704
111 48 1.310390
111 39 1.320382
111 27 1.361443
111 37 1.399028
111 35 1.414713
112 13 0.552667
112 8 0.640049
112 9 0.672595
112 28 0.654644
112 44 0.635546
112 11 0.831063
112 29 0.901766
112 0 0.992119
112 12 1.063656
112 33 1.045519
112 1 1.077748
112 14 1.211356
112 31 1.194245
112 25 1.220115
112 32 1.249889
112 30 1.251802
112 6 1.313058
112 38 1.297582
112 3 1.382777
112 10 1.408256
112 2 1.415826
112 24 1.415022
112 5 1.452167
112 17 1.458763
112 34 1.475933
112 23 1.493738
112 48 1.479214
112 45 1.532380
112 19 1.582990
112 43 1.570248
112 27 1.607768
112 15 1.623054
112 7 1.647506
112 35 1.654145
112 47 1.677001
112 20 1.712587
112 22 1.710326
112 18 1.731577
112 37 1.725433
112 21 1.746652
112 39 1.745260
112 46 1.736580
112 42 1.776164
112 40 1.796212
112 36 1.909948
112 49 1.894164
112 41 1.905209
112 26 1.924928
112 16 1.942433
112 4 1.952488
112 50 1.920315
113 12 0.479183
113 14 0.487144
113 8 0.508239
113 32 0.529695
113 28 0.553814
113 30 0.569511
113 11 0.633547
113 9 0.647170
113 10 0.760772
113 44 0.754424
113 2 0.883181
113 29 0.853469
113 13 0.922887
113 5 0.973268
113 4 1.004179
113 18 1.038406
113 36 1.063176
113 3 1.133496
113 0 1.162156
113 31 1.144003
113 49 1.125045
113 33 1.145280
113 42 1.157043
113 19 1.190530
113 1 1.228132
113 41 1.178441
113 6 1.228999
113 17 1.211273
113 38 1.233913
113 16 1.270008
113 48 1.241547
113 34 1.277285
113 24 1.302633
113 35 1.296928
113 45 1.352856
113 46 1.359570
113 7 1.421970
113 26 1.438831
113 27 1.448582
113 43 1.437273
113 40 1.460272
113 25 1.477132
113 37 1.476506
113 21 1.494007
113 15 1.522683
113 22 1.525765
113 50 1.505805
113 39 1.576703
113 20 1.609791
113 47 1.592301
113 23 1.630342
114 9 0.479804
114 14 0.536954
114 12 0.577632
114 10 0.598524
114 0 0.667272
114 1 0.691985
114 8 0.677446
114 3 0.800834
114 11 0.794298
114 13 0.817854
114 30 0.853504
114 31 0.849437
114 5 0.912080
114 32 0.882048
114 44 0.786010
114 2 1.002304
114 28 0.936914
114 29 0.935227
114 16 1.110625
114 40 1.049229
114 15 1.309513
114 33 1.270709
114 36 1.310612
114 25 1.379523
114 22 1.399547
114 4 1.522644
114 7 1.522284
114 17 1.532021
114 20 1.532730
114 24 1.528047
114 42 1.404316
114 6 1.607456
114 45 1.413196
114 18 1.612772
114 39 1.517381
114 27 1.610526
114 43 1.478486
114 26 1.650092
114 19 1.679974
114 21 1.698149
114 46 1.496163
114 34 1.695639
114 23 1.753146
114 37 1.703494
114 50 1.220358
114 35 1.751170
114 48 1.361490
114 41 1.698961
114 49 1.378672
114 38 1.902369
114 47 1.579262
115 8 0.409412
115 9 0.539697
115 11 0.544207
115 30 0.568190
115 28 0.656331
115 32 0.745597
115 0 0.780668
115 1 0.801502
115 4 0.843299
115 14 0.836508
115 29 0.823572
115 6 0.876095
115 2 0.880141
115 31 0.868764
115 7 0.892638
115 36 0.889251
115 44 0.882048
115 33 0.894526
115 12 0.950608
115 10 0.962316
115 26 0.978731
115 13 0.993244
115 45 1.007289
115 20 1.047676
115 48 1.052572
115 21 1.110568
115 27 1.146474
115 41 1.147086
115 40 1.156388
115 42 1.183208
115 38 1.201749
115 47 1.193533
115 3 1.246912
115 34 1.216828
115 24 1.246739
115 5 1.274590
115 18 1.265382
115 22 1.262244
115 25 1.279066
115 50 1.253587
115 16 1.291940
115 43 1.284764
115 15 1.317164
115 17 1.324481
115 19 1.324183
115 23 1.328790
115 39 1.341603
115 46 1.357170
115 49 1.360998
115 35 1.426533
115 37 1.498260
116 11 0.515082
116 8 0.548640
116 31 0.597947
116 29 0.769285
116 4 0.884201
116 0 0.889344
116 1 0.887454
116 9 0.881441
116 13 0.919293
116 28 0.907028
116 3 0.987374
116 7 1.008081
116 42 1.004574
116 32 1.016025
116 14 1.063876
116 33 1.065410
116 12 1.087120
116 30 1.231228
116 47 1.212837
116 35 1.235302
116 44 1.226049
116 15 1.275491
116 10 1.279562
116 37 1.395401
116 25 1.410657
116 41 1.392144
116 5 1.426816
116 34 1.402129
116 24 1.414530
116 45 1.402033
116 16 1.476508
116 6 1.494352
116 2 1.508618
116 18 1.508283
116 20 1.528100
116 19 1.529275
116 46 1.510919
116 17 1.554248
116 39 1.561172
116 23 1.580839
116 49 1.575999
116 38 1.588329
116 43 1.584651
116 22 1.619335
116 21 1.641357
116 40 1.619911
116 26 1.660091
116 36 1.672136
116 50 1.682530
116 27 1.764737
116 48 1.754544
117 8 0.534504
117 9 0.616288
117 11 0.615203
117 10 0.809218
117 29 0.824200
117 14 0.877686
117 31 0.966297
117 0 1.083231
117 4 1.246241
117 32 1.217558
117 28 1.225043
117 2 1.254026
117 34 1.274328
117 22 1.292096
117 33 1.352606
117 7 1.381862
117 3 1.385606
117 19 1.373918
117 6 1.384796
117 12 1.380538
117 24 1.407259
117 23 1.549906
117 50 1.513634
117 35 1.534904
117 38 1.532360
117 1 1.573908
117 43 1.526881
117 48 1.520214
117 13 1.566040
117 37 1.535517
117 30 1.547526
117 44 1.528988
117 26 1.589298
117 25 1.663388
117 39 1.651107
117 18 1.738554
117 20 1.749367
117 46 1.756846
117 40 1.790388
117 49 1.779294
117 41 1.819709
117 27 1.840312
117 36 1.828152
117 16 1.855045
117 42 1.821351
117 5 1.880663
117 15 1.891700
117 21 2.021976
117 17 2.027434
117 45 1.990661
117 47 2.023487
118 10 0.547007
118 28 0.557651
118 11 0.642159
118 13 0.648895
118 31 0.707189
118 9 0.874820
118 14 0.871768
118 12 0.874481
118 30 0.937116
118 33 0.948626
118 8 1.038622
118 32 1.061822
118 3 1.086227
118 1 1.113543
118 29 1.141681
118 0 1.192848
118 2 1.217297
118 44 1.193258
118 5 1.339566
118 45 1.343464
118 22 1.396753
118 37 1.380646
118 21 1.537814
118 35 1.549839
118 50 1.557074
118 18 1.604105
118 39 1.597209
118 4 1.629191
118 6 1.631299
118 15 1.635349
118 25 1.629404
118 7 1.643921
118 26 1.642206
118 34 1.644767
118 24 1.680737
118 19 1.685526
118 20 1.708703
118 48 1.677316
118 43 1.706053
118 41 1.720473
118 36 1.749114
118 17 1.780331
118 42 1.754243
118 46 1.762170
118 23 1.790350
118 38 1.796538
118 16 1.820341
118 40 1.808605
118 27 1.836163
118 47 1.848290
118 49 1.959446
119 9 0.555882
119 10 0.743323
119 29 0.881087
119 30 0.880578
119 32 0.926137
119 8 0.987816
119 2 1.027163
119 11 1.140406
119 12 1.173708
119 33 1.152817
119 31 1.156240
119 5 1.223706
119 48 1.183146
119 13 1.287286
119 14 1.287858
119 7 1.293633
119 28 1.293413
119 40 1.279869
119 4 1.324132
119 46 1.354203
119 44 1.389497
119 3 1.460641
119 39 1.462428
119 42 1.472615
119 1 1.521517
119 23 1.547227
119 38 1.536631
119 0 1.605097
119 20 1.598998
119 25 1.602736
119 41 1.592644
119 45 1.588927
119 6 1.636953
119 49 1.611203
119 16 1.655761
119 21 1.673387
119 34 1.666143
119 37 1.681097
119 19 1.709506
119 26 1.725223
119 24 1.754265
119 43 1.738388
119 18 1.776833
119 36 1.773858
119 15 1.804321
119 17 1.804228
119 35 1.819949
119 27 1.853329
119 50 1.870121
119 22 1.909898
119 47 1.949720
120 10 0.947157
120 44 1.022226
120 13 1.239817
120 29 1.356102
120 26 1.358594
120 17 1.379971
120 16 1.561530
120 36 1.549014
120 22 1.565102
120 25 1.589312
120 33 1.620247
120 20 1.629241
120 32 1.649663
120 0 1.671193
120 30 1.666428
120 23 1.684726
120 15 1.719849
120 11 1.749055
120 6 1.779822
120 43 1.757427
120 14 1.776879
120 34 1.765443
120 9 1.794297
120 12 1.851402
120 50 1.855060
120 28 1.870051
120 31 1.869555
120 8 1.884966
120 40 1.894095
120 45 1.918752
120 47 1.992016
120 5 2.138966
120 4 2.141026
120 42 2.117637
120 7 2.152380
120 49 2.129799
120 18 2.150262
120 38 2.137402
120 37 2.158553
120 3 2.201929
120 35 2.200981
120 46 2.238008
120 27 2.277219
120 39 2.270453
120 1 2.295094
120 19 2.308090
120 2 2.355251
120 41 2.331238
120 24 2.342681
120 48 2.347600
120 21 2.385136
