21 1 0.152501
21 3 0.151568
21 2 0.152899
21 4 0.156458
21 0 0.175625
21 8 0.165177
21 7 0.181942
21 5 0.185905
21 9 0.159821
21 10 0.142924
21 12 0.062826
21 6 0.208224
21 11 0.119184
21 14 0.113993
21 16 0.182977
21 15 0.184196
21 44 0.165858
21 30 0.186533
21 29 0.224629
21 38 0.213039
21 13 0.245796
21 32 0.220319
21 24 0.235177
21 33 0.218275
21 19 0.244520
21 25 0.240835
21 18 0.249936
21 46 0.222694
21 43 0.226287
21 31 0.241675
21 39 0.233446
21 20 0.258888
21 17 0.261666
21 26 0.254156
21 21 0.258803
21 36 0.239184
21 23 0.259819
21 37 0.241135
21 47 0.228037
21 45 0.230631
21 35 0.243375
21 41 0.236446
21 49 0.226220
21 27 0.257192
21 28 0.255581
21 42 0.238072
21 22 0.265616
21 40 0.244173
21 34 0.255735
21 50 0.241512
21 48 0.250499
22 0 0.133168
22 4 0.137532
22 3 0.141177
22 2 0.150756
22 1 0.155126
22 6 0.158074
22 7 0.160391
22 8 0.177421
22 9 0.183271
22 5 0.190815
22 10 0.193213
22 12 0.217608
22 11 0.229655
22 13 0.234233
22 33 0.209801
22 17 0.251344
22 31 0.228234
22 15 0.255890
22 41 0.215898
22 23 0.251224
22 24 0.251620
22 21 0.257126
22 27 0.253566
22 49 0.218915
22 29 0.253150
22 20 0.267105
22 37 0.240181
22 28 0.257990
22 35 0.245319
22 43 0.231714
22 16 0.279210
22 39 0.241462
22 25 0.266715
22 44 0.234961
22 45 0.234864
22 19 0.281482
22 14 0.286902
22 34 0.255888
22 26 0.272710
22 30 0.268280
22 22 0.280405
22 32 0.267145
22 36 0.260414
22 38 0.258426
22 47 0.245932
22 18 0.298540
22 40 0.260970
22 42 0.260118
22 48 0.252885
22 50 0.247545
22 46 0.260823
23 5 0.125420
23 4 0.131328
23 0 0.138742
23 2 0.136940
23 6 0.189592
23 3 0.201526
23 1 0.216806
23 12 0.231069
23 14 0.244516
23 11 0.250110
23 32 0.233307
23 8 0.257453
23 38 0.229692
23 10 0.258517
23 29 0.242367
23 31 0.241333
23 9 0.261272
23 28 0.245757
23 37 0.236133
23 19 0.255609
23 33 0.242696
23 17 0.258051
23 50 0.222999
23 21 0.255242
23 13 0.262377
23 35 0.242625
23 24 0.254000
23 18 0.260272
23 27 0.252078
23 7 0.269419
23 40 0.237181
23 36 0.243577
23 20 0.261518
23 42 0.237803
23 30 0.252896
23 34 0.249414
23 41 0.240449
23 44 0.238022
23 46 0.236065
23 16 0.268422
23 47 0.237342
23 26 0.261463
23 39 0.247114
23 22 0.267878
23 45 0.244715
23 25 0.267395
23 15 0.277991
23 43 0.250177
23 23 0.274887
23 48 0.247607
23 49 0.247047
24 0 0.122357
24 7 0.117883
24 3 0.120887
24 1 0.124183
24 4 0.189167
24 5 0.211039
24 6 0.220296
24 2 0.230216
24 11 0.231839
24 9 0.235734
24 8 0.241171
24 17 0.237670
24 39 0.218270
24 34 0.229765
24 22 0.245755
24 12 0.255079
24 20 0.250161
24 26 0.246769
24 45 0.227806
24 30 0.244657
24 31 0.244440
24 36 0.239616
24 25 0.251140
24 14 0.261009
24 28 0.248865
24 35 0.242146
24 18 0.259467
24 41 0.236484
24 29 0.250078
24 15 0.262980
24 32 0.247484
24 21 0.258572
24 40 0.239576
24 13 0.266511
24 47 0.233872
24 46 0.237104
24 48 0.236000
24 50 0.236330
24 49 0.237938
24 38 0.249169
24 43 0.244269
24 42 0.245883
24 16 0.272579
24 44 0.245026
24 10 0.277513
24 33 0.257315
24 27 0.264968
24 19 0.275102
24 24 0.270887
24 37 0.258032
24 23 0.272466
25 5 0.123538
25 3 0.135276
25 1 0.136982
25 0 0.139100
25 4 0.136352
25 2 0.141426
25 6 0.196981
25 9 0.197384
25 33 0.209823
25 13 0.239418
25 8 0.247163
25 7 0.248745
25 14 0.244085
25 10 0.247411
25 20 0.244508
25 11 0.252461
25 31 0.234215
25 44 0.229108
25 19 0.258561
25 29 0.247673
25 12 0.266213
25 30 0.248618
25 21 0.260007
25 28 0.252331
25 15 0.266478
25 45 0.235170
25 18 0.265101
25 25 0.258345
25 22 0.262247
25 32 0.252224
25 34 0.249994
25 16 0.271397
25 17 0.271568
25 49 0.236754
25 38 0.250338
25 50 0.236639
25 36 0.254443
25 41 0.248244
25 27 0.264645
25 24 0.269199
25 43 0.248472
25 40 0.251363
25 42 0.249849
25 23 0.271932
25 39 0.256915
25 47 0.248540
25 26 0.272977
25 35 0.265992
25 48 0.251343
25 46 0.255194
25 37 0.266874
26 3 0.106718
26 0 0.125867
26 1 0.131323
26 4 0.134381
26 2 0.139738
26 5 0.160855
26 8 0.191691
26 7 0.197068
26 6 0.203916
26 21 0.211375
26 10 0.222268
26 13 0.222604
26 11 0.229540
26 17 0.224921
26 33 0.210104
26 19 0.224924
26 9 0.233965
26 12 0.235994
26 30 0.221478
26 23 0.231732
26 14 0.240789
26 31 0.225457
26 28 0.231835
26 32 0.228214
26 46 0.213097
26 20 0.240774
26 37 0.225370
26 38 0.224284
26 41 0.222170
26 22 0.243501
26 44 0.221906
26 34 0.232872
26 18 0.248733
26 27 0.247497
26 47 0.224045
26 39 0.235972
26 48 0.224512
26 29 0.247483
26 16 0.260313
26 25 0.254012
26 49 0.226285
26 42 0.236461
26 50 0.226457
26 24 0.257934
26 35 0.245901
26 36 0.245399
26 15 0.266217
26 26 0.257983
26 45 0.239319
26 43 0.246454
26 40 0.253254
27 2 0.140180
27 1 0.142705
27 3 0.143307
27 0 0.145687
27 7 0.145701
27 6 0.194353
27 4 0.201705
27 5 0.255809
27 8 0.259990
27 9 0.261759
27 10 0.261745
27 38 0.235440
27 18 0.257583
27 17 0.261386
27 14 0.264483
27 29 0.251147
27 20 0.261087
27 34 0.246904
27 16 0.264719
27 42 0.239099
27 26 0.257152
27 32 0.251811
27 12 0.270589
27 43 0.239981
27 23 0.262791
27 28 0.257065
27 24 0.262582
27 30 0.256852
27 31 0.256067
27 39 0.247056
27 11 0.275703
27 25 0.265905
27 33 0.257737
27 21 0.270947
27 22 0.270500
27 19 0.274709
27 47 0.246023
27 13 0.280763
27 46 0.249553
27 50 0.247540
27 45 0.253992
27 27 0.276474
27 41 0.262555
27 36 0.269197
27 15 0.291053
27 37 0.270210
27 48 0.258910
27 44 0.266037
27 40 0.272777
27 35 0.279629
27 49 0.266388
28 0 0.123732
28 4 0.134825
28 1 0.138109
28 3 0.138943
28 2 0.141249
28 9 0.183113
28 5 0.211479
28 6 0.221347
28 7 0.225829
28 12 0.224089
28 8 0.234960
28 14 0.239959
28 31 0.227542
28 20 0.240497
28 10 0.251061
28 11 0.250757
28 19 0.245124
28 41 0.224357
28 24 0.244514
28 13 0.255179
28 40 0.227622
28 32 0.238190
28 15 0.258011
28 28 0.245786
28 35 0.242528
28 27 0.250726
28 21 0.258232
28 30 0.250637
28 44 0.234453
28 33 0.249611
28 25 0.258036
28 50 0.231427
28 48 0.234821
28 29 0.256887
28 26 0.260325
28 22 0.266317
28 42 0.244678
28 49 0.237533
28 39 0.248304
28 36 0.252879
28 23 0.268048
28 17 0.274564
28 38 0.252934
28 18 0.274874
28 34 0.258990
28 43 0.251006
28 47 0.247375
28 37 0.258865
28 16 0.282002
28 46 0.254557
28 45 0.256254
29 0 0.120273
29 1 0.148805
29 7 0.149593
29 4 0.155952
29 2 0.159725
29 3 0.162032
29 5 0.164257
29 9 0.187509
29 8 0.192560
29 12 0.222108
29 33 0.206661
29 11 0.236013
29 10 0.239315
29 13 0.239545
29 31 0.232581
29 6 0.260656
29 44 0.220084
29 32 0.238017
29 14 0.269923
29 30 0.252435
29 29 0.256394
29 28 0.259414
29 15 0.275685
29 40 0.249313
29 34 0.257277
29 26 0.270993
29 25 0.275105
29 39 0.260701
29 16 0.287620
29 23 0.283766
29 37 0.271418
29 43 0.262708
29 41 0.267508
29 17 0.296046
29 38 0.273288
29 19 0.294865
29 27 0.286450
29 21 0.294145
29 42 0.275316
29 20 0.301809
29 48 0.269488
29 18 0.306608
29 24 0.299965
29 35 0.288106
29 47 0.272862
29 49 0.270909
29 22 0.304508
29 50 0.273456
29 36 0.291649
29 45 0.280183
29 46 0.280764
30 0 0.135694
30 4 0.139750
30 5 0.142878
30 1 0.146657
30 3 0.151407
30 2 0.211156
30 8 0.208232
30 9 0.219106
30 10 0.249772
30 6 0.253269
30 12 0.250868
30 11 0.263964
30 38 0.241610
30 44 0.239609
30 7 0.277386
30 33 0.252683
30 36 0.251636
30 14 0.274217
30 25 0.264167
30 13 0.275824
30 47 0.241491
30 27 0.263491
30 28 0.262545
30 35 0.257288
30 16 0.278305
30 19 0.276230
30 31 0.264991
30 30 0.267603
30 29 0.270745
30 18 0.284695
30 17 0.285768
30 32 0.272076
30 24 0.282738
30 15 0.291538
30 21 0.287496
30 37 0.271310
30 22 0.288217
30 50 0.256297
30 20 0.293492
30 42 0.268774
30 26 0.287634
30 39 0.273995
30 34 0.279788
30 40 0.276428
30 49 0.266145
30 46 0.273234
30 23 0.301841
30 41 0.282409
30 43 0.281524
30 48 0.277941
30 45 0.282478
31 3 0.134804
31 5 0.134964
31 0 0.155404
31 1 0.158639
31 4 0.157895
31 8 0.183250
31 10 0.196673
31 2 0.214366
31 9 0.212519
31 6 0.239444
31 31 0.221003
31 11 0.240466
31 21 0.233420
31 19 0.235279
31 33 0.224168
31 29 0.231974
31 17 0.246831
31 50 0.212894
31 32 0.235930
31 20 0.247787
31 44 0.222367
31 42 0.226820
31 25 0.250758
31 13 0.263049
31 27 0.250544
31 26 0.252031
31 14 0.267589
31 46 0.237562
31 12 0.272829
31 30 0.256979
31 38 0.248124
31 47 0.241329
31 7 0.281499
31 22 0.270577
31 23 0.268996
31 37 0.255133
31 28 0.267494
31 24 0.274477
31 41 0.257488
31 39 0.262946
31 34 0.273092
31 49 0.259077
31 16 0.293987
31 35 0.274532
31 18 0.293166
31 40 0.271591
31 45 0.267188
31 15 0.298959
31 48 0.268634
31 36 0.293871
31 43 0.289833
32 1 0.155690
32 5 0.160430
32 9 0.173179
32 8 0.176486
32 2 0.200860
32 0 0.204687
32 3 0.208768
32 4 0.210550
32 10 0.207727
32 11 0.204554
32 12 0.203009
32 13 0.197681
32 7 0.217873
32 6 0.232088
32 14 0.209359
32 15 0.240216
32 20 0.221426
32 17 0.242682
32 19 0.251584
32 30 0.123160
32 21 0.242221
32 16 0.271811
32 28 0.149293
32 24 0.215330
32 27 0.171316
32 26 0.217029
32 22 0.243818
32 25 0.221415
32 23 0.244824
32 18 0.290532
32 29 0.158764
32 31 0.137624
32 33 0.164727
32 42 0.157671
32 32 0.167717
32 44 0.139423
32 34 0.184897
32 40 0.181423
32 36 0.184998
32 35 0.190513
32 45 0.162491
32 39 0.191865
32 46 0.163956
32 47 0.152572
32 43 0.191316
32 37 0.198438
32 41 0.201356
32 38 0.207588
32 48 0.163898
32 50 0.161289
32 49 0.173723
33 2 0.148310
33 0 0.181490
33 5 0.178820
33 4 0.182788
33 3 0.184085
33 10 0.209391
33 8 0.216325
33 9 0.238651
33 1 0.251488
33 12 0.251193
33 30 0.236795
33 33 0.237051
33 31 0.243468
33 44 0.215327
33 14 0.264786
33 32 0.267282
33 6 0.293107
33 29 0.284469
33 16 0.300021
33 34 0.297654
33 24 0.309367
33 26 0.308279
33 17 0.319481
33 7 0.329756
33 28 0.309943
33 13 0.325650
33 22 0.318808
33 19 0.322857
33 42 0.288524
33 48 0.280589
33 11 0.334168
33 43 0.291372
33 36 0.309001
33 20 0.330427
33 37 0.310337
33 15 0.339034
33 25 0.337123
33 41 0.314840
33 49 0.300901
33 50 0.300634
33 38 0.322857
33 40 0.319881
33 35 0.331442
33 47 0.312017
33 39 0.329756
33 46 0.319599
33 18 0.367550
33 21 0.368995
33 27 0.363559
33 45 0.336991
33 23 0.376338
34 3 0.129698
34 5 0.134178
34 4 0.135438
34 2 0.142571
34 0 0.144476
34 1 0.189228
34 10 0.184710
34 8 0.193537
34 7 0.243822
34 14 0.249830
34 30 0.236635
34 13 0.268209
34 11 0.269980
34 9 0.271788
34 6 0.274334
34 12 0.269951
34 28 0.257178
34 16 0.269490
34 31 0.257455
34 29 0.263766
34 33 0.261373
34 15 0.279452
34 27 0.269417
34 34 0.262763
34 23 0.276206
34 25 0.275698
34 18 0.283638
34 42 0.257095
34 37 0.264803
34 36 0.267402
34 19 0.286718
34 44 0.259062
34 20 0.288753
34 17 0.291838
34 43 0.262880
34 32 0.277245
34 35 0.274476
34 38 0.269949
34 45 0.263561
34 47 0.261004
34 22 0.291354
34 26 0.288778
34 46 0.268779
34 21 0.298960
34 50 0.267319
34 40 0.280510
34 41 0.279685
34 24 0.303307
34 39 0.287173
34 48 0.280060
34 49 0.287254
35 6 0.188427
35 0 0.220338
35 1 0.222171
35 4 0.232371
35 2 0.237716
35 10 0.231130
35 8 0.240507
35 3 0.257616
35 9 0.273213
35 14 0.270197
35 5 0.281899
35 11 0.275278
35 12 0.287439
35 13 0.352585
35 18 0.368726
35 30 0.332974
35 20 0.377611
35 22 0.377203
35 44 0.279458
35 16 0.400163
35 32 0.352584
35 42 0.334219
35 23 0.389428
35 21 0.397979
35 7 0.429039
35 15 0.420879
35 27 0.376273
35 26 0.379136
35 17 0.419379
35 34 0.366005
35 36 0.368420
35 33 0.381973
35 50 0.283124
35 40 0.374929
35 29 0.400208
35 31 0.400119
35 19 0.450422
35 37 0.398913
35 28 0.419856
35 24 0.434269
35 46 0.321834
35 25 0.436263
35 47 0.322293
35 43 0.384193
35 38 0.418895
35 48 0.334599
35 35 0.431430
35 39 0.431558
35 49 0.348039
35 41 0.432972
35 45 0.375426
36 0 0.132029
36 1 0.134257
36 5 0.158351
36 4 0.174523
36 8 0.188702
36 2 0.213122
36 10 0.213317
36 3 0.237078
36 9 0.255531
36 28 0.265028
36 11 0.283285
36 31 0.265296
36 21 0.276954
36 15 0.284913
36 26 0.276798
36 13 0.290964
36 22 0.287663
36 29 0.282067
36 33 0.277225
36 7 0.302008
36 6 0.306099
36 25 0.290966
36 17 0.299129
36 32 0.285860
36 42 0.270973
36 27 0.292249
36 12 0.306529
36 50 0.263689
36 18 0.302363
36 23 0.297874
36 16 0.305055
36 20 0.302308
36 30 0.292966
36 34 0.289112
36 14 0.309462
36 47 0.274038
36 36 0.287848
36 45 0.280302
36 44 0.285489
36 24 0.316801
36 41 0.296011
36 39 0.299004
36 35 0.303012
36 46 0.291256
36 19 0.325777
36 43 0.296613
36 48 0.295030
36 37 0.307406
36 38 0.308663
36 49 0.302741
36 40 0.314294
37 2 0.186171
37 8 0.180153
37 1 0.192285
37 0 0.194273
37 4 0.192918
37 6 0.198554
37 10 0.194457
37 3 0.217951
37 5 0.217810
37 14 0.203543
37 9 0.212295
37 12 0.213546
37 7 0.222830
37 13 0.261515
37 11 0.268628
37 44 0.227197
37 31 0.256980
37 28 0.265034
37 24 0.290524
37 16 0.318682
37 30 0.283551
37 17 0.326129
37 26 0.307355
37 27 0.307145
37 38 0.290589
37 40 0.289795
37 20 0.329998
37 22 0.328845
37 18 0.344073
37 32 0.308690
37 42 0.297874
37 19 0.348871
37 34 0.313646
37 50 0.292567
37 15 0.361966
37 36 0.314548
37 45 0.304140
37 29 0.327362
37 33 0.329658
37 48 0.315682
37 37 0.335270
37 23 0.369635
37 46 0.330140
37 25 0.370097
37 39 0.347360
37 47 0.335843
37 43 0.346907
37 35 0.369528
37 21 0.404757
37 49 0.361334
37 41 0.377910
38 3 0.181707
38 1 0.196110
38 5 0.193655
38 4 0.209809
38 0 0.215880
38 11 0.285700
38 10 0.290162
38 2 0.296801
38 14 0.289295
38 29 0.283977
38 13 0.299759
38 12 0.300784
38 30 0.300785
38 31 0.311329
38 9 0.332423
38 7 0.334079
38 44 0.299391
38 43 0.300500
38 32 0.312847
38 28 0.325641
38 40 0.312156
38 16 0.337740
38 17 0.337513
38 8 0.347552
38 23 0.335226
38 25 0.336967
38 21 0.340702
38 33 0.328700
38 18 0.346666
38 6 0.358006
38 47 0.320206
38 36 0.332134
38 38 0.334154
38 19 0.361164
38 41 0.341344
38 42 0.344033
38 26 0.364860
38 37 0.355052
38 49 0.343375
38 22 0.375800
38 20 0.378662
38 27 0.373734
38 39 0.360231
38 48 0.357682
38 45 0.362739
38 15 0.395740
38 46 0.367664
38 34 0.381463
38 24 0.393621
38 50 0.369349
38 35 0.387516
39 5 0.152005
39 0 0.172202
39 3 0.173086
39 1 0.189277
39 4 0.209653
39 2 0.216981
39 9 0.215094
39 14 0.252045
39 6 0.262354
39 33 0.244389
39 32 0.245543
39 11 0.273100
39 30 0.260824
39 13 0.279516
39 10 0.288044
39 44 0.258477
39 17 0.293696
39 48 0.261647
39 29 0.282489
39 12 0.300267
39 7 0.304848
39 21 0.293654
39 39 0.277343
39 20 0.297972
39 8 0.308717
39 19 0.307375
39 28 0.301643
39 25 0.307018
39 23 0.312371
39 26 0.310650
39 31 0.307040
39 49 0.288901
39 16 0.327968
39 41 0.303782
39 24 0.322558
39 40 0.306803
39 43 0.305272
39 22 0.327744
39 18 0.332150
39 15 0.338804
39 46 0.309891
39 45 0.314233
39 37 0.323210
39 27 0.338254
39 38 0.327283
39 36 0.331302
39 34 0.336172
39 42 0.330004
39 35 0.338594
39 50 0.330377
39 47 0.349225
40 3 0.163406
40 5 0.165210
40 0 0.179501
40 4 0.183555
40 2 0.202629
40 6 0.212012
40 8 0.280418
40 11 0.278330
40 13 0.277193
40 14 0.276704
40 19 0.273314
40 1 0.287628
40 17 0.275972
40 30 0.262816
40 21 0.274207
40 9 0.287551
40 29 0.273434
40 32 0.271196
40 33 0.276114
40 7 0.300693
40 31 0.280084
40 12 0.315159
40 34 0.296964
40 18 0.314458
40 24 0.308994
40 22 0.313834
40 10 0.325002
40 16 0.321155
40 37 0.300152
40 44 0.301954
40 28 0.321563
40 15 0.334798
40 20 0.334859
40 25 0.330115
40 47 0.317298
40 43 0.324014
40 38 0.331100
40 26 0.343367
40 23 0.348009
40 36 0.335122
40 27 0.345567
40 49 0.327558
40 40 0.342046
40 46 0.338131
40 41 0.345367
40 35 0.353766
40 39 0.350987
40 42 0.351966
40 50 0.344486
40 45 0.349738
40 48 0.352868
41 3 0.177407
41 5 0.176504
41 1 0.205480
41 0 0.228767
41 2 0.232256
41 9 0.276492
41 6 0.313586
41 33 0.289040
41 12 0.327595
41 14 0.326377
41 8 0.331283
41 10 0.329908
41 4 0.337069
41 30 0.317037
41 28 0.319688
41 16 0.357804
41 19 0.361056
41 44 0.335027
41 34 0.348523
41 48 0.336105
41 20 0.369809
41 46 0.343068
41 39 0.353256
41 26 0.373744
41 13 0.390827
41 31 0.381646
41 11 0.402398
41 36 0.381059
41 42 0.374187
41 22 0.399638
41 24 0.401272
41 41 0.384494
41 15 0.413332
41 50 0.378701
41 25 0.413128
41 32 0.409489
41 18 0.429535
41 29 0.419245
41 21 0.430378
41 43 0.417625
41 37 0.428514
41 47 0.418885
41 7 0.479863
41 35 0.465252
41 49 0.448076
41 17 0.483716
41 45 0.453464
41 38 0.464417
41 40 0.463875
41 27 0.484558
41 23 0.490627
42 2 0.192157
42 0 0.199739
42 1 0.216202
42 3 0.218403
42 29 0.268550
42 5 0.307100
42 13 0.300887
42 33 0.304617
42 12 0.325083
42 11 0.326139
42 31 0.307091
42 9 0.328517
42 10 0.327958
42 21 0.318580
42 23 0.317376
42 28 0.313089
42 27 0.314959
42 44 0.305647
42 32 0.320793
42 7 0.344868
42 20 0.335445
42 34 0.322152
42 30 0.326621
42 14 0.342412
42 25 0.334463
42 4 0.353830
42 39 0.319741
42 8 0.351991
42 17 0.347710
42 19 0.348036
42 6 0.370026
42 42 0.335713
42 15 0.364838
42 37 0.346972
42 16 0.369923
42 18 0.371753
42 45 0.348221
42 48 0.345609
42 47 0.346600
42 43 0.356030
42 46 0.353076
42 41 0.360895
42 26 0.379105
42 49 0.353062
42 35 0.371906
42 24 0.389566
42 40 0.371711
42 36 0.381249
42 22 0.395808
42 38 0.384952
42 50 0.372990
43 3 0.213886
43 5 0.220696
43 1 0.229955
43 8 0.226808
43 2 0.241421
43 0 0.243725
43 4 0.256703
43 12 0.255798
43 10 0.262541
43 14 0.297670
43 44 0.260587
43 28 0.303095
43 13 0.345810
43 31 0.324285
43 30 0.337620
43 33 0.345516
43 32 0.349699
43 42 0.336615
43 6 0.409726
43 19 0.390179
43 11 0.409509
43 40 0.361264
43 46 0.363367
43 17 0.413747
43 41 0.379975
43 21 0.413382
43 29 0.407565
43 36 0.394392
43 7 0.442997
43 20 0.423534
43 50 0.374153
43 37 0.395217
43 38 0.401115
43 16 0.446976
43 39 0.407550
43 27 0.428688
43 24 0.434932
43 9 0.459416
43 48 0.400305
43 47 0.422575
43 34 0.451997
43 18 0.482898
43 45 0.442086
43 26 0.482129
43 35 0.462511
43 25 0.487055
43 22 0.490136
43 23 0.491714
43 43 0.464902
43 49 0.468313
43 15 0.528685
44 0 0.221519
44 8 0.251686
44 4 0.268695
44 9 0.328675
44 1 0.334932
44 13 0.325705
44 2 0.335080
44 30 0.310014
44 10 0.329639
44 44 0.291429
44 11 0.329260
44 5 0.351231
44 3 0.383766
44 33 0.356419
44 7 0.382020
44 14 0.389997
44 32 0.372068
44 31 0.373834
44 15 0.390604
44 40 0.374469
44 28 0.404503
44 36 0.396947
44 47 0.387184
44 37 0.409381
44 29 0.418358
44 20 0.432905
44 12 0.450011
44 26 0.442556
44 21 0.460985
44 42 0.440482
44 6 0.479915
44 18 0.475048
44 17 0.481779
44 25 0.478633
44 16 0.496553
44 24 0.489694
44 19 0.501269
44 23 0.501822
44 38 0.486812
44 35 0.495001
44 46 0.482553
44 48 0.480096
44 43 0.486902
44 41 0.493862
44 45 0.489660
44 22 0.537817
44 49 0.507310
44 50 0.508168
44 34 0.534796
44 39 0.550284
44 27 0.567796
45 9 0.151505
45 11 0.171648
45 3 0.281130
45 1 0.295930
45 10 0.182642
45 12 0.181367
45 0 0.307247
45 13 0.180667
45 8 0.209133
45 2 0.353777
45 14 0.214598
45 4 0.345167
45 5 0.371386
45 6 0.358738
45 7 0.325564
45 28 0.183414
45 16 0.324135
45 18 0.343130
45 15 0.383550
45 31 0.248729
45 32 0.271817
45 30 0.282547
45 26 0.316083
45 44 0.264138
45 25 0.329196
45 20 0.347268
45 24 0.349311
45 33 0.325869
45 23 0.356514
45 19 0.393683
45 21 0.372789
45 17 0.456528
45 29 0.361324
45 27 0.390249
45 22 0.400474
45 34 0.385615
45 46 0.357120
45 36 0.393835
45 43 0.380433
45 38 0.387977
45 40 0.387614
45 42 0.419747
45 35 0.451357
45 41 0.435245
45 37 0.447556
45 50 0.432679
45 49 0.434932
45 47 0.439534
45 48 0.440328
45 39 0.465879
45 45 0.476379
46 8 0.177870
46 1 0.256316
46 9 0.249966
46 2 0.317643
46 32 0.311320
46 7 0.348565
46 0 0.409497
46 33 0.366778
46 3 0.408310
46 6 0.404390
46 12 0.398186
46 11 0.399383
46 47 0.349386
46 5 0.410187
46 4 0.417217
46 31 0.381122
46 49 0.359340
46 29 0.389668
46 13 0.417686
46 44 0.377172
46 19 0.414398
46 38 0.391059
46 28 0.407298
46 15 0.435431
46 40 0.398998
46 14 0.439616
46 20 0.430609
46 30 0.419724
46 10 0.455914
46 26 0.438235
46 17 0.450187
46 41 0.417644
46 21 0.449694
46 18 0.454189
46 27 0.443813
46 37 0.432994
46 25 0.454862
46 50 0.444760
46 42 0.457091
46 35 0.481227
46 39 0.478585
46 46 0.480365
46 48 0.478425
46 23 0.524822
46 34 0.519051
46 16 0.556295
46 45 0.523248
46 24 0.553190
46 43 0.528193
46 22 0.565440
46 36 0.551742
47 4 0.254130
47 0 0.270391
47 8 0.270810
47 1 0.293199
47 2 0.292859
47 14 0.293589
47 3 0.314381
47 9 0.320599
47 31 0.306081
47 10 0.328506
47 13 0.333465
47 30 0.322144
47 44 0.311476
47 5 0.382879
47 7 0.382945
47 32 0.359386
47 12 0.380054
47 24 0.369128
47 28 0.366547
47 6 0.403050
47 22 0.401108
47 29 0.395286
47 23 0.408603
47 33 0.401046
47 25 0.410840
47 16 0.422025
47 26 0.419466
47 36 0.414264
47 15 0.448592
47 21 0.446508
47 11 0.459276
47 27 0.449923
47 20 0.463464
47 38 0.440718
47 43 0.436401
47 45 0.441812
47 48 0.443507
47 19 0.484183
47 40 0.463094
47 35 0.485782
47 41 0.481984
47 39 0.491377
47 49 0.483263
47 34 0.505404
47 42 0.503745
47 46 0.503986
47 18 0.550523
47 47 0.514514
47 50 0.513932
47 37 0.536170
47 17 0.565613
48 4 0.204457
48 3 0.258259
48 5 0.257513
48 9 0.273809
48 0 0.289831
48 8 0.293413
48 10 0.294553
48 28 0.283346
48 7 0.303513
48 44 0.269392
48 32 0.283778
48 33 0.299454
48 11 0.329989
48 30 0.346700
48 12 0.365455
48 1 0.379910
48 6 0.381947
48 31 0.363452
48 29 0.365607
48 14 0.380580
48 13 0.382250
48 2 0.399536
48 18 0.410437
48 17 0.412152
48 45 0.384920
48 34 0.400339
48 15 0.425479
48 25 0.418320
48 20 0.431181
48 23 0.436346
48 16 0.444088
48 42 0.418787
48 21 0.462163
48 36 0.458348
48 41 0.455146
48 50 0.449086
48 40 0.467180
48 24 0.484566
48 38 0.471546
48 27 0.484846
48 22 0.495862
48 35 0.483770
48 48 0.470386
48 46 0.475298
48 47 0.478781
48 43 0.484257
48 39 0.493779
48 49 0.483766
48 26 0.512937
48 37 0.501077
48 19 0.527082
49 8 0.222068
49 1 0.271245
49 2 0.287619
49 9 0.282549
49 0 0.304001
49 3 0.309427
49 12 0.307138
49 28 0.292284
49 29 0.298294
49 4 0.322214
49 14 0.348875
49 32 0.331266
49 10 0.360590
49 5 0.368273
49 31 0.351197
49 30 0.370912
49 11 0.395799
49 44 0.361891
49 13 0.404602
49 7 0.412028
49 33 0.393611
49 18 0.410769
49 15 0.427534
49 16 0.429813
49 47 0.404419
49 21 0.439833
49 19 0.445302
49 22 0.458742
49 25 0.460668
49 45 0.436035
49 36 0.451632
49 26 0.466426
49 20 0.481984
49 48 0.451924
49 6 0.498936
49 42 0.464885
49 40 0.470533
49 17 0.497873
49 38 0.480175
49 35 0.493686
49 27 0.508588
49 50 0.483399
49 24 0.515828
49 43 0.497234
49 46 0.497907
49 34 0.527126
49 23 0.548385
49 49 0.521101
49 39 0.534155
49 41 0.550000
49 37 0.561688
50 8 0.244314
50 4 0.257397
50 44 0.239377
50 31 0.259037
50 13 0.288051
50 2 0.298155
50 28 0.276702
50 0 0.302825
50 1 0.303158
50 12 0.304617
50 5 0.315305
50 33 0.292152
50 11 0.315193
50 14 0.322215
50 9 0.328055
50 3 0.335575
50 29 0.328834
50 30 0.329901
50 32 0.332765
50 10 0.355839
50 6 0.383820
50 7 0.394478
50 15 0.459655
50 26 0.456064
50 22 0.462350
50 16 0.468174
50 23 0.467613
50 49 0.444764
50 34 0.463729
50 45 0.455793
50 42 0.460951
50 35 0.470735
50 41 0.464366
50 17 0.491100
50 18 0.495623
50 21 0.492792
50 20 0.495599
50 27 0.488680
50 24 0.492625
50 36 0.481118
50 43 0.479990
50 46 0.481133
50 25 0.506541
50 47 0.485778
50 40 0.493717
50 50 0.482461
50 39 0.499049
50 19 0.521036
50 37 0.507608
50 48 0.504905
50 38 0.516125
51 5 0.235322
51 32 0.263615
51 14 0.289472
51 28 0.279045
51 12 0.295329
51 31 0.277692
51 9 0.308502
51 4 0.328731
51 11 0.324589
51 33 0.319220
51 10 0.341692
51 13 0.339900
51 8 0.359980
51 1 0.372588
51 3 0.371582
51 6 0.374291
51 29 0.370327
51 7 0.403268
51 30 0.382484
51 0 0.433908
51 44 0.391771
51 2 0.437657
51 16 0.467070
51 19 0.468673
51 24 0.464158
51 47 0.441733
51 42 0.458223
51 25 0.484863
51 23 0.489963
51 18 0.500043
51 15 0.503338
51 26 0.493289
51 40 0.490021
51 35 0.500678
51 21 0.517152
51 46 0.490105
51 43 0.496078
51 37 0.505527
51 34 0.512383
51 38 0.509780
51 36 0.522828
51 48 0.508517
51 45 0.512823
51 39 0.522456
51 27 0.542594
51 50 0.521883
51 17 0.563102
51 22 0.572000
51 49 0.551311
51 41 0.570940
51 20 0.598386
52 4 0.190429
52 1 0.215723
52 3 0.219716
52 0 0.230861
52 5 0.276498
52 11 0.292455
52 13 0.299003
52 33 0.303678
52 7 0.346850
52 29 0.345119
52 8 0.373789
52 9 0.374884
52 28 0.365719
52 31 0.364004
52 14 0.385902
52 32 0.369461
52 45 0.389216
52 23 0.420754
52 2 0.449527
52 15 0.448204
52 10 0.455069
52 30 0.434550
52 12 0.454061
52 42 0.425613
52 25 0.448308
52 36 0.437884
52 6 0.472110
52 17 0.462064
52 27 0.453439
52 41 0.436263
52 34 0.447842
52 26 0.461664
52 50 0.440667
52 49 0.450833
52 44 0.457054
52 16 0.495146
52 39 0.469178
52 47 0.471466
52 35 0.500187
52 46 0.484111
52 24 0.523536
52 19 0.533589
52 38 0.517932
52 18 0.545847
52 21 0.544182
52 22 0.544197
52 40 0.538290
52 20 0.575608
52 37 0.560892
52 48 0.550797
52 43 0.601933
53 10 0.266652
53 13 0.291395
53 9 0.305347
53 5 0.316081
53 32 0.297119
53 44 0.288080
53 0 0.332039
53 2 0.342833
53 12 0.335892
53 3 0.364562
53 1 0.389511
53 30 0.376521
53 14 0.402357
53 11 0.420453
53 29 0.407406
53 33 0.408631
53 28 0.414093
53 8 0.431691
53 31 0.412491
53 18 0.434629
53 42 0.418189
53 4 0.467847
53 17 0.462001
53 15 0.466709
53 7 0.482044
53 22 0.470544
53 41 0.457443
53 37 0.466450
53 16 0.491127
53 21 0.495568
53 6 0.510110
53 45 0.474970
53 49 0.480377
53 46 0.489038
53 24 0.514354
53 47 0.492422
53 27 0.530572
53 19 0.547720
53 39 0.528323
53 35 0.535007
53 25 0.548511
53 40 0.532974
53 20 0.557466
53 36 0.542974
53 50 0.529712
53 34 0.554903
53 38 0.550727
53 48 0.541396
53 26 0.571233
53 43 0.559430
53 23 0.595643
54 8 0.311071
54 9 0.310804
54 12 0.308509
54 3 0.316068
54 1 0.322783
54 44 0.289414
54 29 0.322024
54 5 0.344723
54 30 0.321688
54 2 0.350074
54 14 0.340676
54 31 0.339818
54 4 0.366862
54 11 0.390038
54 10 0.392109
54 13 0.397098
54 32 0.380248
54 33 0.383266
54 6 0.412397
54 28 0.401114
54 46 0.390563
54 15 0.440229
54 19 0.454133
54 0 0.477790
54 34 0.459306
54 25 0.473875
54 24 0.478046
54 18 0.496591
54 39 0.477987
54 23 0.500774
54 50 0.473158
54 42 0.483933
54 20 0.514740
54 35 0.499169
54 47 0.488171
54 7 0.534987
54 37 0.504611
54 40 0.504701
54 48 0.499093
54 38 0.511322
54 16 0.542692
54 43 0.515732
54 26 0.537642
54 17 0.549130
54 22 0.549257
54 36 0.545782
54 41 0.544972
54 27 0.572229
54 21 0.582173
54 45 0.562972
54 49 0.565862
55 14 0.285057
55 32 0.277819
55 13 0.300176
55 8 0.305187
55 1 0.313363
55 10 0.310195
55 11 0.311382
55 2 0.321500
55 12 0.316816
55 5 0.356368
55 33 0.361555
55 31 0.366691
55 16 0.415801
55 35 0.407528
55 44 0.398067
55 29 0.415398
55 9 0.435443
55 30 0.415720
55 4 0.442662
55 0 0.445771
55 6 0.455014
55 17 0.448018
55 38 0.428012
55 7 0.459958
55 25 0.455390
55 20 0.460834
55 3 0.477411
55 28 0.455884
55 24 0.465428
55 36 0.458409
55 43 0.459891
55 37 0.479945
55 27 0.491087
55 18 0.502092
55 47 0.480461
55 23 0.510629
55 22 0.521811
55 50 0.497333
55 45 0.518732
55 34 0.542046
55 49 0.532711
55 15 0.571778
55 42 0.545277
55 26 0.565021
55 48 0.544661
55 40 0.554690
55 41 0.557814
55 39 0.562405
55 46 0.554490
55 19 0.599409
55 21 0.612592
56 5 0.228058
56 9 0.283842
56 10 0.283383
56 8 0.285287
56 31 0.293185
56 44 0.302730
56 0 0.345665
56 13 0.336033
56 1 0.349157
56 12 0.343813
56 3 0.351315
56 29 0.328073
56 14 0.344287
56 2 0.355732
56 30 0.344335
56 20 0.355224
56 11 0.364035
56 4 0.372334
56 25 0.355338
56 33 0.350916
56 24 0.366744
56 28 0.363101
56 32 0.359334
56 17 0.380219
56 26 0.412798
56 22 0.422292
56 27 0.418003
56 15 0.434498
56 34 0.422269
56 46 0.418308
56 6 0.458826
56 42 0.435386
56 19 0.465623
56 35 0.448086
56 7 0.478386
56 16 0.472593
56 38 0.456764
56 23 0.478129
56 37 0.468839
56 21 0.490979
56 18 0.499617
56 41 0.478702
56 49 0.469497
56 39 0.492324
56 43 0.490267
56 40 0.495451
56 50 0.488087
56 36 0.510954
56 47 0.502376
56 48 0.520387
56 45 0.524430
57 8 0.277279
57 12 0.279024
57 11 0.288912
57 10 0.296854
57 32 0.303240
57 3 0.381051
57 13 0.383713
57 0 0.403191
57 2 0.429372
57 44 0.367491
57 14 0.427810
57 30 0.408331
57 1 0.446118
57 6 0.462732
57 4 0.465267
57 28 0.442761
57 7 0.479336
57 16 0.476469
57 15 0.489317
57 18 0.484720
57 5 0.539191
57 9 0.563375
57 29 0.539397
57 31 0.549600
57 24 0.580058
57 33 0.563074
57 27 0.589189
57 45 0.558233
57 25 0.616465
57 34 0.603064
57 40 0.595302
57 42 0.594020
57 22 0.641883
57 50 0.568380
57 26 0.642333
57 48 0.608215
57 47 0.624382
57 46 0.634081
57 23 0.687560
57 43 0.648485
57 38 0.667364
57 36 0.677834
57 39 0.677405
57 20 0.730816
57 17 0.744299
57 41 0.739072
57 21 0.781914
57 19 0.791982
57 35 0.782249
57 37 0.781289
57 49 0.749063
58 9 0.201743
58 8 0.217634
58 10 0.238531
58 11 0.241960
58 3 0.298225
58 12 0.252801
58 13 0.225677
58 2 0.372474
58 1 0.388011
58 14 0.269597
58 0 0.405676
58 5 0.393293
58 4 0.400938
58 7 0.431436
58 29 0.228483
58 6 0.518424
58 28 0.242745
58 16 0.385127
58 30 0.287046
58 31 0.284938
58 18 0.385628
58 15 0.474615
58 32 0.333089
58 33 0.323106
58 17 0.513235
58 44 0.345013
58 21 0.509197
58 19 0.538568
58 23 0.513653
58 24 0.507450
58 27 0.529717
58 25 0.539564
58 20 0.593568
58 26 0.549270
58 35 0.511374
58 22 0.594294
58 43 0.475654
58 34 0.578175
58 37 0.558208
58 36 0.571520
58 40 0.552804
58 38 0.583747
58 45 0.546221
58 46 0.548839
58 41 0.567863
58 39 0.589025
58 47 0.566712
58 50 0.552934
58 48 0.568546
58 49 0.564599
58 42 0.625946
59 9 0.279842
59 10 0.288638
59 1 0.321537
59 8 0.311899
59 11 0.296440
59 13 0.301936
59 0 0.374034
59 3 0.375129
59 12 0.357487
59 5 0.392950
59 16 0.343682
59 2 0.407601
59 17 0.368072
59 4 0.430459
59 14 0.399475
59 7 0.459495
59 6 0.647834
59 32 0.265695
59 18 0.589515
59 28 0.290673
59 29 0.286100
59 30 0.285578
59 33 0.272901
59 15 0.607203
59 20 0.401347
59 31 0.368739
59 19 0.571271
59 25 0.425097
59 44 0.369599
59 22 0.496323
59 41 0.422472
59 26 0.496102
59 23 0.517213
59 34 0.462337
59 21 0.536063
59 27 0.536889
59 43 0.483912
59 38 0.506090
59 37 0.509977
59 24 0.579036
59 35 0.521880
59 39 0.528317
59 49 0.511438
59 40 0.555804
59 45 0.555831
59 42 0.564721
59 47 0.561596
59 36 0.585220
59 46 0.566989
59 48 0.573331
59 50 0.576171
60 8 0.168521
60 9 0.176273
60 11 0.233302
60 10 0.255335
60 5 0.342054
60 3 0.362384
60 14 0.220938
60 0 0.412002
60 12 0.299680
60 1 0.426954
60 13 0.298572
60 7 0.432622
60 2 0.500454
60 6 0.504851
60 29 0.212822
60 4 0.576108
60 28 0.252259
60 31 0.251621
60 15 0.461531
60 30 0.291849
60 17 0.486370
60 23 0.378993
60 32 0.330744
60 18 0.484788
60 33 0.342194
60 44 0.315566
60 19 0.513216
60 20 0.483669
60 21 0.526115
60 27 0.464692
60 48 0.361369
60 35 0.420235
60 39 0.414343
60 22 0.506840
60 45 0.395631
60 16 0.674530
60 36 0.469328
60 25 0.547271
60 26 0.581744
60 34 0.541979
60 43 0.550355
60 24 0.642186
60 41 0.561229
60 46 0.530238
60 40 0.566907
60 47 0.526729
60 37 0.577341
60 42 0.576869
60 49 0.582953
60 50 0.583676
60 38 0.655323
61 10 0.238403
61 8 0.263108
61 9 0.304684
61 11 0.303564
61 13 0.344108
61 12 0.347104
61 14 0.387463
61 6 0.440697
61 5 0.444041
61 3 0.462314
61 0 0.470829
61 1 0.471651
61 2 0.478490
61 4 0.485140
61 7 0.511881
61 28 0.470006
61 30 0.486741
61 33 0.501045
61 32 0.537425
61 18 0.585091
61 44 0.436736
61 20 0.659098
61 16 0.679431
61 15 0.695958
61 19 0.688152
61 24 0.671923
61 26 0.683718
61 31 0.671565
61 17 0.736448
61 29 0.691242
61 35 0.711082
61 40 0.688957
61 27 0.759833
61 23 0.795247
61 36 0.754397
61 38 0.750870
61 45 0.614580
61 22 0.825814
61 48 0.572452
61 46 0.613398
61 21 0.834219
61 42 0.749138
61 25 0.855477
61 39 0.800947
61 47 0.662197
61 43 0.763957
61 34 0.863280
61 41 0.835554
61 37 0.895510
61 50 0.592831
61 49 0.700066
62 5 0.205216
62 13 0.239527
62 10 0.262548
62 3 0.294846
62 8 0.285051
62 0 0.298577
62 1 0.298307
62 12 0.262923
62 11 0.281145
62 2 0.338610
62 7 0.337467
62 4 0.345989
62 9 0.327790
62 14 0.324095
62 16 0.445602
62 20 0.395802
62 19 0.447692
62 15 0.490373
62 31 0.229342
62 6 0.549881
62 18 0.510861
62 28 0.267962
62 30 0.275051
62 17 0.540061
62 21 0.448421
62 44 0.289002
62 32 0.333708
62 29 0.335485
62 25 0.452847
62 33 0.389682
62 22 0.495484
62 23 0.485435
62 45 0.375812
62 35 0.436421
62 27 0.495321
62 40 0.487160
62 24 0.576670
62 39 0.493184
62 26 0.542084
62 36 0.513007
62 48 0.473442
62 41 0.502062
62 34 0.532892
62 38 0.532077
62 43 0.502792
62 46 0.514996
62 37 0.554517
62 47 0.519783
62 42 0.547336
62 49 0.550031
62 50 0.562866
63 2 0.320673
63 9 0.188258
63 8 0.202607
63 10 0.204881
63 1 0.399626
63 4 0.403555
63 13 0.235768
63 11 0.256182
63 12 0.254203
63 5 0.421513
63 14 0.276366
63 0 0.465493
63 3 0.455267
63 6 0.454750
63 7 0.373347
63 16 0.422911
63 28 0.211302
63 18 0.436250
63 29 0.257005
63 31 0.285736
63 33 0.315247
63 30 0.328248
63 22 0.461375
63 20 0.527026
63 24 0.442052
63 15 0.621668
63 44 0.320611
63 32 0.373239
63 26 0.441681
63 17 0.634225
63 34 0.387713
63 23 0.478035
63 27 0.455323
63 21 0.610837
63 19 0.752803
63 25 0.597203
63 35 0.506502
63 43 0.484026
63 36 0.516990
63 42 0.513363
63 48 0.483022
63 47 0.510718
63 38 0.544069
63 41 0.553044
63 50 0.502863
63 40 0.556122
63 39 0.557695
63 37 0.597944
63 49 0.569817
63 45 0.596207
63 46 0.588718
64 11 0.223124
64 9 0.229359
64 10 0.276598
64 12 0.270351
64 3 0.342519
64 5 0.342449
64 13 0.321393
64 1 0.367102
64 8 0.350552
64 14 0.329441
64 4 0.409525
64 0 0.427431
64 6 0.518250
64 7 0.528763
64 2 0.599598
64 31 0.267508
64 22 0.530258
64 17 0.564357
64 28 0.317789
64 21 0.570131
64 15 0.623156
64 29 0.357635
64 19 0.616240
64 16 0.630203
64 30 0.362892
64 32 0.333895
64 33 0.397037
64 44 0.360897
64 24 0.545474
64 20 0.691452
64 18 0.730461
64 26 0.530450
64 27 0.527164
64 25 0.630250
64 36 0.491426
64 45 0.477012
64 40 0.497688
64 38 0.531141
64 43 0.536340
64 34 0.584120
64 35 0.588583
64 47 0.548514
64 42 0.572585
64 23 0.832537
64 39 0.587549
64 41 0.595299
64 46 0.583119
64 50 0.566408
64 48 0.577454
64 49 0.592738
64 37 0.664314
65 8 0.210672
65 9 0.229898
65 3 0.271646
65 10 0.195396
65 12 0.190524
65 11 0.208170
65 1 0.334089
65 13 0.225702
65 5 0.336559
65 14 0.241994
65 0 0.371330
65 7 0.356937
65 2 0.470742
65 6 0.472112
65 16 0.382499
65 29 0.273340
65 4 0.552163
65 31 0.295770
65 23 0.338099
65 30 0.324711
65 25 0.334139
65 15 0.465285
65 26 0.367906
65 32 0.380118
65 22 0.412813
65 27 0.402808
65 18 0.447821
65 20 0.436331
65 28 0.417862
65 33 0.411346
65 17 0.491843
65 50 0.389863
65 44 0.411790
65 35 0.455075
65 47 0.414550
65 19 0.527779
65 43 0.441971
65 21 0.514632
65 39 0.470517
65 45 0.457197
65 42 0.465189
65 41 0.485157
65 36 0.516228
65 24 0.551722
65 46 0.484831
65 38 0.516062
65 48 0.490298
65 49 0.489641
65 37 0.546106
65 34 0.577259
65 40 0.578220
66 0 0.214526
66 8 0.254877
66 1 0.305829
66 11 0.302737
66 13 0.301593
66 10 0.378892
66 4 0.383720
66 33 0.355699
66 14 0.400879
66 2 0.416234
66 44 0.373704
66 32 0.390295
66 31 0.397860
66 3 0.455286
66 18 0.445007
66 6 0.457708
66 12 0.454530
66 30 0.438463
66 7 0.475139
66 28 0.479513
66 9 0.501099
66 19 0.493981
66 29 0.484334
66 36 0.473972
66 20 0.501498
66 35 0.502078
66 26 0.537844
66 15 0.558024
66 22 0.557418
66 5 0.571474
66 24 0.560180
66 25 0.564331
66 50 0.537396
66 37 0.557605
66 17 0.590280
66 41 0.561361
66 16 0.593675
66 45 0.562936
66 46 0.653234
66 27 0.680139
66 40 0.662531
66 38 0.665456
66 43 0.660241
66 39 0.665715
66 21 0.689115
66 48 0.656290
66 42 0.662517
66 49 0.656071
66 34 0.674466
66 23 0.693062
66 47 0.665466
67 8 0.202400
67 9 0.270459
67 10 0.260587
67 3 0.374117
67 5 0.375793
67 11 0.291449
67 1 0.437723
67 0 0.462389
67 4 0.490462
67 2 0.531592
67 7 0.461318
67 12 0.314555
67 6 0.543913
67 14 0.291816
67 13 0.295263
67 32 0.307588
67 30 0.311237
67 28 0.318552
67 31 0.389674
67 29 0.407190
67 18 0.496895
67 21 0.490742
67 44 0.334559
67 15 0.528306
67 17 0.527467
67 16 0.547300
67 19 0.623201
67 20 0.627107
67 33 0.563996
67 24 0.602440
67 22 0.641546
67 26 0.617751
67 36 0.606997
67 41 0.566765
67 40 0.582602
67 23 0.686887
67 49 0.501781
67 34 0.668867
67 25 0.698090
67 39 0.614764
67 48 0.542616
67 43 0.659067
67 37 0.695900
67 46 0.593778
67 27 0.793884
67 35 0.766707
67 42 0.702882
67 45 0.680617
67 47 0.628652
67 50 0.599844
67 38 0.754024
68 10 0.318603
68 11 0.361503
68 13 0.375881
68 1 0.444316
68 3 0.467602
68 12 0.478838
68 19 0.479145
68 21 0.484764
68 33 0.457086
68 9 0.514354
68 20 0.509151
68 7 0.536772
68 8 0.538437
68 5 0.552885
68 4 0.561988
68 6 0.564889
68 29 0.525816
68 17 0.561163
68 35 0.529925
68 15 0.601213
68 0 0.617456
68 31 0.569766
68 24 0.591773
68 32 0.594097
68 44 0.556071
68 2 0.660137
68 23 0.649002
68 22 0.667375
68 27 0.660459
68 14 0.712186
68 25 0.685885
68 30 0.693007
68 28 0.708345
68 50 0.633728
68 34 0.706939
68 42 0.688176
68 37 0.725518
68 18 0.771686
68 40 0.713200
68 45 0.708210
68 26 0.779657
68 41 0.748017
68 47 0.734731
68 46 0.748472
68 49 0.739092
68 16 0.847865
68 43 0.783471
68 36 0.812747
68 48 0.807169
68 39 0.868206
68 38 0.889822
69 10 0.256609
69 8 0.269662
69 14 0.293871
69 4 0.328133
69 7 0.324279
69 9 0.322119
69 13 0.355024
69 12 0.358751
69 1 0.424890
69 0 0.438251
69 3 0.450855
69 5 0.468578
69 28 0.417467
69 2 0.533529
69 17 0.522568
69 30 0.482168
69 32 0.519803
69 6 0.614041
69 18 0.597241
69 15 0.610912
69 29 0.569436
69 11 0.647569
69 20 0.622971
69 44 0.557381
69 26 0.631064
69 24 0.643154
69 16 0.710702
69 38 0.645307
69 22 0.690340
69 40 0.651918
69 33 0.691908
69 48 0.509148
69 31 0.704357
69 45 0.656301
69 37 0.725741
69 21 0.779258
69 25 0.780172
69 42 0.755577
69 39 0.764906
69 34 0.775850
69 19 0.834295
69 36 0.787658
69 35 0.795894
69 23 0.832721
69 50 0.580864
69 41 0.793568
69 49 0.617921
69 27 0.824391
69 46 0.704908
69 47 0.648851
69 43 0.868578
70 8 0.277602
70 9 0.298366
70 13 0.301668
70 10 0.317307
70 3 0.462703
70 14 0.332522
70 11 0.353109
70 2 0.485543
70 4 0.471417
70 1 0.496246
70 12 0.358888
70 0 0.500278
70 5 0.471015
70 6 0.476397
70 7 0.456430
70 28 0.385944
70 29 0.441768
70 31 0.437509
70 32 0.342573
70 33 0.333709
70 30 0.536995
70 16 0.696613
70 17 0.721514
70 36 0.437738
70 19 0.717240
70 21 0.691519
70 25 0.672331
70 44 0.391994
70 27 0.692303
70 24 0.706089
70 18 0.789973
70 15 0.800816
70 23 0.755746
70 26 0.748659
70 20 0.793297
70 22 0.804564
70 35 0.596309
70 45 0.494033
70 34 0.625660
70 38 0.562090
70 39 0.572071
70 40 0.574507
70 47 0.560825
70 50 0.546340
70 43 0.586611
70 46 0.583652
70 37 0.614755
70 49 0.591425
70 42 0.634144
70 48 0.631625
70 41 0.679336
71 8 0.243290
71 9 0.322638
71 10 0.301431
71 2 0.503702
71 0 0.517274
71 3 0.551902
71 14 0.291173
71 1 0.582150
71 5 0.572615
71 12 0.325989
71 13 0.351988
71 11 0.389514
71 7 0.643599
71 4 0.671924
71 6 0.754066
71 28 0.253356
71 29 0.236792
71 30 0.248838
71 32 0.272486
71 16 0.529240
71 20 0.474329
71 15 0.580815
71 31 0.390316
71 21 0.519621
71 18 0.628523
71 44 0.277612
71 17 0.686750
71 33 0.460463
71 26 0.543315
71 22 0.598025
71 24 0.575265
71 38 0.453699
71 19 0.703219
71 25 0.590208
71 23 0.632097
71 27 0.589796
71 35 0.529989
71 34 0.542533
71 40 0.494493
71 47 0.396720
71 37 0.578089
71 43 0.494221
71 36 0.594752
71 39 0.576671
71 42 0.508920
71 46 0.479308
71 41 0.604152
71 48 0.482287
71 50 0.476085
71 45 0.523526
71 49 0.553960
72 3 0.289092
72 5 0.328071
72 8 0.333024
72 11 0.346495
72 1 0.369041
72 0 0.392459
72 28 0.379176
72 2 0.436222
72 9 0.460224
72 10 0.467213
72 7 0.472228
72 20 0.477434
72 32 0.467250
72 33 0.487352
72 29 0.498872
72 6 0.535439
72 12 0.567098
72 14 0.584596
72 45 0.565761
72 17 0.610581
72 13 0.614285
72 31 0.584427
72 24 0.596245
72 37 0.618626
72 25 0.632155
72 19 0.659757
72 44 0.621921
72 30 0.638883
72 42 0.637408
72 23 0.661685
72 41 0.650458
72 4 0.725920
72 48 0.667323
72 15 0.721108
72 35 0.687580
72 47 0.685716
72 27 0.722906
72 49 0.703834
72 22 0.749771
72 38 0.737998
72 34 0.752707
72 39 0.753163
72 36 0.757701
72 26 0.773130
72 40 0.770011
72 18 0.810532
72 21 0.810195
72 43 0.778008
72 50 0.770464
72 16 0.826382
72 46 0.803794
73 12 0.420125
73 30 0.403198
73 0 0.455136
73 28 0.411044
73 8 0.490439
73 10 0.489044
73 2 0.506261
73 13 0.485527
73 33 0.529640
73 14 0.563054
73 44 0.535041
73 9 0.591671
73 5 0.601276
73 6 0.619655
73 4 0.627831
73 11 0.638681
73 31 0.609496
73 48 0.617421
73 29 0.650777
73 42 0.648601
73 43 0.655177
73 50 0.643798
73 26 0.680006
73 32 0.682534
73 1 0.736951
73 36 0.681984
73 17 0.736894
73 7 0.757390
73 34 0.727635
73 25 0.751610
73 49 0.722671
73 3 0.809387
73 22 0.785822
73 41 0.767367
73 45 0.765192
73 16 0.835786
73 37 0.845593
73 18 0.884402
73 23 0.888651
73 40 0.870108
73 27 0.897628
73 35 0.892367
73 39 0.888283
73 21 0.919451
73 20 0.942170
73 24 0.942610
73 46 0.912002
73 47 0.913987
73 38 0.935653
73 15 0.995060
73 19 0.992411
74 8 0.239728
74 9 0.292518
74 12 0.264447
74 10 0.295215
74 11 0.335263
74 13 0.340104
74 2 0.474393
74 14 0.438814
74 3 0.500553
74 7 0.495329
74 5 0.500551
74 4 0.507309
74 16 0.408222
74 6 0.592674
74 1 0.597700
74 0 0.614378
74 15 0.534246
74 33 0.228785
74 29 0.330738
74 18 0.450687
74 31 0.341186
74 28 0.367581
74 30 0.373736
74 32 0.373588
74 19 0.549001
74 17 0.583498
74 22 0.520583
74 26 0.517531
74 27 0.516188
74 21 0.553699
74 25 0.530456
74 44 0.276822
74 37 0.396387
74 20 0.628251
74 23 0.600072
74 34 0.513100
74 38 0.440928
74 42 0.436964
74 43 0.351902
74 46 0.389509
74 24 0.677788
74 39 0.515513
74 50 0.355938
74 47 0.430067
74 40 0.548801
74 35 0.633839
74 36 0.617170
74 48 0.476625
74 45 0.545865
74 41 0.658349
74 49 0.578259
75 13 0.286444
75 10 0.347823
75 12 0.366822
75 8 0.382154
75 14 0.382716
75 29 0.407890
75 32 0.404219
75 9 0.454954
75 1 0.538705
75 28 0.497882
75 30 0.497415
75 44 0.471942
75 0 0.580673
75 3 0.605803
75 33 0.565756
75 5 0.637434
75 2 0.654039
75 31 0.610852
75 6 0.689297
75 40 0.695440
75 11 0.773677
75 46 0.710498
75 41 0.737988
75 7 0.821329
75 45 0.757641
75 49 0.771210
75 18 0.869220
75 34 0.862709
75 19 0.897574
75 23 0.895424
75 17 0.948307
75 16 0.959247
75 4 1.005268
75 20 0.978177
75 21 0.977414
75 24 0.976104
75 36 0.956239
75 26 0.973771
75 39 0.955327
75 35 0.967849
75 42 0.957352
75 48 0.966777
75 38 0.991000
75 25 1.022977
75 37 1.011235
75 43 1.012556
75 15 1.081278
75 47 1.019961
75 50 1.013227
75 27 1.078339
75 22 1.101901
76 8 0.305450
76 11 0.437878
76 9 0.449286
76 13 0.472882
76 10 0.537410
76 1 0.562532
76 3 0.583566
76 5 0.629461
76 12 0.615358
76 7 0.639680
76 28 0.636089
76 30 0.631268
76 4 0.693605
76 29 0.662860
76 33 0.714619
76 14 0.750946
76 2 0.786663
76 6 0.792585
76 0 0.821646
76 32 0.811393
76 44 0.779536
76 31 0.875743
76 15 0.956181
76 17 1.070534
76 26 1.076298
76 34 1.085580
76 47 1.047307
76 19 1.128666
76 25 1.123922
76 18 1.138183
76 35 1.094336
76 21 1.146950
76 22 1.148076
76 36 1.107391
76 45 1.122276
76 24 1.191730
76 43 1.155124
76 40 1.170207
76 50 1.155429
76 37 1.203063
76 38 1.207255
76 39 1.209726
76 23 1.264550
76 42 1.225199
76 46 1.250218
76 16 1.326555
76 27 1.327283
76 41 1.306697
76 49 1.288355
76 20 1.383906
76 48 1.335594
77 8 0.410959
77 10 0.431174
77 11 0.465408
77 12 0.496630
77 30 0.511679
77 31 0.528979
77 44 0.546440
77 5 0.655218
77 45 0.614537
77 1 0.662695
77 42 0.638575
77 0 0.693878
77 33 0.692873
77 14 0.717638
77 27 0.705836
77 9 0.730674
77 28 0.747528
77 2 0.784526
77 36 0.753777
77 32 0.758351
77 29 0.770868
77 13 0.797435
77 21 0.797677
77 40 0.778139
77 46 0.777194
77 16 0.817200
77 7 0.871040
77 48 0.830003
77 4 0.885078
77 41 0.869337
77 50 0.861811
77 6 0.922605
77 37 0.892188
77 3 0.960901
77 35 0.927650
77 39 0.927370
77 20 0.960162
77 38 0.943104
77 17 0.999444
77 24 0.997078
77 49 0.963903
77 47 0.986308
77 26 1.035965
77 23 1.053444
77 19 1.090205
77 25 1.105286
77 34 1.095200
77 18 1.116244
77 43 1.087036
77 15 1.124628
77 22 1.173622
78 9 0.298297
78 10 0.409927
78 3 0.415856
78 11 0.459620
78 44 0.448212
78 1 0.500106
78 29 0.526962
78 5 0.585933
78 31 0.563198
78 6 0.654429
78 13 0.698434
78 46 0.685574
78 4 0.739227
78 17 0.733496
78 8 0.772492
78 22 0.773585
78 0 0.808922
78 28 0.798143
78 27 0.799591
78 2 0.821572
78 14 0.813440
78 24 0.813558
78 37 0.798370
78 40 0.796053
78 32 0.805453
78 34 0.808929
78 20 0.827248
78 12 0.844443
78 26 0.851541
78 7 0.878852
78 30 0.879852
78 45 0.879465
78 25 0.934398
78 33 0.929905
78 39 0.924876
78 21 0.973524
78 48 0.956531
78 19 1.033478
78 41 1.015978
78 16 1.043380
78 35 1.037878
78 42 1.039951
78 47 1.043353
78 23 1.092710
78 15 1.127629
78 36 1.113936
78 18 1.176275
78 43 1.161135
78 50 1.209500
78 49 1.230352
78 38 1.251200
79 8 0.268650
79 10 0.312789
79 9 0.337435
79 11 0.335786
79 12 0.361961
79 14 0.325796
79 6 0.550577
79 13 0.420459
79 3 0.646775
79 1 0.691313
79 4 0.730773
79 0 0.753060
79 2 0.761301
79 7 0.656244
79 5 0.763973
79 28 0.340491
79 31 0.311445
79 30 0.361299
79 24 0.478304
79 32 0.357704
79 29 0.413996
79 22 0.556002
79 15 0.753033
79 16 0.704399
79 33 0.452340
79 27 0.584150
79 17 0.754176
79 20 0.693617
79 44 0.397705
79 18 0.772620
79 21 0.742988
79 25 0.711005
79 34 0.567138
79 19 0.826350
79 26 0.715236
79 23 0.747145
79 40 0.566279
79 36 0.632432
79 38 0.629282
79 35 0.681634
79 47 0.604306
79 43 0.671711
79 45 0.645821
79 37 0.724416
79 42 0.694586
79 41 0.711741
79 39 0.742334
79 46 0.688703
79 49 0.684291
79 50 0.686615
79 48 0.696045
80 9 0.400864
80 10 0.423264
80 33 0.441216
80 32 0.528448
80 44 0.531805
80 31 0.597331
80 12 0.655824
80 14 0.693159
80 13 0.733404
80 28 0.734242
80 5 0.756824
80 4 0.758150
80 1 0.779035
80 29 0.763159
80 43 0.745182
80 11 0.796403
80 8 0.799573
80 7 0.801244
80 18 0.803980
80 25 0.796277
80 17 0.830198
80 30 0.866007
80 2 0.903395
80 48 0.965013
80 3 1.016157
80 37 0.981905
80 0 1.021751
80 16 1.039972
80 23 1.062890
80 45 1.063313
80 39 1.090660
80 26 1.114951
80 42 1.102118
80 19 1.157489
80 27 1.156639
80 15 1.170240
80 47 1.146461
80 21 1.205386
80 35 1.200099
80 49 1.189280
80 50 1.194004
80 24 1.255781
80 40 1.243235
80 38 1.245467
80 41 1.259470
80 22 1.297686
80 36 1.288052
80 20 1.314948
80 34 1.316778
80 46 1.298914
80 6 1.351584
81 9 0.368126
81 8 0.386902
81 13 0.388092
81 3 0.422820
81 14 0.422856
81 12 0.475954
81 10 0.547780
81 0 0.559321
81 1 0.605001
81 28 0.549921
81 44 0.533752
81 31 0.602973
81 4 0.693277
81 32 0.651617
81 5 0.713424
81 2 0.738108
81 30 0.701922
81 11 0.755279
81 29 0.760275
81 6 0.827612
81 16 0.843900
81 20 0.868616
81 38 0.832334
81 33 0.859429
81 7 0.946382
81 35 0.900279
81 42 0.882032
81 19 0.947755
81 40 0.924111
81 18 0.997134
81 50 0.959185
81 17 1.076005
81 23 1.062996
81 36 1.052475
81 24 1.106911
81 47 1.034704
81 37 1.092206
81 22 1.132927
81 34 1.103843
81 43 1.083479
81 39 1.109299
81 26 1.145542
81 25 1.153216
81 46 1.074253
81 15 1.193705
81 45 1.101220
81 27 1.189521
81 21 1.210463
81 49 1.155701
81 41 1.225244
81 48 1.274939
82 10 0.287804
82 0 0.508112
82 13 0.467717
82 11 0.470794
82 9 0.474315
82 14 0.487105
82 1 0.570147
82 8 0.553415
82 3 0.640033
82 7 0.684431
82 2 0.728354
82 12 0.731503
82 32 0.633885
82 21 0.731958
82 28 0.719454
82 29 0.716020
82 22 0.735598
82 4 0.785254
82 31 0.693889
82 30 0.726313
82 5 0.818761
82 27 0.778992
82 33 0.708657
82 19 0.853500
82 23 0.867912
82 6 0.901675
82 24 0.890370
82 25 0.899605
82 18 0.927147
82 15 0.959142
82 44 0.412891
82 34 0.961549
82 16 1.116261
82 20 1.116992
82 40 0.684809
82 17 1.160844
82 26 1.160826
82 35 0.918655
82 38 0.738066
82 47 0.614220
82 36 0.949381
82 45 0.642507
82 43 0.754831
82 37 0.893812
82 50 0.723561
82 42 0.789128
82 39 0.906547
82 48 0.773643
82 41 0.816175
82 49 0.781932
82 46 0.819403
83 8 0.355838
83 9 0.355613
83 10 0.442081
83 3 0.468175
83 13 0.476202
83 5 0.487246
83 12 0.527577
83 0 0.570422
83 14 0.550685
83 2 0.570045
83 1 0.584523
83 7 0.578831
83 11 0.576451
83 30 0.535916
83 4 0.622055
83 28 0.584241
83 29 0.701734
83 6 0.763335
83 31 0.714784
83 20 0.742593
83 44 0.755804
83 26 0.791626
83 18 0.807672
83 33 0.785688
83 16 0.828178
83 19 0.869158
83 32 0.862022
83 15 0.911894
83 24 0.917637
83 22 0.939181
83 17 0.988520
83 27 0.974158
83 41 0.976017
83 21 1.016517
83 42 0.986606
83 23 1.018333
83 25 1.021296
83 43 0.998174
83 39 1.009434
83 36 1.022387
83 48 1.061639
83 49 1.065276
83 45 1.070844
83 34 1.101511
83 40 1.119169
83 50 1.115107
83 46 1.132640
83 35 1.170538
83 47 1.173034
83 38 1.191401
83 37 1.226660
84 10 0.442502
84 11 0.461208
84 14 0.458783
84 9 0.494306
84 29 0.491807
84 31 0.563808
84 28 0.636273
84 44 0.627036
84 13 0.685855
84 1 0.702887
84 33 0.702020
84 32 0.726146
84 23 0.769794
84 47 0.763753
84 5 0.821665
84 12 0.816831
84 27 0.808487
84 8 0.837574
84 26 0.828535
84 45 0.814776
84 39 0.824781
84 22 0.851490
84 19 0.868403
84 30 0.860724
84 3 0.891427
84 48 0.853396
84 41 0.861640
84 43 0.868265
84 34 0.883377
84 24 0.902153
84 15 0.923850
84 25 0.920826
84 50 0.896330
84 2 0.958884
84 6 0.955165
84 17 0.966463
84 0 0.991055
84 16 0.981236
84 37 0.958601
84 35 0.965087
84 7 1.034000
84 4 1.040957
84 38 1.020763
84 21 1.040593
84 46 1.020962
84 49 1.041061
84 42 1.097736
84 36 1.118942
84 20 1.153150
84 18 1.178707
84 40 1.160069
85 3 0.415422
85 10 0.446823
85 30 0.457939
85 9 0.541289
85 5 0.551357
85 1 0.562341
85 12 0.589957
85 32 0.584726
85 4 0.664348
85 44 0.642094
85 0 0.706527
85 8 0.734745
85 24 0.744629
85 7 0.777486
85 29 0.817913
85 47 0.824686
85 13 0.887955
85 14 0.887800
85 33 0.868119
85 2 0.906172
85 6 0.904608
85 11 0.921749
85 28 0.917775
85 27 0.930153
85 22 0.950455
85 31 0.953048
85 26 0.964123
85 36 0.965918
85 15 1.020352
85 34 1.004846
85 23 1.036763
85 40 1.034946
85 17 1.117844
85 37 1.104792
85 20 1.161933
85 45 1.138322
85 19 1.180386
85 42 1.160366
85 35 1.175169
85 25 1.191428
85 50 1.169009
85 48 1.172724
85 18 1.220311
85 49 1.202975
85 38 1.228330
85 43 1.242528
85 16 1.288171
85 41 1.273615
85 46 1.281000
85 39 1.297426
85 21 1.358445
86 9 0.311078
86 8 0.402738
86 11 0.399632
86 10 0.607099
86 1 0.732148
86 31 0.691286
86 6 0.730764
86 13 0.788084
86 5 0.810336
86 20 0.805190
86 29 0.799063
86 32 0.803306
86 44 0.808427
86 4 0.865805
86 14 0.868741
86 12 0.905355
86 3 0.943334
86 38 0.917162
86 30 0.967833
86 21 1.018052
86 0 1.079480
86 23 1.063796
86 33 1.047206
86 28 1.082472
86 45 1.061163
86 37 1.076649
86 35 1.129362
86 2 1.194299
86 16 1.171013
86 36 1.141628
86 39 1.142461
86 25 1.168178
86 46 1.139185
86 15 1.214100
86 47 1.201143
86 7 1.277720
86 43 1.231061
86 34 1.253187
86 27 1.269283
86 18 1.300315
86 19 1.315153
86 24 1.320376
86 41 1.294729
86 49 1.310861
86 42 1.334166
86 22 1.384789
86 50 1.335090
86 40 1.379647
86 17 1.427811
86 26 1.422297
86 48 1.463350
87 9 0.377254
87 12 0.546298
87 14 0.542965
87 10 0.554444
87 13 0.571808
87 11 0.580924
87 32 0.546458
87 31 0.553189
87 8 0.630589
87 2 0.697867
87 6 0.741450
87 1 0.747745
87 0 0.780226
87 4 0.776035
87 5 0.827267
87 3 0.837271
87 28 0.733743
87 19 0.825762
87 44 0.488167
87 15 0.839027
87 21 0.827371
87 16 0.843493
87 30 0.761548
87 29 0.792830
87 33 0.794164
87 7 0.993174
87 17 0.982662
87 26 0.994298
87 37 0.997691
87 25 1.037483
87 27 1.025409
87 34 1.017126
87 36 1.020289
87 24 1.091972
87 40 1.021826
87 38 1.035028
87 45 0.792629
87 23 1.132809
87 22 1.144694
87 35 1.077698
87 41 1.069628
87 39 1.087467
87 46 0.825484
87 47 0.710474
87 18 1.257607
87 20 1.261083
87 42 1.153950
87 48 0.757366
87 43 1.173472
87 49 0.751124
87 50 0.758420
88 11 0.487259
88 44 0.487125
88 14 0.537831
88 13 0.544766
88 1 0.629847
88 29 0.616832
88 31 0.644741
88 32 0.656830
88 30 0.668274
88 9 0.703674
88 12 0.707444
88 28 0.691086
88 4 0.724727
88 10 0.743961
88 2 0.751687
88 3 0.761230
88 0 0.764629
88 33 0.782622
88 5 0.818037
88 8 0.857713
88 18 0.937138
88 16 0.991864
88 7 1.052185
88 43 1.023240
88 40 1.030657
88 15 1.058789
88 19 1.061696
88 27 1.071116
88 21 1.106499
88 37 1.100115
88 35 1.200257
88 41 1.197957
88 26 1.227375
88 6 1.250233
88 42 1.236781
88 50 1.235748
88 45 1.247854
88 25 1.275491
88 23 1.292189
88 17 1.302749
88 48 1.272088
88 36 1.289678
88 47 1.279176
88 34 1.299342
88 20 1.341049
88 49 1.308846
88 22 1.344681
88 39 1.330621
88 24 1.348373
88 38 1.345435
88 46 1.388129
89 9 0.479309
89 8 0.525397
89 12 0.533913
89 3 0.629541
89 1 0.674825
89 32 0.640614
89 10 0.716506
89 29 0.703617
89 0 0.780784
89 11 0.796621
89 5 0.867273
89 13 0.887821
89 4 0.898296
89 2 0.900135
89 6 0.926652
89 31 0.879873
89 28 0.902466
89 44 0.919985
89 20 0.980630
89 30 0.969655
89 14 1.008216
89 17 1.009341
89 18 1.009426
89 33 0.990062
89 43 1.060588
89 35 1.098520
89 16 1.164138
89 38 1.170105
89 15 1.224159
89 34 1.220773
89 36 1.246673
89 21 1.285358
89 42 1.287208
89 7 1.350401
89 22 1.322386
89 45 1.306370
89 50 1.305242
89 40 1.334452
89 25 1.355391
89 27 1.387976
89 41 1.378757
89 26 1.428515
89 24 1.437471
89 39 1.429555
89 47 1.428282
89 46 1.434118
89 49 1.430687
89 23 1.541941
89 19 1.556302
89 37 1.538028
89 48 1.533044
90 9 0.437599
90 8 0.535539
90 5 0.573209
90 44 0.550591
90 11 0.659494
90 3 0.668715
90 1 0.702221
90 0 0.751257
90 31 0.736790
90 45 0.719938
90 32 0.736974
90 7 0.774447
90 13 0.791545
90 46 0.802813
90 30 0.852458
90 20 0.912850
90 14 0.941377
90 21 0.941319
90 49 0.899957
90 28 0.937601
90 38 0.946116
90 16 0.985097
90 43 0.968140
90 18 1.010455
90 29 0.994028
90 19 1.018850
90 12 1.027189
90 33 0.996808
90 10 1.122334
90 37 1.085229
90 27 1.104013
90 17 1.116762
90 47 1.085737
90 42 1.101303
90 2 1.152792
90 35 1.149766
90 6 1.202543
90 36 1.165858
90 40 1.174699
90 25 1.202971
90 34 1.192672
90 23 1.282657
90 24 1.293131
90 39 1.274911
90 4 1.341223
90 26 1.320756
90 22 1.348614
90 15 1.361304
90 48 1.324267
90 41 1.373332
90 50 1.380760
91 8 0.450453
91 32 0.470857
91 28 0.486760
91 29 0.486466
91 11 0.579818
91 3 0.622295
91 10 0.635445
91 12 0.660364
91 14 0.671150
91 44 0.636468
91 9 0.689000
91 33 0.665092
91 0 0.709004
91 30 0.686610
91 7 0.741464
91 2 0.752800
91 1 0.763288
91 5 0.787194
91 46 0.742269
91 31 0.807757
91 13 0.857933
91 17 0.870440
91 47 0.858173
91 4 0.956593
91 24 0.944823
91 37 0.929210
91 18 0.977537
91 43 0.950676
91 35 0.966105
91 16 0.999035
91 20 1.010713
91 23 1.013696
91 38 0.993152
91 27 1.010735
91 40 1.003648
91 22 1.067268
91 15 1.074864
91 6 1.083467
91 50 1.048362
91 34 1.072674
91 42 1.063611
91 48 1.095470
91 36 1.115409
91 19 1.144961
91 21 1.185844
91 49 1.156275
91 45 1.188224
91 39 1.204373
91 41 1.202005
91 25 1.229776
91 26 1.326998
92 8 0.444003
92 11 0.485966
92 10 0.545932
92 9 0.609777
92 13 0.632913
92 2 0.641585
92 28 0.741615
92 31 0.734939
92 32 0.735344
92 3 0.778625
92 21 0.802443
92 44 0.804644
92 4 0.887069
92 12 0.897132
92 29 0.920058
92 7 0.979126
92 6 0.991277
92 45 0.969865
92 14 1.016853
92 33 1.005195
92 5 1.034276
92 26 1.018684
92 30 1.075146
92 40 1.075928
92 1 1.143322
92 19 1.140938
92 47 1.106516
92 27 1.143297
92 43 1.129119
92 25 1.190829
92 42 1.196506
92 37 1.244098
92 49 1.236440
92 0 1.311137
92 34 1.287612
92 15 1.316831
92 17 1.336053
92 50 1.328531
92 41 1.388371
92 48 1.399162
92 35 1.432932
92 16 1.468255
92 24 1.469199
92 36 1.471396
92 46 1.468689
92 18 1.516965
92 22 1.528640
92 23 1.607290
92 38 1.673339
92 20 1.695599
92 39 1.673212
93 10 0.519528
93 32 0.534953
93 11 0.608896
93 44 0.783258
93 30 0.823724
93 33 0.837233
93 21 0.867663
93 0 0.891489
93 9 0.897133
93 14 0.905716
93 31 0.889510
93 3 0.998491
93 12 0.993230
93 5 1.016716
93 8 1.060053
93 19 1.077772
93 28 1.069972
93 29 1.080928
93 13 1.118811
93 7 1.207939
93 1 1.213656
93 22 1.210594
93 2 1.235232
93 6 1.266957
93 47 1.346336
93 18 1.393660
93 36 1.399301
93 27 1.423481
93 20 1.447499
93 50 1.426192
93 4 1.482422
93 17 1.482553
93 38 1.465121
93 43 1.467633
93 40 1.504017
93 23 1.558411
93 15 1.571040
93 35 1.555936
93 49 1.541015
93 37 1.565682
93 34 1.579006
93 42 1.578030
93 41 1.624339
93 25 1.663309
93 46 1.634898
93 16 1.686203
93 39 1.671998
93 45 1.675188
93 26 1.717203
93 24 1.730784
93 48 1.820482
94 13 0.486292
94 9 0.656147
94 10 0.655710
94 32 0.630318
94 11 0.697707
94 0 0.728045
94 45 0.707800
94 14 0.760866
94 8 0.779882
94 1 0.832175
94 44 0.783154
94 31 0.822783
94 4 0.913554
94 6 0.945980
94 35 0.945016
94 12 1.004037
94 28 0.992491
94 18 1.048992
94 33 1.029982
94 5 1.064493
94 20 1.115518
94 7 1.138425
94 36 1.126756
94 48 1.131079
94 27 1.156148
94 38 1.152373
94 30 1.171633
94 29 1.173446
94 34 1.208010
94 47 1.201858
94 24 1.293388
94 22 1.305148
94 26 1.312780
94 25 1.348545
94 3 1.380786
94 23 1.396579
94 2 1.434415
94 17 1.429555
94 16 1.430994
94 37 1.404282
94 43 1.435071
94 40 1.468981
94 15 1.523044
94 46 1.494083
94 19 1.547440
94 42 1.529006
94 21 1.599566
94 39 1.622305
94 50 1.632749
94 49 1.652980
94 41 1.706387
95 8 0.453676
95 9 0.487496
95 11 0.486095
95 3 0.530712
95 33 0.520315
95 29 0.698484
95 0 0.723333
95 4 0.834277
95 35 0.826919
95 32 0.856408
95 43 0.881360
95 10 0.919796
95 26 0.909129
95 46 0.885338
95 14 0.955829
95 5 0.981950
95 28 0.972104
95 30 0.976041
95 7 1.001616
95 12 0.998531
95 13 0.999224
95 34 1.025452
95 15 1.047100
95 44 1.022967
95 18 1.077294
95 31 1.107106
95 1 1.215639
95 16 1.212817
95 39 1.222810
95 21 1.257322
95 47 1.255802
95 23 1.295288
95 48 1.259866
95 25 1.295831
95 40 1.281354
95 24 1.305976
95 41 1.299651
95 38 1.304539
95 36 1.317135
95 37 1.322473
95 45 1.330761
95 22 1.363169
95 42 1.352609
95 17 1.393728
95 50 1.360966
95 19 1.407936
95 6 1.420897
95 27 1.431640
95 49 1.403967
95 20 1.444632
95 2 1.477517
96 12 0.412974
96 10 0.430616
96 9 0.460345
96 29 0.485423
96 8 0.530285
96 0 0.601912
96 11 0.621863
96 30 0.596810
96 32 0.609921
96 14 0.707918
96 38 0.681449
96 3 0.761823
96 31 0.729005
96 28 0.756665
96 1 0.810185
96 20 0.789131
96 18 0.828126
96 5 0.846406
96 2 0.880532
96 42 0.807609
96 13 0.880365
96 4 0.888669
96 33 0.852710
96 7 0.936007
96 50 0.862609
96 36 0.910942
96 6 0.963017
96 24 0.949452
96 44 0.914121
96 39 1.012542
96 45 1.001529
96 40 1.021737
96 47 1.029137
96 35 1.156963
96 15 1.198969
96 43 1.124588
96 26 1.179501
96 41 1.136516
96 19 1.193604
96 46 1.123608
96 16 1.205932
96 17 1.204428
96 21 1.199571
96 23 1.221118
96 48 1.164048
96 27 1.235036
96 25 1.243698
96 37 1.227782
96 34 1.313820
96 22 1.347100
96 49 1.304719
97 8 0.449686
97 0 0.651822
97 10 0.664439
97 9 0.718289
97 5 0.721670
97 44 0.693400
97 14 0.758835
97 1 0.768891
97 39 0.733908
97 13 0.762015
97 29 0.808591
97 40 0.852205
97 22 0.874759
97 7 0.886013
97 19 0.909709
97 17 0.913286
97 34 0.902190
97 11 0.945603
97 33 0.923672
97 43 0.924939
97 28 0.945761
97 26 0.994435
97 32 0.993978
97 21 1.009039
97 31 1.005874
97 30 1.031965
97 12 1.056596
97 6 1.112516
97 16 1.115018
97 3 1.134917
97 36 1.141486
97 20 1.193045
97 41 1.168193
97 24 1.206528
97 25 1.206229
97 46 1.187322
97 48 1.186730
97 27 1.225442
97 23 1.247805
97 35 1.250429
97 4 1.292363
97 37 1.266711
97 42 1.269493
97 45 1.278456
97 15 1.318899
97 38 1.336135
97 2 1.377770
97 47 1.334523
97 50 1.387724
97 18 1.431457
97 49 1.473116
98 9 0.558682
98 10 0.664922
98 32 0.654209
98 8 0.683473
98 1 0.744088
98 0 0.745825
98 3 0.775239
98 13 0.876215
98 31 0.886994
98 11 0.912265
98 5 0.982134
98 44 0.935263
98 28 1.030800
98 14 1.130301
98 29 1.120153
98 34 1.112786
98 2 1.151352
98 12 1.147505
98 4 1.192640
98 33 1.174299
98 24 1.219688
98 30 1.276489
98 7 1.331654
98 21 1.443992
98 42 1.439002
98 47 1.441775
98 17 1.512172
98 50 1.474815
98 6 1.545696
98 26 1.542874
98 35 1.534738
98 18 1.574670
98 27 1.564960
98 23 1.670546
98 43 1.651092
98 22 1.685978
98 20 1.701258
98 36 1.725293
98 38 1.736296
98 16 1.780838
98 25 1.787255
98 37 1.764737
98 49 1.749865
98 46 1.784685
98 45 1.786508
98 40 1.794324
98 19 1.849904
98 15 1.912647
98 48 1.888772
98 39 1.910333
98 41 1.931346
99 8 0.555822
99 13 0.590572
99 31 0.764446
99 14 0.819795
99 12 0.944390
99 32 0.917270
99 44 0.903720
99 28 0.925724
99 20 0.943257
99 0 1.071352
99 3 1.069892
99 4 1.072773
99 1 1.102091
99 10 1.159378
99 5 1.163415
99 33 1.150412
99 11 1.206488
99 35 1.176450
99 9 1.245461
99 7 1.249966
99 2 1.270108
99 29 1.241387
99 30 1.318625
99 27 1.324933
99 17 1.341168
99 46 1.433261
99 49 1.446109
99 45 1.475436
99 38 1.497416
99 37 1.529187
99 41 1.536261
99 25 1.578667
99 22 1.595644
99 47 1.558412
99 50 1.569724
99 34 1.590639
99 6 1.626333
99 16 1.633351
99 24 1.693712
99 42 1.679159
99 43 1.692441
99 21 1.744029
99 18 1.747729
99 19 1.762588
99 48 1.745240
99 40 1.787949
99 26 1.839750
99 36 1.830043
99 15 1.873697
99 39 1.840414
99 23 1.967528
100 8 0.321712
100 9 0.369046
100 11 0.395412
100 12 0.434393
100 13 0.469896
100 10 0.525407
100 1 0.652706
100 5 0.647230
100 3 0.683199
100 2 0.763546
100 0 0.798988
100 31 0.287113
100 32 0.317639
100 29 0.374767
100 7 0.869795
100 14 0.792089
100 28 0.461240
100 33 0.416493
100 30 0.436474
100 4 0.953265
100 6 1.060302
100 44 0.427187
100 17 0.880841
100 21 0.767690
100 19 0.829746
100 15 1.027547
100 25 0.755339
100 16 1.049798
100 23 0.882656
100 42 0.672965
100 27 0.844481
100 39 0.774759
100 22 0.969429
100 18 1.119440
100 38 0.822184
100 20 1.054133
100 50 0.673639
100 24 0.993512
100 41 0.835115
100 26 1.002898
100 40 0.896196
100 48 0.786453
100 35 0.924433
100 49 0.791765
100 43 0.871599
100 47 0.881331
100 45 0.932278
100 36 1.048674
100 34 1.064475
100 37 1.091512
100 46 1.023787
101 8 0.441597
101 30 0.442486
101 28 0.448249
101 12 0.464256
101 14 0.504548
101 44 0.470866
101 0 0.569300
101 10 0.647020
101 1 0.692931
101 32 0.680803
101 11 0.772621
101 13 0.771912
101 4 0.794781
101 29 0.784422
101 33 0.789738
101 39 0.787348
101 2 0.837594
101 36 0.819806
101 6 0.852864
101 20 0.871790
101 40 0.863646
101 41 0.957032
101 3 1.008563
101 31 0.998491
101 9 1.040400
101 5 1.063097
101 45 1.049927
101 19 1.107453
101 7 1.128146
101 42 1.198229
101 21 1.225599
101 26 1.221338
101 16 1.231156
101 48 1.194279
101 24 1.225121
101 46 1.197656
101 18 1.231733
101 38 1.207293
101 49 1.194589
101 50 1.195151
101 35 1.237672
101 34 1.250438
101 43 1.313676
101 37 1.322137
101 17 1.390954
101 22 1.387839
101 47 1.367255
101 15 1.415782
101 27 1.405447
101 23 1.442731
101 25 1.469180
102 9 0.364831
102 11 0.405875
102 13 0.447325
102 29 0.459444
102 3 0.648749
102 44 0.627638
102 12 0.674925
102 1 0.690823
102 32 0.648211
102 8 0.695224
102 14 0.744020
102 33 0.722286
102 5 0.765292
102 31 0.728290
102 35 0.851469
102 22 0.889008
102 19 0.925857
102 41 0.923563
102 10 0.980307
102 26 0.976266
102 40 0.960854
102 24 0.980127
102 7 1.008897
102 38 0.967091
102 28 0.987982
102 30 1.003250
102 37 0.995579
102 39 0.995043
102 0 1.050948
102 6 1.071262
102 15 1.070894
102 18 1.074806
102 47 1.047876
102 25 1.075214
102 43 1.061897
102 21 1.139597
102 45 1.128028
102 49 1.122586
102 46 1.133346
102 4 1.208125
102 36 1.168293
102 50 1.161675
102 17 1.214160
102 2 1.250342
102 27 1.230035
102 42 1.218778
102 23 1.264516
102 48 1.241807
102 34 1.279448
102 16 1.324830
102 20 1.398535
103 12 0.423508
103 8 0.484954
103 10 0.488790
103 13 0.576219
103 11 0.591861
103 9 0.593586
103 32 0.672639
103 4 0.739503
103 16 0.733756
103 28 0.718582
103 0 0.772050
103 2 0.806282
103 3 0.838001
103 5 0.859993
103 18 0.852402
103 29 0.870488
103 33 0.863089
103 30 0.870165
103 31 0.913007
103 44 0.903383
103 14 0.960944
103 6 0.997642
103 43 1.020613
103 1 1.070851
103 45 1.020512
103 21 1.148951
103 35 1.136353
103 41 1.138281
103 36 1.146684
103 40 1.150447
103 23 1.192217
103 26 1.201070
103 24 1.235210
103 15 1.253286
103 38 1.231122
103 17 1.265280
103 19 1.294486
103 7 1.350519
103 20 1.343052
103 22 1.350318
103 42 1.341555
103 37 1.350699
103 25 1.394240
103 27 1.390647
103 48 1.359073
103 39 1.370778
103 34 1.380275
103 50 1.404811
103 49 1.406145
103 46 1.411723
103 47 1.485993
104 13 0.541996
104 32 0.533686
104 29 0.543686
104 9 0.604424
104 11 0.643640
104 31 0.641304
104 10 0.672878
104 14 0.691773
104 30 0.776253
104 44 0.796841
104 1 0.869543
104 33 0.828525
104 39 0.818076
104 23 0.852254
104 5 0.908683
104 19 0.896410
104 12 1.021528
104 49 0.968395
104 27 0.999385
104 28 0.998632
104 38 0.982904
104 17 1.022912
104 47 0.974763
104 35 0.991274
104 8 1.035437
104 45 0.983763
104 43 0.998052
104 3 1.066805
104 16 1.056812
104 0 1.102232
104 42 1.054549
104 15 1.104907
104 4 1.135685
104 48 1.090116
104 2 1.166021
104 7 1.166561
104 37 1.141302
104 22 1.188502
104 40 1.153913
104 50 1.143178
104 46 1.153781
104 36 1.173729
104 26 1.210760
104 6 1.239943
104 25 1.224449
104 41 1.207745
104 24 1.252406
104 34 1.263781
104 18 1.292091
104 21 1.370844
104 20 1.425624
105 44 0.411531
105 28 0.476753
105 0 0.503345
105 12 0.542237
105 10 0.732572
105 14 0.755796
105 5 0.838526
105 2 0.876600
105 6 0.899898
105 32 0.872436
105 29 0.886123
105 8 0.938584
105 7 0.954434
105 31 0.956878
105 11 1.012318
105 16 1.009923
105 33 0.999387
105 48 1.037581
105 9 1.108857
105 1 1.131186
105 18 1.151487
105 3 1.162243
105 13 1.161849
105 4 1.175685
105 30 1.156474
105 38 1.181890
105 26 1.221348
105 45 1.227534
105 40 1.255329
105 36 1.273912
105 20 1.352346
105 46 1.334537
105 43 1.362053
105 24 1.443293
105 15 1.456048
105 50 1.421309
105 41 1.476238
105 22 1.515844
105 34 1.502349
105 47 1.506140
105 37 1.522412
105 19 1.569375
105 49 1.532999
105 35 1.557324
105 21 1.592687
105 42 1.575300
105 27 1.629734
105 17 1.698058
105 39 1.677409
105 23 1.704147
105 25 1.748039
106 44 0.537064
106 14 0.679378
106 8 0.683852
106 3 0.721087
106 1 0.743376
106 28 0.825675
106 30 0.840186
106 13 0.898768
106 33 0.874993
106 32 0.879065
106 0 0.942452
106 29 0.914971
106 31 0.995255
106 6 1.023074
106 10 1.052886
106 11 1.052617
106 9 1.057618
106 25 1.045791
106 21 1.107352
106 47 1.075452
106 12 1.130649
106 4 1.188905
106 45 1.155717
106 40 1.198203
106 17 1.228556
106 18 1.240452
106 19 1.274743
106 43 1.288933
106 37 1.305353
106 5 1.354132
106 39 1.326538
106 2 1.399027
106 41 1.368568
106 26 1.401273
106 46 1.382323
106 7 1.437648
106 27 1.443044
106 15 1.462599
106 36 1.451898
106 23 1.477198
106 48 1.453993
106 22 1.489139
106 35 1.472546
106 34 1.473244
106 20 1.494261
106 16 1.505357
106 50 1.474808
106 42 1.524477
106 24 1.565131
106 38 1.545490
106 49 1.643208
107 29 0.488639
107 28 0.511068
107 11 0.634090
107 31 0.626078
107 9 0.651431
107 1 0.713636
107 2 0.714012
107 44 0.667858
107 14 0.759531
107 8 0.799448
107 12 0.835427
107 10 0.838493
107 0 0.856492
107 30 0.909303
107 32 0.935664
107 4 1.062143
107 36 1.119593
107 19 1.173733
107 26 1.165923
107 16 1.206119
107 40 1.205406
107 46 1.197086
107 35 1.227121
107 5 1.288411
107 33 1.258981
107 13 1.295096
107 20 1.289954
107 6 1.322071
107 15 1.327085
107 3 1.347701
107 27 1.334501
107 43 1.331178
107 42 1.344172
107 34 1.357423
107 48 1.364603
107 24 1.409074
107 38 1.426997
107 22 1.449624
107 49 1.423464
107 45 1.429013
107 25 1.467814
107 37 1.451896
107 23 1.481159
107 47 1.532734
107 21 1.569202
107 18 1.573453
107 50 1.532040
107 7 1.613442
107 17 1.625221
107 39 1.607727
107 41 1.640741
108 9 0.508730
108 11 0.522289
108 44 0.515506
108 14 0.675008
108 28 0.788028
108 33 0.840711
108 10 0.876734
108 13 0.946380
108 29 0.994827
108 7 1.018667
108 30 1.000759
108 12 1.021061
108 1 1.039575
108 40 1.016838
108 35 1.064183
108 31 1.093822
108 43 1.096639
108 32 1.109192
108 16 1.168761
108 3 1.211121
108 0 1.227435
108 5 1.229990
108 8 1.256248
108 41 1.238555
108 2 1.332209
108 25 1.310942
108 37 1.309967
108 18 1.449717
108 15 1.513749
108 17 1.570748
108 49 1.550759
108 4 1.653293
108 27 1.644763
108 48 1.627913
108 36 1.642487
108 22 1.659885
108 6 1.682257
108 46 1.644346
108 50 1.655407
108 21 1.716500
108 23 1.732072
108 34 1.723930
108 24 1.741605
108 45 1.723378
108 20 1.789818
108 39 1.774403
108 19 1.802372
108 26 1.793648
108 42 1.846779
108 47 1.874474
108 38 1.940630
109 44 0.404236
109 14 0.477250
109 8 0.578000
109 12 0.595374
109 2 0.656229
109 28 0.647129
109 30 0.719084
109 31 0.775561
109 10 0.872627
109 4 0.894931
109 0 0.940908
109 48 0.884948
109 6 0.971960
109 32 0.958711
109 21 0.986324
109 22 0.985350
109 13 1.001710
109 29 0.982244
109 11 1.022378
109 40 0.997329
109 34 1.044721
109 9 1.083154
109 3 1.110716
109 33 1.110029
109 18 1.133656
109 5 1.154828
109 7 1.160189
109 16 1.162317
109 27 1.176276
109 1 1.212310
109 46 1.165489
109 42 1.169668
109 41 1.173226
109 24 1.212312
109 23 1.228485
109 19 1.234225
109 39 1.221933
109 36 1.241066
109 38 1.267796
109 26 1.287434
109 50 1.292037
109 15 1.377353
109 37 1.385003
109 43 1.383573
109 47 1.396713
109 35 1.454384
109 25 1.466941
109 49 1.450585
109 45 1.461117
109 17 1.502806
109 20 1.517435
110 31 0.556309
110 9 0.697618
110 14 0.763704
110 1 0.820793
110 29 0.832532
110 44 0.845751
110 0 0.950197
110 2 0.986311
110 33 0.967115
110 13 1.023672
110 17 1.049499
110 6 1.127493
110 32 1.109137
110 11 1.154097
110 8 1.193656
110 12 1.190352
110 40 1.193206
110 7 1.244923
110 10 1.293850
110 19 1.298254
110 20 1.299200
110 15 1.304600
110 30 1.309230
110 45 1.302280
110 28 1.353531
110 3 1.399588
110 37 1.360707
110 38 1.360188
110 42 1.363119
110 36 1.380073
110 27 1.458842
110 39 1.456041
110 18 1.505177
110 41 1.461892
110 4 1.544709
110 25 1.536477
110 5 1.567426
110 46 1.516586
110 24 1.563452
110 49 1.522101
110 23 1.584057
110 43 1.551567
110 34 1.573085
110 35 1.572531
110 16 1.619592
110 50 1.558552
110 48 1.596513
110 21 1.666579
110 47 1.623679
110 26 1.731708
110 22 1.854690
111 28 0.442223
111 9 0.561546
111 5 0.565400
111 2 0.599632
111 3 0.633978
111 0 0.652686
111 12 0.677547
111 44 0.656615
111 15 0.705930
111 11 0.736603
111 10 0.770017
111 8 0.784943
111 14 0.781611
111 4 0.805249
111 30 0.810031
111 6 0.854516
111 29 0.873266
111 31 0.881506
111 1 0.940065
111 33 0.915595
111 17 0.939335
111 13 0.946637
111 16 1.016656
111 38 0.996732
111 32 1.026673
111 21 1.051252
111 26 1.053812
111 7 1.115503
111 25 1.102294
111 20 1.107693
111 19 1.129769
111 18 1.184837
111 48 1.171476
111 41 1.180742
111 34 1.194125
111 50 1.183506
111 43 1.202810
111 42 1.240206
111 22 1.275339
111 37 1.271191
111 23 1.309491
111 49 1.280931
111 45 1.292832
111 46 1.321256
111 27 1.355556
111 47 1.328188
111 24 1.366826
111 39 1.353467
111 40 1.382159
111 36 1.393500
111 35 1.428609
112 14 0.580282
112 11 0.655469
112 29 0.660546
112 44 0.637701
112 8 0.724019
112 1 0.893960
112 3 0.946659
112 10 0.942490
112 32 0.956556
112 30 0.960870
112 12 1.069639
112 17 1.067014
112 28 1.075032
112 9 1.132801
112 5 1.136633
112 0 1.140402
112 24 1.152560
112 15 1.162150
112 45 1.119387
112 22 1.316249
112 31 1.304076
112 13 1.326083
112 27 1.313101
112 33 1.303249
112 7 1.332429
112 35 1.378494
112 4 1.427855
112 21 1.444920
112 18 1.467994
112 19 1.483324
112 2 1.495898
112 41 1.499071
112 38 1.516537
112 47 1.555973
112 34 1.578448
112 50 1.577734
112 43 1.614471
112 40 1.714886
112 26 1.740071
112 39 1.718930
112 48 1.707382
112 16 1.753146
112 20 1.750969
112 23 1.748590
112 25 1.746152
112 36 1.729153
112 6 1.763151
112 46 1.724853
112 37 1.740588
112 49 1.725490
112 42 1.735273
113 28 0.489513
113 8 0.546779
113 10 0.569969
113 29 0.663877
113 44 0.667102
113 1 0.756521
113 12 0.773060
113 4 0.786930
113 9 0.818354
113 32 0.809148
113 11 0.858931
113 33 0.894541
113 36 0.900792
113 13 0.943938
113 14 0.963615
113 30 0.949309
113 40 0.939098
113 31 1.067467
113 6 1.142770
113 48 1.107782
113 46 1.125243
113 5 1.200396
113 35 1.174185
113 20 1.223999
113 7 1.275068
113 45 1.237320
113 2 1.338006
113 43 1.313925
113 42 1.321634
113 16 1.361254
113 21 1.388725
113 0 1.414270
113 3 1.416928
113 39 1.384109
113 19 1.429452
113 50 1.393498
113 24 1.476687
113 17 1.498415
113 41 1.482348
113 49 1.477402
113 18 1.524407
113 47 1.527985
113 38 1.544148
113 26 1.570562
113 15 1.599258
113 22 1.597967
113 25 1.603444
113 37 1.661117
113 34 1.671695
113 23 1.728954
113 27 1.754903
114 10 0.416264
114 11 0.498756
114 9 0.517360
114 8 0.607159
114 1 0.690969
114 0 0.735925
114 3 0.808779
114 29 0.797410
114 5 0.936235
114 4 0.970518
114 12 0.954264
114 14 0.953009
114 2 0.994173
114 13 0.964668
114 33 1.022400
114 32 1.047109
114 44 1.055004
114 18 1.135967
114 28 1.109061
114 31 1.108015
114 30 1.121951
114 15 1.194321
114 40 1.213911
114 6 1.339111
114 7 1.356280
114 16 1.394618
114 20 1.412601
114 36 1.445940
114 37 1.474764
114 48 1.452838
114 46 1.463335
114 17 1.574355
114 50 1.502571
114 19 1.599182
114 34 1.562422
114 35 1.573250
114 45 1.578829
114 23 1.656130
114 43 1.654186
114 22 1.728689
114 39 1.693953
114 25 1.756021
114 21 1.766526
114 26 1.759425
114 42 1.719810
114 38 1.735899
114 27 1.806559
114 24 1.818578
114 41 1.804653
114 49 1.883896
114 47 1.930491
115 31 0.498957
115 30 0.530100
115 10 0.590602
115 0 0.634438
115 33 0.630203
115 32 0.646670
115 44 0.690515
115 28 0.709839
115 1 0.738582
115 45 0.737347
115 12 0.777798
115 2 0.811887
115 9 0.808653
115 14 0.805769
115 29 0.822456
115 8 0.846702
115 38 0.814693
115 18 0.885826
115 16 0.897850
115 3 0.907986
115 24 0.915184
115 11 0.933435
115 19 0.971465
115 13 0.980176
115 48 0.946854
115 6 1.006623
115 21 0.993861
115 41 0.986561
115 26 1.030337
115 7 1.054421
115 22 1.048495
115 39 1.056987
115 4 1.096553
115 49 1.085201
115 34 1.106124
115 17 1.128468
115 36 1.105793
115 42 1.115651
115 47 1.132285
115 20 1.177345
115 25 1.167919
115 5 1.207051
115 50 1.158327
115 43 1.175295
115 23 1.230571
115 35 1.306977
115 37 1.306121
115 27 1.315571
115 15 1.332796
115 40 1.304265
115 46 1.355475
116 12 0.447725
116 8 0.491856
116 11 0.508331
116 13 0.540137
116 28 0.522837
116 10 0.585697
116 31 0.750128
116 33 0.774155
116 4 0.812569
116 2 0.867106
116 30 0.957318
116 44 0.942878
116 0 0.989478
116 7 1.000638
116 9 1.000335
116 32 1.004410
116 14 1.029244
116 3 1.052329
116 1 1.069392
116 29 1.057892
116 49 1.090518
116 6 1.220260
116 15 1.277727
116 5 1.327232
116 42 1.307358
116 38 1.313097
116 43 1.318485
116 22 1.374484
116 41 1.349069
116 50 1.371020
116 47 1.387718
116 37 1.401266
116 19 1.426130
116 17 1.450606
116 35 1.426341
116 39 1.442458
116 25 1.475895
116 26 1.513666
116 36 1.510957
116 21 1.533653
116 34 1.514183
116 46 1.500556
116 16 1.539681
116 20 1.535942
116 40 1.520119
116 27 1.550265
116 48 1.525554
116 23 1.590482
116 45 1.560705
116 18 1.617717
116 24 1.635118
117 12 0.516387
117 28 0.774439
117 44 0.824749
117 0 0.912500
117 1 1.045715
117 9 1.127298
117 6 1.130103
117 5 1.131912
117 4 1.133352
117 3 1.134813
117 15 1.142665
117 11 1.145811
117 19 1.170514
117 2 1.312059
117 13 1.305508
117 31 1.282877
117 29 1.286361
117 18 1.304217
117 23 1.299088
117 7 1.312795
117 30 1.287078
117 42 1.289808
117 21 1.326178
117 33 1.324924
117 34 1.346307
117 46 1.329849
117 8 1.378851
117 27 1.411424
117 14 1.443574
117 32 1.447609
117 10 1.487090
117 47 1.701704
117 40 1.712364
117 49 1.700608
117 37 1.718345
117 41 1.727058
117 22 1.772018
117 39 1.745230
117 17 1.781060
117 26 1.788566
117 24 1.820607
117 20 1.825121
117 25 1.820552
117 35 1.817628
117 45 1.803131
117 43 1.820990
117 50 1.810343
117 16 1.873192
117 48 1.854237
117 36 1.961521
117 38 1.991188
118 11 0.524633
118 10 0.588035
118 9 0.703340
118 14 0.822415
118 12 0.824257
118 32 0.800727
118 8 0.828487
118 1 1.017220
118 29 0.989304
118 30 1.006962
118 28 1.015459
118 3 1.080422
118 33 1.049358
118 5 1.080724
118 0 1.087016
118 7 1.110336
118 31 1.098525
118 42 1.138391
118 44 1.158978
118 21 1.210657
118 13 1.251303
118 47 1.271276
118 37 1.313049
118 15 1.362549
118 4 1.370880
118 25 1.403998
118 2 1.487295
118 6 1.522637
118 34 1.498567
118 27 1.525098
118 22 1.548613
118 24 1.547403
118 40 1.553393
118 18 1.597561
118 35 1.586014
118 26 1.601598
118 45 1.602252
118 48 1.611851
118 38 1.714394
118 23 1.740399
118 50 1.699828
118 20 1.744857
118 17 1.747571
118 36 1.720473
118 43 1.711275
118 39 1.715987
118 16 1.750648
118 41 1.715395
118 19 1.775898
118 46 1.795796
118 49 1.861429
119 12 0.491958
119 10 0.556054
119 32 0.702200
119 9 0.751701
119 0 0.919599
119 44 0.866238
119 2 1.023012
119 5 1.039737
119 8 1.038692
119 33 1.030489
119 3 1.088944
119 14 1.120998
119 1 1.167238
119 19 1.218971
119 31 1.212749
119 13 1.243294
119 11 1.250203
119 30 1.281249
119 37 1.279842
119 28 1.312119
119 29 1.323541
119 6 1.375754
119 27 1.369422
119 21 1.384838
119 48 1.335718
119 17 1.407952
119 39 1.367967
119 4 1.444512
119 40 1.386232
119 34 1.408877
119 18 1.549611
119 42 1.501233
119 16 1.615271
119 45 1.564235
119 24 1.618324
119 46 1.576363
119 7 1.670858
119 41 1.615894
119 22 1.666747
119 15 1.698647
119 38 1.658133
119 35 1.674308
119 25 1.708680
119 47 1.659334
119 49 1.657204
119 20 1.728354
119 43 1.681238
119 50 1.723333
119 36 1.757994
119 26 1.890293
119 23 1.901844
120 8 0.714075
120 9 0.782766
120 12 0.906640
120 13 0.940110
120 14 1.025248
120 11 1.030245
120 32 1.001241
120 1 1.176950
120 0 1.199269
120 29 1.224547
120 5 1.304803
120 2 1.321953
120 15 1.386343
120 19 1.396028
120 28 1.341559
120 3 1.418300
120 10 1.411461
120 30 1.405766
120 4 1.502236
120 33 1.470094
120 31 1.482293
120 6 1.582445
120 7 1.582580
120 17 1.595316
120 22 1.613731
120 23 1.700109
120 24 1.698562
120 27 1.670789
120 18 1.814692
120 16 1.828422
120 36 1.706380
120 44 1.048964
120 26 1.829701
120 21 1.942463
120 20 1.983899
120 34 1.881951
120 38 1.612767
120 50 1.120070
120 25 2.050071
120 42 1.393924
120 41 1.418287
120 37 1.731692
120 43 1.406421
120 35 2.004853
120 48 1.220395
120 40 1.606117
120 47 1.346545
120 45 1.464729
120 46 1.439190
120 39 1.661070
120 49 1.347158
