21 0 0.101755
21 2 0.098076
21 1 0.104435
21 3 0.135167
21 5 0.119326
21 4 0.133171
21 8 0.108536
21 10 0.087818
21 9 0.109089
21 7 0.137856
21 6 0.154284
21 11 0.127857
21 14 0.117615
21 15 0.128400
21 13 0.141321
21 12 0.147860
21 29 0.181975
21 27 0.193220
21 39 0.180059
21 43 0.169710
21 34 0.192380
21 24 0.205863
21 16 0.212036
21 32 0.198831
21 44 0.184240
21 42 0.194829
21 45 0.182646
21 25 0.223241
21 19 0.228970
21 40 0.201176
21 33 0.216842
21 46 0.184452
21 21 0.231088
21 18 0.233836
21 41 0.203173
21 20 0.232868
21 26 0.228501
21 49 0.182706
21 17 0.236714
21 30 0.224835
21 22 0.233343
21 38 0.217376
21 50 0.183139
21 36 0.226209
21 31 0.232243
21 28 0.241803
21 37 0.244893
21 47 0.214932
21 23 0.260795
21 35 0.251005
21 48 0.217543
22 0 0.132650
22 5 0.136310
22 1 0.161999
22 6 0.166447
22 2 0.172376
22 4 0.185665
22 3 0.190584
22 8 0.199486
22 7 0.229431
22 11 0.225210
22 10 0.228144
22 9 0.230959
22 30 0.231287
22 29 0.232473
22 12 0.254307
22 14 0.251855
22 44 0.220207
22 17 0.252770
22 36 0.231800
22 16 0.257190
22 32 0.242739
22 23 0.253342
22 34 0.241357
22 46 0.228605
22 42 0.236668
22 20 0.261206
22 26 0.256845
22 24 0.260921
22 27 0.257426
22 40 0.246412
22 13 0.277518
22 38 0.250341
22 47 0.240257
22 19 0.272391
22 50 0.239271
22 31 0.265956
22 22 0.278680
22 33 0.266208
22 28 0.273582
22 41 0.260030
22 49 0.251476
22 15 0.288486
22 48 0.252810
22 45 0.259153
22 25 0.283328
22 21 0.290839
22 18 0.295982
22 39 0.273066
22 43 0.269468
22 35 0.280819
22 37 0.279611
23 0 0.163492
23 3 0.178213
23 5 0.194301
23 2 0.224557
23 1 0.238874
23 6 0.247269
23 4 0.296778
23 12 0.312837
23 7 0.335123
23 14 0.355637
23 32 0.341037
23 21 0.353046
23 44 0.330166
23 8 0.365172
23 30 0.346443
23 9 0.365238
23 42 0.334038
23 29 0.349766
23 35 0.343727
23 31 0.348766
23 13 0.366606
23 11 0.369437
23 34 0.350245
23 33 0.352451
23 16 0.369381
23 10 0.374423
23 28 0.359648
23 18 0.373291
23 26 0.368424
23 50 0.344231
23 24 0.371341
23 23 0.375577
23 36 0.363259
23 37 0.363005
23 20 0.380312
23 45 0.354941
23 19 0.383330
23 38 0.365642
23 22 0.382426
23 47 0.356816
23 17 0.388166
23 48 0.356489
23 40 0.368169
23 41 0.366700
23 25 0.384121
23 15 0.393486
23 43 0.367335
23 27 0.385326
23 39 0.375862
23 49 0.365136
23 46 0.368197
24 0 0.212816
24 11 0.210159
24 8 0.230835
24 24 0.275024
24 10 0.288472
24 12 0.314438
24 32 0.300086
24 44 0.289139
24 31 0.302921
24 13 0.318158
24 4 0.327365
24 15 0.325644
24 2 0.354621
24 26 0.337703
24 20 0.343878
24 14 0.348893
24 34 0.335138
24 28 0.340511
24 16 0.349874
24 48 0.323036
24 18 0.351298
24 30 0.343990
24 23 0.350918
24 6 0.363275
24 17 0.356182
24 1 0.367853
24 40 0.342321
24 9 0.366081
24 33 0.348298
24 39 0.343453
24 37 0.345719
24 42 0.341566
24 19 0.360794
24 25 0.357543
24 29 0.355745
24 46 0.340454
24 38 0.349125
24 22 0.362114
24 47 0.340608
24 7 0.373548
24 50 0.338095
24 35 0.354098
24 36 0.353484
24 49 0.342604
24 3 0.382152
24 41 0.355551
24 45 0.353892
24 5 0.386083
24 21 0.374916
24 43 0.357889
24 27 0.373160
25 0 0.120174
25 5 0.144691
25 1 0.152833
25 6 0.153340
25 4 0.156759
25 3 0.176591
25 9 0.191562
25 2 0.201780
25 10 0.234005
25 14 0.233610
25 11 0.236689
25 13 0.235439
25 31 0.221492
25 8 0.244817
25 30 0.225558
25 29 0.228955
25 33 0.225756
25 20 0.240229
25 16 0.254307
25 19 0.252592
25 18 0.255509
25 12 0.260098
25 22 0.252184
25 28 0.245941
25 32 0.243261
25 15 0.262066
25 17 0.261599
25 44 0.234477
25 7 0.270045
25 36 0.244412
25 40 0.241459
25 24 0.260183
25 41 0.243475
25 26 0.260629
25 42 0.244302
25 48 0.238489
25 43 0.245166
25 39 0.248950
25 45 0.245284
25 49 0.241154
25 21 0.273164
25 25 0.269978
25 34 0.261528
25 50 0.244096
25 35 0.262257
25 47 0.249109
25 27 0.271566
25 38 0.259165
25 46 0.252125
25 37 0.264248
25 23 0.278592
26 19 0.170586
26 1 0.200065
26 0 0.217534
26 14 0.208165
26 5 0.232867
26 9 0.239169
26 3 0.244888
26 21 0.233322
26 10 0.243839
26 22 0.235279
26 6 0.250469
26 31 0.237533
26 17 0.260424
26 8 0.271339
26 38 0.247653
26 24 0.260075
26 50 0.235017
26 28 0.258065
26 29 0.257119
26 7 0.275725
26 33 0.255810
26 4 0.280023
26 18 0.270397
26 39 0.252615
26 37 0.255151
26 27 0.264744
26 42 0.250717
26 26 0.267116
26 48 0.245334
26 13 0.277909
26 15 0.277427
26 23 0.271633
26 12 0.280117
26 49 0.246448
26 41 0.255339
26 20 0.275818
26 32 0.265936
26 11 0.282653
26 30 0.269686
26 44 0.257684
26 46 0.256318
26 2 0.295082
26 34 0.270318
26 47 0.256616
26 35 0.277785
26 43 0.269076
26 25 0.287009
26 36 0.279856
26 40 0.277168
26 16 0.298109
26 45 0.272337
27 0 0.128966
27 5 0.144598
27 4 0.163860
27 3 0.166795
27 1 0.183895
27 6 0.195564
27 2 0.213998
27 8 0.236518
27 47 0.200823
27 38 0.214225
27 12 0.244160
27 18 0.240740
27 10 0.249071
27 19 0.246089
27 14 0.251613
27 23 0.245476
27 22 0.246760
27 37 0.232457
27 13 0.256679
27 31 0.238503
27 26 0.243596
27 16 0.256414
27 34 0.237823
27 15 0.258389
27 42 0.231669
27 50 0.224750
27 17 0.257582
27 27 0.247289
27 30 0.245020
27 33 0.242551
27 21 0.255737
27 9 0.267056
27 11 0.266605
27 20 0.258907
27 35 0.243719
27 29 0.250431
27 32 0.247549
27 24 0.256049
27 25 0.254392
27 28 0.252688
27 7 0.272607
27 45 0.238747
27 41 0.243152
27 43 0.241818
27 40 0.246008
27 39 0.247245
27 44 0.242953
27 46 0.243648
27 48 0.241955
27 49 0.242189
27 36 0.256617
28 0 0.205446
28 14 0.208136
28 16 0.207275
28 12 0.262649
28 9 0.274090
28 49 0.243449
28 10 0.277495
28 32 0.262706
28 6 0.280884
28 44 0.252876
28 18 0.274984
28 8 0.281993
28 2 0.286425
28 1 0.287208
28 34 0.266025
28 30 0.269582
28 38 0.263774
28 20 0.278627
28 24 0.275818
28 22 0.277622
28 19 0.283961
28 42 0.272971
28 40 0.276128
28 21 0.293767
28 17 0.299166
28 3 0.307818
28 31 0.289718
28 23 0.296583
28 26 0.294946
28 35 0.288549
28 25 0.296514
28 13 0.305274
28 11 0.306569
28 41 0.284180
28 5 0.312404
28 29 0.296123
28 27 0.299121
28 45 0.285089
28 4 0.315805
28 39 0.291993
28 50 0.282487
28 28 0.303617
28 48 0.288442
28 43 0.293854
28 33 0.305083
28 15 0.319441
28 47 0.296001
28 36 0.307272
28 37 0.307017
28 7 0.331193
28 46 0.304445
29 0 0.142155
29 1 0.154603
29 4 0.176259
29 5 0.191673
29 10 0.191774
29 3 0.212091
29 2 0.215464
29 8 0.247579
29 13 0.243828
29 28 0.230132
29 9 0.249076
29 33 0.231357
29 14 0.265737
29 6 0.285397
29 29 0.268218
29 31 0.268169
29 12 0.287225
29 30 0.270517
29 18 0.284259
29 40 0.261173
29 11 0.290324
29 7 0.293939
29 44 0.259500
29 32 0.273176
29 23 0.289737
29 16 0.297528
29 22 0.293832
29 21 0.296231
29 26 0.291472
29 25 0.294305
29 39 0.279432
29 42 0.281195
29 47 0.275432
29 34 0.289615
29 15 0.311553
29 43 0.282556
29 27 0.300383
29 41 0.285372
29 19 0.310291
29 45 0.286688
29 24 0.314260
29 38 0.299920
29 46 0.292849
29 35 0.304555
29 17 0.325700
29 50 0.289296
29 48 0.296177
29 36 0.310832
29 20 0.329131
29 37 0.310598
29 49 0.298987
30 2 0.200750
30 4 0.246540
30 5 0.285982
30 10 0.283356
30 28 0.271220
30 11 0.284067
30 46 0.257396
30 14 0.283618
30 29 0.273186
30 41 0.263071
30 31 0.272353
30 23 0.280978
30 33 0.273256
30 18 0.284980
30 37 0.270730
30 19 0.286214
30 17 0.287875
30 9 0.293894
30 12 0.292513
30 13 0.293177
30 3 0.299352
30 22 0.287410
30 8 0.296591
30 0 0.301696
30 21 0.288732
30 1 0.301674
30 6 0.298796
30 44 0.275677
30 42 0.277831
30 32 0.287177
30 47 0.276901
30 40 0.283326
30 30 0.292885
30 27 0.295715
30 34 0.293838
30 25 0.301703
30 20 0.305650
30 7 0.316231
30 38 0.294035
30 24 0.307378
30 15 0.315427
30 35 0.301100
30 16 0.316096
30 43 0.296894
30 50 0.289875
30 26 0.313116
30 39 0.302562
30 36 0.305798
30 49 0.294120
30 45 0.299399
30 48 0.300264
31 0 0.176793
31 5 0.173439
31 1 0.184018
31 3 0.186582
31 9 0.188286
31 8 0.209397
31 4 0.212828
31 2 0.220641
31 6 0.238436
31 19 0.228592
31 33 0.220291
31 20 0.239187
31 7 0.269618
31 28 0.251820
31 11 0.268913
31 31 0.248365
31 21 0.260201
31 13 0.269500
31 44 0.236853
31 10 0.272265
31 24 0.260295
31 23 0.264120
31 12 0.275332
31 14 0.276307
31 38 0.250355
31 50 0.239276
31 42 0.248310
31 26 0.267446
31 37 0.255956
31 30 0.263818
31 41 0.251706
31 17 0.280404
31 32 0.264821
31 29 0.273208
31 25 0.280384
31 22 0.283749
31 46 0.259986
31 27 0.282158
31 47 0.263366
31 49 0.265372
31 34 0.282716
31 39 0.278454
31 35 0.286797
31 15 0.317550
31 18 0.315199
31 48 0.283249
31 16 0.320301
31 43 0.291133
31 45 0.293171
31 40 0.298366
31 36 0.304265
32 1 0.234261
32 13 0.226169
32 0 0.254486
32 8 0.263914
32 12 0.267306
32 10 0.277596
32 11 0.280051
32 29 0.268969
32 28 0.277989
32 32 0.275110
32 20 0.286308
32 14 0.293823
32 2 0.304174
32 18 0.294794
32 30 0.296474
32 3 0.318286
32 38 0.293089
32 26 0.303865
32 4 0.319819
32 19 0.310310
32 5 0.323973
32 31 0.306407
32 24 0.312723
32 33 0.306861
32 37 0.305005
32 46 0.297767
32 6 0.329842
32 43 0.304276
32 40 0.308248
32 22 0.323667
32 23 0.322964
32 9 0.333542
32 44 0.308135
32 42 0.310809
32 34 0.318966
32 36 0.321524
32 47 0.315978
32 15 0.343022
32 17 0.344236
32 7 0.350983
32 35 0.331434
32 45 0.323901
32 21 0.349374
32 49 0.325465
32 25 0.348743
32 41 0.339219
32 16 0.359749
32 50 0.331577
32 27 0.352932
32 48 0.336043
32 39 0.349008
33 2 0.158772
33 0 0.182803
33 8 0.208784
33 1 0.225550
33 4 0.243365
33 3 0.248767
33 31 0.343434
33 11 0.366229
33 28 0.361486
33 7 0.382327
33 9 0.381069
33 13 0.380162
33 29 0.363835
33 18 0.389705
33 30 0.401593
33 26 0.409206
33 16 0.420221
33 10 0.425022
33 37 0.401620
33 33 0.406794
33 14 0.433888
33 40 0.405333
33 5 0.442249
33 41 0.406322
33 32 0.417329
33 27 0.422503
33 44 0.404197
33 36 0.414352
33 45 0.403845
33 21 0.434079
33 43 0.408433
33 6 0.448392
33 24 0.433700
33 12 0.445002
33 19 0.439773
33 20 0.446010
33 17 0.449620
33 35 0.430021
33 42 0.422111
33 39 0.426570
33 23 0.447767
33 47 0.427293
33 15 0.469309
33 49 0.434030
33 34 0.454717
33 46 0.440988
33 25 0.465480
33 48 0.439517
33 38 0.457983
33 22 0.478483
33 50 0.463573
34 8 0.190712
34 2 0.204105
34 9 0.224584
34 33 0.269511
34 14 0.288639
34 13 0.293111
34 10 0.303791
34 11 0.305008
34 5 0.311718
34 4 0.328518
34 17 0.320821
34 30 0.311107
34 3 0.331650
34 26 0.315118
34 42 0.302043
34 0 0.335693
34 15 0.326285
34 28 0.315663
34 16 0.326020
34 6 0.332718
34 38 0.308456
34 32 0.313889
34 43 0.303879
34 23 0.322168
34 7 0.334581
34 36 0.312396
34 31 0.316804
34 27 0.322371
34 29 0.321429
34 45 0.306995
34 1 0.343001
34 19 0.334090
34 12 0.341663
34 25 0.332257
34 44 0.315733
34 47 0.316781
34 39 0.328387
34 21 0.344934
34 50 0.321912
34 18 0.353302
34 22 0.351125
34 20 0.357146
34 34 0.346005
34 35 0.345068
34 41 0.340337
34 24 0.355363
34 46 0.337349
34 40 0.344657
34 37 0.350601
34 48 0.340941
34 49 0.343063
35 3 0.202146
35 0 0.215263
35 6 0.213644
35 2 0.224085
35 4 0.267906
35 1 0.289580
35 14 0.279747
35 11 0.284245
35 12 0.283853
35 8 0.290160
35 50 0.260030
35 5 0.308715
35 29 0.286790
35 10 0.305701
35 30 0.291203
35 42 0.278425
35 17 0.310763
35 9 0.318004
35 44 0.283225
35 33 0.295426
35 18 0.314391
35 38 0.294187
35 32 0.300693
35 28 0.305347
35 31 0.309343
35 13 0.330547
35 16 0.329143
35 43 0.302111
35 39 0.311088
35 27 0.323651
35 34 0.318832
35 37 0.316801
35 26 0.328235
35 7 0.347526
35 20 0.342612
35 21 0.344743
35 35 0.331938
35 19 0.352069
35 49 0.330250
35 46 0.335854
35 36 0.349738
35 41 0.344158
35 45 0.340566
35 40 0.349394
35 47 0.342400
35 24 0.368775
35 25 0.368799
35 22 0.376201
35 15 0.382709
35 48 0.348959
35 23 0.378736
36 13 0.203884
36 2 0.233740
36 8 0.276311
36 31 0.276282
36 0 0.301439
36 34 0.277649
36 14 0.295709
36 15 0.296268
36 25 0.289202
36 6 0.304747
36 24 0.292734
36 9 0.305263
36 22 0.298148
36 4 0.314306
36 37 0.290601
36 27 0.299740
36 11 0.311676
36 28 0.302254
36 19 0.312236
36 43 0.293261
36 32 0.303510
36 3 0.325481
36 30 0.306757
36 16 0.318007
36 47 0.291534
36 41 0.301258
36 29 0.313580
36 26 0.318982
36 21 0.325303
36 7 0.335645
36 36 0.315856
36 44 0.307949
36 42 0.312866
36 18 0.334327
36 10 0.339724
36 38 0.319501
36 12 0.339925
36 33 0.324713
36 1 0.350741
36 50 0.311443
36 40 0.327553
36 46 0.323251
36 20 0.346998
36 23 0.345598
36 48 0.326053
36 5 0.365818
36 39 0.341453
36 49 0.333641
36 17 0.363081
36 45 0.341540
36 35 0.353226
37 4 0.185613
37 0 0.188711
37 1 0.188493
37 2 0.207529
37 6 0.219851
37 7 0.247059
37 12 0.246057
37 8 0.254856
37 3 0.275713
37 14 0.273425
37 44 0.247374
37 30 0.265181
37 11 0.283669
37 33 0.264386
37 32 0.269797
37 10 0.296128
37 26 0.284993
37 27 0.284413
37 25 0.289872
37 13 0.306465
37 24 0.298238
37 5 0.313542
37 9 0.311237
37 15 0.307503
37 28 0.298101
37 38 0.290996
37 31 0.302460
37 47 0.289082
37 29 0.313084
37 18 0.325118
37 16 0.333501
37 20 0.330539
37 23 0.328322
37 19 0.333086
37 50 0.302027
37 42 0.314815
37 22 0.336386
37 48 0.310901
37 40 0.321842
37 36 0.326426
37 34 0.331629
37 37 0.332647
37 46 0.325440
37 17 0.356616
37 39 0.342835
37 45 0.337833
37 43 0.341315
37 35 0.350260
37 21 0.365844
37 41 0.358902
37 49 0.362351
38 12 0.202026
38 30 0.264462
38 13 0.288061
38 32 0.301902
38 18 0.360740
38 16 0.362667
38 3 0.372187
38 9 0.368340
38 15 0.364596
38 5 0.371750
38 8 0.370288
38 10 0.371667
38 14 0.369269
38 20 0.366001
38 6 0.383202
38 7 0.386055
38 28 0.369300
38 25 0.374228
38 26 0.379063
38 24 0.380917
38 19 0.388965
38 21 0.388201
38 1 0.404668
38 31 0.379962
38 44 0.367770
38 38 0.383611
38 39 0.382309
38 11 0.410403
38 2 0.417147
38 36 0.392398
38 29 0.399289
38 47 0.382062
38 0 0.425964
38 33 0.398978
38 46 0.393717
38 40 0.402017
38 23 0.419545
38 4 0.439431
38 22 0.434614
38 17 0.442679
38 34 0.429092
38 27 0.439212
38 48 0.418317
38 37 0.432250
38 43 0.430623
38 41 0.442304
38 35 0.456295
38 50 0.440969
38 49 0.446685
38 42 0.459172
38 45 0.457423
39 0 0.172392
39 5 0.180748
39 6 0.182797
39 1 0.199798
39 8 0.222752
39 9 0.230564
39 14 0.246544
39 11 0.265217
39 30 0.251688
39 10 0.270581
39 2 0.277299
39 3 0.283960
39 29 0.269783
39 44 0.254173
39 19 0.282178
39 12 0.292023
39 17 0.288450
39 33 0.272303
39 28 0.278794
39 48 0.258155
39 21 0.288474
39 13 0.295921
39 20 0.289909
39 18 0.300969
39 39 0.282620
39 32 0.292123
39 40 0.284408
39 4 0.319827
39 23 0.305064
39 25 0.304940
39 22 0.313895
39 24 0.314053
39 31 0.313989
39 16 0.329676
39 42 0.313422
39 7 0.348106
39 50 0.308703
39 46 0.314120
39 38 0.323854
39 37 0.324993
39 43 0.319733
39 36 0.327772
39 27 0.340757
39 49 0.316905
39 45 0.322601
39 26 0.346456
39 15 0.365571
39 34 0.346606
39 41 0.344629
39 35 0.364218
39 47 0.354476
40 0 0.177073
40 4 0.188477
40 2 0.194391
40 3 0.202519
40 5 0.204463
40 9 0.222333
40 6 0.236786
40 1 0.245582
40 8 0.257020
40 11 0.280944
40 13 0.279559
40 28 0.264147
40 19 0.276495
40 7 0.294529
40 33 0.268473
40 21 0.284058
40 12 0.293073
40 44 0.258401
40 17 0.292813
40 31 0.277316
40 10 0.299209
40 29 0.281167
40 18 0.292882
40 14 0.303161
40 34 0.285734
40 22 0.304069
40 24 0.302393
40 38 0.297353
40 30 0.306835
40 16 0.328261
40 47 0.292859
40 25 0.319584
40 26 0.320460
40 15 0.338995
40 20 0.336731
40 32 0.323760
40 45 0.309651
40 43 0.312599
40 37 0.320960
40 50 0.313116
40 48 0.316646
40 40 0.327590
40 36 0.338338
40 23 0.354477
40 35 0.340776
40 41 0.335288
40 49 0.331608
40 42 0.340230
40 27 0.359985
40 46 0.338407
40 39 0.349938
41 6 0.213251
41 9 0.211537
41 0 0.221281
41 3 0.219945
41 11 0.236243
41 1 0.245793
41 5 0.268711
41 31 0.252697
41 10 0.289673
41 2 0.302829
41 4 0.304890
41 13 0.331178
41 12 0.332208
41 7 0.336570
41 18 0.328491
41 8 0.339368
41 44 0.303363
41 14 0.335955
41 29 0.321322
41 15 0.336905
41 16 0.336714
41 32 0.321675
41 19 0.339290
41 35 0.325320
41 33 0.334783
41 30 0.345391
41 23 0.360840
41 26 0.357965
41 46 0.341599
41 41 0.351055
41 21 0.379988
41 43 0.355627
41 48 0.350461
41 20 0.390492
41 40 0.369644
41 28 0.385386
41 39 0.376262
41 37 0.381626
41 27 0.393479
41 34 0.389069
41 17 0.410433
41 25 0.410771
41 49 0.385747
41 24 0.418095
41 22 0.420449
41 47 0.394992
41 36 0.432298
41 50 0.417670
41 38 0.434402
41 45 0.432357
41 42 0.443588
42 0 0.188073
42 5 0.236304
42 6 0.242222
42 9 0.250326
42 29 0.259428
42 11 0.278699
42 34 0.262517
42 32 0.267290
42 14 0.286360
42 3 0.296144
42 10 0.296314
42 13 0.296251
42 1 0.305638
42 30 0.301074
42 7 0.324171
42 31 0.308903
42 12 0.327343
42 23 0.320413
42 8 0.337278
42 26 0.321504
42 16 0.331891
42 24 0.325235
42 33 0.316326
42 22 0.329067
42 20 0.331025
42 39 0.313660
42 21 0.332538
42 27 0.325703
42 4 0.346169
42 44 0.315245
42 28 0.332286
42 17 0.351919
42 36 0.334066
42 37 0.336142
42 2 0.369437
42 19 0.356984
42 15 0.360947
42 42 0.334467
42 49 0.329057
42 46 0.332254
42 50 0.329898
42 18 0.363682
42 25 0.363787
42 40 0.350020
42 35 0.358419
42 45 0.349194
42 38 0.358873
42 48 0.353331
42 41 0.362052
42 47 0.354711
42 43 0.360923
43 1 0.194909
43 5 0.207011
43 9 0.186233
43 3 0.234248
43 10 0.187480
43 8 0.202345
43 11 0.191916
43 2 0.261465
43 12 0.198812
43 0 0.273904
43 4 0.273986
43 13 0.203740
43 7 0.279910
43 14 0.177772
43 6 0.331734
43 15 0.279780
43 33 0.213223
43 19 0.277028
43 29 0.271778
43 21 0.294785
43 16 0.310784
43 23 0.306806
43 41 0.280880
43 17 0.334338
43 45 0.290961
43 31 0.312043
43 22 0.332644
43 30 0.321598
43 50 0.295981
43 28 0.327867
43 39 0.322528
43 20 0.351000
43 24 0.348341
43 18 0.360271
43 44 0.324391
43 32 0.353148
43 43 0.348578
43 49 0.340046
43 26 0.381072
43 37 0.368669
43 38 0.382223
43 42 0.382525
43 35 0.393752
43 27 0.417593
43 40 0.411068
43 46 0.405736
43 36 0.419443
43 47 0.411100
43 48 0.422385
43 34 0.442813
43 25 0.467949
44 0 0.237786
44 8 0.279488
44 9 0.288715
44 14 0.285681
44 10 0.294940
44 3 0.301405
44 28 0.289424
44 6 0.312657
44 12 0.326221
44 2 0.361417
44 32 0.333162
44 4 0.361786
44 29 0.337024
44 1 0.395908
44 33 0.365429
44 44 0.352218
44 5 0.394383
44 40 0.357704
44 45 0.367473
44 31 0.384206
44 16 0.417037
44 30 0.403412
44 34 0.429349
44 38 0.432465
44 26 0.446080
44 13 0.463998
44 11 0.466156
44 47 0.438834
44 42 0.443898
44 50 0.439087
44 36 0.472824
44 48 0.458163
44 43 0.466830
44 15 0.501129
44 19 0.500862
44 46 0.473743
44 22 0.509735
44 18 0.523839
44 20 0.524163
44 23 0.526446
44 7 0.551566
44 37 0.537243
44 17 0.563857
44 25 0.560997
44 39 0.547974
44 35 0.560191
44 27 0.576859
44 49 0.550632
44 21 0.587838
44 41 0.574077
44 24 0.609981
45 8 0.173943
45 1 0.321304
45 3 0.337918
45 9 0.181272
45 10 0.197603
45 4 0.372784
45 0 0.409949
45 2 0.407888
45 5 0.406424
45 6 0.393767
45 11 0.209804
45 7 0.377877
45 12 0.186504
45 14 0.165042
45 13 0.206778
45 30 0.148635
45 32 0.195968
45 28 0.204503
45 20 0.293466
45 16 0.322970
45 31 0.272061
45 17 0.368044
45 22 0.340810
45 15 0.379049
45 18 0.380343
45 33 0.264981
45 44 0.224613
45 26 0.347758
45 25 0.355757
45 24 0.367144
45 19 0.401179
45 23 0.382036
45 21 0.412751
45 29 0.359532
45 27 0.448331
45 35 0.398650
45 42 0.379497
45 40 0.383765
45 43 0.379171
45 37 0.413106
45 38 0.409244
45 34 0.434517
45 46 0.363985
45 41 0.403762
45 39 0.434779
45 36 0.459852
45 47 0.357712
45 45 0.418988
45 48 0.356244
45 49 0.352454
45 50 0.339153
46 1 0.241911
46 12 0.127117
46 11 0.131114
46 2 0.278278
46 10 0.138657
46 9 0.165885
46 4 0.302361
46 13 0.161233
46 0 0.321361
46 8 0.189366
46 3 0.340353
46 14 0.176765
46 6 0.333600
46 5 0.340943
46 7 0.225367
46 15 0.345585
46 19 0.264979
46 28 0.277799
46 17 0.342523
46 29 0.277262
46 16 0.412718
46 20 0.354576
46 22 0.353874
46 21 0.355387
46 33 0.320884
46 31 0.331675
46 44 0.297092
46 18 0.366331
46 26 0.345538
46 30 0.345566
46 24 0.383794
46 23 0.386758
46 32 0.359681
46 41 0.350987
46 25 0.415882
46 34 0.400257
46 37 0.409401
46 39 0.426512
46 36 0.442380
46 47 0.417150
46 27 0.470744
46 46 0.422796
46 38 0.450312
46 42 0.438051
46 35 0.460515
46 45 0.442044
46 40 0.455953
46 49 0.449404
46 50 0.464679
46 43 0.484973
46 48 0.495014
47 10 0.269845
47 4 0.274986
47 9 0.287052
47 8 0.288230
47 32 0.268256
47 14 0.290318
47 13 0.292072
47 3 0.310545
47 28 0.287344
47 11 0.305849
47 2 0.333756
47 12 0.328058
47 0 0.343483
47 5 0.353568
47 22 0.351890
47 25 0.351999
47 26 0.351206
47 1 0.373455
47 44 0.336404
47 31 0.358551
47 23 0.367264
47 7 0.383490
47 33 0.360592
47 29 0.367170
47 30 0.383299
47 16 0.401177
47 6 0.411979
47 20 0.410902
47 15 0.418294
47 41 0.395554
47 18 0.425745
47 49 0.399078
47 37 0.414094
47 48 0.403981
47 24 0.431563
47 43 0.417514
47 34 0.429799
47 35 0.434955
47 27 0.446585
47 39 0.436025
47 36 0.445470
47 17 0.468990
47 40 0.453040
47 21 0.475079
47 47 0.450458
47 46 0.452129
47 38 0.470004
47 19 0.492832
47 45 0.464833
47 50 0.475111
47 42 0.503650
48 0 0.214760
48 3 0.277415
48 4 0.284012
48 2 0.308480
48 12 0.303119
48 32 0.292153
48 10 0.314448
48 1 0.328292
48 14 0.331893
48 28 0.326310
48 30 0.342171
48 8 0.363122
48 31 0.347491
48 44 0.345252
48 33 0.361519
48 7 0.390860
48 24 0.380882
48 15 0.395957
48 9 0.412467
48 16 0.411492
48 29 0.401542
48 11 0.421951
48 13 0.427632
48 20 0.432128
48 22 0.434672
48 27 0.430259
48 43 0.422388
48 38 0.427004
48 23 0.443659
48 34 0.440908
48 5 0.477185
48 25 0.460241
48 41 0.453671
48 6 0.485634
48 36 0.461299
48 46 0.450885
48 17 0.485615
48 19 0.487394
48 26 0.478793
48 40 0.469300
48 21 0.489890
48 18 0.495362
48 45 0.476428
48 50 0.471322
48 42 0.489538
48 35 0.512075
48 49 0.502566
48 47 0.510290
48 39 0.533572
48 48 0.533119
48 37 0.564839
49 8 0.211428
49 10 0.270120
49 2 0.303125
49 3 0.308782
49 13 0.298356
49 1 0.315919
49 0 0.320655
49 14 0.342421
49 30 0.311906
49 12 0.348933
49 6 0.356728
49 4 0.378111
49 7 0.375449
49 28 0.359938
49 44 0.364572
49 32 0.393575
49 18 0.453419
49 20 0.453081
49 16 0.478013
49 36 0.463246
49 34 0.468803
49 48 0.444435
49 9 0.528465
49 24 0.495232
49 33 0.484741
49 11 0.531451
49 5 0.536973
49 47 0.466128
49 21 0.514497
49 35 0.503665
49 40 0.497384
49 22 0.528337
49 15 0.557882
49 38 0.520087
49 42 0.513635
49 31 0.538225
49 50 0.491879
49 37 0.541143
49 29 0.556361
49 26 0.560143
49 46 0.530163
49 27 0.571571
49 17 0.612013
49 25 0.600063
49 23 0.614988
49 45 0.583793
49 39 0.608853
49 43 0.613436
49 41 0.631391
49 19 0.668192
49 49 0.619754
50 5 0.271554
50 31 0.255783
50 8 0.303605
50 9 0.304850
50 0 0.354915
50 4 0.354874
50 13 0.366924
50 3 0.374914
50 28 0.352485
50 44 0.334656
50 11 0.369880
50 2 0.406875
50 14 0.398007
50 29 0.383762
50 15 0.399774
50 12 0.418724
50 6 0.425075
50 30 0.408518
50 24 0.415743
50 17 0.434970
50 41 0.409113
50 49 0.400639
50 10 0.442245
50 1 0.450546
50 32 0.421886
50 33 0.425665
50 34 0.426544
50 21 0.442835
50 40 0.422728
50 23 0.445540
50 7 0.477657
50 25 0.462161
50 48 0.439621
50 20 0.477664
50 22 0.486462
50 39 0.469484
50 19 0.501099
50 35 0.486369
50 45 0.477898
50 27 0.505545
50 38 0.496856
50 42 0.504516
50 36 0.514148
50 43 0.515553
50 26 0.537234
50 16 0.553929
50 46 0.523389
50 18 0.561427
50 37 0.545248
50 50 0.535427
50 47 0.539304
51 9 0.183964
51 5 0.291496
51 8 0.289357
51 14 0.296270
51 12 0.298049
51 11 0.305272
51 3 0.311944
51 31 0.290743
51 30 0.298883
51 0 0.330976
51 28 0.305721
51 29 0.321291
51 33 0.317437
51 44 0.304681
51 10 0.372018
51 13 0.379164
51 32 0.367634
51 1 0.402927
51 7 0.418038
51 2 0.444645
51 15 0.444417
51 45 0.425382
51 18 0.472306
51 19 0.477491
51 21 0.479853
51 35 0.469941
51 47 0.456081
51 23 0.489085
51 4 0.506426
51 46 0.468197
51 37 0.481367
51 17 0.511231
51 20 0.509108
51 36 0.494334
51 41 0.496333
51 26 0.524251
51 38 0.518885
51 43 0.516243
51 39 0.522806
51 34 0.529747
51 48 0.511764
51 24 0.542548
51 27 0.540822
51 40 0.528038
51 6 0.572568
51 50 0.528652
51 22 0.563484
51 16 0.575182
51 25 0.570250
51 42 0.550725
51 49 0.586373
52 0 0.210316
52 10 0.216011
52 6 0.258483
52 4 0.265535
52 7 0.270913
52 2 0.275080
52 3 0.290146
52 1 0.301939
52 5 0.306305
52 9 0.303810
52 29 0.289664
52 30 0.289662
52 11 0.308845
52 32 0.287592
52 31 0.290103
52 12 0.309266
52 8 0.318855
52 13 0.341454
52 14 0.346320
52 28 0.364986
52 33 0.367178
52 44 0.360442
52 50 0.371217
52 24 0.422052
52 36 0.413996
52 41 0.414876
52 26 0.435975
52 42 0.419758
52 45 0.416690
52 35 0.430808
52 16 0.453799
52 46 0.421328
52 15 0.456688
52 22 0.451802
52 17 0.462437
52 18 0.465646
52 49 0.431458
52 27 0.460457
52 25 0.472111
52 23 0.475130
52 38 0.458679
52 43 0.463630
52 40 0.467217
52 47 0.459260
52 20 0.498085
52 34 0.482419
52 37 0.480896
52 19 0.501674
52 39 0.484138
52 48 0.474308
52 21 0.514504
53 8 0.256744
53 9 0.267416
53 14 0.242321
53 11 0.280036
53 13 0.268262
53 10 0.309091
53 4 0.322713
53 0 0.333818
53 3 0.347785
53 2 0.350094
53 12 0.332293
53 1 0.364646
53 5 0.371043
53 7 0.383297
53 6 0.410983
53 28 0.311174
53 29 0.347090
53 30 0.348112
53 16 0.478491
53 18 0.522576
53 32 0.413548
53 15 0.532080
53 20 0.536118
53 21 0.563497
53 24 0.482557
53 22 0.558691
53 31 0.480658
53 17 0.590197
53 23 0.515052
53 26 0.516263
53 33 0.515973
53 36 0.519632
53 44 0.415037
53 45 0.418630
53 42 0.429393
53 40 0.435732
53 41 0.448930
53 19 0.672862
53 34 0.562025
53 50 0.423384
53 43 0.458219
53 27 0.596459
53 35 0.584591
53 38 0.529641
53 25 0.622773
53 49 0.458595
53 48 0.492300
53 46 0.549371
53 37 0.624933
53 47 0.552840
53 39 0.608462
54 8 0.319627
54 11 0.316754
54 3 0.416113
54 12 0.360594
54 10 0.364497
54 1 0.378747
54 2 0.379078
54 13 0.360448
54 0 0.414765
54 14 0.391586
54 6 0.411287
54 9 0.327496
54 5 0.449604
54 4 0.450612
54 15 0.430052
54 7 0.472776
54 28 0.451336
54 17 0.477832
54 29 0.458911
54 20 0.494586
54 31 0.476724
54 16 0.539278
54 25 0.542266
54 23 0.550289
54 21 0.553614
54 24 0.551722
54 27 0.548857
54 22 0.564779
54 33 0.529847
54 32 0.543318
54 30 0.563439
54 26 0.582352
54 44 0.477669
54 35 0.525254
54 19 0.646966
54 39 0.522808
54 37 0.534720
54 46 0.497329
54 34 0.609606
54 43 0.564429
54 42 0.568225
54 40 0.572408
54 18 0.729456
54 45 0.581838
54 41 0.604210
54 50 0.374604
54 38 0.626604
54 48 0.414319
54 36 0.645255
54 47 0.474533
54 49 0.456258
55 8 0.257580
55 14 0.277190
55 9 0.301145
55 11 0.306151
55 12 0.326826
55 1 0.339910
55 10 0.331502
55 2 0.354505
55 13 0.341174
55 0 0.358148
55 4 0.424713
55 3 0.428446
55 6 0.445461
55 28 0.426177
55 7 0.480724
55 16 0.470108
55 29 0.443100
55 33 0.447296
55 15 0.569621
55 32 0.528321
55 18 0.564393
55 30 0.558197
55 44 0.496211
55 47 0.485509
55 31 0.556475
55 20 0.587464
55 24 0.573571
55 19 0.591487
55 5 0.646279
55 34 0.586024
55 21 0.622812
55 22 0.629075
55 40 0.572753
55 17 0.671330
55 26 0.648320
55 43 0.587806
55 38 0.616590
55 50 0.561918
55 35 0.656238
55 36 0.658615
55 46 0.609613
55 42 0.631994
55 27 0.701769
55 39 0.662160
55 37 0.691919
55 48 0.626134
55 25 0.748129
55 45 0.680592
55 23 0.776493
55 41 0.715556
55 49 0.674318
56 10 0.270792
56 11 0.290187
56 5 0.300193
56 9 0.298960
56 8 0.313917
56 12 0.312367
56 30 0.296236
56 14 0.323342
56 44 0.303743
56 3 0.342859
56 1 0.359844
56 27 0.348935
56 20 0.360190
56 25 0.367458
56 7 0.390232
56 19 0.381773
56 4 0.395163
56 24 0.383173
56 6 0.401352
56 32 0.377770
56 31 0.379632
56 17 0.398710
56 29 0.386840
56 33 0.383075
56 0 0.414112
56 28 0.391264
56 13 0.410079
56 21 0.438281
56 26 0.436654
56 2 0.462648
56 23 0.452705
56 43 0.435217
56 18 0.461895
56 50 0.429199
56 38 0.447365
56 15 0.473088
56 34 0.459690
56 22 0.480298
56 49 0.461519
56 41 0.474665
56 46 0.479822
56 37 0.492044
56 36 0.496611
56 39 0.501307
56 47 0.495537
56 16 0.538304
56 42 0.512152
56 35 0.526390
56 40 0.521604
56 48 0.513368
56 45 0.557184
57 8 0.277307
57 9 0.326388
57 11 0.345820
57 10 0.354220
57 28 0.331364
57 13 0.364177
57 12 0.399939
57 5 0.407923
57 0 0.411795
57 3 0.427750
57 4 0.447188
57 44 0.411320
57 1 0.469504
57 2 0.472054
57 14 0.486891
57 16 0.489815
57 30 0.475129
57 32 0.476455
57 7 0.530955
57 6 0.535896
57 18 0.523438
57 34 0.508993
57 29 0.520780
57 31 0.519505
57 25 0.529565
57 22 0.533534
57 33 0.547495
57 47 0.547361
57 27 0.595819
57 39 0.601066
57 24 0.625674
57 20 0.631992
57 42 0.605481
57 26 0.661713
57 35 0.654386
57 40 0.653009
57 21 0.684782
57 36 0.676528
57 48 0.660925
57 43 0.674028
57 15 0.713695
57 46 0.683381
57 50 0.693207
57 38 0.720474
57 19 0.748495
57 41 0.722455
57 23 0.757552
57 17 0.766882
57 45 0.734807
57 49 0.733605
57 37 0.767617
58 9 0.255881
58 8 0.281956
58 12 0.293109
58 10 0.314975
58 11 0.317528
58 3 0.334202
58 13 0.329633
58 14 0.332394
58 2 0.389365
58 5 0.451820
58 1 0.489998
58 7 0.498426
58 0 0.511503
58 29 0.216402
58 15 0.529988
58 18 0.550460
58 30 0.274883
58 28 0.296527
58 33 0.268943
58 17 0.609531
58 19 0.618987
58 21 0.616860
58 16 0.630077
58 31 0.353090
58 6 0.684494
58 4 0.694017
58 22 0.657074
58 44 0.355089
58 32 0.397198
58 20 0.692277
58 23 0.710775
58 24 0.616030
58 26 0.528395
58 36 0.483184
58 40 0.487080
58 27 0.557203
58 37 0.535680
58 34 0.542578
58 25 0.710614
58 39 0.552250
58 43 0.555027
58 41 0.589146
58 35 0.618048
58 48 0.536324
58 45 0.583248
58 38 0.632002
58 50 0.512822
58 46 0.583689
58 49 0.540015
58 47 0.599626
58 42 0.644271
59 8 0.262138
59 13 0.263111
59 11 0.276581
59 12 0.280373
59 10 0.283982
59 3 0.353363
59 1 0.362193
59 14 0.367314
59 30 0.333963
59 0 0.396742
59 28 0.370012
59 4 0.413977
59 44 0.337206
59 31 0.377723
59 5 0.425373
59 16 0.419270
59 32 0.391035
59 18 0.429987
59 2 0.504116
59 17 0.494797
59 6 0.514062
59 9 0.522717
59 7 0.554001
59 29 0.517688
59 22 0.556781
59 26 0.556054
59 33 0.565860
59 15 0.625804
59 43 0.555628
59 34 0.586681
59 45 0.582946
59 38 0.619404
59 20 0.669246
59 40 0.620745
59 23 0.669973
59 46 0.608557
59 41 0.625494
59 48 0.602532
59 42 0.643715
59 36 0.668166
59 47 0.640531
59 24 0.713609
59 39 0.678871
59 27 0.716204
59 37 0.692831
59 21 0.738616
59 25 0.731413
59 50 0.663106
59 49 0.678295
59 19 0.792868
59 35 0.756311
60 8 0.306250
60 9 0.336884
60 11 0.349834
60 28 0.341950
60 31 0.341661
60 3 0.389098
60 30 0.365401
60 5 0.394106
60 10 0.441990
60 44 0.403965
60 13 0.443541
60 14 0.447721
60 29 0.464903
60 1 0.498010
60 45 0.452241
60 2 0.516980
60 33 0.485044
60 23 0.501739
60 7 0.534284
60 35 0.540985
60 15 0.564557
60 32 0.548604
60 36 0.544842
60 39 0.543186
60 0 0.584187
60 18 0.594753
60 12 0.639904
60 25 0.638496
60 46 0.650639
60 48 0.661609
60 26 0.694011
60 17 0.706811
60 4 0.737623
60 22 0.723764
60 34 0.717375
60 24 0.737738
60 38 0.733106
60 16 0.769009
60 27 0.761080
60 6 0.788128
60 21 0.782082
60 49 0.772844
60 40 0.785623
60 20 0.811590
60 43 0.790369
60 41 0.806802
60 37 0.821482
60 19 0.850494
60 50 0.821535
60 47 0.838729
60 42 0.850363
61 8 0.312613
61 10 0.315933
61 44 0.282732
61 11 0.330511
61 13 0.343020
61 30 0.339016
61 12 0.361341
61 28 0.376707
61 4 0.429132
61 9 0.434480
61 6 0.467680
61 3 0.473848
61 29 0.450903
61 32 0.452048
61 31 0.460128
61 2 0.506901
61 14 0.506770
61 18 0.527301
61 33 0.531529
61 45 0.519974
61 0 0.573035
61 22 0.566129
61 40 0.568557
61 5 0.611649
61 23 0.604632
61 1 0.645642
61 48 0.599655
61 17 0.645190
61 7 0.656521
61 41 0.630300
61 36 0.635653
61 46 0.637973
61 16 0.670889
61 34 0.651172
61 35 0.655154
61 25 0.666877
61 27 0.680756
61 19 0.695947
61 15 0.700739
61 43 0.675142
61 26 0.696839
61 24 0.714174
61 20 0.727048
61 39 0.711632
61 50 0.702373
61 37 0.723366
61 47 0.719356
61 38 0.730111
61 49 0.717697
61 42 0.754220
61 21 0.792454
62 5 0.218250
62 0 0.273113
62 3 0.271119
62 1 0.287675
62 8 0.184266
62 2 0.373307
62 4 0.389139
62 10 0.241477
62 9 0.295610
62 11 0.273408
62 7 0.351715
62 14 0.262333
62 13 0.291761
62 12 0.299127
62 6 0.416185
62 15 0.416774
62 33 0.219731
62 29 0.264811
62 21 0.417635
62 30 0.301649
62 20 0.441953
62 16 0.474738
62 28 0.351271
62 19 0.461755
62 22 0.475923
62 31 0.329117
62 17 0.531302
62 27 0.475831
62 32 0.395093
62 18 0.571327
62 25 0.536087
62 24 0.554160
62 40 0.378560
62 23 0.606545
62 26 0.606355
62 36 0.496655
62 35 0.497663
62 44 0.319753
62 34 0.514346
62 45 0.331999
62 39 0.494322
62 37 0.513367
62 43 0.427562
62 38 0.530813
62 42 0.529457
62 49 0.384654
62 46 0.419067
62 47 0.415116
62 41 0.581423
62 48 0.419091
62 50 0.432040
63 10 0.272420
63 9 0.294918
63 12 0.297737
63 8 0.309809
63 2 0.335961
63 5 0.352863
63 13 0.354511
63 14 0.362365
63 4 0.393441
63 1 0.405590
63 11 0.400942
63 0 0.451888
63 3 0.450192
63 6 0.445946
63 7 0.457396
63 16 0.437887
63 18 0.475136
63 33 0.390992
63 32 0.444368
63 15 0.527859
63 44 0.427294
63 28 0.533027
63 22 0.549459
63 20 0.566085
63 30 0.520510
63 19 0.579528
63 17 0.598181
63 29 0.569349
63 26 0.623581
63 21 0.643433
63 31 0.599189
63 24 0.652528
63 25 0.662013
63 43 0.570282
63 34 0.595978
63 23 0.691723
63 39 0.633160
63 37 0.655268
63 50 0.630194
63 36 0.663356
63 42 0.663948
63 35 0.682824
63 48 0.673833
63 27 0.787461
63 40 0.701869
63 45 0.707468
63 46 0.706640
63 38 0.730909
63 41 0.744064
63 47 0.755170
63 49 0.752907
64 11 0.219585
64 9 0.285681
64 8 0.314990
64 10 0.315006
64 3 0.388038
64 13 0.377206
64 5 0.385570
64 1 0.393955
64 12 0.505952
64 14 0.490049
64 4 0.518627
64 0 0.583471
64 6 0.581399
64 30 0.515738
64 29 0.609710
64 28 0.618180
64 15 0.672712
64 19 0.670820
64 7 0.745780
64 33 0.620187
64 21 0.701876
64 31 0.663722
64 2 0.768769
64 25 0.704419
64 17 0.742703
64 32 0.677995
64 23 0.730216
64 22 0.742087
64 18 0.779609
64 26 0.763271
64 27 0.768219
64 16 0.799991
64 44 0.499713
64 20 0.827438
64 24 0.842130
64 35 0.761641
64 40 0.694702
64 45 0.602474
64 34 0.812595
64 36 0.773407
64 43 0.616114
64 39 0.798192
64 47 0.640616
64 38 0.828850
64 41 0.775374
64 48 0.610092
64 37 0.931101
64 49 0.613921
64 50 0.592591
64 46 0.757157
64 42 0.850359
65 8 0.310887
65 3 0.326468
65 30 0.336914
65 0 0.393986
65 5 0.405096
65 2 0.434986
65 28 0.420719
65 1 0.454956
65 14 0.466543
65 50 0.432032
65 7 0.486711
65 31 0.456193
65 11 0.484011
65 10 0.501852
65 13 0.501003
65 16 0.506806
65 4 0.518039
65 27 0.493716
65 6 0.545113
65 12 0.541905
65 26 0.528273
65 44 0.504084
65 24 0.532760
65 22 0.549620
65 9 0.567459
65 15 0.594419
65 36 0.571115
65 34 0.574340
65 45 0.565642
65 20 0.611036
65 49 0.579602
65 33 0.609551
65 32 0.611223
65 19 0.631588
65 18 0.632955
65 42 0.600673
65 38 0.614494
65 48 0.606884
65 29 0.648713
65 39 0.635771
65 23 0.665417
65 43 0.644346
65 21 0.684361
65 47 0.662170
65 35 0.677927
65 25 0.697520
65 17 0.714090
65 40 0.694480
65 41 0.699219
65 46 0.722794
65 37 0.749376
66 8 0.167311
66 13 0.161539
66 11 0.190675
66 14 0.182019
66 9 0.215917
66 10 0.215185
66 1 0.257476
66 12 0.237645
66 0 0.297554
66 4 0.313574
66 7 0.373652
66 3 0.414711
66 5 0.437916
66 6 0.443333
66 2 0.471328
66 15 0.403734
66 28 0.285894
66 20 0.334943
66 31 0.290333
66 16 0.412107
66 29 0.321702
66 19 0.377174
66 18 0.388657
66 33 0.315831
66 21 0.370774
66 44 0.329365
66 30 0.361651
66 17 0.466875
66 22 0.445404
66 32 0.404983
66 24 0.482890
66 45 0.429340
66 41 0.444511
66 43 0.451050
66 40 0.470966
66 26 0.527465
66 49 0.482393
66 39 0.513870
66 46 0.506630
66 25 0.579431
66 27 0.575520
66 36 0.547909
66 34 0.561778
66 23 0.612061
66 35 0.573652
66 38 0.582255
66 37 0.589217
66 50 0.570239
66 48 0.576464
66 42 0.601729
66 47 0.601617
67 8 0.268375
67 10 0.258601
67 9 0.280046
67 11 0.338361
67 12 0.408875
67 14 0.404632
67 3 0.436200
67 13 0.413677
67 4 0.513415
67 0 0.516313
67 44 0.478766
67 2 0.564119
67 1 0.586275
67 29 0.519450
67 6 0.590283
67 7 0.590032
67 31 0.560162
67 18 0.661174
67 28 0.638237
67 19 0.675543
67 30 0.670473
67 49 0.660069
67 35 0.680125
67 41 0.672465
67 16 0.737787
67 38 0.695954
67 33 0.731968
67 5 0.807053
67 32 0.777465
67 22 0.797738
67 36 0.778596
67 15 0.823650
67 40 0.783296
67 47 0.804254
67 21 0.856168
67 27 0.866491
67 26 0.873675
67 48 0.855791
67 46 0.862508
67 23 0.894221
67 45 0.870654
67 20 0.925293
67 24 0.929224
67 50 0.895289
67 42 0.914004
67 17 0.971140
67 39 0.941510
67 37 0.949443
67 43 0.946576
67 34 0.998119
67 25 1.034334
68 11 0.260353
68 10 0.284302
68 8 0.311590
68 9 0.316876
68 14 0.357952
68 13 0.367043
68 0 0.414832
68 2 0.423809
68 6 0.421816
68 4 0.461598
68 12 0.437953
68 1 0.507074
68 3 0.535302
68 15 0.502123
68 20 0.474786
68 5 0.572087
68 17 0.549297
68 22 0.377713
68 29 0.287047
68 30 0.317287
68 31 0.298845
68 7 0.651722
68 28 0.347297
68 19 0.592063
68 23 0.439826
68 24 0.425426
68 25 0.416867
68 27 0.431859
68 33 0.368482
68 32 0.376598
68 35 0.376945
68 21 0.632291
68 26 0.498709
68 16 0.768641
68 44 0.387614
68 18 0.767864
68 34 0.429352
68 50 0.406031
68 37 0.477516
68 42 0.464767
68 46 0.454438
68 36 0.492347
68 45 0.491972
68 47 0.491223
68 38 0.550810
68 40 0.552663
68 39 0.556664
68 43 0.563549
68 48 0.545161
68 49 0.540624
68 41 0.589457
69 13 0.252175
69 14 0.262273
69 12 0.273492
69 7 0.286908
69 8 0.322921
69 4 0.367603
69 11 0.331363
69 0 0.423158
69 10 0.364747
69 9 0.368359
69 1 0.428887
69 3 0.423328
69 6 0.448183
69 2 0.482020
69 17 0.415984
69 29 0.283724
69 5 0.601443
69 30 0.302653
69 31 0.289258
69 20 0.564013
69 19 0.575643
69 15 0.609731
69 16 0.616838
69 28 0.369022
69 33 0.286382
69 22 0.625329
69 32 0.349183
69 27 0.455540
69 25 0.525476
69 26 0.510813
69 44 0.323022
69 21 0.735085
69 24 0.642140
69 39 0.401032
69 18 0.765339
69 23 0.738046
69 45 0.378497
69 36 0.451044
69 38 0.444289
69 40 0.442434
69 41 0.439872
69 48 0.347454
69 35 0.492800
69 34 0.517137
69 49 0.385767
69 37 0.523151
69 46 0.473899
69 47 0.442713
69 42 0.524141
69 43 0.539399
69 50 0.452717
70 10 0.280554
70 12 0.208505
70 9 0.309164
70 8 0.326609
70 13 0.226282
70 11 0.339107
70 14 0.252635
70 4 0.436005
70 3 0.439661
70 5 0.498892
70 1 0.505876
70 2 0.503006
70 6 0.505674
70 7 0.532398
70 0 0.605355
70 28 0.274755
70 31 0.234923
70 29 0.288374
70 30 0.305921
70 44 0.227480
70 21 0.419384
70 15 0.586698
70 19 0.543331
70 32 0.376006
70 36 0.361593
70 33 0.378737
70 18 0.587411
70 16 0.653753
70 17 0.661714
70 24 0.534745
70 27 0.531139
70 45 0.378615
70 25 0.566988
70 26 0.584728
70 23 0.618908
70 42 0.485296
70 20 0.706560
70 35 0.567721
70 37 0.560330
70 22 0.701465
70 39 0.531070
70 47 0.494433
70 40 0.547672
70 34 0.621340
70 38 0.584495
70 43 0.598590
70 50 0.510584
70 41 0.610770
70 46 0.567321
70 49 0.557155
70 48 0.637993
71 8 0.256243
71 10 0.261158
71 9 0.315147
71 11 0.300195
71 12 0.304177
71 0 0.469107
71 13 0.309990
71 1 0.513015
71 2 0.530682
71 14 0.392916
71 5 0.496658
71 7 0.569530
71 3 0.612103
71 4 0.606190
71 6 0.632244
71 28 0.277797
71 29 0.269372
71 32 0.253685
71 15 0.551803
71 31 0.334471
71 16 0.569911
71 20 0.445022
71 33 0.355059
71 30 0.410066
71 23 0.513589
71 18 0.613956
71 21 0.542410
71 19 0.589988
71 22 0.532585
71 17 0.630428
71 44 0.307973
71 26 0.537230
71 24 0.563982
71 27 0.561008
71 25 0.608062
71 38 0.486790
71 47 0.409051
71 35 0.551163
71 34 0.592319
71 36 0.579589
71 42 0.503818
71 37 0.598033
71 40 0.581060
71 39 0.592648
71 50 0.465518
71 45 0.511895
71 48 0.508270
71 46 0.526789
71 43 0.552980
71 41 0.643294
71 49 0.555817
72 3 0.299126
72 11 0.392552
72 0 0.406285
72 10 0.395587
72 9 0.399966
72 12 0.394190
72 5 0.404899
72 31 0.439846
72 1 0.484165
72 30 0.480865
72 13 0.513350
72 7 0.547225
72 17 0.528160
72 39 0.506664
72 26 0.523271
72 15 0.539724
72 6 0.567334
72 33 0.530841
72 37 0.573316
72 22 0.616681
72 29 0.616501
72 8 0.677258
72 2 0.685803
72 14 0.675824
72 20 0.679120
72 32 0.668159
72 28 0.673233
72 49 0.651360
72 44 0.658188
72 24 0.685805
72 35 0.686921
72 46 0.682497
72 36 0.697898
72 40 0.699081
72 43 0.702464
72 45 0.715496
72 42 0.719103
72 23 0.758521
72 27 0.759315
72 48 0.747593
72 34 0.768914
72 19 0.784990
72 47 0.756643
72 4 0.820417
72 25 0.801131
72 50 0.796074
72 16 0.859646
72 18 0.863971
72 38 0.851101
72 21 0.875895
72 41 0.874720
73 8 0.293652
73 9 0.302972
73 10 0.295051
73 11 0.291627
73 12 0.342949
73 13 0.340366
73 14 0.337271
73 0 0.488418
73 2 0.524187
73 3 0.566543
73 5 0.574275
73 6 0.602104
73 1 0.634776
73 7 0.659369
73 4 0.673759
73 30 0.327748
73 32 0.342472
73 31 0.347089
73 16 0.577310
73 28 0.396195
73 29 0.395875
73 18 0.567672
73 33 0.464580
73 17 0.656549
73 21 0.580338
73 25 0.562068
73 44 0.410715
73 15 0.793009
73 20 0.666063
73 26 0.625577
73 36 0.537683
73 50 0.370588
73 42 0.525585
73 27 0.655639
73 45 0.501938
73 24 0.710019
73 19 0.771868
73 23 0.743656
73 22 0.749595
73 35 0.635904
73 34 0.675764
73 43 0.628752
73 41 0.638857
73 39 0.657352
73 48 0.565626
73 46 0.619943
73 38 0.697990
73 40 0.680810
73 37 0.719856
73 49 0.612839
73 47 0.802658
74 11 0.269009
74 8 0.285401
74 9 0.310211
74 12 0.375252
74 13 0.401590
74 33 0.382391
74 1 0.545655
74 7 0.559358
74 3 0.562535
74 29 0.518743
74 4 0.585459
74 15 0.570506
74 5 0.592822
74 43 0.537602
74 16 0.607665
74 10 0.644152
74 32 0.593032
74 37 0.617206
74 30 0.655639
74 14 0.721913
74 42 0.674764
74 28 0.715922
74 31 0.739228
74 19 0.772544
74 17 0.785416
74 2 0.827356
74 27 0.800244
74 25 0.816881
74 34 0.804141
74 44 0.786586
74 50 0.781613
74 18 0.847287
74 0 0.890698
74 23 0.850514
74 6 0.892078
74 21 0.862523
74 38 0.827502
74 47 0.815721
74 46 0.832326
74 20 0.890920
74 45 0.846463
74 39 0.854994
74 40 0.858017
74 26 0.944958
74 48 0.909209
74 22 0.965492
74 35 0.953956
74 36 0.952222
74 41 0.953832
74 49 0.952881
74 24 1.083849
75 9 0.248568
75 11 0.298682
75 8 0.310598
75 13 0.235609
75 10 0.308788
75 12 0.279050
75 14 0.370586
75 1 0.502036
75 5 0.502578
75 0 0.644167
75 3 0.687951
75 2 0.710327
75 28 0.366062
75 31 0.369453
75 6 0.764796
75 7 0.754536
75 32 0.429329
75 30 0.445851
75 44 0.411148
75 17 0.633456
75 15 0.714757
75 4 0.868113
75 29 0.533022
75 16 0.815730
75 19 0.708772
75 18 0.776457
75 24 0.668746
75 33 0.670559
75 23 0.741111
75 27 0.742185
75 22 0.762214
75 20 0.795380
75 21 0.794669
75 46 0.685234
75 49 0.692287
75 34 0.765752
75 26 0.802458
75 40 0.780253
75 36 0.809234
75 35 0.823905
75 48 0.787966
75 39 0.844379
75 38 0.850917
75 41 0.844383
75 45 0.826951
75 25 0.925022
75 43 0.869376
75 42 0.882961
75 37 0.913767
75 47 0.901968
75 50 0.939745
76 12 0.395604
76 14 0.431787
76 30 0.427500
76 8 0.501355
76 11 0.498560
76 9 0.501880
76 13 0.525029
76 1 0.558153
76 0 0.588573
76 2 0.647316
76 7 0.668086
76 28 0.646415
76 6 0.670889
76 5 0.672885
76 31 0.715319
76 33 0.733022
76 44 0.724589
76 40 0.787277
76 32 0.812799
76 10 0.851666
76 29 0.850116
76 4 0.887819
76 3 0.951126
76 47 0.914610
76 15 0.966861
76 26 1.035419
76 18 1.062504
76 46 1.041230
76 35 1.088229
76 41 1.090082
76 34 1.098170
76 43 1.089619
76 37 1.101984
76 38 1.118871
76 22 1.146143
76 39 1.137997
76 23 1.161532
76 16 1.182985
76 27 1.178943
76 21 1.184251
76 45 1.164622
76 49 1.177530
76 50 1.185581
76 36 1.209762
76 17 1.233397
76 42 1.221856
76 19 1.248463
76 24 1.246562
76 25 1.258299
76 20 1.262879
76 48 1.244438
77 8 0.383308
77 44 0.391851
77 12 0.439938
77 32 0.419404
77 30 0.511170
77 13 0.530266
77 14 0.574505
77 10 0.678531
77 11 0.716698
77 42 0.681891
77 46 0.683568
77 36 0.701875
77 24 0.732882
77 5 0.779765
77 7 0.784151
77 0 0.793804
77 9 0.808066
77 21 0.804548
77 4 0.825775
77 35 0.799768
77 26 0.822513
77 29 0.822951
77 23 0.838009
77 50 0.807051
77 31 0.840626
77 1 0.873871
77 28 0.850963
77 19 0.868910
77 33 0.887488
77 6 0.926881
77 18 0.918738
77 3 0.933172
77 2 0.937828
77 43 0.891561
77 27 0.938070
77 38 0.924346
77 17 0.970247
77 48 0.941182
77 37 0.961303
77 45 0.963887
77 40 0.979821
77 34 0.992498
77 16 1.017062
77 15 1.031646
77 47 1.006364
77 20 1.083174
77 49 1.082140
77 41 1.099665
77 25 1.132722
77 22 1.154374
77 39 1.140053
78 9 0.390859
78 31 0.455337
78 20 0.500888
78 3 0.526901
78 1 0.552364
78 29 0.541368
78 5 0.594412
78 44 0.568114
78 25 0.631116
78 39 0.643986
78 10 0.705304
78 13 0.704124
78 28 0.699983
78 2 0.722185
78 4 0.721885
78 43 0.706045
78 34 0.728576
78 11 0.766013
78 33 0.753848
78 45 0.752655
78 30 0.779612
78 27 0.784929
78 19 0.819305
78 32 0.824229
78 14 0.842824
78 48 0.813509
78 22 0.852728
78 12 0.875686
78 35 0.854004
78 8 0.912257
78 24 0.909431
78 17 0.923552
78 26 0.937589
78 42 0.952449
78 6 0.998609
78 38 0.975447
78 0 1.017464
78 21 1.015176
78 41 1.050081
78 15 1.088674
78 23 1.090652
78 37 1.081188
78 46 1.070186
78 40 1.077466
78 7 1.117984
78 49 1.103151
78 18 1.153442
78 47 1.126167
78 36 1.146956
78 16 1.194750
78 50 1.240584
79 14 0.422896
79 12 0.468256
79 31 0.479675
79 8 0.539288
79 30 0.518208
79 28 0.541782
79 24 0.588316
79 11 0.607035
79 13 0.621652
79 9 0.644016
79 33 0.630595
79 2 0.680182
79 6 0.675477
79 36 0.684317
79 10 0.721434
79 22 0.717828
79 32 0.700030
79 34 0.698271
79 3 0.770976
79 27 0.755335
79 42 0.743500
79 40 0.746547
79 38 0.781611
79 26 0.808197
79 44 0.798059
79 29 0.821383
79 47 0.800544
79 0 0.865706
79 4 0.862430
79 49 0.869081
79 43 0.898075
79 45 0.910499
79 1 0.972309
79 41 0.957159
79 25 0.988429
79 50 0.973756
79 46 0.990536
79 19 1.031751
79 7 1.071063
79 21 1.061133
79 20 1.067584
79 23 1.073364
79 5 1.096871
79 16 1.107061
79 37 1.079281
79 35 1.086114
79 48 1.068409
79 18 1.113853
79 15 1.132414
79 17 1.154052
79 39 1.144367
80 13 0.436827
80 30 0.455956
80 31 0.768956
80 44 0.752865
80 33 0.777660
80 4 0.838601
80 3 0.852812
80 1 0.855338
80 11 0.849005
80 8 0.860647
80 29 0.961391
80 10 0.993620
80 0 1.009347
80 9 1.041664
80 19 1.098006
80 28 1.135761
80 14 1.151489
80 12 1.215480
80 32 1.218476
80 16 1.236135
80 26 1.237001
80 17 1.266989
80 5 1.299709
80 15 1.315208
80 47 1.281606
80 7 1.321437
80 37 1.323921
80 25 1.372061
80 20 1.388294
80 22 1.435666
80 43 1.432970
80 35 1.449557
80 41 1.444535
80 40 1.465389
80 39 1.467540
80 23 1.500541
80 2 1.527352
80 48 1.505784
80 18 1.546481
80 21 1.544231
80 49 1.520047
80 36 1.541452
80 34 1.574166
80 42 1.571939
80 6 1.615735
80 45 1.577690
80 50 1.573136
80 27 1.626539
80 38 1.621181
80 46 1.633716
80 24 1.658730
81 10 0.229698
81 9 0.250083
81 8 0.286715
81 3 0.395236
81 14 0.267028
81 13 0.312242
81 11 0.327756
81 12 0.323068
81 1 0.528474
81 0 0.550791
81 5 0.579748
81 4 0.716881
81 2 0.727034
81 28 0.336882
81 7 0.725547
81 30 0.346962
81 32 0.357256
81 29 0.369350
81 6 0.806199
81 31 0.496478
81 44 0.408414
81 16 0.806800
81 17 0.789439
81 20 0.653787
81 15 0.863539
81 33 0.570080
81 18 0.757612
81 23 0.688590
81 38 0.657067
81 22 0.771721
81 19 0.792534
81 25 0.746703
81 24 0.756032
81 47 0.651520
81 42 0.671459
81 37 0.743781
81 21 0.886443
81 40 0.732207
81 35 0.801892
81 34 0.825762
81 46 0.756870
81 36 0.848918
81 27 0.903618
81 50 0.627498
81 45 0.802111
81 26 0.962263
81 43 0.844159
81 39 0.896792
81 41 0.903154
81 48 0.866530
81 49 0.845653
82 11 0.392896
82 9 0.438218
82 44 0.446907
82 1 0.515627
82 30 0.511051
82 8 0.535708
82 3 0.557030
82 33 0.538200
82 0 0.583133
82 13 0.595197
82 31 0.621233
82 12 0.724943
82 4 0.744516
82 6 0.742877
82 2 0.782345
82 40 0.743614
82 5 0.803760
82 32 0.781517
82 47 0.778929
82 23 0.835144
82 29 0.850368
82 10 0.874798
82 28 0.861659
82 7 0.920641
82 21 0.907134
82 24 0.909014
82 19 0.922628
82 45 0.897801
82 14 0.948940
82 34 0.938670
82 27 0.960073
82 46 0.962289
82 17 1.011497
82 38 0.984374
82 15 1.043782
82 36 1.026390
82 25 1.045709
82 41 1.026490
82 39 1.033667
82 50 1.025445
82 43 1.055352
82 22 1.118990
82 18 1.144085
82 37 1.130840
82 20 1.165601
82 26 1.167183
82 35 1.174261
82 49 1.158989
82 48 1.170643
82 16 1.211151
82 42 1.208054
83 8 0.298776
83 9 0.365337
83 10 0.417274
83 12 0.426532
83 3 0.535823
83 7 0.533053
83 11 0.556483
83 0 0.590827
83 13 0.579705
83 32 0.548264
83 28 0.704780
83 4 0.737693
83 1 0.739910
83 2 0.761967
83 33 0.710501
83 44 0.696567
83 14 0.757212
83 29 0.743509
83 50 0.711140
83 30 0.747935
83 6 0.804436
83 5 0.857559
83 20 0.854800
83 26 0.883908
83 31 0.878978
83 43 0.866498
83 16 0.925080
83 34 0.887629
83 21 0.948206
83 18 1.016239
83 15 1.025791
83 40 0.982019
83 24 1.027394
83 48 0.980975
83 42 0.988167
83 45 0.998134
83 19 1.052715
83 25 1.055915
83 41 1.027844
83 35 1.044242
83 36 1.044634
83 22 1.086628
83 49 1.050173
83 23 1.111288
83 39 1.080156
83 46 1.085091
83 27 1.135693
83 17 1.164452
83 38 1.177924
83 37 1.206023
83 47 1.196373
84 8 0.348158
84 11 0.356849
84 9 0.370613
84 32 0.464119
84 13 0.543902
84 10 0.561407
84 28 0.572413
84 29 0.579840
84 14 0.696996
84 33 0.723846
84 3 0.785229
84 1 0.790264
84 7 0.791018
84 5 0.793793
84 44 0.716081
84 12 0.801072
84 6 0.818408
84 17 0.831756
84 31 0.821472
84 41 0.807582
84 30 0.847334
84 16 0.876616
84 23 0.891197
84 37 0.865974
84 36 0.868002
84 27 0.908397
84 39 0.879446
84 4 0.961841
84 38 0.911901
84 45 0.887928
84 15 0.975702
84 48 0.906608
84 43 0.943443
84 19 1.018359
84 0 1.054180
84 47 0.952837
84 21 1.032708
84 49 0.964429
84 20 1.050991
84 25 1.049559
84 35 1.045909
84 46 1.026029
84 24 1.103895
84 26 1.103033
84 2 1.146132
84 22 1.123405
84 42 1.069499
84 50 1.074222
84 34 1.135370
84 40 1.171393
84 18 1.256568
85 28 0.426671
85 10 0.489437
85 1 0.529149
85 8 0.525394
85 6 0.627445
85 30 0.616817
85 12 0.658171
85 31 0.659282
85 11 0.705881
85 0 0.730588
85 33 0.722873
85 22 0.742837
85 24 0.759717
85 14 0.808767
85 46 0.771089
85 32 0.833596
85 5 0.864816
85 35 0.860396
85 29 0.867558
85 20 0.878552
85 13 0.941321
85 40 0.917281
85 3 0.968630
85 44 0.958420
85 9 1.006491
85 23 0.995870
85 2 1.037095
85 48 1.008166
85 45 1.018738
85 47 1.029793
85 27 1.063039
85 26 1.081919
85 41 1.080444
85 42 1.086200
85 34 1.106581
85 4 1.155262
85 38 1.126301
85 19 1.162506
85 37 1.164972
85 15 1.215639
85 16 1.222104
85 25 1.219793
85 17 1.261219
85 36 1.251828
85 43 1.249330
85 7 1.297435
85 18 1.297031
85 21 1.332434
85 50 1.307813
85 39 1.329357
85 49 1.317514
86 32 0.379344
86 30 0.418202
86 31 0.425494
86 28 0.460857
86 8 0.513149
86 44 0.475927
86 9 0.541026
86 13 0.597009
86 29 0.630113
86 46 0.661826
86 12 0.705882
86 45 0.670878
86 36 0.713000
86 0 0.750648
86 11 0.766463
86 3 0.775093
86 10 0.771629
86 21 0.778353
86 1 0.826400
86 5 0.829469
86 14 0.834528
86 33 0.837614
86 27 0.890239
86 37 0.879732
86 16 0.943390
86 41 0.920900
86 35 1.003901
86 22 1.075478
86 40 1.081765
86 20 1.104299
86 15 1.172511
86 39 1.147003
86 38 1.153641
86 6 1.282154
86 4 1.285620
86 49 1.238935
86 2 1.289543
86 43 1.246303
86 48 1.242524
86 47 1.244254
86 19 1.275219
86 7 1.286468
86 17 1.282047
86 25 1.273856
86 23 1.277427
86 26 1.288812
86 18 1.306161
86 42 1.298796
86 34 1.315261
86 50 1.310351
86 24 1.346764
87 9 0.303367
87 8 0.349314
87 10 0.340433
87 12 0.293951
87 11 0.337920
87 14 0.318216
87 13 0.433761
87 4 0.703276
87 0 0.752482
87 3 0.755882
87 6 0.758563
87 2 0.790315
87 5 0.808327
87 1 0.824863
87 28 0.434894
87 7 0.831568
87 15 0.631134
87 30 0.469119
87 29 0.512140
87 33 0.496309
87 31 0.558791
87 25 0.606256
87 32 0.563149
87 21 0.644053
87 19 0.696045
87 27 0.655037
87 17 0.772404
87 44 0.583610
87 16 0.863392
87 22 0.764291
87 18 0.809548
87 24 0.781421
87 26 0.815499
87 37 0.771821
87 34 0.797907
87 36 0.785384
87 40 0.779361
87 35 0.836833
87 47 0.728471
87 38 0.847355
87 39 0.846505
87 23 0.942820
87 46 0.779063
87 41 0.860973
87 45 0.801590
87 49 0.829724
87 43 0.922059
87 48 0.862690
87 42 0.936199
87 20 1.101057
87 50 0.878627
88 8 0.431923
88 32 0.418938
88 11 0.445090
88 44 0.419774
88 12 0.455893
88 31 0.488738
88 29 0.513876
88 9 0.542698
88 10 0.633889
88 1 0.658980
88 13 0.649531
88 3 0.694465
88 28 0.671442
88 30 0.670160
88 33 0.668199
88 14 0.706096
88 4 0.715580
88 0 0.792444
88 5 0.790252
88 2 0.819606
88 7 1.116205
88 43 1.098074
88 40 1.108875
88 18 1.151028
88 16 1.219349
88 42 1.189773
88 19 1.227884
88 37 1.206683
88 6 1.254245
88 20 1.247822
88 26 1.247576
88 23 1.264612
88 24 1.279319
88 35 1.279806
88 15 1.301443
88 41 1.276643
88 50 1.268736
88 39 1.282115
88 46 1.276989
88 21 1.323524
88 48 1.293928
88 49 1.295798
88 27 1.325201
88 45 1.334112
88 17 1.388303
88 25 1.380441
88 38 1.367076
88 22 1.397800
88 47 1.371759
88 36 1.386950
88 34 1.393503
89 9 0.359330
89 13 0.403676
89 11 0.408864
89 14 0.470932
89 8 0.494255
89 10 0.572083
89 12 0.597090
89 3 0.692076
89 29 0.599934
89 32 0.573609
89 1 0.832794
89 31 0.614351
89 5 0.827582
89 28 0.725897
89 2 0.880843
89 0 0.884488
89 30 0.674357
89 33 0.683626
89 4 1.052319
89 7 1.061658
89 22 1.058581
89 44 0.526331
89 19 1.100970
89 6 1.151696
89 18 1.122354
89 16 1.144529
89 25 1.131276
89 35 0.840935
89 21 1.187575
89 26 1.156315
89 20 1.196546
89 23 1.210796
89 27 1.203604
89 15 1.306060
89 17 1.331245
89 34 1.002611
89 24 1.423205
89 36 1.086472
89 40 0.974216
89 45 0.898529
89 37 1.101938
89 41 0.979610
89 38 1.100818
89 43 0.952551
89 42 1.036788
89 39 1.074001
89 49 0.832453
89 47 0.854506
89 50 0.820999
89 46 1.102498
89 48 1.012273
90 10 0.402681
90 12 0.451812
90 44 0.413628
90 9 0.455455
90 3 0.504983
90 30 0.507014
90 28 0.544117
90 14 0.607504
90 11 0.653115
90 8 0.656834
90 5 0.719681
90 6 0.733980
90 7 0.740295
90 18 0.730907
90 0 0.762493
90 32 0.716063
90 42 0.865478
90 13 0.901784
90 29 0.884665
90 33 0.901858
90 16 0.921476
90 38 0.920156
90 1 0.974086
90 31 0.934288
90 24 0.943346
90 36 0.935983
90 2 1.012541
90 4 1.031817
90 19 1.034129
90 47 1.036556
90 43 1.053797
90 46 1.061797
90 20 1.114293
90 40 1.094323
90 17 1.149582
90 35 1.136815
90 26 1.155877
90 45 1.139913
90 22 1.169268
90 21 1.229679
90 49 1.222614
90 25 1.275025
90 37 1.271640
90 34 1.283846
90 41 1.273091
90 48 1.275144
90 27 1.309233
90 39 1.299825
90 50 1.293751
90 15 1.339328
90 23 1.357715
91 8 0.365428
91 9 0.413411
91 28 0.410260
91 13 0.474136
91 12 0.538770
91 5 0.555784
91 10 0.565051
91 44 0.569128
91 14 0.633543
91 3 0.670833
91 33 0.639388
91 4 0.687087
91 29 0.686202
91 31 0.683905
91 32 0.709545
91 1 0.749204
91 7 0.747516
91 30 0.801498
91 35 0.818636
91 11 0.865064
91 46 0.839141
91 19 0.883113
91 0 0.907187
91 23 0.949670
91 17 0.975185
91 20 1.000898
91 47 0.973822
91 15 1.014176
91 37 1.003598
91 24 1.036021
91 22 1.044014
91 34 1.045137
91 2 1.085415
91 43 1.043224
91 41 1.052204
91 21 1.077999
91 16 1.102010
91 42 1.074156
91 40 1.080624
91 38 1.089937
91 18 1.127367
91 49 1.106545
91 39 1.166139
91 45 1.164159
91 6 1.233771
91 48 1.188589
91 50 1.192436
91 27 1.223013
91 36 1.267994
91 25 1.362860
91 26 1.444405
92 9 0.451283
92 28 0.461171
92 10 0.477857
92 8 0.496609
92 14 0.705669
92 2 0.756856
92 13 0.790127
92 32 0.769831
92 30 0.791970
92 31 0.791622
92 21 0.802519
92 12 0.885689
92 6 0.953390
92 0 0.957892
92 4 0.955641
92 1 0.958006
92 7 0.995498
92 5 0.997363
92 11 1.021702
92 29 1.131961
92 33 1.150116
92 44 1.136131
92 42 1.138323
92 45 1.145507
92 26 1.233398
92 36 1.249671
92 24 1.319274
92 50 1.290832
92 35 1.324290
92 39 1.329431
92 37 1.331755
92 19 1.355963
92 43 1.329930
92 16 1.365546
92 3 1.375774
92 25 1.382126
92 41 1.367135
92 18 1.417663
92 38 1.407918
92 46 1.408172
92 40 1.424788
92 22 1.457118
92 15 1.513884
92 47 1.480974
92 34 1.506800
92 17 1.555814
92 23 1.559138
92 49 1.522315
92 27 1.570090
92 20 1.588312
92 48 1.688322
93 8 0.511926
93 44 0.610516
93 33 0.646213
93 11 0.705028
93 10 0.706097
93 32 0.701142
93 12 0.764256
93 30 0.748193
93 1 0.908105
93 14 0.899938
93 4 0.907631
93 21 0.951554
93 31 0.941677
93 13 0.959064
93 9 1.036081
93 19 1.028902
93 20 1.028449
93 28 1.021558
93 7 1.040796
93 29 1.098149
93 15 1.166401
93 0 1.177407
93 41 1.162004
93 49 1.185743
93 6 1.259529
93 5 1.308607
93 17 1.309184
93 3 1.328333
93 22 1.315349
93 26 1.371004
93 24 1.413291
93 27 1.436308
93 42 1.429656
93 2 1.479924
93 18 1.479346
93 25 1.481025
93 50 1.475503
93 16 1.533343
93 43 1.516862
93 48 1.520358
93 36 1.543973
93 39 1.565559
93 40 1.574111
93 35 1.590985
93 38 1.603286
93 34 1.619613
93 23 1.642818
93 37 1.625974
93 45 1.623195
93 46 1.638967
93 47 1.699231
94 14 0.585560
94 12 0.630718
94 11 0.769722
94 33 0.742089
94 30 0.758750
94 10 0.787484
94 31 0.764746
94 28 0.768580
94 8 0.791337
94 0 0.798521
94 3 0.817198
94 5 0.879454
94 1 0.919143
94 9 0.912995
94 35 0.909267
94 20 0.976948
94 32 1.002468
94 44 1.013201
94 29 1.034452
94 15 1.065578
94 13 1.068223
94 17 1.078871
94 36 1.052615
94 2 1.104646
94 27 1.090468
94 45 1.171351
94 37 1.182167
94 23 1.204343
94 34 1.254517
94 7 1.298522
94 39 1.294969
94 22 1.327195
94 25 1.323410
94 24 1.347097
94 43 1.330824
94 41 1.344954
94 47 1.349136
94 38 1.376614
94 19 1.418960
94 4 1.442129
94 6 1.440906
94 46 1.392973
94 16 1.443914
94 21 1.481857
94 48 1.468393
94 18 1.520060
94 26 1.518575
94 40 1.508400
94 50 1.505863
94 49 1.599613
94 42 1.619968
95 10 0.521789
95 3 0.598918
95 0 0.710597
95 8 0.766202
95 12 0.802154
95 9 0.858423
95 29 0.837828
95 4 0.896300
95 44 0.855442
95 20 0.908198
95 31 0.908805
95 14 0.959135
95 30 0.947422
95 34 0.944498
95 32 0.981076
95 28 0.985889
95 33 0.981748
95 11 1.040811
95 6 1.045794
95 47 0.999495
95 13 1.043678
95 5 1.057342
95 16 1.059450
95 26 1.094622
95 2 1.124475
95 25 1.112950
95 7 1.139114
95 36 1.113144
95 24 1.147604
95 1 1.179499
95 18 1.190818
95 38 1.194414
95 43 1.189358
95 39 1.213917
95 15 1.252343
95 27 1.237111
95 19 1.271438
95 40 1.241623
95 21 1.275343
95 23 1.323071
95 35 1.311465
95 46 1.304943
95 37 1.341335
95 48 1.346738
95 22 1.409650
95 42 1.403153
95 17 1.444205
95 49 1.403079
95 45 1.409030
95 50 1.406662
95 41 1.524090
96 11 0.478857
96 29 0.551843
96 31 0.541365
96 9 0.610520
96 12 0.607723
96 13 0.608170
96 33 0.545224
96 3 0.692219
96 32 0.636279
96 7 0.725530
96 28 0.674578
96 5 0.764913
96 2 0.778064
96 14 0.778827
96 30 0.725420
96 8 0.805684
96 44 0.729461
96 0 0.873032
96 38 0.799925
96 50 0.801113
96 40 0.846497
96 10 0.929996
96 6 0.951126
96 45 0.878430
96 15 0.966452
96 1 1.004552
96 36 0.946456
96 20 0.993895
96 42 0.948403
96 37 0.977089
96 4 1.066673
96 35 1.004265
96 47 1.014607
96 25 1.069902
96 41 1.046517
96 23 1.097532
96 39 1.053927
96 18 1.115951
96 16 1.131458
96 46 1.072624
96 43 1.085982
96 17 1.209931
96 27 1.189245
96 22 1.229249
96 24 1.243090
96 34 1.231975
96 49 1.210943
96 21 1.279471
96 48 1.229185
96 26 1.277443
96 19 1.323936
97 9 0.425687
97 10 0.489998
97 28 0.594867
97 5 0.678496
97 1 0.700091
97 4 0.731470
97 20 0.744583
97 19 0.779312
97 6 0.840415
97 23 0.830004
97 48 0.810725
97 8 0.870671
97 21 0.862715
97 29 0.849195
97 12 0.902132
97 32 0.881161
97 7 0.907620
97 31 0.884190
97 13 0.922989
97 3 0.930485
97 46 0.886047
97 33 0.902910
97 44 0.918316
97 0 1.003706
97 11 0.996928
97 30 0.993607
97 14 1.022231
97 2 1.066396
97 18 1.094142
97 17 1.117773
97 36 1.098955
97 43 1.153722
97 24 1.239909
97 45 1.218298
97 47 1.217598
97 34 1.236244
97 39 1.234869
97 41 1.255027
97 42 1.289813
97 40 1.307232
97 22 1.338277
97 27 1.376182
97 15 1.395264
97 35 1.384061
97 38 1.394803
97 26 1.416306
97 16 1.451860
97 25 1.445538
97 37 1.431504
97 49 1.469182
97 50 1.484982
98 11 0.676990
98 13 0.740323
98 1 0.748753
98 9 0.801122
98 3 0.806198
98 31 0.849471
98 10 0.968963
98 14 0.966822
98 34 1.035491
98 8 1.062724
98 12 1.061907
98 6 1.066774
98 22 1.056407
98 2 1.120413
98 0 1.122218
98 27 1.104147
98 30 1.122570
98 44 1.147474
98 7 1.228975
98 25 1.217304
98 45 1.208161
98 28 1.251084
98 29 1.291913
98 40 1.321714
98 35 1.368412
98 32 1.383544
98 24 1.410828
98 26 1.423736
98 42 1.429148
98 50 1.419979
98 43 1.444928
98 17 1.505783
98 5 1.537604
98 33 1.523004
98 37 1.533024
98 48 1.528186
98 21 1.659090
98 19 1.661496
98 23 1.670221
98 46 1.649228
98 36 1.682476
98 20 1.726301
98 47 1.701365
98 41 1.710232
98 4 1.762369
98 39 1.737413
98 15 1.777280
98 16 1.812359
98 38 1.806209
98 18 1.899842
98 49 1.939502
99 8 0.540121
99 14 0.666881
99 13 0.812547
99 20 0.879154
99 28 0.994953
99 12 1.014999
99 17 1.012389
99 10 1.017643
99 11 1.065546
99 32 1.042118
99 0 1.074231
99 31 1.046202
99 3 1.127133
99 41 1.115248
99 30 1.137069
99 44 1.114613
99 2 1.226367
99 1 1.260283
99 7 1.256887
99 29 1.274994
99 9 1.297643
99 33 1.289278
99 36 1.304152
99 38 1.300535
99 5 1.340546
99 6 1.351796
99 35 1.374954
99 43 1.401825
99 4 1.451436
99 26 1.449048
99 46 1.440202
99 15 1.502713
99 42 1.483217
99 21 1.535590
99 49 1.510472
99 47 1.530843
99 16 1.623529
99 50 1.617313
99 27 1.664169
99 37 1.667643
99 39 1.679786
99 24 1.717675
99 18 1.762469
99 45 1.761324
99 23 1.824873
99 22 1.840333
99 19 1.844381
99 40 1.829285
99 48 1.830218
99 25 1.882116
99 34 1.879919
100 8 0.331121
100 9 0.346165
100 13 0.439831
100 11 0.454858
100 10 0.489286
100 12 0.480377
100 5 0.621755
100 0 0.653991
100 3 0.667250
100 1 0.681734
100 2 0.686241
100 32 0.224456
100 29 0.285287
100 28 0.428884
100 14 0.762169
100 33 0.339425
100 31 0.364088
100 4 0.897017
100 7 0.950200
100 30 0.474358
100 44 0.317886
100 21 0.974938
100 19 0.996528
100 15 1.059118
100 25 0.809055
100 20 1.068977
100 23 1.020803
100 18 1.118662
100 17 1.120363
100 27 0.846573
100 16 1.181539
100 6 1.287285
100 42 0.683400
100 24 0.985084
100 39 0.717810
100 26 0.940740
100 50 0.599129
100 22 1.238550
100 48 0.716053
100 41 0.771367
100 38 0.821876
100 47 0.766621
100 34 0.920382
100 36 0.875013
100 43 0.848166
100 40 0.863664
100 49 0.776908
100 45 0.841891
100 35 0.982646
100 46 0.992031
100 37 1.138328
101 12 0.485908
101 9 0.579314
101 3 0.638741
101 0 0.641259
101 1 0.645275
101 44 0.593156
101 5 0.643802
101 8 0.712296
101 4 0.801653
101 31 0.823792
101 13 0.885505
101 2 0.893567
101 46 0.845660
101 7 0.928259
101 14 0.923962
101 30 0.902941
101 11 0.927605
101 6 0.949268
101 28 0.930061
101 29 0.960503
101 10 1.016996
101 33 0.990983
101 32 1.009294
101 39 1.055991
101 37 1.059069
101 20 1.121485
101 41 1.089957
101 16 1.137953
101 19 1.168529
101 36 1.238248
101 38 1.235193
101 45 1.224925
101 17 1.269795
101 35 1.246452
101 23 1.266051
101 40 1.238525
101 18 1.305819
101 26 1.319108
101 48 1.293227
101 49 1.292826
101 15 1.352829
101 43 1.334497
101 42 1.348642
101 50 1.336939
101 34 1.363430
101 47 1.384013
101 24 1.434735
101 25 1.434205
101 21 1.440790
101 27 1.444361
101 22 1.541606
102 14 0.468833
102 44 0.468771
102 1 0.625232
102 31 0.575316
102 3 0.622576
102 10 0.632019
102 12 0.625973
102 5 0.665217
102 28 0.673904
102 11 0.710428
102 9 0.748215
102 30 0.724803
102 13 0.752640
102 2 0.808832
102 8 0.799970
102 16 0.815620
102 17 0.814861
102 23 0.841399
102 25 0.857291
102 32 0.849840
102 29 0.864794
102 15 0.902763
102 0 0.943194
102 33 0.889234
102 24 0.908343
102 4 0.943504
102 21 0.920807
102 42 0.897187
102 49 0.903677
102 27 1.038154
102 26 1.039852
102 41 1.022886
102 7 1.082562
102 50 1.051635
102 39 1.064110
102 38 1.078042
102 45 1.077394
102 40 1.107921
102 36 1.118952
102 6 1.177520
102 46 1.127354
102 37 1.141398
102 47 1.142531
102 18 1.175637
102 22 1.180847
102 19 1.200091
102 34 1.192227
102 35 1.200805
102 20 1.232529
102 43 1.214505
102 48 1.260799
103 30 0.521926
103 32 0.555090
103 13 0.581056
103 28 0.604893
103 12 0.673061
103 8 0.745977
103 6 0.748324
103 0 0.752945
103 44 0.716918
103 10 0.805292
103 14 0.803021
103 16 0.802699
103 20 0.833829
103 31 0.836977
103 11 0.902590
103 21 0.895275
103 33 0.878959
103 18 0.934791
103 29 0.955298
103 35 0.949312
103 40 0.943292
103 9 1.006443
103 4 1.046610
103 25 1.053771
103 17 1.085672
103 22 1.114594
103 2 1.142496
103 19 1.143143
103 43 1.123444
103 41 1.127090
103 15 1.160445
103 45 1.135961
103 26 1.176012
103 3 1.253871
103 36 1.233510
103 46 1.221061
103 24 1.279473
103 42 1.268711
103 38 1.274521
103 5 1.320768
103 48 1.272930
103 34 1.292196
103 7 1.331962
103 39 1.345693
103 37 1.362742
103 1 1.414780
103 49 1.451967
103 23 1.489392
103 27 1.485598
103 50 1.454065
103 47 1.520223
104 13 0.443444
104 9 0.468744
104 14 0.506759
104 29 0.604303
104 33 0.617121
104 0 0.699796
104 11 0.693922
104 31 0.697456
104 3 0.802851
104 1 0.838883
104 7 0.843093
104 8 0.850173
104 28 0.828417
104 12 0.880294
104 38 0.838027
104 30 0.860347
104 43 0.849399
104 5 0.926299
104 36 0.889415
104 35 0.892594
104 2 0.970111
104 44 0.938898
104 10 1.008701
104 50 0.954435
104 4 1.051940
104 32 0.997135
104 47 0.996061
104 19 1.060554
104 22 1.059638
104 15 1.097549
104 16 1.101955
104 24 1.086245
104 17 1.108945
104 46 1.064268
104 45 1.073728
104 41 1.098329
104 6 1.172056
104 39 1.115404
104 26 1.160085
104 21 1.203640
104 49 1.179987
104 18 1.241337
104 48 1.188416
104 42 1.196715
104 25 1.263427
104 40 1.241925
104 20 1.282344
104 23 1.326097
104 27 1.333882
104 37 1.310186
104 34 1.351452
105 8 0.395682
105 10 0.498963
105 0 0.556639
105 28 0.682819
105 1 0.763818
105 9 0.738258
105 5 0.789443
105 4 0.863356
105 6 0.912510
105 33 0.859609
105 18 0.915093
105 12 0.922089
105 14 0.949855
105 44 0.888773
105 11 0.955539
105 7 0.967843
105 40 0.933175
105 29 0.994578
105 31 0.993511
105 13 1.017887
105 3 1.060568
105 30 0.997204
105 32 0.990878
105 2 1.122404
105 36 1.064962
105 43 1.208350
105 35 1.250242
105 25 1.310195
105 16 1.355270
105 39 1.314100
105 37 1.327100
105 19 1.365621
105 45 1.323499
105 47 1.338621
105 23 1.408131
105 34 1.408308
105 24 1.440957
105 15 1.477201
105 26 1.491910
105 17 1.510171
105 46 1.460074
105 22 1.539891
105 38 1.539103
105 48 1.531985
105 27 1.610058
105 21 1.630919
105 42 1.585796
105 20 1.639821
105 41 1.592355
105 49 1.598168
105 50 1.600522
106 0 0.755322
106 32 0.724709
106 4 0.785538
106 11 0.818456
106 1 0.836009
106 13 0.888497
106 9 0.949882
106 33 0.925653
106 17 1.013013
106 3 1.032247
106 31 1.007412
106 29 1.049772
106 30 1.049079
106 2 1.076861
106 12 1.080531
106 28 1.068266
106 14 1.118097
106 36 1.104692
106 44 1.106443
106 18 1.168485
106 10 1.175567
106 47 1.147592
106 46 1.149899
106 5 1.195298
106 34 1.176592
106 41 1.190583
106 37 1.198749
106 8 1.250161
106 15 1.256990
106 24 1.345399
106 45 1.328098
106 20 1.386178
106 22 1.408593
106 42 1.381812
106 7 1.421195
106 40 1.387528
106 26 1.444156
106 19 1.514267
106 27 1.506950
106 21 1.532181
106 50 1.505495
106 35 1.526870
106 16 1.557404
106 25 1.570583
106 23 1.573219
106 38 1.554772
106 43 1.557295
106 6 1.665500
106 49 1.633415
106 48 1.635424
106 39 1.670862
107 28 0.478604
107 12 0.671149
107 8 0.708296
107 13 0.766584
107 0 0.776818
107 32 0.786454
107 30 0.788271
107 14 0.870421
107 44 0.849616
107 10 0.919088
107 29 1.034090
107 26 1.037827
107 6 1.086091
107 11 1.125011
107 41 1.094401
107 33 1.103679
107 9 1.128807
107 36 1.103109
107 46 1.123257
107 4 1.166936
107 37 1.175886
107 19 1.217789
107 31 1.206616
107 25 1.227746
107 23 1.249128
107 22 1.264697
107 17 1.285731
107 2 1.325395
107 5 1.337127
107 43 1.339362
107 45 1.389727
107 35 1.421249
107 16 1.471151
107 3 1.509324
107 49 1.472990
107 21 1.505074
107 24 1.525413
107 1 1.580552
107 15 1.580792
107 34 1.571132
107 42 1.562896
107 27 1.589846
107 50 1.572516
107 47 1.578237
107 38 1.617307
107 39 1.616813
107 20 1.639474
107 40 1.641982
107 18 1.678198
107 7 1.716956
107 48 1.685793
108 12 0.471884
108 11 0.473221
108 13 0.556901
108 31 0.561511
108 9 0.596459
108 29 0.610397
108 10 0.645342
108 33 0.641019
108 32 0.660508
108 30 0.679383
108 28 0.710803
108 8 0.888974
108 14 0.916554
108 44 0.916895
108 4 0.991328
108 3 1.029464
108 0 1.189502
108 35 1.188849
108 46 1.247881
108 5 1.306468
108 15 1.299080
108 1 1.311623
108 16 1.377189
108 37 1.362663
108 24 1.385178
108 40 1.396881
108 22 1.453599
108 27 1.509491
108 45 1.497344
108 7 1.555786
108 36 1.554840
108 43 1.554850
108 2 1.613910
108 41 1.581610
108 21 1.649781
108 25 1.661389
108 26 1.664675
108 49 1.643678
108 42 1.682281
108 47 1.692568
108 18 1.732018
108 39 1.736850
108 6 1.793776
108 34 1.781078
108 48 1.763932
108 20 1.820683
108 38 1.830089
108 50 1.835699
108 23 1.915277
108 17 1.960226
108 19 1.979593
109 10 0.584302
109 0 0.681896
109 44 0.638734
109 8 0.693171
109 14 0.702183
109 28 0.696206
109 32 0.716504
109 4 0.786518
109 2 0.822682
109 11 0.829356
109 9 0.831698
109 13 0.846962
109 29 0.893005
109 16 0.922997
109 30 0.903735
109 22 0.917854
109 12 0.928903
109 3 0.968469
109 31 0.937515
109 18 0.956801
109 1 0.974258
109 6 0.986747
109 33 1.014407
109 40 1.057122
109 7 1.144835
109 5 1.157539
109 39 1.169978
109 26 1.197873
109 34 1.206160
109 38 1.246309
109 23 1.274412
109 50 1.247445
109 43 1.255924
109 42 1.276836
109 37 1.285207
109 45 1.281258
109 48 1.285413
109 47 1.294986
109 46 1.296646
109 21 1.333472
109 27 1.330125
109 49 1.302532
109 15 1.383495
109 24 1.380636
109 20 1.394516
109 41 1.366089
109 36 1.382136
109 25 1.395173
109 35 1.391816
109 19 1.417629
109 17 1.434835
110 11 0.422414
110 14 0.422303
110 8 0.462431
110 12 0.647593
110 9 0.749317
110 13 0.849190
110 1 0.858576
110 10 0.853204
110 28 0.740831
110 20 0.949497
110 4 0.965287
110 3 1.020830
110 21 1.008209
110 2 1.022999
110 31 0.550974
110 29 0.801509
110 15 1.095953
110 7 1.108612
110 24 1.099842
110 18 1.107658
110 5 1.147874
110 32 0.656779
110 19 1.143430
110 0 1.169124
110 30 0.749120
110 33 0.701752
110 6 1.226158
110 16 1.247576
110 22 1.242657
110 44 0.496701
110 26 1.278099
110 25 1.355065
110 17 1.373628
110 35 0.904874
110 42 0.786832
110 36 0.910938
110 27 1.368732
110 34 1.010088
110 39 0.951482
110 37 0.991252
110 38 0.975231
110 41 0.954348
110 40 0.984710
110 50 0.723791
110 45 0.829182
110 23 1.705239
110 46 0.875777
110 43 0.988374
110 48 0.841201
110 47 0.862071
110 49 0.859929
111 8 0.535836
111 2 0.578089
111 11 0.573306
111 14 0.601156
111 30 0.610714
111 4 0.667654
111 3 0.677757
111 28 0.654119
111 44 0.635935
111 10 0.726475
111 31 0.754572
111 5 0.805285
111 18 0.820496
111 13 0.866837
111 47 0.837592
111 32 0.867994
111 0 0.902092
111 42 0.864366
111 22 0.931923
111 9 0.965132
111 29 0.950991
111 12 0.981441
111 17 0.978720
111 27 1.038952
111 7 1.076686
111 16 1.085633
111 6 1.099012
111 33 1.079029
111 25 1.115911
111 38 1.102168
111 20 1.131904
111 41 1.115495
111 21 1.145155
111 19 1.157596
111 43 1.152195
111 48 1.152782
111 46 1.155413
111 36 1.177202
111 23 1.211458
111 15 1.239158
111 26 1.238776
111 35 1.240818
111 49 1.238894
111 34 1.263772
111 39 1.283002
111 1 1.330889
111 45 1.281811
111 50 1.295950
111 24 1.352250
111 37 1.368253
111 40 1.400511
112 8 0.809686
112 12 0.859235
112 1 0.938626
112 14 0.984653
112 0 1.012161
112 6 1.029751
112 5 1.031544
112 30 1.004103
112 20 1.131511
112 9 1.141591
112 24 1.140410
112 10 1.153760
112 17 1.228256
112 45 1.189501
112 4 1.239064
112 19 1.228982
112 40 1.252565
112 7 1.291924
112 32 1.263357
112 28 1.287817
112 13 1.354914
112 44 1.334027
112 31 1.353922
112 11 1.396439
112 16 1.395356
112 29 1.501954
112 43 1.483375
112 36 1.493891
112 33 1.499040
112 26 1.507366
112 39 1.491834
112 38 1.543372
112 27 1.583288
112 2 1.623051
112 42 1.576773
112 50 1.650342
112 15 1.700644
112 48 1.655517
112 34 1.700560
112 22 1.736593
112 3 1.809424
112 35 1.791428
112 47 1.796501
112 46 1.797595
112 18 1.855313
112 37 1.860901
112 21 1.904598
112 25 1.901377
112 41 1.903314
112 49 1.917001
112 23 2.104784
113 13 0.537458
113 8 0.549589
113 32 0.567416
113 10 0.601627
113 30 0.588374
113 9 0.685518
113 29 0.670295
113 12 0.728628
113 33 0.728942
113 11 0.809209
113 31 0.835158
113 14 0.911070
113 44 0.900717
113 0 0.978998
113 2 1.024442
113 7 1.051053
113 1 1.078673
113 28 1.086596
113 50 1.061055
113 3 1.145123
113 43 1.118395
113 4 1.182013
113 16 1.176117
113 36 1.158443
113 18 1.198422
113 46 1.169677
113 5 1.224234
113 20 1.210079
113 42 1.189701
113 49 1.193124
113 6 1.275569
113 15 1.274168
113 21 1.267838
113 39 1.245945
113 45 1.264027
113 34 1.291868
113 35 1.303389
113 48 1.296656
113 41 1.312884
113 40 1.324369
113 17 1.384604
113 26 1.435754
113 47 1.445952
113 38 1.463232
113 37 1.470288
113 27 1.510618
113 24 1.523805
113 19 1.545532
113 25 1.584369
113 22 1.634432
113 23 1.647878
114 9 0.541460
114 10 0.557244
114 8 0.572640
114 11 0.604011
114 12 0.603810
114 3 0.740760
114 0 0.744686
114 13 0.857988
114 1 0.896161
114 14 0.859763
114 32 0.878490
114 31 0.892796
114 4 0.994514
114 30 0.992076
114 5 1.067612
114 29 1.021541
114 28 1.035554
114 33 1.017756
114 2 1.151986
114 44 0.528714
114 6 1.303739
114 18 1.295451
114 7 1.364731
114 16 1.357909
114 40 0.874278
114 15 1.497294
114 19 1.549056
114 25 1.577686
114 22 1.615061
114 24 1.616150
114 36 1.114342
114 21 1.653613
114 27 1.661609
114 20 1.682725
114 37 1.168155
114 26 1.703222
114 17 1.733680
114 35 1.565503
114 46 1.118220
114 45 1.124338
114 43 1.177187
114 34 1.779290
114 41 1.293228
114 23 1.885728
114 42 1.303303
114 50 1.094067
114 39 1.396591
114 48 1.254062
114 38 1.484000
114 49 1.268022
114 47 1.416210
115 30 0.508588
115 31 0.534010
115 14 0.558109
115 44 0.557038
115 8 0.598662
115 10 0.599904
115 12 0.633998
115 0 0.685832
115 28 0.667221
115 2 0.816772
115 45 0.771476
115 49 0.833479
115 36 0.851307
115 32 0.877158
115 6 0.903971
115 26 0.931070
115 17 0.983603
115 16 0.984927
115 13 0.987320
115 22 1.006253
115 4 1.019673
115 25 1.005050
115 11 1.018465
115 29 1.010955
115 18 1.038617
115 48 1.000525
115 41 1.019369
115 9 1.066882
115 19 1.066746
115 39 1.040743
115 5 1.087111
115 33 1.069891
115 42 1.067494
115 1 1.132218
115 34 1.101151
115 38 1.095624
115 35 1.140206
115 3 1.211647
115 46 1.165409
115 47 1.175754
115 27 1.205148
115 24 1.217751
115 21 1.267188
115 15 1.287571
115 43 1.275071
115 7 1.324642
115 23 1.349357
115 20 1.361904
115 40 1.335867
115 50 1.347965
115 37 1.447553
116 11 0.509330
116 29 0.530648
116 10 0.734227
116 32 0.802851
116 13 0.863115
116 14 0.863128
116 22 0.898356
116 8 0.909406
116 12 1.012332
116 3 1.019835
116 28 0.993115
116 5 1.019481
116 18 1.011790
116 4 1.021666
116 9 1.018739
116 31 1.015555
116 0 1.051581
116 44 1.012688
116 25 1.115653
116 1 1.140623
116 33 1.107882
116 17 1.132785
116 6 1.183750
116 30 1.156649
116 37 1.248157
116 20 1.323247
116 46 1.289685
116 41 1.309777
116 2 1.387343
116 38 1.359015
116 50 1.367712
116 36 1.426472
116 27 1.451913
116 16 1.470198
116 43 1.439865
116 19 1.496645
116 34 1.485096
116 40 1.565881
116 15 1.605567
116 39 1.569211
116 49 1.554855
116 47 1.558483
116 7 1.624023
116 48 1.580025
116 23 1.624556
116 35 1.600355
116 21 1.627746
116 42 1.596085
116 26 1.627870
116 24 1.647149
116 45 1.644762
117 14 0.561911
117 12 0.586576
117 13 0.586398
117 10 0.690785
117 11 0.888166
117 29 0.962069
117 44 0.960633
117 28 1.034717
117 1 1.162955
117 0 1.164292
117 8 1.159267
117 22 1.171514
117 15 1.180544
117 46 1.212126
117 43 1.237009
117 2 1.348810
117 31 1.320861
117 36 1.339041
117 9 1.419676
117 33 1.519408
117 42 1.508582
117 30 1.525421
117 23 1.539482
117 32 1.525997
117 4 1.577444
117 20 1.566275
117 26 1.564602
117 21 1.599927
117 34 1.681273
117 47 1.692904
117 3 1.758364
117 35 1.726139
117 49 1.706419
117 25 1.736802
117 17 1.749588
117 40 1.735368
117 27 1.765283
117 48 1.754541
117 45 1.758411
117 24 1.815974
117 16 1.863993
117 6 1.909750
117 37 1.878295
117 19 1.914500
117 18 1.976571
117 38 1.963049
117 41 1.984451
117 5 2.040837
117 50 2.017192
117 39 2.067666
117 7 2.104825
118 10 0.522819
118 12 0.556368
118 8 0.609763
118 32 0.790831
118 28 0.812031
118 33 0.806425
118 44 0.924048
118 0 0.984208
118 31 0.997990
118 29 1.031620
118 1 1.122873
118 3 1.123052
118 13 1.161859
118 4 1.170624
118 21 1.158595
118 5 1.172152
118 11 1.168537
118 9 1.170483
118 14 1.189429
118 30 1.191327
118 2 1.237502
118 47 1.297464
118 48 1.358360
118 37 1.385660
118 36 1.411108
118 46 1.457999
118 19 1.544475
118 42 1.620914
118 18 1.650676
118 22 1.646034
118 15 1.654393
118 17 1.653405
118 41 1.625884
118 6 1.661566
118 34 1.635073
118 50 1.641630
118 35 1.682617
118 38 1.680986
118 26 1.717531
118 40 1.715742
118 7 1.751788
118 43 1.725672
118 16 1.758069
118 25 1.760946
118 24 1.772457
118 23 1.805601
118 39 1.788426
118 20 1.822336
118 27 1.837530
118 49 1.858937
118 45 1.877667
119 10 0.518857
119 30 0.652718
119 8 0.677251
119 14 0.747963
119 44 0.734819
119 12 0.779134
119 0 0.858468
119 1 0.891186
119 2 0.981278
119 9 0.993890
119 32 1.001477
119 46 1.010445
119 28 1.037619
119 13 1.242334
119 33 1.230331
119 16 1.262404
119 31 1.245330
119 11 1.269320
119 40 1.238541
119 48 1.259447
119 42 1.268254
119 29 1.317169
119 4 1.358266
119 17 1.357107
119 21 1.370373
119 23 1.407290
119 3 1.428658
119 19 1.448117
119 26 1.475652
119 36 1.467512
119 18 1.501988
119 45 1.518994
119 50 1.521262
119 20 1.575315
119 34 1.561783
119 6 1.649017
119 49 1.605490
119 5 1.668848
119 24 1.668281
119 22 1.677699
119 27 1.680924
119 39 1.664669
119 41 1.671788
119 37 1.701338
119 43 1.701525
119 38 1.713566
119 7 1.762422
119 47 1.731368
119 25 1.776667
119 15 1.830211
119 35 1.842230
120 11 0.650774
120 9 0.719398
120 10 0.754056
120 14 0.816788
120 32 0.917922
120 8 1.026782
120 0 1.143351
120 12 1.216376
120 31 1.186587
120 3 1.229788
120 4 1.229840
120 28 1.194420
120 1 1.232690
120 5 1.348377
120 2 1.351362
120 30 1.538832
120 7 1.573873
120 13 1.568146
120 33 1.535096
120 6 1.607202
120 29 1.571931
120 44 1.546798
120 42 1.726537
120 24 1.762252
120 17 1.773544
120 38 1.735448
120 19 1.771748
120 18 1.775116
120 49 1.801311
120 46 1.812814
120 16 1.903599
120 26 1.923877
120 35 1.909149
120 21 1.961927
120 50 1.931335
120 22 2.037649
120 27 2.030848
120 36 2.035860
120 41 2.044268
120 39 2.047486
120 34 2.063166
120 47 2.077324
120 48 2.097955
120 37 2.126764
120 45 2.110137
120 23 2.180530
120 43 2.144551
120 15 2.313582
120 25 2.302904
120 20 2.308545
120 40 2.274007
