21 0 0.092050
21 1 0.169660
21 3 0.176269
21 4 0.193993
21 2 0.212698
21 8 0.127289
21 5 0.214520
21 10 0.058907
21 6 0.212077
21 7 0.158851
21 11 0.075529
21 9 0.113092
21 12 0.109979
21 14 0.108276
21 13 0.121016
21 16 0.118802
21 15 0.133086
21 18 0.130712
21 17 0.146543
21 19 0.146027
21 21 0.151348
21 22 0.175158
21 24 0.178224
21 32 0.173674
21 20 0.219177
21 23 0.207785
21 44 0.172968
21 28 0.200465
21 26 0.211472
21 29 0.206577
21 33 0.198821
21 30 0.204523
21 34 0.200353
21 27 0.218939
21 43 0.191568
21 31 0.210375
21 37 0.203658
21 46 0.189183
21 45 0.190724
21 36 0.207908
21 42 0.198642
21 47 0.191788
21 48 0.190157
21 25 0.230944
21 41 0.205884
21 49 0.192875
21 40 0.209096
21 35 0.220793
21 38 0.215508
21 50 0.205654
21 39 0.223814
22 3 0.124519
22 5 0.128109
22 1 0.134406
22 0 0.137525
22 6 0.135723
22 2 0.140330
22 4 0.179837
22 8 0.175488
22 9 0.175601
22 7 0.190536
22 10 0.188645
22 14 0.188657
22 12 0.211703
22 11 0.219352
22 13 0.225112
22 15 0.231218
22 17 0.244378
22 16 0.250008
22 33 0.218155
22 29 0.233647
22 21 0.257049
22 41 0.217135
22 27 0.255839
22 24 0.255520
22 39 0.224982
22 36 0.231932
22 19 0.266549
22 31 0.249461
22 44 0.228214
22 26 0.268383
22 34 0.249576
22 43 0.231639
22 18 0.280588
22 30 0.261196
22 49 0.209575
22 32 0.256319
22 37 0.245360
22 28 0.270466
22 23 0.280918
22 40 0.243694
22 22 0.281931
22 38 0.252790
22 47 0.235426
22 45 0.241715
22 25 0.288506
22 20 0.295939
22 50 0.211413
22 35 0.271359
22 42 0.254688
22 48 0.242626
22 46 0.250450
23 3 0.107104
23 4 0.111116
23 0 0.119039
23 5 0.174623
23 11 0.185634
23 2 0.193509
23 8 0.212102
23 1 0.220059
23 12 0.227581
23 32 0.217508
23 14 0.235692
23 10 0.238063
23 9 0.241404
23 21 0.235540
23 13 0.243423
23 30 0.232597
23 31 0.240729
23 16 0.255271
23 28 0.244763
23 35 0.236804
23 42 0.232491
23 33 0.244015
23 20 0.257756
23 18 0.259615
23 6 0.269485
23 34 0.245884
23 17 0.263035
23 7 0.271460
23 44 0.238905
23 19 0.264545
23 50 0.232560
23 26 0.260568
23 47 0.238445
23 40 0.246543
23 29 0.259076
23 22 0.266445
23 38 0.249244
23 45 0.244089
23 41 0.249041
23 27 0.264118
23 37 0.254036
23 36 0.255023
23 15 0.278062
23 24 0.271911
23 25 0.272601
23 43 0.256132
23 46 0.254697
23 39 0.262763
23 23 0.280543
23 48 0.257643
23 49 0.257389
24 5 0.096991
24 0 0.100814
24 2 0.103468
24 3 0.161215
24 1 0.169150
24 4 0.176473
24 10 0.184959
24 7 0.189122
24 9 0.216087
24 6 0.223718
24 14 0.220522
24 12 0.222875
24 11 0.223685
24 13 0.226426
24 29 0.219406
24 20 0.228991
24 8 0.244209
24 22 0.235431
24 33 0.224116
24 17 0.241664
24 31 0.227784
24 48 0.212631
24 39 0.223974
24 15 0.248801
24 24 0.241515
24 28 0.237693
24 30 0.237052
24 32 0.235188
24 44 0.222972
24 26 0.242712
24 46 0.221389
24 41 0.228288
24 25 0.245398
24 37 0.233185
24 42 0.230952
24 35 0.238148
24 38 0.236180
24 18 0.257955
24 27 0.249699
24 47 0.229822
24 19 0.260019
24 43 0.235304
24 23 0.257434
24 50 0.229663
24 49 0.231847
24 34 0.247535
24 40 0.242125
24 36 0.246373
24 21 0.262941
24 45 0.237888
24 16 0.268819
25 3 0.094579
25 5 0.093383
25 0 0.108863
25 2 0.107759
25 1 0.167238
25 4 0.176766
25 8 0.175789
25 6 0.186138
25 7 0.215792
25 9 0.218855
25 13 0.229860
25 11 0.231649
25 14 0.229878
25 20 0.226948
25 29 0.217433
25 31 0.215547
25 32 0.224230
25 30 0.229397
25 28 0.232611
25 19 0.245230
25 41 0.227895
25 38 0.233703
25 39 0.233201
25 26 0.248537
25 44 0.230256
25 10 0.270099
25 45 0.233708
25 34 0.247292
25 22 0.261702
25 12 0.271472
25 48 0.234438
25 15 0.271385
25 33 0.252213
25 27 0.261550
25 43 0.247361
25 21 0.274020
25 37 0.256871
25 49 0.245125
25 35 0.261149
25 47 0.249299
25 16 0.285683
25 17 0.285227
25 24 0.278814
25 36 0.265141
25 25 0.278322
25 50 0.250239
25 18 0.286902
25 23 0.281998
25 40 0.266246
25 42 0.269099
25 46 0.267431
26 6 0.085948
26 0 0.103624
26 5 0.148784
26 2 0.157233
26 3 0.176313
26 1 0.182091
26 4 0.184214
26 11 0.185335
26 9 0.197013
26 10 0.221604
26 34 0.208673
26 14 0.242895
26 23 0.236586
26 32 0.230148
26 29 0.235265
26 12 0.251819
26 17 0.248483
26 25 0.241570
26 39 0.227046
26 33 0.233819
26 8 0.258520
26 13 0.254618
26 19 0.250055
26 20 0.249430
26 47 0.222564
26 46 0.223483
26 22 0.249012
26 31 0.240245
26 37 0.233897
26 44 0.226775
26 16 0.256325
26 42 0.230408
26 50 0.222121
26 38 0.236904
26 21 0.254989
26 28 0.247669
26 24 0.252548
26 48 0.228268
26 49 0.227184
26 27 0.250469
26 30 0.247159
26 18 0.259532
26 26 0.252305
26 41 0.237021
26 35 0.244824
26 43 0.238065
26 15 0.267228
26 7 0.278195
26 36 0.250896
26 45 0.242388
26 40 0.255986
27 1 0.098684
27 5 0.095192
27 0 0.105116
27 2 0.156336
27 3 0.169460
27 4 0.180841
27 10 0.176416
27 9 0.193237
27 8 0.208188
27 23 0.228133
27 33 0.221645
27 12 0.242486
27 38 0.217847
27 19 0.238704
27 24 0.234134
27 6 0.249411
27 28 0.233213
27 16 0.246674
27 26 0.237680
27 25 0.239203
27 20 0.245203
27 34 0.230860
27 11 0.255078
27 30 0.237893
27 18 0.251249
27 37 0.232468
27 7 0.260606
27 27 0.243759
27 15 0.255233
27 42 0.228653
27 22 0.250962
27 13 0.258955
27 50 0.221222
27 29 0.244352
27 32 0.242539
27 44 0.230154
27 47 0.227068
27 46 0.229890
27 17 0.260991
27 14 0.263457
27 31 0.247425
27 21 0.258604
27 40 0.240006
27 39 0.241595
27 36 0.245694
27 48 0.233367
27 43 0.241266
27 45 0.239559
27 35 0.254420
27 49 0.241599
27 41 0.251417
28 0 0.108715
28 4 0.120720
28 3 0.128460
28 2 0.131308
28 1 0.135126
28 6 0.148946
28 8 0.153643
28 5 0.174127
28 10 0.170403
28 9 0.172432
28 11 0.190770
28 7 0.195454
28 12 0.193721
28 13 0.200993
28 18 0.209928
28 14 0.218060
28 20 0.217475
28 21 0.220662
28 30 0.232507
28 22 0.250112
28 29 0.234252
28 42 0.200006
28 49 0.174701
28 17 0.260693
28 16 0.264716
28 32 0.231560
28 44 0.193766
28 40 0.217469
28 50 0.183364
28 38 0.228504
28 26 0.250460
28 46 0.196111
28 19 0.268238
28 25 0.256050
28 24 0.259974
28 43 0.209929
28 28 0.260327
28 31 0.256846
28 34 0.250077
28 36 0.246416
28 37 0.245398
28 35 0.250428
28 15 0.293810
28 27 0.269452
28 47 0.210753
28 41 0.240319
28 45 0.223390
28 33 0.263111
28 23 0.289265
28 48 0.217029
28 39 0.266080
29 0 0.117346
29 3 0.134817
29 5 0.139990
29 1 0.184241
29 4 0.208666
29 9 0.208893
29 7 0.219913
29 2 0.227630
29 8 0.247879
29 33 0.222828
29 10 0.246740
29 13 0.250478
29 11 0.254153
29 6 0.264074
29 14 0.261469
29 44 0.245115
29 12 0.281218
29 30 0.275613
29 35 0.272803
29 15 0.296628
29 16 0.295983
29 29 0.283414
29 39 0.273534
29 48 0.265579
29 40 0.276597
29 28 0.291091
29 31 0.288749
29 18 0.301483
29 32 0.286189
29 45 0.273528
29 27 0.294248
29 34 0.289380
29 17 0.308492
29 49 0.274713
29 38 0.287550
29 47 0.281791
29 23 0.308828
29 20 0.317517
29 41 0.294985
29 24 0.314329
29 37 0.300769
29 19 0.322277
29 22 0.319769
29 42 0.298927
29 36 0.305455
29 26 0.317695
29 25 0.320364
29 50 0.295276
29 46 0.300662
29 21 0.331987
29 43 0.310392
30 4 0.107793
30 3 0.114217
30 0 0.119386
30 1 0.166558
30 2 0.190098
30 5 0.188500
30 8 0.195498
30 10 0.219709
30 6 0.233317
30 11 0.249534
30 7 0.265881
30 9 0.273392
30 29 0.255977
30 20 0.265335
30 14 0.270445
30 32 0.253434
30 22 0.263983
30 12 0.272961
30 34 0.251999
30 27 0.262550
30 25 0.267645
30 44 0.247133
30 19 0.274843
30 47 0.245545
30 17 0.280888
30 37 0.260634
30 38 0.260136
30 26 0.272805
30 16 0.284425
30 40 0.260317
30 30 0.271753
30 35 0.267571
30 13 0.289443
30 31 0.273454
30 33 0.277051
30 21 0.290393
30 28 0.283080
30 46 0.264879
30 41 0.273055
30 50 0.263267
30 43 0.271600
30 36 0.279767
30 42 0.273822
30 24 0.293433
30 48 0.271397
30 18 0.303750
30 49 0.274159
30 23 0.303097
30 45 0.279940
30 15 0.315543
30 39 0.293606
31 0 0.139899
31 1 0.143135
31 4 0.144684
31 5 0.181228
31 6 0.183803
31 3 0.186862
31 8 0.214727
31 2 0.228832
31 11 0.226523
31 13 0.245614
31 19 0.247942
31 9 0.255961
31 10 0.262265
31 14 0.253010
31 23 0.257987
31 21 0.254714
31 44 0.235934
31 27 0.258937
31 12 0.270104
31 29 0.255556
31 17 0.267299
31 42 0.243878
31 22 0.246399
31 24 0.264104
31 41 0.246015
31 25 0.266628
31 33 0.257623
31 30 0.263143
31 50 0.245895
31 7 0.288870
31 31 0.272018
31 32 0.271520
31 20 0.286492
31 49 0.258637
31 39 0.270612
31 28 0.283098
31 37 0.274026
31 46 0.269711
31 38 0.278862
31 15 0.302282
31 26 0.293556
31 47 0.273312
31 34 0.287252
31 40 0.281348
31 35 0.295754
31 48 0.284145
31 43 0.289132
31 16 0.318788
31 36 0.299394
31 18 0.332973
31 45 0.306192
32 0 0.120298
32 5 0.122169
32 4 0.177666
32 2 0.192567
32 1 0.212840
32 10 0.208869
32 9 0.209975
32 3 0.223397
32 8 0.223437
32 12 0.257323
32 14 0.266468
32 44 0.258445
32 30 0.274844
32 20 0.287538
32 31 0.277247
32 27 0.282034
32 32 0.279909
32 19 0.294328
32 16 0.297419
32 18 0.296707
32 35 0.279324
32 23 0.293860
32 28 0.289278
32 29 0.289164
32 26 0.292760
32 11 0.308435
32 33 0.288825
32 49 0.271640
32 7 0.319098
32 21 0.309232
32 40 0.289619
32 13 0.316371
32 39 0.294208
32 6 0.326061
32 24 0.312303
32 36 0.301607
32 38 0.300765
32 34 0.310010
32 17 0.328290
32 45 0.304639
32 42 0.309106
32 41 0.310560
32 50 0.299518
32 25 0.330191
32 22 0.335565
32 46 0.309740
32 47 0.308939
32 48 0.309412
32 15 0.344528
32 43 0.320488
32 37 0.328739
33 2 0.111544
33 0 0.136453
33 4 0.139387
33 8 0.192328
33 5 0.200754
33 1 0.219271
33 7 0.215168
33 3 0.222525
33 9 0.220574
33 10 0.244202
33 28 0.230713
33 44 0.214063
33 31 0.232364
33 11 0.255780
33 30 0.240037
33 12 0.262091
33 14 0.263176
33 33 0.259995
33 6 0.288735
33 32 0.270381
33 24 0.280256
33 15 0.291441
33 16 0.290957
33 29 0.277788
33 22 0.285323
33 36 0.271068
33 13 0.295587
33 25 0.284809
33 21 0.290528
33 34 0.287026
33 19 0.304572
33 20 0.308017
33 18 0.310860
33 46 0.279827
33 43 0.284661
33 35 0.294503
33 23 0.312848
33 38 0.298869
33 26 0.313383
33 45 0.294588
33 39 0.303854
33 17 0.329982
33 27 0.320661
33 37 0.309151
33 40 0.305947
33 47 0.299771
33 41 0.311940
33 42 0.312742
33 50 0.304518
33 48 0.306914
33 49 0.310860
34 1 0.106581
34 0 0.117743
34 4 0.176182
34 3 0.194214
34 10 0.189414
34 2 0.198745
34 5 0.196919
34 6 0.269163
34 8 0.268094
34 7 0.269038
34 11 0.266148
34 9 0.268109
34 15 0.268584
34 18 0.267034
34 29 0.258386
34 20 0.276761
34 31 0.266135
34 33 0.264639
34 43 0.255396
34 30 0.268714
34 13 0.285661
34 19 0.281461
34 21 0.279752
34 17 0.283945
34 27 0.276074
34 12 0.290965
34 37 0.266053
34 25 0.280509
34 44 0.261657
34 47 0.260082
34 28 0.280268
34 35 0.273941
34 26 0.289900
34 14 0.301609
34 23 0.294536
34 32 0.286106
34 45 0.274493
34 41 0.279181
34 36 0.284526
34 40 0.280827
34 48 0.277533
34 38 0.287061
34 16 0.315095
34 34 0.298889
34 50 0.285579
34 42 0.294440
34 24 0.315443
34 39 0.300788
34 22 0.319772
34 46 0.295823
34 49 0.294695
35 1 0.151854
35 0 0.156981
35 2 0.218764
35 10 0.243100
35 8 0.255437
35 33 0.234054
35 12 0.255570
35 14 0.255281
35 11 0.270626
35 7 0.277916
35 4 0.280415
35 30 0.258916
35 3 0.284329
35 29 0.272921
35 5 0.295742
35 21 0.283939
35 32 0.271702
35 28 0.290213
35 17 0.301853
35 9 0.309584
35 13 0.313023
35 37 0.297255
35 18 0.321045
35 24 0.315733
35 23 0.319655
35 20 0.325972
35 31 0.317660
35 26 0.325096
35 44 0.304719
35 40 0.309860
35 27 0.324912
35 42 0.308869
35 50 0.300982
35 22 0.334833
35 39 0.320940
35 19 0.344315
35 41 0.323342
35 38 0.327158
35 34 0.332744
35 35 0.332020
35 46 0.320569
35 6 0.365884
35 15 0.361824
35 47 0.329932
35 16 0.364302
35 45 0.334783
35 36 0.345067
35 49 0.334661
35 25 0.361620
35 43 0.346692
35 48 0.354301
36 1 0.096941
36 0 0.097920
36 4 0.117913
36 2 0.134589
36 9 0.167344
36 8 0.168520
36 3 0.198177
36 6 0.218182
36 28 0.231789
36 14 0.250466
36 19 0.246728
36 10 0.254197
36 30 0.240758
36 31 0.245839
36 11 0.265464
36 32 0.251467
36 7 0.275521
36 13 0.271472
36 29 0.256123
36 12 0.275727
36 24 0.265516
36 26 0.264541
36 22 0.272286
36 25 0.268570
36 34 0.262862
36 5 0.290131
36 38 0.262201
36 37 0.263446
36 23 0.278283
36 18 0.284777
36 33 0.271236
36 27 0.277294
36 21 0.286087
36 50 0.255759
36 41 0.267272
36 16 0.294187
36 42 0.267006
36 44 0.268945
36 43 0.270097
36 17 0.299726
36 45 0.275286
36 46 0.277132
36 39 0.288043
36 15 0.312794
36 47 0.280673
36 48 0.282949
36 20 0.314448
36 36 0.297949
36 40 0.294771
36 35 0.300171
36 49 0.287799
37 0 0.146752
37 2 0.204680
37 4 0.210514
37 1 0.221424
37 3 0.248028
37 8 0.167635
37 9 0.117300
37 10 0.108944
37 6 0.264659
37 7 0.261016
37 5 0.293492
37 11 0.130712
37 14 0.124695
37 13 0.134905
37 12 0.149354
37 17 0.203084
37 20 0.219822
37 44 0.181915
37 15 0.258165
37 28 0.219972
37 22 0.301461
37 42 0.265180
37 18 0.312528
37 40 0.270895
37 48 0.261450
37 31 0.282740
37 46 0.265066
37 26 0.299509
37 23 0.319764
37 27 0.312238
37 43 0.286932
37 30 0.304594
37 21 0.327098
37 16 0.345318
37 25 0.318289
37 37 0.301122
37 33 0.307006
37 24 0.334518
37 38 0.313976
37 39 0.313512
37 29 0.338263
37 19 0.362866
37 36 0.328973
37 34 0.333134
37 32 0.339210
37 47 0.327917
37 41 0.340993
37 45 0.348039
37 50 0.353227
37 35 0.374118
37 49 0.378683
38 0 0.191081
38 1 0.197134
38 2 0.206042
38 3 0.217641
38 14 0.267757
38 13 0.270602
38 8 0.278113
38 29 0.261048
38 4 0.305033
38 5 0.304734
38 31 0.285846
38 9 0.311878
38 7 0.315539
38 32 0.291141
38 15 0.324298
38 11 0.328220
38 30 0.322238
38 6 0.348433
38 34 0.322703
38 22 0.352629
38 12 0.362828
38 25 0.358260
38 27 0.362251
38 10 0.377007
38 37 0.349157
38 43 0.344956
38 33 0.356395
38 20 0.373375
38 21 0.376329
38 28 0.373440
38 39 0.362549
38 18 0.389342
38 23 0.387761
38 44 0.364522
38 47 0.366809
38 41 0.374744
38 26 0.395591
38 50 0.371380
38 42 0.379920
38 19 0.409491
38 45 0.379681
38 24 0.407921
38 16 0.428848
38 40 0.406738
38 35 0.414387
38 17 0.441237
38 49 0.405585
38 36 0.423550
38 38 0.421698
38 46 0.420002
38 48 0.420964
39 5 0.113384
39 0 0.141969
39 4 0.176050
39 8 0.204733
39 3 0.211472
39 1 0.259515
39 14 0.251642
39 10 0.255177
39 11 0.256921
39 33 0.241573
39 12 0.265569
39 20 0.263206
39 17 0.267142
39 28 0.257864
39 48 0.248091
39 31 0.267783
39 13 0.285865
39 21 0.279397
39 6 0.291833
39 9 0.293435
39 7 0.295700
39 2 0.302477
39 30 0.279328
39 19 0.295587
39 39 0.283676
39 40 0.285531
39 44 0.281425
39 32 0.297168
39 29 0.302749
39 27 0.308641
39 18 0.318084
39 25 0.313761
39 16 0.328990
39 22 0.325031
39 23 0.325585
39 45 0.306686
39 24 0.332157
39 34 0.321679
39 26 0.333760
39 37 0.322051
39 15 0.345971
39 46 0.313826
39 36 0.327506
39 49 0.313725
39 41 0.327113
39 43 0.327898
39 42 0.329660
39 38 0.337604
39 47 0.330162
39 50 0.332107
39 35 0.351901
40 5 0.122279
40 0 0.140279
40 2 0.163633
40 3 0.205033
40 8 0.201900
40 4 0.220576
40 9 0.229715
40 33 0.227634
40 6 0.271767
40 13 0.269086
40 10 0.271611
40 21 0.264834
40 31 0.255765
40 12 0.275993
40 1 0.303280
40 19 0.289347
40 28 0.280225
40 17 0.291479
40 14 0.295194
40 43 0.268287
40 7 0.311848
40 11 0.309525
40 30 0.294380
40 38 0.289182
40 44 0.286776
40 37 0.294081
40 26 0.310263
40 29 0.307359
40 40 0.303433
40 24 0.323330
40 25 0.323294
40 47 0.304812
40 39 0.314648
40 45 0.309581
40 32 0.324005
40 34 0.322568
40 15 0.344751
40 22 0.342996
40 18 0.347677
40 16 0.356872
40 46 0.327238
40 42 0.334254
40 41 0.337568
40 49 0.331645
40 23 0.360494
40 36 0.348900
40 20 0.367215
40 50 0.340847
40 35 0.357417
40 48 0.352069
40 27 0.379587
41 5 0.138346
41 0 0.161738
41 3 0.188076
41 9 0.239888
41 6 0.246954
41 1 0.260264
41 10 0.253968
41 13 0.281947
41 30 0.269369
41 8 0.312801
41 14 0.309799
41 28 0.298274
41 33 0.300314
41 4 0.327115
41 12 0.327295
41 29 0.322991
41 18 0.335311
41 16 0.338320
41 48 0.303430
41 15 0.340971
41 31 0.328205
41 20 0.346591
41 44 0.320496
41 21 0.346819
41 2 0.363049
41 11 0.357927
41 24 0.346794
41 32 0.339056
41 22 0.351847
41 26 0.352140
41 7 0.377670
41 45 0.341896
41 23 0.372570
41 37 0.362645
41 36 0.365281
41 17 0.391634
41 42 0.363759
41 43 0.362459
41 49 0.358719
41 46 0.363867
41 34 0.379980
41 41 0.371060
41 35 0.380257
41 39 0.377170
41 19 0.402513
41 50 0.367193
41 27 0.401587
41 40 0.401813
41 25 0.420906
41 47 0.395802
41 38 0.417438
42 2 0.157610
42 0 0.170335
42 3 0.195209
42 1 0.213863
42 9 0.153992
42 8 0.167847
42 5 0.209927
42 12 0.124584
42 4 0.221280
42 10 0.171839
42 11 0.171127
42 6 0.210976
42 14 0.124432
42 7 0.245563
42 13 0.146226
42 16 0.163572
42 17 0.168003
42 15 0.204197
42 23 0.168815
42 19 0.224887
42 21 0.228762
42 29 0.207757
42 44 0.186928
42 18 0.277389
42 37 0.239596
42 25 0.264108
42 31 0.250727
42 33 0.246643
42 39 0.237785
42 26 0.267083
42 40 0.239940
42 28 0.260698
42 22 0.283011
42 20 0.304302
42 34 0.260884
42 47 0.241584
42 49 0.243603
42 30 0.278024
42 46 0.251529
42 45 0.259511
42 35 0.283648
42 32 0.290514
42 43 0.286652
42 24 0.325754
42 27 0.315327
42 41 0.308578
42 36 0.322370
42 42 0.321231
42 38 0.328328
42 48 0.323891
42 50 0.333669
43 0 0.188370
43 3 0.353676
43 12 0.349475
43 6 0.354774
43 8 0.353743
43 5 0.360972
43 30 0.335789
43 14 0.357092
43 10 0.361315
43 32 0.339329
43 4 0.371004
43 2 0.373453
43 44 0.327000
43 28 0.348291
43 1 0.375073
43 42 0.329950
43 21 0.393242
43 19 0.395546
43 22 0.393254
43 50 0.356819
43 29 0.383152
43 38 0.371766
43 13 0.402142
43 18 0.399133
43 15 0.401451
43 31 0.381267
43 26 0.395554
43 48 0.370170
43 9 0.422568
43 25 0.409786
43 11 0.423765
43 24 0.421690
43 23 0.426339
43 40 0.401937
43 33 0.414735
43 36 0.420082
43 47 0.412116
43 39 0.422423
43 34 0.431310
43 46 0.421025
43 45 0.431604
43 16 0.473308
43 43 0.439979
43 7 0.482440
43 20 0.474669
43 49 0.437111
43 41 0.452187
43 37 0.464217
43 35 0.469102
43 17 0.505760
43 27 0.514258
44 1 0.233653
44 5 0.239233
44 9 0.255032
44 8 0.370544
44 13 0.367348
44 3 0.376125
44 29 0.347015
44 11 0.370383
44 28 0.350513
44 7 0.397771
44 31 0.368671
44 6 0.409462
44 33 0.377934
44 45 0.363638
44 42 0.395331
44 47 0.392571
44 12 0.437489
44 37 0.410423
44 43 0.405291
44 34 0.427105
44 25 0.451580
44 0 0.476286
44 17 0.463118
44 36 0.435465
44 35 0.436401
44 14 0.472286
44 4 0.488179
44 30 0.457863
44 44 0.441290
44 38 0.448389
44 15 0.490138
44 32 0.467516
44 10 0.500871
44 39 0.470212
44 46 0.484148
44 21 0.520380
44 19 0.530939
44 41 0.500557
44 49 0.500551
44 50 0.500298
44 2 0.561079
44 26 0.536616
44 40 0.520920
44 27 0.538959
44 24 0.550653
44 16 0.567748
44 18 0.581709
44 48 0.544579
44 23 0.583706
44 20 0.620449
44 22 0.628067
45 12 0.234549
45 8 0.245817
45 9 0.251924
45 10 0.273320
45 0 0.301346
45 1 0.305250
45 13 0.346436
45 3 0.365002
45 11 0.358049
45 4 0.370176
45 2 0.375714
45 6 0.373822
45 14 0.387471
45 5 0.398925
45 7 0.415042
45 28 0.385096
45 20 0.420928
45 29 0.417739
45 30 0.426280
45 31 0.425873
45 18 0.483419
45 32 0.456253
45 16 0.545744
45 19 0.551271
45 33 0.505358
45 25 0.541963
45 22 0.559038
45 17 0.574953
45 34 0.505516
45 27 0.554552
45 24 0.581196
45 44 0.470302
45 21 0.646956
45 26 0.625846
45 36 0.582159
45 48 0.437535
45 47 0.441160
45 40 0.579260
45 39 0.580583
45 41 0.576027
45 38 0.598351
45 49 0.448623
45 46 0.496292
45 15 0.690948
45 37 0.609357
45 42 0.570340
45 23 0.682279
45 35 0.636967
45 45 0.561588
45 43 0.591693
45 50 0.521215
46 0 0.202953
46 4 0.212972
46 9 0.218027
46 10 0.294160
46 5 0.298723
46 30 0.277598
46 11 0.340372
46 14 0.338398
46 2 0.348238
46 1 0.349243
46 31 0.322441
46 7 0.347734
46 12 0.344138
46 3 0.352280
46 8 0.353803
46 44 0.316287
46 28 0.352842
46 29 0.355313
46 41 0.364454
46 6 0.406122
46 13 0.401069
46 26 0.388981
46 47 0.372304
46 21 0.403581
46 19 0.406119
46 32 0.391207
46 33 0.393753
46 17 0.439230
46 49 0.403175
46 20 0.439338
46 25 0.435952
46 18 0.444892
46 38 0.421753
46 16 0.450220
46 23 0.449386
46 39 0.433546
46 46 0.433962
46 50 0.431835
46 40 0.444643
46 37 0.448019
46 45 0.443663
46 42 0.448927
46 27 0.472055
46 15 0.485119
46 48 0.452787
46 34 0.477557
46 24 0.506160
46 36 0.490741
46 43 0.486596
46 35 0.501783
46 22 0.535604
47 8 0.188776
47 0 0.234082
47 10 0.249460
47 1 0.264020
47 9 0.267841
47 11 0.267759
47 4 0.286697
47 7 0.302233
47 32 0.270909
47 44 0.261750
47 2 0.337416
47 14 0.330934
47 5 0.346546
47 12 0.367114
47 6 0.388330
47 30 0.348637
47 27 0.373453
47 28 0.373198
47 22 0.382279
47 13 0.408672
47 26 0.383038
47 3 0.430307
47 16 0.420970
47 31 0.391911
47 36 0.388851
47 40 0.385121
47 43 0.382302
47 17 0.428158
47 45 0.381734
47 41 0.391544
47 24 0.417587
47 20 0.438225
47 39 0.413110
47 18 0.460151
47 23 0.449458
47 29 0.443064
47 33 0.446400
47 48 0.429297
47 25 0.468595
47 47 0.440078
47 34 0.469747
47 21 0.499226
47 37 0.479977
47 15 0.532680
47 46 0.481539
47 42 0.486341
47 49 0.482043
47 38 0.505826
47 35 0.519733
47 50 0.499621
47 19 0.558343
48 4 0.167120
48 9 0.249272
48 30 0.264681
48 28 0.277407
48 3 0.302857
48 13 0.296948
48 0 0.307512
48 14 0.296824
48 5 0.307393
48 11 0.303502
48 7 0.307232
48 8 0.306868
48 33 0.288147
48 10 0.331774
48 32 0.313526
48 29 0.350290
48 1 0.376298
48 44 0.335155
48 2 0.376095
48 12 0.368447
48 31 0.352143
48 15 0.408511
48 17 0.418967
48 22 0.420184
48 18 0.427988
48 47 0.408768
48 20 0.442143
48 23 0.439340
48 6 0.454757
48 16 0.466209
48 24 0.458841
48 27 0.463272
48 19 0.474617
48 36 0.459416
48 45 0.452245
48 42 0.459861
48 34 0.474527
48 35 0.473807
48 26 0.484535
48 41 0.468250
48 40 0.469524
48 43 0.471870
48 25 0.493978
48 38 0.480887
48 48 0.472101
48 46 0.486187
48 50 0.481144
48 21 0.514679
48 37 0.506841
48 49 0.494890
48 39 0.508224
49 1 0.201431
49 8 0.288250
49 10 0.293049
49 0 0.314435
49 3 0.312541
49 29 0.298159
49 32 0.293953
49 31 0.295538
49 14 0.314962
49 44 0.287454
49 2 0.335709
49 12 0.340830
49 5 0.354676
49 28 0.354282
49 30 0.350075
49 4 0.376499
49 13 0.381975
49 18 0.409726
49 9 0.419396
49 7 0.425705
49 33 0.400165
49 11 0.427816
49 6 0.441000
49 20 0.430012
49 47 0.408266
49 40 0.418125
49 35 0.435417
49 39 0.437854
49 22 0.466873
49 15 0.478339
49 21 0.475697
49 34 0.463232
49 16 0.490751
49 38 0.470013
49 25 0.495127
49 26 0.499046
49 42 0.480613
49 46 0.494552
49 41 0.504359
49 36 0.509252
49 50 0.495584
49 43 0.510469
49 19 0.546699
49 27 0.547594
49 49 0.525124
49 17 0.565517
49 23 0.559909
49 45 0.535165
49 24 0.559069
49 48 0.546923
49 37 0.569404
50 8 0.264466
50 2 0.317906
50 9 0.313399
50 28 0.298534
50 0 0.322873
50 3 0.321141
50 5 0.320069
50 10 0.316740
50 4 0.331531
50 31 0.320748
50 12 0.350524
50 32 0.344777
50 44 0.335970
50 14 0.391347
50 7 0.406088
50 13 0.416709
50 29 0.403123
50 33 0.407046
50 6 0.449102
50 18 0.442302
50 30 0.431516
50 21 0.442823
50 27 0.437269
50 43 0.420503
50 11 0.455526
50 40 0.436523
50 34 0.442963
50 16 0.470607
50 19 0.471029
50 42 0.449923
50 46 0.446150
50 1 0.491595
50 39 0.459586
50 45 0.462090
50 22 0.495352
50 36 0.482976
50 41 0.482633
50 24 0.506111
50 20 0.517344
50 35 0.504209
50 38 0.502350
50 17 0.526943
50 26 0.524619
50 50 0.498991
50 15 0.535281
50 47 0.512623
50 49 0.512740
50 23 0.542858
50 25 0.546776
50 37 0.543304
50 48 0.554838
51 14 0.259962
51 8 0.267574
51 9 0.288014
51 12 0.290689
51 1 0.315793
51 5 0.312805
51 10 0.315730
51 0 0.336193
51 3 0.334885
51 13 0.336449
51 4 0.390599
51 2 0.396017
51 6 0.392359
51 15 0.399408
51 7 0.412485
51 11 0.409733
51 16 0.451255
51 30 0.357308
51 32 0.358063
51 29 0.372254
51 28 0.400081
51 17 0.495808
51 33 0.408119
51 18 0.526214
51 31 0.462767
51 22 0.560384
51 44 0.355010
51 19 0.580869
51 20 0.590511
51 26 0.562605
51 23 0.594665
51 21 0.601497
51 25 0.595633
51 34 0.546394
51 35 0.551168
51 24 0.630522
51 27 0.630305
51 37 0.580753
51 38 0.589061
51 36 0.596727
51 46 0.445131
51 39 0.589984
51 43 0.501949
51 40 0.605527
51 45 0.485097
51 42 0.539459
51 48 0.478014
51 50 0.472354
51 47 0.484364
51 41 0.614779
51 49 0.536933
52 10 0.167786
52 11 0.178446
52 1 0.232014
52 8 0.207312
52 3 0.232397
52 0 0.238263
52 6 0.229683
52 9 0.238433
52 5 0.260740
52 4 0.265645
52 7 0.257770
52 2 0.306694
52 12 0.239421
52 14 0.223260
52 13 0.229322
52 28 0.187118
52 22 0.257980
52 32 0.185044
52 15 0.364150
52 31 0.205706
52 17 0.360534
52 18 0.404134
52 30 0.264717
52 29 0.267775
52 20 0.349875
52 23 0.335458
52 26 0.292072
52 16 0.428791
52 25 0.311172
52 19 0.409471
52 21 0.379342
52 44 0.258587
52 24 0.375134
52 33 0.348119
52 38 0.350344
52 35 0.356091
52 40 0.394546
52 42 0.386861
52 36 0.429686
52 50 0.372643
52 37 0.444481
52 27 0.472219
52 34 0.450077
52 45 0.411800
52 47 0.397599
52 46 0.406433
52 41 0.429083
52 43 0.434218
52 39 0.451686
52 49 0.407439
52 48 0.434566
53 8 0.266499
53 3 0.276191
53 0 0.284231
53 28 0.264865
53 9 0.291658
53 10 0.302440
53 12 0.316345
53 11 0.321436
53 33 0.300067
53 32 0.303806
53 4 0.368899
53 14 0.369846
53 30 0.356603
53 1 0.384111
53 5 0.384177
53 29 0.374630
53 31 0.380928
53 44 0.371605
53 13 0.414585
53 7 0.431199
53 18 0.438014
53 2 0.458853
53 17 0.479426
53 26 0.472284
53 37 0.462020
53 34 0.464730
53 50 0.451209
53 16 0.491967
53 40 0.479513
53 22 0.509174
53 25 0.508100
53 45 0.489671
53 15 0.523480
53 20 0.522350
53 21 0.530956
53 41 0.511567
53 42 0.514083
53 23 0.543114
53 48 0.518362
53 38 0.530289
53 6 0.563132
53 46 0.528392
53 49 0.525399
53 24 0.555890
53 19 0.562627
53 27 0.554542
53 36 0.547854
53 47 0.544013
53 35 0.559256
53 39 0.573143
53 43 0.571733
54 10 0.276875
54 2 0.283672
54 1 0.305185
54 0 0.320974
54 13 0.312107
54 11 0.323435
54 8 0.341847
54 29 0.322317
54 3 0.347940
54 5 0.380226
54 28 0.372523
54 32 0.376152
54 31 0.398942
54 15 0.418747
54 33 0.399464
54 9 0.449005
54 20 0.442677
54 14 0.448976
54 44 0.418411
54 30 0.436458
54 19 0.457931
54 6 0.474718
54 12 0.480310
54 35 0.459673
54 4 0.492929
54 37 0.468673
54 7 0.503010
54 17 0.495969
54 18 0.495914
54 16 0.498424
54 23 0.499459
54 21 0.505075
54 40 0.483059
54 41 0.490030
54 46 0.489763
54 39 0.500122
54 34 0.508260
54 43 0.508683
54 45 0.510610
54 50 0.515908
54 27 0.546366
54 48 0.524821
54 38 0.541354
54 24 0.562141
54 42 0.542451
54 47 0.540536
54 49 0.542721
54 25 0.577029
54 22 0.598156
54 36 0.587048
54 26 0.605734
55 11 0.242382
55 8 0.260788
55 13 0.237122
55 12 0.266043
55 10 0.270567
55 2 0.306767
55 1 0.311122
55 0 0.348130
55 5 0.345409
55 9 0.346461
55 4 0.367543
55 14 0.318604
55 6 0.393108
55 3 0.400307
55 7 0.500093
55 16 0.352342
55 28 0.204376
55 30 0.195509
55 29 0.204553
55 32 0.202296
55 15 0.426211
55 31 0.254110
55 18 0.344037
55 20 0.358923
55 17 0.372946
55 24 0.348737
55 22 0.356042
55 27 0.344333
55 44 0.293092
55 33 0.326910
55 19 0.416490
55 26 0.388058
55 35 0.357905
55 23 0.417403
55 21 0.425133
55 38 0.369425
55 34 0.380589
55 25 0.459026
55 43 0.410682
55 47 0.389395
55 36 0.438370
55 40 0.454276
55 41 0.444401
55 50 0.393792
55 45 0.455128
55 42 0.474292
55 49 0.435858
55 37 0.494778
55 39 0.501010
55 46 0.472302
55 48 0.483640
56 10 0.126564
56 0 0.319959
56 1 0.355215
56 2 0.355481
56 5 0.334513
56 11 0.202353
56 3 0.393819
56 8 0.235193
56 4 0.391513
56 9 0.228948
56 12 0.236017
56 6 0.347201
56 13 0.252627
56 14 0.230719
56 7 0.327229
56 20 0.192079
56 28 0.193687
56 32 0.201239
56 15 0.319613
56 19 0.261608
56 33 0.221675
56 25 0.280063
56 23 0.302417
56 17 0.359321
56 27 0.280367
56 31 0.278631
56 30 0.283631
56 18 0.370480
56 21 0.328011
56 29 0.294775
56 22 0.334600
56 24 0.308134
56 16 0.407494
56 44 0.267475
56 26 0.368922
56 34 0.422447
56 41 0.411415
56 37 0.449715
56 47 0.399319
56 43 0.421948
56 42 0.440197
56 35 0.474845
56 38 0.472286
56 39 0.473200
56 40 0.463900
56 45 0.431792
56 49 0.440729
56 46 0.450035
56 50 0.452949
56 36 0.540819
56 48 0.494364
57 12 0.303699
57 3 0.313765
57 10 0.338305
57 8 0.340356
57 29 0.320755
57 14 0.348045
57 32 0.360596
57 28 0.376157
57 30 0.387813
57 2 0.420083
57 1 0.426755
57 0 0.436555
57 5 0.459232
57 4 0.475894
57 16 0.505651
57 18 0.508295
57 11 0.530456
57 26 0.521920
57 43 0.503351
57 13 0.535116
57 39 0.519270
57 31 0.536573
57 44 0.534725
57 24 0.576726
57 33 0.566433
57 45 0.559224
57 9 0.596566
57 34 0.580407
57 27 0.595334
57 22 0.606661
57 17 0.619508
57 41 0.597369
57 20 0.621115
57 40 0.611505
57 6 0.645588
57 36 0.616468
57 48 0.621665
57 50 0.634207
57 21 0.683588
57 25 0.683129
57 35 0.675367
57 15 0.702311
57 46 0.669361
57 7 0.717810
57 23 0.711334
57 47 0.686883
57 37 0.718815
57 42 0.717638
57 19 0.752232
57 38 0.751458
57 49 0.766507
58 9 0.241627
58 14 0.289970
58 12 0.302503
58 10 0.310799
58 13 0.347595
58 2 0.361737
58 11 0.354232
58 8 0.358634
58 1 0.389890
58 3 0.389399
58 7 0.458112
58 5 0.487888
58 4 0.489705
58 0 0.492890
58 15 0.503658
58 18 0.521477
58 6 0.556092
58 29 0.535078
58 30 0.534025
58 33 0.517100
58 28 0.542500
58 23 0.587982
58 19 0.595919
58 31 0.584646
58 16 0.638038
58 20 0.642656
58 17 0.664439
58 32 0.625835
58 22 0.678771
58 44 0.603959
58 26 0.693302
58 34 0.675420
58 43 0.681936
58 35 0.737216
58 25 0.775832
58 41 0.709987
58 21 0.790470
58 40 0.714649
58 39 0.720820
58 45 0.706435
58 47 0.705340
58 37 0.774649
58 27 0.813314
58 24 0.842878
58 36 0.815374
58 38 0.810139
58 49 0.766608
58 48 0.773385
58 42 0.827134
58 46 0.820171
58 50 0.827719
59 8 0.228095
59 9 0.293909
59 14 0.281230
59 12 0.287487
59 10 0.293450
59 4 0.331233
59 13 0.315518
59 5 0.365518
59 2 0.382833
59 16 0.347160
59 0 0.387560
59 3 0.414213
59 11 0.391573
59 1 0.424482
59 17 0.418629
59 15 0.548462
59 6 0.568387
59 28 0.263424
59 31 0.246608
59 18 0.542364
59 29 0.253860
59 30 0.253330
59 7 0.573612
59 22 0.548503
59 21 0.616378
59 23 0.558309
59 26 0.394313
59 20 0.628437
59 33 0.333912
59 25 0.447264
59 19 0.650597
59 32 0.371150
59 24 0.486835
59 34 0.359286
59 44 0.314533
59 27 0.485001
59 43 0.386403
59 36 0.459210
59 37 0.458924
59 38 0.463401
59 49 0.431315
59 40 0.487844
59 42 0.477461
59 45 0.473327
59 41 0.490841
59 48 0.476615
59 35 0.546497
59 39 0.537047
59 47 0.505568
59 46 0.513110
59 50 0.529578
60 8 0.236437
60 10 0.247059
60 9 0.277791
60 14 0.264766
60 13 0.294819
60 11 0.319558
60 3 0.350615
60 5 0.374402
60 1 0.408410
60 12 0.382709
60 0 0.444331
60 2 0.478922
60 7 0.483655
60 15 0.477748
60 4 0.551633
60 28 0.274999
60 32 0.282251
60 6 0.650699
60 30 0.297025
60 23 0.405157
60 20 0.580924
60 17 0.619964
60 18 0.627630
60 33 0.327290
60 19 0.668213
60 29 0.369528
60 21 0.592644
60 44 0.327810
60 31 0.391160
60 35 0.364558
60 25 0.473157
60 48 0.342463
60 39 0.399959
60 45 0.371983
60 24 0.519212
60 22 0.600106
60 27 0.519593
60 16 0.826345
60 36 0.484250
60 26 0.573901
60 42 0.534100
60 34 0.579695
60 40 0.555038
60 38 0.572963
60 47 0.530495
60 37 0.588232
60 49 0.531916
60 50 0.536887
60 43 0.594092
60 41 0.621101
60 46 0.600068
61 8 0.202726
61 10 0.183298
61 0 0.306179
61 1 0.342868
61 3 0.349365
61 9 0.306424
61 11 0.239704
61 5 0.349670
61 4 0.383712
61 13 0.215829
61 2 0.403376
61 12 0.267767
61 14 0.236478
61 7 0.417524
61 6 0.443526
61 15 0.440397
61 29 0.307439
61 20 0.394309
61 16 0.465380
61 32 0.354446
61 28 0.379403
61 17 0.516064
61 22 0.443941
61 18 0.503742
61 35 0.392761
61 19 0.507055
61 23 0.432913
61 21 0.475217
61 33 0.423661
61 25 0.436745
61 44 0.389816
61 31 0.428185
61 30 0.441799
61 36 0.470375
61 45 0.439442
61 40 0.456144
61 26 0.518897
61 34 0.510798
61 42 0.498121
61 46 0.498930
61 24 0.561072
61 27 0.548572
61 41 0.541924
61 38 0.557902
61 47 0.532603
61 37 0.570783
61 48 0.540376
61 49 0.540192
61 43 0.550781
61 39 0.568064
61 50 0.550663
62 3 0.196965
62 8 0.182438
62 5 0.223855
62 1 0.235230
62 14 0.168945
62 12 0.173715
62 0 0.273646
62 10 0.184767
62 11 0.181024
62 9 0.212143
62 13 0.200947
62 4 0.327357
62 7 0.333776
62 2 0.362741
62 6 0.384817
62 20 0.298490
62 15 0.378295
62 30 0.259548
62 19 0.328406
62 31 0.292332
62 17 0.386346
62 16 0.424691
62 33 0.316336
62 18 0.396961
62 44 0.313157
62 26 0.372836
62 25 0.377998
62 24 0.395251
62 36 0.367086
62 21 0.432727
62 28 0.392328
62 23 0.402330
62 29 0.396108
62 22 0.436729
62 32 0.405145
62 45 0.382007
62 40 0.408895
62 37 0.421254
62 34 0.438753
62 27 0.469083
62 43 0.442532
62 41 0.451029
62 35 0.475294
62 47 0.462870
62 49 0.464539
62 48 0.495040
62 50 0.491018
62 46 0.506138
62 39 0.542299
62 42 0.533477
62 38 0.551060
63 9 0.247015
63 0 0.270899
63 5 0.312066
63 3 0.333520
63 32 0.304265
63 31 0.336426
63 6 0.373638
63 2 0.376578
63 10 0.386956
63 8 0.389697
63 12 0.387591
63 43 0.365885
63 4 0.407039
63 29 0.383776
63 30 0.396613
63 16 0.413933
63 35 0.395313
63 1 0.430285
63 14 0.424730
63 33 0.403592
63 11 0.446531
63 44 0.418133
63 13 0.460235
63 28 0.459500
63 38 0.451003
63 48 0.445041
63 27 0.475216
63 24 0.482369
63 20 0.492073
63 19 0.499040
63 22 0.506346
63 26 0.508892
63 45 0.487499
63 18 0.519033
63 7 0.544679
63 25 0.528527
63 41 0.513965
63 42 0.516371
63 47 0.512694
63 50 0.513080
63 15 0.553242
63 40 0.526099
63 34 0.534071
63 39 0.530429
63 36 0.548106
63 37 0.551465
63 46 0.545063
63 17 0.584228
63 23 0.608492
63 21 0.620647
63 49 0.600847
64 1 0.251873
64 8 0.197592
64 3 0.280080
64 0 0.312702
64 9 0.199736
64 10 0.180489
64 13 0.188431
64 5 0.351311
64 11 0.236454
64 14 0.219342
64 4 0.392820
64 12 0.242481
64 2 0.483978
64 6 0.477036
64 7 0.483980
64 29 0.233905
64 28 0.273590
64 30 0.296107
64 31 0.303402
64 15 0.402429
64 16 0.414309
64 22 0.386805
64 24 0.379664
64 17 0.428482
64 25 0.404168
64 21 0.433860
64 33 0.363459
64 20 0.451055
64 18 0.468164
64 23 0.448584
64 19 0.474740
64 32 0.420389
64 26 0.463767
64 27 0.464680
64 44 0.335657
64 40 0.423061
64 35 0.479502
64 45 0.425076
64 34 0.521058
64 36 0.515274
64 43 0.501842
64 39 0.531374
64 47 0.457788
64 37 0.555238
64 41 0.551112
64 42 0.546751
64 48 0.436222
64 38 0.573890
64 49 0.448183
64 50 0.439559
64 46 0.516128
65 10 0.230541
65 8 0.249911
65 3 0.260193
65 13 0.246370
65 14 0.251078
65 5 0.281621
65 9 0.276772
65 11 0.277253
65 1 0.294890
65 0 0.301941
65 12 0.291093
65 2 0.343586
65 16 0.320196
65 7 0.403263
65 6 0.409009
65 15 0.420101
65 4 0.440219
65 30 0.369687
65 44 0.339946
65 28 0.392899
65 22 0.458204
65 32 0.410970
65 18 0.476371
65 20 0.495550
65 42 0.426963
65 24 0.508451
65 38 0.454460
65 34 0.487125
65 29 0.513337
65 26 0.538242
65 43 0.480093
65 21 0.558144
65 31 0.510134
65 35 0.508391
65 47 0.477923
65 36 0.511714
65 33 0.525419
65 39 0.526914
65 46 0.506443
65 27 0.575280
65 23 0.598108
65 45 0.516621
65 17 0.620265
65 48 0.528703
65 19 0.651373
65 40 0.579877
65 25 0.640492
65 50 0.463507
65 37 0.613593
65 41 0.620614
65 49 0.596463
66 0 0.244576
66 8 0.245474
66 11 0.242354
66 9 0.262921
66 4 0.270671
66 1 0.279787
66 10 0.276296
66 2 0.318681
66 7 0.319540
66 13 0.313653
66 6 0.329549
66 3 0.340692
66 16 0.433111
66 14 0.437309
66 31 0.363710
66 5 0.454613
66 44 0.349742
66 19 0.433747
66 20 0.429097
66 18 0.441230
66 15 0.577775
66 21 0.561823
66 29 0.510668
66 17 0.576743
66 32 0.506452
66 43 0.492788
66 35 0.504840
66 33 0.507391
66 28 0.525780
66 12 0.588366
66 30 0.512743
66 41 0.509734
66 37 0.526787
66 39 0.529538
66 27 0.570097
66 23 0.596650
66 36 0.545477
66 25 0.602255
66 38 0.563262
66 47 0.546194
66 40 0.564996
66 45 0.563990
66 49 0.550826
66 34 0.601006
66 48 0.591645
66 46 0.612271
66 24 0.683412
66 42 0.624727
66 22 0.694213
66 26 0.703352
66 50 0.595067
67 13 0.315969
67 8 0.337033
67 12 0.328003
67 0 0.347051
67 10 0.334656
67 30 0.335146
67 14 0.362322
67 5 0.382431
67 2 0.416808
67 44 0.382072
67 4 0.449030
67 6 0.451473
67 31 0.412365
67 18 0.476352
67 33 0.470403
67 28 0.476160
67 3 0.519854
67 36 0.499822
67 20 0.521827
67 41 0.492063
67 9 0.544298
67 1 0.556209
67 40 0.494647
67 45 0.507544
67 15 0.562433
67 34 0.536020
67 42 0.535751
67 24 0.562915
67 11 0.585232
67 26 0.571649
67 7 0.630906
67 39 0.580294
67 47 0.565969
67 27 0.604935
67 38 0.590405
67 29 0.609370
67 16 0.629231
67 32 0.608093
67 50 0.594971
67 48 0.598099
67 19 0.656013
67 37 0.633857
67 49 0.618462
67 22 0.667182
67 21 0.669085
67 46 0.634419
67 35 0.677375
67 23 0.708984
67 43 0.696494
67 17 0.752236
67 25 0.787705
68 9 0.266491
68 1 0.319752
68 11 0.204699
68 8 0.301886
68 10 0.318504
68 3 0.380000
68 12 0.232051
68 6 0.374753
68 13 0.226193
68 0 0.399482
68 2 0.399301
68 14 0.246301
68 4 0.416052
68 5 0.411279
68 7 0.420005
68 16 0.467107
68 19 0.341505
68 17 0.435388
68 15 0.469904
68 23 0.306996
68 29 0.258287
68 21 0.345412
68 31 0.277574
68 18 0.450092
68 22 0.355561
68 24 0.375694
68 33 0.320209
68 30 0.322978
68 25 0.356054
68 26 0.353693
68 28 0.373923
68 32 0.369283
68 20 0.443992
68 44 0.352851
68 36 0.389785
68 27 0.427106
68 46 0.390354
68 42 0.432837
68 34 0.461479
68 35 0.460314
68 47 0.431994
68 39 0.450364
68 45 0.458653
68 37 0.482593
68 38 0.484899
68 50 0.452466
68 41 0.496437
68 43 0.503316
68 48 0.495856
68 40 0.511089
68 49 0.492449
69 8 0.195579
69 10 0.182844
69 9 0.212137
69 0 0.295644
69 1 0.295619
69 7 0.283381
69 4 0.305320
69 11 0.235112
69 3 0.330784
69 12 0.249727
69 13 0.244636
69 14 0.244214
69 6 0.353638
69 5 0.379200
69 17 0.176376
69 2 0.428477
69 15 0.432295
69 28 0.254235
69 30 0.254875
69 16 0.447818
69 31 0.301397
69 29 0.311476
69 19 0.366865
69 24 0.376394
69 33 0.362721
69 22 0.406686
69 18 0.452770
69 27 0.407576
69 25 0.423671
69 26 0.421736
69 32 0.400361
69 23 0.428416
69 20 0.432323
69 21 0.432381
69 44 0.355253
69 36 0.385028
69 40 0.383354
69 38 0.430927
69 39 0.432944
69 35 0.452598
69 34 0.458171
69 45 0.428177
69 41 0.455809
69 42 0.478241
69 48 0.451128
69 47 0.469303
69 37 0.518681
69 49 0.481517
69 50 0.479308
69 43 0.534955
69 46 0.543673
70 8 0.297891
70 9 0.326279
70 0 0.347442
70 29 0.322484
70 11 0.346515
70 10 0.352008
70 1 0.442687
70 4 0.481861
70 44 0.445522
70 33 0.468930
70 28 0.481604
70 31 0.479207
70 30 0.483848
70 3 0.527842
70 13 0.529589
70 5 0.541520
70 32 0.527465
70 12 0.549070
70 14 0.548004
70 21 0.542633
70 40 0.542428
70 34 0.548144
70 37 0.546236
70 15 0.571064
70 2 0.587386
70 18 0.583870
70 6 0.598341
70 41 0.565726
70 36 0.576187
70 27 0.608141
70 45 0.592046
70 50 0.587041
70 19 0.646763
70 7 0.656636
70 39 0.627867
70 24 0.647181
70 42 0.627492
70 25 0.651949
70 23 0.662087
70 46 0.643532
70 49 0.645944
70 22 0.681633
70 35 0.666382
70 16 0.696891
70 17 0.700709
70 20 0.701939
70 43 0.679460
70 26 0.713063
70 48 0.693558
70 38 0.709068
70 47 0.702655
71 8 0.251678
71 9 0.266244
71 1 0.381440
71 3 0.387520
71 11 0.231620
71 0 0.440427
71 10 0.304019
71 5 0.429691
71 14 0.177873
71 2 0.444923
71 12 0.224505
71 13 0.225266
71 4 0.551319
71 6 0.535996
71 7 0.557723
71 28 0.205943
71 32 0.245361
71 29 0.255948
71 20 0.352418
71 30 0.269528
71 33 0.320028
71 18 0.467961
71 16 0.505816
71 31 0.353774
71 15 0.532432
71 19 0.485856
71 22 0.452756
71 17 0.545724
71 26 0.442288
71 24 0.467140
71 23 0.478532
71 38 0.420748
71 44 0.313006
71 25 0.514439
71 36 0.441068
71 35 0.461759
71 21 0.580871
71 27 0.545786
71 34 0.555043
71 47 0.379485
71 37 0.558005
71 40 0.475979
71 42 0.462742
71 48 0.416035
71 45 0.435416
71 39 0.531838
71 46 0.446060
71 43 0.506880
71 50 0.448567
71 41 0.534067
71 49 0.477183
72 13 0.191302
72 9 0.238796
72 11 0.291015
72 0 0.304958
72 5 0.303914
72 3 0.307428
72 1 0.315339
72 14 0.308065
72 4 0.383346
72 31 0.343421
72 28 0.348876
72 7 0.423164
72 32 0.383324
72 39 0.378665
72 29 0.397015
72 24 0.417650
72 17 0.436840
72 33 0.415523
72 15 0.464060
72 20 0.456147
72 43 0.430542
72 36 0.442126
72 27 0.477199
72 35 0.475586
72 44 0.466390
72 47 0.470306
72 25 0.497481
72 30 0.497314
72 10 0.556143
72 45 0.503232
72 2 0.573807
72 19 0.538522
72 21 0.541694
72 8 0.579891
72 12 0.581148
72 26 0.555859
72 41 0.550502
72 38 0.566363
72 48 0.555460
72 37 0.568546
72 34 0.577037
72 49 0.561860
72 50 0.574354
72 16 0.639680
72 23 0.626436
72 40 0.615699
72 22 0.636338
72 42 0.620678
72 46 0.631147
72 18 0.664778
72 6 0.700632
73 0 0.331360
73 12 0.333151
73 8 0.346800
73 31 0.327245
73 33 0.358879
73 10 0.400422
73 11 0.408326
73 14 0.415550
73 30 0.398014
73 44 0.409748
73 28 0.448345
73 1 0.484632
73 9 0.492104
73 42 0.476869
73 6 0.534079
73 25 0.544172
73 4 0.565777
73 2 0.569580
73 13 0.596219
73 41 0.564186
73 29 0.578276
73 32 0.581293
73 17 0.605815
73 18 0.629958
73 24 0.629004
73 15 0.642277
73 3 0.651825
73 26 0.633985
73 40 0.618407
73 5 0.667657
73 50 0.623669
73 48 0.632511
73 46 0.635686
73 39 0.655422
73 36 0.662621
73 20 0.684087
73 16 0.688802
73 21 0.686669
73 23 0.689580
73 49 0.675794
73 38 0.690981
73 45 0.700125
73 43 0.709479
73 34 0.721360
73 27 0.729126
73 7 0.762876
73 35 0.738688
73 37 0.763011
73 19 0.795667
73 47 0.785999
73 22 0.838810
74 8 0.204014
74 10 0.214641
74 12 0.207282
74 13 0.244084
74 9 0.259014
74 11 0.257387
74 1 0.354221
74 3 0.356429
74 5 0.404407
74 14 0.321506
74 2 0.448884
74 4 0.439200
74 0 0.455280
74 6 0.462395
74 7 0.539409
74 16 0.454688
74 30 0.234694
74 18 0.370684
74 33 0.216945
74 28 0.264893
74 15 0.497910
74 29 0.303058
74 32 0.293748
74 31 0.321532
74 19 0.446983
74 21 0.431150
74 22 0.432592
74 23 0.458077
74 17 0.592097
74 25 0.469095
74 26 0.487074
74 44 0.249708
74 20 0.585875
74 27 0.515174
74 24 0.560445
74 34 0.459252
74 36 0.437695
74 35 0.448044
74 43 0.378161
74 42 0.385231
74 38 0.448161
74 40 0.449534
74 37 0.499614
74 50 0.343613
74 47 0.394957
74 46 0.397778
74 39 0.471938
74 45 0.431464
74 48 0.391533
74 41 0.546525
74 49 0.454248
75 10 0.251478
75 11 0.250881
75 8 0.282328
75 13 0.207184
75 12 0.279796
75 9 0.348733
75 14 0.266391
75 5 0.398572
75 1 0.408757
75 3 0.409573
75 0 0.435600
75 6 0.568386
75 29 0.264046
75 32 0.343493
75 7 0.725414
75 44 0.305216
75 2 0.740320
75 4 0.754334
75 30 0.405269
75 15 0.650183
75 17 0.527010
75 31 0.426286
75 28 0.464213
75 16 0.576618
75 21 0.558554
75 24 0.568272
75 22 0.579968
75 18 0.616502
75 36 0.509034
75 25 0.604365
75 33 0.544310
75 20 0.649588
75 26 0.606377
75 37 0.572752
75 34 0.592706
75 40 0.604841
75 45 0.592704
75 19 0.746949
75 38 0.646474
75 23 0.739544
75 39 0.655783
75 35 0.673587
75 46 0.628562
75 41 0.691658
75 27 0.742318
75 42 0.699153
75 49 0.635087
75 47 0.649220
75 48 0.669460
75 43 0.735108
75 50 0.702765
76 11 0.342643
76 10 0.458112
76 8 0.460918
76 30 0.441628
76 5 0.482206
76 1 0.502561
76 32 0.463868
76 6 0.530059
76 28 0.533861
76 44 0.554842
76 4 0.607986
76 14 0.601842
76 0 0.632742
76 13 0.657669
76 7 0.665518
76 37 0.701918
76 12 0.762214
76 20 0.795697
76 45 0.777687
76 49 0.776627
76 33 0.804769
76 29 0.817801
76 9 0.883932
76 31 0.861038
76 42 0.854849
76 15 0.896431
76 16 0.901142
76 24 0.900992
76 18 0.933804
76 3 0.946520
76 22 0.941571
76 19 0.947857
76 34 0.936470
76 2 0.983596
76 26 0.975508
76 40 0.976551
76 41 0.980822
76 23 1.016527
76 38 1.006974
76 17 1.046555
76 47 1.011771
76 27 1.041134
76 25 1.059641
76 21 1.077374
76 50 1.037722
76 36 1.069605
76 35 1.098484
76 48 1.092674
76 43 1.123705
76 46 1.138975
76 39 1.185858
77 8 0.280118
77 11 0.298147
77 13 0.325469
77 14 0.325590
77 3 0.467607
77 10 0.338370
77 9 0.369310
77 5 0.483773
77 12 0.386242
77 1 0.531681
77 0 0.556544
77 29 0.492883
77 2 0.705820
77 7 0.675807
77 4 0.778845
77 28 0.599699
77 31 0.588724
77 33 0.593862
77 16 0.669238
77 32 0.640542
77 44 0.451228
77 17 0.740824
77 35 0.663516
77 6 0.867476
77 19 0.741192
77 30 0.692333
77 27 0.761699
77 23 0.792008
77 21 0.814496
77 37 0.755389
77 45 0.567598
77 25 0.832192
77 15 0.881367
77 24 0.860887
77 26 0.848087
77 22 0.882564
77 36 0.827712
77 42 0.735040
77 47 0.599765
77 40 0.824069
77 38 0.864582
77 41 0.791778
77 34 0.902218
77 46 0.696815
77 39 0.898037
77 50 0.699499
77 18 1.026173
77 43 0.856512
77 20 1.054702
77 49 0.746789
77 48 0.822800
78 14 0.355469
78 28 0.376022
78 0 0.406869
78 2 0.406870
78 3 0.417678
78 8 0.460886
78 27 0.463304
78 6 0.479885
78 32 0.486088
78 13 0.507790
78 44 0.497270
78 11 0.531250
78 31 0.513728
78 12 0.542300
78 22 0.543021
78 10 0.563961
78 30 0.564446
78 1 0.646632
78 7 0.642948
78 16 0.641035
78 40 0.634137
78 34 0.675094
78 29 0.695076
78 24 0.701210
78 33 0.689539
78 38 0.685588
78 36 0.697597
78 9 0.746234
78 4 0.755340
78 45 0.724933
78 21 0.760261
78 20 0.770609
78 5 0.793213
78 50 0.759928
78 18 0.803556
78 48 0.780976
78 25 0.823125
78 42 0.814262
78 39 0.819167
78 43 0.832835
78 19 0.867586
78 17 0.869176
78 49 0.840713
78 23 0.876597
78 26 0.879721
78 37 0.890364
78 46 0.886817
78 41 0.922242
78 35 0.935489
78 47 0.935468
78 15 0.982245
79 10 0.284657
79 8 0.304098
79 9 0.345940
79 11 0.330604
79 13 0.283051
79 14 0.275075
79 12 0.370189
79 3 0.452599
79 1 0.464319
79 5 0.503366
79 0 0.550041
79 6 0.544381
79 2 0.569511
79 4 0.626206
79 7 0.629961
79 28 0.260878
79 33 0.283688
79 29 0.349523
79 32 0.329405
79 31 0.357099
79 15 0.625465
79 17 0.571140
79 30 0.397511
79 24 0.491700
79 22 0.537447
79 27 0.472770
79 23 0.560160
79 19 0.622510
79 16 0.709621
79 34 0.489192
79 44 0.378914
79 25 0.591896
79 40 0.423472
79 21 0.657123
79 20 0.661749
79 36 0.513297
79 35 0.564682
79 37 0.532454
79 45 0.445635
79 18 0.756831
79 26 0.675269
79 43 0.559604
79 41 0.574273
79 38 0.650816
79 42 0.612670
79 39 0.649366
79 49 0.564746
79 50 0.565928
79 48 0.577290
79 46 0.597392
79 47 0.618481
80 8 0.324091
80 14 0.383257
80 10 0.530628
80 12 0.543115
80 28 0.530985
80 32 0.525542
80 30 0.528370
80 31 0.527443
80 3 0.584682
80 1 0.651525
80 5 0.674323
80 0 0.678611
80 16 0.685485
80 48 0.738496
80 42 0.757075
80 47 0.752913
80 45 0.770610
80 18 0.803324
80 11 0.827027
80 26 0.820526
80 35 0.838858
80 44 0.829874
80 4 0.868750
80 7 0.867308
80 9 0.876744
80 22 0.868170
80 29 0.861582
80 13 0.887116
80 6 0.893242
80 33 0.879338
80 40 0.873775
80 37 0.897295
80 2 0.939969
80 49 0.903262
80 23 0.956573
80 38 0.939339
80 17 0.963307
80 34 0.952197
80 20 0.969949
80 39 0.984431
80 36 0.995812
80 27 1.008701
80 19 1.024690
80 43 1.046587
80 24 1.070120
80 15 1.084959
80 21 1.087479
80 50 1.079779
80 25 1.128226
80 46 1.135967
80 41 1.177239
81 8 0.245037
81 11 0.217478
81 0 0.379115
81 3 0.407037
81 10 0.290793
81 1 0.437951
81 9 0.310116
81 5 0.455602
81 14 0.273959
81 2 0.505096
81 13 0.324479
81 7 0.442243
81 4 0.529697
81 12 0.351567
81 6 0.626394
81 31 0.291386
81 30 0.323197
81 29 0.337122
81 28 0.395967
81 19 0.543535
81 16 0.599933
81 15 0.609426
81 18 0.575282
81 44 0.344072
81 20 0.622287
81 17 0.676044
81 33 0.442416
81 32 0.447777
81 22 0.677619
81 25 0.627693
81 21 0.720845
81 27 0.614540
81 23 0.711474
81 24 0.723151
81 43 0.581810
81 40 0.598672
81 38 0.614902
81 26 0.723224
81 45 0.609406
81 35 0.640287
81 42 0.640041
81 36 0.679615
81 46 0.659971
81 34 0.712867
81 47 0.660656
81 50 0.652485
81 37 0.695178
81 41 0.693917
81 49 0.687274
81 39 0.737153
81 48 0.714987
82 10 0.331691
82 12 0.379866
82 30 0.357893
82 28 0.371073
82 8 0.409056
82 0 0.442366
82 13 0.428959
82 2 0.482329
82 14 0.493806
82 4 0.543319
82 33 0.507010
82 44 0.495752
82 6 0.586018
82 9 0.605534
82 36 0.567094
82 11 0.616787
82 15 0.613202
82 31 0.628397
82 46 0.730524
82 32 0.747431
82 21 0.762237
82 3 0.792601
82 34 0.747657
82 42 0.740461
82 29 0.755991
82 7 0.790353
82 18 0.777966
82 38 0.750971
82 1 0.802815
82 16 0.784831
82 40 0.750453
82 5 0.802686
82 20 0.776567
82 50 0.741381
82 37 0.768081
82 24 0.793013
82 39 0.774763
82 47 0.771731
82 25 0.806547
82 41 0.787774
82 19 0.834825
82 26 0.847611
82 43 0.832209
82 45 0.840847
82 17 0.889286
82 35 0.876752
82 27 0.896817
82 23 0.912964
82 48 0.882365
82 22 0.922396
82 49 0.901200
83 9 0.256112
83 11 0.331471
83 30 0.338243
83 0 0.403179
83 5 0.415531
83 3 0.433011
83 13 0.425627
83 28 0.407450
83 31 0.423369
83 29 0.437668
83 7 0.478399
83 8 0.481696
83 4 0.486509
83 1 0.559228
83 14 0.559551
83 44 0.558001
83 32 0.610165
83 12 0.658874
83 33 0.616377
83 35 0.637917
83 10 0.685329
83 40 0.649950
83 15 0.702170
83 43 0.643836
83 41 0.656418
83 2 0.722530
83 16 0.720219
83 45 0.662946
83 19 0.718427
83 47 0.662687
83 36 0.714269
83 27 0.736730
83 18 0.771007
83 49 0.709590
83 34 0.741575
83 17 0.782970
83 25 0.758363
83 39 0.744143
83 20 0.794618
83 6 0.823789
83 23 0.802651
83 24 0.799418
83 21 0.812117
83 37 0.794978
83 42 0.783536
83 50 0.801135
83 48 0.813986
83 22 0.893910
83 38 0.877533
83 26 0.917875
83 46 0.898883
84 8 0.250647
84 10 0.263841
84 9 0.287418
84 12 0.279434
84 14 0.247350
84 13 0.283022
84 11 0.359022
84 5 0.472081
84 0 0.507629
84 2 0.512205
84 1 0.534700
84 4 0.532105
84 7 0.527633
84 3 0.589181
84 30 0.273213
84 29 0.289918
84 33 0.307126
84 6 0.691125
84 18 0.543488
84 16 0.608650
84 31 0.375746
84 44 0.256291
84 32 0.388968
84 28 0.425970
84 15 0.676169
84 22 0.566015
84 17 0.683467
84 20 0.612490
84 19 0.646454
84 24 0.545527
84 23 0.605015
84 25 0.585519
84 26 0.585205
84 34 0.488718
84 38 0.462191
84 40 0.495006
84 27 0.648852
84 46 0.484024
84 42 0.504807
84 47 0.483841
84 35 0.557510
84 39 0.569725
84 21 0.813740
84 45 0.548721
84 37 0.592846
84 36 0.601652
84 43 0.573327
84 41 0.601963
84 49 0.436636
84 48 0.423441
84 50 0.480249
85 8 0.299742
85 1 0.360676
85 5 0.415779
85 3 0.456267
85 14 0.445706
85 13 0.547096
85 4 0.592322
85 31 0.582990
85 2 0.642254
85 10 0.635168
85 12 0.633504
85 7 0.698810
85 19 0.697270
85 11 0.695845
85 9 0.698936
85 29 0.666056
85 17 0.707335
85 33 0.705513
85 0 0.783470
85 30 0.738147
85 15 0.817439
85 32 0.787521
85 18 0.846140
85 44 0.771596
85 6 0.860847
85 28 0.839808
85 21 0.870746
85 25 0.881020
85 16 0.918473
85 27 0.892158
85 23 0.937992
85 37 0.936492
85 22 0.995457
85 39 0.958166
85 35 0.981647
85 36 0.986063
85 24 1.100998
85 42 1.050841
85 38 1.065641
85 20 1.121432
85 45 1.046022
85 43 1.051728
85 34 1.079219
85 46 1.043083
85 41 1.059847
85 40 1.062740
85 49 1.037478
85 26 1.121442
85 47 1.097078
85 48 1.131283
85 50 1.164137
86 8 0.262961
86 9 0.276088
86 14 0.281924
86 13 0.377497
86 11 0.452655
86 12 0.451772
86 3 0.498901
86 0 0.526822
86 10 0.518071
86 2 0.557229
86 4 0.571719
86 6 0.569386
86 5 0.610201
86 1 0.647950
86 30 0.585657
86 7 0.632806
86 44 0.562658
86 32 0.606835
86 28 0.632588
86 31 0.675983
86 16 0.741046
86 15 0.747625
86 29 0.754892
86 33 0.760752
86 18 0.856163
86 46 0.823402
86 36 0.856113
86 20 0.910302
86 38 0.913246
86 47 0.907207
86 40 0.931120
86 48 0.917940
86 34 0.957664
86 45 0.939945
86 35 0.964699
86 37 0.963970
86 22 0.996210
86 21 0.998348
86 26 0.995795
86 24 1.000788
86 43 0.971887
86 39 0.991830
86 17 1.063516
86 19 1.071177
86 42 1.052748
86 41 1.061703
86 23 1.096112
86 27 1.092450
86 25 1.107842
86 49 1.100512
86 50 1.111802
87 10 0.258092
87 11 0.218771
87 12 0.183806
87 9 0.289480
87 8 0.308616
87 13 0.304169
87 14 0.362146
87 1 0.525845
87 3 0.524368
87 0 0.538098
87 4 0.598464
87 6 0.596105
87 7 0.615213
87 5 0.622864
87 29 0.317674
87 2 0.668726
87 28 0.330952
87 31 0.326106
87 30 0.365798
87 15 0.536604
87 32 0.333932
87 33 0.277231
87 19 0.548891
87 18 0.560338
87 25 0.552738
87 26 0.560437
87 17 0.602235
87 21 0.598942
87 16 0.677875
87 44 0.303973
87 24 0.606064
87 23 0.652060
87 22 0.668698
87 27 0.662122
87 20 0.720386
87 34 0.500548
87 40 0.434664
87 37 0.483561
87 36 0.535289
87 46 0.497740
87 45 0.532340
87 38 0.554738
87 39 0.555747
87 50 0.494516
87 47 0.546459
87 42 0.578422
87 35 0.632381
87 48 0.575122
87 41 0.605854
87 43 0.608432
87 49 0.575481
88 11 0.369366
88 44 0.367287
88 13 0.454580
88 14 0.462626
88 28 0.487858
88 30 0.499629
88 8 0.527003
88 3 0.535878
88 10 0.556291
88 12 0.560116
88 9 0.563588
88 1 0.570960
88 4 0.577666
88 32 0.564196
88 0 0.597090
88 29 0.568616
88 31 0.574234
88 5 0.632831
88 33 0.652902
88 2 0.749537
88 40 0.741174
88 41 0.777282
88 16 0.834854
88 6 0.849342
88 15 0.876904
88 36 0.853593
88 35 0.857308
88 19 0.897320
88 24 0.892309
88 50 0.869964
88 18 0.918021
88 38 0.897538
88 43 0.897692
88 34 0.908628
88 23 0.933633
88 20 0.941778
88 7 0.952880
88 42 0.917192
88 45 0.927047
88 21 0.964609
88 17 0.968409
88 46 0.939422
88 27 0.967593
88 48 0.952359
88 22 0.983320
88 25 0.990113
88 26 1.003914
88 37 1.029169
88 49 1.021947
88 39 1.053668
88 47 1.061654
89 8 0.326435
89 10 0.351396
89 11 0.353787
89 3 0.430470
89 13 0.352562
89 12 0.368598
89 9 0.358101
89 1 0.502213
89 0 0.560421
89 5 0.536678
89 2 0.631725
89 4 0.639956
89 29 0.553930
89 7 0.626834
89 14 0.625407
89 31 0.678969
89 30 0.687222
89 28 0.706733
89 6 0.773577
89 15 0.743165
89 33 0.691385
89 16 0.832118
89 17 0.864853
89 32 0.803016
89 21 0.884067
89 44 0.611199
89 20 0.922132
89 18 0.949014
89 19 0.975243
89 35 0.917004
89 25 0.982138
89 23 1.007892
89 27 1.009355
89 40 0.913193
89 36 0.964239
89 22 1.069410
89 43 0.810094
89 34 1.020937
89 24 1.084053
89 41 0.967476
89 45 0.845209
89 39 1.065524
89 26 1.168216
89 37 1.106799
89 50 0.774117
89 47 0.781429
89 48 0.782731
89 42 1.012172
89 49 0.823436
89 38 1.136960
89 46 1.002295
90 8 0.339248
90 13 0.356819
90 9 0.373751
90 10 0.373734
90 3 0.428121
90 14 0.455956
90 28 0.453689
90 11 0.519772
90 2 0.542806
90 12 0.547954
90 5 0.558686
90 33 0.541631
90 32 0.566899
90 44 0.574778
90 47 0.596692
90 4 0.663687
90 1 0.675800
90 6 0.689731
90 16 0.671954
90 30 0.681031
90 31 0.699179
90 46 0.682366
90 24 0.708691
90 43 0.688075
90 29 0.711710
90 26 0.754137
90 27 0.759692
90 7 0.813762
90 36 0.797207
90 45 0.796067
90 0 0.876105
90 41 0.810305
90 19 0.837251
90 39 0.813685
90 21 0.836303
90 37 0.823334
90 42 0.818665
90 15 0.854755
90 18 0.879605
90 25 0.871258
90 20 0.887021
90 35 0.876871
90 34 0.879105
90 38 0.882161
90 48 0.879106
90 49 0.883541
90 23 0.918597
90 40 0.906409
90 17 0.948789
90 50 0.953205
90 22 0.996021
91 8 0.335717
91 12 0.352204
91 10 0.355101
91 5 0.501607
91 9 0.525538
91 14 0.547237
91 44 0.570302
91 3 0.620418
91 18 0.631615
91 1 0.651134
91 0 0.653013
91 13 0.663620
91 30 0.689821
91 46 0.684878
91 22 0.725837
91 33 0.723363
91 28 0.735708
91 4 0.762385
91 35 0.819713
91 24 0.832002
91 29 0.834321
91 40 0.824780
91 43 0.828889
91 31 0.854951
91 20 0.878468
91 2 0.893756
91 32 0.868029
91 11 0.899962
91 16 0.902591
91 15 0.917982
91 7 0.964246
91 34 0.941839
91 17 0.991106
91 47 0.966075
91 23 1.000594
91 38 0.993926
91 42 1.000760
91 6 1.046826
91 25 1.033179
91 45 1.011683
91 49 1.016299
91 50 1.021704
91 48 1.035540
91 21 1.093929
91 41 1.083608
91 39 1.090947
91 37 1.093218
91 19 1.130688
91 36 1.153746
91 26 1.192012
91 27 1.215713
92 9 0.362524
92 13 0.402722
92 8 0.430579
92 28 0.488792
92 1 0.543334
92 3 0.577008
92 0 0.589561
92 2 0.588929
92 5 0.630297
92 21 0.640843
92 11 0.680253
92 29 0.662150
92 10 0.682781
92 44 0.645095
92 31 0.675977
92 6 0.735106
92 15 0.767067
92 4 0.790196
92 30 0.795317
92 12 0.815296
92 33 0.810120
92 32 0.847879
92 14 0.869828
92 38 0.840726
92 17 0.880654
92 19 0.901496
92 42 0.891173
92 22 1.023167
92 35 1.004303
92 45 0.993981
92 50 0.987333
92 27 1.035425
92 40 1.018224
92 37 1.022206
92 7 1.067137
92 48 1.034327
92 23 1.077470
92 18 1.082330
92 26 1.074778
92 16 1.092276
92 46 1.064885
92 43 1.078517
92 34 1.120247
92 41 1.120098
92 20 1.171272
92 24 1.175906
92 36 1.195075
92 25 1.222353
92 47 1.216404
92 39 1.251441
92 49 1.271288
93 14 0.557178
93 19 0.553829
93 0 0.664501
93 12 0.657266
93 13 0.657761
93 32 0.638642
93 28 0.641864
93 8 0.663551
93 44 0.630458
93 1 0.720889
93 30 0.734208
93 7 0.787668
93 10 0.804981
93 15 0.824363
93 9 0.828798
93 20 0.839060
93 21 0.840336
93 11 0.902610
93 29 0.884640
93 2 0.915470
93 4 0.915314
93 36 0.907876
93 31 0.946755
93 40 0.986336
93 3 1.051530
93 17 1.056974
93 38 1.035162
93 33 1.040480
93 23 1.062614
93 41 1.078925
93 22 1.149085
93 27 1.188641
93 26 1.205747
93 6 1.241306
93 42 1.225141
93 50 1.234668
93 37 1.250236
93 46 1.247342
93 48 1.246855
93 5 1.289869
93 35 1.271424
93 18 1.301136
93 34 1.292483
93 47 1.279755
93 43 1.286514
93 45 1.290769
93 16 1.343426
93 24 1.375432
93 49 1.369191
93 25 1.452211
93 39 1.487319
94 8 0.444096
94 9 0.549003
94 44 0.509176
94 0 0.556077
94 12 0.678846
94 5 0.683853
94 2 0.704014
94 3 0.703868
94 4 0.728188
94 29 0.702162
94 32 0.699951
94 31 0.740114
94 6 0.810987
94 10 0.824565
94 18 0.839505
94 21 0.838973
94 28 0.825311
94 30 0.848474
94 11 0.871699
94 22 0.866597
94 14 0.873523
94 13 0.943171
94 48 0.913846
94 33 0.980050
94 7 1.036980
94 1 1.063572
94 34 1.080843
94 36 1.090808
94 35 1.092603
94 45 1.081013
94 39 1.109618
94 20 1.148631
94 37 1.136378
94 16 1.164324
94 42 1.139882
94 43 1.149562
94 40 1.175538
94 25 1.207192
94 47 1.177885
94 24 1.220641
94 26 1.227063
94 50 1.234966
94 38 1.262303
94 41 1.269088
94 15 1.311981
94 19 1.310999
94 17 1.312810
94 27 1.305476
94 46 1.308641
94 23 1.343422
94 49 1.334983
95 14 0.429195
95 13 0.431201
95 30 0.410840
95 44 0.481881
95 3 0.537500
95 18 0.704994
95 33 0.716819
95 2 0.747949
95 4 0.771558
95 11 0.767437
95 32 0.744255
95 36 0.740749
95 28 0.765156
95 12 0.804659
95 35 0.811936
95 10 0.840390
95 8 0.850088
95 0 0.858612
95 31 0.862442
95 42 0.866258
95 46 0.884621
95 43 0.925287
95 29 0.944200
95 38 0.962265
95 9 1.002089
95 16 1.037927
95 37 1.012730
95 20 1.039647
95 1 1.056670
95 40 1.017474
95 5 1.063229
95 34 1.035420
95 6 1.071897
95 47 1.035956
95 23 1.072763
95 26 1.074424
95 48 1.052709
95 15 1.116502
95 39 1.178872
95 25 1.201397
95 21 1.204909
95 7 1.216863
95 19 1.209858
95 50 1.168843
95 45 1.175465
95 22 1.207726
95 41 1.181595
95 17 1.213271
95 49 1.178154
95 24 1.241368
95 27 1.274383
96 11 0.330459
96 10 0.397179
96 0 0.461375
96 8 0.455819
96 29 0.446454
96 5 0.552530
96 4 0.576479
96 6 0.583826
96 20 0.593496
96 15 0.639156
96 7 0.645291
96 14 0.662997
96 13 0.664001
96 32 0.624794
96 33 0.678155
96 44 0.670763
96 1 0.757761
96 3 0.759101
96 17 0.751069
96 31 0.706203
96 2 0.773040
96 9 0.775314
96 28 0.751978
96 19 0.794875
96 30 0.773074
96 36 0.797838
96 18 0.867717
96 12 0.882086
96 42 0.828966
96 50 0.843090
96 16 0.970604
96 35 0.916808
96 47 0.912798
96 43 0.921478
96 23 0.967390
96 37 0.940147
96 38 0.940788
96 24 0.981706
96 40 0.953883
96 45 0.963518
96 41 0.973934
96 26 1.017731
96 25 1.022209
96 46 1.004812
96 39 1.018049
96 34 1.051222
96 21 1.112308
96 22 1.107277
96 27 1.123085
96 48 1.089494
96 49 1.094240
97 8 0.329337
97 11 0.478646
97 13 0.478190
97 10 0.483626
97 3 0.492998
97 1 0.494748
97 12 0.576190
97 28 0.553798
97 44 0.538969
97 2 0.595801
97 4 0.641643
97 0 0.666185
97 9 0.661437
97 32 0.630047
97 30 0.680535
97 31 0.686466
97 29 0.703260
97 14 0.750709
97 21 0.785367
97 19 0.821630
97 40 0.787737
97 22 0.839461
97 37 0.813606
97 36 0.822040
97 6 0.915979
97 35 0.892430
97 33 0.903317
97 25 0.927884
97 24 0.932759
97 20 0.983414
97 42 0.960245
97 16 1.010237
97 23 1.042106
97 5 1.063944
97 7 1.063690
97 39 1.031580
97 15 1.070098
97 17 1.076961
97 34 1.064104
97 26 1.090907
97 45 1.077352
97 48 1.082156
97 43 1.097995
97 38 1.109012
97 49 1.092780
97 47 1.103588
97 27 1.169561
97 46 1.157211
97 50 1.166198
97 18 1.227080
97 41 1.230080
98 10 0.448762
98 0 0.592681
98 33 0.614804
98 9 0.786240
98 12 0.812271
98 14 0.826405
98 32 0.806642
98 1 0.858966
98 43 0.867054
98 35 0.906032
98 42 0.898516
98 31 0.947069
98 45 0.952477
98 44 0.954881
98 24 0.984222
98 30 1.038153
98 11 1.062315
98 4 1.067644
98 3 1.069073
98 13 1.062726
98 28 1.102942
98 29 1.115712
98 40 1.106568
98 2 1.157585
98 8 1.166363
98 41 1.205475
98 5 1.260044
98 15 1.274776
98 34 1.300204
98 20 1.346766
98 47 1.323146
98 7 1.370553
98 17 1.404793
98 36 1.395692
98 25 1.430148
98 48 1.397253
98 22 1.448337
98 16 1.453666
98 50 1.494794
98 27 1.525792
98 21 1.535651
98 18 1.539013
98 6 1.569853
98 38 1.564890
98 23 1.589129
98 19 1.613009
98 37 1.588019
98 26 1.614971
98 46 1.607969
98 39 1.628047
98 49 1.691742
99 12 0.474630
99 10 0.629249
99 29 0.603485
99 8 0.700975
99 4 0.783425
99 9 0.797068
99 1 0.835317
99 5 0.875929
99 13 0.870913
99 31 0.843587
99 3 1.007776
99 24 0.991357
99 41 0.962694
99 42 0.961012
99 14 1.002419
99 28 0.981854
99 30 0.979395
99 33 0.976713
99 0 1.016404
99 39 0.969673
99 32 0.979297
99 44 1.019993
99 2 1.071992
99 19 1.095193
99 11 1.118673
99 47 1.157524
99 37 1.204262
99 27 1.234059
99 43 1.213314
99 17 1.282547
99 6 1.290859
99 7 1.307832
99 21 1.316813
99 16 1.321648
99 18 1.337629
99 20 1.348827
99 46 1.334183
99 38 1.343534
99 40 1.355743
99 34 1.365455
99 15 1.419738
99 35 1.391055
99 36 1.390976
99 45 1.393734
99 50 1.412333
99 49 1.417251
99 22 1.470816
99 26 1.475966
99 48 1.447193
99 25 1.477915
99 23 1.525194
100 9 0.247567
100 8 0.279309
100 11 0.344107
100 10 0.394773
100 14 0.346671
100 12 0.367564
100 13 0.380995
100 0 0.516536
100 1 0.524806
100 3 0.522655
100 2 0.530719
100 5 0.549167
100 4 0.755397
100 7 0.733431
100 6 0.810745
100 31 0.335046
100 29 0.348186
100 32 0.346106
100 44 0.310261
100 30 0.388941
100 28 0.396919
100 16 0.750734
100 17 0.735142
100 15 0.776969
100 33 0.427898
100 25 0.555937
100 19 0.720027
100 21 0.739495
100 18 0.858128
100 20 0.770529
100 23 0.691267
100 40 0.628164
100 27 0.691062
100 24 0.709565
100 22 0.775429
100 50 0.651160
100 41 0.717571
100 43 0.720091
100 26 0.797185
100 38 0.748571
100 34 0.764670
100 35 0.769261
100 47 0.708402
100 42 0.752858
100 49 0.706209
100 36 0.792761
100 48 0.728452
100 45 0.778173
100 39 0.816734
100 37 0.844107
100 46 0.878276
101 8 0.416708
101 10 0.469263
101 0 0.605812
101 5 0.641862
101 1 0.664596
101 20 0.696198
101 31 0.691334
101 11 0.742871
101 12 0.801059
101 29 0.777752
101 2 0.835411
101 30 0.841694
101 13 0.911574
101 40 0.871193
101 9 0.915090
101 19 0.953542
101 17 0.955169
101 18 0.955285
101 3 0.988033
101 14 1.012885
101 26 1.002288
101 28 1.009705
101 44 1.000705
101 32 1.018411
101 45 1.016191
101 23 1.059038
101 41 1.064160
101 36 1.072234
101 39 1.069782
101 33 1.148370
101 37 1.143387
101 48 1.248569
101 38 1.262919
101 4 1.307104
101 6 1.306377
101 21 1.296772
101 46 1.254660
101 7 1.307577
101 22 1.325920
101 42 1.290027
101 35 1.326702
101 15 1.370774
101 43 1.326878
101 47 1.322734
101 25 1.376506
101 27 1.378788
101 49 1.348413
101 16 1.408305
101 24 1.402236
101 50 1.372929
101 34 1.447248
102 9 0.366952
102 10 0.400689
102 29 0.474307
102 33 0.487103
102 11 0.519801
102 0 0.586428
102 8 0.606403
102 14 0.610788
102 3 0.707278
102 13 0.723968
102 28 0.730177
102 4 0.769325
102 12 0.770040
102 31 0.782831
102 1 0.830382
102 24 0.837779
102 39 0.878402
102 44 0.894750
102 21 0.919578
102 7 0.941755
102 23 0.918602
102 45 0.937728
102 2 0.991834
102 30 0.964885
102 27 0.975940
102 5 1.005935
102 32 0.977731
102 16 1.032503
102 35 1.028394
102 17 1.055832
102 50 1.061901
102 40 1.072900
102 22 1.101159
102 19 1.105228
102 43 1.088997
102 15 1.149606
102 49 1.118549
102 36 1.140713
102 37 1.157549
102 26 1.172263
102 47 1.158599
102 41 1.248829
102 48 1.241681
102 18 1.280367
102 42 1.270497
102 25 1.289616
102 46 1.268195
102 34 1.281427
102 38 1.280334
102 6 1.341246
102 20 1.342715
103 10 0.472486
103 28 0.628593
103 0 0.695787
103 30 0.729868
103 29 0.731020
103 3 0.774913
103 18 0.768274
103 2 0.831916
103 13 0.853904
103 1 0.862026
103 7 0.858469
103 6 0.905092
103 8 0.904696
103 15 0.901017
103 44 0.861795
103 12 1.017498
103 14 1.016683
103 42 0.983054
103 17 1.048440
103 32 1.027887
103 31 1.030733
103 9 1.070262
103 22 1.062596
103 11 1.103550
103 21 1.138535
103 33 1.118514
103 4 1.191752
103 45 1.145748
103 25 1.203861
103 36 1.209150
103 16 1.254229
103 35 1.241936
103 20 1.267261
103 19 1.297138
103 34 1.348015
103 43 1.347845
103 40 1.351333
103 39 1.365937
103 48 1.354953
103 5 1.419302
103 23 1.443717
103 37 1.432586
103 46 1.433774
103 24 1.469970
103 41 1.474316
103 27 1.594167
103 49 1.561122
103 26 1.598295
103 50 1.560657
103 38 1.577659
103 47 1.567339
104 11 0.395834
104 8 0.442745
104 14 0.436844
104 9 0.466481
104 13 0.464955
104 10 0.547572
104 12 0.542883
104 0 0.631791
104 5 0.706406
104 4 0.749190
104 3 0.821392
104 18 0.755635
104 1 0.831563
104 16 0.762026
104 6 0.791461
104 29 0.436805
104 32 0.396852
104 31 0.451531
104 7 0.952472
104 15 0.938677
104 2 1.030102
104 28 0.541965
104 30 0.523360
104 33 0.584201
104 44 0.525827
104 19 1.107975
104 21 1.109697
104 23 1.060234
104 24 1.068789
104 17 1.176347
104 22 1.112986
104 20 1.209399
104 47 0.630138
104 25 1.155190
104 38 0.732793
104 26 1.184027
104 45 0.726463
104 43 0.732673
104 39 0.747578
104 27 0.965484
104 36 0.781558
104 41 0.791315
104 34 0.867387
104 35 0.865127
104 37 0.849779
104 40 0.836912
104 48 0.736976
104 42 0.866387
104 50 0.713258
104 49 0.800458
104 46 0.919828
105 10 0.389797
105 11 0.577033
105 12 0.576973
105 0 0.592550
105 33 0.597460
105 8 0.633716
105 30 0.696124
105 32 0.693269
105 44 0.699477
105 3 0.786501
105 9 0.810521
105 2 0.855785
105 18 0.906244
105 31 0.899417
105 14 0.952694
105 1 0.981962
105 28 0.951407
105 7 1.015113
105 36 1.004578
105 6 1.057150
105 13 1.090587
105 40 1.066203
105 5 1.146673
105 29 1.129718
105 20 1.161266
105 46 1.146645
105 17 1.259465
105 42 1.227962
105 37 1.245154
105 15 1.332948
105 27 1.335124
105 38 1.345340
105 34 1.358323
105 16 1.409403
105 26 1.408938
105 19 1.429713
105 24 1.418983
105 35 1.408079
105 39 1.411430
105 45 1.406377
105 47 1.419617
105 48 1.454462
105 4 1.529860
105 43 1.472607
105 22 1.539223
105 50 1.519818
105 41 1.672678
105 23 1.715969
105 21 1.724848
105 25 1.747540
105 49 1.715009
106 32 0.469334
106 11 0.647550
106 13 0.656906
106 31 0.638063
106 1 0.668650
106 29 0.641641
106 0 0.676011
106 8 0.746665
106 28 0.725003
106 44 0.777134
106 9 0.875250
106 2 0.880512
106 17 0.934815
106 18 0.995283
106 30 0.979459
106 33 1.008264
106 14 1.039184
106 3 1.074485
106 39 1.077205
106 21 1.135386
106 12 1.143948
106 10 1.189218
106 34 1.235632
106 7 1.271768
106 40 1.292717
106 41 1.311684
106 19 1.347883
106 15 1.363947
106 25 1.358918
106 35 1.366681
106 5 1.406120
106 23 1.391615
106 49 1.377153
106 45 1.411485
106 37 1.432451
106 42 1.427989
106 36 1.447856
106 47 1.443631
106 20 1.489852
106 16 1.495210
106 38 1.467983
106 48 1.454351
106 27 1.482168
106 24 1.496811
106 43 1.525936
106 22 1.561222
106 50 1.535156
106 26 1.588413
106 4 1.624399
106 46 1.637636
106 6 1.727886
107 28 0.455727
107 0 0.754913
107 44 0.715426
107 30 0.730326
107 1 0.755815
107 11 0.907103
107 12 0.951697
107 3 1.005442
107 9 1.016480
107 8 1.031102
107 32 1.028296
107 14 1.087153
107 13 1.114104
107 24 1.111199
107 10 1.169447
107 31 1.150935
107 21 1.161409
107 29 1.185812
107 19 1.196548
107 16 1.200805
107 17 1.200371
107 46 1.223852
107 33 1.252674
107 18 1.282382
107 26 1.310375
107 48 1.314852
107 39 1.342216
107 2 1.405301
107 45 1.367802
107 43 1.397229
107 50 1.401885
107 5 1.458763
107 25 1.452187
107 35 1.483770
107 27 1.490252
107 37 1.496093
107 38 1.497354
107 49 1.521464
107 40 1.558824
107 20 1.588423
107 41 1.570592
107 4 1.640518
107 34 1.628796
107 42 1.635402
107 36 1.656623
107 7 1.708374
107 47 1.682085
107 6 1.736202
107 15 1.731152
107 22 1.750376
107 23 1.762503
108 11 0.532147
108 14 0.689714
108 31 0.760813
108 12 0.814125
108 28 0.809835
108 30 0.867987
108 33 0.887010
108 13 0.940256
108 8 0.958685
108 29 0.945604
108 1 1.043312
108 3 1.126913
108 9 1.222645
108 7 1.280714
108 46 1.307756
108 32 1.340840
108 22 1.350233
108 34 1.383289
108 44 1.374547
108 21 1.414283
108 23 1.413813
108 35 1.402645
108 40 1.400215
108 10 1.431182
108 5 1.453241
108 42 1.421643
108 37 1.434271
108 27 1.453300
108 19 1.459802
108 16 1.526277
108 49 1.500113
108 45 1.557818
108 41 1.596211
108 24 1.657583
108 26 1.686110
108 50 1.666081
108 6 1.707780
108 15 1.711416
108 25 1.711327
108 36 1.743381
108 48 1.769458
108 4 1.857593
108 43 1.830311
108 2 1.872728
108 39 1.881530
108 0 1.925953
108 17 1.929995
108 38 1.921768
108 18 1.961112
108 47 1.948687
108 20 2.086071
109 8 0.590020
109 11 0.718975
109 10 0.808046
109 2 0.813848
109 44 0.760018
109 0 0.859396
109 4 0.857235
109 5 0.857110
109 12 0.909562
109 3 0.950981
109 17 1.005159
109 30 1.007346
109 28 1.022030
109 18 1.064728
109 19 1.064611
109 31 1.044922
109 39 1.027583
109 16 1.077744
109 32 1.053415
109 33 1.072376
109 29 1.094967
109 14 1.119347
109 9 1.222964
109 22 1.214112
109 13 1.222962
109 46 1.177820
109 40 1.200087
109 6 1.294641
109 37 1.249852
109 50 1.235917
109 27 1.281983
109 48 1.280702
109 15 1.344300
109 43 1.324460
109 25 1.365418
109 1 1.407306
109 45 1.358526
109 34 1.383075
109 7 1.419803
109 38 1.388824
109 42 1.393615
109 47 1.414666
109 35 1.443460
109 23 1.472572
109 36 1.448981
109 20 1.506090
109 41 1.476981
109 49 1.475934
109 24 1.524268
109 26 1.530732
109 21 1.541148
110 14 0.477616
110 9 0.516305
110 11 0.530228
110 13 0.576654
110 10 0.711548
110 31 0.714982
110 28 0.927797
110 0 0.993934
110 2 1.048345
110 44 1.011590
110 4 1.048288
110 29 1.026573
110 17 1.051381
110 33 1.058903
110 38 1.092075
110 12 1.116231
110 3 1.151004
110 32 1.151046
110 45 1.137900
110 30 1.153454
110 8 1.215734
110 50 1.188302
110 47 1.192054
110 6 1.250905
110 20 1.242003
110 1 1.278477
110 19 1.266716
110 41 1.308111
110 42 1.333495
110 15 1.377296
110 18 1.388959
110 5 1.420621
110 25 1.414434
110 46 1.406423
110 36 1.429897
110 35 1.443325
110 26 1.482015
110 34 1.500319
110 43 1.501881
110 37 1.511508
110 24 1.530240
110 40 1.518704
110 39 1.530472
110 49 1.518863
110 7 1.608008
110 22 1.686587
110 21 1.687984
110 27 1.680885
110 16 1.693597
110 48 1.661829
110 23 1.765113
111 10 0.535561
111 44 0.516489
111 8 0.619510
111 30 0.602193
111 3 0.649674
111 0 0.689004
111 2 0.691240
111 14 0.735251
111 17 0.739377
111 4 0.759268
111 28 0.734772
111 31 0.763761
111 1 0.798156
111 16 0.901056
111 12 0.905714
111 38 0.882259
111 19 0.914941
111 43 0.894757
111 9 0.936020
111 32 0.909748
111 33 0.909987
111 34 0.908287
111 27 1.048070
111 15 1.067030
111 29 1.049851
111 20 1.064902
111 13 1.072606
111 5 1.078541
111 47 1.031332
111 42 1.037871
111 48 1.052947
111 21 1.096989
111 11 1.114896
111 18 1.119509
111 46 1.137302
111 40 1.173249
111 24 1.204977
111 41 1.196330
111 22 1.232256
111 36 1.217907
111 45 1.251369
111 50 1.253775
111 6 1.325528
111 23 1.340263
111 26 1.345903
111 25 1.381363
111 7 1.403714
111 39 1.372921
111 49 1.394271
111 35 1.456400
111 37 1.499742
112 10 0.579291
112 30 0.754621
112 11 0.821515
112 29 0.801291
112 12 0.822481
112 8 0.872512
112 44 0.850607
112 0 0.952994
112 1 0.998110
112 2 1.103780
112 31 1.164826
112 32 1.164565
112 16 1.185175
112 14 1.213486
112 28 1.242282
112 13 1.261989
112 9 1.282561
112 4 1.358915
112 20 1.348575
112 41 1.358722
112 42 1.379821
112 45 1.392125
112 15 1.430549
112 3 1.455977
112 33 1.427535
112 43 1.430658
112 37 1.454987
112 23 1.509156
112 6 1.564281
112 25 1.562145
112 36 1.648475
112 48 1.635725
112 40 1.647484
112 21 1.673141
112 34 1.690806
112 5 1.738080
112 47 1.693537
112 18 1.747776
112 22 1.758164
112 50 1.721413
112 39 1.737212
112 26 1.764811
112 24 1.782169
112 46 1.758417
112 17 1.797344
112 38 1.782811
112 27 1.819166
112 19 1.906303
112 35 1.898044
112 49 1.956763
112 7 2.056605
113 14 0.402713
113 10 0.427689
113 8 0.483248
113 29 0.569098
113 12 0.632089
113 31 0.617752
113 28 0.777731
113 1 0.831147
113 11 0.855209
113 2 0.877802
113 33 0.863238
113 4 0.919460
113 44 0.972723
113 32 0.994465
113 13 1.088557
113 45 1.053724
113 6 1.137666
113 0 1.143422
113 9 1.180952
113 30 1.183474
113 7 1.248205
113 42 1.204502
113 20 1.248224
113 49 1.227326
113 19 1.283223
113 26 1.277055
113 40 1.262107
113 34 1.278282
113 18 1.312893
113 36 1.299626
113 35 1.317851
113 48 1.307776
113 46 1.317345
113 3 1.386191
113 24 1.377865
113 17 1.433772
113 15 1.515980
113 37 1.478649
113 16 1.518157
113 38 1.478521
113 50 1.472246
113 47 1.477361
113 41 1.496511
113 21 1.534311
113 5 1.596332
113 39 1.559631
113 23 1.588209
113 43 1.575830
113 27 1.624233
113 25 1.709500
113 22 1.742990
114 14 0.482748
114 8 0.501040
114 9 0.501053
114 11 0.619770
114 0 0.664815
114 10 0.678858
114 1 0.705081
114 12 0.832933
114 32 0.819203
114 3 0.876011
114 30 0.916490
114 33 0.944191
114 29 0.953111
114 44 0.930551
114 5 1.024639
114 2 1.027670
114 31 1.018661
114 7 1.069816
114 28 1.054284
114 4 1.091309
114 13 1.198186
114 18 1.328382
114 40 1.328604
114 45 1.437755
114 34 1.454121
114 6 1.504545
114 36 1.467813
114 43 1.473534
114 15 1.531518
114 16 1.561171
114 25 1.560983
114 37 1.544591
114 42 1.549433
114 46 1.554189
114 17 1.626007
114 39 1.613695
114 22 1.641536
114 23 1.648157
114 26 1.670275
114 48 1.654754
114 50 1.658647
114 47 1.683547
114 19 1.731580
114 24 1.736450
114 35 1.737542
114 27 1.765194
114 20 1.787714
114 21 1.801661
114 49 1.823107
114 41 1.858282
114 38 1.888137
115 10 0.441314
115 12 0.486398
115 14 0.502960
115 28 0.671345
115 2 0.721617
115 1 0.725872
115 0 0.740446
115 31 0.744183
115 36 0.773168
115 22 0.789770
115 11 0.799985
115 30 0.805132
115 32 0.816325
115 44 0.834278
115 8 0.870343
115 4 0.874205
115 24 0.860360
115 6 0.897365
115 13 0.905091
115 29 0.930376
115 21 0.964257
115 27 0.981213
115 41 0.968647
115 9 1.010668
115 16 1.041605
115 47 1.012044
115 50 1.102146
115 46 1.107968
115 45 1.110076
115 38 1.119216
115 33 1.125231
115 17 1.143207
115 18 1.142956
115 19 1.143179
115 15 1.146496
115 3 1.174735
115 48 1.131178
115 43 1.138245
115 39 1.162736
115 25 1.180250
115 34 1.178707
115 49 1.191877
115 23 1.237979
115 26 1.240416
115 7 1.260901
115 20 1.308239
115 40 1.293642
115 5 1.347803
115 35 1.348886
115 37 1.354557
115 42 1.356720
116 8 0.553735
116 33 0.570657
116 29 0.575974
116 28 0.582836
116 13 0.638820
116 12 0.673961
116 9 0.786705
116 11 0.849660
116 31 0.848065
116 3 0.970007
116 14 0.989830
116 44 0.954631
116 16 1.045991
116 5 1.109802
116 0 1.114052
116 35 1.078615
116 4 1.112942
116 17 1.104981
116 37 1.149985
116 32 1.158432
116 30 1.160572
116 10 1.213547
116 7 1.230436
116 15 1.237455
116 1 1.258533
116 39 1.251757
116 19 1.309660
116 2 1.378208
116 43 1.330707
116 46 1.373172
116 45 1.386224
116 47 1.404000
116 25 1.454607
116 6 1.483949
116 40 1.444551
116 42 1.455469
116 23 1.488043
116 26 1.503722
116 21 1.518797
116 24 1.542486
116 50 1.419392
116 38 1.551204
116 49 1.435211
116 41 1.558616
116 34 1.571214
116 20 1.712766
116 27 1.696929
116 36 1.689085
116 22 1.711664
116 48 1.669829
116 18 1.715855
117 11 0.721918
117 9 0.785236
117 44 0.816590
117 14 0.869641
117 31 0.997099
117 32 0.995814
117 0 1.038360
117 28 1.006524
117 3 1.065188
117 24 1.071542
117 8 1.130894
117 25 1.130136
117 35 1.198403
117 34 1.200902
117 10 1.239330
117 15 1.309343
117 29 1.285688
117 16 1.309315
117 1 1.321279
117 13 1.364194
117 30 1.336386
117 12 1.390181
117 33 1.393407
117 6 1.515435
117 23 1.532489
117 19 1.595440
117 37 1.560935
117 46 1.669477
117 42 1.674679
117 22 1.737496
117 17 1.742891
117 5 1.769177
117 47 1.738230
117 50 1.777134
117 49 1.780608
117 43 1.790245
117 20 1.881564
117 38 1.861388
117 40 1.884205
117 18 1.925137
117 45 1.892141
117 7 1.949084
117 27 1.923835
117 48 1.905949
117 26 1.963458
117 21 1.988699
117 2 2.018902
117 4 2.043560
117 36 2.001671
117 39 2.028973
117 41 2.025371
118 12 0.505306
118 28 0.503950
118 44 0.569148
118 31 0.628470
118 8 0.668991
118 30 0.776071
118 10 0.904904
118 13 0.952068
118 14 0.951870
118 33 0.936274
118 32 1.011329
118 22 1.089880
118 6 1.104861
118 42 1.065656
118 40 1.078380
118 29 1.110585
118 2 1.154473
118 0 1.157394
118 18 1.146447
118 4 1.294259
118 9 1.308408
118 34 1.299598
118 50 1.295496
118 11 1.360455
118 47 1.319240
118 38 1.360775
118 3 1.412251
118 23 1.415685
118 49 1.397920
118 46 1.401346
118 25 1.431275
118 20 1.438511
118 27 1.465911
118 26 1.490886
118 37 1.495115
118 1 1.547534
118 16 1.596375
118 41 1.654979
118 21 1.682245
118 43 1.654987
118 5 1.697075
118 48 1.676339
118 17 1.725621
118 35 1.715477
118 7 1.747890
118 24 1.733368
118 36 1.771016
118 19 1.805306
118 39 1.791102
118 15 1.833578
118 45 1.813842
119 10 0.611000
119 31 0.633078
119 29 0.785160
119 11 0.807171
119 28 0.910127
119 32 0.992901
119 8 1.120627
119 34 1.180811
119 41 1.185889
119 13 1.230759
119 27 1.223148
119 30 1.221315
119 44 1.229438
119 16 1.258979
119 5 1.267577
119 9 1.266340
119 48 1.229157
119 12 1.275391
119 43 1.269782
119 33 1.289070
119 14 1.351962
119 2 1.383399
119 1 1.429220
119 36 1.415154
119 39 1.532209
119 23 1.552150
119 42 1.567501
119 40 1.582368
119 37 1.609253
119 0 1.639844
119 35 1.634652
119 50 1.619502
119 21 1.653806
119 25 1.652218
119 19 1.666642
119 45 1.671844
119 6 1.728230
119 7 1.737134
119 3 1.740261
119 46 1.701214
119 49 1.723712
119 17 1.768554
119 20 1.775086
119 15 1.779073
119 47 1.761323
119 24 1.857202
119 38 1.862791
119 26 1.881986
119 22 1.891072
119 4 1.913027
119 18 1.943556
120 11 0.769534
120 8 0.772967
120 14 0.898010
120 13 0.935426
120 9 0.973055
120 12 1.014854
120 10 1.064104
120 0 1.086871
120 1 1.154206
120 3 1.398188
120 2 1.458163
120 15 1.438575
120 4 1.458101
120 17 1.437585
120 28 0.872235
120 5 1.462564
120 7 1.464021
120 30 0.841847
120 29 0.848443
120 32 0.691053
120 31 0.786654
120 33 0.741885
120 16 1.578603
120 21 1.605876
120 19 1.640373
120 6 1.669019
120 25 1.588230
120 23 1.628513
120 24 1.646389
120 18 1.711523
120 22 1.693086
120 44 0.789461
120 27 1.244705
120 26 1.428812
120 20 1.935686
120 34 1.134417
120 36 1.082896
120 35 1.139545
120 39 1.099682
120 40 1.114711
120 42 1.139752
120 43 1.161657
120 41 1.216821
120 37 1.277958
120 46 1.186977
120 48 1.162102
120 38 1.404140
120 45 1.315584
120 50 1.232505
120 49 1.243320
120 47 1.333350
