21 2 0.097688
21 0 0.125218
21 1 0.139243
21 3 0.153784
21 4 0.139850
21 5 0.125773
21 9 0.106345
21 11 0.094228
21 12 0.094354
21 6 0.145596
21 8 0.135845
21 10 0.132221
21 13 0.114839
21 7 0.189510
21 14 0.129324
21 16 0.134137
21 15 0.147538
21 17 0.159753
21 18 0.158068
21 19 0.159533
21 23 0.175580
21 24 0.208404
21 44 0.165010
21 20 0.227229
21 28 0.212060
21 27 0.225168
21 46 0.176972
21 33 0.216828
21 25 0.236321
21 21 0.241054
21 41 0.190011
21 45 0.180844
21 43 0.187154
21 32 0.222968
21 31 0.224922
21 47 0.183799
21 22 0.246965
21 38 0.205820
21 29 0.234995
21 34 0.225345
21 42 0.196456
21 35 0.221347
21 30 0.234232
21 26 0.245605
21 48 0.188890
21 36 0.216677
21 39 0.208357
21 40 0.205624
21 37 0.216927
21 50 0.199198
21 49 0.210599
22 0 0.136119
22 1 0.151864
22 3 0.155444
22 2 0.161923
22 11 0.157795
22 10 0.175493
22 6 0.181169
22 9 0.196026
22 12 0.218128
22 7 0.228984
22 5 0.232874
22 8 0.250426
22 30 0.229900
22 29 0.235457
22 28 0.236578
22 19 0.267158
22 14 0.280773
22 4 0.295463
22 26 0.261260
22 15 0.287571
22 24 0.264227
22 27 0.261840
22 20 0.280309
22 23 0.273686
22 17 0.291569
22 16 0.293790
22 31 0.263169
22 42 0.250089
22 18 0.292722
22 32 0.262824
22 33 0.261652
22 21 0.279048
22 13 0.298695
22 44 0.252221
22 41 0.256074
22 43 0.255475
22 49 0.251143
22 46 0.256819
22 35 0.271492
22 34 0.274097
22 45 0.264228
22 50 0.258707
22 48 0.262101
22 25 0.290488
22 37 0.278590
22 39 0.278323
22 38 0.280570
22 36 0.283455
22 40 0.280925
22 22 0.305926
22 47 0.272670
23 0 0.106636
23 3 0.151417
23 2 0.158461
23 5 0.158285
23 4 0.181831
23 1 0.200801
23 9 0.197826
23 8 0.226597
23 14 0.222682
23 32 0.206939
23 12 0.233074
23 42 0.204561
23 11 0.243166
23 10 0.244835
23 6 0.253282
23 21 0.239560
23 13 0.250581
23 30 0.233908
23 29 0.234977
23 40 0.223731
23 28 0.236157
23 18 0.249461
23 20 0.246613
23 50 0.215993
23 19 0.250436
23 7 0.261936
23 34 0.233738
23 31 0.237522
23 44 0.230310
23 15 0.263335
23 33 0.242523
23 35 0.241663
23 23 0.257091
23 38 0.240663
23 27 0.252500
23 47 0.233271
23 25 0.257049
23 16 0.271848
23 46 0.239671
23 22 0.267087
23 39 0.249634
23 24 0.265678
23 43 0.245425
23 17 0.275207
23 48 0.241856
23 41 0.250116
23 36 0.255762
23 37 0.255085
23 45 0.247125
23 26 0.268116
23 49 0.245916
24 0 0.076163
24 1 0.079592
24 3 0.143882
24 5 0.145541
24 2 0.167779
24 4 0.188186
24 10 0.199058
24 6 0.209023
24 9 0.208729
24 7 0.221368
24 30 0.208421
24 15 0.225554
24 11 0.228483
24 20 0.225867
24 13 0.231423
24 21 0.226985
24 29 0.219574
24 19 0.232303
24 28 0.223405
24 47 0.201783
24 22 0.230863
24 12 0.238473
24 31 0.222892
24 32 0.225439
24 8 0.248161
24 41 0.217146
24 17 0.243851
24 44 0.216016
24 48 0.214556
24 37 0.227164
24 27 0.239824
24 14 0.250443
24 39 0.225621
24 24 0.244099
24 42 0.222699
24 23 0.245557
24 45 0.220356
24 33 0.235014
24 18 0.250823
24 46 0.221825
24 50 0.218151
24 34 0.236610
24 16 0.255321
24 49 0.220638
24 38 0.233464
24 40 0.231661
24 26 0.254891
24 25 0.256561
24 43 0.235361
24 36 0.243905
24 35 0.245665
25 3 0.098201
25 1 0.107768
25 0 0.113499
25 2 0.138033
25 4 0.147140
25 8 0.114632
25 5 0.157132
25 6 0.139041
25 7 0.136419
25 11 0.104875
25 10 0.111619
25 9 0.123140
25 12 0.100079
25 14 0.100265
25 13 0.127468
25 16 0.132461
25 17 0.107030
25 15 0.148099
25 20 0.114244
25 18 0.120362
25 19 0.135185
25 23 0.160668
25 24 0.167269
25 21 0.174031
25 44 0.138306
25 30 0.164156
25 32 0.162878
25 34 0.175102
25 40 0.161132
25 45 0.159594
25 26 0.190845
25 42 0.164327
25 38 0.170348
25 27 0.195001
25 36 0.182511
25 28 0.203655
25 33 0.196330
25 29 0.203833
25 31 0.201231
25 22 0.221030
25 48 0.172989
25 50 0.168811
25 25 0.218491
25 47 0.184857
25 43 0.193080
25 49 0.177224
25 39 0.196764
25 35 0.216042
25 46 0.200920
25 41 0.211967
25 37 0.232488
26 3 0.094977
26 0 0.121485
26 2 0.128352
26 1 0.130552
26 6 0.185893
26 5 0.197304
26 4 0.202145
26 11 0.232612
26 33 0.209573
26 19 0.231999
26 37 0.221106
26 21 0.243695
26 22 0.243585
26 30 0.236252
26 23 0.244512
26 13 0.255132
26 10 0.258110
26 7 0.262162
26 9 0.260166
26 29 0.240446
26 34 0.233084
26 18 0.254064
26 47 0.220338
26 39 0.230863
26 49 0.220927
26 41 0.232512
26 20 0.257465
26 12 0.266284
26 32 0.246852
26 50 0.226578
26 48 0.229476
26 31 0.249603
26 27 0.255941
26 35 0.245957
26 8 0.277081
26 46 0.235356
26 28 0.258211
26 15 0.271873
26 43 0.241261
26 26 0.264890
26 42 0.246833
26 45 0.244159
26 17 0.276565
26 38 0.251921
26 14 0.279985
26 16 0.281336
26 44 0.249311
26 24 0.275452
26 25 0.279712
26 36 0.271525
26 40 0.270972
27 3 0.099124
27 0 0.102922
27 2 0.137691
27 1 0.178954
27 4 0.177286
27 7 0.191375
27 8 0.199213
27 9 0.214616
27 11 0.228665
27 38 0.203899
27 6 0.234445
27 42 0.204380
27 19 0.234867
27 13 0.242144
27 26 0.232036
27 12 0.245256
27 10 0.248426
27 22 0.245299
27 34 0.230200
27 47 0.219056
27 36 0.231768
27 43 0.226811
27 50 0.219633
27 28 0.244103
27 24 0.249062
27 21 0.254873
27 20 0.256917
27 37 0.237370
27 30 0.247981
27 16 0.263700
27 25 0.255657
27 33 0.245908
27 23 0.258889
27 31 0.250050
27 5 0.276301
27 14 0.269888
27 44 0.239777
27 40 0.243656
27 29 0.255013
27 27 0.258918
27 32 0.253886
27 18 0.270996
27 46 0.241389
27 48 0.240508
27 17 0.273342
27 15 0.275910
27 35 0.257823
27 39 0.254698
27 45 0.249457
27 49 0.248427
27 41 0.257159
28 0 0.093226
28 5 0.094758
28 2 0.126313
28 3 0.156806
28 4 0.162868
28 1 0.184098
28 6 0.188249
28 8 0.204711
28 10 0.205821
28 7 0.209302
28 12 0.206789
28 25 0.228952
28 21 0.234851
28 16 0.239346
28 14 0.241303
28 9 0.244863
28 19 0.237631
28 28 0.228699
28 30 0.226011
28 33 0.223389
28 32 0.224799
28 42 0.214741
28 13 0.246501
28 18 0.243053
28 11 0.249758
28 31 0.233921
28 49 0.215271
28 40 0.225144
28 27 0.240455
28 20 0.247256
28 41 0.224759
28 50 0.216500
28 38 0.232307
28 26 0.246509
28 34 0.237849
28 43 0.228683
28 37 0.236721
28 45 0.230755
28 36 0.240684
28 17 0.262310
28 44 0.233455
28 46 0.233024
28 22 0.260307
28 29 0.253532
28 23 0.260496
28 15 0.267958
28 24 0.262168
28 35 0.250611
28 47 0.239631
28 48 0.246582
28 39 0.255932
29 0 0.139077
29 4 0.140792
29 1 0.153922
29 8 0.149392
29 6 0.167638
29 10 0.181495
29 2 0.189696
29 9 0.197235
29 14 0.197498
29 12 0.216122
29 16 0.230543
29 15 0.240744
29 7 0.259868
29 28 0.203758
29 30 0.201568
29 13 0.255179
29 22 0.224330
29 11 0.268638
29 18 0.247615
29 5 0.276845
29 3 0.280223
29 32 0.206654
29 17 0.257938
29 20 0.242245
29 24 0.259467
29 26 0.262338
29 34 0.236141
29 19 0.300119
29 29 0.278394
29 44 0.150314
29 21 0.307638
29 27 0.297636
29 40 0.166567
29 31 0.289895
29 33 0.282027
29 25 0.312390
29 35 0.280606
29 38 0.236312
29 45 0.181435
29 39 0.237343
29 41 0.185545
29 46 0.167770
29 36 0.277415
29 42 0.188856
29 23 0.343862
29 43 0.204145
29 47 0.190217
29 37 0.278373
29 50 0.157345
29 48 0.200333
29 49 0.200597
30 0 0.115676
30 3 0.118692
30 6 0.172750
30 4 0.182344
30 5 0.185630
30 1 0.266278
30 2 0.265789
30 20 0.257249
30 8 0.263943
30 13 0.261812
30 7 0.266862
30 24 0.251877
30 30 0.244114
30 31 0.247269
30 10 0.262126
30 26 0.258098
30 29 0.252763
30 11 0.276493
30 9 0.278305
30 21 0.268202
30 43 0.243557
30 27 0.263619
30 44 0.244703
30 40 0.250123
30 19 0.276244
30 14 0.281850
30 32 0.262538
30 45 0.249519
30 33 0.262564
30 34 0.263184
30 16 0.289517
30 15 0.290518
30 47 0.254703
30 35 0.270153
30 25 0.284004
30 23 0.286089
30 12 0.298712
30 42 0.266034
30 17 0.297867
30 22 0.292756
30 28 0.288721
30 41 0.279831
30 50 0.270389
30 18 0.307148
30 46 0.274659
30 39 0.283339
30 37 0.287505
30 38 0.288188
30 49 0.279806
30 36 0.293988
30 48 0.284766
31 3 0.110727
31 1 0.136858
31 0 0.141829
31 6 0.167380
31 21 0.210642
31 8 0.221738
31 20 0.220844
31 2 0.238075
31 14 0.232504
31 10 0.236754
31 9 0.240202
31 11 0.241337
31 19 0.236559
31 31 0.225676
31 25 0.231653
31 13 0.244607
31 5 0.251340
31 27 0.240089
31 23 0.245483
31 33 0.236163
31 46 0.223708
31 42 0.229270
31 4 0.261532
31 32 0.246111
31 30 0.248535
31 26 0.253500
31 29 0.250875
31 28 0.252979
31 50 0.230136
31 44 0.239027
31 17 0.265160
31 24 0.260369
31 22 0.266107
31 37 0.251738
31 35 0.255315
31 38 0.252765
31 12 0.278035
31 47 0.245611
31 41 0.252774
31 34 0.259398
31 39 0.256951
31 7 0.288082
31 48 0.252785
31 49 0.256994
31 45 0.267484
31 16 0.296141
31 40 0.279308
31 15 0.305897
31 43 0.280700
31 36 0.294151
31 18 0.312031
32 1 0.162113
32 0 0.181980
32 2 0.186402
32 6 0.190615
32 9 0.158552
32 8 0.198748
32 7 0.230448
32 10 0.101441
32 3 0.261123
32 5 0.255289
32 4 0.286848
32 12 0.119734
32 11 0.137967
32 13 0.129161
32 17 0.151703
32 14 0.172764
32 20 0.159599
32 19 0.164438
32 15 0.177453
32 16 0.176059
32 18 0.183377
32 24 0.161107
32 22 0.185213
32 21 0.198471
32 25 0.176363
32 29 0.179849
32 30 0.160284
32 23 0.224379
32 26 0.196532
32 31 0.175246
32 33 0.168020
32 32 0.182817
32 28 0.213243
32 35 0.180990
32 27 0.246323
32 43 0.140529
32 34 0.199296
32 44 0.134411
32 39 0.191533
32 37 0.198712
32 42 0.151629
32 38 0.197676
32 36 0.206012
32 40 0.169120
32 41 0.174672
32 46 0.164613
32 45 0.166592
32 48 0.147653
32 50 0.160934
32 47 0.182912
32 49 0.169291
33 2 0.130494
33 0 0.162509
33 1 0.164585
33 3 0.220244
33 9 0.241037
33 33 0.221065
33 10 0.253035
33 4 0.275955
33 28 0.273548
33 14 0.290395
33 29 0.283087
33 11 0.295879
33 12 0.295589
33 5 0.301518
33 16 0.305003
33 26 0.295519
33 18 0.305312
33 30 0.291459
33 34 0.288025
33 27 0.298178
33 44 0.276296
33 24 0.302814
33 13 0.314630
33 42 0.283144
33 7 0.325089
33 6 0.326324
33 8 0.324627
33 19 0.314232
33 40 0.293920
33 25 0.316557
33 31 0.309681
33 22 0.323277
33 32 0.312991
33 38 0.315671
33 15 0.343304
33 45 0.309756
33 21 0.340041
33 50 0.314571
33 41 0.327333
33 23 0.351133
33 36 0.334780
33 20 0.358486
33 37 0.351227
33 49 0.336853
33 17 0.376023
33 39 0.353114
33 47 0.344741
33 35 0.359343
33 48 0.344454
33 43 0.350239
33 46 0.351566
34 1 0.110836
34 0 0.119524
34 3 0.158531
34 2 0.183560
34 5 0.190108
34 6 0.192219
34 7 0.199284
34 10 0.199841
34 8 0.227425
34 11 0.229692
34 4 0.239784
34 9 0.248636
34 14 0.247241
34 28 0.237702
34 17 0.248343
34 31 0.235541
34 44 0.222882
34 19 0.252137
34 21 0.250477
34 13 0.258763
34 38 0.237461
34 16 0.261302
34 20 0.258866
34 18 0.263687
34 22 0.260057
34 30 0.251799
34 26 0.256999
34 33 0.248458
34 32 0.250311
34 12 0.270087
34 23 0.261934
34 24 0.261630
34 29 0.256725
34 27 0.261311
34 25 0.265496
34 36 0.255263
34 15 0.282513
34 34 0.263192
34 40 0.257781
34 42 0.256156
34 45 0.252816
34 47 0.253384
34 46 0.255138
34 50 0.252248
34 48 0.256000
34 37 0.268309
34 43 0.261891
34 41 0.266850
34 35 0.272658
34 39 0.269421
34 49 0.259997
35 3 0.144877
35 0 0.154962
35 9 0.179678
35 8 0.229599
35 12 0.239778
35 1 0.249314
35 6 0.247489
35 11 0.249918
35 2 0.258027
35 4 0.257491
35 14 0.256800
35 31 0.243933
35 29 0.246006
35 28 0.263817
35 7 0.284022
35 21 0.276851
35 19 0.278918
35 13 0.284021
35 30 0.269293
35 10 0.293525
35 5 0.300495
35 33 0.278492
35 15 0.296442
35 18 0.295312
35 44 0.273607
35 32 0.286886
35 42 0.279280
35 35 0.293803
35 36 0.293139
35 17 0.312403
35 20 0.310469
35 22 0.310835
35 24 0.310461
35 49 0.285925
35 16 0.319790
35 46 0.296410
35 26 0.318432
35 47 0.296990
35 25 0.322322
35 48 0.299906
35 43 0.305722
35 38 0.312933
35 37 0.316439
35 23 0.331039
35 50 0.304673
35 41 0.317694
35 39 0.330687
35 40 0.335478
35 45 0.336226
35 27 0.358445
35 34 0.356571
36 8 0.139311
36 1 0.149767
36 0 0.153611
36 6 0.162297
36 5 0.175016
36 3 0.185189
36 4 0.185621
36 7 0.184259
36 11 0.090976
36 2 0.191215
36 9 0.224559
36 10 0.134006
36 19 0.117845
36 13 0.127684
36 15 0.132046
36 14 0.144144
36 17 0.150938
36 16 0.155777
36 12 0.191074
36 18 0.180211
36 21 0.153016
36 20 0.197597
36 32 0.159275
36 28 0.166840
36 29 0.174065
36 22 0.186786
36 25 0.186802
36 34 0.173562
36 33 0.174780
36 31 0.179989
36 23 0.191487
36 30 0.191794
36 50 0.165745
36 26 0.199860
36 37 0.186405
36 44 0.179297
36 27 0.202800
36 46 0.180832
36 43 0.187965
36 40 0.194347
36 42 0.191809
36 47 0.184525
36 24 0.219469
36 48 0.185169
36 38 0.204740
36 45 0.193413
36 39 0.205640
36 35 0.211136
36 36 0.220183
36 41 0.214098
36 49 0.204084
37 0 0.157030
37 1 0.159844
37 9 0.180676
37 8 0.209376
37 3 0.229762
37 28 0.273007
37 11 0.291692
37 13 0.292903
37 27 0.282216
37 33 0.273105
37 2 0.302878
37 29 0.278874
37 37 0.270394
37 30 0.286779
37 6 0.310969
37 26 0.295862
37 32 0.287439
37 25 0.299626
37 10 0.313020
37 7 0.315947
37 44 0.277906
37 31 0.292429
37 14 0.311710
37 36 0.288436
37 16 0.313333
37 23 0.311802
37 22 0.313171
37 24 0.314583
37 19 0.328117
37 12 0.334410
37 43 0.301744
37 18 0.333419
37 17 0.334347
37 45 0.303657
37 39 0.311085
37 34 0.318584
37 5 0.347790
37 46 0.308750
37 21 0.338712
37 4 0.357304
37 15 0.349389
37 35 0.328330
37 49 0.313788
37 42 0.325485
37 47 0.324601
37 20 0.357495
37 48 0.326408
37 38 0.343125
37 50 0.338420
37 41 0.350362
37 40 0.359638
38 3 0.130483
38 0 0.168334
38 2 0.167767
38 10 0.248470
38 8 0.260453
38 1 0.265970
38 6 0.280842
38 12 0.299625
38 32 0.282135
38 5 0.312602
38 7 0.311514
38 18 0.304007
38 44 0.278970
38 28 0.296089
38 4 0.315030
38 33 0.291138
38 14 0.308637
38 30 0.296662
38 13 0.313148
38 20 0.323243
38 31 0.317349
38 16 0.331422
38 29 0.322686
38 22 0.330941
38 34 0.320446
38 23 0.331250
38 45 0.310666
38 43 0.312920
38 11 0.342826
38 24 0.336802
38 25 0.336398
38 26 0.338709
38 17 0.346775
38 15 0.352463
38 9 0.357308
38 27 0.346298
38 39 0.347050
38 38 0.348518
38 40 0.350517
38 42 0.347685
38 46 0.347161
38 47 0.346947
38 35 0.363250
38 21 0.376212
38 36 0.365737
38 50 0.352655
38 19 0.386142
38 48 0.358888
38 41 0.368103
38 49 0.371688
38 37 0.392545
39 0 0.148032
39 1 0.179576
39 4 0.191629
39 3 0.229529
39 10 0.230159
39 11 0.251315
39 13 0.252868
39 20 0.250469
39 9 0.259597
39 8 0.260470
39 5 0.264184
39 17 0.256678
39 31 0.245806
39 14 0.265186
39 21 0.260834
39 12 0.272924
39 44 0.259006
39 2 0.299870
39 30 0.276759
39 33 0.277669
39 28 0.286331
39 29 0.285230
39 39 0.275488
39 7 0.306994
39 32 0.284181
39 36 0.285704
39 19 0.307227
39 26 0.300315
39 6 0.318303
39 48 0.277099
39 25 0.308049
39 24 0.310735
39 23 0.312045
39 15 0.335767
39 22 0.329859
39 40 0.311808
39 49 0.304683
39 45 0.311250
39 41 0.317082
39 43 0.315877
39 27 0.337686
39 37 0.327228
39 38 0.326061
39 46 0.317293
39 16 0.352547
39 18 0.352072
39 42 0.329313
39 47 0.332429
39 34 0.348034
39 35 0.348954
39 50 0.338266
40 0 0.138984
40 3 0.141798
40 1 0.153642
40 8 0.199433
40 6 0.227091
40 2 0.265395
40 10 0.285043
40 5 0.289418
40 14 0.283015
40 4 0.290783
40 19 0.279937
40 12 0.285728
40 11 0.286796
40 17 0.283166
40 33 0.269248
40 32 0.271185
40 16 0.288256
40 31 0.274473
40 13 0.292896
40 7 0.298391
40 44 0.264713
40 22 0.287681
40 29 0.282898
40 30 0.288409
40 9 0.307571
40 18 0.307718
40 23 0.303258
40 43 0.283745
40 28 0.301389
40 25 0.309753
40 21 0.314912
40 41 0.300923
40 34 0.307621
40 20 0.324534
40 38 0.311054
40 15 0.338060
40 50 0.303529
40 46 0.310988
40 24 0.334924
40 40 0.321675
40 26 0.336474
40 47 0.320253
40 37 0.334939
40 42 0.333217
40 39 0.336748
40 36 0.341218
40 35 0.345360
40 49 0.331991
40 48 0.335101
40 45 0.340218
40 27 0.368317
41 5 0.149874
41 0 0.178285
41 4 0.189010
41 14 0.250289
41 13 0.251987
41 31 0.238589
41 28 0.246716
41 9 0.271719
41 2 0.277102
41 3 0.277296
41 11 0.282966
41 33 0.262703
41 29 0.269190
41 1 0.293525
41 32 0.267098
41 6 0.306714
41 10 0.305950
41 44 0.278882
41 18 0.314653
41 8 0.327717
41 30 0.311211
41 7 0.341540
41 16 0.335022
41 19 0.331983
41 17 0.335004
41 15 0.344799
41 37 0.322781
41 12 0.348501
41 21 0.344297
41 43 0.329670
41 39 0.335513
41 20 0.358763
41 23 0.363465
41 25 0.362717
41 27 0.365510
41 40 0.365833
41 48 0.366311
41 42 0.375416
41 41 0.379973
41 50 0.374912
41 35 0.390493
41 47 0.381347
41 36 0.393039
41 46 0.383857
41 49 0.386183
41 24 0.418995
41 26 0.417580
41 45 0.400380
41 34 0.416430
41 38 0.412725
41 22 0.438501
42 0 0.180226
42 1 0.182158
42 8 0.258344
42 2 0.263202
42 9 0.277408
42 13 0.276908
42 31 0.259239
42 33 0.257852
42 12 0.282603
42 3 0.290889
42 10 0.285881
42 11 0.286547
42 20 0.281839
42 5 0.293463
42 34 0.271193
42 32 0.280734
42 28 0.289229
42 14 0.307285
42 21 0.302672
42 26 0.305350
42 17 0.314163
42 41 0.293116
42 23 0.319632
42 16 0.327033
42 30 0.314344
42 6 0.339460
42 4 0.341230
42 7 0.346178
42 44 0.310819
42 29 0.334842
42 46 0.324346
42 43 0.328491
42 39 0.339958
42 15 0.370228
42 25 0.362658
42 47 0.344074
42 37 0.358954
42 35 0.361016
42 19 0.382063
42 38 0.361679
42 49 0.351783
42 24 0.382295
42 50 0.352760
42 42 0.366299
42 18 0.396639
42 36 0.375567
42 27 0.388987
42 40 0.372459
42 45 0.371489
42 48 0.370186
42 22 0.402597
43 5 0.155694
43 0 0.218134
43 9 0.269425
43 11 0.275386
43 12 0.275581
43 29 0.269189
43 13 0.285693
43 14 0.285657
43 1 0.303352
43 33 0.280138
43 6 0.316602
43 28 0.338542
43 10 0.353921
43 31 0.338630
43 4 0.364661
43 3 0.372659
43 2 0.377757
43 32 0.355594
43 19 0.369150
43 8 0.378962
43 18 0.372831
43 44 0.345894
43 30 0.363491
43 38 0.357474
43 17 0.381411
43 41 0.364412
43 20 0.403747
43 35 0.402211
43 26 0.412803
43 22 0.417457
43 39 0.407361
43 48 0.404122
43 7 0.443215
43 15 0.438120
43 21 0.436099
43 23 0.436459
43 47 0.418152
43 25 0.442049
43 43 0.424597
43 40 0.439921
43 37 0.445323
43 34 0.452114
43 45 0.442845
43 46 0.444130
43 24 0.469829
43 42 0.452442
43 50 0.445536
43 16 0.482715
43 36 0.464404
43 49 0.453174
43 27 0.477223
44 0 0.144418
44 11 0.270892
44 13 0.270155
44 30 0.277231
44 8 0.302544
44 14 0.299760
44 31 0.298022
44 9 0.336933
44 29 0.319455
44 28 0.337685
44 1 0.361452
44 33 0.335429
44 12 0.378503
44 10 0.386510
44 44 0.353849
44 2 0.404712
44 4 0.420791
44 5 0.434496
44 17 0.456257
44 15 0.465481
44 32 0.450463
44 18 0.464892
44 7 0.501688
44 3 0.504712
44 19 0.494385
44 24 0.501155
44 27 0.500112
44 45 0.485899
44 20 0.520204
44 6 0.533222
44 40 0.505460
44 37 0.511525
44 22 0.526988
44 21 0.533532
44 23 0.532154
44 34 0.533537
44 46 0.520712
44 48 0.532394
44 47 0.537181
44 38 0.555702
44 36 0.561439
44 16 0.581465
44 25 0.576136
44 35 0.568829
44 43 0.563227
44 26 0.580954
44 42 0.571333
44 39 0.575607
44 49 0.565379
44 50 0.570746
44 41 0.607044
45 9 0.227150
45 11 0.278472
45 33 0.272013
45 44 0.263266
45 0 0.310124
45 8 0.305102
45 28 0.287761
45 14 0.317274
45 3 0.373317
45 1 0.377674
45 2 0.381438
45 31 0.359295
45 13 0.387734
45 12 0.389273
45 5 0.405049
45 29 0.427546
45 4 0.458960
45 7 0.456996
45 30 0.431558
45 32 0.430107
45 25 0.440395
45 20 0.449276
45 10 0.462600
45 18 0.463089
45 35 0.446880
45 37 0.453412
45 36 0.462375
45 45 0.452321
45 38 0.461201
45 23 0.484822
45 21 0.524950
45 34 0.512833
45 6 0.545947
45 24 0.536517
45 43 0.514023
45 17 0.549161
45 22 0.542736
45 26 0.546957
45 47 0.539592
45 41 0.548217
45 46 0.546281
45 15 0.587590
45 16 0.599399
45 48 0.561977
45 27 0.586463
45 42 0.573292
45 49 0.565175
45 40 0.578781
45 39 0.585495
45 50 0.574043
45 19 0.617219
46 10 0.179908
46 11 0.142157
46 8 0.226306
46 12 0.106248
46 0 0.257442
46 1 0.257925
46 3 0.258124
46 4 0.272616
46 2 0.305409
46 5 0.313652
46 9 0.297295
46 14 0.135638
46 7 0.322321
46 13 0.156919
46 6 0.337825
46 28 0.123423
46 16 0.289285
46 21 0.263910
46 30 0.223285
46 18 0.293179
46 32 0.225704
46 20 0.312368
46 29 0.270999
46 15 0.383554
46 17 0.352971
46 19 0.337747
46 22 0.327406
46 44 0.244305
46 31 0.287146
46 33 0.287243
46 38 0.279398
46 25 0.336942
46 40 0.281367
46 24 0.340020
46 34 0.328179
46 26 0.395774
46 41 0.332257
46 27 0.398438
46 36 0.351515
46 47 0.295234
46 49 0.278883
46 35 0.370962
46 46 0.329931
46 23 0.432727
46 39 0.383636
46 37 0.390175
46 42 0.390210
46 43 0.397566
46 50 0.337149
46 48 0.361719
46 45 0.395229
47 1 0.241131
47 8 0.236222
47 9 0.286829
47 29 0.276769
47 3 0.303795
47 11 0.338517
47 14 0.338338
47 7 0.345814
47 0 0.354032
47 25 0.340174
47 22 0.345510
47 33 0.340747
47 31 0.346775
47 23 0.358362
47 13 0.368690
47 12 0.369818
47 30 0.356339
47 32 0.364565
47 4 0.397056
47 28 0.389389
47 15 0.405797
47 44 0.377648
47 5 0.419051
47 10 0.419025
47 16 0.414767
47 24 0.418555
47 26 0.420074
47 2 0.442386
47 27 0.430119
47 39 0.415967
47 45 0.411740
47 20 0.443136
47 41 0.419096
47 21 0.444985
47 17 0.450765
47 37 0.431421
47 38 0.434899
47 34 0.439730
47 6 0.470920
47 47 0.440854
47 40 0.450962
47 48 0.442900
47 43 0.448070
47 49 0.446353
47 42 0.454121
47 35 0.469386
47 19 0.507260
47 36 0.490644
47 18 0.519316
47 46 0.489720
47 50 0.529946
48 2 0.250364
48 10 0.243225
48 1 0.277831
48 4 0.289435
48 11 0.271969
48 3 0.300001
48 12 0.284487
48 8 0.306852
48 5 0.336418
48 13 0.308094
48 14 0.303276
48 7 0.338765
48 9 0.343423
48 0 0.362000
48 15 0.391330
48 17 0.391163
48 6 0.475572
48 16 0.444451
48 28 0.216092
48 20 0.302600
48 30 0.238537
48 44 0.197433
48 32 0.258578
48 29 0.266116
48 24 0.290502
48 33 0.274061
48 31 0.290619
48 22 0.313206
48 18 0.452423
48 25 0.314055
48 19 0.402691
48 21 0.353621
48 27 0.336009
48 23 0.362321
48 26 0.356532
48 34 0.345361
48 36 0.341386
48 43 0.335234
48 38 0.364579
48 42 0.349930
48 47 0.348463
48 48 0.354170
48 45 0.361080
48 40 0.382138
48 35 0.424089
48 39 0.422691
48 50 0.405143
48 49 0.417085
48 46 0.423127
48 37 0.462865
48 41 0.448014
49 8 0.237445
49 0 0.246500
49 10 0.297469
49 14 0.298998
49 12 0.301341
49 2 0.308448
49 1 0.315921
49 4 0.314384
49 30 0.291799
49 13 0.338510
49 44 0.309473
49 5 0.347412
49 31 0.325389
49 28 0.336284
49 32 0.338544
49 9 0.405421
49 33 0.388907
49 29 0.394855
49 16 0.417960
49 7 0.432700
49 11 0.443581
49 20 0.441594
49 6 0.460018
49 19 0.452970
49 27 0.444294
49 24 0.451961
49 3 0.469935
49 21 0.458218
49 22 0.463846
49 18 0.468193
49 39 0.463113
49 40 0.464782
49 26 0.488860
49 48 0.468885
49 38 0.488123
49 35 0.499189
49 15 0.522573
49 23 0.524801
49 36 0.511475
49 50 0.496977
49 34 0.518804
49 42 0.513170
49 49 0.506348
49 25 0.532034
49 45 0.517485
49 47 0.525752
49 43 0.533116
49 41 0.546015
49 46 0.543807
49 17 0.591199
49 37 0.588524
50 8 0.212331
50 10 0.215934
50 9 0.227340
50 12 0.225986
50 4 0.296321
50 14 0.315801
50 13 0.325097
50 11 0.353083
50 0 0.364735
50 2 0.363851
50 5 0.361425
50 28 0.315955
50 3 0.380253
50 15 0.375199
50 30 0.323795
50 18 0.409409
50 44 0.356831
50 32 0.392282
50 1 0.478130
50 6 0.474014
50 16 0.482993
50 7 0.509166
50 24 0.476090
50 22 0.511099
50 20 0.525040
50 21 0.521175
50 42 0.462573
50 34 0.478467
50 36 0.482601
50 19 0.548722
50 29 0.520048
50 40 0.509870
50 31 0.528199
50 33 0.522092
50 46 0.501917
50 49 0.478355
50 45 0.511639
50 48 0.511116
50 17 0.626563
50 47 0.539264
50 50 0.484318
50 38 0.564564
50 43 0.555922
50 35 0.583248
50 23 0.632878
50 26 0.620518
50 25 0.628931
50 27 0.622114
50 39 0.605508
50 41 0.625540
50 37 0.630857
51 8 0.330313
51 9 0.329759
51 11 0.333913
51 12 0.340723
51 10 0.344317
51 30 0.326452
51 1 0.359599
51 3 0.359229
51 2 0.368703
51 5 0.366653
51 29 0.349071
51 0 0.392624
51 14 0.381939
51 28 0.369091
51 4 0.401470
51 44 0.389265
51 7 0.436191
51 15 0.430609
51 32 0.412540
51 33 0.412111
51 13 0.441165
51 37 0.414750
51 31 0.462659
51 19 0.496940
51 6 0.511471
51 43 0.487782
51 21 0.518913
51 16 0.533508
51 22 0.532435
51 23 0.549482
51 35 0.540510
51 17 0.565652
51 40 0.542784
51 26 0.573464
51 48 0.551047
51 34 0.570582
51 24 0.601504
51 46 0.576673
51 36 0.594864
51 38 0.605169
51 50 0.593467
51 25 0.626174
51 47 0.600943
51 45 0.605985
51 27 0.633485
51 18 0.646153
51 39 0.621216
51 42 0.628007
51 49 0.624491
51 41 0.641235
51 20 0.677630
52 9 0.184152
52 1 0.213189
52 8 0.214550
52 4 0.235512
52 10 0.236141
52 6 0.245848
52 12 0.242882
52 7 0.257200
52 13 0.267620
52 14 0.272802
52 2 0.287193
52 3 0.315295
52 0 0.325283
52 28 0.283144
52 30 0.285093
52 44 0.264054
52 5 0.360756
52 11 0.360943
52 32 0.311244
52 31 0.334049
52 24 0.393403
52 22 0.396393
52 26 0.392128
52 16 0.418241
52 38 0.373702
52 50 0.362063
52 42 0.376134
52 36 0.391986
52 40 0.398131
52 47 0.387116
52 45 0.398547
52 18 0.472050
52 34 0.434845
52 46 0.415106
52 41 0.424861
52 29 0.467304
52 33 0.463162
52 49 0.445201
52 17 0.518367
52 43 0.470365
52 39 0.486066
52 20 0.540399
52 25 0.530911
52 15 0.566363
52 35 0.522028
52 27 0.548439
52 37 0.530859
52 19 0.586712
52 23 0.580678
52 48 0.547849
52 21 0.607368
53 8 0.279553
53 10 0.291053
53 30 0.280780
53 12 0.308358
53 28 0.296324
53 9 0.335297
53 33 0.311001
53 31 0.313454
53 3 0.355425
53 4 0.375981
53 13 0.369657
53 11 0.371535
53 0 0.394366
53 32 0.373525
53 2 0.405668
53 14 0.397275
53 5 0.405298
53 1 0.416411
53 44 0.384619
53 29 0.453275
53 40 0.460721
53 7 0.521121
53 24 0.522254
53 27 0.521778
53 20 0.538038
53 19 0.543209
53 6 0.556007
53 37 0.538057
53 22 0.575399
53 42 0.555867
53 17 0.588004
53 16 0.590275
53 50 0.594709
53 15 0.634681
53 18 0.647564
53 36 0.634683
53 34 0.646527
53 21 0.664420
53 45 0.642778
53 25 0.665547
53 41 0.652531
53 26 0.669022
53 49 0.657866
53 47 0.660490
53 48 0.663444
53 43 0.678148
53 39 0.685113
53 23 0.706885
53 46 0.682707
53 38 0.703238
53 35 0.708121
54 8 0.305815
54 31 0.298637
54 2 0.339115
54 10 0.348584
54 12 0.352224
54 13 0.363541
54 11 0.368583
54 9 0.378734
54 1 0.390457
54 30 0.367241
54 3 0.412804
54 14 0.421597
54 0 0.474004
54 33 0.453461
54 29 0.466413
54 32 0.479882
54 17 0.522149
54 5 0.537260
54 20 0.529241
54 6 0.545662
54 4 0.559613
54 44 0.518149
54 46 0.524762
54 15 0.575107
54 28 0.569600
54 39 0.566526
54 7 0.604161
54 24 0.591966
54 22 0.599392
54 18 0.607517
54 27 0.601308
54 43 0.592779
54 48 0.594802
54 35 0.617156
54 45 0.611029
54 25 0.642937
54 19 0.655217
54 40 0.638835
54 37 0.668812
54 21 0.689162
54 16 0.696900
54 36 0.675786
54 49 0.662050
54 41 0.676757
54 42 0.681823
54 50 0.676064
54 38 0.708511
54 34 0.715110
54 26 0.733218
54 47 0.709323
54 23 0.756130
55 14 0.276318
55 9 0.314124
55 12 0.320690
55 13 0.326167
55 10 0.331237
55 11 0.388808
55 2 0.395417
55 29 0.410977
55 4 0.432439
55 32 0.408151
55 0 0.435707
55 44 0.407714
55 33 0.421548
55 8 0.451129
55 28 0.454639
55 1 0.485249
55 31 0.480282
55 16 0.499407
55 17 0.499955
55 43 0.481147
55 30 0.494521
55 7 0.524990
55 3 0.532416
55 24 0.523449
55 20 0.532250
55 26 0.543930
55 5 0.562660
55 42 0.531220
55 45 0.542669
55 23 0.570340
55 38 0.558584
55 15 0.583925
55 19 0.605050
55 46 0.580192
55 47 0.580315
55 35 0.591755
55 22 0.635528
55 36 0.620557
55 41 0.628168
55 49 0.624184
55 34 0.640346
55 27 0.650005
55 21 0.663500
55 6 0.673611
55 18 0.666133
55 40 0.660182
55 25 0.678563
55 39 0.677721
55 50 0.671276
55 48 0.676076
55 37 0.696564
56 10 0.251284
56 4 0.277692
56 11 0.281364
56 29 0.267745
56 9 0.293785
56 20 0.291568
56 8 0.301596
56 3 0.310944
56 12 0.317328
56 0 0.341947
56 13 0.357971
56 24 0.351415
56 14 0.361296
56 25 0.353600
56 31 0.350450
56 44 0.342058
56 5 0.382802
56 1 0.386409
56 33 0.377316
56 27 0.403660
56 22 0.420000
56 30 0.426470
56 32 0.434134
56 7 0.460467
56 28 0.451720
56 21 0.470155
56 26 0.472060
56 17 0.490662
56 41 0.479546
56 34 0.487051
56 16 0.512592
56 18 0.513978
56 23 0.517443
56 6 0.531216
56 19 0.532560
56 2 0.559215
56 15 0.559438
56 36 0.543802
56 38 0.550702
56 49 0.545234
56 37 0.559555
56 47 0.551978
56 35 0.569362
56 46 0.560718
56 43 0.566659
56 40 0.572040
56 42 0.575206
56 50 0.567276
56 45 0.613899
56 39 0.620160
56 48 0.614785
57 3 0.255981
57 8 0.308298
57 10 0.314258
57 13 0.317711
57 9 0.327992
57 31 0.297345
57 12 0.329344
57 2 0.381253
57 11 0.414590
57 5 0.424562
57 29 0.431340
57 4 0.469664
57 28 0.441576
57 44 0.431464
57 1 0.490164
57 0 0.517593
57 7 0.518421
57 30 0.491305
57 34 0.527805
57 25 0.558374
57 32 0.568689
57 19 0.600022
57 18 0.605955
57 14 0.618605
57 33 0.621391
57 26 0.635691
57 43 0.620177
57 17 0.665831
57 39 0.640521
57 23 0.677322
57 15 0.687566
57 24 0.678563
57 21 0.688566
57 50 0.656943
57 40 0.672775
57 42 0.679283
57 22 0.710717
57 16 0.749032
57 46 0.739969
57 35 0.757017
57 45 0.752445
57 27 0.781837
57 47 0.761119
57 36 0.782765
57 48 0.773046
57 49 0.781686
57 38 0.800105
57 6 0.845520
57 41 0.800447
57 20 0.856993
57 37 0.835221
58 8 0.325088
58 9 0.444618
58 32 0.418519
58 44 0.405301
58 33 0.418642
58 2 0.454499
58 11 0.447302
58 12 0.447019
58 0 0.507749
58 28 0.481240
58 5 0.509016
58 3 0.514119
58 4 0.525486
58 13 0.557940
58 1 0.589554
58 10 0.582127
58 30 0.596888
58 18 0.651002
58 14 0.655107
58 7 0.667501
58 29 0.646843
58 43 0.696931
58 17 0.737795
58 31 0.730952
58 42 0.729186
58 23 0.761702
58 40 0.777382
58 21 0.828831
58 16 0.846382
58 36 0.824753
58 49 0.836135
58 38 0.856323
58 48 0.852601
58 41 0.875253
58 34 0.888868
58 39 0.888084
58 19 0.919198
58 50 0.889647
58 15 0.942505
58 20 0.941789
58 47 0.908266
58 45 0.913328
58 26 0.943577
58 46 0.928887
58 27 0.953573
58 6 0.981940
58 35 0.951601
58 25 0.967986
58 37 0.953324
58 24 0.976255
58 22 1.006390
59 13 0.162870
59 1 0.280045
59 10 0.276563
59 9 0.287556
59 3 0.317203
59 14 0.273659
59 12 0.279073
59 11 0.288096
59 8 0.305051
59 4 0.334714
59 0 0.395409
59 2 0.413246
59 17 0.328291
59 15 0.401357
59 6 0.444713
59 33 0.139865
59 5 0.514652
59 30 0.200796
59 28 0.213788
59 31 0.205328
59 7 0.562283
59 18 0.498492
59 29 0.270447
59 16 0.576087
59 19 0.545353
59 44 0.215068
59 32 0.324161
59 26 0.372607
59 20 0.594042
59 21 0.545848
59 34 0.361079
59 22 0.517950
59 24 0.483229
59 35 0.399565
59 43 0.366708
59 41 0.378648
59 23 0.530979
59 27 0.477477
59 25 0.520650
59 38 0.439292
59 37 0.443544
59 36 0.452945
59 40 0.464498
59 42 0.471048
59 46 0.421469
59 49 0.336660
59 47 0.428208
59 48 0.441657
59 45 0.494661
59 39 0.565636
59 50 0.400900
60 8 0.272970
60 12 0.295948
60 10 0.311079
60 14 0.331608
60 11 0.342122
60 9 0.355205
60 0 0.391813
60 5 0.394960
60 29 0.363992
60 1 0.421697
60 3 0.420608
60 2 0.464361
60 44 0.372288
60 17 0.518340
60 32 0.480601
60 6 0.534833
60 4 0.558559
60 23 0.538401
60 13 0.561413
60 39 0.500715
60 33 0.554805
60 31 0.613081
60 18 0.649971
60 24 0.647565
60 21 0.663290
60 28 0.641437
60 30 0.660221
60 16 0.723074
60 48 0.621629
60 15 0.734349
60 22 0.724460
60 45 0.659848
60 20 0.731310
60 40 0.678657
60 19 0.749990
60 7 0.778626
60 34 0.725126
60 27 0.741758
60 35 0.719926
60 42 0.709166
60 26 0.769761
60 46 0.715807
60 36 0.748394
60 38 0.742094
60 50 0.708101
60 41 0.748197
60 37 0.784131
60 43 0.772673
60 25 0.834748
60 49 0.841137
60 47 0.854265
61 9 0.223485
61 8 0.257213
61 12 0.238410
61 14 0.225974
61 13 0.269535
61 10 0.297168
61 11 0.306804
61 4 0.378250
61 3 0.412208
61 5 0.408934
61 0 0.421538
61 2 0.418616
61 1 0.425053
61 6 0.460383
61 29 0.197087
61 31 0.200121
61 7 0.567282
61 16 0.475787
61 30 0.245446
61 15 0.485073
61 28 0.258022
61 32 0.267854
61 33 0.256585
61 18 0.452430
61 19 0.424977
61 22 0.429039
61 17 0.583619
61 44 0.267109
61 25 0.443324
61 23 0.465691
61 20 0.515759
61 24 0.496716
61 21 0.538778
61 26 0.522876
61 40 0.388354
61 36 0.431590
61 34 0.440795
61 27 0.563663
61 39 0.442714
61 35 0.497300
61 38 0.479660
61 47 0.399522
61 43 0.469131
61 45 0.423936
61 37 0.515840
61 42 0.499861
61 49 0.429002
61 46 0.452247
61 41 0.524324
61 48 0.447122
61 50 0.464042
62 5 0.192446
62 1 0.208067
62 3 0.246763
62 0 0.271703
62 8 0.209333
62 10 0.172722
62 2 0.316611
62 4 0.350484
62 9 0.226641
62 12 0.192657
62 11 0.231044
62 14 0.206794
62 13 0.209084
62 7 0.367627
62 6 0.475058
62 30 0.196613
62 15 0.368073
62 33 0.201900
62 16 0.390740
62 29 0.270720
62 20 0.407216
62 32 0.279273
62 31 0.284002
62 19 0.435005
62 21 0.406653
62 18 0.485221
62 17 0.492170
62 22 0.436463
62 25 0.442154
62 28 0.405303
62 24 0.465604
62 36 0.389985
62 40 0.367295
62 34 0.420303
62 26 0.503443
62 44 0.272616
62 45 0.275310
62 27 0.531708
62 38 0.480058
62 41 0.436457
62 39 0.502819
62 42 0.428427
62 37 0.535015
62 47 0.369153
62 49 0.370292
62 46 0.386946
62 23 0.689354
62 50 0.383983
62 43 0.412399
62 35 0.576216
62 48 0.409618
63 5 0.273446
63 29 0.295911
63 13 0.331018
63 9 0.336617
63 4 0.346737
63 8 0.349352
63 31 0.339665
63 10 0.364193
63 3 0.405199
63 30 0.389408
63 12 0.455255
63 32 0.476726
63 15 0.498691
63 1 0.514419
63 28 0.499115
63 44 0.504338
63 43 0.512353
63 33 0.534233
63 18 0.556757
63 11 0.583196
63 14 0.593717
63 27 0.590981
63 21 0.599725
63 22 0.599476
63 45 0.593082
63 0 0.643224
63 35 0.619110
63 20 0.641546
63 25 0.642216
63 34 0.644989
63 7 0.673655
63 2 0.688091
63 42 0.650296
63 6 0.690953
63 39 0.668643
63 23 0.692320
63 17 0.702347
63 26 0.697924
63 37 0.685449
63 16 0.713113
63 50 0.674103
63 48 0.711675
63 19 0.753572
63 38 0.734316
63 40 0.734913
63 47 0.736839
63 24 0.772776
63 36 0.775480
63 49 0.770600
63 46 0.774302
63 41 0.808766
64 9 0.301853
64 11 0.300428
64 13 0.299063
64 31 0.319513
64 5 0.394491
64 30 0.392829
64 33 0.395727
64 1 0.442177
64 28 0.424991
64 12 0.471331
64 8 0.494609
64 14 0.568082
64 32 0.546692
64 29 0.569877
64 3 0.597403
64 44 0.556888
64 4 0.601731
64 10 0.597840
64 26 0.595524
64 0 0.624599
64 2 0.636845
64 6 0.642102
64 45 0.633801
64 36 0.691813
64 16 0.730168
64 7 0.767813
64 40 0.735728
64 27 0.760451
64 35 0.748270
64 48 0.737423
64 22 0.772098
64 21 0.776603
64 24 0.774391
64 15 0.816942
64 38 0.793607
64 34 0.798846
64 20 0.832640
64 42 0.807783
64 25 0.834101
64 39 0.820772
64 50 0.819254
64 47 0.826663
64 19 0.863961
64 17 0.871105
64 49 0.838706
64 41 0.850670
64 43 0.848808
64 37 0.860724
64 23 0.903466
64 46 0.897862
64 18 0.936746
65 8 0.309877
65 3 0.313866
65 10 0.401926
65 1 0.409264
65 9 0.403983
65 11 0.403610
65 13 0.402603
65 31 0.383086
65 5 0.409200
65 2 0.429712
65 26 0.414513
65 7 0.582580
65 44 0.544065
65 35 0.555413
65 6 0.586572
65 50 0.537146
65 15 0.581167
65 14 0.582233
65 33 0.560885
65 42 0.550906
65 43 0.550424
65 4 0.592976
65 28 0.570791
65 25 0.576350
65 0 0.597405
65 32 0.567567
65 16 0.586893
65 29 0.571450
65 12 0.591055
65 30 0.573302
65 17 0.595848
65 27 0.591062
65 22 0.606783
65 45 0.582247
65 36 0.604606
65 41 0.608937
65 47 0.603323
65 24 0.637383
65 20 0.659126
65 23 0.656428
65 49 0.628743
65 37 0.651525
65 46 0.653690
65 39 0.663998
65 48 0.655771
65 34 0.676176
65 38 0.676225
65 21 0.705434
65 18 0.744542
65 40 0.718844
65 19 0.746250
66 8 0.259243
66 10 0.375248
66 13 0.373008
66 4 0.392416
66 1 0.396517
66 9 0.384215
66 0 0.406810
66 18 0.389910
66 14 0.420887
66 12 0.431897
66 6 0.441091
66 21 0.414121
66 2 0.453760
66 3 0.510353
66 31 0.413777
66 29 0.416358
66 33 0.416722
66 20 0.503577
66 30 0.431486
66 11 0.528958
66 16 0.538345
66 7 0.563604
66 15 0.583018
66 24 0.545624
66 5 0.622017
66 28 0.522746
66 19 0.609552
66 44 0.525782
66 35 0.579305
66 36 0.589533
66 22 0.678526
66 32 0.623484
66 41 0.611314
66 40 0.640739
66 39 0.651450
66 38 0.668946
66 46 0.529974
66 27 0.691873
66 26 0.702894
66 47 0.430655
66 43 0.689399
66 17 0.809996
66 45 0.695114
66 25 0.767495
66 48 0.468464
66 49 0.309558
66 37 0.770112
66 23 0.844350
66 42 0.787903
66 34 0.810448
66 50 0.378848
67 8 0.284230
67 9 0.364273
67 3 0.413627
67 29 0.373894
67 5 0.476762
67 11 0.483327
67 31 0.441120
67 7 0.496509
67 0 0.511799
67 14 0.511227
67 18 0.551080
67 17 0.563469
67 13 0.592561
67 1 0.617122
67 12 0.613214
67 33 0.568596
67 39 0.581299
67 19 0.657741
67 43 0.610011
67 20 0.670231
67 49 0.622697
67 44 0.663733
67 40 0.673489
67 41 0.689765
67 27 0.722670
67 35 0.729875
67 10 0.794165
67 36 0.737627
67 32 0.741950
67 23 0.770070
67 4 0.825718
67 2 0.835790
67 47 0.761989
67 30 0.785487
67 28 0.793473
67 25 0.813640
67 37 0.799118
67 42 0.811618
67 15 0.874043
67 34 0.830235
67 46 0.821049
67 38 0.850939
67 26 0.875937
67 16 0.926477
67 48 0.868401
67 21 0.925403
67 45 0.893506
67 50 0.913220
67 6 1.005297
67 22 0.987423
67 24 1.003011
68 11 0.312473
68 8 0.351613
68 2 0.359946
68 9 0.349749
68 13 0.346412
68 10 0.359045
68 14 0.387236
68 0 0.505410
68 12 0.487061
68 4 0.503209
68 1 0.521755
68 22 0.488302
68 6 0.525238
68 30 0.516467
68 21 0.548263
68 19 0.551210
68 28 0.534470
68 33 0.523311
68 31 0.535199
68 29 0.547297
68 3 0.607733
68 32 0.540861
68 34 0.553001
68 25 0.591800
68 35 0.594651
68 20 0.641850
68 16 0.658234
68 5 0.682306
68 24 0.650716
68 26 0.643629
68 44 0.242020
68 7 0.710651
68 27 0.661731
68 17 0.719216
68 15 0.750547
68 23 0.737226
68 36 0.687224
68 50 0.325707
68 38 0.675006
68 37 0.754891
68 42 0.452259
68 18 0.845271
68 45 0.429418
68 39 0.580325
68 46 0.444170
68 40 0.505428
68 48 0.432824
68 41 0.527951
68 49 0.451668
68 47 0.465993
68 43 0.562637
69 4 0.372136
69 9 0.372827
69 11 0.380083
69 7 0.391398
69 17 0.373194
69 13 0.386267
69 29 0.462731
69 8 0.516705
69 6 0.522737
69 33 0.451859
69 3 0.528188
69 5 0.524868
69 1 0.531250
69 10 0.537732
69 31 0.475399
69 30 0.498618
69 14 0.514807
69 0 0.589086
69 18 0.566014
69 25 0.576949
69 48 0.590122
69 28 0.632582
69 19 0.670129
69 23 0.666671
69 32 0.653486
69 12 0.715327
69 2 0.729661
69 27 0.675084
69 44 0.645382
69 15 0.738313
69 34 0.688122
69 35 0.691824
69 21 0.745665
69 37 0.715766
69 40 0.720101
69 39 0.731933
69 26 0.764813
69 43 0.736236
69 24 0.785256
69 49 0.752216
69 36 0.772821
69 22 0.812501
69 41 0.775442
69 47 0.770746
69 38 0.795393
69 45 0.792149
69 16 0.865061
69 20 0.858077
69 50 0.796913
69 42 0.885321
69 46 0.901154
70 8 0.272956
70 10 0.198702
70 11 0.201104
70 9 0.263724
70 12 0.250898
70 14 0.250086
70 13 0.253833
70 2 0.412257
70 4 0.431756
70 3 0.444410
70 1 0.468043
70 6 0.457369
70 0 0.484658
70 5 0.491415
70 28 0.144051
70 7 0.529259
70 32 0.241463
70 30 0.304145
70 44 0.239216
70 16 0.563231
70 31 0.351585
70 33 0.324414
70 21 0.465170
70 15 0.619539
70 29 0.381856
70 18 0.579745
70 24 0.465172
70 19 0.539963
70 26 0.493137
70 36 0.398330
70 22 0.563304
70 25 0.551610
70 27 0.525478
70 17 0.711418
70 20 0.625611
70 40 0.454092
70 23 0.608256
70 42 0.486449
70 38 0.507638
70 34 0.536285
70 47 0.489275
70 35 0.543624
70 45 0.505499
70 37 0.551620
70 50 0.485741
70 41 0.552573
70 43 0.550144
70 49 0.574865
70 46 0.606551
70 39 0.644593
70 48 0.600474
71 8 0.341299
71 9 0.344740
71 11 0.368571
71 3 0.464299
71 29 0.411241
71 1 0.504487
71 13 0.497066
71 44 0.434222
71 14 0.511362
71 10 0.531183
71 28 0.524351
71 31 0.543425
71 2 0.636025
71 5 0.633602
71 20 0.605436
71 33 0.599162
71 4 0.660933
71 30 0.605817
71 32 0.611623
71 7 0.671397
71 39 0.615712
71 12 0.686625
71 17 0.699573
71 42 0.661971
71 15 0.743771
71 47 0.700076
71 50 0.713176
71 25 0.764043
71 43 0.743852
71 38 0.758122
71 19 0.807812
71 16 0.836291
71 23 0.814921
71 45 0.776313
71 0 0.863011
71 41 0.804712
71 35 0.821544
71 21 0.857144
71 22 0.877749
71 40 0.847181
71 27 0.891179
71 26 0.902066
71 24 0.907185
71 6 0.951844
71 48 0.884448
71 34 0.931942
71 37 0.929942
71 36 0.933509
71 18 0.980327
71 46 0.931757
71 49 0.931344
72 8 0.297530
72 0 0.304801
72 2 0.309964
72 10 0.317622
72 3 0.333836
72 20 0.326970
72 9 0.337791
72 5 0.341833
72 12 0.334104
72 1 0.408248
72 44 0.381980
72 26 0.414807
72 11 0.458793
72 31 0.443230
72 27 0.453038
72 24 0.469268
72 30 0.459386
72 28 0.467172
72 4 0.496877
72 32 0.473786
72 33 0.480935
72 14 0.518817
72 7 0.535445
72 6 0.547431
72 29 0.536111
72 22 0.552489
72 35 0.545572
72 13 0.583019
72 18 0.580062
72 25 0.579552
72 46 0.567657
72 38 0.590917
72 39 0.631616
72 49 0.637938
72 42 0.650321
72 50 0.642646
72 17 0.689482
72 37 0.667619
72 15 0.700053
72 16 0.700048
72 48 0.667953
72 40 0.686073
72 45 0.681836
72 47 0.679600
72 41 0.701380
72 43 0.699314
72 36 0.708441
72 23 0.752819
72 34 0.750291
72 19 0.801771
72 21 0.812869
73 9 0.274496
73 8 0.295457
73 11 0.397778
73 13 0.405279
73 10 0.509770
73 1 0.549512
73 5 0.563705
73 29 0.506163
73 28 0.555076
73 7 0.626606
73 31 0.549375
73 17 0.615388
73 4 0.652338
73 2 0.657744
73 3 0.678818
73 14 0.703576
73 12 0.724718
73 44 0.360308
73 25 0.726363
73 0 0.788922
73 21 0.758520
73 30 0.755140
73 6 0.831983
73 26 0.778207
73 33 0.777447
73 32 0.790754
73 27 0.811103
73 15 0.873360
73 39 0.795833
73 19 0.896806
73 23 0.888082
73 18 0.912356
73 35 0.853635
73 42 0.749146
73 50 0.562972
73 36 0.873539
73 37 0.860881
73 43 0.759721
73 20 1.010711
73 41 0.892799
73 16 1.036845
73 34 0.976585
73 45 0.687474
73 49 0.710576
73 48 0.723137
73 46 0.739197
73 40 1.004708
73 47 0.757485
73 22 1.118401
73 24 1.117167
73 38 1.065417
74 12 0.266563
74 9 0.289757
74 14 0.295488
74 11 0.309497
74 8 0.319179
74 10 0.317132
74 16 0.430061
74 13 0.433255
74 32 0.384062
74 33 0.389723
74 2 0.482279
74 0 0.489516
74 30 0.410288
74 5 0.530525
74 3 0.538088
74 43 0.446434
74 44 0.466008
74 4 0.564479
74 42 0.474889
74 28 0.533438
74 18 0.589539
74 1 0.666070
74 46 0.577836
74 7 0.681855
74 15 0.681054
74 29 0.645277
74 27 0.663224
74 31 0.662848
74 19 0.713291
74 34 0.673902
74 6 0.757609
74 40 0.678454
74 17 0.752804
74 20 0.756373
74 50 0.696208
74 21 0.782061
74 22 0.789622
74 37 0.765453
74 38 0.768229
74 26 0.814847
74 47 0.797486
74 48 0.799454
74 45 0.803967
74 25 0.839028
74 36 0.830545
74 39 0.849356
74 24 0.882735
74 23 0.907082
74 41 0.896591
74 35 0.910370
74 49 0.919454
75 9 0.318407
75 44 0.336222
75 12 0.384013
75 33 0.397441
75 13 0.457425
75 5 0.486504
75 11 0.532059
75 28 0.510270
75 14 0.567937
75 1 0.687989
75 31 0.654975
75 0 0.689841
75 30 0.656890
75 8 0.688198
75 29 0.677285
75 3 0.733807
75 10 0.743877
75 32 0.727285
75 17 0.815675
75 46 0.791723
75 2 0.888355
75 6 0.902023
75 23 0.907216
75 35 0.896651
75 19 0.947846
75 36 0.925385
75 39 0.941250
75 49 0.936743
75 45 0.949418
75 16 1.044039
75 15 1.045098
75 37 1.020133
75 41 1.022157
75 7 1.089477
75 4 1.103674
75 24 1.088218
75 42 1.086098
75 48 1.096955
75 40 1.118904
75 27 1.134764
75 18 1.156097
75 34 1.158128
75 25 1.174070
75 47 1.143446
75 21 1.188657
75 50 1.153667
75 20 1.207643
75 43 1.178317
75 38 1.210897
75 26 1.235839
75 22 1.240526
76 8 0.249400
76 9 0.310030
76 14 0.299382
76 12 0.304929
76 11 0.306769
76 10 0.403522
76 13 0.458833
76 0 0.526909
76 5 0.553217
76 28 0.213346
76 1 0.594774
76 15 0.579703
76 3 0.642918
76 31 0.304753
76 2 0.705826
76 32 0.322436
76 7 0.707818
76 30 0.375293
76 4 0.766817
76 29 0.421302
76 6 0.802560
76 18 0.739124
76 16 0.789506
76 44 0.251433
76 17 0.807602
76 33 0.497961
76 22 0.824908
76 19 0.917897
76 23 0.808590
76 26 0.766468
76 21 0.920308
76 20 0.984838
76 35 0.711468
76 34 0.762175
76 24 0.930338
76 25 0.866044
76 27 0.858359
76 40 0.668216
76 37 0.710345
76 36 0.779353
76 38 0.745039
76 41 0.732647
76 47 0.700467
76 39 0.781970
76 42 0.763901
76 46 0.727615
76 43 0.767479
76 45 0.754047
76 49 0.735838
76 48 0.782713
76 50 0.773786
77 14 0.434693
77 32 0.418072
77 12 0.487496
77 10 0.660568
77 11 0.730817
77 33 0.711202
77 8 0.761476
77 28 0.754526
77 3 0.777885
77 31 0.754644
77 37 0.748374
77 30 0.775335
77 13 0.804781
77 44 0.791468
77 9 0.843544
77 0 0.851928
77 36 0.816243
77 35 0.818534
77 19 0.871565
77 2 0.888436
77 25 0.913649
77 15 0.974424
77 26 0.972781
77 23 0.987878
77 1 1.009526
77 38 0.993650
77 29 1.023649
77 4 1.050872
77 39 1.016943
77 46 1.015811
77 24 1.060035
77 6 1.088558
77 50 1.099716
77 7 1.149432
77 47 1.107281
77 49 1.117509
77 42 1.129234
77 5 1.169181
77 45 1.141469
77 40 1.157632
77 27 1.192964
77 21 1.202980
77 18 1.223651
77 17 1.255448
77 41 1.227358
77 16 1.285275
77 48 1.268366
77 43 1.280681
77 34 1.299520
77 22 1.417664
77 20 1.443770
78 3 0.326407
78 11 0.377048
78 8 0.408163
78 12 0.441896
78 44 0.418658
78 31 0.452030
78 9 0.486392
78 0 0.499711
78 32 0.470275
78 13 0.556388
78 6 0.675947
78 2 0.690272
78 28 0.684299
78 20 0.707047
78 29 0.697000
78 10 0.778794
78 27 0.777594
78 24 0.782006
78 22 0.784113
78 43 0.757243
78 14 0.793151
78 1 0.801293
78 16 0.811460
78 18 0.860482
78 4 0.871167
78 25 0.867034
78 40 0.854394
78 30 0.881692
78 45 0.864854
78 33 0.887187
78 26 0.949736
78 34 0.943995
78 47 0.963850
78 39 0.980145
78 37 0.991490
78 46 1.006351
78 5 1.050614
78 42 1.017625
78 17 1.067951
78 48 1.041380
78 23 1.096156
78 36 1.110466
78 21 1.145408
78 50 1.116136
78 35 1.143796
78 19 1.171067
78 15 1.179822
78 38 1.196650
78 7 1.230862
78 49 1.208747
78 41 1.277934
79 13 0.562108
79 9 0.566352
79 11 0.565789
79 28 0.538182
79 31 0.535311
79 14 0.565623
79 12 0.573360
79 10 0.655448
79 27 0.698531
79 3 0.803136
79 1 0.917987
79 8 0.920863
79 44 0.868944
79 22 0.909185
79 5 0.949279
79 32 0.921792
79 15 1.002109
79 33 1.021715
79 20 1.042459
79 37 1.077060
79 23 1.103429
79 17 1.141980
79 30 1.120063
79 29 1.128255
79 40 1.120421
79 4 1.174549
79 26 1.171499
79 19 1.191109
79 25 1.201755
79 24 1.234063
79 18 1.263297
79 45 1.225504
79 6 1.283427
79 46 1.251639
79 0 1.321291
79 7 1.316369
79 38 1.273520
79 16 1.351136
79 36 1.339056
79 2 1.387397
79 47 1.326367
79 35 1.353611
79 21 1.380409
79 34 1.380733
79 42 1.378712
79 48 1.389543
79 41 1.432900
79 43 1.435267
79 50 1.427673
79 49 1.446978
79 39 1.487033
80 8 0.429836
80 9 0.447896
80 29 0.482407
80 10 0.506775
80 30 0.604509
80 12 0.713657
80 4 0.781327
80 11 0.782392
80 31 0.821318
80 0 0.869157
80 14 0.879472
80 33 0.892835
80 28 0.954839
80 32 0.973771
80 39 0.976580
80 44 1.018172
80 25 1.081423
80 3 1.104326
80 18 1.158589
80 47 1.176941
80 5 1.270101
80 21 1.255994
80 20 1.271989
80 7 1.286826
80 13 1.297902
80 6 1.348622
80 2 1.353561
80 43 1.353255
80 16 1.414259
80 42 1.399358
80 19 1.462825
80 1 1.557822
80 40 1.526753
80 46 1.535893
80 48 1.536646
80 26 1.658276
80 45 1.648179
80 50 1.691675
80 17 1.768985
80 35 1.781465
80 37 1.833625
80 15 1.888220
80 23 1.895651
80 49 1.880412
80 36 1.934840
80 24 1.966908
80 27 1.973179
80 22 2.013001
80 38 2.015979
80 41 2.024698
80 34 2.054381
81 9 0.272962
81 10 0.270788
81 8 0.298202
81 13 0.275505
81 14 0.278091
81 11 0.322346
81 3 0.411415
81 12 0.380146
81 5 0.529758
81 28 0.327521
81 29 0.308781
81 0 0.584230
81 1 0.584478
81 31 0.385085
81 33 0.427250
81 30 0.665190
81 19 0.833800
81 7 0.990944
81 4 1.088769
81 32 0.803114
81 17 0.966474
81 23 0.942117
81 2 1.130195
81 15 1.048770
81 16 1.069957
81 44 0.715828
81 18 1.104900
81 20 1.095452
81 6 1.260626
81 21 1.159263
81 22 1.208222
81 38 1.061616
81 25 1.219772
81 26 1.231411
81 36 1.121464
81 47 0.968553
81 27 1.307458
81 24 1.348409
81 37 1.274188
81 40 1.090034
81 46 1.074324
81 34 1.298895
81 35 1.320580
81 45 1.139890
81 42 1.148380
81 43 1.167401
81 50 1.124444
81 49 1.192867
81 41 1.235173
81 39 1.239389
81 48 1.291963
82 12 0.413866
82 14 0.420944
82 10 0.423956
82 28 0.433707
82 44 0.441041
82 8 0.500882
82 32 0.564592
82 0 0.632492
82 31 0.609073
82 11 0.686408
82 29 0.701820
82 30 0.746593
82 9 0.851146
82 13 0.928197
82 38 0.904955
82 1 0.980280
82 22 0.994779
82 5 1.074698
82 24 1.050041
82 16 1.071872
82 33 1.045942
82 6 1.091461
82 47 1.042493
82 3 1.143778
82 40 1.125725
82 34 1.145070
82 45 1.168670
82 2 1.255117
82 49 1.209743
82 21 1.261724
82 39 1.244792
82 36 1.255978
82 46 1.248295
82 18 1.300936
82 15 1.368267
82 20 1.363179
82 4 1.409416
82 23 1.390159
82 48 1.370650
82 25 1.433207
82 19 1.461622
82 27 1.446000
82 42 1.438337
82 26 1.483040
82 43 1.475076
82 41 1.483842
82 7 1.546017
82 35 1.534860
82 50 1.517602
82 17 1.577178
82 37 1.539471
83 9 0.307513
83 11 0.395105
83 29 0.383161
83 31 0.428524
83 13 0.484015
83 44 0.490968
83 28 0.612206
83 33 0.641720
83 5 0.813019
83 6 0.813545
83 0 0.820969
83 4 0.818009
83 36 0.776530
83 40 0.774856
83 48 0.777951
83 2 0.864582
83 12 0.857827
83 32 0.829082
83 7 0.865092
83 14 0.871929
83 3 0.882014
83 21 0.894432
83 16 0.910237
83 8 0.974327
83 30 0.964502
83 10 0.994091
83 19 0.989431
83 22 0.989884
83 49 0.951018
83 1 1.045957
83 15 1.079549
83 26 1.094619
83 41 1.085541
83 25 1.127755
83 50 1.095637
83 27 1.132979
83 43 1.116161
83 17 1.183494
83 20 1.186338
83 45 1.145917
83 38 1.156449
83 46 1.169359
83 42 1.225563
83 18 1.271712
83 39 1.236216
83 34 1.246567
83 35 1.267806
83 24 1.323689
83 23 1.352370
83 37 1.338963
83 47 1.342360
84 8 0.315767
84 9 0.323423
84 14 0.337115
84 10 0.368987
84 12 0.354750
84 11 0.379588
84 13 0.491955
84 28 0.525835
84 30 0.530387
84 32 0.610050
84 22 0.701592
84 2 0.838623
84 6 0.838104
84 31 0.742335
84 1 0.911936
84 0 0.958183
84 4 0.966549
84 33 0.919201
84 17 1.025706
84 18 1.017238
84 5 1.102632
84 3 1.113157
84 24 1.018504
84 25 1.022183
84 29 1.029671
84 26 1.064104
84 44 0.786721
84 19 1.109442
84 16 1.149143
84 21 1.159910
84 38 1.097100
84 45 0.913469
84 47 0.931904
84 7 1.381189
84 37 1.224087
84 15 1.337524
84 36 1.247156
84 34 1.267148
84 23 1.325979
84 20 1.348541
84 49 1.038828
84 48 1.049753
84 41 1.235940
84 46 1.070331
84 39 1.254881
84 50 1.052328
84 42 1.201200
84 40 1.274119
84 27 1.396604
84 35 1.428771
84 43 1.279654
85 11 0.384706
85 9 0.399646
85 3 0.439538
85 33 0.455169
85 8 0.568878
85 10 0.591145
85 14 0.652828
85 31 0.633411
85 13 0.655030
85 5 0.661665
85 29 0.638270
85 12 0.699757
85 30 0.734570
85 7 0.892065
85 27 0.872498
85 1 0.902909
85 32 0.924411
85 47 0.907020
85 34 0.923395
85 19 0.957568
85 15 0.983986
85 28 0.969775
85 0 0.996939
85 36 1.015048
85 38 1.043648
85 26 1.080503
85 44 1.055802
85 20 1.108762
85 2 1.150082
85 49 1.140029
85 24 1.175632
85 23 1.186734
85 40 1.176918
85 6 1.225675
85 39 1.191912
85 43 1.193801
85 45 1.192106
85 46 1.231857
85 25 1.263088
85 22 1.274088
85 41 1.255633
85 17 1.294435
85 4 1.312037
85 48 1.283377
85 35 1.306775
85 16 1.339609
85 37 1.333068
85 21 1.381107
85 18 1.489553
85 50 1.480927
85 42 1.499035
86 9 0.393324
86 11 0.560133
86 30 0.584905
86 12 0.620252
86 14 0.666653
86 10 0.672611
86 8 0.813132
86 31 0.820736
86 29 0.852438
86 33 0.939282
86 13 0.990417
86 44 1.057040
86 36 1.138854
86 6 1.192253
86 5 1.196474
86 3 1.281890
86 32 1.243486
86 1 1.285541
86 28 1.273739
86 0 1.372202
86 21 1.375860
86 24 1.419742
86 47 1.402571
86 7 1.469808
86 38 1.460346
86 45 1.478361
86 4 1.536148
86 37 1.526786
86 20 1.550299
86 46 1.522445
86 15 1.616975
86 26 1.608462
86 2 1.649314
86 40 1.614625
86 48 1.716239
86 39 1.729268
86 19 1.757183
86 27 1.747868
86 41 1.728595
86 35 1.737884
86 18 1.761030
86 16 1.765049
86 25 1.753188
86 34 1.741197
86 17 1.771643
86 42 1.784734
86 22 1.820384
86 43 1.790507
86 49 1.784519
86 23 1.831939
86 50 1.860148
87 10 0.465087
87 32 0.345272
87 12 0.465185
87 11 0.491525
87 9 0.501917
87 14 0.471917
87 28 0.392594
87 29 0.397234
87 8 0.516892
87 13 0.584478
87 33 0.521567
87 30 0.558590
87 3 0.849479
87 26 0.785627
87 2 0.877410
87 0 0.896335
87 21 0.833538
87 22 0.832222
87 6 0.898360
87 24 0.836171
87 4 0.929919
87 27 0.850789
87 31 0.840449
87 5 0.978768
87 44 0.478323
87 34 0.822567
87 1 1.092358
87 19 1.046117
87 16 1.063740
87 7 1.111492
87 25 1.050101
87 15 1.119095
87 40 0.787479
87 18 1.173114
87 17 1.200584
87 37 0.967432
87 35 0.990610
87 38 0.977457
87 36 1.050535
87 47 0.805517
87 23 1.279226
87 20 1.317342
87 46 0.840593
87 45 0.872393
87 39 1.009215
87 41 0.964360
87 48 0.930795
87 42 1.025613
87 49 0.979757
87 50 0.982537
87 43 1.086774
88 10 0.367281
88 12 0.392513
88 14 0.418357
88 8 0.437026
88 11 0.443237
88 28 0.481446
88 9 0.527067
88 13 0.603652
88 2 0.629108
88 30 0.590113
88 44 0.554166
88 29 0.619807
88 33 0.619205
88 3 0.707534
88 32 0.697980
88 31 0.766069
88 5 0.867880
88 16 0.851123
88 4 0.880271
88 1 0.885435
88 0 0.937601
88 7 0.974653
88 6 1.167114
88 18 1.228085
88 43 1.294628
88 21 1.375029
88 40 1.335252
88 38 1.373175
88 42 1.390466
88 20 1.482375
88 22 1.495546
88 15 1.519699
88 35 1.543903
88 34 1.622674
88 49 1.563743
88 19 1.659923
88 27 1.655056
88 17 1.680106
88 50 1.596787
88 23 1.689363
88 48 1.625456
88 36 1.677219
88 46 1.663194
88 24 1.735589
88 25 1.739845
88 39 1.738053
88 26 1.784188
88 45 1.724922
88 41 1.734420
88 37 1.764506
88 47 1.744595
89 9 0.390937
89 12 0.449082
89 33 0.445284
89 3 0.568231
89 13 0.568666
89 10 0.695303
89 11 0.705084
89 5 0.748817
89 1 0.846893
89 0 0.874627
89 8 0.864119
89 31 0.836214
89 4 0.930496
89 44 0.878705
89 28 0.920787
89 30 0.932920
89 29 0.940441
89 2 1.002129
89 32 0.941194
89 14 1.021948
89 24 1.065005
89 20 1.117685
89 6 1.185946
89 7 1.223725
89 43 1.155817
89 45 1.173261
89 46 1.188324
89 22 1.241080
89 35 1.273016
89 34 1.280726
89 15 1.334254
89 41 1.308549
89 36 1.336242
89 27 1.356266
89 19 1.421516
89 38 1.386918
89 17 1.437792
89 39 1.409876
89 40 1.417489
89 25 1.438874
89 18 1.465916
89 21 1.478614
89 23 1.472780
89 16 1.506113
89 50 1.458777
89 49 1.464058
89 47 1.479240
89 42 1.485106
89 26 1.527470
89 37 1.548886
89 48 1.631353
90 13 0.481555
90 8 0.497056
90 10 0.506710
90 14 0.499532
90 3 0.520756
90 11 0.508842
90 9 0.514854
90 5 0.664654
90 0 0.671233
90 12 0.652886
90 30 0.645841
90 44 0.634767
90 32 0.684766
90 7 0.768008
90 31 0.754413
90 18 0.773817
90 43 0.815762
90 33 0.853691
90 29 0.858353
90 1 0.946178
90 15 0.939120
90 27 0.930155
90 16 1.007034
90 28 0.993009
90 20 1.035913
90 4 1.116579
90 19 1.111246
90 6 1.163332
90 21 1.161320
90 38 1.149207
90 45 1.148290
90 47 1.166622
90 2 1.307045
90 41 1.255705
90 25 1.293217
90 35 1.286108
90 40 1.281172
90 17 1.316354
90 39 1.290975
90 36 1.319354
90 22 1.347248
90 50 1.311953
90 46 1.317513
90 37 1.356288
90 42 1.373230
90 34 1.399793
90 24 1.421732
90 48 1.391494
90 26 1.433882
90 49 1.466791
90 23 1.577977
91 8 0.418010
91 11 0.477067
91 13 0.612205
91 44 0.635032
91 12 0.689210
91 30 0.667665
91 28 0.687347
91 5 0.763396
91 10 0.758527
91 4 0.870026
91 0 0.908665
91 33 0.891215
91 2 0.943237
91 14 0.928304
91 22 0.957561
91 31 0.945517
91 9 0.978719
91 29 1.079128
91 7 1.122489
91 32 1.119736
91 43 1.135573
91 16 1.195236
91 1 1.238756
91 46 1.176844
91 6 1.266220
91 3 1.303067
91 38 1.270899
91 24 1.305879
91 18 1.325926
91 36 1.303170
91 20 1.342488
91 34 1.368460
91 37 1.370028
91 47 1.362265
91 41 1.378476
91 45 1.375152
91 17 1.426608
91 19 1.435896
91 40 1.408244
91 35 1.426594
91 49 1.421843
91 15 1.472605
91 48 1.460394
91 23 1.533975
91 27 1.540214
91 50 1.524894
91 21 1.572085
91 42 1.550196
91 25 1.642387
91 39 1.665025
91 26 1.733717
92 44 0.480307
92 31 0.524352
92 12 0.614980
92 8 0.618043
92 14 0.694895
92 29 0.868680
92 9 0.893743
92 3 0.943327
92 16 0.935474
92 10 0.940026
92 4 0.950331
92 13 0.957173
92 21 0.950979
92 15 1.014500
92 28 1.009289
92 18 1.027465
92 1 1.039064
92 50 1.005904
92 40 1.026667
92 30 1.043148
92 32 1.073259
92 42 1.092754
92 33 1.149394
92 24 1.187149
92 2 1.250983
92 11 1.305540
92 35 1.310868
92 43 1.312757
92 0 1.377623
92 34 1.370164
92 22 1.404794
92 5 1.464433
92 45 1.517094
92 19 1.570697
92 46 1.543024
92 36 1.597087
92 38 1.605867
92 6 1.671305
92 47 1.631804
92 7 1.712656
92 27 1.730622
92 17 1.760212
92 37 1.740984
92 20 1.795354
92 26 1.788816
92 49 1.770076
92 39 1.796047
92 48 1.781255
92 41 1.814362
92 25 1.841229
92 23 1.864160
93 10 0.512215
93 28 0.650342
93 44 0.629930
93 21 0.660919
93 11 0.669774
93 12 0.721069
93 9 0.725622
93 8 0.812651
93 30 0.790891
93 13 0.810314
93 31 0.791568
93 19 0.820058
93 0 0.906725
93 32 0.968022
93 14 1.003433
93 29 1.116178
93 5 1.141051
93 7 1.208719
93 33 1.184099
93 3 1.258516
93 40 1.284391
93 42 1.300427
93 17 1.414093
93 48 1.445288
93 4 1.510253
93 39 1.495775
93 6 1.565581
93 45 1.534349
93 1 1.594543
93 2 1.633124
93 24 1.632552
93 16 1.650769
93 41 1.631594
93 22 1.671252
93 46 1.671047
93 20 1.735254
93 34 1.724760
93 18 1.761917
93 26 1.761767
93 35 1.750239
93 38 1.757914
93 36 1.760678
93 50 1.780443
93 23 1.839694
93 15 1.874227
93 43 1.840261
93 49 1.842084
93 27 1.881451
93 37 1.942804
93 47 1.940126
93 25 1.978123
94 13 0.484723
94 29 0.515306
94 9 0.598138
94 8 0.616283
94 28 0.620039
94 44 0.634919
94 31 0.696927
94 11 0.719151
94 33 0.738908
94 1 0.796635
94 34 0.781299
94 45 0.778131
94 7 0.838131
94 14 0.895630
94 20 0.949683
94 26 1.010463
94 47 1.021831
94 5 1.069182
94 43 1.188853
94 24 1.216070
94 32 1.203966
94 30 1.206749
94 12 1.275952
94 35 1.251787
94 3 1.286549
94 10 1.281979
94 4 1.318541
94 17 1.328998
94 22 1.344684
94 23 1.345219
94 38 1.358353
94 27 1.383731
94 19 1.407141
94 36 1.387894
94 39 1.394064
94 40 1.402277
94 37 1.428223
94 18 1.472834
94 15 1.492437
94 2 1.535977
94 0 1.566173
94 25 1.564079
94 16 1.591582
94 46 1.591552
94 42 1.625453
94 6 1.686645
94 49 1.666286
94 21 1.715238
94 50 1.768030
94 48 1.788294
94 41 1.935120
95 10 0.562933
95 9 0.586382
95 3 0.610972
95 8 0.643057
95 11 0.806379
95 28 0.790133
95 1 0.825119
95 14 0.815332
95 33 0.816296
95 13 0.845073
95 44 0.824577
95 29 0.846074
95 0 0.874794
95 31 0.894253
95 5 0.920177
95 12 0.915036
95 30 0.933309
95 32 0.999152
95 43 0.984067
95 35 1.070676
95 42 1.066758
95 2 1.121655
95 4 1.133601
95 7 1.143601
95 16 1.144800
95 37 1.155151
95 17 1.177529
95 34 1.177478
95 27 1.204777
95 45 1.203543
95 18 1.251039
95 19 1.258140
95 46 1.238981
95 36 1.261166
95 6 1.299412
95 21 1.312018
95 47 1.286514
95 24 1.316150
95 40 1.304569
95 15 1.341045
95 22 1.334659
95 23 1.334479
95 26 1.337370
95 20 1.352376
95 39 1.351498
95 48 1.347338
95 38 1.366273
95 50 1.358880
95 25 1.394833
95 41 1.423147
95 49 1.455864
96 9 0.446337
96 13 0.466444
96 12 0.572755
96 0 0.602158
96 14 0.591536
96 8 0.621763
96 31 0.713082
96 11 0.800199
96 44 0.745028
96 7 0.921555
96 1 0.980234
96 30 0.967722
96 42 0.968726
96 2 1.192312
96 10 1.235971
96 29 1.215264
96 17 1.255614
96 32 1.271094
96 28 1.280503
96 50 1.252562
96 33 1.314517
96 38 1.318280
96 15 1.364582
96 36 1.339631
96 35 1.357473
96 47 1.342658
96 46 1.347883
96 43 1.372216
96 39 1.397523
96 3 1.459477
96 18 1.464778
96 6 1.493291
96 19 1.480325
96 45 1.491071
96 5 1.558075
96 16 1.638275
96 21 1.628262
96 49 1.585413
96 48 1.588003
96 4 1.655889
96 26 1.622499
96 37 1.604462
96 40 1.601254
96 25 1.634349
96 23 1.645081
96 24 1.657106
96 20 1.665295
96 41 1.701534
96 27 1.720758
96 22 1.741798
96 34 1.725571
97 9 0.419406
97 29 0.411813
97 10 0.428833
97 11 0.492477
97 1 0.662355
97 44 0.641146
97 28 0.677201
97 8 0.703306
97 32 0.739554
97 45 0.777471
97 31 0.812602
97 48 0.825163
97 21 0.861540
97 39 0.901517
97 19 0.924533
97 30 0.950005
97 4 0.972417
97 7 0.986972
97 36 1.121771
97 13 1.144831
97 12 1.160183
97 16 1.180618
97 20 1.187617
97 6 1.216512
97 33 1.194215
97 3 1.220332
97 14 1.214313
97 40 1.196887
97 5 1.230424
97 42 1.195815
97 17 1.269567
97 24 1.270005
97 0 1.354630
97 49 1.316500
97 43 1.344792
97 23 1.413590
97 37 1.437456
97 22 1.459525
97 2 1.511835
97 27 1.525324
97 38 1.529493
97 15 1.585647
97 46 1.573924
97 34 1.587332
97 18 1.611432
97 26 1.613532
97 35 1.619496
97 25 1.638617
97 41 1.622880
97 47 1.624468
97 50 1.636866
98 9 0.469080
98 13 0.523400
98 11 0.525268
98 12 0.525077
98 28 0.613295
98 3 0.743608
98 0 0.798563
98 44 0.778334
98 32 0.871473
98 5 0.970697
98 10 1.034435
98 14 1.063179
98 30 1.076230
98 8 1.181452
98 31 1.201115
98 2 1.227921
98 4 1.227033
98 33 1.215920
98 20 1.256088
98 7 1.305372
98 29 1.301063
98 40 1.305161
98 16 1.404754
98 22 1.416019
98 42 1.403638
98 35 1.440557
98 45 1.456708
98 6 1.510483
98 21 1.546643
98 24 1.553785
98 34 1.553849
98 1 1.585139
98 39 1.558731
98 19 1.688841
98 46 1.656186
98 50 1.652922
98 27 1.680253
98 41 1.662865
98 25 1.684114
98 47 1.688258
98 17 1.723968
98 26 1.724633
98 23 1.729864
98 38 1.711496
98 43 1.735472
98 37 1.756155
98 36 1.757734
98 18 1.791361
98 49 1.823971
98 15 1.908221
98 48 1.925812
99 13 0.684884
99 30 0.703960
99 32 0.770357
99 10 0.815808
99 33 0.910999
99 9 0.937356
99 1 1.041147
99 50 1.020706
99 35 1.038139
99 29 1.046619
99 11 1.114651
99 17 1.131844
99 15 1.134206
99 3 1.143332
99 5 1.148091
99 4 1.161700
99 42 1.127690
99 44 1.167428
99 7 1.256439
99 24 1.269207
99 6 1.308909
99 31 1.312618
99 14 1.332540
99 8 1.337498
99 0 1.367574
99 28 1.384431
99 38 1.418624
99 18 1.463593
99 12 1.468922
99 47 1.456054
99 43 1.550233
99 27 1.571447
99 41 1.620819
99 36 1.631371
99 34 1.647251
99 49 1.630965
99 25 1.679892
99 20 1.704141
99 40 1.683828
99 46 1.676560
99 45 1.696284
99 23 1.725192
99 37 1.721486
99 16 1.747286
99 2 1.822853
99 39 1.796423
99 19 1.835167
99 21 1.848336
99 26 1.981101
99 22 1.988233
99 48 1.972732
100 9 0.314760
100 8 0.341270
100 10 0.434465
100 12 0.453549
100 13 0.510263
100 29 0.579596
100 3 0.644007
100 0 0.650478
100 14 0.634229
100 44 0.547264
100 2 0.712308
100 32 0.708019
100 11 0.806509
100 1 0.850973
100 28 0.795177
100 33 0.824322
100 31 0.838671
100 30 0.907707
100 4 0.980220
100 16 0.961768
100 17 0.973037
100 5 1.068472
100 39 0.985214
100 18 1.054949
100 6 1.081210
100 42 0.984267
100 26 1.069042
100 19 1.097038
100 23 1.110484
100 20 1.202648
100 50 1.133696
100 7 1.251885
100 22 1.278371
100 25 1.318730
100 38 1.282761
100 48 1.268735
100 40 1.289722
100 36 1.305332
100 24 1.350783
100 49 1.296173
100 21 1.386806
100 47 1.317260
100 43 1.332042
100 27 1.382777
100 15 1.436088
100 41 1.358502
100 45 1.360085
100 35 1.401378
100 34 1.488505
100 46 1.518703
100 37 1.586269
101 12 0.414604
101 9 0.465816
101 8 0.530565
101 5 0.587909
101 0 0.609217
101 1 0.610234
101 45 0.606727
101 13 0.643178
101 3 0.653652
101 28 0.653131
101 4 0.705770
101 29 0.732704
101 10 0.753963
101 30 0.741841
101 11 0.982994
101 31 0.963672
101 2 0.992334
101 36 0.959299
101 44 0.951295
101 14 0.986578
101 33 0.965677
101 6 0.993726
101 32 0.968684
101 7 1.075793
101 40 1.042770
101 46 1.076119
101 42 1.135062
101 20 1.161288
101 48 1.189639
101 19 1.239900
101 25 1.258663
101 37 1.245218
101 17 1.269316
101 39 1.268053
101 21 1.292247
101 47 1.316856
101 18 1.352547
101 16 1.371628
101 35 1.351289
101 23 1.410524
101 15 1.433632
101 50 1.393026
101 26 1.426337
101 49 1.407427
101 43 1.427172
101 41 1.431070
101 27 1.449701
101 38 1.473864
101 24 1.493840
101 22 1.507341
101 34 1.633126
102 8 0.432262
102 12 0.431519
102 9 0.448140
102 10 0.469909
102 13 0.533268
102 0 0.608792
102 28 0.581644
102 1 0.626931
102 11 0.663086
102 4 0.720697
102 5 0.739711
102 7 0.756716
102 3 0.761061
102 32 0.716222
102 14 0.763980
102 29 0.832408
102 44 0.813747
102 30 0.852732
102 33 0.850016
102 31 0.863979
102 15 0.884900
102 26 0.990604
102 2 1.043105
102 45 1.007029
102 6 1.159173
102 38 1.122279
102 37 1.133420
102 47 1.118586
102 18 1.180829
102 27 1.188804
102 24 1.210135
102 16 1.237328
102 22 1.242786
102 17 1.265133
102 25 1.264682
102 21 1.280895
102 40 1.286396
102 36 1.299255
102 20 1.318955
102 49 1.291114
102 41 1.312291
102 23 1.349559
102 39 1.331851
102 34 1.353618
102 42 1.345072
102 19 1.381557
102 46 1.347110
102 43 1.366651
102 48 1.374733
102 50 1.374243
102 35 1.403440
103 10 0.380915
103 9 0.442196
103 8 0.445289
103 11 0.536581
103 14 0.570573
103 12 0.602717
103 13 0.602776
103 0 0.797032
103 4 0.794667
103 6 0.850416
103 7 0.876742
103 5 0.878699
103 28 0.842336
103 44 0.879936
103 2 0.953638
103 30 0.942435
103 20 0.983072
103 29 1.003746
103 31 1.021484
103 1 1.075274
103 32 1.019912
103 36 1.070311
103 18 1.133269
103 3 1.207485
103 33 1.186167
103 16 1.243901
103 21 1.249315
103 45 1.220679
103 26 1.269967
103 22 1.294667
103 37 1.278928
103 17 1.429934
103 25 1.406155
103 46 1.371660
103 40 1.381850
103 19 1.435813
103 35 1.402420
103 43 1.389832
103 27 1.430213
103 48 1.426619
103 42 1.435616
103 49 1.438235
103 34 1.461560
103 24 1.493846
103 23 1.499420
103 39 1.478646
103 50 1.482201
103 38 1.532373
103 15 1.582124
103 41 1.561701
103 47 1.615611
104 8 0.414140
104 9 0.519974
104 31 0.504729
104 14 0.535575
104 12 0.572020
104 10 0.589702
104 11 0.669578
104 29 0.690276
104 30 0.699731
104 13 0.736884
104 44 0.716576
104 28 0.769996
104 4 0.839438
104 0 0.859692
104 33 0.857808
104 18 0.914211
104 2 0.935840
104 1 0.968563
104 32 0.960773
104 5 1.032533
104 17 1.027824
104 47 1.003967
104 45 1.013652
104 40 1.034036
104 42 1.051628
104 3 1.108865
104 39 1.068625
104 38 1.070402
104 34 1.088223
104 19 1.120763
104 6 1.144207
104 7 1.169715
104 20 1.178477
104 49 1.140610
104 48 1.155054
104 24 1.193135
104 27 1.196184
104 26 1.229346
104 22 1.241887
104 43 1.225619
104 37 1.245730
104 23 1.268122
104 15 1.286804
104 16 1.295137
104 41 1.267383
104 35 1.282879
104 21 1.311702
104 50 1.274239
104 25 1.320741
104 36 1.308390
104 46 1.303280
105 44 0.415704
105 10 0.625853
105 9 0.633307
105 29 0.610332
105 12 0.632986
105 30 0.612514
105 0 0.646560
105 11 0.637776
105 28 0.617946
105 14 0.665366
105 8 0.716669
105 32 0.801966
105 13 0.835836
105 6 0.906263
105 33 1.110656
105 3 1.235081
105 4 1.303537
105 1 1.374108
105 2 1.384205
105 42 1.337516
105 31 1.355522
105 36 1.376540
105 16 1.423890
105 46 1.381524
105 38 1.424925
105 22 1.459429
105 24 1.513999
105 34 1.566294
105 48 1.554531
105 39 1.619377
105 18 1.660128
105 7 1.679180
105 5 1.770379
105 50 1.728859
105 40 1.764055
105 20 1.792781
105 47 1.758484
105 37 1.802110
105 27 1.828388
105 26 1.843720
105 17 1.913668
105 15 1.924967
105 25 1.921850
105 45 1.916190
105 43 1.953956
105 35 1.981391
105 19 2.042998
105 23 2.045584
105 41 2.033451
105 21 2.097425
105 49 2.110851
106 9 0.968282
106 31 0.980924
106 8 1.042703
106 10 1.257984
106 33 1.275726
106 13 1.355250
106 32 1.385458
106 29 1.415165
106 1 1.517045
106 28 1.497945
106 12 1.522428
106 44 1.512450
106 4 1.593220
106 11 1.670163
106 40 1.635065
106 14 1.700546
106 21 1.692429
106 3 1.717028
106 30 1.691141
106 2 1.796020
106 15 2.101395
106 27 2.162133
106 34 2.202271
106 47 2.194764
106 37 2.258837
106 5 2.325980
106 50 2.251452
106 39 2.337679
106 49 2.336129
106 22 2.408458
106 17 2.419115
106 35 2.401333
106 0 2.455239
106 16 2.589279
106 7 2.598041
106 38 2.548970
106 36 2.553319
106 45 2.536760
106 43 2.542050
106 26 2.576413
106 18 2.592215
106 20 2.590273
106 19 2.592369
106 23 2.605158
106 25 2.630995
106 24 2.644140
106 42 2.695365
106 48 2.691738
106 6 2.762486
106 46 2.748504
106 41 2.769647
107 13 0.443385
107 8 0.637564
107 29 0.629142
107 11 0.758096
107 10 0.773544
107 14 0.782983
107 5 0.803401
107 30 0.856881
107 9 0.893160
107 31 0.892508
107 28 0.991873
107 32 1.006805
107 0 1.068336
107 44 1.110490
107 45 1.157815
107 15 1.228368
107 25 1.231626
107 3 1.272261
107 18 1.273937
107 43 1.243728
107 12 1.350864
107 19 1.433061
107 39 1.445487
107 49 1.452108
107 24 1.498817
107 33 1.488944
107 1 1.557772
107 27 1.547038
107 40 1.546557
107 42 1.558907
107 38 1.653021
107 36 1.671805
107 6 1.716819
107 50 1.696396
107 7 1.860367
107 35 1.831400
107 2 1.866198
107 41 1.825345
107 37 1.831390
107 23 1.851082
107 46 1.829537
107 4 1.893671
107 34 1.879029
107 47 1.862984
107 22 1.899199
107 21 1.911653
107 16 1.916682
107 26 1.946692
107 48 1.929740
107 17 1.990694
107 20 2.110589
108 9 0.571274
108 11 0.772253
108 28 0.792429
108 8 0.891721
108 44 0.876914
108 32 0.981220
108 0 1.089057
108 10 1.156905
108 14 1.215029
108 31 1.238773
108 12 1.294421
108 30 1.296364
108 29 1.340117
108 1 1.454575
108 3 1.538101
108 33 1.547017
108 13 1.615335
108 5 1.683954
108 41 2.016290
108 25 2.138400
108 24 2.151797
108 7 2.259950
108 20 2.256351
108 2 2.311001
108 26 2.336589
108 40 2.357895
108 43 2.442260
108 16 2.512095
108 48 2.486944
108 27 2.556850
108 4 2.588798
108 23 2.579595
108 35 2.579987
108 37 2.604842
108 19 2.652631
108 18 2.664347
108 45 2.640376
108 49 2.636202
108 42 2.645516
108 15 2.722972
108 39 2.705977
108 36 2.775346
108 46 2.820641
108 34 2.892791
108 6 2.973851
108 22 3.039041
108 47 3.021213
108 38 3.078669
108 21 3.154226
108 50 3.137575
108 17 3.346603
109 44 0.874185
109 32 0.934636
109 29 0.983648
109 11 1.032893
109 9 1.135419
109 10 1.176455
109 0 1.203194
109 30 1.180372
109 8 1.275505
109 14 1.282307
109 31 1.272971
109 13 1.310523
109 12 1.342074
109 2 1.392229
109 28 1.585584
109 4 1.771353
109 1 1.789727
109 34 1.780800
109 33 1.782739
109 6 1.835827
109 37 1.847757
109 23 1.875426
109 22 1.878423
109 27 1.871381
109 5 1.939042
109 45 1.908942
109 49 1.940452
109 18 2.017646
109 21 2.041506
109 42 2.018110
109 7 2.077143
109 36 2.056892
109 26 2.111143
109 43 2.084497
109 46 2.088736
109 41 2.114358
109 40 2.123959
109 48 2.125973
109 39 2.144993
109 3 2.201224
109 25 2.198157
109 17 2.220484
109 19 2.227013
109 47 2.194408
109 35 2.211302
109 16 2.248270
109 15 2.251660
109 24 2.247160
109 38 2.241057
109 50 2.263832
109 20 2.429071
110 11 0.666429
110 14 0.758905
110 12 0.828310
110 9 0.973503
110 10 1.194915
110 44 1.285597
110 1 1.352571
110 33 1.318430
110 32 1.374879
110 31 1.404665
110 8 1.480844
110 13 1.497151
110 30 1.524354
110 29 1.545126
110 3 1.646235
110 5 1.667765
110 4 1.887115
110 45 1.858585
110 0 1.929062
110 28 1.922942
110 23 2.050560
110 26 2.073640
110 40 2.065024
110 24 2.102501
110 21 2.149691
110 43 2.130374
110 7 2.189938
110 27 2.189152
110 20 2.200935
110 39 2.195402
110 15 2.263539
110 36 2.236802
110 19 2.368112
110 16 2.384755
110 6 2.418998
110 49 2.381136
110 42 2.411779
110 47 2.418020
110 2 2.489427
110 35 2.467181
110 50 2.465406
110 17 2.541854
110 38 2.526361
110 34 2.540816
110 37 2.549054
110 48 2.531337
110 41 2.584049
110 18 2.628002
110 46 2.601469
110 25 2.647699
110 22 2.732422
111 28 0.604238
111 12 0.666655
111 9 0.691890
111 10 0.734300
111 32 0.782109
111 44 0.839116
111 33 0.873870
111 11 0.956997
111 30 0.960685
111 13 1.033836
111 31 1.031130
111 3 1.109037
111 5 1.125958
111 2 1.141058
111 29 1.114796
111 14 1.210552
111 21 1.301896
111 17 1.336640
111 15 1.349794
111 4 1.378914
111 8 1.391932
111 19 1.397968
111 47 1.383440
111 7 1.503009
111 18 1.562096
111 45 1.539536
111 43 1.552506
111 1 1.663733
111 34 1.636400
111 23 1.667909
111 38 1.690857
111 16 1.735964
111 39 1.712027
111 25 1.733245
111 36 1.781898
111 42 1.780572
111 49 1.798518
111 48 1.902592
111 22 1.951681
111 20 1.955713
111 24 1.995231
111 0 2.026467
111 6 2.060590
111 27 2.052393
111 35 2.050180
111 46 2.056598
111 50 2.105570
111 41 2.128428
111 26 2.159127
111 40 2.183816
111 37 2.224713
112 11 0.702477
112 13 0.747051
112 28 0.729467
112 8 0.754313
112 32 0.760098
112 14 0.784056
112 29 0.919840
112 33 0.928292
112 12 0.956071
112 9 0.959472
112 31 1.013782
112 10 1.056483
112 3 1.466684
112 6 1.513533
112 44 1.465465
112 45 1.542706
112 24 1.826135
112 30 1.819051
112 7 1.856431
112 0 1.862957
112 27 1.914776
112 36 1.903090
112 1 1.968538
112 19 1.952997
112 21 1.985021
112 42 1.992721
112 16 2.057562
112 39 2.027671
112 18 2.089626
112 15 2.093790
112 50 2.077858
112 38 2.120243
112 2 2.192686
112 4 2.192423
112 49 2.134472
112 43 2.144964
112 41 2.178833
112 23 2.206802
112 46 2.194388
112 47 2.193046
112 20 2.234799
112 5 2.269841
112 40 2.225940
112 35 2.261074
112 26 2.294501
112 25 2.310438
112 34 2.316499
112 17 2.365202
112 48 2.358342
112 22 2.397520
112 37 2.376463
113 10 0.597704
113 9 0.616224
113 31 0.595490
113 44 0.606772
113 8 0.670582
113 12 0.666921
113 14 0.667065
113 30 0.690401
113 29 0.746255
113 13 0.813010
113 32 0.831727
113 11 0.871058
113 28 0.882488
113 33 1.009266
113 0 1.229448
113 2 1.257952
113 1 1.361741
113 7 1.465607
113 45 1.513471
113 36 1.536759
113 21 1.583850
113 5 1.644303
113 3 1.655709
113 18 1.637734
113 15 1.656420
113 6 1.681486
113 49 1.665445
113 4 1.723178
113 42 1.710209
113 48 1.736639
113 34 1.756357
113 39 1.785731
113 35 1.812845
113 37 1.812091
113 43 1.804920
113 17 1.886331
113 40 1.869790
113 24 1.897830
113 16 1.934466
113 41 1.910743
113 50 1.921932
113 23 1.964362
113 26 1.977700
113 25 1.985620
113 46 1.964821
113 19 2.040704
113 47 2.028715
113 20 2.073376
113 38 2.075744
113 27 2.111266
113 22 2.124135
114 11 0.449863
114 13 0.511197
114 14 0.661175
114 31 0.660049
114 1 0.698910
114 28 0.682329
114 32 0.694105
114 9 0.822515
114 33 0.805763
114 29 0.845838
114 44 0.829258
114 8 0.918897
114 30 1.111896
114 12 1.239984
114 3 1.268130
114 7 1.347338
114 43 1.507689
114 16 1.570864
114 39 1.555306
114 10 1.618914
114 36 1.587464
114 5 1.627271
114 34 1.625729
114 24 1.700858
114 37 1.698119
114 19 1.734215
114 18 1.780753
114 15 1.796082
114 17 1.879816
114 0 1.923850
114 4 1.919983
114 48 1.896386
114 2 1.962338
114 41 1.989863
114 23 2.020064
114 50 2.001435
114 35 2.059425
114 45 2.160224
114 25 2.185193
114 40 2.176629
114 46 2.236226
114 21 2.271066
114 49 2.255546
114 26 2.281683
114 27 2.399392
114 47 2.387493
114 22 2.424174
114 20 2.454687
114 38 2.439131
114 6 2.525841
114 42 2.481493
115 8 0.533589
115 11 0.541747
115 12 0.695459
115 31 0.698111
115 10 0.742594
115 14 0.745741
115 0 0.757095
115 30 0.763162
115 36 0.757069
115 45 0.925001
115 3 0.978573
115 6 0.976821
115 28 0.953228
115 2 0.981184
115 44 0.931334
115 9 0.977448
115 4 0.982262
115 32 0.967382
115 29 0.990242
115 13 1.013064
115 5 1.042696
115 1 1.066975
115 33 1.064195
115 17 1.107423
115 18 1.163262
115 16 1.168918
115 25 1.268531
115 22 1.284775
115 23 1.316392
115 38 1.305931
115 24 1.339147
115 48 1.305455
115 21 1.378090
115 49 1.349255
115 26 1.381964
115 15 1.398100
115 19 1.405621
115 34 1.384012
115 50 1.402785
115 20 1.447694
115 42 1.415857
115 39 1.452846
115 27 1.471919
115 41 1.474601
115 43 1.473808
115 40 1.478674
115 47 1.470488
115 37 1.506172
115 46 1.494338
115 7 1.544836
115 35 1.541199
116 8 0.457798
116 12 0.475235
116 10 0.524543
116 14 0.540685
116 11 0.569199
116 44 0.599872
116 32 0.616471
116 30 0.786323
116 28 0.790476
116 9 0.815064
116 0 1.017350
116 1 1.124926
116 29 1.093272
116 31 1.147926
116 13 1.263178
116 7 1.294027
116 4 1.474414
116 47 1.423006
116 6 1.475860
116 18 1.465226
116 38 1.483998
116 2 1.528752
116 22 1.510554
116 43 1.503969
116 27 1.528113
116 3 1.635491
116 16 1.650514
116 37 1.642639
116 34 1.648148
116 33 1.652760
116 36 1.649587
116 41 1.728715
116 20 1.778874
116 25 1.857042
116 50 1.823405
116 49 1.864778
116 5 1.937755
116 40 1.895334
116 23 1.920851
116 48 1.897004
116 42 1.918959
116 26 1.941464
116 24 1.970786
116 15 2.013710
116 19 2.026310
116 46 2.062336
116 39 2.105826
116 17 2.150069
116 35 2.133876
116 21 2.157410
116 45 2.206188
117 14 0.498953
117 13 0.500367
117 10 0.503028
117 8 0.540003
117 28 0.667017
117 12 0.701083
117 9 0.703855
117 29 0.918677
117 31 0.972784
117 1 1.023421
117 0 1.038224
117 44 1.034244
117 6 1.102951
117 3 1.106014
117 2 1.113605
117 5 1.158763
117 11 1.155539
117 30 1.116721
117 4 1.226404
117 32 1.177507
117 7 1.225463
117 33 1.335587
117 34 1.336131
117 16 1.381581
117 27 1.353190
117 37 1.448139
117 15 1.521763
117 40 1.504030
117 24 1.576710
117 18 1.594848
117 41 1.583389
117 25 1.683059
117 47 1.657703
117 35 1.693342
117 22 1.727422
117 45 1.680821
117 49 1.776373
117 42 1.799032
117 50 1.775125
117 21 1.846697
117 46 1.791922
117 23 1.843269
117 43 1.800935
117 19 1.857422
117 26 1.837520
117 20 1.875704
117 17 1.909602
117 36 1.862764
117 39 1.859987
117 38 1.862994
117 48 1.856673
118 9 0.648005
118 8 0.652773
118 12 0.646950
118 14 0.704274
118 13 0.774500
118 10 0.806146
118 11 0.819960
118 0 0.974103
118 4 1.004679
118 1 1.007281
118 2 1.086282
118 28 1.009565
118 5 1.116633
118 31 1.072254
118 33 1.064845
118 7 1.168909
118 30 1.084905
118 32 1.107323
118 29 1.162674
118 6 1.264410
118 18 1.262278
118 3 1.302299
118 15 1.367370
118 44 0.578158
118 22 1.443914
118 16 1.488123
118 17 1.547286
118 25 1.530570
118 19 1.579499
118 35 1.277667
118 34 1.541666
118 21 1.663688
118 23 1.703247
118 20 1.739874
118 37 1.070870
118 24 1.724499
118 26 1.739236
118 27 1.828807
118 42 1.157024
118 36 1.240727
118 40 1.180249
118 41 1.170488
118 46 1.059886
118 39 1.217134
118 38 1.217957
118 50 1.059227
118 43 1.181110
118 47 1.140420
118 48 1.139950
118 49 1.159980
118 45 1.216707
119 13 0.477697
119 8 0.543728
119 30 0.534117
119 9 0.687574
119 12 0.762870
119 11 0.862572
119 48 0.882475
119 31 0.915251
119 33 0.947966
119 28 0.970641
119 39 0.998137
119 17 1.065232
119 19 1.064270
119 14 1.068995
119 0 1.079159
119 29 1.056471
119 44 1.124531
119 10 1.193662
119 25 1.198112
119 32 1.288924
119 3 1.408601
119 41 1.401289
119 4 1.449712
119 2 1.497045
119 38 1.484544
119 6 1.532416
119 7 1.538041
119 5 1.581157
119 46 1.543496
119 42 1.573480
119 1 1.618518
119 35 1.590159
119 15 1.634607
119 37 1.620407
119 34 1.677246
119 21 1.697776
119 40 1.685784
119 49 1.685307
119 45 1.697388
119 20 1.735045
119 18 1.751024
119 27 1.748473
119 24 1.759805
119 36 1.768155
119 23 1.788557
119 43 1.775594
119 16 1.809995
119 50 1.812630
119 22 1.883397
119 26 1.889452
119 47 1.906029
120 12 0.509038
120 44 0.605664
120 9 0.677659
120 11 0.675764
120 8 0.680100
120 10 0.679702
120 14 0.750766
120 28 0.829685
120 31 1.093157
120 30 1.369545
120 1 1.495997
120 29 1.564750
120 6 1.735727
120 17 1.724401
120 2 1.741769
120 32 1.700679
120 13 1.731941
120 33 1.765191
120 38 1.844393
120 48 1.847648
120 27 2.069984
120 36 2.053157
120 3 2.106694
120 37 2.056183
120 7 2.104620
120 46 2.037782
120 26 2.078897
120 19 2.092834
120 0 2.118047
120 5 2.184908
120 15 2.230909
120 4 2.275384
120 41 2.241562
120 42 2.363456
120 22 2.400363
120 49 2.348052
120 34 2.402208
120 39 2.413152
120 43 2.408808
120 24 2.444816
120 20 2.472203
120 25 2.482850
120 23 2.507407
120 45 2.463819
120 35 2.638103
120 16 2.671047
120 50 2.603726
120 40 2.628400
120 47 2.613180
120 18 2.670036
120 21 2.666417
