21 1 0.136440
21 2 0.135438
21 0 0.138674
21 3 0.146102
21 5 0.136126
21 4 0.150207
21 6 0.166038
21 7 0.148152
21 12 0.086504
21 11 0.089477
21 10 0.101869
21 8 0.127271
21 9 0.160557
21 13 0.147920
21 15 0.154758
21 33 0.177191
21 14 0.226578
21 47 0.185516
21 27 0.219698
21 45 0.188030
21 23 0.224011
21 43 0.193162
21 24 0.225177
21 32 0.222588
21 25 0.230465
21 49 0.192820
21 29 0.229220
21 39 0.212294
21 31 0.228684
21 40 0.211965
21 41 0.211153
21 17 0.247275
21 28 0.235659
21 18 0.247423
21 38 0.218953
21 44 0.208199
21 19 0.248060
21 34 0.234548
21 16 0.253036
21 21 0.246962
21 36 0.233706
21 42 0.218579
21 26 0.249822
21 20 0.257791
21 46 0.225272
21 30 0.255887
21 22 0.270839
21 37 0.255471
21 35 0.261628
21 50 0.233138
21 48 0.241907
22 0 0.135721
22 4 0.143809
22 8 0.155738
22 1 0.170521
22 2 0.173004
22 3 0.174236
22 6 0.175305
22 7 0.179402
22 5 0.220014
22 12 0.221381
22 14 0.244983
22 10 0.251530
22 11 0.259814
22 29 0.248262
22 32 0.247021
22 19 0.262390
22 18 0.264290
22 36 0.245018
22 16 0.267450
22 26 0.257389
22 20 0.264949
22 33 0.251031
22 40 0.244047
22 24 0.261735
22 44 0.237934
22 28 0.257749
22 42 0.243790
22 22 0.266721
22 47 0.233715
22 9 0.284652
22 41 0.253665
22 46 0.241653
22 30 0.265964
22 13 0.285298
22 39 0.258884
22 43 0.254981
22 49 0.245217
22 37 0.266309
22 50 0.246457
22 17 0.290152
22 31 0.276009
22 34 0.275792
22 48 0.256659
22 15 0.300326
22 21 0.296551
22 25 0.291752
22 27 0.289668
22 35 0.281048
22 23 0.295227
22 45 0.268881
22 38 0.284942
23 0 0.137403
23 3 0.139768
23 5 0.140436
23 2 0.151060
23 1 0.152030
23 4 0.156860
23 6 0.203601
23 7 0.210700
23 9 0.216725
23 13 0.214005
23 32 0.200729
23 30 0.210550
23 10 0.230069
23 12 0.232110
23 8 0.237600
23 14 0.238906
23 20 0.236169
23 15 0.241118
23 16 0.241208
23 44 0.214526
23 42 0.217532
23 29 0.229061
23 21 0.242376
23 11 0.251046
23 28 0.235385
23 50 0.216455
23 26 0.240380
23 39 0.230220
23 31 0.237296
23 33 0.236809
23 34 0.235983
23 27 0.242529
23 24 0.246741
23 36 0.235673
23 18 0.253694
23 25 0.246999
23 23 0.251366
23 46 0.228643
23 35 0.241109
23 45 0.232125
23 19 0.258594
23 17 0.260546
23 22 0.256432
23 41 0.238823
23 43 0.236267
23 37 0.243419
23 38 0.243800
23 47 0.233997
23 40 0.244326
23 48 0.234853
23 49 0.241022
24 1 0.132020
24 5 0.135950
24 0 0.139668
24 2 0.138533
24 4 0.139931
24 6 0.143904
24 3 0.192435
24 9 0.193950
24 20 0.203960
24 7 0.217299
24 33 0.199872
24 12 0.221075
24 48 0.186178
24 13 0.226175
24 14 0.225742
24 29 0.212432
24 39 0.202717
24 8 0.231307
24 11 0.229119
24 38 0.209300
24 28 0.221825
24 17 0.233185
24 15 0.235562
24 22 0.229840
24 25 0.227308
24 44 0.208230
24 27 0.226252
24 24 0.230758
24 31 0.225304
24 37 0.221060
24 46 0.211306
24 32 0.226613
24 41 0.218674
24 10 0.248980
24 42 0.220700
24 21 0.242384
24 30 0.233880
24 23 0.241811
24 26 0.239852
24 35 0.230447
24 50 0.215117
24 43 0.222046
24 19 0.247408
24 40 0.225848
24 34 0.233318
24 47 0.219912
24 45 0.222132
24 49 0.219280
24 18 0.253725
24 36 0.238313
24 16 0.259458
25 0 0.114389
25 6 0.120184
25 1 0.126581
25 5 0.128323
25 3 0.130034
25 4 0.139568
25 2 0.143923
25 11 0.194375
25 9 0.196788
25 13 0.221065
25 14 0.237631
25 32 0.220077
25 12 0.241598
25 33 0.224092
25 28 0.232560
25 7 0.255000
25 44 0.219552
25 29 0.235883
25 19 0.249624
25 34 0.235020
25 31 0.238670
25 10 0.259363
25 8 0.261722
25 21 0.251059
25 43 0.228226
25 18 0.255505
25 22 0.252829
25 15 0.259884
25 20 0.255196
25 17 0.258966
25 30 0.247692
25 45 0.232629
25 24 0.257523
25 42 0.238981
25 40 0.241709
25 39 0.243702
25 26 0.258172
25 38 0.246824
25 49 0.236183
25 16 0.273202
25 46 0.244082
25 48 0.242467
25 27 0.264372
25 23 0.270293
25 37 0.259125
25 50 0.246891
25 36 0.260941
25 47 0.250202
25 41 0.258510
25 25 0.275869
25 35 0.266086
26 3 0.089748
26 1 0.109189
26 0 0.113111
26 2 0.151412
26 5 0.159313
26 8 0.167497
26 7 0.196087
26 6 0.210035
26 9 0.227832
26 29 0.211305
26 12 0.227180
26 13 0.227865
26 21 0.226832
26 31 0.219802
26 23 0.227163
26 38 0.210079
26 19 0.234561
26 11 0.242284
26 22 0.233789
26 17 0.238602
26 46 0.208637
26 44 0.211502
26 20 0.237866
26 30 0.229788
26 48 0.209142
26 10 0.247314
26 25 0.236671
26 14 0.246628
26 34 0.226754
26 41 0.220545
26 24 0.240063
26 33 0.232107
26 32 0.233377
26 16 0.250323
26 39 0.227954
26 37 0.230234
26 35 0.232262
26 42 0.227345
26 28 0.244277
26 50 0.220693
26 4 0.265189
26 47 0.223936
26 27 0.246805
26 49 0.223869
26 26 0.249207
26 15 0.261251
26 40 0.238350
26 36 0.244330
26 43 0.237514
26 45 0.235093
26 18 0.271698
27 1 0.121128
27 2 0.120603
27 0 0.124864
27 3 0.123964
27 6 0.173019
27 4 0.175452
27 5 0.191658
27 7 0.212854
27 10 0.222620
27 14 0.222023
27 12 0.223976
27 19 0.224779
27 8 0.228403
27 38 0.202431
27 23 0.218634
27 42 0.195024
27 26 0.222714
27 47 0.204452
27 30 0.223834
27 20 0.233710
27 13 0.240287
27 33 0.223015
27 9 0.245338
27 18 0.238124
27 28 0.229859
27 50 0.205217
27 22 0.236300
27 27 0.232149
27 11 0.246756
27 37 0.223427
27 24 0.236427
27 34 0.227041
27 46 0.214473
27 31 0.231863
27 16 0.246068
27 36 0.228003
27 39 0.224706
27 32 0.233943
27 25 0.241151
27 21 0.245595
27 43 0.225919
27 48 0.222060
27 29 0.244032
27 44 0.227952
27 45 0.228310
27 17 0.259220
27 15 0.264449
27 49 0.229531
27 35 0.248135
27 40 0.242572
27 41 0.241936
28 1 0.124358
28 0 0.152620
28 3 0.153652
28 4 0.152804
28 5 0.158170
28 2 0.164765
28 7 0.142973
28 8 0.105393
28 9 0.088528
28 6 0.179784
28 10 0.094693
28 12 0.093784
28 13 0.106458
28 14 0.109515
28 11 0.126430
28 15 0.113605
28 16 0.206501
28 35 0.183931
28 24 0.204912
28 42 0.174266
28 26 0.200551
28 44 0.174171
28 38 0.187741
28 45 0.177828
28 30 0.195952
28 40 0.183687
28 37 0.193433
28 17 0.222846
28 47 0.186367
28 50 0.201665
28 21 0.244032
28 32 0.225977
28 36 0.222935
28 25 0.241619
28 18 0.251682
28 28 0.235279
28 41 0.217655
28 34 0.231642
28 49 0.214371
28 20 0.255228
28 31 0.236284
28 39 0.231344
28 27 0.245975
28 33 0.237148
28 22 0.256913
28 46 0.222941
28 48 0.224337
28 43 0.229404
28 19 0.266761
28 29 0.251113
28 23 0.274151
29 0 0.149485
29 8 0.176812
29 2 0.182649
29 4 0.190405
29 1 0.196245
29 5 0.216479
29 3 0.218939
29 6 0.224872
29 14 0.244734
29 13 0.254885
29 29 0.249553
29 11 0.297381
29 31 0.272397
29 15 0.293862
29 20 0.288628
29 23 0.285863
29 26 0.283018
29 9 0.301708
29 10 0.300662
29 33 0.272886
29 7 0.304543
29 24 0.288681
29 18 0.295232
29 16 0.299072
29 19 0.296406
29 12 0.304570
29 25 0.295077
29 32 0.285126
29 45 0.271641
29 30 0.290315
29 37 0.282156
29 27 0.297384
29 22 0.303597
29 28 0.302800
29 17 0.316175
29 43 0.287069
29 47 0.287775
29 39 0.300368
29 44 0.295396
29 49 0.290256
29 35 0.308281
29 40 0.308106
29 46 0.304975
29 41 0.312153
29 34 0.319572
29 36 0.320411
29 38 0.320477
29 42 0.316894
29 48 0.310298
29 21 0.343771
29 50 0.312001
30 0 0.146663
30 4 0.151117
30 1 0.157804
30 3 0.160546
30 6 0.158876
30 2 0.164584
30 8 0.213391
30 9 0.233528
30 7 0.237490
30 12 0.250031
30 21 0.256692
30 29 0.247734
30 11 0.266658
30 31 0.246524
30 13 0.265789
30 5 0.272417
30 19 0.260586
30 16 0.270548
30 10 0.277023
30 33 0.255430
30 26 0.264521
30 14 0.277695
30 24 0.269523
30 20 0.273880
30 25 0.269873
30 27 0.269162
30 47 0.249004
30 30 0.267081
30 38 0.260301
30 28 0.273400
30 15 0.286638
30 23 0.279009
30 41 0.261296
30 37 0.265247
30 17 0.286234
30 32 0.270587
30 35 0.267860
30 43 0.262614
30 45 0.259089
30 44 0.261653
30 48 0.257910
30 18 0.289386
30 39 0.269093
30 50 0.257071
30 22 0.288744
30 40 0.273446
30 42 0.272706
30 34 0.281447
30 46 0.269882
30 49 0.268061
30 36 0.285853
31 8 0.139104
31 3 0.162489
31 0 0.176593
31 2 0.183983
31 1 0.185148
31 4 0.189856
31 9 0.205618
31 10 0.208411
31 6 0.230733
31 19 0.241552
31 17 0.253933
31 14 0.256540
31 44 0.228562
31 13 0.260884
31 12 0.261656
31 5 0.268459
31 30 0.249909
31 50 0.230397
31 21 0.259150
31 42 0.239723
31 32 0.250117
31 23 0.258776
31 46 0.236435
31 25 0.258690
31 33 0.253902
31 22 0.264996
31 38 0.250354
31 26 0.262231
31 31 0.258341
31 11 0.275289
31 20 0.269059
31 27 0.263382
31 41 0.258463
31 47 0.251842
31 34 0.266183
31 15 0.289351
31 29 0.278234
31 28 0.279573
31 18 0.289486
31 16 0.292467
31 37 0.274616
31 35 0.276522
31 24 0.286854
31 7 0.304411
31 39 0.278032
31 43 0.277260
31 45 0.277646
31 36 0.288853
31 49 0.275041
31 48 0.280843
31 40 0.294441
32 9 0.126631
32 0 0.146476
32 4 0.163242
32 3 0.165706
32 2 0.167498
32 1 0.169216
32 8 0.199503
32 11 0.228627
32 7 0.231899
32 30 0.224793
32 12 0.259831
32 28 0.252509
32 13 0.267789
32 5 0.275739
32 32 0.254047
32 37 0.249793
32 14 0.273391
32 29 0.260238
32 39 0.253076
32 33 0.259943
32 22 0.272691
32 10 0.283334
32 36 0.261089
32 19 0.279332
32 21 0.278054
32 31 0.268431
32 43 0.257898
32 16 0.284599
32 38 0.265375
32 35 0.271304
32 17 0.291286
32 24 0.285404
32 25 0.284826
32 15 0.295348
32 40 0.274189
32 42 0.271786
32 44 0.270316
32 45 0.271036
32 41 0.280390
32 20 0.306339
32 18 0.309699
32 6 0.323027
32 47 0.288368
32 27 0.309783
32 34 0.306795
32 26 0.317581
32 50 0.292070
32 23 0.322562
32 46 0.300287
32 49 0.297431
32 48 0.303203
33 2 0.164786
33 0 0.182484
33 1 0.200167
33 5 0.200086
33 3 0.212630
33 4 0.213413
33 32 0.242527
33 7 0.271266
33 29 0.245891
33 33 0.242725
33 13 0.267057
33 11 0.268936
33 44 0.252188
33 9 0.292267
33 15 0.287859
33 18 0.287052
33 22 0.288756
33 27 0.295950
33 17 0.313556
33 45 0.281056
33 19 0.314778
33 41 0.289489
33 16 0.322165
33 25 0.310258
33 39 0.296651
33 8 0.332376
33 49 0.286393
33 31 0.309549
33 6 0.339582
33 28 0.314356
33 37 0.307738
33 30 0.314878
33 10 0.338912
33 12 0.338358
33 36 0.310758
33 14 0.343067
33 26 0.329307
33 35 0.320687
33 47 0.311103
33 34 0.325832
33 23 0.345915
33 21 0.347824
33 24 0.345718
33 43 0.340172
33 38 0.349978
33 46 0.344913
33 20 0.375667
33 40 0.357168
33 42 0.355299
33 48 0.348739
33 50 0.352101
34 0 0.154212
34 3 0.152272
34 1 0.160299
34 5 0.159139
34 4 0.161791
34 2 0.168162
34 9 0.202236
34 34 0.289902
34 30 0.294452
34 16 0.309079
34 37 0.287573
34 42 0.282963
34 45 0.279333
34 31 0.296622
34 24 0.304660
34 44 0.282138
34 47 0.278709
34 13 0.314914
34 33 0.296233
34 25 0.305467
34 18 0.313036
34 35 0.295028
34 26 0.306883
34 15 0.317088
34 22 0.310803
34 11 0.320431
34 8 0.323138
34 49 0.281807
34 50 0.280967
34 48 0.283364
34 21 0.314022
34 32 0.303053
34 10 0.323637
34 40 0.293593
34 41 0.292830
34 28 0.308768
34 6 0.327583
34 17 0.319513
34 46 0.287220
34 29 0.307947
34 7 0.327921
34 43 0.292063
34 27 0.311472
34 12 0.324331
34 39 0.297470
34 20 0.318120
34 14 0.323522
34 36 0.301725
34 19 0.319810
34 38 0.299254
34 23 0.316086
35 0 0.190475
35 3 0.204775
35 5 0.206201
35 1 0.211934
35 2 0.220108
35 4 0.221309
35 8 0.239481
35 11 0.247454
35 14 0.249620
35 13 0.250567
35 32 0.234041
35 12 0.261791
35 6 0.270146
35 44 0.240074
35 10 0.274003
35 7 0.279741
35 30 0.281094
35 29 0.284237
35 42 0.274564
35 19 0.297653
35 35 0.280974
35 38 0.278817
35 28 0.289394
35 15 0.303458
35 17 0.302315
35 33 0.285787
35 9 0.313610
35 31 0.294880
35 50 0.279217
35 20 0.310852
35 24 0.307232
35 22 0.309768
35 41 0.294405
35 26 0.309910
35 23 0.316020
35 45 0.300998
35 18 0.331369
35 34 0.315071
35 21 0.334751
35 48 0.313043
35 16 0.346839
35 36 0.328559
35 47 0.317102
35 40 0.325775
35 46 0.318827
35 27 0.339597
35 39 0.330189
35 25 0.347212
35 37 0.346098
35 49 0.336301
35 43 0.352936
36 0 0.114312
36 1 0.119714
36 2 0.181017
36 3 0.197013
36 4 0.187967
36 8 0.112628
36 9 0.104004
36 6 0.138453
36 10 0.102945
36 5 0.153721
36 12 0.093339
36 7 0.156013
36 14 0.099719
36 13 0.103659
36 11 0.118543
36 15 0.134324
36 16 0.148512
36 19 0.108928
36 18 0.141279
36 21 0.123474
36 17 0.157906
36 22 0.128883
36 20 0.139943
36 23 0.119538
36 27 0.124079
36 32 0.152609
36 30 0.163289
36 26 0.198165
36 44 0.150152
36 46 0.137868
36 31 0.211988
36 28 0.220674
36 34 0.212096
36 29 0.222702
36 40 0.194377
36 24 0.233789
36 25 0.233737
36 42 0.192228
36 37 0.217352
36 35 0.225436
36 47 0.166495
36 33 0.230324
36 38 0.225025
36 43 0.198992
36 50 0.172253
36 36 0.241971
36 49 0.182390
36 45 0.202219
36 48 0.195578
36 41 0.236754
36 39 0.255132
37 1 0.191417
37 8 0.189744
37 0 0.199311
37 4 0.199999
37 13 0.209288
37 3 0.227354
37 2 0.232379
37 11 0.232428
37 12 0.234015
37 10 0.243989
37 9 0.265697
37 5 0.272193
37 7 0.308369
37 30 0.274080
37 26 0.278734
37 46 0.261362
37 44 0.258215
37 28 0.286499
37 32 0.283674
37 37 0.277556
37 25 0.296048
37 15 0.324840
37 6 0.336454
37 17 0.325403
37 27 0.313239
37 48 0.296633
37 14 0.348102
37 23 0.333378
37 38 0.312533
37 31 0.322029
37 39 0.314642
37 21 0.344529
37 34 0.330318
37 50 0.311777
37 33 0.332129
37 29 0.336677
37 42 0.324827
37 35 0.339046
37 36 0.338208
37 40 0.334671
37 45 0.333477
37 24 0.361358
37 20 0.368364
37 19 0.378344
37 47 0.347137
37 16 0.390260
37 43 0.357883
37 49 0.361792
37 22 0.402063
37 18 0.406313
37 41 0.389712
38 3 0.179475
38 0 0.205271
38 5 0.210309
38 2 0.215997
38 4 0.222191
38 11 0.235410
38 10 0.250875
38 9 0.256752
38 8 0.263291
38 32 0.246405
38 1 0.272980
38 12 0.265156
38 14 0.266483
38 13 0.268921
38 44 0.246750
38 28 0.265632
38 33 0.294430
38 30 0.302841
38 18 0.315314
38 31 0.310618
38 15 0.326520
38 29 0.314158
38 6 0.337047
38 40 0.307128
38 43 0.304122
38 34 0.318902
38 21 0.337479
38 16 0.348129
38 25 0.339635
38 20 0.349460
38 36 0.335251
38 7 0.362611
38 48 0.325777
38 38 0.341705
38 22 0.358749
38 46 0.340076
38 23 0.366414
38 24 0.366394
38 42 0.348381
38 26 0.368788
38 50 0.344573
38 39 0.362161
38 17 0.387526
38 27 0.379108
38 47 0.357284
38 45 0.360247
38 49 0.357860
38 35 0.379395
38 37 0.378873
38 41 0.376768
38 19 0.409051
39 5 0.176064
39 0 0.184826
39 3 0.191784
39 4 0.245701
39 2 0.248810
39 13 0.255258
39 14 0.256655
39 8 0.263582
39 6 0.266014
39 10 0.263386
39 11 0.265561
39 39 0.242933
39 20 0.267273
39 12 0.280792
39 32 0.267928
39 21 0.281657
39 33 0.269740
39 28 0.277274
39 1 0.302731
39 19 0.289364
39 17 0.294365
39 9 0.303416
39 31 0.285343
39 44 0.276293
39 48 0.276599
39 18 0.315183
39 29 0.304339
39 30 0.304766
39 26 0.317019
39 24 0.321671
39 41 0.307501
39 46 0.303978
39 15 0.339565
39 40 0.320356
39 22 0.342174
39 37 0.328387
39 45 0.323746
39 25 0.345155
39 7 0.361510
39 49 0.319843
39 50 0.318994
39 23 0.349450
39 42 0.329441
39 36 0.336831
39 43 0.332955
39 35 0.342460
39 27 0.360512
39 16 0.372979
39 34 0.356756
39 38 0.354050
39 47 0.354980
40 6 0.137400
40 5 0.166956
40 0 0.171046
40 4 0.189448
40 1 0.204706
40 2 0.211411
40 8 0.243099
40 10 0.249888
40 9 0.252823
40 19 0.248799
40 17 0.251083
40 21 0.249854
40 11 0.260328
40 14 0.265159
40 12 0.266984
40 3 0.275713
40 31 0.253034
40 29 0.261674
40 13 0.283499
40 44 0.255902
40 38 0.268620
40 16 0.290446
40 23 0.286269
40 7 0.302349
40 32 0.280491
40 33 0.281586
40 34 0.281800
40 18 0.299155
40 22 0.303784
40 28 0.298807
40 26 0.307953
40 25 0.311669
40 37 0.300429
40 30 0.309241
40 43 0.299705
40 41 0.302109
40 46 0.302651
40 24 0.328145
40 47 0.307467
40 50 0.308190
40 20 0.340880
40 35 0.328556
40 40 0.325212
40 48 0.318710
40 49 0.319179
40 45 0.326836
40 36 0.335074
40 39 0.334501
40 42 0.337445
40 27 0.356157
40 15 0.371171
41 5 0.216763
41 3 0.235785
41 0 0.246577
41 1 0.254289
41 9 0.273823
41 6 0.276346
41 44 0.238537
41 10 0.292334
41 8 0.335703
41 12 0.335144
41 4 0.342335
41 2 0.344217
41 18 0.330207
41 28 0.319203
41 32 0.316620
41 30 0.319221
41 14 0.338125
41 33 0.317098
41 11 0.342023
41 29 0.335579
41 46 0.321090
41 40 0.341438
41 48 0.333155
41 38 0.344597
41 7 0.378165
41 42 0.343068
41 21 0.371935
41 39 0.362585
41 36 0.367712
41 19 0.387360
41 13 0.394789
41 26 0.382704
41 35 0.374440
41 31 0.378617
41 50 0.362432
41 16 0.406737
41 25 0.400202
41 15 0.413280
41 45 0.384634
41 22 0.419776
41 20 0.426526
41 43 0.406075
41 17 0.436514
41 37 0.419076
41 24 0.437583
41 41 0.422578
41 47 0.419855
41 34 0.442612
41 49 0.428239
41 23 0.460164
41 27 0.458371
42 2 0.209247
42 0 0.214964
42 4 0.222496
42 3 0.227073
42 13 0.250081
42 5 0.255913
42 29 0.245634
42 10 0.268919
42 30 0.260604
42 34 0.258662
42 12 0.282876
42 32 0.264276
42 23 0.276985
42 11 0.291529
42 8 0.294550
42 17 0.288677
42 20 0.287246
42 7 0.312057
42 28 0.295962
42 44 0.278562
42 39 0.283936
42 9 0.316174
42 24 0.314985
42 49 0.291188
42 35 0.306833
42 33 0.310371
42 14 0.329691
42 41 0.302207
42 31 0.313962
42 40 0.311308
42 16 0.344437
42 18 0.345382
42 6 0.359232
42 37 0.338383
42 46 0.332426
42 43 0.339057
42 42 0.341403
42 1 0.382749
42 48 0.338118
42 21 0.368980
42 15 0.374020
42 22 0.367516
42 26 0.371144
42 27 0.372946
42 25 0.375666
42 50 0.358256
42 19 0.392683
42 47 0.363652
42 45 0.367171
42 38 0.375254
42 36 0.378519
43 5 0.206231
43 3 0.219353
43 2 0.270247
43 1 0.307650
43 11 0.300659
43 31 0.281476
43 33 0.281278
43 28 0.290348
43 30 0.289524
43 8 0.318168
43 9 0.332242
43 29 0.324234
43 13 0.342155
43 12 0.347058
43 44 0.315194
43 39 0.335504
43 10 0.365899
43 21 0.364944
43 15 0.375213
43 32 0.358369
43 17 0.374807
43 19 0.373753
43 7 0.391848
43 47 0.350969
43 4 0.399393
43 0 0.402435
43 6 0.399357
43 14 0.398655
43 23 0.394394
43 45 0.369732
43 22 0.419353
43 25 0.427330
43 41 0.412043
43 43 0.410913
43 18 0.442283
43 35 0.429806
43 38 0.427175
43 20 0.450756
43 42 0.425420
43 49 0.417852
43 37 0.434388
43 48 0.425391
43 34 0.444060
43 36 0.443659
43 50 0.431281
43 46 0.439741
43 27 0.471679
43 26 0.476240
43 16 0.488183
43 40 0.467258
43 24 0.523510
44 9 0.260371
44 4 0.288027
44 11 0.282478
44 31 0.262880
44 13 0.285634
44 33 0.296276
44 3 0.340907
44 1 0.342377
44 29 0.323241
44 28 0.340229
44 5 0.368506
44 14 0.360865
44 10 0.366308
44 12 0.378442
44 32 0.360463
44 0 0.413381
44 15 0.433033
44 40 0.409391
44 44 0.405233
44 30 0.429998
44 17 0.444928
44 8 0.473400
44 25 0.467405
44 37 0.456356
44 2 0.497376
44 36 0.464536
44 23 0.488081
44 50 0.457597
44 7 0.506455
44 43 0.475089
44 47 0.476787
44 45 0.484443
44 16 0.528653
44 6 0.542533
44 18 0.535128
44 39 0.520919
44 42 0.522274
44 34 0.534988
44 21 0.548841
44 49 0.519382
44 20 0.583925
44 26 0.581579
44 46 0.561062
44 48 0.559819
44 27 0.585532
44 35 0.590967
44 19 0.611859
44 38 0.592345
44 22 0.614835
44 41 0.594503
44 24 0.628199
45 9 0.202155
45 8 0.241458
45 10 0.202033
45 1 0.278389
45 11 0.157073
45 2 0.298550
45 0 0.321940
45 4 0.321870
45 3 0.325296
45 13 0.144459
45 5 0.352123
45 12 0.211792
45 14 0.161814
45 6 0.398448
45 33 0.150973
45 29 0.160905
45 7 0.482769
45 17 0.314065
45 30 0.216927
45 31 0.216679
45 15 0.334629
45 28 0.273263
45 23 0.312465
45 32 0.264217
45 22 0.346223
45 25 0.302697
45 19 0.365565
45 16 0.383164
45 18 0.406009
45 27 0.331854
45 37 0.291752
45 21 0.394591
45 35 0.312833
45 20 0.402380
45 44 0.206834
45 39 0.333079
45 41 0.314923
45 34 0.382309
45 24 0.450347
45 46 0.266946
45 26 0.448057
45 40 0.386542
45 38 0.393870
45 48 0.264004
45 45 0.290255
45 47 0.300844
45 43 0.313610
45 36 0.446308
45 50 0.284342
45 42 0.354307
45 49 0.318003
46 4 0.311104
46 12 0.305014
46 8 0.308426
46 0 0.321749
46 2 0.321272
46 5 0.322558
46 14 0.316160
46 30 0.304207
46 28 0.314073
46 31 0.339438
46 6 0.366132
46 32 0.353276
46 41 0.343990
46 10 0.398919
46 13 0.407723
46 40 0.378881
46 3 0.420822
46 7 0.421239
46 9 0.432918
46 33 0.410919
46 1 0.444076
46 11 0.436696
46 20 0.427763
46 44 0.400435
46 42 0.407882
46 29 0.425825
46 47 0.413167
46 45 0.424447
46 48 0.423926
46 37 0.446612
46 18 0.474618
46 16 0.486867
46 27 0.477677
46 38 0.468623
46 49 0.471676
46 46 0.484772
46 19 0.524835
46 50 0.491443
46 22 0.526056
46 21 0.536795
46 24 0.536509
46 34 0.527266
46 35 0.528844
46 36 0.526935
46 43 0.521737
46 26 0.545276
46 23 0.548854
46 15 0.580496
46 25 0.572782
46 17 0.589297
46 39 0.567730
47 1 0.309838
47 9 0.301767
47 3 0.342834
47 11 0.331696
47 8 0.339738
47 2 0.350652
47 10 0.338884
47 4 0.348904
47 12 0.341855
47 7 0.348813
47 31 0.313107
47 28 0.328217
47 30 0.326416
47 13 0.352388
47 44 0.306296
47 14 0.358386
47 5 0.385387
47 6 0.398637
47 33 0.358362
47 39 0.370222
47 27 0.390401
47 41 0.369814
47 25 0.394320
47 0 0.435096
47 29 0.402156
47 22 0.413015
47 32 0.400936
47 35 0.410092
47 17 0.442127
47 21 0.450539
47 45 0.420502
47 47 0.425718
47 48 0.426178
47 23 0.466517
47 37 0.453813
47 46 0.447423
47 43 0.456227
47 15 0.505819
47 24 0.493357
47 26 0.500677
47 19 0.517954
47 34 0.501414
47 18 0.540003
47 36 0.521762
47 16 0.560363
47 20 0.554612
47 49 0.517651
47 40 0.538937
47 38 0.541379
47 42 0.549393
47 50 0.561416
48 4 0.207960
48 3 0.211395
48 8 0.291059
48 9 0.298911
48 7 0.300675
48 1 0.305321
48 30 0.295665
48 0 0.334401
48 33 0.310668
48 2 0.343090
48 44 0.346519
48 11 0.384525
48 5 0.392513
48 10 0.389300
48 13 0.414379
48 32 0.412819
48 29 0.424253
48 12 0.468877
48 31 0.458949
48 15 0.477409
48 26 0.484325
48 25 0.489332
48 40 0.479557
48 24 0.499029
48 14 0.512670
48 16 0.511823
48 28 0.500275
48 42 0.502473
48 6 0.538576
48 37 0.524275
48 36 0.529628
48 19 0.550067
48 18 0.553697
48 50 0.522426
48 45 0.529877
48 17 0.562399
48 41 0.547510
48 47 0.547390
48 20 0.583927
48 22 0.592521
48 49 0.566492
48 35 0.583267
48 27 0.593071
48 23 0.603708
48 43 0.582186
48 48 0.580975
48 34 0.605781
48 21 0.624200
48 38 0.613174
48 39 0.647076
48 46 0.649795
49 2 0.257769
49 8 0.253993
49 10 0.257482
49 9 0.259774
49 30 0.268091
49 12 0.283870
49 14 0.282736
49 13 0.297514
49 0 0.307963
49 44 0.273572
49 1 0.338225
49 3 0.340423
49 32 0.326081
49 33 0.337988
49 4 0.377083
49 29 0.370656
49 5 0.393617
49 28 0.376019
49 11 0.454156
49 18 0.450381
49 6 0.464371
49 31 0.444637
49 7 0.465679
49 35 0.470048
49 16 0.492722
49 34 0.482033
49 23 0.497306
49 36 0.490601
49 15 0.511566
49 20 0.523159
49 24 0.522465
49 40 0.504287
49 38 0.509991
49 42 0.509035
49 41 0.510734
49 26 0.535910
49 25 0.539722
49 17 0.551610
49 48 0.523906
49 50 0.522947
49 46 0.531061
49 43 0.535949
49 39 0.551771
49 19 0.576584
49 49 0.552227
49 47 0.556554
49 45 0.564905
49 21 0.594888
49 27 0.589221
49 22 0.601100
49 37 0.594864
50 9 0.272437
50 5 0.275228
50 8 0.273798
50 3 0.290051
50 14 0.310006
50 13 0.311101
50 32 0.296906
50 30 0.318916
50 0 0.359870
50 11 0.360045
50 31 0.354722
50 12 0.377099
50 7 0.404077
50 2 0.413294
50 29 0.395072
50 1 0.430148
50 10 0.429460
50 4 0.444465
50 44 0.426926
50 33 0.451145
50 28 0.457028
50 15 0.476841
50 21 0.488954
50 6 0.507616
50 19 0.502280
50 35 0.499069
50 27 0.530834
50 34 0.523660
50 45 0.518862
50 17 0.561388
50 18 0.561365
50 41 0.538495
50 20 0.574078
50 37 0.561701
50 40 0.566119
50 39 0.569358
50 22 0.589206
50 24 0.590162
50 23 0.597457
50 49 0.570659
50 26 0.599189
50 16 0.613654
50 43 0.591772
50 48 0.586696
50 36 0.603173
50 50 0.590921
50 38 0.605677
50 25 0.639100
50 46 0.628090
50 47 0.629610
50 42 0.635433
51 5 0.265191
51 9 0.280623
51 14 0.282205
51 10 0.285140
51 11 0.287087
51 12 0.291338
51 29 0.291730
51 8 0.311819
51 32 0.291413
51 28 0.301368
51 3 0.323778
51 13 0.347679
51 4 0.364635
51 2 0.370960
51 44 0.348275
51 0 0.412580
51 33 0.412587
51 35 0.482766
51 6 0.509578
51 31 0.503260
51 16 0.524171
51 30 0.509899
51 46 0.499028
51 37 0.516387
51 19 0.535504
51 1 0.550485
51 23 0.539498
51 25 0.537999
51 22 0.557407
51 26 0.554884
51 18 0.570167
51 42 0.553098
51 43 0.552636
51 45 0.558039
51 48 0.562310
51 40 0.574914
51 39 0.584232
51 21 0.607776
51 36 0.592439
51 7 0.621893
51 24 0.607585
51 20 0.613060
51 38 0.601885
51 49 0.590005
51 50 0.591880
51 15 0.635368
51 47 0.631832
51 34 0.658799
51 27 0.674247
51 17 0.687993
51 41 0.686893
52 4 0.202411
52 3 0.250852
52 1 0.258839
52 0 0.264511
52 10 0.262462
52 14 0.264582
52 5 0.299333
52 28 0.277586
52 11 0.295014
52 6 0.299372
52 12 0.294938
52 30 0.279849
52 44 0.263215
52 32 0.309168
52 8 0.333180
52 2 0.339494
52 13 0.336828
52 31 0.323000
52 7 0.368096
52 29 0.347133
52 9 0.379881
52 27 0.373877
52 33 0.383341
52 42 0.385792
52 17 0.431295
52 22 0.432282
52 24 0.435884
52 50 0.411986
52 37 0.431083
52 20 0.464046
52 26 0.463909
52 25 0.465589
52 15 0.495652
52 16 0.498801
52 38 0.473707
52 47 0.465928
52 40 0.475356
52 36 0.488044
52 35 0.493003
52 18 0.517746
52 34 0.508671
52 48 0.495735
52 43 0.502692
52 46 0.501991
52 41 0.523822
52 23 0.549843
52 49 0.517908
52 39 0.535620
52 45 0.529738
52 19 0.568635
52 21 0.587007
53 9 0.236039
53 14 0.323071
53 11 0.325583
53 44 0.298772
53 12 0.340977
53 3 0.350066
53 8 0.361313
53 13 0.361562
53 33 0.363082
53 28 0.379724
53 31 0.377889
53 1 0.409090
53 29 0.413832
53 15 0.484972
53 17 0.482237
53 5 0.513489
53 49 0.466489
53 27 0.497710
53 6 0.529084
53 30 0.515949
53 10 0.540243
53 50 0.494281
53 43 0.502554
53 40 0.527900
53 41 0.538557
53 16 0.577061
53 32 0.567726
53 0 0.603832
53 35 0.571401
53 20 0.590621
53 36 0.575384
53 4 0.616671
53 42 0.576689
53 2 0.629869
53 23 0.614213
53 21 0.623482
53 45 0.596067
53 19 0.628904
53 26 0.622036
53 25 0.624747
53 34 0.625456
53 37 0.624308
53 7 0.660884
53 22 0.647542
53 46 0.621054
53 24 0.663482
53 39 0.645978
53 18 0.683554
53 48 0.654306
53 38 0.673747
53 47 0.704226
54 9 0.266820
54 8 0.300707
54 2 0.322362
54 10 0.201620
54 1 0.356219
54 12 0.187565
54 0 0.370382
54 3 0.366248
54 11 0.220264
54 13 0.202753
54 14 0.186700
54 4 0.438250
54 6 0.439686
54 5 0.503051
54 7 0.522411
54 28 0.219201
54 32 0.216048
54 15 0.336041
54 17 0.329496
54 30 0.263368
54 31 0.261993
54 20 0.327021
54 29 0.293465
54 16 0.388562
54 19 0.362563
54 33 0.303834
54 18 0.381464
54 25 0.352738
54 44 0.200273
54 27 0.362178
54 21 0.391477
54 22 0.392043
54 23 0.418018
54 26 0.403211
54 34 0.418802
54 42 0.382085
54 40 0.428511
54 37 0.456206
54 35 0.469228
54 38 0.454755
54 39 0.455474
54 36 0.497802
54 43 0.455007
54 24 0.534453
54 48 0.334231
54 41 0.481976
54 46 0.351884
54 50 0.339771
54 49 0.345101
54 45 0.390193
54 47 0.381660
55 11 0.167420
55 0 0.327743
55 1 0.326330
55 9 0.184731
55 10 0.183626
55 8 0.191660
55 2 0.319670
55 12 0.258747
55 14 0.254015
55 13 0.260547
55 4 0.366024
55 6 0.368089
55 5 0.382164
55 7 0.396971
55 32 0.179504
55 3 0.491275
55 16 0.393175
55 17 0.404229
55 30 0.242979
55 29 0.249858
55 31 0.236640
55 22 0.356806
55 28 0.311843
55 18 0.486133
55 15 0.501045
55 19 0.497301
55 38 0.237482
55 26 0.360875
55 20 0.499912
55 27 0.340541
55 44 0.180476
55 24 0.376038
55 21 0.517694
55 23 0.419494
55 35 0.305628
55 34 0.341779
55 33 0.343315
55 25 0.458992
55 36 0.349613
55 43 0.313527
55 47 0.281185
55 37 0.424693
55 42 0.394919
55 40 0.412662
55 45 0.364859
55 48 0.349186
55 46 0.354370
55 50 0.316851
55 41 0.442468
55 39 0.472489
55 49 0.341580
56 11 0.145088
56 3 0.224626
56 1 0.261459
56 9 0.239846
56 10 0.227200
56 0 0.296172
56 8 0.263980
56 4 0.291849
56 5 0.285060
56 12 0.227859
56 13 0.227770
56 14 0.225356
56 20 0.174462
56 2 0.316726
56 6 0.319182
56 7 0.360661
56 17 0.305011
56 15 0.311934
56 19 0.315003
56 25 0.230639
56 21 0.364632
56 26 0.263992
56 22 0.356510
56 27 0.237141
56 31 0.217226
56 32 0.216938
56 23 0.323604
56 28 0.241209
56 24 0.328317
56 30 0.243675
56 18 0.419110
56 29 0.247063
56 33 0.272931
56 44 0.269849
56 34 0.291586
56 16 0.488058
56 41 0.324372
56 49 0.312071
56 35 0.347573
56 47 0.331890
56 37 0.353780
56 38 0.360080
56 43 0.352277
56 46 0.359341
56 39 0.387059
56 42 0.393982
56 45 0.402185
56 50 0.397227
56 40 0.421295
56 48 0.431318
56 36 0.458334
57 9 0.298813
57 12 0.316902
57 14 0.324794
57 8 0.334681
57 10 0.336632
57 32 0.313375
57 11 0.348431
57 28 0.338351
57 1 0.388165
57 44 0.356275
57 33 0.395098
57 30 0.398139
57 3 0.427709
57 18 0.449686
57 16 0.472737
57 2 0.488839
57 34 0.489677
57 24 0.515810
57 29 0.532482
57 0 0.565461
57 31 0.556646
57 13 0.582675
57 4 0.590351
57 42 0.563507
57 19 0.629889
57 6 0.652688
57 25 0.643734
57 40 0.630316
57 27 0.645665
57 50 0.623313
57 46 0.633706
57 47 0.635449
57 38 0.648778
57 26 0.671513
57 22 0.694934
57 45 0.668961
57 36 0.683150
57 35 0.688147
57 15 0.714663
57 39 0.690042
57 43 0.689792
57 21 0.719126
57 17 0.725860
57 5 0.734029
57 7 0.762928
57 41 0.729230
57 49 0.741030
57 23 0.785705
57 48 0.761881
57 20 0.804073
57 37 0.785881
58 9 0.187529
58 8 0.318590
58 3 0.327657
58 13 0.329756
58 11 0.335668
58 2 0.383581
58 4 0.396242
58 10 0.396793
58 7 0.474395
58 14 0.483983
58 32 0.465822
58 12 0.497828
58 28 0.505703
58 5 0.555009
58 31 0.527565
58 16 0.546644
58 29 0.539951
58 33 0.548882
58 15 0.571280
58 6 0.585232
58 1 0.591069
58 0 0.620767
58 18 0.634566
58 21 0.639270
58 30 0.632787
58 44 0.615087
58 47 0.621251
58 23 0.654332
58 19 0.720845
58 46 0.691824
58 43 0.717665
58 25 0.747733
58 45 0.724461
58 24 0.758960
58 40 0.738658
58 27 0.768941
58 36 0.763606
58 49 0.747682
58 35 0.769345
58 38 0.776627
58 48 0.770400
58 41 0.794067
58 50 0.789729
58 22 0.830248
58 39 0.821440
58 34 0.834373
58 20 0.856465
58 37 0.848717
58 26 0.871136
58 17 0.884563
58 42 0.861001
59 8 0.373543
59 12 0.396490
59 30 0.366853
59 10 0.400609
59 0 0.412532
59 32 0.369438
59 2 0.412246
59 4 0.412566
59 3 0.413475
59 28 0.386461
59 1 0.438680
59 18 0.424648
59 16 0.427776
59 17 0.438409
59 14 0.444699
59 44 0.395752
59 13 0.457467
59 9 0.480208
59 34 0.446626
59 31 0.492567
59 6 0.546739
59 29 0.518188
59 33 0.516275
59 7 0.561797
59 11 0.557781
59 22 0.571119
59 40 0.553562
59 38 0.573010
59 26 0.594440
59 36 0.589239
59 5 0.667682
59 39 0.623051
59 43 0.638923
59 19 0.687648
59 41 0.644468
59 15 0.702833
59 42 0.655855
59 25 0.691544
59 23 0.701726
59 35 0.693881
59 24 0.717844
59 20 0.741687
59 45 0.719551
59 21 0.766003
59 47 0.640104
59 49 0.626074
59 48 0.639557
59 27 0.791377
59 37 0.776814
59 50 0.482359
59 46 0.809361
60 9 0.239129
60 10 0.277696
60 11 0.341281
60 13 0.342661
60 3 0.384779
60 29 0.376251
60 1 0.462881
60 33 0.418886
60 5 0.491595
60 0 0.521525
60 31 0.478206
60 35 0.490321
60 4 0.564548
60 7 0.567169
60 15 0.588582
60 30 0.558907
60 28 0.567612
60 17 0.599686
60 19 0.599428
60 27 0.589122
60 39 0.559852
60 45 0.579351
60 23 0.637206
60 8 0.677807
60 12 0.677115
60 36 0.634259
60 14 0.712294
60 32 0.686323
60 25 0.710740
60 40 0.677618
60 44 0.673520
60 24 0.737469
60 48 0.690824
60 18 0.795470
60 26 0.798941
60 34 0.804469
60 41 0.794350
60 21 0.848044
60 46 0.770889
60 37 0.822022
60 20 0.871129
60 22 0.876437
60 49 0.795590
60 2 0.933172
60 6 0.934125
60 42 0.876284
60 16 0.943474
60 43 0.883390
60 38 0.907434
60 47 0.886741
60 50 0.878489
61 10 0.269027
61 8 0.272311
61 9 0.271544
61 12 0.298455
61 3 0.326127
61 0 0.363495
61 14 0.359799
61 28 0.341559
61 30 0.384536
61 6 0.437205
61 2 0.440668
61 32 0.407229
61 33 0.405911
61 44 0.398759
61 4 0.485701
61 40 0.429899
61 1 0.492193
61 29 0.479653
61 36 0.473157
61 13 0.522303
61 5 0.535849
61 11 0.549669
61 34 0.521879
61 18 0.570898
61 26 0.567715
61 17 0.593614
61 22 0.590624
61 48 0.555455
61 45 0.572310
61 16 0.642990
61 43 0.595124
61 20 0.642524
61 31 0.624999
61 24 0.645305
61 15 0.667766
61 38 0.632541
61 42 0.631514
61 46 0.626684
61 50 0.620380
61 19 0.698991
61 35 0.669286
61 41 0.662463
61 7 0.742474
61 49 0.678119
61 23 0.738082
61 39 0.708266
61 47 0.698608
61 37 0.734492
61 27 0.780144
61 21 0.805146
61 25 0.802961
62 1 0.240229
62 0 0.318282
62 9 0.182827
62 13 0.178946
62 12 0.193152
62 14 0.190682
62 5 0.310284
62 3 0.358641
62 11 0.244133
62 10 0.245633
62 8 0.255866
62 2 0.487462
62 4 0.495941
62 16 0.388570
62 15 0.402097
62 17 0.412293
62 7 0.447195
62 31 0.235990
62 21 0.415160
62 18 0.431921
62 19 0.435657
62 28 0.251932
62 33 0.232316
62 20 0.441409
62 32 0.281455
62 24 0.410565
62 22 0.470229
62 30 0.319157
62 23 0.478017
62 6 0.549413
62 35 0.281758
62 27 0.366814
62 29 0.344063
62 25 0.425662
62 44 0.196775
62 26 0.468674
62 40 0.300168
62 37 0.401564
62 45 0.240270
62 36 0.412392
62 39 0.418431
62 42 0.331214
62 34 0.475800
62 38 0.482419
62 43 0.325840
62 46 0.318521
62 50 0.302626
62 41 0.395412
62 49 0.306912
62 47 0.315127
62 48 0.317454
63 1 0.307872
63 0 0.309230
63 9 0.302229
63 2 0.311268
63 33 0.278935
63 32 0.288568
63 13 0.319359
63 5 0.351445
63 31 0.326974
63 6 0.365085
63 8 0.372818
63 7 0.374363
63 3 0.380411
63 14 0.380519
63 44 0.339308
63 29 0.367911
63 4 0.401005
63 28 0.377283
63 35 0.376944
63 11 0.410256
63 10 0.427814
63 43 0.389072
63 16 0.464737
63 15 0.468967
63 12 0.471478
63 39 0.436805
63 30 0.456692
63 47 0.439190
63 34 0.460872
63 20 0.507220
63 18 0.511635
63 24 0.509111
63 46 0.479974
63 21 0.518046
63 25 0.522396
63 38 0.502650
63 50 0.487260
63 26 0.530831
63 23 0.536267
63 19 0.553324
63 42 0.520475
63 36 0.532377
63 40 0.524119
63 27 0.551179
63 17 0.567868
63 45 0.529880
63 37 0.546723
63 48 0.533490
63 22 0.574038
63 49 0.560262
63 41 0.593779
64 1 0.258369
64 8 0.196346
64 0 0.302034
64 11 0.154422
64 3 0.296426
64 10 0.205493
64 9 0.221305
64 5 0.279710
64 12 0.228517
64 14 0.165248
64 6 0.401415
64 2 0.491691
64 4 0.434599
64 13 0.328582
64 7 0.453661
64 30 0.241598
64 28 0.256179
64 29 0.256555
64 32 0.230648
64 21 0.360599
64 15 0.408485
64 16 0.394156
64 17 0.419293
64 18 0.429009
64 19 0.423484
64 22 0.406204
64 31 0.362851
64 33 0.350323
64 20 0.455425
64 24 0.428937
64 27 0.432914
64 25 0.445413
64 44 0.222596
64 35 0.427580
64 26 0.491810
64 36 0.425436
64 34 0.481243
64 45 0.287243
64 40 0.390522
64 23 0.592361
64 43 0.394502
64 41 0.439431
64 38 0.442823
64 37 0.491372
64 47 0.345470
64 39 0.462343
64 42 0.449640
64 50 0.369471
64 48 0.381780
64 49 0.384612
64 46 0.424928
65 3 0.253484
65 5 0.245784
65 1 0.285532
65 10 0.235402
65 11 0.235751
65 9 0.240945
65 2 0.338774
65 0 0.350676
65 4 0.346252
65 7 0.295757
65 13 0.311264
65 8 0.345511
65 30 0.211531
65 22 0.380504
65 16 0.407105
65 29 0.264150
65 18 0.411457
65 6 0.463886
65 12 0.451029
65 26 0.396092
65 14 0.455517
65 17 0.452457
65 15 0.456976
65 21 0.466977
65 19 0.447768
65 32 0.280180
65 27 0.435113
65 25 0.458492
65 23 0.474885
65 28 0.431978
65 31 0.346211
65 24 0.479286
65 35 0.294676
65 33 0.307640
65 20 0.543017
65 44 0.212425
65 42 0.335485
65 43 0.253637
65 50 0.204759
65 47 0.268681
65 38 0.382084
65 45 0.284786
65 48 0.266691
65 34 0.403520
65 36 0.415050
65 39 0.425792
65 41 0.435494
65 37 0.442961
65 40 0.439782
65 46 0.382841
65 49 0.365391
66 8 0.170597
66 0 0.216179
66 12 0.195051
66 10 0.214309
66 2 0.282510
66 4 0.300908
66 6 0.326968
66 14 0.316829
66 33 0.295172
66 13 0.357260
66 1 0.395899
66 5 0.539644
66 36 0.484157
66 9 0.533907
66 44 0.461911
66 30 0.492995
66 15 0.522943
66 3 0.555169
66 31 0.494507
66 16 0.523790
66 18 0.512419
66 7 0.545943
66 32 0.496034
66 20 0.509324
66 35 0.493312
66 29 0.499802
66 11 0.534275
66 40 0.486618
66 28 0.502550
66 26 0.512579
66 50 0.454242
66 34 0.517142
66 37 0.523232
66 19 0.543700
66 48 0.494589
66 27 0.551083
66 17 0.602480
66 39 0.581407
66 21 0.607642
66 25 0.639792
66 43 0.615020
66 23 0.675149
66 47 0.622276
66 45 0.632403
66 38 0.666787
66 41 0.669560
66 49 0.641320
66 42 0.679179
66 22 0.715020
66 46 0.659967
66 24 0.729265
67 10 0.213414
67 9 0.228798
67 11 0.227919
67 8 0.247983
67 13 0.289709
67 3 0.331648
67 1 0.353730
67 12 0.365540
67 0 0.386853
67 5 0.404951
67 28 0.351277
67 7 0.440923
67 2 0.478778
67 14 0.484796
67 33 0.442572
67 31 0.478478
67 32 0.482228
67 6 0.551903
67 21 0.506951
67 15 0.542550
67 4 0.605866
67 20 0.573043
67 18 0.595195
67 30 0.571011
67 44 0.460779
67 19 0.617647
67 23 0.608028
67 29 0.601207
67 24 0.612307
67 35 0.592075
67 41 0.586714
67 38 0.648017
67 40 0.659345
67 39 0.665762
67 27 0.684484
67 48 0.505345
67 47 0.532400
67 25 0.710113
67 34 0.717003
67 37 0.722309
67 16 0.790143
67 36 0.738257
67 17 0.791984
67 22 0.772547
67 46 0.616410
67 45 0.638158
67 50 0.589530
67 42 0.692963
67 26 0.782629
67 49 0.596307
67 43 0.731184
68 9 0.201842
68 2 0.282422
68 10 0.146432
68 8 0.239067
68 0 0.321396
68 1 0.321611
68 11 0.161765
68 13 0.189671
68 14 0.196369
68 12 0.202234
68 3 0.333331
68 6 0.321375
68 5 0.334536
68 4 0.349623
68 7 0.375571
68 15 0.380073
68 19 0.319186
68 17 0.422307
68 29 0.298508
68 20 0.330943
68 44 0.253814
68 30 0.302053
68 16 0.451543
68 21 0.335264
68 18 0.417402
68 26 0.327322
68 23 0.335406
68 33 0.307871
68 32 0.319692
68 22 0.359563
68 24 0.356791
68 28 0.350954
68 31 0.382130
68 27 0.405404
68 25 0.409906
68 36 0.378147
68 50 0.390073
68 34 0.414706
68 35 0.415218
68 43 0.435767
68 46 0.438905
68 38 0.466489
68 49 0.452353
68 48 0.460280
68 37 0.478406
68 42 0.478835
68 45 0.475609
68 39 0.488402
68 47 0.478271
68 40 0.513394
68 41 0.542777
69 8 0.344468
69 9 0.353015
69 7 0.354597
69 12 0.351013
69 5 0.376589
69 1 0.384369
69 13 0.399832
69 29 0.382350
69 3 0.466761
69 15 0.453190
69 33 0.414740
69 11 0.461939
69 28 0.426393
69 17 0.467330
69 31 0.477603
69 35 0.476671
69 38 0.478392
69 10 0.548179
69 14 0.548808
69 23 0.523242
69 21 0.537544
69 42 0.500096
69 47 0.495498
69 27 0.532258
69 32 0.540962
69 4 0.598290
69 49 0.529784
69 40 0.546274
69 30 0.577579
69 25 0.599105
69 41 0.572494
69 0 0.660194
69 44 0.582421
69 45 0.582589
69 2 0.667784
69 50 0.587078
69 39 0.613382
69 36 0.621926
69 19 0.658715
69 16 0.668151
69 46 0.611814
69 37 0.629712
69 6 0.687277
69 24 0.662227
69 20 0.714313
69 48 0.668029
69 22 0.734673
69 18 0.762196
69 26 0.756902
69 34 0.744749
69 43 0.735071
70 12 0.337644
70 14 0.339062
70 3 0.369620
70 10 0.384836
70 1 0.392576
70 11 0.397128
70 30 0.388489
70 29 0.403703
70 33 0.421472
70 31 0.430002
70 44 0.422001
70 5 0.463299
70 32 0.439798
70 7 0.498643
70 28 0.486076
70 36 0.504388
70 42 0.496825
70 13 0.549666
70 9 0.553616
70 8 0.558367
70 34 0.541285
70 19 0.570276
70 43 0.547023
70 0 0.605827
70 45 0.583865
70 4 0.634749
70 46 0.596619
70 50 0.596380
70 40 0.607176
70 6 0.645302
70 15 0.649980
70 2 0.680893
70 26 0.659042
70 47 0.641416
70 39 0.653487
70 21 0.675054
70 17 0.686669
70 37 0.666592
70 41 0.666606
70 48 0.664140
70 24 0.692167
70 18 0.701698
70 35 0.686499
70 22 0.709388
70 23 0.708514
70 27 0.707813
70 49 0.682516
70 25 0.716720
70 38 0.709472
70 20 0.748063
70 16 0.769665
71 9 0.274317
71 13 0.262198
71 11 0.273890
71 8 0.293749
71 12 0.286389
71 0 0.361305
71 3 0.384166
71 1 0.392214
71 14 0.400117
71 4 0.501310
71 7 0.526779
71 20 0.490730
71 28 0.305469
71 5 0.536260
71 30 0.245320
71 29 0.264304
71 10 0.573309
71 33 0.293721
71 6 0.606358
71 27 0.546219
71 15 0.594185
71 25 0.579767
71 32 0.345909
71 23 0.604820
71 24 0.605056
71 21 0.642265
71 31 0.391893
71 44 0.223738
71 35 0.455590
71 16 0.733223
71 17 0.738908
71 19 0.754182
71 40 0.397078
71 36 0.421202
71 42 0.385251
71 18 0.778807
71 2 0.819458
71 34 0.524930
71 26 0.761209
71 47 0.316888
71 22 0.803087
71 38 0.475829
71 45 0.357022
71 37 0.520873
71 39 0.523044
71 41 0.504834
71 43 0.419451
71 50 0.365255
71 46 0.430012
71 48 0.386189
71 49 0.430028
72 10 0.289277
72 2 0.311415
72 20 0.289248
72 0 0.322487
72 31 0.285550
72 44 0.272204
72 14 0.330189
72 9 0.337205
72 5 0.361097
72 3 0.383744
72 32 0.345797
72 4 0.394347
72 28 0.363014
72 8 0.398764
72 13 0.396302
72 22 0.401415
72 24 0.433164
72 36 0.421146
72 26 0.436702
72 11 0.452182
72 39 0.456841
72 6 0.489761
72 48 0.452070
72 1 0.536171
72 43 0.487767
72 46 0.485376
72 33 0.510048
72 30 0.518597
72 49 0.512118
72 16 0.553491
72 17 0.560959
72 18 0.566380
72 34 0.551578
72 29 0.555832
72 12 0.579457
72 35 0.567633
72 25 0.589182
72 37 0.598531
72 7 0.633521
72 23 0.623468
72 27 0.632758
72 47 0.615515
72 42 0.625789
72 50 0.622264
72 40 0.640616
72 38 0.662494
72 45 0.652294
72 15 0.700238
72 21 0.698266
72 19 0.706145
72 41 0.725948
73 8 0.233293
73 11 0.279742
73 10 0.315941
73 9 0.321997
73 13 0.316906
73 14 0.328516
73 5 0.385758
73 0 0.402287
73 12 0.358804
73 3 0.430295
73 1 0.443768
73 6 0.498954
73 7 0.547446
73 2 0.583947
73 4 0.584458
73 29 0.202775
73 30 0.295239
73 15 0.635703
73 31 0.303049
73 32 0.317272
73 18 0.491166
73 28 0.348309
73 16 0.617160
73 21 0.425851
73 33 0.350861
73 17 0.575734
73 25 0.437670
73 44 0.324357
73 23 0.492949
73 19 0.589892
73 27 0.450010
73 24 0.480600
73 34 0.433744
73 20 0.598291
73 26 0.474478
73 40 0.404009
73 45 0.362738
73 35 0.464276
73 36 0.472296
73 37 0.493526
73 42 0.478309
73 50 0.407353
73 41 0.508399
73 22 0.628637
73 43 0.512947
73 49 0.467863
73 39 0.570933
73 48 0.499375
73 46 0.521090
73 47 0.515423
73 38 0.602721
74 12 0.225998
74 11 0.233206
74 10 0.277794
74 14 0.272261
74 8 0.285811
74 13 0.385932
74 1 0.405941
74 28 0.343891
74 30 0.321960
74 0 0.446604
74 16 0.427815
74 32 0.381692
74 2 0.467427
74 44 0.384920
74 15 0.477878
74 9 0.516381
74 6 0.527984
74 18 0.501192
74 3 0.543435
74 22 0.504011
74 5 0.563295
74 20 0.528991
74 17 0.560973
74 33 0.505270
74 38 0.502887
74 19 0.572137
74 4 0.615352
74 29 0.551864
74 35 0.538934
74 37 0.536298
74 42 0.538002
74 40 0.542450
74 31 0.564806
74 21 0.610434
74 7 0.662743
74 26 0.623657
74 50 0.567686
74 46 0.590828
74 43 0.616481
74 23 0.674145
74 48 0.603498
74 36 0.633693
74 39 0.642460
74 45 0.644537
74 34 0.668670
74 27 0.692890
74 47 0.672168
74 25 0.734925
74 24 0.749983
74 41 0.743663
74 49 0.748061
75 13 0.244522
75 9 0.251954
75 11 0.331689
75 8 0.336555
75 10 0.347203
75 5 0.421834
75 12 0.414749
75 3 0.439255
75 0 0.467814
75 14 0.444406
75 1 0.496865
75 28 0.474701
75 29 0.489713
75 31 0.379108
75 17 0.695999
75 30 0.502538
75 15 0.739495
75 6 0.758045
75 33 0.406099
75 4 0.764992
75 7 0.761493
75 18 0.739931
75 16 0.743477
75 2 0.774947
75 32 0.468177
75 44 0.352411
75 24 0.765825
75 26 0.770825
75 19 0.846832
75 25 0.807386
75 23 0.820206
75 21 0.869551
75 27 0.856607
75 20 0.910153
75 22 0.912540
75 45 0.525404
75 35 0.623992
75 41 0.550227
75 40 0.551951
75 36 0.625865
75 34 0.635697
75 39 0.621661
75 37 0.645776
75 46 0.622781
75 47 0.513715
75 48 0.517833
75 42 0.652918
75 43 0.652725
75 49 0.526704
75 38 0.754511
75 50 0.607252
76 10 0.307353
76 28 0.315086
76 11 0.347923
76 31 0.332153
76 44 0.322535
76 12 0.362884
76 0 0.416346
76 32 0.377361
76 8 0.424122
76 14 0.542845
76 6 0.568499
76 30 0.568238
76 7 0.613865
76 33 0.601946
76 13 0.626479
76 4 0.648121
76 5 0.661347
76 9 0.710670
76 29 0.691128
76 2 0.750250
76 3 0.759740
76 1 0.776656
76 22 0.762900
76 40 0.841312
76 42 0.885271
76 35 0.905031
76 34 0.917912
76 16 0.977283
76 18 0.974263
76 36 0.989970
76 25 1.009020
76 41 0.990817
76 26 1.040242
76 38 1.036562
76 39 1.043810
76 46 1.039844
76 50 1.045002
76 23 1.081956
76 49 1.058701
76 43 1.066108
76 15 1.104344
76 45 1.078961
76 47 1.077001
76 37 1.095570
76 48 1.081675
76 27 1.110889
76 19 1.134661
76 21 1.133731
76 24 1.135816
76 20 1.145410
76 17 1.172580
77 10 0.359677
77 11 0.362992
77 8 0.379193
77 12 0.380086
77 32 0.359775
77 28 0.367139
77 29 0.373381
77 13 0.425949
77 14 0.481835
77 3 0.502718
77 31 0.482111
77 44 0.495071
77 30 0.529674
77 33 0.576025
77 0 0.617997
77 36 0.674161
77 2 0.738731
77 9 0.765783
77 24 0.757686
77 35 0.773941
77 46 0.794697
77 27 0.820701
77 4 0.842133
77 37 0.815282
77 25 0.836316
77 5 0.861619
77 26 0.869243
77 1 0.895986
77 42 0.875041
77 50 0.878062
77 40 0.914604
77 38 0.918524
77 18 0.947402
77 6 0.963065
77 41 0.932743
77 34 0.946259
77 15 0.974403
77 45 0.943529
77 21 0.985970
77 16 0.997214
77 23 1.000287
77 19 1.006295
77 7 1.031715
77 39 0.999098
77 47 1.002172
77 49 1.002665
77 48 1.009631
77 17 1.060587
77 20 1.059549
77 22 1.063818
77 43 1.098482
78 9 0.289978
78 8 0.298000
78 12 0.329118
78 0 0.337762
78 1 0.352139
78 3 0.351292
78 10 0.363220
78 28 0.462120
78 31 0.466888
78 5 0.493359
78 2 0.507423
78 14 0.500827
78 44 0.467841
78 30 0.484472
78 6 0.508711
78 29 0.505984
78 32 0.501592
78 4 0.537575
78 33 0.518078
78 20 0.571867
78 19 0.619920
78 34 0.613773
78 13 0.637818
78 46 0.611749
78 11 0.661347
78 40 0.637622
78 18 0.690262
78 16 0.699905
78 27 0.697280
78 17 0.709870
78 24 0.719006
78 48 0.689275
78 25 0.728085
78 7 0.759955
78 39 0.735110
78 43 0.738232
78 22 0.763567
78 26 0.774284
78 41 0.770360
78 23 0.816276
78 36 0.815008
78 21 0.846614
78 45 0.825353
78 38 0.838531
78 42 0.835798
78 49 0.850085
78 37 0.870372
78 50 0.862414
78 35 0.882048
78 47 0.892479
78 15 0.937306
79 12 0.377317
79 44 0.351356
79 29 0.418326
79 10 0.444744
79 31 0.467400
79 13 0.489948
79 3 0.557057
79 11 0.556824
79 28 0.545379
79 8 0.567447
79 33 0.554508
79 30 0.597288
79 32 0.602538
79 5 0.639808
79 40 0.622811
79 24 0.641074
79 9 0.663137
79 35 0.642949
79 0 0.740905
79 14 0.734148
79 1 0.764573
79 49 0.720297
79 6 0.771757
79 21 0.783317
79 16 0.801761
79 18 0.828450
79 27 0.838749
79 4 0.867047
79 22 0.876063
79 17 0.897794
79 2 0.924951
79 43 0.899061
79 34 0.916163
79 7 0.949337
79 38 0.917712
79 23 0.937362
79 36 0.925488
79 39 0.925720
79 45 0.939957
79 46 0.945445
79 19 0.981978
79 26 0.981132
79 42 0.977688
79 37 0.987203
79 20 1.007338
79 47 0.981178
79 25 1.024156
79 48 1.021654
79 15 1.068288
79 50 1.032578
79 41 1.043746
80 9 0.348401
80 14 0.355591
80 10 0.382026
80 8 0.394347
80 12 0.414248
80 30 0.435527
80 29 0.502364
80 28 0.531280
80 0 0.585283
80 32 0.577124
80 4 0.600763
80 2 0.625328
80 11 0.636808
80 13 0.664779
80 3 0.682403
80 16 0.697695
80 1 0.744872
80 33 0.741749
80 40 0.767354
80 5 0.810402
80 31 0.822766
80 19 0.849846
80 6 0.874604
80 44 0.858443
80 15 0.931954
80 48 0.907370
80 18 0.968030
80 7 1.016091
80 23 1.018214
80 45 1.006647
80 41 1.036388
80 17 1.075958
80 24 1.107494
80 36 1.103303
80 27 1.128715
80 43 1.118567
80 42 1.129228
80 35 1.152771
80 39 1.155352
80 34 1.170917
80 26 1.198015
80 37 1.193250
80 46 1.181886
80 25 1.213462
80 47 1.195590
80 38 1.207651
80 22 1.240152
80 21 1.242113
80 50 1.232793
80 49 1.256029
80 20 1.292817
81 11 0.312393
81 8 0.315977
81 12 0.375649
81 3 0.387478
81 10 0.384983
81 0 0.396800
81 13 0.400358
81 1 0.414638
81 14 0.435134
81 9 0.455231
81 2 0.525794
81 7 0.531075
81 30 0.441260
81 5 0.537571
81 29 0.457018
81 4 0.576482
81 31 0.487358
81 28 0.512215
81 32 0.509568
81 33 0.508953
81 6 0.674449
81 17 0.682164
81 19 0.678941
81 15 0.707869
81 25 0.700889
81 23 0.730001
81 18 0.746432
81 44 0.327254
81 16 0.811638
81 21 0.817780
81 35 0.719133
81 20 0.878816
81 26 0.872916
81 24 0.887229
81 27 0.877330
81 22 0.913136
81 36 0.652068
81 37 0.594115
81 34 0.845928
81 43 0.526283
81 40 0.530066
81 38 0.616337
81 42 0.544057
81 47 0.523759
81 50 0.502541
81 45 0.551053
81 46 0.568885
81 41 0.630693
81 39 0.662791
81 49 0.660006
81 48 0.687060
82 12 0.352769
82 9 0.387290
82 28 0.366512
82 10 0.387699
82 44 0.363043
82 0 0.421279
82 3 0.443285
82 32 0.493416
82 29 0.503460
82 30 0.503498
82 14 0.547778
82 33 0.537379
82 11 0.573124
82 7 0.582112
82 13 0.588529
82 2 0.613866
82 8 0.632933
82 6 0.650831
82 31 0.630457
82 22 0.668516
82 1 0.696541
82 16 0.692884
82 25 0.707040
82 34 0.706709
82 40 0.706291
82 4 0.750448
82 23 0.766215
82 27 0.800129
82 43 0.781492
82 36 0.797178
82 24 0.810399
82 42 0.791004
82 5 0.869856
82 17 0.866043
82 46 0.833399
82 47 0.837354
82 20 0.885371
82 37 0.868408
82 41 0.861200
82 50 0.856209
82 18 0.899522
82 38 0.874182
82 21 0.901562
82 45 0.868486
82 15 0.930382
82 35 0.914627
82 19 0.939607
82 39 0.921211
82 48 0.913508
82 49 0.927000
82 26 0.991329
83 10 0.255655
83 8 0.281937
83 11 0.293990
83 9 0.298825
83 13 0.300701
83 14 0.330784
83 5 0.356906
83 12 0.351080
83 29 0.370711
83 1 0.449130
83 3 0.448711
83 2 0.500892
83 7 0.498348
83 31 0.440478
83 0 0.523590
83 4 0.552787
83 6 0.562599
83 30 0.511575
83 15 0.609865
83 19 0.603587
83 28 0.589518
83 32 0.587134
83 17 0.660886
83 16 0.673417
83 33 0.639297
83 18 0.693480
83 44 0.330546
83 22 0.724498
83 21 0.733670
83 23 0.736993
83 25 0.783156
83 34 0.687816
83 35 0.596938
83 43 0.418230
83 36 0.515691
83 20 0.819345
83 24 0.818990
83 26 0.820853
83 40 0.531962
83 41 0.458410
83 27 0.830804
83 42 0.481070
83 45 0.480794
83 48 0.471879
83 50 0.481366
83 49 0.509379
83 46 0.528054
83 37 0.663152
83 39 0.680440
83 38 0.696437
83 47 0.608616
84 10 0.242468
84 12 0.244820
84 11 0.268349
84 9 0.300130
84 8 0.366505
84 14 0.334480
84 13 0.351992
84 1 0.513116
84 5 0.536634
84 7 0.558588
84 3 0.573375
84 2 0.591299
84 6 0.585410
84 28 0.233511
84 4 0.601544
84 32 0.244361
84 15 0.679526
84 16 0.678838
84 0 0.739475
84 31 0.364504
84 30 0.373791
84 20 0.632356
84 29 0.377291
84 19 0.685072
84 18 0.712761
84 23 0.615777
84 33 0.386165
84 17 0.784467
84 25 0.588265
84 44 0.282742
84 24 0.661171
84 21 0.759084
84 22 0.774072
84 26 0.580311
84 27 0.593156
84 38 0.452421
84 39 0.448690
84 36 0.547069
84 34 0.582986
84 40 0.462660
84 37 0.531071
84 35 0.618740
84 41 0.469731
84 47 0.441683
84 42 0.478112
84 48 0.456078
84 45 0.502501
84 50 0.482597
84 49 0.487078
84 46 0.513127
84 43 0.535292
85 10 0.304175
85 9 0.315732
85 3 0.370358
85 1 0.381316
85 28 0.430607
85 32 0.435260
85 5 0.457603
85 44 0.421883
85 12 0.462664
85 0 0.503561
85 4 0.507762
85 33 0.510033
85 14 0.533130
85 13 0.542886
85 31 0.579851
85 30 0.588670
85 11 0.627546
85 24 0.625720
85 7 0.639570
85 18 0.671734
85 47 0.678576
85 49 0.686584
85 27 0.718085
85 39 0.719499
85 8 0.746254
85 29 0.751332
85 34 0.785973
85 40 0.798852
85 15 0.837906
85 36 0.827200
85 2 0.872146
85 17 0.869518
85 23 0.896286
85 20 0.905925
85 38 0.903258
85 21 0.938298
85 43 0.924189
85 25 0.950229
85 48 0.931441
85 45 0.940154
85 6 0.983418
85 41 0.952277
85 19 0.995761
85 22 0.998546
85 37 0.985157
85 42 0.982796
85 35 0.993107
85 16 1.023575
85 46 1.034473
85 50 1.041916
85 26 1.075211
86 9 0.336521
86 28 0.352601
86 11 0.389533
86 32 0.387514
86 13 0.416271
86 44 0.388367
86 30 0.418856
86 12 0.445904
86 14 0.461420
86 10 0.495871
86 8 0.633049
86 46 0.627685
86 31 0.666760
86 0 0.706860
86 7 0.711229
86 40 0.687352
86 20 0.721681
86 2 0.747475
86 29 0.726895
86 33 0.737115
86 5 0.795255
86 22 0.788942
86 36 0.797391
86 18 0.830060
86 6 0.842081
86 16 0.850228
86 45 0.862632
86 4 0.917264
86 43 0.880950
86 37 0.897168
86 1 0.949168
86 41 0.913704
86 47 0.912502
86 21 0.954172
86 3 0.976146
86 35 0.951438
86 27 0.982672
86 49 0.956545
86 38 0.988232
86 39 0.991319
86 24 1.018698
86 48 0.988530
86 15 1.037596
86 25 1.027924
86 19 1.040088
86 34 1.025859
86 26 1.048100
86 17 1.083355
86 23 1.100966
86 42 1.073914
86 50 1.131505
87 9 0.243637
87 12 0.285286
87 10 0.288949
87 11 0.289381
87 13 0.291135
87 14 0.356017
87 8 0.367529
87 3 0.543772
87 15 0.544326
87 0 0.602121
87 29 0.243471
87 28 0.255213
87 5 0.631267
87 1 0.636312
87 7 0.651219
87 17 0.630305
87 33 0.265722
87 31 0.300411
87 6 0.692014
87 2 0.698853
87 32 0.324723
87 22 0.637436
87 30 0.370290
87 21 0.698868
87 18 0.747311
87 19 0.761305
87 24 0.583926
87 4 0.835400
87 20 0.786034
87 26 0.559148
87 44 0.272465
87 25 0.597473
87 23 0.775455
87 27 0.538296
87 16 0.933117
87 34 0.559806
87 40 0.437956
87 37 0.527864
87 35 0.598270
87 36 0.586243
87 45 0.451369
87 43 0.507854
87 46 0.464579
87 38 0.556568
87 39 0.563345
87 47 0.493087
87 50 0.481076
87 42 0.557213
87 41 0.576530
87 49 0.539179
87 48 0.543967
88 8 0.294277
88 13 0.394114
88 11 0.396450
88 30 0.396284
88 9 0.475845
88 14 0.476052
88 12 0.489824
88 5 0.500930
88 10 0.523088
88 1 0.552370
88 2 0.556024
88 3 0.582292
88 29 0.528324
88 0 0.623937
88 7 0.623376
88 32 0.595299
88 44 0.575660
88 28 0.653042
88 6 0.707151
88 31 0.682921
88 4 0.765055
88 16 0.778903
88 33 0.767298
88 40 0.769841
88 25 0.850150
88 15 0.939483
88 18 0.942205
88 20 0.989985
88 43 0.962547
88 26 1.043837
88 35 1.044185
88 34 1.050068
88 22 1.117373
88 36 1.082342
88 21 1.139108
88 23 1.145711
88 24 1.186624
88 17 1.223761
88 39 1.163529
88 49 0.838859
88 48 0.841694
88 42 1.145660
88 45 1.119076
88 27 1.206477
88 38 1.182472
88 37 1.194365
88 46 1.134155
88 41 1.191953
88 19 1.271284
88 50 0.896868
88 47 1.059769
89 10 0.304546
89 11 0.337603
89 14 0.366452
89 29 0.397592
89 31 0.399729
89 9 0.484830
89 13 0.551576
89 8 0.559876
89 0 0.569217
89 28 0.546940
89 12 0.582618
89 7 0.640567
89 4 0.645202
89 2 0.652370
89 3 0.664814
89 32 0.636049
89 5 0.704162
89 33 0.664849
89 35 0.668588
89 30 0.694200
89 1 0.753630
89 44 0.764292
89 45 0.821422
89 37 0.903043
89 16 0.983811
89 18 0.976542
89 26 0.995042
89 34 0.987262
89 41 0.985867
89 24 1.027452
89 40 1.016533
89 15 1.070392
89 22 1.053352
89 38 1.031930
89 47 1.044687
89 43 1.050383
89 27 1.079894
89 6 1.125407
89 17 1.112283
89 50 1.056549
89 36 1.076144
89 48 1.074885
89 21 1.141009
89 42 1.121295
89 49 1.114399
89 25 1.151405
89 20 1.167080
89 23 1.170926
89 39 1.166094
89 19 1.204127
89 46 1.192651
90 9 0.416710
90 14 0.409630
90 11 0.415785
90 10 0.418769
90 8 0.428209
90 12 0.422826
90 3 0.453358
90 5 0.453539
90 32 0.502679
90 2 0.569377
90 31 0.534913
90 6 0.604593
90 28 0.597161
90 29 0.603655
90 18 0.621436
90 38 0.609247
90 16 0.653869
90 44 0.612573
90 30 0.679351
90 4 0.731817
90 22 0.731879
90 0 0.778788
90 40 0.726204
90 13 0.778803
90 42 0.741627
90 7 0.800999
90 43 0.750457
90 20 0.788995
90 46 0.762502
90 33 0.804239
90 24 0.820193
90 25 0.829871
90 1 0.896490
90 37 0.839616
90 36 0.852769
90 47 0.853605
90 34 0.872132
90 17 0.911887
90 45 0.891378
90 21 0.926504
90 27 0.931979
90 41 0.923533
90 26 1.019762
90 50 0.994351
90 35 1.009302
90 15 1.044785
90 48 0.998625
90 19 1.033280
90 39 1.035180
90 49 1.038675
90 23 1.080604
91 9 0.420598
91 30 0.420755
91 11 0.451448
91 3 0.494711
91 7 0.498974
91 31 0.478493
91 0 0.544652
91 1 0.550317
91 13 0.538850
91 33 0.512688
91 44 0.510482
91 28 0.567956
91 12 0.614289
91 8 0.639736
91 5 0.652216
91 32 0.684941
91 29 0.723896
91 4 0.777131
91 15 0.785136
91 14 0.807201
91 34 0.792763
91 10 0.841251
91 6 0.853623
91 24 0.843557
91 47 0.827251
91 21 0.875745
91 23 0.881901
91 17 0.892189
91 35 0.912686
91 43 0.909513
91 27 0.953082
91 38 0.949657
91 49 0.936066
91 19 0.983763
91 36 0.992944
91 50 0.987463
91 37 1.013131
91 45 1.014697
91 2 1.070976
91 42 1.023145
91 22 1.065114
91 46 1.044266
91 48 1.042492
91 18 1.077183
91 40 1.052831
91 20 1.075112
91 39 1.064091
91 41 1.083248
91 16 1.123609
91 26 1.156831
91 25 1.211535
92 9 0.370941
92 11 0.427735
92 21 0.453237
92 19 0.489434
92 10 0.518436
92 29 0.525347
92 31 0.524148
92 3 0.548577
92 0 0.598396
92 1 0.606883
92 13 0.678312
92 7 0.717717
92 33 0.711234
92 43 0.697932
92 44 0.728985
92 5 0.808909
92 30 0.826265
92 2 0.862401
92 37 0.838354
92 32 0.847296
92 14 0.866817
92 8 0.871960
92 17 0.911922
92 12 0.926274
92 41 0.904841
92 16 0.973686
92 15 0.983771
92 28 0.973316
92 26 1.010832
92 6 1.034479
92 34 1.020534
92 45 1.014856
92 49 1.023709
92 48 1.041515
92 42 1.058032
92 38 1.089074
92 24 1.116524
92 4 1.143480
92 22 1.138269
92 35 1.125349
92 39 1.123338
92 25 1.150937
92 40 1.138476
92 50 1.128130
92 23 1.169070
92 27 1.164697
92 36 1.201373
92 47 1.193063
92 46 1.214165
92 18 1.279632
92 20 1.356894
93 8 0.393161
93 12 0.443273
93 14 0.473136
93 28 0.498304
93 32 0.525032
93 19 0.549922
93 29 0.593554
93 0 0.654667
93 4 0.662774
93 2 0.736014
93 10 0.749688
93 3 0.862591
93 16 0.918427
93 9 0.936351
93 40 0.905313
93 21 0.929737
93 7 0.967343
93 31 0.960790
93 30 0.985705
93 20 0.996239
93 44 0.991950
93 38 1.011061
93 33 1.052937
93 11 1.085722
93 34 1.064797
93 13 1.087452
93 43 1.088701
93 26 1.140549
93 6 1.163984
93 22 1.174369
93 41 1.158759
93 42 1.185103
93 36 1.201121
93 1 1.245382
93 47 1.211372
93 24 1.241519
93 15 1.257744
93 45 1.224729
93 25 1.279825
93 5 1.295908
93 23 1.308600
93 49 1.293179
93 48 1.294851
93 37 1.338013
93 18 1.381611
93 17 1.427507
93 35 1.426464
93 27 1.439729
93 46 1.431128
93 50 1.434284
93 39 1.497881
94 9 0.414260
94 11 0.439917
94 8 0.495446
94 5 0.611938
94 0 0.631181
94 3 0.645093
94 1 0.655595
94 4 0.693640
94 29 0.707905
94 31 0.717985
94 10 0.779752
94 44 0.750969
94 6 0.804029
94 12 0.835459
94 13 0.835205
94 32 0.929848
94 30 0.933643
94 14 0.950082
94 33 0.930939
94 2 0.959753
94 7 0.970467
94 22 0.957786
94 43 0.931075
94 42 0.956635
94 28 0.991584
94 36 0.982467
94 17 1.007776
94 40 1.010810
94 20 1.050141
94 24 1.057614
94 19 1.088578
94 45 1.067769
94 21 1.131523
94 46 1.108602
94 35 1.143226
94 34 1.168446
94 25 1.212001
94 16 1.232515
94 23 1.232819
94 18 1.288828
94 41 1.263801
94 27 1.287194
94 38 1.270118
94 15 1.300566
94 26 1.315917
94 37 1.301496
94 48 1.310733
94 47 1.339947
94 39 1.396817
94 50 1.415139
94 49 1.470462
95 8 0.387866
95 33 0.445526
95 14 0.477404
95 12 0.486120
95 29 0.500858
95 11 0.573543
95 10 0.581328
95 13 0.607105
95 44 0.622918
95 30 0.658887
95 9 0.680995
95 3 0.695111
95 5 0.706900
95 32 0.690681
95 16 0.718464
95 31 0.713421
95 28 0.717731
95 1 0.767010
95 0 0.775048
95 2 0.796701
95 4 0.808350
95 36 0.809101
95 43 0.853576
95 7 0.910914
95 15 0.936153
95 50 0.897907
95 20 0.961853
95 40 0.935964
95 41 0.941623
95 23 0.967447
95 37 0.994455
95 39 0.998731
95 24 1.021342
95 34 1.008824
95 49 0.993778
95 6 1.045317
95 35 1.023986
95 38 1.028095
95 18 1.056095
95 45 1.026530
95 27 1.076250
95 19 1.091967
95 48 1.058895
95 22 1.100421
95 21 1.102558
95 26 1.099036
95 25 1.105709
95 46 1.081915
95 17 1.134077
95 42 1.106424
95 47 1.117631
96 10 0.433837
96 9 0.440733
96 14 0.440498
96 29 0.432713
96 12 0.476729
96 8 0.500917
96 32 0.510133
96 44 0.538046
96 11 0.571969
96 30 0.569177
96 1 0.654261
96 0 0.655575
96 31 0.677663
96 33 0.695950
96 7 0.724196
96 13 0.723548
96 28 0.717592
96 5 0.759761
96 3 0.774669
96 50 0.758173
96 6 0.818334
96 42 0.800774
96 36 0.814810
96 43 0.810930
96 16 0.863064
96 38 0.852684
96 45 0.857616
96 24 0.899973
96 40 0.902592
96 47 0.895811
96 2 0.939680
96 18 0.945487
96 23 0.955112
96 15 0.974321
96 20 0.974519
96 4 0.987965
96 26 0.987425
96 37 1.005332
96 35 1.013189
96 39 1.008356
96 17 1.041380
96 34 1.028162
96 46 1.017837
96 22 1.046392
96 27 1.048190
96 25 1.060004
96 19 1.073757
96 49 1.047000
96 48 1.053350
96 21 1.083758
96 41 1.095172
97 12 0.417704
97 5 0.486274
97 11 0.483040
97 19 0.517852
97 0 0.530903
97 28 0.510883
97 10 0.544467
97 30 0.598020
97 33 0.612834
97 29 0.634809
97 48 0.664498
97 2 0.705391
97 39 0.675397
97 24 0.690476
97 9 0.728761
97 31 0.713453
97 8 0.744495
97 14 0.749074
97 16 0.787963
97 6 0.795445
97 3 0.819196
97 44 0.791314
97 4 0.828588
97 13 0.823476
97 1 0.862257
97 40 0.830940
97 21 0.878727
97 32 0.876848
97 15 0.947202
97 34 0.953269
97 37 0.958279
97 18 0.990123
97 46 0.969486
97 22 0.994153
97 36 0.994140
97 27 1.006602
97 42 0.990620
97 45 0.993404
97 20 1.031790
97 47 1.010922
97 38 1.028885
97 43 1.035444
97 17 1.063257
97 23 1.070799
97 41 1.103971
97 50 1.093513
97 35 1.125288
97 25 1.135805
97 7 1.191376
97 26 1.223593
97 49 1.255028
98 8 0.490480
98 9 0.506357
98 11 0.505482
98 10 0.619592
98 1 0.738298
98 28 0.717061
98 0 0.740357
98 3 0.739026
98 32 0.715838
98 29 0.878701
98 6 0.916135
98 5 1.001452
98 44 0.959496
98 7 1.019502
98 31 1.027661
98 13 1.045517
98 30 1.047311
98 35 1.130278
98 18 1.172438
98 16 1.198927
98 14 1.215561
98 12 1.234265
98 34 1.228681
98 15 1.249839
98 17 1.293398
98 22 1.303964
98 50 1.299991
98 38 1.330612
98 40 1.328464
98 33 1.342209
98 26 1.364943
98 43 1.385401
98 36 1.399583
98 47 1.395459
98 42 1.418728
98 2 1.483766
98 4 1.500308
98 45 1.467301
98 39 1.506782
98 48 1.528829
98 27 1.572080
98 20 1.591806
98 21 1.604680
98 23 1.612772
98 41 1.614425
98 37 1.639247
98 19 1.678062
98 24 1.685232
98 49 1.659930
98 25 1.704412
98 46 1.768834
99 11 0.405973
99 8 0.425336
99 9 0.454544
99 12 0.453368
99 10 0.471875
99 29 0.490735
99 31 0.566746
99 1 0.731753
99 33 0.714711
99 14 0.759309
99 30 0.744249
99 5 0.845904
99 44 0.821583
99 7 1.003122
99 13 1.000358
99 28 0.987244
99 16 0.999928
99 19 0.999296
99 41 0.967856
99 32 1.004704
99 45 0.987767
99 6 1.033581
99 21 1.116041
99 2 1.149650
99 26 1.152483
99 36 1.156800
99 50 1.141301
99 34 1.162680
99 22 1.198065
99 17 1.235757
99 0 1.259542
99 3 1.272202
99 38 1.245292
99 35 1.274798
99 47 1.274799
99 42 1.281841
99 43 1.294920
99 25 1.358542
99 15 1.367651
99 4 1.375954
99 23 1.375992
99 20 1.379673
99 37 1.365166
99 39 1.364185
99 49 1.353367
99 27 1.401697
99 40 1.379376
99 48 1.383937
99 18 1.459423
99 24 1.465421
99 46 1.446931
100 8 0.250545
100 11 0.297618
100 10 0.332867
100 9 0.353928
100 14 0.357777
100 13 0.365657
100 3 0.485500
100 0 0.530359
100 1 0.531429
100 5 0.449318
100 12 0.419574
100 2 0.564869
100 29 0.247218
100 31 0.255224
100 7 0.706312
100 33 0.307756
100 28 0.366746
100 6 0.766999
100 32 0.367817
100 17 0.750570
100 15 0.766125
100 4 0.862425
100 20 0.760116
100 30 0.450026
100 44 0.410185
100 21 0.803006
100 16 0.875532
100 18 0.870851
100 19 0.889901
100 25 0.642652
100 23 0.747593
100 22 0.850480
100 26 0.705957
100 24 0.762591
100 27 0.718091
100 41 0.647989
100 38 0.683673
100 36 0.696947
100 43 0.663841
100 40 0.691451
100 42 0.695464
100 35 0.734090
100 34 0.754112
100 45 0.714330
100 37 0.753420
100 50 0.564999
100 39 0.752028
100 48 0.611258
100 47 0.613585
100 49 0.585844
100 46 0.741713
101 9 0.412885
101 10 0.451652
101 33 0.527229
101 3 0.583220
101 31 0.575396
101 0 0.626325
101 8 0.672358
101 12 0.696789
101 40 0.682677
101 30 0.705553
101 1 0.740757
101 32 0.716477
101 2 0.790235
101 5 0.828688
101 6 0.853246
101 13 0.968652
101 46 0.932018
101 44 0.934426
101 29 0.955974
101 7 0.975552
101 14 0.972876
101 28 0.959608
101 36 0.951177
101 50 0.947909
101 11 0.992571
101 48 0.986599
101 42 1.124761
101 39 1.152894
101 24 1.183278
101 20 1.188521
101 45 1.179024
101 25 1.217010
101 4 1.250319
101 43 1.239899
101 17 1.286350
101 16 1.308003
101 47 1.280615
101 22 1.324996
101 34 1.312262
101 26 1.331658
101 41 1.332696
101 35 1.342240
101 49 1.326046
101 19 1.385256
101 21 1.383497
101 38 1.397193
101 37 1.399111
101 18 1.422747
101 15 1.436802
101 27 1.465969
101 23 1.518109
102 9 0.475961
102 29 0.484041
102 10 0.536471
102 11 0.544827
102 33 0.552325
102 14 0.585281
102 1 0.613289
102 3 0.618866
102 31 0.636309
102 32 0.645984
102 13 0.763303
102 5 0.776864
102 28 0.819349
102 8 0.849372
102 7 0.873005
102 44 0.858846
102 12 0.906885
102 17 0.914728
102 41 0.901343
102 23 0.938425
102 30 0.934142
102 46 0.940571
102 50 0.960146
102 49 0.974912
102 2 1.032791
102 15 1.034669
102 40 1.032543
102 36 1.047045
102 42 1.056221
102 19 1.088879
102 43 1.062483
102 0 1.108871
102 18 1.097814
102 39 1.077295
102 25 1.110864
102 22 1.116034
102 45 1.097427
102 27 1.119816
102 35 1.150434
102 47 1.143262
102 37 1.171573
102 4 1.242123
102 24 1.251936
102 21 1.260200
102 34 1.269099
102 20 1.297681
102 16 1.305606
102 6 1.317748
102 26 1.308618
102 48 1.317855
102 38 1.343718
103 9 0.410243
103 11 0.430078
103 8 0.452529
103 29 0.594904
103 13 0.670842
103 4 0.692666
103 32 0.670709
103 12 0.722406
103 14 0.743420
103 3 0.763915
103 2 0.781269
103 0 0.783992
103 6 0.781392
103 10 0.785753
103 31 0.844099
103 44 0.884149
103 28 0.926638
103 5 0.961894
103 30 0.975422
103 7 1.010812
103 43 0.973323
103 36 1.005558
103 39 1.071358
103 20 1.116360
103 33 1.134069
103 24 1.163657
103 17 1.298838
103 25 1.293167
103 1 1.311032
103 45 1.260656
103 27 1.294268
103 19 1.314206
103 40 1.306617
103 16 1.335450
103 48 1.289834
103 34 1.334345
103 35 1.373134
103 15 1.394125
103 21 1.388942
103 47 1.358777
103 49 1.357721
103 42 1.405102
103 22 1.433069
103 26 1.441701
103 23 1.444703
103 18 1.450645
103 37 1.450387
103 46 1.439203
103 41 1.500641
103 50 1.504952
103 38 1.548628
104 11 0.425749
104 10 0.497176
104 8 0.542734
104 30 0.596095
104 0 0.729714
104 9 0.748835
104 29 0.727263
104 12 0.768349
104 14 0.800433
104 4 0.827492
104 13 0.827271
104 32 0.803417
104 1 0.864508
104 23 0.917516
104 44 0.897782
104 31 0.923722
104 38 0.914062
104 17 0.950748
104 46 0.914188
104 34 0.930553
104 28 0.945240
104 48 0.956547
104 45 1.007349
104 33 1.036551
104 36 1.038404
104 3 1.083752
104 40 1.034946
104 20 1.102172
104 43 1.076281
104 7 1.141736
104 47 1.106572
104 39 1.145643
104 6 1.203896
104 5 1.230953
104 35 1.195706
104 22 1.213647
104 50 1.186632
104 25 1.242289
104 2 1.272827
104 42 1.221119
104 16 1.261619
104 24 1.253353
104 37 1.282098
104 18 1.320566
104 19 1.323219
104 15 1.370757
104 49 1.340517
104 41 1.366002
104 26 1.407316
104 27 1.411689
104 21 1.428909
105 31 0.424370
105 29 0.524232
105 11 0.545041
105 0 0.616214
105 8 0.618984
105 13 0.672646
105 44 0.641832
105 28 0.667788
105 32 0.740242
105 10 0.764582
105 9 0.802335
105 5 0.810342
105 30 0.805666
105 12 0.830202
105 1 0.849656
105 14 0.907946
105 7 0.942445
105 3 0.969067
105 33 1.016196
105 45 1.028592
105 15 1.125013
105 6 1.161531
105 17 1.168566
105 18 1.227672
105 36 1.261813
105 48 1.265817
105 2 1.320204
105 43 1.291066
105 21 1.316229
105 38 1.311028
105 40 1.318967
105 19 1.384769
105 39 1.390847
105 47 1.388572
105 27 1.446134
105 4 1.472348
105 24 1.465969
105 41 1.459416
105 50 1.467230
105 46 1.477860
105 35 1.500837
105 25 1.548840
105 16 1.575065
105 22 1.574257
105 34 1.569327
105 37 1.572444
105 23 1.596707
105 42 1.626153
105 49 1.663533
105 20 1.701659
105 26 1.728842
106 8 0.471330
106 11 0.485472
106 9 0.589422
106 44 0.681041
106 32 0.763459
106 31 0.797860
106 5 0.830843
106 40 0.805106
106 4 0.900773
106 10 0.927026
106 30 0.917308
106 43 0.911048
106 13 0.971959
106 6 0.985777
106 18 1.009330
106 3 1.039629
106 12 1.076384
106 33 1.086405
106 28 1.102410
106 1 1.153058
106 0 1.162065
106 14 1.155044
106 29 1.153006
106 16 1.201746
106 19 1.209517
106 2 1.286861
106 35 1.285261
106 46 1.281466
106 45 1.297473
106 24 1.332693
106 22 1.363327
106 25 1.368249
106 36 1.414245
106 34 1.451774
106 42 1.440027
106 7 1.478623
106 27 1.467484
106 15 1.503214
106 21 1.498161
106 38 1.476449
106 48 1.480259
106 39 1.490318
106 49 1.486102
106 41 1.510324
106 37 1.525350
106 17 1.576637
106 20 1.573656
106 26 1.581616
106 47 1.569920
106 50 1.572538
106 23 1.674347
107 11 0.457830
107 31 0.459593
107 29 0.477699
107 30 0.478119
107 28 0.511969
107 13 0.624210
107 8 0.640829
107 3 0.659606
107 10 0.673336
107 9 0.727638
107 33 0.746797
107 12 0.786242
107 1 0.793895
107 44 0.624243
107 14 0.844270
107 32 0.837270
107 0 0.936320
107 2 0.972443
107 5 1.025290
107 18 1.062739
107 7 1.085810
107 36 1.168544
107 24 1.230481
107 16 1.263045
107 4 1.295807
107 26 1.292404
107 27 1.341383
107 35 1.368120
107 19 1.390250
107 25 1.420895
107 20 1.482258
107 40 1.356514
107 21 1.522823
107 17 1.528176
107 15 1.573014
107 38 1.554568
107 39 1.455467
107 43 1.425450
107 22 1.647006
107 37 1.634829
107 42 1.498707
107 45 1.470338
107 46 1.451380
107 34 1.664696
107 6 1.695326
107 49 1.253984
107 23 1.703031
107 41 1.556630
107 47 1.340502
107 48 1.287388
107 50 1.310423
108 9 0.499142
108 10 0.553779
108 29 0.552543
108 28 0.611216
108 12 0.747780
108 8 0.762347
108 14 0.832792
108 33 0.822248
108 5 0.966420
108 0 0.989538
108 31 0.972357
108 32 0.999418
108 2 1.141132
108 30 1.222368
108 3 1.330175
108 25 1.341314
108 44 1.329774
108 1 1.411299
108 16 1.394407
108 4 1.484263
108 36 1.450101
108 13 1.526761
108 11 1.545959
108 6 1.569545
108 7 1.656123
108 18 1.667616
108 22 1.671085
108 40 1.715766
108 34 1.739971
108 26 1.804502
108 15 1.871573
108 20 1.879339
108 38 1.874816
108 24 1.923123
108 35 1.953099
108 17 1.987095
108 41 1.974306
108 23 2.011983
108 27 2.043039
108 46 2.075343
108 49 2.076315
108 19 2.131137
108 37 2.106916
108 43 2.104880
108 39 2.143212
108 45 2.140898
108 50 2.202951
108 21 2.260637
108 48 2.226951
108 42 2.250675
108 47 2.314895
109 32 0.539508
109 13 0.574754
109 44 0.597935
109 9 0.657458
109 11 0.689893
109 8 0.739805
109 30 0.738833
109 33 0.798588
109 5 0.883549
109 1 0.923588
109 31 0.915173
109 14 0.941760
109 28 0.928073
109 29 0.958702
109 37 1.007380
109 27 1.026321
109 34 1.020766
109 10 1.092128
109 3 1.118368
109 46 1.084905
109 12 1.142440
109 15 1.141032
109 2 1.183908
109 36 1.194708
109 7 1.246539
109 21 1.278985
109 4 1.300872
109 41 1.271912
109 43 1.277916
109 0 1.372933
109 49 1.332416
109 39 1.344706
109 48 1.334216
109 35 1.368135
109 23 1.387546
109 45 1.378022
109 22 1.435734
109 42 1.417931
109 16 1.458063
109 40 1.437487
109 18 1.470843
109 17 1.487540
109 6 1.501196
109 25 1.484424
109 19 1.516146
109 26 1.512899
109 47 1.501390
109 20 1.540110
109 50 1.513536
109 24 1.569739
109 38 1.606120
110 8 0.572815
110 10 0.587420
110 32 0.695405
110 12 0.733104
110 30 0.808646
110 44 0.812174
110 9 0.895225
110 0 0.915655
110 6 0.936440
110 28 0.933314
110 1 0.975051
110 29 0.980870
110 31 1.016792
110 14 1.035260
110 11 1.073014
110 33 1.069023
110 13 1.112860
110 16 1.135756
110 40 1.136253
110 4 1.189108
110 25 1.221437
110 50 1.253685
110 21 1.313386
110 3 1.398125
110 2 1.419834
110 36 1.407819
110 37 1.423991
110 7 1.466733
110 5 1.482773
110 46 1.436365
110 42 1.485115
110 39 1.500376
110 20 1.530427
110 47 1.517090
110 41 1.553292
110 49 1.554502
110 38 1.584507
110 24 1.613389
110 26 1.632490
110 18 1.649639
110 43 1.623753
110 35 1.649955
110 15 1.697648
110 45 1.696928
110 48 1.713884
110 17 1.765245
110 27 1.770815
110 19 1.805109
110 22 1.810470
110 34 1.812669
110 23 1.962162
111 11 0.407747
111 9 0.418861
111 5 0.425780
111 14 0.482022
111 3 0.560322
111 29 0.543441
111 4 0.614554
111 0 0.721525
111 8 0.711574
111 2 0.720977
111 13 0.769153
111 31 0.770224
111 32 0.813081
111 1 0.867381
111 6 0.860731
111 12 0.888807
111 28 0.887730
111 44 0.885279
111 33 0.918049
111 30 0.922623
111 22 0.983352
111 10 1.012372
111 15 1.015010
111 17 1.096370
111 20 1.101537
111 26 1.107432
111 16 1.132519
111 39 1.099809
111 19 1.153903
111 7 1.172580
111 25 1.171533
111 34 1.251688
111 38 1.245413
111 21 1.276599
111 42 1.240686
111 43 1.240082
111 23 1.276506
111 18 1.281264
111 35 1.251531
111 37 1.250407
111 36 1.261210
111 41 1.261218
111 27 1.295565
111 50 1.291253
111 47 1.302725
111 40 1.326566
111 45 1.320584
111 46 1.324961
111 24 1.377587
111 48 1.363651
111 49 1.392066
112 8 0.631152
112 9 0.651020
112 10 0.684112
112 44 0.692985
112 12 0.755709
112 32 0.857588
112 31 0.879201
112 33 0.906998
112 14 0.931233
112 0 0.986748
112 1 1.006250
112 6 1.022672
112 3 1.025562
112 11 1.038098
112 13 1.082429
112 2 1.110288
112 4 1.160171
112 28 1.244821
112 30 1.265858
112 29 1.304334
112 25 1.397550
112 26 1.426495
112 35 1.437280
112 7 1.497921
112 24 1.536438
112 47 1.524555
112 19 1.605644
112 42 1.595655
112 16 1.677379
112 27 1.688087
112 5 1.719608
112 50 1.696039
112 17 1.742439
112 38 1.741985
112 22 1.767666
112 40 1.741703
112 36 1.750016
112 20 1.869327
112 49 1.828758
112 18 1.874075
112 34 1.854525
112 46 1.835133
112 15 1.879797
112 45 1.836800
112 43 1.841406
112 48 1.834829
112 39 1.847179
112 23 1.900211
112 37 1.905677
112 41 1.926043
112 21 2.041597
113 13 0.499155
113 11 0.590476
113 9 0.630590
113 29 0.623092
113 33 0.645078
113 44 0.655458
113 8 0.768540
113 30 0.777720
113 1 0.878657
113 28 0.903742
113 5 0.932394
113 3 0.934836
113 14 0.927994
113 12 0.949266
113 10 0.970873
113 32 1.079471
113 35 1.091602
113 31 1.125927
113 40 1.137481
113 4 1.186481
113 15 1.185837
113 7 1.251074
113 48 1.266714
113 0 1.380413
113 42 1.352219
113 6 1.396694
113 43 1.389669
113 21 1.421868
113 49 1.403418
113 19 1.444265
113 2 1.465949
113 39 1.440801
113 23 1.464667
113 27 1.465612
113 34 1.464506
113 45 1.470917
113 18 1.502014
113 25 1.517720
113 38 1.513954
113 26 1.544673
113 17 1.559046
113 50 1.565428
113 16 1.608505
113 41 1.585004
113 36 1.598442
113 47 1.622358
113 37 1.679903
113 20 1.737795
113 24 1.741012
113 46 1.764660
113 22 1.799388
114 8 0.475229
114 10 0.492367
114 44 0.510255
114 0 0.706957
114 28 0.763787
114 29 0.774331
114 14 0.859326
114 13 0.885457
114 1 0.992955
114 9 1.004611
114 12 1.016491
114 30 1.105331
114 32 1.179895
114 11 1.269545
114 16 1.275342
114 6 1.290491
114 18 1.282280
114 3 1.351701
114 31 1.339078
114 22 1.357477
114 2 1.419925
114 40 1.399938
114 43 1.411129
114 24 1.466996
114 26 1.492813
114 15 1.577286
114 42 1.567934
114 33 1.603138
114 36 1.755399
114 50 1.769642
114 46 1.774970
114 25 1.815962
114 45 1.804409
114 34 1.855956
114 7 1.894564
114 4 1.903521
114 5 1.930337
114 37 1.907229
114 48 1.899171
114 49 1.903499
114 20 1.945669
114 39 1.927198
114 23 1.977516
114 47 1.999868
114 19 2.077901
114 27 2.082983
114 21 2.094855
114 41 2.088897
114 38 2.153509
114 35 2.191800
114 17 2.242072
115 31 0.514788
115 28 0.520051
115 10 0.536322
115 12 0.585751
115 44 0.577169
115 8 0.627621
115 30 0.608682
115 14 0.682492
115 32 0.691460
115 1 0.741592
115 33 0.750296
115 13 0.827683
115 2 0.896825
115 11 0.892189
115 6 0.920428
115 36 0.905589
115 0 1.008119
115 17 1.037294
115 9 1.043568
115 4 1.063221
115 18 1.059619
115 47 1.044884
115 15 1.126257
115 29 1.115331
115 34 1.109007
115 24 1.122341
115 43 1.125808
115 21 1.152902
115 40 1.131983
115 45 1.175766
115 41 1.198927
115 16 1.248766
115 42 1.234932
115 37 1.244102
115 23 1.286044
115 26 1.285627
115 19 1.302606
115 46 1.270366
115 3 1.333046
115 39 1.298352
115 5 1.381580
115 27 1.364508
115 22 1.370735
115 50 1.360102
115 20 1.404924
115 49 1.370581
115 35 1.395405
115 25 1.408626
115 48 1.403775
115 38 1.435245
115 7 1.534371
116 11 0.505044
116 9 0.568376
116 33 0.591630
116 14 0.766010
116 13 0.780911
116 28 0.796688
116 0 0.863767
116 5 0.875118
116 31 0.852703
116 1 0.878742
116 2 0.895321
116 29 1.020043
116 47 0.999147
116 12 1.038583
116 44 1.003614
116 3 1.044906
116 6 1.044359
116 40 1.009438
116 30 1.024460
116 7 1.099620
116 8 1.115078
116 10 1.114379
116 45 1.148701
116 32 1.194769
116 4 1.313426
116 42 1.303265
116 15 1.347320
116 49 1.320358
116 18 1.371014
116 34 1.368673
116 38 1.380127
116 25 1.404735
116 43 1.392795
116 27 1.424010
116 36 1.427827
116 17 1.478028
116 21 1.484379
116 19 1.488633
116 46 1.456175
116 16 1.520167
116 24 1.512907
116 23 1.524825
116 35 1.520029
116 22 1.556225
116 41 1.553338
116 37 1.572613
116 26 1.596225
116 20 1.615252
116 48 1.592058
116 39 1.616971
116 50 1.614770
117 8 0.561679
117 9 0.580127
117 28 0.854739
117 11 0.892531
117 10 0.924684
117 3 0.990321
117 29 0.984392
117 31 1.098027
117 1 1.127659
117 13 1.120742
117 0 1.129327
117 5 1.128934
117 32 1.163040
117 44 1.144973
117 30 1.193302
117 40 1.174414
117 2 1.219065
117 7 1.304351
117 33 1.300741
117 12 1.327450
117 39 1.290903
117 14 1.368665
117 6 1.416251
117 22 1.427876
117 16 1.457772
117 23 1.504790
117 21 1.507457
117 15 1.621467
117 36 1.593163
117 43 1.630658
117 34 1.665398
117 4 1.697160
117 17 1.728023
117 19 1.760394
117 46 1.733687
117 25 1.798514
117 18 1.820625
117 37 1.815368
117 27 1.846928
117 35 1.833465
117 48 1.815496
117 45 1.818645
117 26 1.876626
117 24 1.905778
117 41 1.897033
117 50 1.900233
117 20 1.944575
117 42 1.912069
117 38 1.946797
117 47 2.019953
117 49 2.056442
118 10 0.598446
118 44 0.733301
118 8 0.797859
118 12 0.796162
118 11 0.814420
118 4 0.948472
118 0 0.985656
118 14 0.991698
118 5 0.999448
118 22 0.984383
118 32 1.020161
118 1 1.070064
118 9 1.081861
118 2 1.087907
118 28 1.123001
118 13 1.167924
118 30 1.165734
118 29 1.195830
118 40 1.192021
118 33 1.242982
118 17 1.280912
118 31 1.287980
118 34 1.350522
118 41 1.373974
118 25 1.428031
118 46 1.481943
118 26 1.529740
118 18 1.627924
118 47 1.583998
118 35 1.625777
118 24 1.648006
118 3 1.684683
118 15 1.717677
118 19 1.715563
118 16 1.733994
118 36 1.704206
118 38 1.702611
118 20 1.749059
118 43 1.726332
118 21 1.857316
118 7 1.870659
118 39 1.830380
118 6 1.873264
118 50 1.816514
118 42 1.827015
118 48 1.878721
118 37 1.895283
118 23 1.965488
118 49 1.926319
118 27 1.971108
118 45 2.021597
119 9 0.493635
119 10 0.649157
119 14 0.703714
119 8 0.805066
119 11 0.810010
119 13 0.832525
119 31 0.863941
119 2 0.953800
119 1 0.968998
119 30 0.956996
119 5 1.017263
119 4 1.064654
119 32 1.032721
119 7 1.072766
119 33 1.030758
119 28 1.098930
119 39 1.086327
119 12 1.145667
119 6 1.174568
119 44 1.172063
119 0 1.261073
119 37 1.231223
119 29 1.288393
119 3 1.352958
119 41 1.452672
119 17 1.535660
119 46 1.551772
119 19 1.629493
119 42 1.608290
119 40 1.618616
119 35 1.635439
119 50 1.630935
119 18 1.703891
119 48 1.665748
119 15 1.728402
119 21 1.733286
119 49 1.699510
119 24 1.752942
119 20 1.781802
119 45 1.748431
119 36 1.772840
119 43 1.770151
119 26 1.812710
119 16 1.833296
119 23 1.828090
119 27 1.824242
119 25 1.826845
119 34 1.816134
119 38 1.810820
119 47 1.811011
119 22 1.874113
120 13 0.682963
120 8 0.738608
120 14 0.880875
120 10 0.891960
120 11 0.986812
120 12 1.078294
120 15 1.296145
120 3 1.332126
120 0 1.337712
120 30 1.256047
120 9 1.328999
120 17 1.312636
120 1 1.341529
120 4 1.338839
120 2 1.379982
120 31 1.284892
120 33 1.162277
120 32 1.399970
120 6 1.536085
120 29 1.504609
120 16 1.577758
120 28 1.576548
120 7 1.635132
120 22 1.667922
120 19 1.718915
120 26 1.765162
120 44 1.105885
120 27 1.948000
120 5 2.006586
120 24 1.987680
120 21 2.013917
120 23 2.021868
120 34 1.534911
120 41 1.442400
120 45 1.306394
120 25 2.155139
120 18 2.205816
120 43 1.333611
120 20 2.263542
120 42 1.528657
120 47 1.375181
120 39 1.609420
120 36 1.626677
120 35 1.690567
120 48 1.491015
120 37 1.786357
120 40 1.757487
120 38 1.775334
120 50 1.201946
120 49 1.212904
120 46 1.611146
