21 1 0.112990
21 9 0.109694
21 4 0.143872
21 7 0.135834
21 6 0.137775
21 8 0.143685
21 0 0.160005
21 3 0.156835
21 5 0.166570
21 2 0.178789
21 11 0.122325
21 10 0.155263
21 13 0.084243
21 12 0.132920
21 14 0.095489
21 16 0.106862
21 18 0.110545
21 20 0.113518
21 15 0.129764
21 24 0.116997
21 17 0.130718
21 21 0.130001
21 22 0.127740
21 19 0.134947
21 23 0.128578
21 27 0.170768
21 30 0.165777
21 33 0.154296
21 29 0.176978
21 48 0.148418
21 45 0.154165
21 35 0.170983
21 37 0.164881
21 43 0.159672
21 39 0.161667
21 31 0.188176
21 26 0.196907
21 44 0.162399
21 38 0.171479
21 28 0.194752
21 41 0.167944
21 32 0.184754
21 25 0.201740
21 47 0.164149
21 40 0.173863
21 36 0.183770
21 46 0.169139
21 50 0.164246
21 42 0.176967
21 34 0.195052
21 49 0.175646
22 0 0.102171
22 2 0.118165
22 3 0.149936
22 4 0.154437
22 1 0.167816
22 9 0.173074
22 5 0.183865
22 7 0.193045
22 6 0.213184
22 8 0.208965
22 11 0.222525
22 12 0.239135
22 14 0.238471
22 32 0.221907
22 29 0.228045
22 10 0.254527
22 31 0.229856
22 41 0.218764
22 20 0.244601
22 22 0.243074
22 34 0.233845
22 30 0.240621
22 18 0.259716
22 44 0.233586
22 16 0.268828
22 46 0.230775
22 21 0.263160
22 26 0.260284
22 28 0.257302
22 39 0.243790
22 38 0.245593
22 19 0.271907
22 40 0.246557
22 15 0.278400
22 33 0.256671
22 49 0.236329
22 36 0.253778
22 17 0.279760
22 24 0.273246
22 13 0.288702
22 43 0.252738
22 50 0.243886
22 42 0.260124
22 48 0.252528
22 35 0.270876
22 45 0.259610
22 25 0.286135
22 23 0.290814
22 27 0.287973
22 47 0.261944
22 37 0.276229
23 0 0.071661
23 12 0.175387
23 2 0.190972
23 15 0.202749
23 6 0.216856
23 8 0.229518
23 14 0.233306
23 11 0.235846
23 28 0.222629
23 13 0.240118
23 10 0.248769
23 29 0.236810
23 30 0.240471
23 32 0.239760
23 9 0.262373
23 31 0.242920
23 18 0.257261
23 4 0.268397
23 3 0.269936
23 20 0.257758
23 22 0.254927
23 17 0.261222
23 19 0.261591
23 44 0.234823
23 42 0.237346
23 40 0.240126
23 27 0.254397
23 50 0.233240
23 24 0.259000
23 23 0.260387
23 33 0.252162
23 5 0.279260
23 35 0.251108
23 25 0.260448
23 21 0.267783
23 16 0.274190
23 34 0.255499
23 7 0.282718
23 47 0.244124
23 48 0.243486
23 38 0.255622
23 36 0.259433
23 26 0.270344
23 39 0.259324
23 1 0.295644
23 43 0.255646
23 46 0.253615
23 37 0.262644
23 45 0.254932
23 41 0.262361
23 49 0.257172
24 0 0.111191
24 4 0.123465
24 2 0.124672
24 3 0.133584
24 1 0.158960
24 9 0.157271
24 7 0.160665
24 8 0.165614
24 5 0.172315
24 6 0.190809
24 33 0.182354
24 12 0.206752
24 13 0.206424
24 11 0.213300
24 44 0.182564
24 17 0.211971
24 10 0.221620
24 23 0.213758
24 14 0.227760
24 31 0.211638
24 29 0.213407
24 35 0.212686
24 28 0.220123
24 24 0.225059
24 43 0.206962
24 39 0.211552
24 48 0.203478
24 37 0.215848
24 15 0.237641
24 20 0.233204
24 32 0.223895
24 50 0.207614
24 46 0.210848
24 30 0.228215
24 41 0.219048
24 26 0.233828
24 49 0.212974
24 22 0.239847
24 34 0.229402
24 19 0.245139
24 47 0.218567
24 25 0.240117
24 27 0.238076
24 38 0.228518
24 40 0.226604
24 18 0.248895
24 16 0.250842
24 42 0.225058
24 21 0.247188
24 45 0.225348
24 36 0.235939
25 3 0.162897
25 4 0.169009
25 1 0.171599
25 2 0.171306
25 5 0.171914
25 0 0.186355
25 6 0.198747
25 7 0.199483
25 9 0.196663
25 8 0.199591
25 10 0.199466
25 12 0.068312
25 11 0.174491
25 13 0.075561
25 20 0.091304
25 14 0.104717
25 17 0.116304
25 15 0.126409
25 18 0.125346
25 16 0.134854
25 21 0.144328
25 19 0.156007
25 22 0.154246
25 25 0.145665
25 33 0.143629
25 29 0.164435
25 30 0.169131
25 26 0.182211
25 50 0.152315
25 39 0.165705
25 47 0.160191
25 32 0.179397
25 38 0.173084
25 24 0.198243
25 23 0.208479
25 35 0.182687
25 43 0.171530
25 45 0.170278
25 34 0.185388
25 44 0.173196
25 37 0.181937
25 31 0.193324
25 36 0.188158
25 40 0.185021
25 41 0.190888
25 28 0.210531
25 49 0.185900
25 48 0.187285
25 46 0.204080
25 27 0.231840
25 42 0.212294
26 0 0.149647
26 6 0.147324
26 4 0.152833
26 5 0.182719
26 2 0.188515
26 3 0.192402
26 1 0.217343
26 9 0.214800
26 20 0.218538
26 21 0.222755
26 8 0.238550
26 29 0.218407
26 12 0.245736
26 22 0.236298
26 17 0.251221
26 10 0.262748
26 34 0.239315
26 28 0.250022
26 42 0.237901
26 24 0.257001
26 26 0.256202
26 49 0.231961
26 39 0.243008
26 14 0.269648
26 19 0.265439
26 30 0.253174
26 32 0.251863
26 38 0.245230
26 23 0.262869
26 37 0.249266
26 33 0.253736
26 11 0.276409
26 47 0.239370
26 46 0.241873
26 18 0.272185
26 13 0.277000
26 48 0.240964
26 41 0.248775
26 16 0.275475
26 31 0.259773
26 50 0.240414
26 43 0.250639
26 27 0.271808
26 44 0.254287
26 7 0.293419
26 35 0.268688
26 25 0.279864
26 36 0.268793
26 40 0.267289
26 15 0.294594
26 45 0.263916
27 0 0.069901
27 2 0.173773
27 6 0.201268
27 4 0.216198
27 8 0.241632
27 29 0.226137
27 23 0.237438
27 17 0.250513
27 14 0.256979
27 27 0.245454
27 30 0.245804
27 26 0.249943
27 19 0.257007
27 16 0.260586
27 10 0.265844
27 33 0.246305
27 31 0.248457
27 9 0.268989
27 50 0.231645
27 7 0.272273
27 20 0.263281
27 24 0.259554
27 47 0.236549
27 13 0.270085
27 38 0.247062
27 48 0.236721
27 11 0.272049
27 34 0.253451
27 22 0.265346
27 42 0.246146
27 41 0.247705
27 5 0.279693
27 15 0.273102
27 21 0.268950
27 3 0.282542
27 44 0.246563
27 12 0.277344
27 28 0.263823
27 36 0.256653
27 25 0.267054
27 37 0.256581
27 35 0.259006
27 18 0.275324
27 46 0.251219
27 43 0.255077
27 32 0.266502
27 39 0.260139
27 1 0.293545
27 40 0.263646
27 45 0.261537
27 49 0.260375
28 0 0.137387
28 3 0.148348
28 5 0.151362
28 2 0.169567
28 1 0.176267
28 9 0.177360
28 8 0.182444
28 6 0.195223
28 4 0.200192
28 10 0.196372
28 7 0.202610
28 49 0.192159
28 14 0.229269
28 11 0.232486
28 13 0.235225
28 41 0.212351
28 19 0.235830
28 16 0.238775
28 33 0.220760
28 29 0.226538
28 20 0.237693
28 15 0.242369
28 32 0.225322
28 12 0.248156
28 28 0.234760
28 26 0.237832
28 25 0.239089
28 21 0.245705
28 23 0.244163
28 31 0.236330
28 22 0.246614
28 17 0.252530
28 35 0.234686
28 27 0.245221
28 43 0.231574
28 37 0.237458
28 38 0.237271
28 36 0.239395
28 40 0.236903
28 30 0.248277
28 50 0.228656
28 48 0.231847
28 42 0.238389
28 18 0.263482
28 34 0.250183
28 46 0.239281
28 44 0.242361
28 47 0.240722
28 45 0.243055
28 39 0.249666
28 24 0.271358
29 0 0.135736
29 1 0.154667
29 5 0.169214
29 9 0.176470
29 8 0.181041
29 2 0.190140
29 4 0.201625
29 3 0.205029
29 7 0.217544
29 6 0.228313
29 33 0.220196
29 10 0.244899
29 12 0.243628
29 14 0.248515
29 13 0.259400
29 28 0.246534
29 32 0.243187
29 31 0.250782
29 15 0.268481
29 11 0.273075
29 23 0.266858
29 29 0.263264
29 22 0.270848
29 30 0.264081
29 44 0.250387
29 34 0.262871
29 35 0.265452
29 40 0.261312
29 17 0.285580
29 24 0.279049
29 16 0.287931
29 46 0.262679
29 19 0.290952
29 27 0.284698
29 25 0.288509
29 21 0.294117
29 36 0.278864
29 38 0.277217
29 43 0.272219
29 18 0.299515
29 26 0.294603
29 41 0.279562
29 48 0.273606
29 45 0.277693
29 20 0.305266
29 50 0.273888
29 42 0.284512
29 49 0.280312
29 37 0.293396
29 47 0.284111
29 39 0.294613
30 0 0.128944
30 1 0.149051
30 4 0.159486
30 3 0.166897
30 8 0.188410
30 9 0.189971
30 2 0.198888
30 7 0.197904
30 5 0.203751
30 6 0.211380
30 10 0.209245
30 19 0.237794
30 21 0.240414
30 11 0.249899
30 30 0.235348
30 20 0.247653
30 33 0.234358
30 31 0.236825
30 13 0.254985
30 25 0.245088
30 23 0.248360
30 17 0.254213
30 12 0.259650
30 26 0.248058
30 37 0.238657
30 18 0.258941
30 14 0.262136
30 15 0.262471
30 22 0.257446
30 29 0.249761
30 28 0.255356
30 40 0.248418
30 34 0.255402
30 16 0.275026
30 45 0.245448
30 38 0.254502
30 32 0.261436
30 44 0.248607
30 50 0.243500
30 42 0.251902
30 24 0.271969
30 49 0.247120
30 46 0.251118
30 48 0.249384
30 39 0.258767
30 36 0.263198
30 27 0.274577
30 47 0.253841
30 35 0.270006
30 41 0.270226
30 43 0.269972
31 3 0.155234
31 6 0.163870
31 5 0.173531
31 9 0.170989
31 2 0.181722
31 11 0.172636
31 1 0.185866
31 0 0.213826
31 10 0.203306
31 7 0.206212
31 8 0.214763
31 4 0.220511
31 13 0.225931
31 21 0.202180
31 14 0.224970
31 19 0.212663
31 12 0.232559
31 20 0.211386
31 17 0.228961
31 25 0.243588
31 23 0.251651
31 29 0.238763
31 15 0.276285
31 33 0.236358
31 22 0.267546
31 24 0.262979
31 42 0.206639
31 27 0.260907
31 47 0.156286
31 31 0.250333
31 30 0.253278
31 18 0.293469
31 32 0.262275
31 38 0.241571
31 44 0.218698
31 50 0.157169
31 26 0.283553
31 41 0.231594
31 37 0.249671
31 46 0.225632
31 35 0.272176
31 34 0.277449
31 16 0.324963
31 49 0.182843
31 48 0.184172
31 28 0.298332
31 45 0.246829
31 43 0.252628
31 40 0.267239
31 36 0.282166
31 39 0.279479
32 0 0.159733
32 4 0.186830
32 3 0.187774
32 10 0.189964
32 2 0.219593
32 5 0.229695
32 11 0.245435
32 7 0.249097
32 28 0.235691
32 14 0.248862
32 8 0.256090
32 12 0.257977
32 6 0.276306
32 1 0.285352
32 32 0.258168
32 13 0.277107
32 44 0.248232
32 20 0.275473
32 30 0.268575
32 9 0.294313
32 33 0.271173
32 36 0.270501
32 24 0.285863
32 27 0.283865
32 34 0.277649
32 15 0.297471
32 40 0.273188
32 18 0.295666
32 35 0.277926
32 46 0.268530
32 25 0.291209
32 29 0.289242
32 31 0.286994
32 17 0.303607
32 23 0.297419
32 16 0.308692
32 39 0.296450
32 26 0.310307
32 22 0.317060
32 47 0.293758
32 45 0.298092
32 19 0.325189
32 41 0.303369
32 48 0.296154
32 43 0.301265
32 37 0.307537
32 50 0.295806
32 38 0.310902
32 42 0.307203
32 21 0.336293
32 49 0.311355
33 0 0.171591
33 6 0.182816
33 2 0.186223
33 1 0.192089
33 9 0.190744
33 8 0.194989
33 5 0.205738
33 4 0.249881
33 30 0.244707
33 10 0.269219
33 14 0.266163
33 11 0.269128
33 32 0.251165
33 7 0.274823
33 44 0.240587
33 28 0.257133
33 3 0.279523
33 13 0.275620
33 33 0.256142
33 12 0.277122
33 22 0.283696
33 18 0.291270
33 31 0.279408
33 27 0.285222
33 29 0.283096
33 34 0.277974
33 16 0.297175
33 17 0.299222
33 43 0.277484
33 26 0.297357
33 45 0.279421
33 15 0.309246
33 20 0.304887
33 36 0.290588
33 25 0.306076
33 37 0.294113
33 46 0.285664
33 19 0.313114
33 39 0.297989
33 42 0.297512
33 21 0.321217
33 40 0.306063
33 50 0.299330
33 38 0.313445
33 35 0.316483
33 24 0.329028
33 41 0.311173
33 23 0.330949
33 49 0.306438
33 48 0.310718
33 47 0.313779
34 0 0.147175
34 1 0.166081
34 4 0.180633
34 2 0.185727
34 8 0.193452
34 3 0.202517
34 7 0.222023
34 9 0.221131
34 6 0.230406
34 10 0.241178
34 13 0.250743
34 28 0.235399
34 30 0.233772
34 15 0.251655
34 29 0.240075
34 5 0.270498
34 11 0.265909
34 19 0.264991
34 43 0.243772
34 45 0.245262
34 17 0.276606
34 24 0.270961
34 22 0.275179
34 12 0.284315
34 14 0.284118
34 20 0.278980
34 32 0.266623
34 27 0.271546
34 16 0.287333
34 38 0.265355
34 33 0.269920
34 26 0.276904
34 47 0.257442
34 31 0.275059
34 18 0.290299
34 44 0.263775
34 36 0.283244
34 34 0.286304
34 25 0.294583
34 40 0.281235
34 39 0.282831
34 48 0.273744
34 21 0.303457
34 35 0.289298
34 46 0.277537
34 23 0.304164
34 42 0.283608
34 37 0.291446
34 50 0.281598
34 41 0.294427
34 49 0.284565
35 0 0.179750
35 8 0.187620
35 4 0.215309
35 9 0.211725
35 1 0.254833
35 6 0.251753
35 12 0.249502
35 3 0.257356
35 29 0.237198
35 14 0.252584
35 5 0.259713
35 10 0.256834
35 28 0.243148
35 32 0.240005
35 2 0.268391
35 44 0.230007
35 31 0.273848
35 7 0.295607
35 13 0.291322
35 11 0.295958
35 21 0.288321
35 30 0.279383
35 35 0.283889
35 18 0.302269
35 19 0.302437
35 38 0.281644
35 46 0.278000
35 26 0.302986
35 33 0.300094
35 42 0.296027
35 50 0.287896
35 25 0.317152
35 16 0.329298
35 23 0.323558
35 17 0.331900
35 49 0.299048
35 40 0.309453
35 27 0.324275
35 24 0.329160
35 22 0.331134
35 47 0.302871
35 43 0.309314
35 37 0.319481
35 20 0.341058
35 36 0.324112
35 34 0.329228
35 41 0.321261
35 45 0.318561
35 15 0.352203
35 48 0.323252
35 39 0.333953
36 0 0.129798
36 1 0.141729
36 2 0.190044
36 3 0.196266
36 9 0.193752
36 4 0.204913
36 8 0.212868
36 6 0.217797
36 11 0.213003
36 5 0.228274
36 7 0.240330
36 10 0.289348
36 13 0.295961
36 34 0.268631
36 12 0.297406
36 19 0.289288
36 30 0.273060
36 28 0.277917
36 18 0.292936
36 42 0.262865
36 22 0.289890
36 38 0.269453
36 31 0.279944
36 44 0.265688
36 50 0.260911
36 26 0.291544
36 21 0.297094
36 20 0.298029
36 24 0.295323
36 32 0.283624
36 48 0.266335
36 45 0.269119
36 29 0.289460
36 41 0.276265
36 16 0.311110
36 37 0.286844
36 14 0.319579
36 49 0.276432
36 33 0.294896
36 36 0.292269
36 47 0.280708
36 17 0.324022
36 27 0.319691
36 46 0.298683
36 43 0.303313
36 15 0.341103
36 25 0.329987
36 23 0.332088
36 40 0.312536
36 39 0.321400
36 35 0.334385
37 1 0.200022
37 0 0.201146
37 2 0.221459
37 4 0.225598
37 13 0.258020
37 12 0.259275
37 10 0.267834
37 8 0.269456
37 9 0.268971
37 7 0.270899
37 5 0.275163
37 6 0.280396
37 14 0.277184
37 27 0.272207
37 44 0.258694
37 31 0.275203
37 32 0.274230
37 30 0.277370
37 3 0.303938
37 11 0.310881
37 37 0.291527
37 47 0.283045
37 28 0.301002
37 36 0.293934
37 15 0.316454
37 16 0.318936
37 33 0.302402
37 20 0.317926
37 43 0.297915
37 17 0.327510
37 18 0.328266
37 29 0.322174
37 19 0.332071
37 24 0.333587
37 25 0.334860
37 35 0.326410
37 26 0.334774
37 42 0.321798
37 39 0.325886
37 22 0.343892
37 21 0.348266
37 46 0.324697
37 48 0.325008
37 23 0.348899
37 49 0.324997
37 50 0.325514
37 34 0.346713
37 41 0.341510
37 40 0.343405
37 38 0.347163
37 45 0.346494
38 3 0.223880
38 0 0.265259
38 9 0.322903
38 13 0.323396
38 2 0.333622
38 1 0.339955
38 10 0.334242
38 28 0.315750
38 14 0.333905
38 30 0.314259
38 4 0.344346
38 12 0.339212
38 6 0.344745
38 8 0.343687
38 44 0.303033
38 32 0.317900
38 18 0.336606
38 16 0.339809
38 31 0.323648
38 5 0.364728
38 29 0.338282
38 7 0.365020
38 22 0.352537
38 24 0.353020
38 26 0.352420
38 38 0.340427
38 40 0.340288
38 20 0.367475
38 34 0.353732
38 23 0.371720
38 27 0.372066
38 11 0.396500
38 42 0.361005
38 45 0.361251
38 33 0.378407
38 41 0.371989
38 47 0.366623
38 37 0.380623
38 48 0.373203
38 50 0.375284
38 19 0.420598
38 46 0.389683
38 17 0.426571
38 39 0.410908
38 35 0.417040
38 36 0.421300
38 21 0.439552
38 15 0.449264
38 25 0.441467
38 43 0.418907
38 49 0.415806
39 0 0.176332
39 5 0.186892
39 10 0.194014
39 8 0.205167
39 3 0.220558
39 4 0.229704
39 13 0.257260
39 33 0.238419
39 17 0.255984
39 32 0.239875
39 29 0.252174
39 12 0.271042
39 2 0.278746
39 48 0.239599
39 20 0.272308
39 31 0.268701
39 19 0.282136
39 28 0.272936
39 21 0.281408
39 7 0.293553
39 9 0.292435
39 1 0.306415
39 14 0.297107
39 11 0.302532
39 6 0.312693
39 45 0.277150
39 39 0.287712
39 44 0.284315
39 30 0.305116
39 24 0.312516
39 40 0.296720
39 18 0.322313
39 26 0.315304
39 50 0.291617
39 49 0.296503
39 27 0.321987
39 46 0.303965
39 15 0.336558
39 41 0.316989
39 16 0.343352
39 36 0.322449
39 22 0.339402
39 25 0.336332
39 23 0.341724
39 43 0.321307
39 37 0.332432
39 34 0.345566
39 42 0.341007
39 47 0.342847
39 35 0.355028
39 38 0.354736
40 0 0.178234
40 3 0.181338
40 5 0.188975
40 8 0.199272
40 6 0.205315
40 2 0.240676
40 1 0.304031
40 4 0.302367
40 13 0.296726
40 21 0.303822
40 11 0.311553
40 7 0.314968
40 32 0.294874
40 14 0.313095
40 17 0.311414
40 28 0.300810
40 9 0.317970
40 18 0.312991
40 16 0.317160
40 19 0.316372
40 47 0.287648
40 30 0.307818
40 10 0.325462
40 29 0.309628
40 33 0.306104
40 43 0.298171
40 12 0.333990
40 24 0.334218
40 44 0.311819
40 35 0.329630
40 23 0.348678
40 34 0.344252
40 22 0.360308
40 31 0.351065
40 46 0.340414
40 20 0.370938
40 45 0.345777
40 15 0.380352
40 27 0.370295
40 26 0.374484
40 50 0.352559
40 38 0.366108
40 41 0.365158
40 39 0.372911
40 42 0.369692
40 37 0.376946
40 40 0.374630
40 25 0.393024
40 48 0.371530
40 49 0.370961
40 36 0.390622
41 3 0.207845
41 10 0.206913
41 9 0.208194
41 0 0.216661
41 5 0.276214
41 29 0.283866
41 11 0.301675
41 4 0.310771
41 13 0.309823
41 8 0.314339
41 2 0.320527
41 16 0.327377
41 28 0.318793
41 32 0.325379
41 1 0.357012
41 7 0.359783
41 14 0.359645
41 30 0.346818
41 6 0.372052
41 46 0.335585
41 31 0.353050
41 17 0.368481
41 44 0.351284
41 12 0.385875
41 33 0.367991
41 21 0.381279
41 18 0.395758
41 22 0.395187
41 27 0.401349
41 43 0.384108
41 48 0.391754
41 20 0.440815
41 34 0.428427
41 19 0.446896
41 35 0.435299
41 15 0.457652
41 25 0.447526
41 39 0.433782
41 24 0.449410
41 26 0.447444
41 37 0.436654
41 23 0.454654
41 36 0.444145
41 45 0.436891
41 40 0.445596
41 50 0.442651
41 42 0.455079
41 49 0.454453
41 47 0.460018
41 38 0.473219
41 41 0.470843
42 0 0.185973
42 8 0.184653
42 1 0.211500
42 9 0.216069
42 2 0.225403
42 10 0.243611
42 14 0.235681
42 12 0.239882
42 3 0.252915
42 6 0.315578
42 4 0.321540
42 28 0.299414
42 46 0.278441
42 34 0.303734
42 16 0.335971
42 44 0.297494
42 30 0.325839
42 26 0.334286
42 31 0.322165
42 37 0.317778
42 32 0.322626
42 40 0.309930
42 24 0.340926
42 38 0.318328
42 19 0.361510
42 25 0.353884
42 33 0.340840
42 23 0.359627
42 7 0.396191
42 20 0.378124
42 11 0.391949
42 13 0.387335
42 48 0.327530
42 39 0.353681
42 5 0.411857
42 22 0.390484
42 42 0.356730
42 21 0.400090
42 50 0.346840
42 29 0.392749
42 43 0.370600
42 17 0.417353
42 15 0.419914
42 18 0.429201
42 45 0.385979
42 35 0.403674
42 49 0.374936
42 27 0.423908
42 47 0.393956
42 41 0.404938
42 36 0.429440
43 5 0.205439
43 8 0.218352
43 3 0.265015
43 13 0.265213
43 31 0.279525
43 0 0.312264
43 28 0.286563
43 30 0.290680
43 32 0.318186
43 2 0.347852
43 4 0.346819
43 14 0.339394
43 1 0.351105
43 7 0.346839
43 12 0.343167
43 11 0.344313
43 29 0.326354
43 9 0.347012
43 18 0.339543
43 10 0.349291
43 6 0.354834
43 47 0.326719
43 33 0.342414
43 44 0.333996
43 19 0.363612
43 50 0.340101
43 38 0.353793
43 17 0.380457
43 42 0.362957
43 41 0.367613
43 48 0.366432
43 39 0.386033
43 23 0.405617
43 20 0.412908
43 26 0.406860
43 15 0.425171
43 43 0.407552
43 36 0.418087
43 49 0.405898
43 21 0.438444
43 46 0.413465
43 25 0.439525
43 16 0.450900
43 40 0.426946
43 34 0.436555
43 37 0.436503
43 45 0.428848
43 24 0.453872
43 35 0.442141
43 27 0.460009
43 22 0.478800
44 10 0.221340
44 0 0.246962
44 8 0.240675
44 14 0.239862
44 12 0.253380
44 4 0.265846
44 11 0.277744
44 6 0.306263
44 9 0.348143
44 13 0.341729
44 7 0.352913
44 1 0.361150
44 2 0.361296
44 28 0.300321
44 30 0.299632
44 16 0.398238
44 18 0.395822
44 15 0.414905
44 32 0.381013
44 22 0.419931
44 26 0.408714
44 31 0.393003
44 36 0.389929
44 20 0.431710
44 5 0.478920
44 3 0.495069
44 24 0.457798
44 44 0.396373
44 23 0.465157
44 42 0.413254
44 27 0.463180
44 34 0.459385
44 17 0.516514
44 33 0.480702
44 29 0.499758
44 46 0.427000
44 48 0.354695
44 38 0.506097
44 19 0.549677
44 37 0.518764
44 40 0.514684
44 35 0.544707
44 25 0.581067
44 39 0.546843
44 21 0.611587
44 45 0.538887
44 49 0.392261
44 50 0.397744
44 43 0.569896
44 47 0.533740
44 41 0.582068
45 9 0.173426
45 8 0.195883
45 10 0.139630
45 0 0.302836
45 11 0.153425
45 1 0.318639
45 3 0.321743
45 12 0.176403
45 2 0.340570
45 4 0.339437
45 5 0.331028
45 14 0.222333
45 7 0.327894
45 13 0.227490
45 6 0.353741
45 31 0.158860
45 29 0.197168
45 28 0.198922
45 30 0.196825
45 20 0.330904
45 18 0.365131
45 16 0.373250
45 17 0.405413
45 19 0.401664
45 33 0.247220
45 22 0.337729
45 15 0.447819
45 26 0.329742
45 27 0.316005
45 32 0.284947
45 21 0.394004
45 24 0.353961
45 23 0.366461
45 44 0.232936
45 25 0.379378
45 34 0.327163
45 37 0.320844
45 38 0.334430
45 39 0.322092
45 40 0.315411
45 45 0.320236
45 41 0.341087
45 35 0.389160
45 43 0.337602
45 42 0.354782
45 46 0.332035
45 47 0.278395
45 36 0.412265
45 50 0.259889
45 48 0.300968
45 49 0.292096
46 8 0.223107
46 9 0.226712
46 12 0.225552
46 1 0.238318
46 10 0.248093
46 2 0.257170
46 0 0.266727
46 11 0.292471
46 6 0.301117
46 4 0.313817
46 13 0.305294
46 28 0.312937
46 32 0.306547
46 14 0.336509
46 38 0.321730
46 30 0.340277
46 29 0.342122
46 20 0.368839
46 5 0.406285
46 44 0.348519
46 47 0.346496
46 33 0.384753
46 31 0.389828
46 26 0.403702
46 37 0.402255
46 7 0.453113
46 42 0.403200
46 25 0.429801
46 49 0.401960
46 18 0.449592
46 3 0.476809
46 34 0.433769
46 16 0.467102
46 40 0.437396
46 43 0.433157
46 22 0.463400
46 50 0.430704
46 35 0.455588
46 24 0.471278
46 21 0.479531
46 48 0.441839
46 36 0.463341
46 41 0.464958
46 39 0.474134
46 46 0.468357
46 23 0.509222
46 15 0.547169
46 19 0.542129
46 17 0.550008
46 27 0.544486
46 45 0.521705
47 0 0.175282
47 8 0.226191
47 13 0.260894
47 29 0.263020
47 1 0.288930
47 11 0.291835
47 2 0.303940
47 14 0.296687
47 32 0.291059
47 3 0.333308
47 30 0.331215
47 31 0.333958
47 44 0.349213
47 9 0.381648
47 4 0.385265
47 12 0.380616
47 25 0.370064
47 10 0.382506
47 33 0.362251
47 41 0.362664
47 22 0.385348
47 26 0.400925
47 28 0.411715
47 15 0.426726
47 16 0.426434
47 23 0.422656
47 20 0.440220
47 5 0.466075
47 35 0.444872
47 49 0.432287
47 17 0.464368
47 24 0.464172
47 27 0.466228
47 21 0.476824
47 40 0.464996
47 34 0.474516
47 39 0.474591
47 48 0.467022
47 6 0.508916
47 37 0.488600
47 43 0.485709
47 45 0.492283
47 47 0.491361
47 36 0.508809
47 50 0.500376
47 7 0.542623
47 42 0.517700
47 38 0.523561
47 46 0.516730
47 19 0.553640
47 18 0.567697
48 3 0.285934
48 10 0.298654
48 9 0.302464
48 8 0.306358
48 14 0.305971
48 4 0.313329
48 13 0.322779
48 2 0.331642
48 12 0.327208
48 7 0.334187
48 0 0.346636
48 11 0.341682
48 28 0.327231
48 5 0.347263
48 30 0.364849
48 20 0.432749
48 33 0.422712
48 44 0.413040
48 31 0.429219
48 32 0.435131
48 29 0.441783
48 15 0.469121
48 6 0.495889
48 1 0.506288
48 45 0.471138
48 24 0.503016
48 17 0.514614
48 22 0.518921
48 18 0.523311
48 36 0.506838
48 16 0.532135
48 35 0.543218
48 38 0.550846
48 23 0.594383
48 43 0.576260
48 34 0.585147
48 27 0.593971
48 37 0.586115
48 40 0.590899
48 42 0.591698
48 25 0.611254
48 39 0.606058
48 19 0.628844
48 48 0.602230
48 47 0.603832
48 21 0.631271
48 50 0.604808
48 26 0.630987
48 46 0.616207
48 49 0.617171
48 41 0.638181
49 8 0.211138
49 10 0.259791
49 30 0.245749
49 13 0.300663
49 29 0.298370
49 4 0.324449
49 1 0.330291
49 5 0.327847
49 12 0.347342
49 6 0.361174
49 31 0.341569
49 0 0.369557
49 11 0.372823
49 33 0.356828
49 14 0.379647
49 18 0.409873
49 17 0.418538
49 44 0.393374
49 2 0.450141
49 28 0.437737
49 23 0.448852
49 9 0.461785
49 35 0.438443
49 3 0.474616
49 15 0.469815
49 32 0.466593
49 19 0.485058
49 36 0.474231
49 42 0.478473
49 25 0.507275
49 27 0.509905
49 43 0.503599
49 7 0.542221
49 20 0.565506
49 24 0.565400
49 37 0.554158
49 47 0.556590
49 46 0.558097
49 22 0.587311
49 16 0.601538
49 49 0.567474
49 40 0.586663
49 21 0.609637
49 48 0.580725
49 41 0.591750
49 45 0.591663
49 26 0.613222
49 34 0.607033
49 50 0.593259
49 38 0.607860
49 39 0.611909
50 9 0.225312
50 14 0.266020
50 12 0.268069
50 8 0.274143
50 10 0.281938
50 13 0.285747
50 11 0.291396
50 30 0.193399
50 31 0.199790
50 29 0.256418
50 28 0.263407
50 7 0.395603
50 15 0.392488
50 5 0.412404
50 33 0.286089
50 0 0.439226
50 22 0.446604
50 4 0.463139
50 1 0.466115
50 21 0.450218
50 32 0.329936
50 18 0.465814
50 3 0.478142
50 19 0.466809
50 2 0.483444
50 44 0.268426
50 6 0.481886
50 24 0.469818
50 23 0.472544
50 27 0.417176
50 16 0.536102
50 17 0.541086
50 34 0.448215
50 20 0.584097
50 37 0.438454
50 45 0.397140
50 42 0.428321
50 41 0.440732
50 25 0.617164
50 26 0.624705
50 35 0.478756
50 36 0.479696
50 49 0.387058
50 38 0.469720
50 43 0.467699
50 40 0.478545
50 50 0.396980
50 47 0.446870
50 48 0.446231
50 46 0.454994
50 39 0.513817
51 9 0.301464
51 8 0.307547
51 11 0.311381
51 10 0.312427
51 1 0.374941
51 0 0.384030
51 14 0.470404
51 15 0.489848
51 6 0.497044
51 7 0.500733
51 30 0.495020
51 2 0.519598
51 32 0.493544
51 12 0.520542
51 28 0.511403
51 44 0.495675
51 4 0.534808
51 3 0.537779
51 46 0.502046
51 29 0.527477
51 5 0.561557
51 16 0.554640
51 39 0.531317
51 43 0.528387
51 23 0.550891
51 34 0.544014
51 22 0.557676
51 31 0.548506
51 13 0.566634
51 47 0.532984
51 19 0.567922
51 21 0.567131
51 33 0.563785
51 40 0.587112
51 24 0.610089
51 49 0.588484
51 48 0.606866
51 36 0.641120
51 18 0.670397
51 41 0.651188
51 35 0.661397
51 37 0.662526
51 38 0.665453
51 20 0.685387
51 17 0.694311
51 26 0.688612
51 27 0.698185
51 42 0.685094
51 50 0.679211
51 45 0.686946
51 25 0.720663
52 0 0.254257
52 4 0.255769
52 6 0.261105
52 11 0.311005
52 12 0.317192
52 10 0.322739
52 2 0.329411
52 33 0.299173
52 1 0.349091
52 3 0.348146
52 9 0.347655
52 28 0.328926
52 30 0.342885
52 14 0.373506
52 5 0.391688
52 22 0.386963
52 42 0.371828
52 24 0.392658
52 25 0.406898
52 26 0.406374
52 17 0.432170
52 8 0.443552
52 44 0.407811
52 7 0.453308
52 29 0.431365
52 35 0.424653
52 13 0.449783
52 36 0.429856
52 32 0.440551
52 31 0.452593
52 15 0.477254
52 48 0.444874
52 20 0.480243
52 37 0.473660
52 46 0.471789
52 41 0.477812
52 38 0.486548
52 27 0.501881
52 50 0.478620
52 49 0.484212
52 34 0.512558
52 18 0.536205
52 39 0.531271
52 45 0.527762
52 40 0.534048
52 23 0.555828
52 47 0.538363
52 16 0.580811
52 43 0.556156
52 19 0.587424
52 21 0.617019
53 10 0.235663
53 8 0.237650
53 28 0.269034
53 14 0.303952
53 11 0.317772
53 9 0.355569
53 4 0.371334
53 1 0.431600
53 12 0.429937
53 30 0.423130
53 2 0.448740
53 29 0.432133
53 6 0.477559
53 0 0.492234
53 32 0.466928
53 3 0.493931
53 44 0.491345
53 40 0.515115
53 26 0.548540
53 7 0.572510
53 13 0.573259
53 33 0.554877
53 27 0.564144
53 23 0.570334
53 20 0.597584
53 15 0.601550
53 21 0.598128
53 31 0.600185
53 50 0.584817
53 34 0.602168
53 37 0.612506
53 19 0.634825
53 49 0.614168
53 5 0.656442
53 38 0.628235
53 35 0.631768
53 43 0.625254
53 42 0.637811
53 22 0.661058
53 48 0.636769
53 36 0.649893
53 41 0.648349
53 17 0.678520
53 39 0.658848
53 16 0.681800
53 46 0.665225
53 45 0.688945
53 18 0.719509
53 24 0.724811
53 25 0.725651
53 47 0.725568
54 9 0.267832
54 8 0.272786
54 3 0.326914
54 29 0.334259
54 0 0.373650
54 11 0.369676
54 2 0.394973
54 28 0.381704
54 1 0.404927
54 31 0.400895
54 13 0.430342
54 10 0.478424
54 7 0.508242
54 15 0.503613
54 17 0.506755
54 20 0.507110
54 33 0.494296
54 44 0.498832
54 12 0.536459
54 6 0.542674
54 14 0.541187
54 30 0.527073
54 19 0.550920
54 5 0.562374
54 4 0.580521
54 32 0.555529
54 25 0.576750
54 40 0.580332
54 45 0.588303
54 47 0.586678
54 42 0.599227
54 37 0.605693
54 23 0.631633
54 21 0.645169
54 41 0.629894
54 18 0.655171
54 34 0.642299
54 35 0.643447
54 50 0.630528
54 38 0.645563
54 26 0.663314
54 46 0.647381
54 24 0.671582
54 43 0.657071
54 39 0.665590
54 48 0.661273
54 22 0.698719
54 36 0.685047
54 27 0.696502
54 16 0.729558
54 49 0.694823
55 14 0.278986
55 11 0.310017
55 10 0.311019
55 13 0.322259
55 1 0.363738
55 28 0.353427
55 0 0.376282
55 8 0.377587
55 2 0.392237
55 29 0.394894
55 12 0.428897
55 33 0.417977
55 31 0.423262
55 47 0.411763
55 6 0.456964
55 44 0.437551
55 4 0.491059
55 30 0.482124
55 9 0.503292
55 35 0.482854
55 5 0.513057
55 32 0.490912
55 7 0.517738
55 24 0.521444
55 22 0.524831
55 27 0.523543
55 18 0.553460
55 34 0.544309
55 16 0.569245
55 49 0.543740
55 41 0.557524
55 42 0.559199
55 15 0.591352
55 43 0.565943
55 20 0.612962
55 38 0.599736
55 25 0.622609
55 3 0.640365
55 37 0.615084
55 36 0.617973
55 50 0.610903
55 26 0.650745
55 17 0.665135
55 45 0.643786
55 40 0.651915
55 48 0.643757
55 46 0.651237
55 39 0.674465
55 23 0.710729
55 19 0.717874
55 21 0.724979
56 9 0.265005
56 10 0.267366
56 11 0.281356
56 29 0.271743
56 0 0.307475
56 20 0.331887
56 13 0.338433
56 1 0.348347
56 3 0.350030
56 5 0.355168
56 32 0.357525
56 30 0.367822
56 25 0.383241
56 8 0.401579
56 31 0.387923
56 27 0.392598
56 12 0.411972
56 33 0.403007
56 22 0.415611
56 4 0.431700
56 24 0.418118
56 34 0.409103
56 28 0.418787
56 2 0.442002
56 7 0.443144
56 44 0.427964
56 14 0.475548
56 23 0.476906
56 21 0.486082
56 6 0.500910
56 15 0.503754
56 26 0.493954
56 17 0.530657
56 42 0.506406
56 18 0.541639
56 35 0.533430
56 19 0.558613
56 36 0.546194
56 37 0.555520
56 50 0.565944
56 41 0.576309
56 40 0.579877
56 49 0.575013
56 47 0.579402
56 46 0.580986
56 43 0.592717
56 48 0.590630
56 16 0.626032
56 45 0.603135
56 38 0.612396
56 39 0.633687
57 3 0.308990
57 8 0.422426
57 28 0.404797
57 14 0.419381
57 12 0.421611
57 1 0.430922
57 29 0.425680
57 9 0.462020
57 5 0.467395
57 2 0.475218
57 32 0.459674
57 31 0.461839
57 10 0.490134
57 0 0.513778
57 4 0.512001
57 30 0.517388
57 11 0.540071
57 16 0.557893
57 18 0.561174
57 7 0.596645
57 44 0.558237
57 40 0.563202
57 13 0.598497
57 19 0.629394
57 22 0.631621
57 6 0.645859
57 33 0.627578
57 47 0.613416
57 35 0.660449
57 26 0.722363
57 38 0.711880
57 48 0.717283
57 24 0.748747
57 36 0.748822
57 25 0.769436
57 42 0.752048
57 41 0.754164
57 20 0.782652
57 34 0.770364
57 43 0.760713
57 15 0.792535
57 39 0.773369
57 21 0.798049
57 50 0.766193
57 45 0.781392
57 27 0.805083
57 46 0.791207
57 17 0.827992
57 23 0.860884
57 37 0.855696
57 49 0.853697
58 8 0.278414
58 9 0.381809
58 13 0.379336
58 31 0.365242
58 44 0.352401
58 2 0.399119
58 10 0.393899
58 0 0.424057
58 5 0.421764
58 30 0.412300
58 1 0.457856
58 4 0.481371
58 7 0.498244
58 3 0.525184
58 28 0.507706
58 11 0.543264
58 33 0.538829
58 29 0.574660
58 32 0.597744
58 48 0.589300
58 36 0.641506
58 14 0.671809
58 17 0.677002
58 12 0.681878
58 22 0.672775
58 35 0.662050
58 24 0.692929
58 19 0.705529
58 23 0.701017
58 40 0.692333
58 37 0.733840
58 15 0.792923
58 43 0.782946
58 41 0.802158
58 20 0.826292
58 45 0.804377
58 25 0.832224
58 18 0.843570
58 26 0.834687
58 16 0.846898
58 34 0.827075
58 46 0.817292
58 6 0.861955
58 21 0.853957
58 47 0.844645
58 42 0.852119
58 27 0.873151
58 39 0.860339
58 49 0.860326
58 50 0.866621
58 38 0.886870
59 8 0.183226
59 9 0.184358
59 10 0.161893
59 12 0.176856
59 11 0.181916
59 13 0.168649
59 1 0.302469
59 3 0.334542
59 4 0.364767
59 14 0.231990
59 0 0.380343
59 2 0.397553
59 5 0.398175
59 30 0.148062
59 6 0.483578
59 7 0.473950
59 32 0.163979
59 33 0.163364
59 17 0.308436
59 18 0.309980
59 28 0.220515
59 16 0.329389
59 29 0.266465
59 31 0.277530
59 22 0.398318
59 15 0.508428
59 20 0.422062
59 26 0.393821
59 21 0.445854
59 19 0.490103
59 27 0.467930
59 23 0.490024
59 34 0.416445
59 25 0.490001
59 44 0.304760
59 35 0.433961
59 38 0.426682
59 43 0.365412
59 36 0.437503
59 41 0.429400
59 24 0.573028
59 40 0.464297
59 39 0.474939
59 42 0.430833
59 46 0.417912
59 49 0.402050
59 37 0.519730
59 48 0.406676
59 45 0.449400
59 47 0.439915
59 50 0.425019
60 11 0.212200
60 8 0.234879
60 9 0.234498
60 3 0.376008
60 10 0.259267
60 5 0.360675
60 1 0.434007
60 13 0.269913
60 14 0.256242
60 12 0.302421
60 0 0.462022
60 2 0.482896
60 7 0.422460
60 6 0.533487
60 28 0.203879
60 4 0.601323
60 31 0.205982
60 32 0.248428
60 15 0.484404
60 29 0.290821
60 23 0.342633
60 30 0.310917
60 17 0.418051
60 20 0.399337
60 33 0.343090
60 44 0.175849
60 16 0.561221
60 19 0.493808
60 36 0.350787
60 24 0.486328
60 35 0.389524
60 18 0.556241
60 21 0.541329
60 27 0.521363
60 22 0.548651
60 39 0.414986
60 48 0.309937
60 25 0.582273
60 45 0.348766
60 34 0.542370
60 40 0.487351
60 26 0.624730
60 38 0.542900
60 37 0.588818
60 46 0.485044
60 41 0.517448
60 42 0.511818
60 43 0.512240
60 50 0.495681
60 47 0.512122
60 49 0.512794
61 14 0.323140
61 8 0.350480
61 12 0.350474
61 30 0.369909
61 44 0.415854
61 5 0.499677
61 28 0.474895
61 10 0.525816
61 36 0.484724
61 2 0.532058
61 0 0.534452
61 40 0.479529
61 16 0.521833
61 4 0.536025
61 31 0.502085
61 32 0.535778
61 11 0.597490
61 7 0.604766
61 18 0.590725
61 26 0.582964
61 46 0.558913
61 6 0.620789
61 41 0.600123
61 27 0.629227
61 49 0.577604
61 1 0.668980
61 22 0.641360
61 13 0.659331
61 33 0.627952
61 3 0.672560
61 24 0.649281
61 9 0.676887
61 23 0.654282
61 25 0.658651
61 15 0.686728
61 20 0.681439
61 29 0.675327
61 35 0.667003
61 34 0.668343
61 19 0.716513
61 42 0.685483
61 38 0.730527
61 45 0.724804
61 17 0.783429
61 39 0.752188
61 47 0.728641
61 43 0.748440
61 50 0.755945
61 37 0.800215
61 21 0.825332
61 48 0.795340
62 5 0.194329
62 3 0.217837
62 0 0.228751
62 8 0.184438
62 1 0.228704
62 9 0.205382
62 11 0.155437
62 10 0.184292
62 13 0.183599
62 12 0.199940
62 7 0.348061
62 4 0.373079
62 14 0.300001
62 2 0.425117
62 6 0.410404
62 29 0.196328
62 32 0.218410
62 20 0.337661
62 33 0.290434
62 19 0.391441
62 21 0.395662
62 15 0.511182
62 40 0.330744
62 18 0.435233
62 16 0.486701
62 25 0.431473
62 31 0.371809
62 27 0.424449
62 30 0.379499
62 24 0.440979
62 17 0.465659
62 44 0.259615
62 26 0.463583
62 28 0.465207
62 35 0.435100
62 22 0.514333
62 36 0.438055
62 23 0.558216
62 37 0.493307
62 45 0.346803
62 34 0.520571
62 46 0.375141
62 41 0.443791
62 49 0.409624
62 43 0.488054
62 42 0.498987
62 39 0.586135
62 50 0.451072
62 38 0.602690
62 48 0.463639
62 47 0.467656
63 8 0.222480
63 9 0.215471
63 10 0.242304
63 3 0.299642
63 0 0.353899
63 2 0.361033
63 12 0.222094
63 1 0.379165
63 5 0.395797
63 11 0.301395
63 7 0.397446
63 13 0.250390
63 14 0.205038
63 4 0.420391
63 6 0.435913
63 16 0.308379
63 15 0.337204
63 32 0.226667
63 24 0.367200
63 31 0.282928
63 28 0.318445
63 22 0.389999
63 30 0.291504
63 20 0.414095
63 26 0.366481
63 44 0.255681
63 18 0.449560
63 17 0.451286
63 19 0.453054
63 29 0.336790
63 25 0.392378
63 33 0.330489
63 23 0.427643
63 21 0.449749
63 34 0.340760
63 35 0.365193
63 43 0.391104
63 27 0.480321
63 38 0.444347
63 42 0.443102
63 36 0.473867
63 39 0.462748
63 45 0.455331
63 40 0.481907
63 50 0.436829
63 47 0.464461
63 48 0.466504
63 37 0.533327
63 46 0.521993
63 41 0.550725
63 49 0.505628
64 3 0.290552
64 13 0.187727
64 1 0.341169
64 0 0.353246
64 11 0.214995
64 14 0.214615
64 9 0.266928
64 5 0.407542
64 10 0.392001
64 8 0.429399
64 12 0.424614
64 4 0.543065
64 7 0.460267
64 29 0.367555
64 28 0.401240
64 2 0.598935
64 6 0.549649
64 31 0.314888
64 32 0.298339
64 22 0.546628
64 35 0.326351
64 24 0.553532
64 21 0.572287
64 20 0.587158
64 17 0.593690
64 25 0.577636
64 16 0.613536
64 18 0.619264
64 15 0.630992
64 36 0.387795
64 33 0.397552
64 23 0.630215
64 30 0.559100
64 27 0.648386
64 44 0.298008
64 34 0.501606
64 40 0.425164
64 19 0.757365
64 45 0.337308
64 26 0.737220
64 38 0.516280
64 39 0.477837
64 43 0.397467
64 47 0.432391
64 42 0.481686
64 41 0.554851
64 49 0.375217
64 48 0.452373
64 37 0.651666
64 50 0.385290
64 46 0.524917
65 11 0.258963
65 12 0.266533
65 10 0.273106
65 3 0.296899
65 8 0.311168
65 14 0.329538
65 2 0.355733
65 44 0.279321
65 9 0.361176
65 32 0.430019
65 13 0.477631
65 17 0.472582
65 1 0.489563
65 4 0.487277
65 26 0.444558
65 0 0.491746
65 22 0.456271
65 5 0.487603
65 30 0.439563
65 28 0.444970
65 16 0.480263
65 35 0.440248
65 23 0.485301
65 45 0.443288
65 38 0.464094
65 25 0.499017
65 18 0.518384
65 42 0.480313
65 20 0.534728
65 31 0.514175
65 34 0.513417
65 29 0.532740
65 6 0.580301
65 24 0.556885
65 33 0.560761
65 40 0.544556
65 15 0.617318
65 27 0.595446
65 7 0.653410
65 43 0.578925
65 36 0.597735
65 50 0.571156
65 47 0.593256
65 39 0.619512
65 41 0.625933
65 19 0.684335
65 21 0.687389
65 48 0.625658
65 37 0.659698
65 49 0.669167
65 46 0.683134
66 8 0.236482
66 13 0.323203
66 14 0.322331
66 10 0.335111
66 4 0.340684
66 0 0.343809
66 1 0.349630
66 7 0.394143
66 12 0.339143
66 9 0.345225
66 5 0.379644
66 11 0.359845
66 2 0.407367
66 6 0.414728
66 30 0.347887
66 16 0.431151
66 31 0.363901
66 29 0.383784
66 3 0.469260
66 19 0.438404
66 18 0.444493
66 21 0.436418
66 33 0.373497
66 20 0.471594
66 15 0.500119
66 32 0.421440
66 17 0.553573
66 28 0.539522
66 44 0.205693
66 26 0.595927
66 27 0.599974
66 25 0.609372
66 22 0.640752
66 24 0.647943
66 36 0.366751
66 35 0.380805
66 23 0.683958
66 43 0.316394
66 34 0.523717
66 45 0.325751
66 41 0.347639
66 49 0.337094
66 42 0.362561
66 40 0.364876
66 39 0.377101
66 46 0.358069
66 37 0.436911
66 48 0.361102
66 38 0.435207
66 50 0.357476
66 47 0.394756
67 11 0.268104
67 3 0.350296
67 5 0.342097
67 9 0.306883
67 1 0.374576
67 10 0.326069
67 31 0.340344
67 13 0.365130
67 7 0.560338
67 21 0.532070
67 29 0.518562
67 0 0.605536
67 19 0.535830
67 8 0.545165
67 2 0.608012
67 4 0.600344
67 33 0.527218
67 15 0.563518
67 14 0.587501
67 12 0.596990
67 28 0.582431
67 44 0.511674
67 32 0.585007
67 17 0.616900
67 30 0.618786
67 6 0.686812
67 41 0.599411
67 18 0.675946
67 25 0.676492
67 23 0.683202
67 49 0.593572
67 35 0.668692
67 27 0.702045
67 20 0.725375
67 24 0.742028
67 45 0.666575
67 22 0.754093
67 39 0.698319
67 38 0.715033
67 37 0.769882
67 34 0.798213
67 36 0.799325
67 48 0.755887
67 40 0.789798
67 47 0.767370
67 16 0.865054
67 26 0.863758
67 46 0.798078
67 43 0.822736
67 50 0.823810
67 42 0.862226
68 9 0.197135
68 8 0.227805
68 10 0.200949
68 11 0.221300
68 0 0.338194
68 2 0.334302
68 12 0.245163
68 14 0.175051
68 13 0.244259
68 1 0.411278
68 3 0.422656
68 6 0.405305
68 4 0.432332
68 7 0.427048
68 29 0.184701
68 5 0.521561
68 21 0.309430
68 30 0.202801
68 32 0.192473
68 19 0.346314
68 20 0.336392
68 28 0.317427
68 15 0.427567
68 33 0.252490
68 31 0.295465
68 27 0.341882
68 26 0.347753
68 17 0.439578
68 24 0.375557
68 22 0.446880
68 16 0.478482
68 44 0.227236
68 18 0.475374
68 23 0.417766
68 25 0.418349
68 34 0.344595
68 35 0.344829
68 36 0.367287
68 42 0.308806
68 40 0.406448
68 46 0.379328
68 39 0.438516
68 45 0.403214
68 37 0.458369
68 48 0.394648
68 38 0.475985
68 47 0.418392
68 50 0.335684
68 41 0.493140
68 43 0.492427
68 49 0.427537
69 10 0.217218
69 8 0.235283
69 14 0.227858
69 9 0.265144
69 12 0.263844
69 4 0.301201
69 13 0.289252
69 17 0.307069
69 0 0.380123
69 31 0.288633
69 7 0.400751
69 28 0.319460
69 30 0.311764
69 29 0.317052
69 6 0.418108
69 5 0.434327
69 32 0.286694
69 2 0.449052
69 11 0.446438
69 3 0.465357
69 19 0.450040
69 20 0.460908
69 16 0.493436
69 33 0.341968
69 24 0.498746
69 44 0.234841
69 18 0.546300
69 36 0.348371
69 22 0.554336
69 1 0.621707
69 40 0.342835
69 15 0.599445
69 38 0.375366
69 35 0.411079
69 27 0.599024
69 39 0.421992
69 26 0.620028
69 25 0.621999
69 45 0.374086
69 41 0.379981
69 46 0.398474
69 47 0.317218
69 37 0.497667
69 48 0.327770
69 23 0.693604
69 34 0.516686
69 21 0.722190
69 49 0.339005
69 50 0.371512
69 42 0.470466
69 43 0.502395
70 12 0.217558
70 10 0.287003
70 8 0.297137
70 4 0.360541
70 11 0.309485
70 9 0.316189
70 3 0.418879
70 0 0.444774
70 5 0.416387
70 1 0.487246
70 2 0.484940
70 28 0.257722
70 13 0.426696
70 6 0.486476
70 14 0.472547
70 29 0.338510
70 7 0.568046
70 26 0.518766
70 33 0.278489
70 30 0.364867
70 18 0.589652
70 20 0.602385
70 25 0.589312
70 31 0.396464
70 32 0.381042
70 19 0.644806
70 21 0.669033
70 24 0.656197
70 16 0.690727
70 23 0.674771
70 36 0.360065
70 44 0.332342
70 27 0.710716
70 22 0.752624
70 15 0.775607
70 40 0.446881
70 45 0.415513
70 17 0.831471
70 34 0.531995
70 42 0.484269
70 47 0.448869
70 37 0.517050
70 38 0.539202
70 35 0.540894
70 50 0.443590
70 43 0.530655
70 48 0.455182
70 39 0.560488
70 41 0.581277
70 46 0.548490
70 49 0.508932
71 8 0.319170
71 10 0.279487
71 9 0.341685
71 11 0.300262
71 1 0.424481
71 3 0.415411
71 14 0.281416
71 0 0.432104
71 13 0.295572
71 12 0.299711
71 2 0.457463
71 5 0.464289
71 29 0.208764
71 7 0.564112
71 6 0.624223
71 31 0.237271
71 15 0.523708
71 20 0.532191
71 19 0.548743
71 28 0.365348
71 32 0.274620
71 4 0.685817
71 23 0.553963
71 33 0.305621
71 30 0.362719
71 16 0.659455
71 21 0.654950
71 25 0.531079
71 44 0.362761
71 18 0.685691
71 17 0.730487
71 22 0.732439
71 27 0.573040
71 24 0.745099
71 38 0.490861
71 40 0.489850
71 47 0.486602
71 42 0.518547
71 46 0.523266
71 43 0.546480
71 45 0.543454
71 35 0.582617
71 36 0.588510
71 37 0.585434
71 34 0.609299
71 41 0.587356
71 39 0.595622
71 50 0.571877
71 49 0.581862
71 48 0.587234
71 26 0.770330
72 0 0.310044
72 13 0.292313
72 3 0.314101
72 9 0.338633
72 1 0.355462
72 11 0.354290
72 28 0.349783
72 5 0.433561
72 31 0.403098
72 20 0.423952
72 32 0.438846
72 6 0.481281
72 8 0.478624
72 2 0.497770
72 47 0.478114
72 42 0.490884
72 43 0.491815
72 10 0.539743
72 15 0.558575
72 50 0.518922
72 7 0.574480
72 34 0.544096
72 30 0.549775
72 27 0.553898
72 14 0.573493
72 26 0.568965
72 12 0.590169
72 40 0.554160
72 29 0.574097
72 39 0.563325
72 35 0.570828
72 48 0.555042
72 22 0.588293
72 24 0.590474
72 41 0.570805
72 17 0.611605
72 45 0.599822
72 44 0.607518
72 33 0.621457
72 23 0.646451
72 16 0.658669
72 4 0.696997
72 25 0.673676
72 37 0.662539
72 36 0.672093
72 19 0.714099
72 21 0.747070
72 38 0.734712
72 18 0.783817
72 49 0.767506
72 46 0.783710
73 10 0.288318
73 8 0.291099
73 11 0.285896
73 12 0.282779
73 13 0.277852
73 14 0.297701
73 9 0.357472
73 0 0.469160
73 5 0.513236
73 6 0.539865
73 28 0.266196
73 3 0.565296
73 2 0.573812
73 1 0.590723
73 7 0.602305
73 32 0.248046
73 4 0.641163
73 29 0.352689
73 30 0.288462
73 18 0.663910
73 21 0.684410
73 20 0.726268
73 16 0.747923
73 17 0.754147
73 25 0.731972
73 31 0.444760
73 27 0.591179
73 22 0.779542
73 24 0.785125
73 33 0.475508
73 44 0.412192
73 15 0.881511
73 42 0.453593
73 26 0.827981
73 34 0.588657
73 39 0.564904
73 23 0.919090
73 35 0.593044
73 41 0.563427
73 36 0.597646
73 37 0.601215
73 19 0.956695
73 45 0.501542
73 50 0.452772
73 40 0.624091
73 38 0.630555
73 46 0.515743
73 48 0.517732
73 49 0.527334
73 43 0.621245
73 47 0.609324
74 11 0.205806
74 9 0.247588
74 12 0.324668
74 10 0.335710
74 13 0.344660
74 14 0.352867
74 16 0.369161
74 5 0.474904
74 3 0.482137
74 8 0.484612
74 28 0.236441
74 1 0.504446
74 4 0.502292
74 0 0.511812
74 18 0.494185
74 33 0.213878
74 6 0.574467
74 7 0.615164
74 20 0.584069
74 32 0.311784
74 2 0.698542
74 15 0.665234
74 29 0.378791
74 19 0.674541
74 31 0.377554
74 22 0.653753
74 30 0.386396
74 17 0.689365
74 26 0.523703
74 24 0.681241
74 34 0.420116
74 27 0.566136
74 23 0.735278
74 25 0.630710
74 38 0.407415
74 44 0.343888
74 42 0.348033
74 21 0.793043
74 50 0.356416
74 40 0.461460
74 43 0.393572
74 47 0.397809
74 39 0.482145
74 46 0.419141
74 48 0.421701
74 36 0.527545
74 37 0.542420
74 35 0.602575
74 41 0.521007
74 45 0.481731
74 49 0.609663
75 9 0.265098
75 13 0.300983
75 12 0.317524
75 8 0.350589
75 10 0.387638
75 14 0.408547
75 5 0.438226
75 11 0.428348
75 1 0.479140
75 0 0.547738
75 3 0.542171
75 29 0.230358
75 2 0.635540
75 17 0.630043
75 6 0.678718
75 15 0.697546
75 7 0.715927
75 31 0.362189
75 28 0.427050
75 30 0.409072
75 21 0.675736
75 19 0.686397
75 4 0.761533
75 32 0.402574
75 22 0.722390
75 33 0.425242
75 23 0.784279
75 24 0.698835
75 44 0.440718
75 27 0.646635
75 20 0.887572
75 16 0.918460
75 25 0.750216
75 37 0.563250
75 41 0.546836
75 46 0.554528
75 45 0.558654
75 49 0.548465
75 35 0.644012
75 18 1.000933
75 34 0.687648
75 36 0.668186
75 39 0.661383
75 26 0.837098
75 40 0.665878
75 47 0.643484
75 43 0.664043
75 48 0.701486
75 42 0.741359
75 50 0.710291
75 38 0.796786
76 11 0.321468
76 8 0.442926
76 33 0.446444
76 10 0.476024
76 32 0.472085
76 9 0.496004
76 0 0.529774
76 29 0.533524
76 44 0.547793
76 28 0.590539
76 5 0.628830
76 30 0.637572
76 12 0.687775
76 1 0.702491
76 3 0.701482
76 2 0.713142
76 4 0.718117
76 14 0.720616
76 40 0.709664
76 6 0.750918
76 31 0.752699
76 18 0.812863
76 16 0.841250
76 46 0.845166
76 22 0.875371
76 13 0.881762
76 26 0.889558
76 47 0.921499
76 7 0.982541
76 15 1.014359
76 38 1.001256
76 36 1.023846
76 23 1.096606
76 50 1.084374
76 34 1.116059
76 49 1.116977
76 35 1.144664
76 24 1.168036
76 39 1.177521
76 45 1.181425
76 42 1.188948
76 41 1.201244
76 37 1.209570
76 43 1.208579
76 19 1.250928
76 17 1.263593
76 21 1.264589
76 20 1.271885
76 27 1.273469
76 25 1.283169
76 48 1.295798
77 11 0.307518
77 9 0.355155
77 10 0.361852
77 13 0.363280
77 14 0.406925
77 8 0.428096
77 12 0.455711
77 33 0.483771
77 3 0.546678
77 5 0.561008
77 29 0.541908
77 31 0.562120
77 0 0.693293
77 44 0.607273
77 4 0.765396
77 45 0.696593
77 2 0.809546
77 30 0.785817
77 37 0.781291
77 38 0.787134
77 27 0.824769
77 21 0.847085
77 28 0.832990
77 6 0.884078
77 35 0.847732
77 32 0.873025
77 17 0.914835
77 43 0.888436
77 25 0.939154
77 1 1.007435
77 22 0.994929
77 47 0.937159
77 42 0.976219
77 46 0.984373
77 41 1.002607
77 15 1.072614
77 18 1.083105
77 36 1.030331
77 26 1.061146
77 7 1.107901
77 49 0.972166
77 50 0.977338
77 40 1.065380
77 19 1.129261
77 24 1.130051
77 20 1.155540
77 23 1.165070
77 16 1.192198
77 39 1.132742
77 34 1.168767
77 48 1.148747
78 10 0.297003
78 8 0.371015
78 9 0.370410
78 11 0.429691
78 20 0.434537
78 32 0.443421
78 1 0.482715
78 3 0.521165
78 12 0.530361
78 5 0.542929
78 0 0.578385
78 28 0.579844
78 6 0.616971
78 14 0.653089
78 31 0.633575
78 30 0.658560
78 4 0.685711
78 40 0.670114
78 34 0.683687
78 13 0.720450
78 29 0.714439
78 24 0.729415
78 27 0.725397
78 44 0.721078
78 22 0.747774
78 50 0.723916
78 47 0.742117
78 33 0.811738
78 2 0.842869
78 26 0.828057
78 25 0.857923
78 48 0.836237
78 18 0.886033
78 46 0.882153
78 16 0.930971
78 45 0.916616
78 36 0.937042
78 38 0.935144
78 7 0.968778
78 37 0.955492
78 19 0.985503
78 49 0.967983
78 15 1.012644
78 17 1.011471
78 43 0.981248
78 42 0.998501
78 39 1.014656
78 21 1.048572
78 23 1.053789
78 35 1.128673
78 41 1.132937
79 11 0.373623
79 44 0.357401
79 13 0.463672
79 14 0.462432
79 12 0.518059
79 9 0.549355
79 6 0.571738
79 27 0.533955
79 33 0.526410
79 29 0.575101
79 31 0.588584
79 5 0.649631
79 2 0.655317
79 0 0.670647
79 21 0.632017
79 23 0.638396
79 30 0.647353
79 4 0.708337
79 1 0.733954
79 8 0.728943
79 10 0.733515
79 15 0.715453
79 24 0.701004
79 3 0.760209
79 7 0.760266
79 17 0.758875
79 32 0.762383
79 25 0.807638
79 41 0.740508
79 28 0.827835
79 48 0.767971
79 35 0.826446
79 22 0.905535
79 42 0.827381
79 37 0.835711
79 16 0.924632
79 36 0.853695
79 19 0.943546
79 50 0.861452
79 40 0.893156
79 18 1.006259
79 34 0.994202
79 47 0.955024
79 45 0.963371
79 20 1.070994
79 38 1.016078
79 43 1.031405
79 46 1.044803
79 26 1.127598
79 49 1.049206
79 39 1.086805
80 8 0.416713
80 28 0.476863
80 12 0.577853
80 0 0.652358
80 11 0.704348
80 33 0.801200
80 4 0.831149
80 3 0.832308
80 30 0.806735
80 10 0.829158
80 14 0.855425
80 29 0.839887
80 44 0.852943
80 38 0.877600
80 6 0.925365
80 31 0.973299
80 16 1.052532
80 32 1.051705
80 34 1.063887
80 26 1.109725
80 9 1.137481
80 1 1.143759
80 17 1.161985
80 21 1.173031
80 19 1.187215
80 18 1.208861
80 39 1.190661
80 2 1.232008
80 13 1.234234
80 49 1.205872
80 7 1.255455
80 35 1.232440
80 40 1.248397
80 43 1.244782
80 25 1.278067
80 15 1.337001
80 5 1.363191
80 36 1.348829
80 42 1.365218
80 20 1.403257
80 50 1.367509
80 37 1.396078
80 47 1.390078
80 22 1.445726
80 48 1.420138
80 45 1.435977
80 27 1.460181
80 46 1.462932
80 41 1.478553
80 24 1.557204
80 23 1.640631
81 13 0.347178
81 10 0.361797
81 8 0.365166
81 11 0.376606
81 9 0.381119
81 3 0.424713
81 29 0.434875
81 5 0.518231
81 1 0.528397
81 33 0.549954
81 12 0.611224
81 7 0.643690
81 31 0.612741
81 0 0.681409
81 28 0.718540
81 15 0.788619
81 30 0.756557
81 32 0.765049
81 47 0.750663
81 14 0.891839
81 44 0.835027
81 4 0.923469
81 17 0.915571
81 45 0.863836
81 21 0.923066
81 27 0.919498
81 19 0.941278
81 2 0.979418
81 25 0.953225
81 16 0.994878
81 35 0.957376
81 49 0.939203
81 42 0.960028
81 40 0.968199
81 41 0.977216
81 37 1.000769
81 23 1.056383
81 48 1.035869
81 18 1.097961
81 24 1.094933
81 20 1.106202
81 43 1.068211
81 22 1.114011
81 50 1.050372
81 38 1.092629
81 34 1.101442
81 6 1.183997
81 36 1.134593
81 39 1.133541
81 46 1.122572
81 26 1.196997
82 8 0.452241
82 28 0.464192
82 31 0.511100
82 0 0.570758
82 10 0.569374
82 12 0.568510
82 44 0.589252
82 11 0.636297
82 9 0.657082
82 14 0.662419
82 1 0.687706
82 5 0.690680
82 13 0.686220
82 33 0.716847
82 4 0.752981
82 30 0.742008
82 29 0.753014
82 32 0.756639
82 6 0.813803
82 2 0.865635
82 35 0.846497
82 40 0.841741
82 45 0.842402
82 21 0.871820
82 38 0.868081
82 25 0.885030
82 42 0.879547
82 24 0.909183
82 3 0.944506
82 19 0.938228
82 36 0.929900
82 22 0.960465
82 47 0.931011
82 7 0.991926
82 34 0.983376
82 15 1.017262
82 48 1.022965
82 23 1.056582
82 37 1.042372
82 50 1.037986
82 27 1.064370
82 43 1.052304
82 16 1.104127
82 26 1.092538
82 18 1.111993
82 20 1.113907
82 17 1.138678
82 46 1.104488
82 39 1.164313
82 41 1.171777
82 49 1.176147
83 11 0.325342
83 8 0.390020
83 3 0.440126
83 5 0.436631
83 7 0.473227
83 9 0.476463
83 1 0.495189
83 0 0.541713
83 2 0.563876
83 29 0.548971
83 33 0.573576
83 4 0.636044
83 13 0.629840
83 28 0.592737
83 32 0.608044
83 44 0.606988
83 14 0.681717
83 15 0.694263
83 12 0.726434
83 30 0.687398
83 49 0.710205
83 31 0.748521
83 25 0.766666
83 50 0.756066
83 10 0.834302
83 35 0.783443
83 39 0.789586
83 21 0.824978
83 45 0.848378
83 6 0.915166
83 19 0.904341
83 16 0.936636
83 23 0.919381
83 42 0.899676
83 26 0.921471
83 22 0.945681
83 43 0.929187
83 36 0.948751
83 47 0.947573
83 41 0.959958
83 46 0.957986
83 17 1.007814
83 18 1.010875
83 37 0.978294
83 34 0.988659
83 38 0.984143
83 20 1.026379
83 24 1.055241
83 40 1.052387
83 48 1.048732
83 27 1.104210
84 10 0.322417
84 8 0.430911
84 11 0.428280
84 9 0.443970
84 12 0.443637
84 14 0.509288
84 29 0.550316
84 13 0.652113
84 28 0.580236
84 6 0.682895
84 1 0.702320
84 3 0.805520
84 18 0.772452
84 32 0.477071
84 33 0.380418
84 0 0.812384
84 17 0.780583
84 2 0.812377
84 16 0.788614
84 5 0.811865
84 30 0.692818
84 4 0.813974
84 20 0.797516
84 7 0.847507
84 22 0.875104
84 15 0.902823
84 19 0.897989
84 23 0.881602
84 31 0.619917
84 27 0.892406
84 44 0.450757
84 26 0.911502
84 21 0.973539
84 25 0.950313
84 39 0.552367
84 34 0.626081
84 24 1.032348
84 41 0.587236
84 37 0.614835
84 36 0.663908
84 45 0.591172
84 38 0.655847
84 43 0.670313
84 47 0.601762
84 46 0.660498
84 40 0.712662
84 48 0.583874
84 49 0.589374
84 42 0.739229
84 35 0.806887
84 50 0.646183
85 8 0.330677
85 9 0.387670
85 44 0.359662
85 10 0.396727
85 3 0.430460
85 5 0.525528
85 31 0.537115
85 0 0.650094
85 4 0.680273
85 14 0.680943
85 30 0.673073
85 13 0.691812
85 28 0.708932
85 32 0.714307
85 12 0.741998
85 11 0.757910
85 29 0.750278
85 2 0.781391
85 22 0.812914
85 42 0.797289
85 24 0.828008
85 1 0.853834
85 34 0.853082
85 33 0.861623
85 46 0.847167
85 17 0.906155
85 48 0.879242
85 16 0.956454
85 6 0.964632
85 27 0.951350
85 50 0.932778
85 23 0.977096
85 36 0.973530
85 20 0.998157
85 25 1.003607
85 7 1.031307
85 35 1.033712
85 26 1.061888
85 19 1.081099
85 40 1.057363
85 38 1.063456
85 37 1.076315
85 21 1.117896
85 39 1.106520
85 45 1.118389
85 49 1.153825
85 15 1.196140
85 47 1.170050
85 41 1.195545
85 18 1.237823
85 43 1.240916
86 9 0.298265
86 10 0.314428
86 8 0.374363
86 29 0.354403
86 31 0.363504
86 11 0.450269
86 28 0.490709
86 12 0.594402
86 44 0.670446
86 30 0.691765
86 13 0.724532
86 3 0.735072
86 33 0.720291
86 4 0.755784
86 15 0.769505
86 32 0.754227
86 45 0.761218
86 5 0.829556
86 14 0.829635
86 37 0.853086
86 0 0.945306
86 21 0.952006
86 39 0.951702
86 23 0.984056
86 38 0.981073
86 2 1.030596
86 48 0.985720
86 6 1.061121
86 46 1.021595
86 47 1.021405
86 25 1.062937
86 18 1.076656
86 1 1.108592
86 24 1.091054
86 36 1.076763
86 49 1.072329
86 26 1.105728
86 7 1.127610
86 19 1.124729
86 16 1.144828
86 43 1.122508
86 22 1.153130
86 20 1.161474
86 40 1.143190
86 35 1.160461
86 27 1.189440
86 34 1.190145
86 41 1.236235
86 42 1.240176
86 50 1.236616
86 17 1.277446
87 9 0.249276
87 8 0.324129
87 11 0.312164
87 10 0.367203
87 12 0.384875
87 13 0.391014
87 14 0.367799
87 6 0.597152
87 1 0.620261
87 0 0.666302
87 5 0.683292
87 4 0.700935
87 7 0.699410
87 28 0.264869
87 32 0.214750
87 29 0.271161
87 2 0.740340
87 30 0.270208
87 3 0.762662
87 31 0.315823
87 33 0.410232
87 15 0.761320
87 22 0.605372
87 24 0.574015
87 18 0.691522
87 44 0.325470
87 19 0.673761
87 26 0.568469
87 16 0.805348
87 21 0.727125
87 17 0.823262
87 34 0.563398
87 20 0.773372
87 25 0.723041
87 23 0.744936
87 27 0.690896
87 37 0.621913
87 38 0.617631
87 36 0.672731
87 40 0.610788
87 35 0.681394
87 45 0.543603
87 42 0.599530
87 46 0.544674
87 47 0.552561
87 39 0.702702
87 50 0.578498
87 41 0.699091
87 43 0.713278
87 48 0.658562
87 49 0.688007
88 8 0.378140
88 11 0.486907
88 14 0.480856
88 12 0.487119
88 10 0.490063
88 9 0.491449
88 13 0.512637
88 5 0.608185
88 30 0.546299
88 3 0.634983
88 33 0.574456
88 44 0.604256
88 2 0.747088
88 1 0.757661
88 32 0.675720
88 7 0.768904
88 16 0.775307
88 28 0.757726
88 18 0.868859
88 29 0.831020
88 31 0.832520
88 6 0.962528
88 40 0.965162
88 50 0.953536
88 0 1.111700
88 19 1.095215
88 20 1.112750
88 36 1.060892
88 27 1.104216
88 43 1.134061
88 4 1.259597
88 15 1.250758
88 23 1.289417
88 41 1.236740
88 46 1.241657
88 24 1.370071
88 35 1.348397
88 48 1.326307
88 47 1.346717
88 42 1.356815
88 34 1.383813
88 37 1.375408
88 39 1.369164
88 22 1.437254
88 17 1.464452
88 25 1.442783
88 49 1.376229
88 26 1.451984
88 21 1.469504
88 45 1.437147
88 38 1.477543
89 10 0.333520
89 8 0.346582
89 14 0.418312
89 3 0.519593
89 12 0.506401
89 1 0.570511
89 28 0.514346
89 13 0.563259
89 30 0.615804
89 31 0.652037
89 9 0.755884
89 32 0.742508
89 11 0.799936
89 4 0.827378
89 29 0.776790
89 2 0.861179
89 5 0.893013
89 6 0.919915
89 33 0.856968
89 0 0.979004
89 18 0.945126
89 44 0.902456
89 20 0.984043
89 7 1.030055
89 15 1.033689
89 35 1.033672
89 24 1.088176
89 21 1.134124
89 17 1.176986
89 26 1.165225
89 22 1.207764
89 34 1.214365
89 16 1.255750
89 40 1.318197
89 23 1.360823
89 49 1.274397
89 50 1.263188
89 42 1.322124
89 25 1.399468
89 43 1.354552
89 36 1.387582
89 45 1.362459
89 19 1.441608
89 47 1.371788
89 27 1.462925
89 37 1.455431
89 38 1.454964
89 41 1.468638
89 39 1.480105
89 48 1.477877
89 46 1.491349
90 9 0.382253
90 13 0.389732
90 14 0.401857
90 44 0.451970
90 5 0.513338
90 28 0.501613
90 32 0.505124
90 11 0.545684
90 10 0.562213
90 0 0.577529
90 12 0.579850
90 31 0.573660
90 7 0.676493
90 38 0.641228
90 1 0.690241
90 30 0.651793
90 29 0.654568
90 3 0.716934
90 47 0.724313
90 27 0.756300
90 8 0.788435
90 33 0.765376
90 16 0.793212
90 18 0.821143
90 22 0.846245
90 19 0.898153
90 36 0.876575
90 43 0.895889
90 20 0.956385
90 50 0.947017
90 46 0.978745
90 17 1.029638
90 45 0.998434
90 25 1.029993
90 40 1.018570
90 6 1.075274
90 15 1.064464
90 4 1.089207
90 2 1.095195
90 41 1.078092
90 35 1.100054
90 24 1.128827
90 34 1.124040
90 42 1.115349
90 48 1.120861
90 49 1.120245
90 37 1.146160
90 21 1.171588
90 26 1.203272
90 23 1.221217
90 39 1.231020
91 8 0.390470
91 13 0.428309
91 10 0.462276
91 12 0.479223
91 14 0.526547
91 32 0.554570
91 28 0.568688
91 29 0.668529
91 0 0.744192
91 30 0.726264
91 4 0.760751
91 31 0.736699
91 3 0.784860
91 9 0.781720
91 44 0.758988
91 35 0.835212
91 2 0.883196
91 46 0.878307
91 6 0.934277
91 37 0.903705
91 33 0.925244
91 22 0.973747
91 24 0.992196
91 11 1.017053
91 40 1.005607
91 21 1.042525
91 19 1.125230
91 18 1.137221
91 5 1.149439
91 45 1.103728
91 20 1.261472
91 17 1.264466
91 15 1.267085
91 16 1.267201
91 1 1.277202
91 42 1.233314
91 34 1.243177
91 50 1.221196
91 47 1.225453
91 38 1.238511
91 7 1.275299
91 23 1.262451
91 27 1.272754
91 43 1.249022
91 49 1.277254
91 39 1.308482
91 36 1.368780
91 48 1.356323
91 41 1.373593
91 26 1.414993
91 25 1.474153
92 9 0.306283
92 29 0.454895
92 21 0.474226
92 12 0.483505
92 30 0.537754
92 19 0.583772
92 33 0.605169
92 14 0.636325
92 11 0.696449
92 13 0.726943
92 10 0.740225
92 31 0.824160
92 6 0.926984
92 44 0.920553
92 15 0.953090
92 40 0.956136
92 32 0.966246
92 3 1.031049
92 49 1.034017
92 2 1.101212
92 43 1.077769
92 5 1.116522
92 28 1.108772
92 41 1.095184
92 4 1.132804
92 8 1.131422
92 0 1.154062
92 39 1.130162
92 37 1.132905
92 23 1.190343
92 7 1.242799
92 1 1.273371
92 34 1.262805
92 17 1.292155
92 36 1.269811
92 27 1.280773
92 48 1.282039
92 45 1.288978
92 20 1.326285
92 35 1.366777
92 25 1.377121
92 16 1.401876
92 42 1.381055
92 50 1.390099
92 38 1.422831
92 18 1.458068
92 22 1.452304
92 47 1.424932
92 26 1.512863
92 24 1.521781
92 46 1.542543
93 12 0.485313
93 8 0.497975
93 10 0.518306
93 21 0.542709
93 19 0.662921
93 32 0.661851
93 28 0.718381
93 2 0.939420
93 7 0.954123
93 13 0.951989
93 9 0.975365
93 29 0.987501
93 5 1.006489
93 4 1.008244
93 14 1.007524
93 44 1.015633
93 33 1.062167
93 30 1.090930
93 11 1.120314
93 31 1.103632
93 0 1.141063
93 20 1.222095
93 24 1.233502
93 50 1.222974
93 3 1.337243
93 36 1.330451
93 18 1.377700
93 48 1.403403
93 25 1.440396
93 41 1.439293
93 43 1.451366
93 1 1.488182
93 40 1.504368
93 23 1.554762
93 46 1.544804
93 16 1.664987
93 39 1.643684
93 38 1.644966
93 17 1.666315
93 45 1.639193
93 35 1.649393
93 15 1.684353
93 34 1.674155
93 49 1.661151
93 22 1.738273
93 47 1.723883
93 42 1.735236
93 26 1.756618
93 37 1.758206
93 27 1.790624
93 6 1.814094
94 9 0.403427
94 13 0.451457
94 0 0.666345
94 1 0.676725
94 3 0.723305
94 35 0.703360
94 10 0.746579
94 31 0.734975
94 33 0.747754
94 28 0.835214
94 32 0.842154
94 20 0.857385
94 45 0.846061
94 11 0.903145
94 30 0.948074
94 29 0.961508
94 8 0.985733
94 5 1.000305
94 44 1.002939
94 14 1.034433
94 12 1.062800
94 37 1.038190
94 23 1.067801
94 39 1.078953
94 17 1.103007
94 16 1.143489
94 7 1.150612
94 40 1.154551
94 19 1.188759
94 18 1.281571
94 42 1.267489
94 34 1.319782
94 25 1.347206
94 36 1.335612
94 21 1.360851
94 24 1.358838
94 47 1.335182
94 22 1.369765
94 2 1.400808
94 26 1.407899
94 15 1.428680
94 27 1.424303
94 50 1.412628
94 41 1.439755
94 38 1.455383
94 4 1.495052
94 46 1.456666
94 43 1.466602
94 6 1.523136
94 49 1.526762
94 48 1.621701
95 14 0.434674
95 8 0.453180
95 12 0.457719
95 10 0.534275
95 32 0.580441
95 30 0.592322
95 28 0.602334
95 31 0.665480
95 44 0.685616
95 16 0.720641
95 0 0.769356
95 4 0.816401
95 2 0.827782
95 20 0.864399
95 25 0.866746
95 48 0.845737
95 9 0.898451
95 19 0.912003
95 11 0.917912
95 33 0.928136
95 13 0.954478
95 29 0.948250
95 40 0.940605
95 36 0.955760
95 35 0.958488
95 6 0.996971
95 39 0.985747
95 22 1.004394
95 5 1.032737
95 7 1.055190
95 26 1.064926
95 18 1.088981
95 1 1.122813
95 21 1.127566
95 17 1.131430
95 34 1.131180
95 38 1.127962
95 42 1.122980
95 3 1.167399
95 43 1.134669
95 27 1.177099
95 15 1.216240
95 37 1.223091
95 23 1.269080
95 45 1.259316
95 24 1.301997
95 46 1.306844
95 50 1.333980
95 47 1.343771
95 49 1.370759
95 41 1.395331
96 12 0.368204
96 10 0.396872
96 8 0.399754
96 9 0.408814
96 13 0.417193
96 11 0.460669
96 44 0.471338
96 0 0.606700
96 3 0.618669
96 14 0.611344
96 50 0.549140
96 42 0.590548
96 2 0.709610
96 32 0.667997
96 17 0.773934
96 31 0.756656
96 28 0.766038
96 1 0.822738
96 7 0.821679
96 30 0.787777
96 29 0.790693
96 33 0.831904
96 5 0.914059
96 47 0.842491
96 20 0.956860
96 37 0.933061
96 38 0.939062
96 43 0.971492
96 6 1.054081
96 45 0.977705
96 4 1.064172
96 16 1.044218
96 19 1.044907
96 36 1.035623
96 24 1.065280
96 46 1.027978
96 40 1.042820
96 23 1.087830
96 21 1.099882
96 18 1.104342
96 15 1.119763
96 22 1.121711
96 35 1.112116
96 39 1.117492
96 48 1.109538
96 26 1.164185
96 25 1.177024
96 41 1.197286
96 34 1.233394
96 27 1.250584
96 49 1.238547
97 9 0.311318
97 8 0.379018
97 29 0.449995
97 1 0.576485
97 10 0.582225
97 0 0.596915
97 14 0.604596
97 32 0.608390
97 3 0.649142
97 31 0.632014
97 28 0.651402
97 13 0.665649
97 33 0.688591
97 5 0.749195
97 30 0.736549
97 6 0.773623
97 44 0.811734
97 12 0.878656
97 21 0.884644
97 11 0.909262
97 2 0.923757
97 7 0.936999
97 19 0.937148
97 48 0.966293
97 20 1.017860
97 46 1.017906
97 4 1.097393
97 36 1.080367
97 39 1.087053
97 50 1.086955
97 45 1.105830
97 15 1.163042
97 35 1.169013
97 43 1.171674
97 40 1.182125
97 38 1.186827
97 24 1.208131
97 22 1.211946
97 16 1.253742
97 27 1.251699
97 17 1.262516
97 42 1.243605
97 41 1.246558
97 23 1.266749
97 47 1.241470
97 37 1.258492
97 26 1.376031
97 34 1.367576
97 25 1.377852
97 18 1.385179
97 49 1.360542
98 44 0.521836
98 14 0.610540
98 33 0.647528
98 1 0.705918
98 9 0.737494
98 3 0.741735
98 29 0.755344
98 5 0.859733
98 6 0.875982
98 12 0.873296
98 31 0.879176
98 8 0.942195
98 24 0.988000
98 42 0.983560
98 32 1.032744
98 10 1.104214
98 28 1.105947
98 4 1.127389
98 11 1.150825
98 2 1.177471
98 30 1.201199
98 13 1.286428
98 0 1.424362
98 46 1.441007
98 17 1.498281
98 27 1.632857
98 23 1.638808
98 22 1.686837
98 45 1.669920
98 50 1.678453
98 47 1.684276
98 7 1.747463
98 34 1.738268
98 35 1.759896
98 21 1.793161
98 16 1.814274
98 39 1.799310
98 43 1.790590
98 20 1.824318
98 38 1.821019
98 36 1.824542
98 37 1.843606
98 48 1.826080
98 40 1.853419
98 18 1.879969
98 26 1.904688
98 15 1.927642
98 49 1.923438
98 25 1.968780
98 19 1.993017
98 41 2.036481
99 11 0.508876
99 44 0.488345
99 9 0.554535
99 12 0.611151
99 32 0.818648
99 41 0.878166
99 47 0.935062
99 10 1.063222
99 7 1.083578
99 4 1.106753
99 29 1.085727
99 20 1.097869
99 48 1.084288
99 30 1.128177
99 33 1.126189
99 2 1.154873
99 28 1.133647
99 45 1.136638
99 8 1.177420
99 27 1.180280
99 19 1.207926
99 34 1.190538
99 14 1.232231
99 31 1.240979
99 0 1.268769
99 49 1.221246
99 43 1.229319
99 1 1.271367
99 13 1.265644
99 22 1.290829
99 24 1.336665
99 35 1.337551
99 18 1.423982
99 23 1.457352
99 42 1.434739
99 6 1.472754
99 16 1.503028
99 38 1.499700
99 15 1.618976
99 40 1.588920
99 26 1.610490
99 3 1.629582
99 5 1.642657
99 17 1.648942
99 37 1.638981
99 21 1.684925
99 50 1.650608
99 46 1.667922
99 36 1.693178
99 25 1.719986
99 39 1.749181
100 8 0.365689
100 11 0.347878
100 10 0.360020
100 9 0.371172
100 13 0.314929
100 3 0.527175
100 5 0.528895
100 12 0.539167
100 28 0.239181
100 1 0.637800
100 2 0.641938
100 14 0.546640
100 0 0.688433
100 32 0.320767
100 29 0.343896
100 33 0.393757
100 31 0.412456
100 30 0.425904
100 6 0.819267
100 4 0.841719
100 21 0.682378
100 16 0.750693
100 44 0.295850
100 7 0.921249
100 17 0.835156
100 15 0.891700
100 18 0.839881
100 19 0.849954
100 22 0.858745
100 27 0.740411
100 25 0.781580
100 23 0.868592
100 20 0.958010
100 26 0.889156
100 24 0.919896
100 42 0.643036
100 38 0.715365
100 40 0.713846
100 50 0.624789
100 34 0.855352
100 39 0.772870
100 48 0.657501
100 35 0.894624
100 43 0.746831
100 41 0.763183
100 49 0.699950
100 45 0.764922
100 36 0.967711
100 47 0.771118
100 46 0.872218
100 37 1.070886
101 12 0.455540
101 29 0.450859
101 30 0.453040
101 28 0.455136
101 8 0.508145
101 10 0.507381
101 32 0.486603
101 3 0.715159
101 0 0.717815
101 13 0.710291
101 5 0.716564
101 44 0.676330
101 36 0.780347
101 31 0.787597
101 2 0.872707
101 7 0.884141
101 42 0.864008
101 40 0.869832
101 4 0.912188
101 9 0.924270
101 6 0.927273
101 43 0.903827
101 33 0.933075
101 14 1.013763
101 11 1.033915
101 24 1.057235
101 45 1.061198
101 35 1.112047
101 1 1.164704
101 39 1.126853
101 48 1.141146
101 19 1.179536
101 20 1.206639
101 37 1.184670
101 16 1.241707
101 17 1.241242
101 38 1.250444
101 34 1.295605
101 18 1.327574
101 22 1.324962
101 41 1.308880
101 27 1.337204
101 23 1.353586
101 26 1.349006
101 49 1.322877
101 15 1.386359
101 50 1.355193
101 47 1.451559
101 46 1.453544
101 21 1.545224
101 25 1.562022
102 10 0.405227
102 8 0.532951
102 0 0.644611
102 32 0.646873
102 3 0.681379
102 30 0.686154
102 31 0.692398
102 11 0.768512
102 13 0.793167
102 5 0.911976
102 47 0.871665
102 12 0.915551
102 33 0.897559
102 14 0.917713
102 28 0.919284
102 39 0.910533
102 9 0.961082
102 29 0.942520
102 19 0.982507
102 36 0.990976
102 1 1.044980
102 44 1.015002
102 17 1.062935
102 7 1.101169
102 2 1.130150
102 23 1.130431
102 49 1.110296
102 15 1.189106
102 27 1.175868
102 35 1.177599
102 25 1.241037
102 37 1.236372
102 18 1.310442
102 24 1.312299
102 41 1.299963
102 26 1.316768
102 20 1.325522
102 38 1.311922
102 6 1.365102
102 4 1.372037
102 40 1.347866
102 45 1.361125
102 21 1.392712
102 22 1.402868
102 16 1.417240
102 46 1.404391
102 34 1.441587
102 43 1.444860
102 42 1.452468
102 50 1.444731
102 48 1.464786
103 9 0.407485
103 11 0.506520
103 32 0.561496
103 29 0.597338
103 28 0.612822
103 14 0.629465
103 30 0.640495
103 33 0.678859
103 44 0.689021
103 45 0.699874
103 10 0.810558
103 13 0.836924
103 5 0.860406
103 43 0.823688
103 3 1.022137
103 35 0.993249
103 36 1.014057
103 1 1.046864
103 37 1.015149
103 7 1.065652
103 8 1.091827
103 42 1.059011
103 25 1.160036
103 40 1.170254
103 19 1.213994
103 12 1.238443
103 31 1.236109
103 47 1.242260
103 39 1.308662
103 0 1.361661
103 20 1.383255
103 34 1.381103
103 15 1.437813
103 17 1.458494
103 48 1.434549
103 24 1.463554
103 2 1.482668
103 4 1.481921
103 22 1.468343
103 27 1.471664
103 18 1.483662
103 26 1.474336
103 21 1.510872
103 16 1.517260
103 23 1.519819
103 50 1.488102
103 41 1.502037
103 6 1.546569
103 49 1.521508
103 38 1.567392
103 46 1.645908
104 14 0.331284
104 11 0.364531
104 9 0.405345
104 12 0.439928
104 28 0.569307
104 8 0.619481
104 10 0.651991
104 0 0.683425
104 4 0.685876
104 13 0.761618
104 30 0.735092
104 29 0.755556
104 32 0.810613
104 33 0.845014
104 2 0.932652
104 44 0.881954
104 3 0.955552
104 50 0.897199
104 31 0.916248
104 18 0.991309
104 43 0.997197
104 34 1.027365
104 1 1.100587
104 16 1.129042
104 5 1.155383
104 47 1.133237
104 23 1.174407
104 48 1.147509
104 38 1.173371
104 37 1.213789
104 25 1.240450
104 49 1.233092
104 6 1.301330
104 36 1.252763
104 17 1.315242
104 45 1.278266
104 20 1.329903
104 46 1.298220
104 7 1.365270
104 19 1.349358
104 41 1.317801
104 40 1.324670
104 26 1.352824
104 42 1.337027
104 35 1.364174
104 24 1.390663
104 27 1.382202
104 21 1.406595
104 15 1.430134
104 22 1.420051
104 39 1.410385
105 12 0.448997
105 10 0.477736
105 13 0.522457
105 9 0.530398
105 11 0.622743
105 31 0.601682
105 8 0.651298
105 29 0.665830
105 32 0.691466
105 1 0.784848
105 3 0.799842
105 7 0.952092
105 30 0.909692
105 44 0.909249
105 14 0.958028
105 33 0.922956
105 28 0.963476
105 4 1.019228
105 5 1.057552
105 0 1.085323
105 40 1.072272
105 15 1.179491
105 43 1.196452
105 2 1.430602
105 19 1.418653
105 6 1.503021
105 35 1.462201
105 18 1.491766
105 47 1.442573
105 45 1.490566
105 26 1.525181
105 36 1.522750
105 48 1.528850
105 16 1.601293
105 37 1.576364
105 46 1.558765
105 41 1.584350
105 38 1.607715
105 20 1.637395
105 39 1.629167
105 34 1.640900
105 27 1.653647
105 50 1.593774
105 23 1.659371
105 49 1.608110
105 17 1.744634
105 22 1.739949
105 24 1.743979
105 42 1.734762
105 25 1.853948
105 21 1.862226
106 31 0.477370
106 10 0.607096
106 30 0.665059
106 29 0.676145
106 13 0.723334
106 12 0.756285
106 33 0.810060
106 14 0.848053
106 8 0.867777
106 4 0.883895
106 2 0.887584
106 32 0.947675
106 28 1.015851
106 9 1.094748
106 1 1.136701
106 6 1.149281
106 50 1.105956
106 18 1.143259
106 25 1.138174
106 0 1.156905
106 44 1.136453
106 41 1.174567
106 11 1.254663
106 40 1.228976
106 19 1.277821
106 5 1.313153
106 15 1.317093
106 34 1.366453
106 35 1.376268
106 48 1.363041
106 20 1.401676
106 16 1.443255
106 26 1.451457
106 39 1.453707
106 3 1.494627
106 21 1.488877
106 47 1.467632
106 43 1.481942
106 27 1.514746
106 49 1.513717
106 37 1.535966
106 46 1.535577
106 22 1.561888
106 45 1.545230
106 17 1.582450
106 38 1.569656
106 23 1.593244
106 42 1.610661
106 7 1.695007
106 36 1.705788
106 24 1.742855
107 9 0.437236
107 12 0.685395
107 28 0.681208
107 10 0.699769
107 14 0.731224
107 31 0.760349
107 11 0.792349
107 3 0.799099
107 8 0.809087
107 4 0.885628
107 30 0.932007
107 44 0.931964
107 33 1.045730
107 29 1.065732
107 6 1.088774
107 45 1.080780
107 0 1.145331
107 41 1.135422
107 32 1.182283
107 1 1.231181
107 35 1.218422
107 13 1.257391
107 48 1.235429
107 19 1.285826
107 42 1.261534
107 37 1.284063
107 43 1.280980
107 22 1.411983
107 50 1.383503
107 16 1.447120
107 2 1.481657
107 40 1.463252
107 5 1.508895
107 24 1.494779
107 47 1.567405
107 18 1.602627
107 26 1.593315
107 20 1.621034
107 17 1.632374
107 34 1.624498
107 49 1.604128
107 38 1.639921
107 27 1.659347
107 23 1.672216
107 39 1.653147
107 7 1.695563
107 36 1.668138
107 25 1.717894
107 46 1.695585
107 15 1.740218
107 21 1.736885
108 10 0.406234
108 30 0.486221
108 29 0.498569
108 8 0.530112
108 11 0.549186
108 32 0.571176
108 44 0.571784
108 12 0.641458
108 33 0.661734
108 14 1.075610
108 31 1.065546
108 0 1.107065
108 28 1.259429
108 9 1.300371
108 37 1.409899
108 13 1.448409
108 16 1.454276
108 5 1.491108
108 49 1.464651
108 3 1.530181
108 7 1.601689
108 6 1.647713
108 18 1.655501
108 35 1.657772
108 43 1.702266
108 46 1.733538
108 41 1.745861
108 21 1.777694
108 15 1.794270
108 50 1.760864
108 40 1.781133
108 2 1.827087
108 22 1.815286
108 38 1.806437
108 4 1.847604
108 25 1.854773
108 45 1.855106
108 23 1.949719
108 42 1.930475
108 36 1.942796
108 1 1.982484
108 48 1.935044
108 20 1.978921
108 24 1.980344
108 26 2.015990
108 17 2.057956
108 34 2.051766
108 39 2.052062
108 27 2.068415
108 47 2.122052
108 19 2.350724
109 9 0.514536
109 28 0.628271
109 44 0.674862
109 3 0.770804
109 33 0.778789
109 31 0.827622
109 32 0.845156
109 43 0.848741
109 5 0.913461
109 1 0.924678
109 46 0.908162
109 11 0.952211
109 8 1.002040
109 13 1.023989
109 12 1.033929
109 34 1.014218
109 2 1.053023
109 6 1.133706
109 7 1.141003
109 30 1.129244
109 22 1.146288
109 14 1.163257
109 0 1.174160
109 10 1.179591
109 29 1.178067
109 27 1.227060
109 26 1.252083
109 18 1.302485
109 17 1.329647
109 42 1.313166
109 35 1.329076
109 38 1.342742
109 19 1.368857
109 23 1.381764
109 39 1.373582
109 15 1.408245
109 4 1.424533
109 36 1.411004
109 16 1.438622
109 25 1.444538
109 47 1.424626
109 21 1.456713
109 48 1.447311
109 24 1.481295
109 40 1.472191
109 20 1.509998
109 49 1.481444
109 37 1.526392
109 45 1.567791
109 41 1.603782
109 50 1.597915
110 9 0.410505
110 14 0.619035
110 28 0.621516
110 31 0.683385
110 29 0.750046
110 44 0.745655
110 12 0.778094
110 11 0.856884
110 0 0.901065
110 8 0.908063
110 4 0.925891
110 33 0.916076
110 2 0.952280
110 13 0.965680
110 10 1.004239
110 30 1.004542
110 42 1.162011
110 32 1.189500
110 18 1.260677
110 3 1.375594
110 6 1.378321
110 45 1.359857
110 50 1.363794
110 1 1.431030
110 24 1.447564
110 47 1.442128
110 49 1.450417
110 16 1.501748
110 35 1.483530
110 36 1.495940
110 38 1.505369
110 34 1.513505
110 43 1.512000
110 40 1.516473
110 41 1.535174
110 46 1.541293
110 37 1.550565
110 20 1.593551
110 26 1.597115
110 19 1.636654
110 17 1.649736
110 21 1.653476
110 22 1.662397
110 15 1.671808
110 27 1.675941
110 5 1.706951
110 39 1.685144
110 7 1.786906
110 25 1.787175
110 48 1.769920
110 23 1.867112
111 44 0.376833
111 11 0.440915
111 5 0.450775
111 33 0.484541
111 13 0.596431
111 31 0.587148
111 4 0.626594
111 30 0.638437
111 0 0.703289
111 8 0.801193
111 10 0.808088
111 29 0.788217
111 3 0.842377
111 12 0.849518
111 15 0.924908
111 9 0.959681
111 14 0.984339
111 28 0.977159
111 6 1.020169
111 32 1.004186
111 43 1.020579
111 18 1.055447
111 41 1.031864
111 36 1.065998
111 20 1.093571
111 17 1.097629
111 37 1.077516
111 39 1.077886
111 21 1.103689
111 26 1.106778
111 2 1.146934
111 16 1.142887
111 7 1.158568
111 23 1.156339
111 1 1.178512
111 24 1.157159
111 38 1.178750
111 27 1.204489
111 19 1.244899
111 49 1.209467
111 50 1.219601
111 22 1.254947
111 25 1.291790
111 34 1.281323
111 35 1.285881
111 46 1.283617
111 48 1.320142
111 47 1.327442
111 42 1.351104
111 45 1.355713
111 40 1.365590
112 9 0.515143
112 8 0.631956
112 44 0.613593
112 30 0.959603
112 1 1.005982
112 0 1.007127
112 28 0.981987
112 13 1.000427
112 10 1.029735
112 32 1.065133
112 14 1.111945
112 33 1.132903
112 25 1.200978
112 7 1.246960
112 46 1.224684
112 17 1.297347
112 12 1.319247
112 39 1.347535
112 36 1.369542
112 29 1.401655
112 47 1.379424
112 15 1.421109
112 16 1.421856
112 31 1.425363
112 2 1.455529
112 3 1.493314
112 11 1.489347
112 40 1.521402
112 19 1.549070
112 5 1.703361
112 4 1.704604
112 34 1.673232
112 20 1.691828
112 22 1.689204
112 35 1.674561
112 6 1.706997
112 21 1.717904
112 45 1.716507
112 37 1.739247
112 27 1.774203
112 23 1.790940
112 24 1.842193
112 18 1.870436
112 26 1.879049
112 43 1.872083
112 49 1.861029
112 48 1.864921
112 38 1.879441
112 50 1.863085
112 42 1.916124
112 41 1.979543
113 9 0.436681
113 13 0.533440
113 30 0.554362
113 12 0.672074
113 8 0.765806
113 11 0.761154
113 31 0.748176
113 14 0.855939
113 44 0.911524
113 10 0.957453
113 5 1.070895
113 32 1.077752
113 7 1.132698
113 1 1.190066
113 15 1.186317
113 33 1.197677
113 29 1.209281
113 21 1.340594
113 42 1.320367
113 34 1.330116
113 28 1.337257
113 3 1.371617
113 43 1.331924
113 45 1.373428
113 0 1.428212
113 36 1.387587
113 17 1.433436
113 16 1.442857
113 19 1.448226
113 2 1.486926
113 49 1.429151
113 6 1.489693
113 48 1.466719
113 39 1.485778
113 46 1.486062
113 20 1.529162
113 41 1.517453
113 50 1.505649
113 4 1.590865
113 24 1.570454
113 35 1.568440
113 37 1.642841
113 40 1.726672
113 47 1.727146
113 23 1.756797
113 26 1.761408
113 18 1.777648
113 25 1.782290
113 38 1.773813
113 27 1.799716
113 22 1.840375
114 8 0.509540
114 10 0.554685
114 44 0.522367
114 9 0.661678
114 0 0.678208
114 32 0.647292
114 28 0.684176
114 30 0.877398
114 12 0.909385
114 31 0.922735
114 14 1.027563
114 1 1.180717
114 5 1.183686
114 13 1.196561
114 33 1.180195
114 11 1.225635
114 29 1.252377
114 26 1.381854
114 2 1.438304
114 45 1.397008
114 18 1.430976
114 3 1.497451
114 50 1.460242
114 4 1.526583
114 24 1.521058
114 40 1.538919
114 48 1.662912
114 22 1.701195
114 46 1.678080
114 34 1.746755
114 25 1.763940
114 19 1.779007
114 16 1.793507
114 36 1.775498
114 15 1.823168
114 38 1.810108
114 7 1.857179
114 35 1.829146
114 41 1.837229
114 6 1.883690
114 42 1.842420
114 43 1.868961
114 37 1.944505
114 39 1.951205
114 47 1.962939
114 23 2.017849
114 17 2.038515
114 49 2.045903
114 20 2.079364
114 27 2.082046
114 21 2.145567
115 9 0.356059
115 30 0.453608
115 32 0.492368
115 28 0.527254
115 13 0.569039
115 8 0.646820
115 11 0.719240
115 10 0.749951
115 17 0.755906
115 21 0.779650
115 25 0.828099
115 29 0.846786
115 45 0.847933
115 27 0.942250
115 41 0.937269
115 14 0.982771
115 5 1.006365
115 36 0.991249
115 15 1.025996
115 23 1.031256
115 12 1.072456
115 20 1.067241
115 2 1.105640
115 44 1.067792
115 31 1.102881
115 48 1.117024
115 19 1.149469
115 49 1.118216
115 1 1.173656
115 43 1.176267
115 33 1.189377
115 39 1.189316
115 35 1.286656
115 0 1.316336
115 37 1.285293
115 7 1.313244
115 42 1.280447
115 3 1.325947
115 4 1.326176
115 18 1.325557
115 22 1.329114
115 34 1.323707
115 24 1.335677
115 6 1.350052
115 50 1.312040
115 16 1.368418
115 47 1.340444
115 46 1.361056
115 26 1.397456
115 38 1.397484
115 40 1.404522
116 10 0.492800
116 31 0.512132
116 12 0.599383
116 28 0.598511
116 8 0.722543
116 30 0.771876
116 14 0.815697
116 2 0.838000
116 6 0.861862
116 0 0.879735
116 13 1.011257
116 29 1.049021
116 43 1.046619
116 44 1.061884
116 16 1.172148
116 3 1.182063
116 22 1.204151
116 4 1.234853
116 20 1.239804
116 18 1.241649
116 48 1.224875
116 9 1.284145
116 26 1.271067
116 40 1.254298
116 11 1.302815
116 47 1.279664
116 41 1.289438
116 32 1.344124
116 33 1.357352
116 34 1.356206
116 42 1.379749
116 45 1.400863
116 24 1.429425
116 37 1.426070
116 38 1.425373
116 19 1.460444
116 46 1.438784
116 36 1.452742
116 39 1.449930
116 15 1.477090
116 50 1.487888
116 1 1.624721
116 25 1.606253
116 5 1.633580
116 17 1.625946
116 21 1.633795
116 7 1.666531
116 35 1.694585
116 49 1.719266
116 23 1.806205
116 27 1.859402
117 8 0.555189
117 28 0.557758
117 11 0.693373
117 9 0.742510
117 12 0.892520
117 14 0.910888
117 13 1.069952
117 4 1.222173
117 6 1.240101
117 3 1.243128
117 10 1.239156
117 32 1.204922
117 2 1.246328
117 1 1.247389
117 23 1.264643
117 25 1.290136
117 30 1.283727
117 16 1.308567
117 31 1.322998
117 29 1.391719
117 5 1.469483
117 44 1.399462
117 21 1.455192
117 33 1.430358
117 20 1.642737
117 27 1.653385
117 42 1.703042
117 18 1.777620
117 34 1.744206
117 7 1.830046
117 26 1.803601
117 39 1.773037
117 0 1.853734
117 49 1.814332
117 50 1.811801
117 24 1.914135
117 35 1.900692
117 36 1.899956
117 38 1.894711
117 22 1.958233
117 19 1.965424
117 15 1.987483
117 37 1.956543
117 45 1.968046
117 17 2.038431
117 46 1.982848
117 40 1.991459
117 43 2.083326
117 48 2.088065
117 41 2.141055
117 47 2.146736
118 10 0.488827
118 14 0.523041
118 32 0.537535
118 29 0.713108
118 12 0.819197
118 8 0.822331
118 28 0.803384
118 9 0.870606
118 11 0.886332
118 33 0.863846
118 0 0.989555
118 31 0.978435
118 13 0.998791
118 44 0.965512
118 22 0.993417
118 30 1.002865
118 3 1.147023
118 16 1.169928
118 6 1.194378
118 38 1.180917
118 48 1.171213
118 17 1.208501
118 37 1.257905
118 1 1.364434
118 20 1.382529
118 5 1.442511
118 39 1.461711
118 4 1.533571
118 34 1.522221
118 50 1.615429
118 24 1.649176
118 2 1.667788
118 47 1.623858
118 25 1.702454
118 40 1.696855
118 45 1.692915
118 15 1.739684
118 35 1.717620
118 26 1.729415
118 27 1.741262
118 18 1.768850
118 7 1.786720
118 46 1.748210
118 43 1.763562
118 21 1.790734
118 42 1.765960
118 23 1.814486
118 36 1.830042
118 41 1.848101
118 19 1.886388
118 49 1.963864
119 9 0.588114
119 33 0.572577
119 11 0.635093
119 29 0.760726
119 13 0.829402
119 8 0.856629
119 44 0.928513
119 7 1.001674
119 10 1.007992
119 4 1.060192
119 14 1.070474
119 31 1.080331
119 19 1.100358
119 40 1.097385
119 34 1.168172
119 3 1.251945
119 0 1.329816
119 1 1.353330
119 50 1.318975
119 32 1.339841
119 30 1.382745
119 39 1.407552
119 12 1.446219
119 28 1.479592
119 15 1.524510
119 49 1.494729
119 17 1.544220
119 48 1.545633
119 25 1.591023
119 37 1.596232
119 5 1.640245
119 2 1.701242
119 42 1.703784
119 27 1.729409
119 23 1.791581
119 18 1.805946
119 21 1.809329
119 41 1.795557
119 45 1.792046
119 6 1.843079
119 43 1.816181
119 22 1.848616
119 46 1.838430
119 16 1.881826
119 47 1.888004
119 36 1.911121
119 35 1.918842
119 38 1.969078
119 26 1.989960
119 24 1.996599
119 20 2.014434
120 10 0.612565
120 12 0.631887
120 9 0.694506
120 8 0.731622
120 13 0.950409
120 31 1.016793
120 28 1.175685
120 3 1.253635
120 11 1.340846
120 0 1.378316
120 1 1.378930
120 33 1.338767
120 29 1.504613
120 7 1.533392
120 5 1.535853
120 19 1.525510
120 30 1.708422
120 4 1.744942
120 40 1.737477
120 36 1.783215
120 38 1.780885
120 32 1.821691
120 42 1.806752
120 49 1.792349
120 50 1.822411
120 17 1.916475
120 47 1.904779
120 22 1.968529
120 41 1.981688
120 34 1.994599
120 2 2.036367
120 39 2.115791
120 20 2.149863
120 14 2.157452
120 24 2.141448
120 45 2.106534
120 44 2.108498
120 23 2.165659
120 16 2.178745
120 15 2.226705
120 21 2.239508
120 27 2.265419
120 37 2.249603
120 48 2.229346
120 46 2.256932
120 26 2.291214
120 25 2.335140
120 35 2.320392
120 43 2.382888
120 18 2.447842
120 6 2.457320
