21 1 0.136827
21 2 0.136691
21 0 0.146613
21 3 0.150009
21 5 0.143736
21 8 0.118747
21 4 0.184494
21 9 0.147047
21 10 0.111168
21 6 0.196375
21 12 0.090462
21 11 0.101796
21 13 0.086583
21 7 0.200481
21 15 0.075609
21 14 0.113375
21 18 0.101062
21 17 0.125715
21 19 0.125470
21 20 0.113945
21 16 0.138006
21 23 0.122020
21 24 0.120965
21 21 0.125323
21 22 0.128324
21 32 0.155869
21 44 0.133293
21 28 0.177207
21 26 0.195622
21 29 0.187083
21 42 0.154082
21 38 0.162820
21 30 0.179582
21 39 0.161483
21 27 0.197550
21 46 0.150156
21 35 0.170903
21 33 0.176879
21 41 0.165396
21 47 0.152853
21 49 0.152417
21 34 0.176809
21 43 0.161379
21 37 0.173867
21 36 0.177904
21 40 0.177927
21 45 0.169231
21 31 0.200171
21 25 0.220577
21 50 0.175322
21 48 0.182386
22 1 0.101316
22 9 0.120754
22 5 0.134357
22 2 0.150055
22 0 0.161316
22 8 0.158901
22 7 0.163313
22 4 0.167759
22 3 0.182864
22 6 0.183831
22 10 0.184253
22 11 0.187213
22 14 0.180997
22 12 0.194525
22 17 0.188776
22 15 0.201940
22 13 0.212805
22 16 0.220162
22 33 0.199505
22 19 0.237614
22 31 0.211642
22 21 0.241184
22 29 0.224473
22 25 0.243556
22 47 0.186267
22 23 0.251559
22 37 0.217052
22 41 0.207144
22 49 0.190666
22 42 0.209944
22 43 0.208305
22 35 0.235751
22 34 0.238753
22 45 0.212268
22 18 0.275465
22 44 0.214361
22 27 0.259043
22 39 0.225402
22 20 0.271316
22 28 0.252589
22 46 0.209844
22 30 0.252691
22 26 0.267958
22 36 0.240041
22 22 0.274131
22 48 0.210220
22 50 0.210083
22 32 0.255185
22 38 0.240878
22 24 0.280653
22 40 0.239582
23 0 0.083017
23 1 0.150850
23 3 0.157155
23 5 0.166042
23 2 0.176740
23 12 0.172154
23 4 0.180906
23 10 0.186628
23 15 0.218583
23 14 0.234834
23 21 0.233012
23 50 0.199929
23 9 0.253684
23 24 0.238280
23 8 0.259417
23 38 0.226572
23 32 0.242132
23 18 0.262753
23 11 0.268579
23 26 0.251126
23 17 0.265179
23 23 0.259210
23 34 0.241404
23 28 0.248869
23 16 0.268651
23 29 0.249090
23 40 0.236861
23 44 0.232431
23 22 0.264364
23 25 0.257244
23 33 0.246748
23 20 0.267197
23 42 0.236627
23 7 0.278520
23 13 0.274131
23 6 0.281445
23 36 0.246277
23 35 0.248234
23 30 0.255516
23 45 0.238687
23 31 0.254891
23 19 0.273805
23 27 0.260197
23 47 0.243887
23 43 0.247676
23 46 0.245675
23 37 0.255488
23 48 0.244834
23 39 0.255068
23 41 0.255228
23 49 0.248420
24 0 0.066454
24 4 0.092722
24 1 0.142133
24 3 0.145553
24 2 0.169291
24 8 0.180245
24 5 0.184396
24 9 0.202983
24 7 0.206495
24 13 0.232571
24 10 0.234954
24 32 0.217673
24 33 0.216488
24 31 0.219347
24 12 0.250430
24 26 0.240144
24 14 0.251449
24 27 0.239060
24 11 0.256057
24 34 0.235068
24 45 0.223664
24 41 0.228256
24 23 0.248623
24 20 0.253249
24 22 0.253034
24 48 0.225152
24 25 0.250584
24 29 0.247583
24 6 0.268508
24 42 0.235086
24 30 0.248735
24 21 0.258696
24 36 0.242719
24 16 0.263864
24 17 0.263071
24 39 0.240515
24 44 0.235834
24 28 0.253998
24 37 0.244563
24 38 0.245929
24 47 0.237959
24 15 0.271268
24 46 0.239571
24 50 0.235381
24 43 0.244006
24 49 0.237810
24 18 0.270335
24 40 0.248315
24 24 0.270554
24 35 0.260348
24 19 0.276652
25 0 0.074518
25 3 0.141316
25 1 0.150135
25 2 0.168842
25 5 0.173386
25 4 0.181536
25 6 0.182724
25 10 0.190640
25 7 0.222974
25 8 0.230894
25 9 0.236051
25 13 0.244836
25 20 0.271808
25 32 0.259398
25 11 0.280088
25 23 0.270788
25 33 0.260051
25 36 0.254568
25 34 0.259405
25 14 0.280014
25 30 0.264863
25 44 0.248458
25 19 0.281512
25 45 0.250506
25 38 0.258542
25 12 0.288295
25 31 0.270397
25 18 0.284715
25 25 0.277674
25 29 0.273761
25 41 0.257445
25 39 0.260726
25 15 0.289370
25 42 0.257844
25 16 0.288912
25 28 0.277066
25 43 0.258321
25 22 0.286540
25 26 0.281601
25 21 0.288320
25 17 0.292225
25 48 0.256518
25 27 0.282115
25 47 0.257978
25 49 0.257752
25 40 0.268502
25 35 0.275761
25 50 0.259113
25 37 0.274927
25 24 0.292500
25 46 0.272370
26 0 0.078092
26 2 0.082288
26 3 0.134922
26 4 0.139164
26 1 0.167436
26 5 0.169167
26 21 0.162234
26 13 0.173556
26 11 0.187780
26 17 0.200977
26 20 0.215105
26 6 0.243026
26 22 0.234359
26 23 0.237316
26 9 0.252146
26 10 0.251353
26 14 0.248639
26 47 0.212722
26 42 0.221175
26 33 0.232221
26 29 0.237601
26 37 0.229819
26 38 0.230310
26 25 0.247227
26 12 0.260807
26 46 0.222259
26 8 0.265242
26 19 0.258746
26 7 0.271486
26 30 0.247316
26 32 0.246734
26 34 0.244688
26 31 0.249141
26 27 0.253835
26 24 0.259446
26 28 0.254017
26 44 0.236989
26 49 0.232149
26 50 0.232484
26 39 0.244748
26 43 0.239977
26 48 0.235231
26 41 0.243641
26 18 0.272195
26 16 0.274541
26 26 0.263304
26 45 0.241006
26 15 0.277474
26 35 0.254558
26 40 0.252810
26 36 0.263976
27 0 0.079530
27 3 0.086782
27 1 0.164770
27 2 0.164271
27 4 0.193182
27 5 0.192830
27 6 0.203569
27 7 0.206806
27 21 0.232337
27 23 0.235595
27 24 0.239880
27 19 0.245448
27 34 0.231871
27 22 0.247302
27 15 0.255191
27 28 0.242926
27 10 0.261295
27 8 0.264044
27 31 0.242197
27 32 0.241897
27 11 0.263246
27 27 0.247310
27 17 0.260865
27 42 0.232979
27 9 0.268981
27 25 0.254501
27 13 0.267584
27 47 0.231615
27 20 0.262850
27 26 0.256035
27 16 0.268973
27 35 0.249200
27 38 0.246507
27 14 0.272453
27 39 0.246295
27 29 0.259861
27 45 0.242064
27 44 0.243088
27 37 0.251423
27 33 0.257282
27 30 0.262094
27 18 0.275260
27 50 0.239459
27 43 0.248547
27 48 0.244836
27 46 0.248354
27 40 0.259316
27 12 0.290254
27 36 0.267880
27 41 0.261616
27 49 0.253342
28 0 0.090663
28 1 0.129847
28 3 0.139988
28 4 0.159363
28 2 0.169048
28 13 0.161941
28 5 0.178493
28 9 0.173863
28 15 0.171999
28 16 0.181555
28 7 0.197972
28 14 0.188551
28 12 0.194432
28 17 0.200886
28 11 0.210766
28 10 0.222708
28 6 0.266337
28 19 0.239806
28 21 0.268005
28 33 0.234682
28 35 0.226730
28 29 0.245946
28 23 0.263812
28 31 0.241279
28 44 0.209077
28 41 0.217001
28 8 0.304696
28 37 0.228510
28 25 0.264465
28 27 0.259340
28 18 0.285704
28 39 0.225708
28 49 0.191935
28 20 0.283950
28 22 0.285190
28 45 0.224152
28 43 0.228126
28 42 0.231392
28 47 0.218965
28 24 0.284125
28 30 0.269203
28 28 0.277605
28 48 0.214775
28 46 0.231922
28 32 0.270470
28 34 0.264866
28 36 0.260566
28 40 0.252522
28 38 0.258041
28 26 0.295228
28 50 0.229602
29 0 0.109448
29 3 0.187268
29 10 0.184821
29 2 0.196018
29 5 0.196863
29 1 0.203035
29 4 0.205358
29 9 0.204023
29 8 0.259992
29 11 0.262587
29 30 0.242070
29 31 0.247824
29 13 0.270145
29 28 0.252067
29 14 0.270135
29 12 0.271901
29 44 0.236888
29 33 0.264830
29 16 0.289501
29 23 0.284512
29 34 0.267197
29 40 0.266797
29 26 0.287405
29 20 0.297912
29 46 0.267761
29 24 0.297197
29 7 0.312546
29 42 0.281136
29 17 0.311516
29 32 0.293261
29 21 0.308642
29 29 0.297485
29 22 0.309213
29 15 0.316181
29 6 0.329096
29 47 0.287487
29 27 0.309510
29 19 0.328823
29 25 0.320047
29 37 0.311125
29 48 0.301738
29 18 0.339054
29 35 0.320127
29 38 0.317908
29 50 0.306769
29 43 0.322536
29 45 0.321604
29 49 0.317683
29 36 0.331692
29 41 0.330499
29 39 0.336036
30 0 0.082127
30 1 0.153328
30 5 0.168558
30 4 0.178291
30 2 0.186399
30 3 0.190843
30 9 0.196125
30 15 0.203784
30 24 0.226736
30 14 0.253664
30 10 0.259156
30 8 0.261313
30 28 0.244263
30 22 0.254324
30 30 0.245826
30 12 0.263732
30 23 0.256685
30 37 0.241426
30 11 0.269508
30 29 0.252585
30 13 0.270711
30 32 0.252625
30 31 0.255763
30 17 0.270669
30 7 0.279127
30 42 0.244475
30 16 0.273421
30 20 0.270252
30 21 0.269886
30 25 0.265535
30 27 0.263373
30 33 0.258630
30 45 0.247319
30 36 0.258196
30 39 0.256130
30 44 0.252406
30 43 0.253976
30 35 0.263829
30 6 0.293542
30 26 0.276702
30 50 0.252391
30 18 0.291520
30 34 0.274760
30 19 0.291289
30 48 0.258769
30 47 0.260429
30 38 0.272518
30 41 0.271392
30 46 0.266026
30 40 0.276992
30 49 0.269101
31 3 0.085623
31 0 0.105995
31 5 0.171715
31 2 0.183857
31 13 0.185899
31 9 0.207052
31 1 0.216682
31 4 0.241819
31 20 0.231262
31 21 0.234524
31 6 0.253814
31 33 0.231680
31 19 0.246343
31 17 0.250601
31 25 0.247866
31 42 0.230326
31 24 0.252029
31 14 0.263238
31 31 0.246321
31 30 0.247397
31 11 0.266794
31 8 0.269479
31 23 0.257384
31 27 0.254994
31 22 0.267005
31 29 0.259613
31 38 0.253293
31 12 0.279783
31 50 0.243553
31 32 0.263728
31 10 0.285603
31 37 0.259974
31 46 0.256172
31 44 0.258506
31 15 0.293652
31 41 0.268930
31 28 0.282892
31 49 0.263116
31 26 0.287744
31 47 0.268374
31 7 0.307829
31 16 0.301895
31 43 0.274961
31 35 0.283877
31 18 0.301807
31 48 0.270030
31 45 0.278253
31 34 0.292246
31 40 0.286185
31 39 0.291294
31 36 0.303464
32 0 0.097816
32 1 0.097205
32 5 0.178434
32 2 0.187278
32 4 0.197632
32 8 0.208542
32 3 0.219146
32 6 0.235033
32 16 0.259573
32 10 0.277937
32 9 0.279439
32 11 0.277700
32 14 0.278460
32 28 0.268885
32 20 0.279376
32 12 0.286887
32 18 0.286247
32 13 0.295880
32 17 0.293161
32 33 0.276215
32 30 0.279472
32 29 0.281005
32 19 0.292944
32 15 0.297150
32 7 0.304656
32 44 0.267213
32 31 0.284360
32 25 0.292191
32 21 0.297181
32 37 0.279649
32 22 0.301139
32 34 0.288784
32 35 0.295309
32 42 0.290230
32 46 0.287719
32 40 0.295921
32 32 0.304900
32 36 0.305218
32 39 0.302449
32 38 0.304543
32 24 0.322601
32 45 0.300052
32 47 0.297708
32 26 0.323655
32 27 0.322723
32 43 0.306073
32 49 0.304186
32 23 0.336945
32 50 0.305879
32 48 0.309480
32 41 0.322485
33 0 0.111450
33 2 0.172708
33 5 0.180620
33 1 0.187870
33 13 0.178832
33 4 0.192456
33 3 0.216593
33 19 0.217770
33 9 0.258772
33 15 0.263223
33 28 0.249798
33 8 0.269740
33 29 0.251346
33 32 0.248602
33 31 0.251971
33 11 0.272882
33 14 0.270829
33 18 0.277836
33 30 0.267995
33 25 0.285046
33 16 0.296034
33 22 0.292405
33 33 0.280483
33 44 0.266749
33 36 0.280340
33 10 0.310223
33 21 0.301006
33 24 0.297898
33 12 0.310470
33 40 0.281102
33 45 0.278229
33 23 0.306006
33 34 0.294323
33 7 0.323790
33 6 0.325465
33 27 0.307793
33 17 0.319539
33 20 0.316995
33 35 0.301777
33 43 0.294787
33 37 0.303434
33 49 0.290167
33 39 0.302383
33 26 0.322003
33 42 0.311027
33 41 0.314024
33 46 0.311368
33 38 0.321947
33 50 0.312738
33 47 0.318525
33 48 0.319036
34 2 0.154003
34 1 0.177606
34 0 0.185599
34 3 0.186368
34 4 0.213887
34 5 0.232897
34 17 0.231448
34 11 0.257775
34 13 0.260827
34 30 0.242499
34 31 0.253145
34 9 0.297919
34 21 0.289638
34 25 0.285860
34 18 0.293911
34 33 0.279730
34 12 0.304910
34 15 0.303704
34 37 0.279148
34 40 0.276797
34 35 0.282143
34 22 0.299159
34 23 0.300035
34 43 0.276891
34 27 0.296126
34 38 0.283641
34 10 0.312550
34 47 0.274459
34 29 0.294006
34 34 0.289370
34 24 0.302991
34 32 0.292414
34 14 0.313278
34 8 0.322118
34 44 0.284752
34 49 0.281669
34 28 0.304148
34 19 0.319488
34 45 0.289531
34 41 0.296887
34 7 0.331507
34 26 0.314827
34 42 0.297264
34 50 0.292664
34 20 0.327706
34 46 0.298059
34 16 0.335149
34 36 0.312846
34 6 0.344406
34 39 0.311390
34 48 0.312709
35 0 0.125833
35 2 0.138000
35 5 0.222286
35 12 0.219848
35 1 0.245878
35 4 0.248581
35 30 0.249206
35 29 0.253382
35 10 0.274135
35 3 0.289394
35 13 0.294770
35 32 0.277500
35 9 0.306351
35 31 0.287418
35 28 0.293336
35 17 0.306487
35 25 0.300005
35 33 0.294531
35 42 0.285443
35 44 0.287199
35 19 0.314644
35 11 0.322003
35 15 0.323561
35 38 0.300492
35 14 0.327629
35 8 0.332253
35 26 0.319519
35 22 0.325589
35 21 0.331809
35 16 0.337599
35 20 0.335407
35 47 0.306926
35 7 0.345939
35 45 0.313847
35 35 0.323672
35 6 0.353097
35 27 0.335141
35 40 0.323218
35 23 0.342463
35 50 0.314373
35 41 0.329750
35 46 0.325834
35 37 0.334593
35 34 0.340267
35 49 0.334387
35 18 0.368879
35 43 0.344007
35 48 0.339185
35 36 0.351080
35 24 0.369892
35 39 0.357783
36 0 0.079281
36 1 0.151713
36 4 0.177689
36 2 0.207392
36 9 0.207788
36 10 0.207310
36 3 0.218344
36 13 0.249270
36 12 0.260449
36 32 0.240538
36 11 0.274682
36 30 0.256347
36 42 0.244992
36 34 0.258226
36 37 0.259121
36 44 0.252545
36 23 0.275465
36 24 0.275458
36 38 0.260676
36 5 0.293759
36 6 0.294052
36 14 0.289107
36 8 0.294096
36 29 0.274302
36 19 0.287299
36 7 0.298292
36 22 0.286558
36 18 0.293260
36 15 0.298154
36 21 0.295091
36 28 0.287999
36 16 0.303133
36 35 0.285717
36 20 0.303354
36 31 0.293329
36 39 0.285496
36 33 0.293003
36 47 0.279263
36 41 0.291267
36 50 0.281472
36 43 0.292034
36 25 0.312100
36 45 0.294457
36 46 0.294054
36 26 0.321093
36 40 0.307680
36 48 0.300308
36 36 0.314317
36 27 0.324000
36 17 0.338387
36 49 0.304536
37 0 0.124907
37 5 0.132978
37 3 0.173188
37 4 0.225307
37 1 0.237801
37 17 0.240865
37 12 0.262895
37 8 0.277705
37 32 0.255810
37 20 0.273758
37 13 0.280645
37 6 0.292171
37 9 0.296415
37 31 0.275777
37 2 0.307990
37 11 0.301926
37 10 0.302780
37 28 0.286219
37 33 0.281605
37 29 0.297447
37 7 0.317775
37 46 0.278775
37 25 0.302381
37 15 0.313408
37 30 0.297629
37 38 0.289537
37 27 0.302535
37 14 0.319172
37 36 0.303100
37 24 0.318520
37 44 0.298568
37 22 0.324565
37 16 0.332204
37 42 0.305500
37 43 0.307842
37 35 0.323944
37 39 0.327690
37 47 0.318724
37 23 0.348531
37 37 0.335884
37 26 0.348447
37 21 0.361529
37 34 0.350037
37 45 0.340005
37 40 0.347877
37 41 0.348989
37 50 0.340426
37 48 0.344905
37 18 0.381221
37 19 0.382373
37 49 0.349536
38 3 0.101080
38 0 0.137321
38 5 0.248141
38 2 0.263739
38 12 0.261677
38 30 0.268001
38 1 0.292230
38 15 0.282447
38 33 0.265130
38 13 0.292323
38 31 0.284283
38 10 0.306273
38 4 0.312505
38 14 0.306143
38 8 0.311022
38 44 0.277434
38 28 0.298785
38 9 0.316500
38 11 0.317614
38 43 0.299640
38 29 0.315504
38 32 0.314560
38 22 0.330641
38 25 0.330778
38 17 0.343187
38 26 0.343848
38 39 0.329973
38 23 0.352147
38 7 0.366448
38 18 0.359201
38 20 0.359628
38 21 0.360025
38 41 0.339848
38 16 0.371298
38 48 0.339519
38 27 0.364315
38 34 0.365049
38 37 0.370274
38 36 0.374363
38 45 0.364561
38 40 0.371392
38 19 0.393905
38 47 0.364476
38 24 0.390164
38 50 0.363614
38 38 0.378500
38 6 0.411085
38 42 0.378247
38 49 0.372602
38 35 0.390843
38 46 0.388120
39 0 0.108443
39 5 0.177637
39 1 0.232515
39 3 0.263479
39 20 0.253305
39 12 0.274464
39 32 0.254545
39 9 0.277325
39 13 0.276175
39 17 0.275824
39 10 0.281028
39 31 0.263024
39 21 0.276244
39 6 0.289869
39 39 0.258146
39 7 0.291164
39 11 0.295207
39 2 0.304959
39 19 0.293670
39 33 0.281692
39 14 0.302243
39 25 0.304528
39 36 0.298288
39 28 0.310734
39 23 0.319804
39 4 0.336666
39 29 0.317237
39 18 0.330434
39 24 0.323790
39 27 0.322014
39 22 0.330037
39 8 0.342647
39 30 0.322542
39 44 0.310953
39 48 0.306956
39 16 0.341254
39 34 0.322432
39 26 0.334395
39 45 0.316870
39 15 0.350120
39 41 0.326667
39 37 0.331833
39 40 0.329171
39 49 0.325662
39 46 0.331262
39 38 0.348794
39 42 0.345476
39 35 0.355611
39 50 0.340439
39 47 0.346411
39 43 0.353033
40 0 0.156941
40 5 0.197296
40 8 0.208691
40 33 0.197648
40 1 0.225888
40 17 0.216806
40 3 0.227574
40 19 0.217302
40 21 0.218414
40 10 0.229984
40 30 0.211548
40 11 0.230316
40 6 0.235963
40 13 0.232036
40 4 0.241564
40 29 0.220211
40 2 0.251778
40 12 0.255517
40 14 0.255194
40 18 0.252576
40 22 0.253888
40 32 0.242574
40 9 0.266846
40 28 0.253252
40 31 0.255590
40 24 0.267296
40 16 0.276710
40 23 0.273857
40 25 0.282068
40 7 0.301171
40 15 0.298958
40 27 0.289544
40 34 0.285743
40 26 0.296739
40 20 0.304153
40 44 0.161162
40 36 0.287286
40 37 0.291853
40 43 0.186455
40 35 0.307249
40 47 0.178133
40 38 0.309016
40 46 0.190390
40 40 0.317874
40 50 0.186904
40 49 0.190180
40 42 0.227986
40 41 0.326861
40 45 0.206424
40 39 0.335715
40 48 0.205505
41 0 0.162881
41 2 0.182756
41 13 0.210101
41 4 0.249518
41 28 0.253908
41 3 0.282861
41 10 0.281397
41 31 0.263599
41 30 0.265098
41 1 0.291786
41 32 0.263652
41 14 0.282711
41 5 0.292161
41 8 0.298645
41 12 0.303326
41 44 0.275235
41 33 0.289906
41 16 0.313988
41 18 0.315217
41 29 0.304594
41 11 0.338141
41 7 0.343921
41 35 0.325527
41 9 0.359461
41 6 0.371695
41 39 0.339594
41 25 0.356664
41 43 0.339121
41 15 0.375628
41 27 0.363546
41 17 0.376083
41 23 0.373031
41 48 0.346039
41 24 0.374742
41 45 0.352062
41 20 0.387646
41 21 0.391647
41 22 0.395401
41 37 0.381183
41 47 0.370697
41 41 0.378571
41 34 0.388254
41 19 0.407150
41 49 0.373466
41 40 0.385312
41 36 0.389506
41 46 0.378259
41 50 0.374247
41 38 0.400537
41 26 0.415919
41 42 0.402209
42 0 0.224351
42 4 0.271473
42 12 0.266134
42 31 0.258843
42 3 0.292953
42 2 0.308521
42 9 0.307457
42 14 0.307627
42 5 0.315420
42 11 0.312034
42 1 0.322000
42 17 0.313076
42 32 0.313941
42 29 0.318211
42 21 0.339457
42 22 0.338824
42 13 0.346125
42 23 0.338601
42 25 0.335694
42 47 0.313728
42 49 0.317160
42 8 0.371336
42 15 0.366744
42 20 0.363572
42 7 0.373287
42 18 0.365825
42 28 0.352915
42 33 0.348629
42 34 0.348876
42 39 0.344335
42 35 0.355387
42 16 0.380351
42 37 0.360327
42 30 0.368679
42 19 0.388556
42 44 0.359725
42 10 0.398500
42 40 0.371442
42 27 0.385498
42 41 0.378200
42 36 0.383223
42 43 0.376609
42 42 0.380646
42 46 0.382846
42 48 0.383290
42 26 0.408795
42 24 0.414893
42 45 0.389569
42 6 0.443638
42 50 0.398948
42 38 0.419342
43 8 0.156473
43 9 0.164687
43 1 0.211835
43 10 0.166329
43 2 0.230385
43 3 0.223570
43 0 0.235002
43 11 0.175560
43 5 0.225881
43 12 0.178197
43 14 0.134797
43 4 0.258765
43 13 0.168266
43 6 0.307534
43 7 0.304552
43 18 0.185582
43 17 0.243510
43 15 0.268915
43 16 0.277887
43 30 0.208284
43 31 0.210010
43 44 0.191886
43 23 0.254112
43 20 0.264100
43 29 0.241708
43 28 0.261865
43 19 0.313195
43 21 0.288623
43 32 0.288237
43 27 0.302921
43 26 0.308269
43 39 0.289050
43 42 0.284715
43 22 0.342102
43 38 0.305236
43 47 0.283555
43 25 0.346736
43 33 0.322751
43 46 0.292502
43 24 0.352994
43 48 0.282588
43 50 0.290502
43 40 0.331217
43 35 0.360310
43 36 0.360069
43 37 0.362956
43 34 0.374257
43 45 0.348978
43 41 0.365789
43 49 0.345775
43 43 0.377236
44 0 0.171886
44 10 0.249540
44 9 0.255288
44 3 0.274298
44 11 0.282288
44 4 0.288339
44 1 0.315383
44 13 0.306733
44 12 0.308206
44 14 0.310357
44 28 0.326788
44 5 0.363223
44 2 0.365740
44 33 0.334177
44 44 0.331573
44 29 0.373837
44 8 0.398829
44 31 0.383574
44 15 0.408875
44 7 0.415742
44 30 0.401660
44 32 0.400148
44 38 0.406316
44 46 0.405498
44 35 0.434050
44 19 0.458546
44 39 0.436087
44 43 0.437314
44 17 0.468033
44 41 0.449385
44 49 0.445515
44 6 0.491442
44 26 0.475924
44 27 0.475721
44 40 0.466549
44 20 0.500680
44 24 0.504049
44 47 0.477161
44 23 0.506494
44 50 0.478021
44 18 0.516160
44 45 0.484713
44 36 0.494362
44 37 0.501501
44 16 0.536837
44 34 0.523524
44 25 0.538994
44 42 0.521154
44 22 0.547673
44 21 0.552937
44 48 0.526474
45 8 0.175596
45 10 0.187696
45 12 0.266615
45 9 0.368619
45 5 0.379033
45 14 0.370878
45 6 0.392335
45 2 0.407436
45 32 0.336771
45 1 0.409509
45 44 0.336158
45 4 0.430897
45 0 0.434411
45 3 0.438719
45 28 0.375001
45 11 0.427940
45 30 0.382101
45 20 0.414047
45 16 0.440077
45 18 0.430078
45 13 0.463270
45 26 0.446845
45 33 0.447300
45 29 0.454621
45 31 0.451095
45 24 0.482459
45 15 0.520227
45 46 0.448562
45 7 0.567063
45 40 0.495940
45 49 0.471756
45 50 0.472544
45 39 0.512180
45 34 0.522220
45 22 0.541379
45 36 0.533340
45 42 0.524693
45 19 0.578961
45 27 0.565121
45 17 0.588659
45 23 0.571346
45 45 0.547738
45 41 0.558652
45 47 0.566642
45 25 0.623033
45 37 0.612765
45 43 0.605156
45 48 0.585105
45 35 0.626617
45 38 0.621063
45 21 0.662017
46 0 0.162284
46 8 0.222422
46 1 0.244850
46 10 0.284401
46 14 0.284431
46 33 0.282212
46 31 0.286451
46 30 0.287723
46 11 0.308718
46 12 0.311215
46 29 0.295411
46 9 0.314448
46 32 0.328426
46 13 0.351440
46 17 0.375094
46 28 0.363251
46 2 0.386002
46 4 0.393038
46 44 0.368914
46 7 0.403229
46 47 0.378852
46 6 0.424500
46 42 0.402880
46 35 0.414154
46 5 0.445109
46 38 0.420081
46 15 0.445915
46 3 0.458414
46 26 0.438956
46 49 0.421294
46 23 0.446154
46 20 0.451485
46 16 0.456878
46 34 0.443187
46 19 0.460887
46 39 0.443011
46 40 0.442586
46 25 0.460850
46 46 0.443771
46 41 0.449287
46 24 0.466001
46 48 0.445880
46 37 0.461573
46 45 0.456901
46 36 0.478447
46 50 0.473734
46 43 0.480782
46 22 0.501302
46 21 0.503365
46 18 0.509131
46 27 0.517839
47 8 0.241037
47 11 0.267798
47 14 0.270087
47 0 0.312013
47 12 0.311786
47 7 0.338523
47 9 0.338299
47 3 0.342814
47 13 0.336111
47 4 0.371604
47 2 0.374647
47 44 0.290672
47 28 0.341354
47 30 0.338222
47 6 0.412393
47 5 0.413928
47 29 0.373141
47 32 0.364749
47 31 0.369746
47 10 0.432551
47 20 0.444485
47 26 0.421147
47 24 0.423938
47 18 0.447890
47 1 0.461131
47 22 0.436377
47 16 0.451079
47 36 0.445261
47 40 0.429860
47 33 0.453167
47 50 0.438657
47 35 0.480313
47 25 0.529659
47 49 0.473084
47 23 0.540916
47 39 0.500426
47 27 0.539914
47 34 0.520551
47 48 0.492398
47 37 0.524012
47 46 0.503071
47 42 0.522042
47 41 0.525758
47 15 0.597220
47 38 0.538528
47 17 0.599684
47 19 0.598458
47 21 0.602215
47 45 0.542500
47 43 0.548609
47 47 0.576690
48 12 0.236130
48 2 0.275789
48 14 0.291627
48 33 0.293559
48 30 0.299268
48 8 0.320967
48 9 0.328115
48 0 0.350270
48 44 0.316531
48 3 0.357253
48 28 0.334553
48 4 0.358982
48 1 0.368199
48 32 0.355516
48 20 0.388310
48 10 0.398416
48 18 0.394954
48 15 0.399300
48 22 0.405365
48 6 0.420198
48 40 0.394934
48 5 0.430862
48 13 0.429194
48 29 0.418163
48 34 0.414740
48 31 0.417537
48 16 0.433969
48 35 0.416833
48 11 0.442880
48 36 0.424104
48 26 0.435332
48 19 0.467676
48 24 0.463099
48 21 0.479647
48 7 0.492851
48 42 0.467907
48 41 0.479050
48 43 0.476509
48 48 0.472950
48 25 0.497459
48 37 0.489341
48 47 0.478478
48 45 0.488913
48 50 0.485511
48 46 0.493549
48 17 0.530429
48 39 0.513830
48 27 0.533107
48 23 0.539751
48 38 0.537562
48 49 0.545778
49 8 0.173417
49 1 0.204060
49 12 0.163975
49 10 0.186140
49 11 0.178110
49 9 0.220580
49 0 0.260199
49 2 0.260697
49 14 0.167553
49 4 0.278920
49 13 0.212829
49 5 0.284470
49 3 0.299566
49 7 0.331422
49 6 0.361342
49 28 0.164160
49 15 0.280479
49 30 0.203526
49 18 0.267067
49 33 0.209083
49 16 0.280928
49 32 0.212255
49 17 0.317014
49 22 0.315198
49 31 0.273026
49 29 0.276971
49 23 0.321586
49 24 0.318766
49 19 0.357482
49 26 0.338405
49 20 0.358930
49 21 0.361731
49 25 0.360100
49 27 0.377722
49 44 0.312921
49 43 0.351383
49 40 0.376012
49 34 0.413836
49 38 0.404776
49 47 0.379601
49 35 0.425502
49 42 0.402369
49 39 0.426026
49 45 0.404979
49 49 0.403039
49 41 0.426800
49 37 0.441398
49 46 0.429849
49 50 0.402869
49 36 0.461845
49 48 0.438541
50 29 0.293569
50 33 0.292886
50 9 0.337370
50 3 0.350016
50 1 0.352996
50 13 0.349462
50 31 0.361324
50 5 0.405637
50 32 0.385800
50 21 0.412059
50 4 0.427817
50 18 0.433417
50 36 0.420392
50 27 0.429080
50 22 0.438724
50 0 0.455791
50 45 0.408934
50 11 0.448157
50 7 0.452442
50 19 0.449411
50 44 0.420693
50 14 0.458358
50 10 0.462596
50 12 0.462914
50 6 0.468381
50 8 0.467761
50 30 0.449009
50 34 0.445657
50 35 0.446830
50 28 0.454234
50 24 0.463234
50 26 0.460240
50 42 0.447016
50 16 0.480831
50 15 0.489893
50 2 0.505438
50 23 0.491714
50 20 0.498744
50 40 0.489137
50 41 0.492350
50 25 0.513142
50 49 0.489163
50 43 0.504266
50 38 0.512408
50 50 0.499282
50 47 0.510985
50 39 0.550989
50 17 0.579857
50 46 0.547231
50 37 0.563319
50 48 0.569311
51 12 0.212747
51 9 0.223534
51 14 0.229686
51 13 0.238659
51 10 0.262963
51 0 0.287333
51 8 0.337900
51 11 0.380473
51 2 0.410009
51 1 0.458325
51 32 0.410154
51 4 0.474767
51 29 0.435895
51 5 0.492155
51 6 0.506350
51 16 0.500523
51 30 0.459808
51 15 0.513361
51 44 0.435526
51 46 0.430799
51 18 0.531228
51 7 0.542053
51 28 0.494470
51 17 0.553883
51 3 0.569561
51 33 0.553152
51 40 0.531880
51 20 0.602162
51 43 0.530820
51 42 0.533791
51 48 0.535391
51 26 0.607936
51 38 0.568334
51 23 0.632314
51 36 0.587534
51 31 0.606651
51 24 0.636971
51 37 0.621062
51 22 0.674066
51 34 0.641794
51 27 0.670589
51 35 0.653980
51 50 0.617449
51 41 0.638175
51 45 0.628653
51 39 0.667192
51 21 0.737698
51 47 0.658669
51 19 0.747309
51 25 0.746818
51 49 0.676619
52 0 0.216793
52 11 0.168748
52 10 0.192341
52 6 0.228246
52 9 0.207227
52 3 0.254622
52 4 0.253796
52 5 0.247607
52 1 0.266160
52 12 0.210596
52 8 0.236896
52 7 0.267136
52 13 0.237381
52 2 0.321337
52 14 0.229951
52 15 0.357406
52 29 0.238408
52 17 0.295686
52 32 0.244338
52 18 0.358357
52 27 0.334454
52 30 0.334120
52 28 0.334486
52 33 0.325939
52 31 0.324127
52 20 0.369660
52 26 0.353573
52 23 0.357519
52 24 0.357651
52 25 0.357181
52 44 0.313357
52 22 0.360249
52 16 0.406923
52 19 0.417093
52 34 0.445044
52 47 0.419415
52 38 0.458866
52 21 0.484989
52 36 0.462920
52 37 0.470107
52 35 0.473484
52 46 0.452109
52 42 0.474677
52 50 0.464913
52 43 0.482148
52 40 0.507507
52 45 0.498970
52 41 0.512238
52 49 0.502247
52 48 0.508488
52 39 0.539847
53 0 0.294888
53 8 0.147357
53 1 0.327479
53 9 0.171405
53 2 0.351258
53 11 0.185814
53 4 0.307356
53 10 0.224780
53 13 0.205422
53 3 0.374078
53 14 0.198531
53 5 0.368744
53 7 0.387970
53 6 0.401320
53 12 0.315607
53 30 0.188636
53 32 0.208018
53 15 0.387977
53 29 0.228446
53 16 0.383002
53 28 0.266238
53 31 0.246671
53 17 0.371284
53 18 0.364919
53 22 0.345479
53 24 0.362959
53 19 0.413298
53 33 0.323920
53 20 0.419842
53 21 0.416994
53 26 0.375746
53 25 0.388453
53 23 0.426150
53 27 0.409006
53 44 0.243112
53 34 0.440296
53 36 0.416481
53 50 0.273784
53 42 0.390080
53 40 0.406754
53 39 0.422509
53 45 0.355556
53 41 0.424588
53 48 0.339730
53 49 0.329572
53 35 0.511969
53 43 0.428118
53 46 0.386810
53 37 0.482609
53 47 0.373374
53 38 0.473699
54 9 0.266867
54 2 0.281990
54 8 0.277085
54 0 0.290526
54 10 0.283183
54 13 0.283392
54 14 0.312574
54 3 0.341409
54 11 0.355782
54 12 0.372565
54 1 0.395441
54 5 0.448877
54 4 0.460993
54 31 0.393255
54 7 0.470461
54 15 0.491288
54 33 0.433247
54 29 0.486929
54 17 0.524507
54 19 0.516297
54 21 0.547502
54 6 0.591292
54 20 0.562473
54 28 0.543375
54 25 0.580988
54 16 0.618328
54 30 0.579670
54 23 0.616518
54 18 0.648456
54 44 0.508337
54 26 0.635417
54 37 0.557185
54 32 0.607778
54 22 0.673102
54 27 0.656578
54 35 0.641200
54 24 0.704269
54 47 0.483103
54 46 0.503405
54 43 0.596391
54 48 0.500714
54 42 0.613981
54 38 0.635295
54 45 0.571800
54 39 0.642573
54 34 0.688491
54 40 0.646342
54 41 0.642727
54 50 0.538551
54 49 0.554111
54 36 0.760666
55 12 0.258532
55 8 0.264896
55 10 0.264821
55 11 0.269202
55 13 0.377912
55 9 0.380885
55 0 0.389858
55 16 0.393843
55 1 0.410321
55 44 0.318073
55 4 0.434216
55 7 0.433680
55 2 0.465947
55 14 0.467259
55 32 0.422442
55 30 0.435129
55 28 0.448265
55 17 0.501415
55 6 0.526965
55 40 0.476289
55 3 0.577281
55 22 0.553270
55 38 0.523400
55 15 0.621525
55 26 0.597657
55 18 0.612189
55 35 0.570920
55 29 0.602940
55 33 0.584585
55 31 0.606025
55 34 0.586228
55 25 0.619987
55 20 0.635238
55 36 0.616719
55 43 0.600472
55 42 0.611562
55 24 0.679059
55 45 0.635490
55 50 0.637687
55 5 0.755207
55 46 0.654277
55 27 0.739504
55 23 0.752576
55 48 0.673419
55 39 0.717090
55 19 0.781439
55 47 0.698114
55 41 0.729532
55 49 0.709503
55 37 0.770491
55 21 0.819246
56 8 0.151687
56 0 0.253709
56 3 0.262632
56 10 0.155433
56 4 0.312300
56 2 0.344191
56 14 0.205368
56 1 0.349285
56 20 0.182396
56 11 0.213634
56 5 0.318835
56 13 0.236372
56 7 0.302936
56 12 0.271927
56 9 0.306722
56 6 0.386866
56 22 0.312236
56 32 0.255458
56 30 0.275682
56 24 0.327749
56 17 0.362108
56 15 0.374235
56 19 0.357566
56 28 0.329967
56 29 0.315902
56 25 0.357705
56 33 0.311602
56 31 0.346988
56 23 0.408831
56 18 0.427725
56 26 0.404373
56 21 0.425494
56 27 0.410426
56 16 0.449444
56 34 0.364538
56 44 0.262931
56 40 0.373476
56 37 0.444425
56 41 0.377736
56 38 0.450669
56 35 0.486035
56 50 0.335063
56 49 0.345195
56 47 0.348368
56 36 0.513353
56 46 0.359598
56 42 0.430895
56 43 0.412023
56 39 0.488261
56 48 0.403556
56 45 0.423521
57 11 0.324220
57 29 0.331242
57 10 0.357174
57 8 0.359644
57 2 0.390605
57 9 0.406980
57 13 0.410863
57 1 0.419730
57 31 0.394865
57 14 0.431789
57 4 0.472339
57 18 0.463210
57 33 0.443970
57 15 0.468277
57 3 0.493244
57 12 0.499290
57 16 0.496985
57 28 0.501218
57 17 0.538419
57 25 0.524516
57 5 0.547076
57 19 0.541312
57 7 0.555986
57 32 0.532664
57 44 0.534659
57 30 0.554189
57 0 0.592759
57 45 0.558022
57 22 0.620321
57 38 0.604795
57 50 0.593772
57 43 0.607171
57 24 0.631217
57 27 0.654639
57 40 0.658964
57 37 0.664665
57 46 0.658887
57 49 0.661662
57 26 0.689929
57 34 0.682667
57 39 0.679404
57 6 0.722908
57 23 0.706558
57 48 0.686301
57 36 0.702656
57 21 0.725554
57 47 0.694422
57 42 0.700926
57 35 0.710137
57 41 0.720045
57 20 0.802994
58 8 0.234845
58 9 0.247920
58 10 0.266948
58 13 0.285933
58 11 0.294021
58 2 0.374265
58 5 0.373944
58 4 0.375961
58 12 0.334308
58 14 0.320233
58 3 0.403001
58 0 0.447461
58 7 0.428965
58 1 0.467014
58 6 0.538010
58 28 0.199187
58 32 0.200320
58 18 0.348863
58 30 0.210449
58 16 0.450980
58 29 0.281329
58 15 0.584434
58 33 0.273633
58 31 0.337655
58 44 0.288626
58 17 0.544775
58 26 0.445484
58 21 0.522881
58 24 0.481345
58 20 0.559827
58 22 0.534354
58 23 0.511307
58 25 0.496555
58 36 0.466067
58 19 0.625230
58 34 0.478852
58 35 0.504453
58 40 0.485983
58 43 0.476947
58 39 0.519921
58 37 0.539843
58 27 0.621774
58 48 0.449162
58 45 0.509399
58 42 0.552954
58 46 0.535296
58 38 0.603151
58 50 0.442019
58 41 0.599455
58 47 0.534079
58 49 0.481773
59 11 0.246437
59 1 0.389385
59 13 0.370084
59 12 0.376462
59 8 0.389387
59 10 0.390516
59 3 0.404867
59 28 0.390320
59 5 0.441355
59 4 0.468995
59 31 0.408735
59 9 0.464970
59 17 0.481242
59 6 0.511361
59 33 0.453083
59 29 0.462642
59 2 0.533000
59 15 0.551872
59 0 0.599650
59 30 0.539004
59 23 0.604567
59 7 0.659970
59 14 0.647730
59 43 0.600541
59 21 0.642858
59 25 0.637119
59 16 0.692386
59 45 0.640927
59 18 0.697447
59 32 0.668455
59 37 0.678514
59 41 0.681819
59 40 0.686814
59 44 0.681340
59 35 0.710774
59 26 0.740064
59 36 0.741552
59 47 0.697652
59 20 0.781613
59 19 0.789776
59 39 0.754677
59 46 0.763573
59 34 0.798993
59 49 0.776437
59 27 0.852262
59 22 0.892084
59 24 0.896041
59 48 0.845683
59 42 0.890147
59 50 0.853042
59 38 0.909552
60 8 0.269056
60 14 0.351376
60 9 0.354763
60 13 0.352679
60 44 0.332148
60 32 0.401455
60 5 0.445184
60 11 0.523682
60 7 0.542238
60 0 0.547650
60 28 0.521534
60 6 0.557570
60 12 0.564865
60 10 0.584959
60 22 0.578894
60 30 0.567673
60 4 0.606047
60 36 0.552128
60 23 0.600765
60 16 0.685490
60 20 0.687159
60 34 0.641176
60 48 0.640445
60 33 0.686207
60 21 0.753779
60 39 0.708610
60 42 0.710183
60 29 0.782329
60 31 0.768439
60 17 0.809847
60 2 0.833454
60 15 0.838438
60 46 0.775092
60 40 0.792681
60 35 0.809622
60 38 0.806942
60 18 0.863403
60 24 0.866941
60 45 0.806781
60 3 0.892595
60 26 0.887839
60 50 0.848216
60 19 0.936012
60 1 0.956976
60 27 0.935251
60 25 0.943918
60 43 0.908711
60 47 0.912187
60 37 0.948600
60 41 0.950345
60 49 0.941066
61 12 0.370399
61 13 0.370179
61 29 0.355050
61 8 0.373845
61 11 0.372319
61 30 0.366054
61 10 0.386782
61 28 0.403057
61 9 0.448824
61 0 0.457304
61 31 0.434410
61 16 0.470163
61 2 0.480590
61 44 0.449552
61 1 0.500492
61 14 0.501236
61 32 0.501735
61 33 0.501227
61 35 0.620495
61 15 0.641336
61 34 0.623775
61 48 0.607850
61 45 0.611722
61 27 0.630613
61 24 0.634214
61 39 0.621056
61 36 0.624454
61 3 0.652513
61 40 0.620977
61 5 0.651546
61 41 0.620262
61 7 0.651608
61 21 0.643265
61 4 0.655410
61 17 0.652294
61 38 0.631933
61 22 0.649922
61 49 0.627225
61 20 0.663614
61 23 0.661835
61 42 0.648858
61 25 0.665493
61 26 0.665795
61 18 0.680804
61 46 0.653687
61 50 0.650076
61 19 0.685480
61 43 0.663571
61 6 0.705488
61 37 0.684209
61 47 0.684856
62 3 0.281813
62 13 0.280902
62 10 0.373465
62 14 0.371537
62 11 0.373483
62 30 0.347132
62 12 0.404932
62 4 0.416987
62 6 0.417970
62 32 0.416858
62 20 0.454242
62 28 0.444566
62 8 0.474777
62 0 0.497304
62 44 0.417959
62 7 0.510514
62 2 0.529142
62 5 0.537683
62 40 0.488690
62 22 0.560734
62 31 0.528419
62 29 0.565366
62 46 0.526110
62 18 0.599904
62 42 0.539044
62 26 0.604684
62 1 0.620926
62 36 0.561383
62 16 0.612259
62 50 0.527000
62 33 0.594785
62 23 0.634022
62 34 0.598325
62 38 0.606838
62 35 0.617479
62 19 0.668100
62 24 0.669882
62 25 0.672996
62 43 0.616644
62 48 0.601562
62 9 0.696826
62 15 0.695790
62 39 0.646968
62 49 0.617980
62 47 0.625506
62 45 0.634166
62 17 0.744425
62 37 0.699133
62 21 0.749866
62 27 0.738449
62 41 0.723693
63 0 0.191761
63 8 0.321085
63 44 0.291610
63 10 0.331178
63 12 0.330028
63 30 0.329344
63 9 0.357740
63 3 0.364273
63 2 0.387074
63 14 0.379221
63 33 0.362732
63 11 0.383695
63 29 0.372167
63 16 0.414177
63 31 0.401816
63 34 0.409443
63 13 0.431243
63 7 0.444871
63 4 0.448393
63 6 0.450259
63 32 0.438783
63 28 0.454231
63 15 0.469513
63 1 0.498476
63 35 0.468836
63 26 0.484350
63 43 0.479023
63 20 0.505640
63 21 0.507007
63 27 0.506242
63 42 0.498483
63 25 0.517044
63 39 0.508960
63 23 0.526096
63 18 0.557278
63 41 0.535459
63 5 0.572023
63 46 0.540720
63 17 0.575921
63 49 0.544160
63 48 0.546259
63 40 0.555893
63 45 0.553654
63 37 0.587729
63 22 0.605683
63 47 0.589501
63 36 0.605888
63 19 0.625089
63 24 0.619570
63 38 0.613674
63 50 0.610749
64 0 0.216707
64 11 0.273785
64 10 0.316363
64 14 0.316698
64 1 0.368626
64 31 0.351412
64 33 0.362952
64 12 0.389778
64 9 0.392735
64 29 0.375292
64 3 0.398371
64 8 0.410752
64 4 0.424040
64 13 0.427411
64 32 0.414568
64 40 0.426708
64 35 0.438043
64 45 0.430194
64 2 0.469855
64 30 0.447460
64 36 0.467391
64 44 0.461766
64 5 0.498025
64 15 0.492630
64 16 0.495381
64 28 0.486214
64 24 0.505353
64 27 0.519433
64 19 0.531691
64 37 0.528097
64 20 0.548322
64 43 0.537819
64 18 0.565943
64 42 0.545246
64 22 0.566751
64 25 0.567451
64 23 0.573063
64 21 0.586247
64 41 0.572328
64 17 0.598684
64 38 0.586578
64 48 0.578513
64 34 0.601527
64 26 0.611711
64 7 0.636779
64 39 0.609048
64 6 0.641087
64 47 0.616655
64 50 0.626601
64 46 0.635532
64 49 0.635550
65 1 0.314632
65 9 0.316049
65 12 0.315009
65 3 0.322933
65 30 0.296040
65 32 0.296257
65 13 0.334155
65 10 0.351257
65 8 0.353151
65 14 0.362380
65 7 0.371220
65 44 0.357218
65 29 0.378004
65 5 0.408043
65 31 0.390976
65 0 0.433469
65 43 0.389988
65 16 0.423121
65 2 0.439668
65 11 0.434598
65 28 0.434009
65 33 0.430543
65 22 0.445420
65 39 0.435654
65 26 0.448707
65 6 0.476828
65 27 0.454956
65 38 0.462529
65 47 0.457089
65 24 0.485145
65 50 0.464301
65 45 0.470715
65 36 0.481603
65 15 0.526215
65 25 0.516829
65 17 0.533817
65 42 0.504863
65 34 0.519029
65 20 0.542941
65 35 0.529572
65 48 0.514606
65 41 0.526537
65 4 0.570206
65 40 0.542641
65 18 0.574196
65 23 0.571106
65 21 0.579633
65 19 0.588845
65 46 0.566309
65 37 0.578574
65 49 0.570694
66 11 0.160343
66 9 0.174338
66 8 0.181063
66 10 0.179203
66 0 0.206325
66 13 0.178752
66 1 0.223977
66 14 0.208841
66 12 0.242787
66 5 0.311494
66 6 0.310685
66 4 0.319676
66 7 0.306736
66 3 0.324914
66 2 0.340285
66 15 0.339150
66 20 0.315442
66 16 0.354088
66 19 0.335519
66 30 0.189450
66 21 0.356540
66 29 0.204550
66 18 0.366365
66 33 0.208998
66 17 0.411614
66 28 0.240016
66 32 0.231844
66 31 0.279702
66 22 0.422661
66 44 0.245318
66 27 0.346492
66 23 0.418670
66 25 0.376678
66 26 0.377654
66 36 0.316994
66 24 0.404239
66 43 0.315203
66 35 0.340614
66 40 0.330017
66 45 0.344386
66 34 0.403170
66 39 0.366387
66 49 0.341893
66 46 0.365319
66 37 0.390284
66 48 0.367568
66 41 0.389009
66 50 0.368379
66 42 0.411753
66 38 0.423123
66 47 0.419581
67 8 0.272926
67 10 0.294027
67 0 0.369916
67 9 0.362334
67 11 0.360267
67 5 0.366185
67 1 0.434781
67 7 0.429994
67 44 0.394748
67 6 0.451881
67 4 0.458598
67 3 0.458332
67 12 0.447696
67 30 0.441553
67 2 0.485898
67 32 0.484685
67 18 0.519956
67 40 0.481778
67 41 0.499094
67 28 0.533482
67 35 0.536112
67 14 0.581118
67 20 0.578760
67 29 0.584896
67 45 0.567347
67 26 0.599908
67 17 0.627444
67 27 0.615902
67 36 0.605734
67 13 0.654326
67 24 0.637547
67 31 0.624040
67 16 0.656823
67 19 0.653944
67 46 0.613101
67 33 0.627736
67 47 0.638658
67 15 0.695384
67 48 0.643600
67 43 0.661057
67 39 0.692065
67 34 0.697106
67 50 0.680636
67 38 0.703072
67 21 0.738065
67 49 0.701949
67 23 0.748829
67 22 0.757375
67 25 0.781278
67 42 0.778049
67 37 0.789625
68 0 0.352578
68 8 0.197216
68 1 0.374357
68 13 0.218030
68 11 0.225980
68 12 0.232080
68 10 0.234826
68 9 0.238841
68 2 0.389012
68 3 0.397524
68 4 0.416682
68 6 0.344835
68 5 0.406720
68 14 0.285828
68 7 0.372119
68 15 0.470389
68 16 0.465844
68 28 0.252098
68 20 0.299511
68 21 0.308098
68 29 0.294515
68 32 0.289523
68 17 0.492558
68 19 0.397052
68 30 0.301871
68 33 0.327951
68 35 0.322962
68 31 0.332425
68 44 0.324277
68 23 0.386344
68 34 0.374426
68 22 0.430714
68 27 0.403381
68 37 0.391419
68 26 0.420906
68 42 0.395678
68 45 0.406840
68 24 0.460949
68 18 0.604702
68 39 0.452386
68 46 0.444226
68 25 0.513961
68 41 0.490937
68 40 0.496921
68 36 0.505807
68 49 0.496615
68 50 0.493957
68 43 0.514054
68 47 0.511034
68 48 0.510498
68 38 0.551997
69 10 0.229634
69 8 0.242244
69 13 0.230704
69 12 0.285009
69 9 0.301250
69 0 0.325985
69 4 0.324950
69 11 0.315521
69 1 0.338784
69 3 0.352053
69 5 0.380989
69 17 0.337707
69 7 0.388456
69 14 0.368592
69 6 0.425293
69 2 0.432563
69 28 0.383368
69 30 0.381122
69 32 0.440406
69 44 0.414647
69 18 0.520044
69 29 0.491514
69 20 0.541437
69 16 0.570785
69 26 0.559761
69 40 0.536547
69 15 0.605965
69 31 0.563916
69 35 0.558877
69 33 0.568875
69 27 0.581075
69 36 0.574808
69 22 0.614471
69 38 0.578428
69 45 0.544526
69 24 0.616102
69 42 0.589754
69 25 0.624237
69 48 0.498900
69 23 0.643598
69 34 0.612467
69 41 0.634937
69 19 0.697452
69 46 0.622231
69 50 0.527876
69 39 0.681224
69 37 0.702229
69 49 0.567342
69 43 0.694303
69 47 0.625740
69 21 0.761117
70 9 0.324198
70 32 0.308647
70 14 0.379092
70 10 0.387173
70 31 0.368803
70 29 0.374437
70 11 0.392466
70 0 0.444142
70 1 0.460993
70 44 0.435572
70 3 0.481005
70 4 0.480381
70 6 0.497517
70 5 0.505180
70 12 0.505651
70 28 0.490410
70 40 0.476955
70 30 0.489448
70 13 0.527873
70 21 0.530551
70 7 0.559469
70 8 0.576975
70 33 0.555833
70 45 0.542379
70 18 0.579361
70 16 0.581367
70 34 0.564074
70 41 0.567368
70 36 0.577259
70 17 0.600197
70 26 0.617133
70 2 0.642398
70 50 0.607091
70 15 0.666464
70 42 0.650272
70 24 0.671795
70 35 0.668144
70 47 0.665729
70 27 0.689406
70 38 0.677286
70 25 0.692698
70 48 0.666666
70 43 0.671951
70 19 0.716690
70 39 0.697477
70 23 0.724402
70 37 0.715410
70 22 0.735854
70 46 0.713844
70 49 0.722888
70 20 0.760287
71 10 0.330606
71 0 0.344223
71 12 0.334673
71 8 0.393104
71 30 0.373074
71 44 0.348139
71 14 0.407867
71 9 0.467461
71 2 0.480327
71 28 0.444033
71 20 0.466551
71 32 0.443830
71 1 0.508799
71 5 0.548333
71 4 0.563949
71 6 0.579970
71 11 0.579302
71 33 0.558717
71 36 0.554554
71 35 0.564842
71 26 0.601831
71 34 0.590287
71 31 0.597731
71 29 0.613227
71 40 0.602164
71 38 0.610462
71 22 0.644216
71 45 0.596669
71 13 0.661720
71 3 0.677081
71 42 0.616434
71 21 0.684668
71 18 0.701116
71 16 0.720909
71 47 0.658058
71 24 0.711277
71 48 0.673137
71 27 0.719955
71 50 0.677737
71 46 0.696352
71 17 0.760721
71 39 0.751184
71 23 0.795156
71 7 0.821471
71 19 0.806257
71 43 0.777416
71 15 0.836705
71 37 0.811695
71 25 0.840045
71 41 0.829533
71 49 0.831116
72 3 0.262230
72 8 0.317375
72 0 0.347553
72 11 0.395796
72 2 0.407511
72 1 0.408812
72 5 0.406487
72 9 0.402811
72 6 0.423665
72 13 0.416421
72 7 0.424270
72 4 0.426949
72 31 0.429120
72 33 0.450752
72 27 0.482084
72 17 0.496566
72 43 0.473514
72 15 0.519141
72 29 0.497659
72 30 0.502878
72 10 0.535810
72 38 0.512757
72 26 0.527921
72 42 0.519935
72 46 0.516388
72 21 0.557469
72 35 0.549653
72 32 0.552982
72 12 0.588083
72 23 0.579962
72 48 0.551356
72 19 0.594801
72 20 0.608053
72 44 0.587079
72 22 0.619869
72 28 0.629937
72 37 0.619916
72 14 0.660148
72 39 0.630148
72 18 0.661474
72 16 0.680182
72 25 0.673187
72 45 0.658273
72 47 0.667865
72 50 0.679386
72 36 0.714401
72 40 0.710275
72 49 0.701740
72 24 0.732129
72 34 0.725406
72 41 0.785080
73 8 0.331723
73 11 0.324528
73 12 0.318743
73 9 0.342354
73 0 0.377585
73 10 0.334365
73 13 0.327688
73 14 0.329302
73 1 0.432191
73 5 0.410388
73 3 0.489009
73 2 0.511660
73 4 0.523742
73 7 0.551486
73 21 0.525419
73 16 0.554542
73 6 0.616077
73 19 0.567313
73 28 0.346618
73 33 0.327633
73 30 0.360857
73 31 0.354759
73 26 0.603704
73 18 0.656057
73 25 0.625370
73 44 0.316141
73 20 0.681602
73 15 0.717440
73 32 0.400292
73 29 0.423970
73 17 0.721409
73 24 0.693328
73 23 0.721618
73 22 0.726679
73 36 0.440029
73 27 0.739924
73 42 0.464362
73 45 0.451532
73 40 0.474526
73 50 0.425992
73 39 0.562135
73 48 0.478343
73 41 0.529864
73 43 0.528440
73 35 0.589716
73 34 0.594437
73 46 0.507025
73 37 0.591931
73 49 0.518498
73 38 0.628630
73 47 0.547002
74 11 0.197328
74 10 0.240194
74 8 0.246149
74 9 0.258577
74 13 0.268405
74 14 0.274752
74 12 0.297550
74 1 0.410236
74 3 0.414437
74 0 0.424233
74 5 0.466542
74 2 0.471472
74 4 0.470809
74 6 0.479019
74 7 0.516582
74 16 0.482905
74 15 0.490067
74 19 0.503806
74 29 0.466476
74 33 0.426958
74 21 0.534702
74 31 0.504398
74 30 0.528859
74 17 0.590372
74 18 0.586109
74 28 0.568024
74 32 0.540177
74 23 0.617973
74 22 0.624483
74 26 0.622139
74 20 0.644990
74 27 0.632221
74 25 0.636478
74 44 0.434825
74 43 0.521614
74 24 0.731066
74 47 0.512382
74 46 0.533841
74 42 0.565470
74 37 0.601017
74 39 0.597078
74 34 0.648108
74 38 0.615879
74 50 0.555764
74 35 0.675511
74 48 0.591353
74 40 0.657650
74 45 0.615203
74 36 0.702139
74 49 0.615087
74 41 0.707864
75 9 0.250343
75 1 0.400581
75 8 0.366772
75 13 0.281568
75 3 0.421975
75 12 0.298264
75 11 0.310330
75 0 0.459890
75 5 0.451026
75 10 0.363811
75 2 0.602973
75 14 0.453568
75 6 0.612737
75 7 0.634544
75 4 0.680337
75 17 0.528228
75 29 0.277163
75 28 0.307005
75 31 0.326622
75 15 0.639436
75 16 0.692569
75 44 0.359078
75 19 0.675238
75 33 0.409961
75 32 0.418057
75 23 0.580980
75 30 0.435915
75 22 0.676323
75 21 0.699881
75 20 0.737116
75 18 0.772794
75 45 0.503563
75 24 0.630712
75 26 0.618339
75 36 0.560831
75 27 0.602769
75 40 0.561323
75 35 0.614589
75 34 0.650688
75 25 0.712224
75 37 0.664845
75 38 0.674422
75 39 0.671823
75 42 0.671858
75 41 0.674955
75 49 0.657023
75 46 0.664484
75 50 0.659883
75 43 0.682896
75 48 0.679991
75 47 0.742637
76 28 0.343522
76 13 0.394511
76 8 0.522660
76 11 0.520748
76 10 0.522191
76 0 0.532554
76 1 0.532089
76 31 0.500071
76 3 0.531825
76 9 0.558714
76 4 0.631000
76 33 0.606729
76 44 0.595273
76 29 0.612104
76 6 0.637357
76 14 0.631356
76 5 0.678350
76 2 0.685497
76 45 0.649198
76 32 0.687274
76 12 0.711449
76 38 0.691488
76 30 0.700422
76 7 0.734592
76 35 0.721739
76 15 0.768768
76 40 0.740327
76 25 0.791334
76 19 0.798457
76 48 0.785565
76 43 0.802078
76 18 0.847996
76 47 0.833119
76 37 0.851765
76 23 0.874065
76 21 0.897542
76 36 0.886154
76 17 0.915191
76 41 0.887342
76 26 0.917904
76 39 0.922960
76 34 0.933934
76 22 0.953869
76 42 0.959002
76 27 0.985754
76 46 0.968563
76 16 1.026480
76 24 1.026231
76 49 1.003749
76 50 1.009996
76 20 1.045165
77 14 0.270022
77 13 0.301474
77 8 0.318101
77 10 0.344148
77 9 0.372647
77 12 0.371161
77 3 0.433358
77 0 0.501721
77 5 0.573992
77 30 0.504849
77 1 0.580712
77 29 0.512142
77 11 0.573327
77 28 0.549836
77 15 0.602950
77 32 0.544724
77 2 0.633406
77 4 0.646337
77 44 0.556646
77 31 0.626966
77 6 0.725212
77 36 0.644073
77 17 0.704058
77 19 0.710483
77 21 0.720638
77 33 0.683136
77 18 0.752579
77 37 0.696928
77 45 0.665311
77 23 0.770818
77 34 0.742759
77 20 0.792555
77 38 0.728766
77 16 0.815069
77 24 0.797815
77 46 0.707216
77 22 0.812121
77 35 0.769880
77 42 0.761692
77 41 0.776999
77 7 0.904483
77 26 0.854769
77 40 0.809679
77 43 0.806941
77 50 0.812587
77 47 0.822376
77 27 0.936176
77 39 0.907517
77 25 0.976728
77 49 0.888659
77 48 0.906039
78 13 0.348159
78 8 0.374484
78 33 0.348879
78 1 0.454125
78 28 0.439179
78 5 0.488793
78 11 0.486675
78 9 0.488804
78 2 0.532812
78 6 0.530560
78 27 0.514345
78 10 0.539211
78 30 0.518578
78 3 0.546942
78 24 0.551942
78 20 0.561210
78 0 0.636848
78 23 0.634716
78 35 0.633081
78 44 0.631694
78 17 0.665019
78 21 0.669512
78 22 0.668585
78 40 0.659513
78 16 0.688662
78 32 0.670824
78 14 0.691568
78 42 0.659224
78 19 0.692828
78 43 0.668074
78 7 0.708520
78 31 0.691608
78 15 0.718283
78 29 0.709225
78 46 0.723663
78 12 0.775712
78 25 0.763611
78 38 0.747634
78 48 0.748487
78 34 0.778372
78 4 0.824806
78 47 0.795198
78 26 0.826788
78 37 0.831227
78 49 0.830325
78 18 0.874686
78 45 0.849244
78 41 0.860959
78 39 0.864874
78 50 0.868433
78 36 0.896101
79 8 0.306199
79 14 0.315200
79 9 0.356086
79 12 0.421371
79 10 0.475302
79 3 0.507979
79 0 0.548419
79 13 0.594561
79 30 0.574359
79 2 0.648245
79 4 0.661335
79 6 0.664199
79 1 0.709376
79 44 0.602070
79 32 0.654352
79 28 0.682184
79 18 0.743295
79 15 0.764456
79 5 0.772151
79 11 0.769515
79 45 0.703495
79 29 0.750699
79 40 0.720155
79 20 0.820153
79 7 0.880254
79 22 0.846083
79 46 0.785785
79 41 0.798746
79 37 0.818493
79 33 0.836349
79 26 0.875134
79 31 0.865338
79 24 0.914793
79 36 0.886223
79 34 0.902824
79 38 0.891211
79 42 0.890683
79 23 0.965033
79 43 0.941491
79 16 1.042713
79 50 0.932598
79 39 0.969759
79 17 1.065852
79 48 0.978538
79 27 1.034520
79 49 0.998266
79 35 1.037672
79 21 1.093124
79 19 1.115245
79 47 1.040672
79 25 1.133942
80 9 0.400732
80 28 0.436708
80 13 0.519049
80 30 0.523409
80 1 0.560334
80 32 0.560677
80 3 0.631355
80 11 0.679155
80 5 0.684554
80 4 0.685976
80 2 0.735788
80 14 0.727475
80 44 0.699166
80 35 0.751329
80 31 0.755976
80 33 0.754381
80 39 0.777392
80 25 0.811415
80 0 0.842831
80 15 0.856079
80 18 0.863904
80 41 0.999571
80 12 1.031637
80 21 1.024801
80 43 1.007314
80 45 1.005592
80 7 1.045658
80 38 1.014994
80 8 1.045954
80 26 1.030788
80 17 1.040469
80 29 1.027646
80 10 1.046614
80 27 1.042002
80 50 1.015956
80 16 1.054674
80 48 1.018691
80 46 1.031896
80 47 1.054592
80 20 1.096309
80 22 1.157696
80 42 1.133985
80 23 1.157946
80 40 1.138473
80 37 1.142212
80 34 1.183829
80 19 1.202278
80 6 1.234115
80 24 1.233836
80 36 1.236214
80 49 1.257000
81 10 0.229764
81 8 0.343199
81 13 0.303503
81 11 0.316490
81 12 0.310132
81 3 0.370786
81 14 0.293158
81 1 0.386597
81 9 0.365099
81 0 0.391676
81 2 0.459913
81 5 0.490044
81 4 0.502920
81 7 0.500296
81 29 0.259840
81 15 0.590198
81 16 0.594465
81 32 0.319284
81 6 0.709106
81 30 0.324843
81 28 0.357199
81 18 0.667780
81 44 0.342055
81 31 0.381520
81 19 0.665533
81 17 0.750111
81 33 0.479581
81 24 0.562398
81 21 0.708537
81 25 0.589495
81 20 0.833501
81 23 0.675520
81 22 0.753469
81 43 0.613103
81 26 0.674897
81 35 0.648733
81 27 0.668744
81 38 0.655772
81 40 0.656250
81 47 0.626557
81 42 0.662972
81 45 0.670026
81 50 0.637890
81 36 0.719814
81 37 0.741630
81 46 0.716551
81 34 0.760834
81 41 0.789016
81 49 0.753705
81 39 0.820068
81 48 0.792714
82 9 0.387201
82 10 0.398307
82 0 0.451175
82 11 0.460942
82 29 0.456198
82 3 0.490338
82 33 0.463734
82 1 0.499247
82 8 0.496178
82 13 0.539126
82 31 0.541868
82 14 0.583504
82 32 0.600123
82 44 0.586674
82 5 0.647171
82 28 0.629802
82 15 0.645467
82 30 0.643651
82 7 0.673730
82 21 0.671105
82 19 0.680281
82 4 0.701855
82 12 0.714520
82 43 0.691192
82 27 0.721277
82 23 0.767047
82 25 0.770748
82 2 0.802273
82 24 0.788676
82 22 0.796661
82 17 0.810023
82 45 0.783195
82 40 0.795074
82 47 0.792705
82 35 0.815392
82 41 0.825302
82 46 0.824793
82 38 0.834037
82 37 0.842714
82 34 0.846862
82 6 0.879389
82 42 0.839531
82 36 0.850498
82 20 0.870749
82 49 0.847621
82 18 0.903107
82 39 0.877131
82 50 0.865541
82 26 0.900877
82 48 0.896184
82 16 0.943327
83 12 0.364662
83 30 0.344709
83 11 0.407133
83 0 0.415342
83 2 0.428639
83 5 0.427496
83 10 0.472177
83 14 0.494710
83 8 0.499581
83 31 0.478138
83 3 0.513773
83 4 0.538251
83 18 0.529147
83 28 0.514477
83 32 0.548328
83 33 0.554938
83 36 0.551132
83 13 0.602061
83 9 0.605510
83 22 0.604355
83 44 0.575450
83 15 0.623162
83 29 0.615027
83 42 0.609399
83 20 0.664853
83 26 0.653563
83 23 0.670279
83 1 0.695380
83 40 0.685115
83 6 0.742967
83 43 0.709842
83 21 0.758321
83 16 0.771686
83 38 0.747919
83 34 0.756536
83 45 0.742672
83 47 0.751099
83 39 0.765847
83 48 0.768508
83 50 0.770789
83 24 0.804624
83 7 0.836336
83 17 0.841553
83 49 0.804023
83 19 0.858762
83 46 0.833577
83 41 0.846342
83 35 0.861244
83 25 0.895168
83 37 0.880951
83 27 0.911710
84 13 0.377527
84 44 0.345531
84 9 0.392763
84 11 0.409367
84 12 0.420812
84 29 0.441767
84 8 0.478918
84 10 0.536407
84 3 0.553479
84 5 0.568915
84 1 0.577327
84 30 0.540264
84 33 0.536441
84 4 0.595466
84 31 0.577703
84 14 0.626447
84 47 0.588964
84 28 0.616598
84 23 0.665776
84 2 0.701365
84 40 0.662578
84 25 0.704154
84 7 0.735266
84 32 0.703529
84 39 0.707904
84 48 0.716661
84 22 0.854917
84 45 0.826986
84 16 0.868837
84 0 0.884869
84 50 0.822808
84 18 0.864939
84 27 0.853113
84 36 0.840719
84 41 0.834129
84 49 0.826634
84 46 0.830417
84 38 0.840377
84 43 0.838695
84 15 0.879569
84 34 0.870673
84 6 0.911380
84 24 0.900339
84 20 0.941771
84 26 0.944288
84 37 0.933880
84 42 0.928065
84 19 0.960814
84 35 0.955004
84 17 0.983015
84 21 1.001784
85 12 0.362492
85 10 0.376746
85 32 0.385026
85 44 0.404827
85 0 0.453416
85 8 0.449932
85 30 0.456791
85 14 0.493165
85 28 0.495223
85 31 0.497549
85 2 0.537198
85 4 0.628689
85 18 0.648140
85 34 0.659334
85 6 0.685701
85 9 0.705082
85 1 0.718098
85 11 0.742054
85 13 0.741194
85 3 0.769069
85 24 0.766812
85 38 0.752247
85 25 0.763496
85 40 0.767917
85 29 0.778376
85 5 0.819030
85 36 0.790997
85 33 0.803980
85 16 0.846929
85 19 0.866914
85 47 0.842960
85 46 0.845034
85 39 0.863593
85 45 0.856518
85 23 0.889839
85 15 0.898752
85 41 0.894665
85 50 0.883494
85 48 0.902904
85 17 0.952816
85 22 0.966177
85 27 0.982414
85 43 1.004517
85 26 1.027623
85 7 1.056257
85 21 1.047609
85 20 1.068277
85 37 1.078877
85 42 1.084427
85 35 1.108362
85 49 1.135181
86 11 0.329942
86 13 0.383559
86 44 0.407543
86 12 0.473593
86 9 0.492955
86 3 0.535669
86 30 0.501059
86 33 0.496372
86 1 0.549141
86 8 0.549466
86 29 0.552551
86 10 0.609874
86 7 0.634081
86 15 0.669612
86 5 0.692503
86 32 0.681822
86 20 0.725264
86 45 0.710638
86 14 0.761510
86 31 0.740789
86 28 0.744701
86 0 0.785047
86 43 0.758321
86 21 0.808360
86 35 0.796498
86 22 0.814799
86 23 0.840515
86 41 0.823153
86 37 0.828552
86 46 0.831346
86 27 0.870024
86 17 0.890412
86 40 0.881502
86 36 0.902904
86 39 0.912156
86 49 0.904045
86 25 0.944417
86 16 0.958025
86 18 0.967321
86 4 0.985408
86 2 0.994415
86 38 0.956002
86 19 0.995399
86 6 1.015722
86 48 0.961828
86 24 1.009652
86 34 1.015608
86 26 1.040857
86 42 1.027658
86 47 1.037782
86 50 1.062820
87 9 0.213189
87 8 0.274202
87 10 0.283434
87 11 0.272302
87 12 0.262494
87 14 0.271543
87 13 0.346658
87 0 0.497130
87 1 0.555060
87 4 0.574498
87 6 0.572860
87 28 0.209654
87 2 0.620462
87 3 0.627441
87 7 0.621020
87 15 0.549761
87 5 0.735992
87 30 0.299133
87 32 0.292702
87 31 0.303069
87 29 0.391628
87 16 0.574069
87 18 0.581862
87 33 0.373902
87 19 0.582495
87 21 0.570841
87 24 0.565984
87 26 0.546197
87 44 0.305084
87 27 0.544692
87 17 0.695247
87 22 0.621655
87 23 0.654612
87 25 0.649991
87 36 0.492116
87 34 0.523934
87 40 0.440412
87 20 0.732137
87 38 0.503035
87 35 0.584895
87 37 0.602141
87 45 0.485305
87 39 0.563805
87 46 0.496045
87 43 0.541264
87 47 0.510084
87 42 0.599460
87 50 0.520771
87 41 0.635023
87 48 0.573402
87 49 0.603021
88 9 0.295665
88 14 0.409210
88 31 0.375560
88 13 0.434134
88 11 0.468485
88 3 0.510054
88 44 0.502008
88 33 0.529618
88 29 0.547477
88 8 0.615706
88 1 0.634542
88 5 0.663749
88 12 0.690634
88 7 0.764761
88 10 0.766312
88 6 0.777232
88 16 0.829788
88 21 0.829246
88 0 0.862575
88 41 0.788514
88 19 0.844164
88 2 0.870890
88 15 0.860044
88 28 0.842566
88 32 0.843432
88 30 0.865156
88 27 0.883147
88 43 0.866999
88 36 0.888330
88 17 0.976508
88 40 0.929835
88 45 0.949195
88 35 0.974138
88 25 0.999291
88 37 1.002964
88 4 1.075725
88 50 1.009463
88 48 1.017732
88 39 1.046961
88 42 1.044476
88 23 1.098058
88 26 1.115408
88 18 1.138958
88 47 1.098499
88 24 1.152142
88 34 1.129380
88 49 1.125288
88 20 1.199658
88 38 1.179487
88 22 1.253320
88 46 1.212087
89 12 0.305538
89 14 0.383125
89 11 0.394799
89 8 0.441174
89 10 0.463794
89 28 0.457940
89 32 0.457337
89 30 0.476570
89 0 0.574815
89 44 0.505638
89 4 0.626798
89 31 0.586212
89 1 0.696902
89 16 0.677969
89 2 0.697608
89 15 0.688231
89 13 0.716070
89 5 0.816434
89 9 0.825217
89 29 0.793205
89 40 0.794469
89 33 0.805453
89 34 0.812290
89 36 0.848861
89 18 0.893420
89 3 0.946566
89 38 0.887652
89 24 0.935050
89 20 0.955033
89 22 0.982217
89 42 0.967458
89 7 1.040851
89 26 1.026872
89 45 1.001863
89 35 1.023966
89 27 1.059051
89 43 1.049418
89 6 1.125520
89 49 1.054750
89 39 1.087192
89 25 1.118798
89 37 1.095577
89 41 1.098261
89 23 1.136354
89 50 1.094779
89 48 1.111903
89 47 1.119431
89 46 1.131231
89 19 1.214728
89 17 1.235335
89 21 1.248011
90 3 0.443462
90 0 0.532271
90 7 0.619603
90 31 0.596954
90 40 0.587422
90 9 0.619647
90 11 0.618694
90 1 0.643642
90 8 0.652429
90 14 0.692164
90 13 0.693230
90 42 0.664350
90 33 0.692282
90 5 0.735237
90 44 0.745735
90 45 0.763537
90 22 0.790233
90 10 0.806399
90 2 0.813836
90 27 0.815463
90 30 0.814406
90 43 0.815481
90 15 0.846067
90 29 0.879688
90 25 0.899763
90 36 0.893576
90 20 0.921926
90 4 0.944013
90 12 0.939185
90 38 0.921532
90 17 0.954522
90 32 0.937613
90 28 0.951537
90 47 0.953719
90 48 0.953655
90 16 0.996706
90 39 0.971675
90 41 0.977457
90 6 1.014612
90 21 1.016820
90 18 1.021027
90 34 1.002625
90 37 1.006911
90 49 1.014591
90 35 1.047277
90 19 1.083510
90 23 1.097969
90 50 1.104399
90 26 1.141789
90 24 1.161060
90 46 1.173532
91 13 0.459897
91 44 0.431319
91 1 0.503947
91 14 0.628412
91 31 0.605738
91 8 0.636476
91 28 0.609887
91 32 0.606032
91 0 0.648677
91 30 0.609555
91 10 0.637261
91 9 0.638648
91 4 0.643727
91 22 0.719666
91 11 0.762194
91 16 0.773668
91 2 0.814093
91 18 0.826434
91 33 0.806226
91 29 0.824666
91 50 0.801815
91 5 0.857491
91 3 0.859266
91 24 0.833691
91 40 0.842902
91 20 0.889906
91 12 0.902100
91 6 0.915241
91 38 0.887994
91 42 0.890906
91 34 0.901131
91 45 0.907770
91 36 0.944277
91 37 0.955140
91 48 0.946942
91 35 0.984157
91 15 1.017375
91 41 1.007894
91 47 1.001120
91 49 1.003624
91 46 1.020272
91 7 1.069518
91 26 1.057445
91 19 1.095191
91 21 1.098766
91 17 1.111073
91 43 1.084459
91 27 1.113294
91 23 1.146425
91 39 1.147394
91 25 1.197816
92 9 0.350573
92 30 0.400697
92 12 0.419558
92 8 0.451098
92 2 0.565083
92 21 0.590373
92 1 0.629778
92 11 0.669467
92 13 0.669217
92 7 0.674057
92 5 0.682258
92 28 0.664113
92 32 0.690296
92 10 0.752177
92 3 0.758312
92 29 0.738345
92 44 0.760256
92 40 0.795190
92 19 0.819537
92 31 0.817196
92 43 0.803601
92 41 0.807059
92 33 0.838247
92 14 0.921011
92 48 0.886721
92 15 0.932753
92 16 0.997148
92 0 1.088361
92 17 1.084274
92 25 1.108657
92 22 1.121651
92 6 1.145736
92 24 1.145331
92 27 1.150060
92 42 1.134045
92 34 1.144785
92 47 1.139038
92 37 1.151204
92 46 1.140935
92 36 1.162466
92 20 1.196824
92 4 1.217761
92 50 1.172126
92 23 1.229149
92 18 1.258234
92 35 1.251120
92 49 1.243282
92 45 1.263349
92 26 1.293508
92 38 1.331122
92 39 1.339291
93 31 0.496334
93 44 0.517429
93 13 0.555809
93 12 0.569674
93 9 0.574220
93 11 0.588023
93 21 0.654105
93 14 0.660230
93 19 0.689082
93 30 0.673982
93 32 0.707736
93 29 0.798436
93 3 0.848790
93 33 0.890665
93 10 0.942129
93 4 0.956672
93 5 0.976883
93 7 0.976460
93 28 1.001106
93 8 1.023172
93 1 1.047061
93 40 1.019798
93 0 1.073521
93 15 1.122555
93 41 1.105803
93 36 1.120082
93 2 1.192928
93 24 1.183172
93 35 1.177961
93 6 1.210315
93 18 1.202320
93 26 1.203723
93 50 1.171811
93 45 1.187608
93 17 1.239518
93 43 1.292424
93 38 1.299639
93 42 1.294304
93 20 1.335532
93 23 1.334037
93 27 1.334087
93 46 1.312386
93 37 1.323982
93 47 1.327531
93 48 1.349416
93 25 1.398297
93 16 1.409048
93 49 1.375975
93 34 1.418286
93 22 1.435927
93 39 1.444754
94 13 0.470651
94 11 0.472572
94 12 0.543776
94 44 0.543262
94 0 0.583930
94 8 0.578955
94 10 0.588091
94 5 0.635461
94 7 0.682917
94 9 0.713754
94 29 0.740421
94 28 0.742393
94 2 0.764177
94 16 0.767164
94 32 0.764644
94 31 0.766810
94 30 0.792326
94 14 0.891343
94 15 0.901941
94 33 0.885555
94 1 0.942279
94 17 0.931586
94 3 0.979141
94 21 0.988617
94 23 1.000819
94 36 1.013534
94 37 1.027023
94 20 1.058386
94 45 1.064256
94 49 1.060139
94 40 1.081413
94 25 1.125080
94 35 1.141094
94 42 1.150863
94 18 1.205177
94 34 1.196820
94 6 1.232899
94 4 1.243160
94 24 1.231498
94 19 1.264332
94 22 1.268621
94 43 1.272407
94 27 1.309013
94 47 1.312838
94 46 1.322987
94 26 1.362410
94 41 1.361257
94 48 1.453057
94 39 1.463878
94 38 1.466155
94 50 1.453173
95 10 0.388959
95 9 0.411381
95 8 0.413312
95 0 0.458985
95 12 0.536639
95 5 0.558356
95 13 0.575495
95 14 0.585365
95 44 0.584394
95 30 0.606994
95 2 0.645252
95 32 0.617587
95 28 0.657364
95 31 0.690225
95 16 0.753519
95 24 0.772160
95 29 0.763971
95 18 0.779477
95 11 0.852970
95 40 0.839579
95 46 0.844105
95 33 0.903972
95 22 0.929767
95 6 0.974146
95 35 0.956579
95 20 1.000774
95 1 1.021681
95 21 1.008050
95 7 1.036197
95 41 1.012235
95 26 1.028384
95 38 1.017295
95 25 1.041521
95 36 1.029090
95 27 1.052883
95 34 1.048342
95 4 1.078789
95 15 1.076001
95 3 1.110461
95 42 1.108614
95 49 1.113639
95 48 1.123584
95 43 1.137158
95 19 1.175223
95 37 1.186576
95 50 1.178014
95 45 1.190778
95 47 1.195457
95 23 1.243396
95 39 1.231311
95 17 1.293763
96 8 0.289278
96 9 0.311018
96 11 0.367913
96 12 0.487829
96 1 0.586043
96 0 0.596721
96 13 0.492605
96 7 0.536239
96 3 0.597586
96 10 0.510659
96 5 0.566106
96 14 0.589517
96 2 0.696326
96 6 0.637054
96 29 0.607051
96 31 0.619056
96 17 0.729741
96 15 0.758819
96 33 0.679457
96 16 0.814873
96 4 0.924518
96 44 0.560792
96 32 0.778686
96 30 0.820564
96 23 0.854311
96 28 0.849388
96 19 0.885244
96 42 0.654348
96 18 0.920464
96 21 0.933086
96 20 0.943160
96 43 0.688636
96 25 0.947191
96 35 0.887258
96 50 0.524247
96 36 0.929569
96 39 0.851404
96 27 1.014583
96 40 0.854492
96 34 0.967058
96 37 0.929910
96 38 0.897980
96 47 0.616883
96 45 0.737754
96 26 1.090176
96 41 0.903645
96 48 0.629105
96 22 1.125770
96 24 1.129391
96 49 0.675798
96 46 0.876282
97 10 0.359696
97 32 0.395416
97 30 0.397765
97 0 0.457579
97 14 0.449802
97 28 0.468686
97 12 0.541858
97 8 0.553302
97 1 0.564636
97 44 0.603499
97 19 0.704440
97 37 0.734141
97 36 0.740344
97 13 0.788742
97 9 0.793100
97 4 0.819501
97 22 0.951852
97 18 0.957026
97 2 0.967781
97 39 0.934077
97 29 0.942778
97 31 0.942567
97 35 0.939546
97 23 0.956616
97 16 0.963815
97 11 0.968054
97 24 0.958459
97 42 0.933678
97 47 0.929294
97 6 0.981503
97 33 0.954961
97 21 0.973276
97 5 0.984750
97 48 0.938785
97 41 0.949480
97 7 0.985829
97 43 0.947219
97 3 0.990191
97 34 0.971056
97 38 0.968056
97 17 1.026290
97 40 1.063057
97 45 1.079742
97 50 1.095504
97 20 1.150437
97 26 1.145766
97 15 1.179838
97 25 1.233811
97 46 1.204896
97 27 1.226923
97 49 1.224732
98 28 0.467092
98 11 0.516370
98 9 0.560035
98 13 0.557618
98 10 0.596706
98 3 0.655810
98 5 0.757879
98 29 0.782625
98 33 0.857906
98 12 0.880822
98 30 0.879400
98 14 0.968295
98 45 0.967356
98 32 0.985828
98 7 1.061788
98 1 1.066679
98 17 1.055791
98 0 1.128170
98 23 1.183581
98 18 1.189541
98 8 1.196954
98 47 1.162640
98 44 1.166895
98 31 1.215991
98 36 1.209917
98 22 1.343630
98 25 1.353055
98 34 1.353907
98 42 1.342635
98 40 1.359973
98 50 1.346228
98 15 1.404624
98 41 1.385403
98 19 1.426971
98 27 1.452227
98 4 1.494746
98 21 1.492590
98 37 1.482588
98 20 1.528137
98 2 1.541971
98 35 1.512205
98 6 1.553171
98 43 1.527018
98 38 1.558292
98 26 1.588613
98 16 1.610169
98 39 1.584384
98 24 1.615356
98 48 1.584938
98 49 1.720640
98 46 1.755038
99 12 0.430529
99 10 0.460659
99 11 0.480434
99 44 0.449490
99 9 0.649788
99 14 0.690466
99 0 0.719002
99 29 0.778238
99 30 0.786862
99 32 0.782359
99 5 0.823896
99 8 0.839532
99 4 0.843298
99 7 0.886455
99 3 0.889975
99 13 0.934576
99 18 0.931245
99 33 0.983061
99 19 1.003026
99 31 0.988896
99 28 1.015134
99 6 1.037155
99 2 1.130898
99 39 1.145216
99 1 1.187300
99 21 1.190220
99 47 1.155024
99 37 1.187331
99 26 1.237256
99 35 1.371727
99 20 1.391803
99 16 1.396448
99 46 1.358038
99 15 1.398272
99 38 1.370013
99 25 1.391674
99 42 1.367850
99 17 1.412284
99 43 1.382415
99 34 1.396112
99 40 1.387836
99 24 1.412910
99 27 1.409918
99 49 1.395699
99 41 1.405875
99 50 1.410199
99 48 1.415594
99 45 1.474991
99 22 1.524543
99 36 1.551822
99 23 1.570550
100 10 0.461061
100 12 0.454579
100 13 0.456226
100 8 0.468542
100 0 0.563354
100 11 0.551532
100 14 0.548233
100 3 0.601525
100 5 0.600451
100 9 0.597936
100 1 0.635253
100 30 0.625507
100 2 0.723646
100 32 0.651525
100 28 0.684454
100 4 0.772567
100 18 0.768528
100 6 0.799250
100 16 0.781083
100 44 0.621181
100 7 0.828499
100 31 0.741188
100 20 0.829820
100 29 0.794010
100 33 0.779661
100 17 0.891052
100 15 0.924766
100 24 0.926831
100 19 0.966813
100 21 1.015147
100 22 1.032067
100 42 0.931611
100 43 0.962381
100 26 1.081182
100 25 1.111332
100 36 1.065253
100 40 1.059370
100 38 1.074181
100 50 0.639320
100 27 1.152425
100 41 1.090071
100 39 1.110805
100 35 1.122393
100 23 1.195602
100 34 1.137168
100 47 0.696773
100 49 0.711562
100 37 1.163048
100 45 1.009879
100 48 0.746666
100 46 0.952594
101 8 0.485042
101 3 0.638582
101 9 0.692459
101 11 0.708626
101 10 0.741291
101 0 0.784810
101 31 0.755185
101 5 0.783610
101 29 0.760506
101 44 0.809098
101 4 0.853960
101 30 0.896484
101 28 0.950138
101 36 0.956690
101 13 0.984822
101 12 1.039788
101 33 1.049491
101 20 1.067811
101 7 1.079647
101 17 1.072294
101 6 1.085018
101 1 1.111214
101 32 1.158612
101 22 1.173046
101 39 1.151069
101 46 1.169253
101 47 1.189416
101 2 1.256937
101 43 1.213157
101 15 1.250495
101 18 1.264633
101 14 1.287606
101 24 1.319501
101 41 1.326868
101 45 1.337367
101 25 1.379190
101 35 1.397075
101 50 1.389868
101 42 1.415793
101 37 1.435706
101 40 1.551712
101 19 1.579915
101 48 1.541932
101 23 1.575100
101 27 1.570828
101 16 1.584463
101 49 1.543533
101 38 1.573289
101 21 1.623223
101 26 1.617775
101 34 1.643164
102 8 0.387439
102 12 0.449186
102 10 0.451321
102 9 0.522150
102 31 0.522804
102 44 0.539413
102 28 0.600814
102 0 0.639328
102 14 0.639494
102 2 0.708708
102 30 0.728014
102 4 0.837896
102 6 0.849062
102 7 0.849057
102 3 0.881257
102 1 0.956612
102 13 0.942497
102 24 0.938282
102 20 0.942325
102 5 0.970144
102 46 0.920108
102 16 0.978347
102 32 0.969703
102 42 0.955119
102 29 0.992125
102 11 1.027520
102 40 1.019863
102 36 1.049257
102 35 1.058703
102 27 1.070064
102 33 1.070775
102 34 1.069487
102 22 1.133741
102 18 1.164568
102 47 1.135454
102 50 1.132501
102 23 1.175399
102 26 1.177702
102 45 1.162519
102 39 1.186305
102 25 1.264154
102 48 1.254417
102 37 1.284116
102 43 1.286686
102 17 1.331634
102 41 1.312365
102 38 1.327817
102 49 1.320729
102 15 1.390534
102 19 1.471216
102 21 1.468296
103 28 0.463033
103 13 0.544545
103 9 0.748919
103 11 0.804441
103 1 0.838700
103 36 0.821374
103 29 0.838164
103 44 0.817747
103 5 0.904243
103 32 0.930740
103 33 0.930719
103 19 1.014048
103 31 1.064146
103 8 1.101048
103 16 1.095614
103 27 1.101779
103 45 1.077797
103 43 1.121466
103 23 1.189042
103 21 1.192557
103 30 1.208557
103 10 1.273408
103 12 1.272634
103 2 1.280589
103 14 1.273010
103 40 1.243243
103 39 1.260887
103 37 1.264815
103 7 1.313736
103 6 1.346991
103 20 1.336763
103 17 1.352820
103 15 1.356290
103 35 1.335729
103 3 1.379240
103 34 1.351565
103 4 1.394363
103 0 1.453939
103 41 1.482774
103 24 1.550682
103 18 1.558259
103 26 1.562640
103 50 1.546940
103 42 1.599057
103 49 1.607163
103 46 1.626446
103 48 1.635725
103 22 1.684153
103 25 1.706874
103 47 1.698805
103 38 1.830794
104 12 0.438764
104 10 0.450363
104 8 0.452951
104 32 0.471469
104 14 0.578875
104 31 0.557077
104 28 0.636821
104 44 0.626274
104 11 0.688322
104 9 0.690342
104 0 0.738900
104 2 0.809104
104 29 0.775390
104 6 0.837718
104 18 0.855632
104 16 0.867796
104 13 0.879714
104 30 0.887271
104 33 0.891737
104 3 0.952792
104 39 0.913647
104 5 0.983415
104 7 0.982060
104 4 1.002671
104 47 0.969570
104 36 0.990143
104 41 0.986866
104 35 1.010621
104 38 1.013665
104 45 1.015218
104 43 1.034629
104 24 1.059970
104 22 1.075332
104 1 1.128509
104 48 1.107709
104 34 1.153869
104 40 1.157142
104 19 1.222279
104 50 1.187389
104 26 1.229494
104 21 1.252393
104 46 1.235672
104 42 1.265652
104 23 1.297072
104 20 1.306351
104 17 1.323997
104 37 1.293385
104 27 1.306298
104 49 1.307203
104 25 1.355235
104 15 1.386557
105 10 0.472681
105 0 0.552173
105 9 0.655965
105 8 0.678208
105 14 0.711039
105 11 0.714700
105 12 0.730276
105 3 0.885386
105 5 0.945595
105 30 0.938075
105 29 0.939301
105 31 0.989573
105 4 1.039766
105 6 1.081855
105 28 1.068298
105 44 1.097764
105 13 1.235288
105 40 1.297423
105 32 1.318200
105 33 1.374255
105 1 1.494464
105 38 1.505685
105 35 1.638342
105 2 1.705800
105 36 1.664522
105 16 1.723004
105 7 1.739294
105 15 1.793032
105 18 1.787769
105 45 1.824973
105 43 1.842134
105 22 1.890811
105 39 1.872273
105 47 1.890078
105 46 1.912868
105 23 1.942458
105 19 1.962701
105 37 1.935511
105 24 1.953612
105 20 1.963463
105 41 1.933085
105 27 1.963860
105 34 1.967606
105 48 1.961005
105 26 2.062518
105 25 2.071117
105 50 2.043709
105 42 2.053499
105 17 2.098161
105 49 2.056251
105 21 2.104255
106 12 0.455384
106 11 0.548453
106 8 0.564971
106 10 0.721081
106 28 0.758957
106 30 0.771829
106 31 0.793044
106 29 0.796096
106 13 0.829567
106 9 0.862372
106 1 1.008899
106 2 1.031124
106 5 1.076230
106 33 1.060892
106 14 1.125171
106 32 1.133420
106 44 1.272812
106 0 1.335746
106 40 1.350508
106 15 1.476637
106 7 1.593990
106 45 1.570041
106 37 1.614468
106 43 1.608899
106 34 1.631787
106 35 1.631012
106 3 1.666969
106 4 1.693216
106 19 1.721954
106 20 1.748431
106 38 1.748615
106 41 1.745698
106 25 1.776168
106 17 1.784454
106 16 1.786121
106 6 1.822194
106 24 1.816912
106 39 1.800015
106 21 1.828773
106 42 1.813582
106 46 1.817784
106 26 1.841116
106 36 1.839989
106 50 1.828981
106 18 1.867676
106 27 1.882306
106 47 1.859326
106 49 1.863544
106 48 1.895017
106 22 1.953003
106 23 1.999888
107 12 0.475274
107 10 0.520336
107 8 0.545079
107 14 0.624693
107 32 0.652237
107 44 0.639123
107 0 0.710792
107 28 0.711660
107 13 0.849507
107 29 0.875258
107 2 1.069735
107 7 1.105031
107 33 1.094414
107 30 1.112730
107 31 1.112944
107 27 1.183661
107 22 1.240871
107 18 1.402585
107 11 1.408035
107 9 1.409970
107 35 1.386111
107 45 1.374467
107 6 1.429842
107 4 1.458375
107 16 1.527549
107 34 1.509183
107 1 1.548250
107 39 1.514684
107 38 1.560431
107 3 1.636229
107 46 1.664506
107 49 1.670639
107 42 1.689911
107 41 1.691797
107 48 1.704463
107 36 1.728446
107 5 1.766440
107 24 1.775932
107 23 1.785060
107 40 1.782322
107 25 1.809969
107 20 1.816384
107 43 1.839566
107 21 1.874425
107 26 1.964313
107 47 1.948681
107 50 1.955003
107 19 2.012957
107 37 2.001712
107 17 2.039813
107 15 2.054919
108 11 0.523514
108 29 0.668319
108 14 0.772329
108 9 0.792814
108 12 0.801933
108 32 0.964728
108 8 1.098135
108 13 1.100529
108 31 1.089335
108 0 1.171697
108 44 1.170017
108 3 1.225393
108 10 1.280615
108 30 1.259872
108 5 1.288679
108 45 1.362912
108 28 1.453729
108 40 1.462162
108 35 1.490459
108 1 1.644327
108 33 1.649175
108 25 1.674557
108 41 1.664963
108 15 1.794992
108 16 1.850371
108 43 1.861701
108 7 1.906076
108 37 1.934419
108 22 1.958753
108 36 1.950312
108 24 1.974443
108 2 1.999919
108 26 1.985547
108 6 2.038335
108 23 2.035846
108 4 2.059446
108 21 2.039314
108 27 2.033210
108 18 2.086644
108 39 2.102605
108 46 2.100271
108 19 2.137745
108 42 2.149567
108 48 2.192974
108 34 2.233492
108 20 2.292834
108 50 2.295529
108 47 2.298253
108 49 2.302222
108 17 2.398050
108 38 2.456440
109 14 0.502372
109 12 0.607531
109 10 0.645452
109 28 0.643791
109 29 0.697099
109 9 0.744282
109 8 0.768423
109 30 0.819671
109 11 0.839491
109 32 0.902303
109 2 0.932877
109 13 0.923137
109 33 0.986827
109 44 0.973407
109 31 1.063807
109 0 1.167915
109 4 1.189524
109 1 1.245961
109 5 1.293045
109 46 1.289635
109 22 1.341484
109 34 1.326718
109 43 1.388293
109 6 1.461486
109 42 1.430137
109 15 1.463126
109 21 1.509704
109 27 1.522259
109 40 1.515229
109 24 1.536439
109 49 1.505238
109 50 1.504570
109 20 1.542236
109 7 1.553887
109 26 1.542220
109 37 1.540774
109 48 1.527959
109 3 1.577717
109 38 1.547735
109 36 1.550825
109 19 1.578155
109 39 1.562311
109 16 1.590345
109 23 1.590905
109 18 1.612622
109 41 1.585838
109 25 1.611820
109 45 1.598247
109 47 1.634585
109 17 1.694930
109 35 1.700443
110 14 0.502167
110 9 0.694180
110 11 0.693155
110 10 0.694382
110 8 0.814041
110 0 0.889994
110 5 0.947381
110 1 0.969902
110 12 0.963108
110 3 0.971298
110 32 0.962520
110 30 0.974763
110 13 1.051409
110 44 1.012908
110 45 1.013105
110 7 1.158749
110 29 1.162097
110 4 1.188582
110 31 1.168890
110 28 1.185394
110 33 1.178567
110 42 1.218880
110 40 1.261831
110 35 1.281922
110 41 1.274048
110 21 1.339045
110 39 1.338321
110 37 1.376191
110 48 1.408804
110 15 1.455448
110 17 1.463085
110 6 1.473075
110 24 1.496231
110 16 1.505512
110 20 1.512393
110 19 1.530519
110 50 1.492772
110 49 1.501409
110 46 1.523981
110 2 1.590376
110 43 1.565024
110 18 1.606526
110 27 1.605618
110 47 1.623020
110 36 1.661986
110 23 1.712403
110 38 1.700285
110 34 1.726497
110 26 1.751450
110 25 1.832842
110 22 1.920157
111 44 0.470392
111 8 0.521416
111 2 0.638414
111 28 0.672849
111 12 0.712040
111 14 0.760752
111 10 0.780402
111 32 0.780146
111 9 0.803650
111 18 0.832900
111 31 0.818402
111 30 0.824740
111 26 0.880791
111 5 0.909892
111 0 0.914287
111 6 0.945851
111 29 0.931736
111 42 0.927167
111 22 0.961816
111 33 0.981944
111 11 1.032080
111 19 1.027105
111 20 1.054231
111 4 1.096322
111 36 1.085580
111 47 1.080960
111 13 1.143838
111 16 1.149188
111 34 1.130146
111 23 1.161447
111 7 1.208313
111 37 1.185654
111 3 1.228052
111 25 1.222925
111 15 1.233407
111 38 1.215183
111 17 1.252638
111 35 1.235569
111 21 1.258824
111 39 1.246547
111 48 1.277089
111 41 1.297830
111 46 1.301464
111 24 1.329073
111 1 1.361355
111 50 1.328300
111 43 1.343101
111 27 1.416545
111 40 1.429762
111 45 1.430236
111 49 1.449726
112 9 0.558091
112 8 0.617868
112 12 0.615823
112 13 0.742555
112 10 0.860196
112 30 0.871907
112 44 0.887086
112 29 0.910109
112 0 1.060644
112 3 1.192509
112 2 1.196081
112 11 1.190680
112 5 1.203325
112 32 1.224607
112 4 1.350417
112 39 1.360281
112 15 1.420153
112 14 1.453575
112 28 1.457354
112 16 1.530814
112 33 1.548440
112 31 1.552881
112 45 1.666136
112 26 1.693939
112 6 1.728486
112 23 1.755375
112 42 1.729378
112 46 1.796150
112 34 1.816161
112 47 1.813071
112 43 1.837329
112 1 1.883640
112 36 1.850727
112 50 1.844219
112 40 1.860369
112 27 1.879413
112 48 1.864866
112 20 1.906223
112 38 1.922061
112 22 1.980374
112 24 1.991139
112 18 1.998247
112 17 1.999479
112 49 1.970975
112 37 1.989246
112 7 2.021978
112 41 2.009422
112 35 2.019665
112 21 2.053100
112 25 2.062702
112 19 2.070073
113 10 0.461465
113 14 0.476539
113 12 0.480807
113 8 0.513064
113 13 0.673712
113 29 0.656121
113 30 0.705847
113 11 0.829016
113 44 0.801040
113 33 0.898902
113 0 0.978153
113 31 0.966379
113 28 0.970713
113 1 1.030222
113 9 1.035202
113 2 1.111516
113 5 1.129543
113 50 1.122585
113 41 1.158285
113 4 1.202581
113 3 1.205955
113 36 1.182291
113 40 1.199682
113 16 1.235419
113 32 1.226374
113 18 1.254935
113 42 1.248511
113 45 1.251767
113 49 1.293924
113 23 1.418709
113 6 1.446871
113 26 1.424923
113 21 1.436523
113 48 1.420461
113 27 1.464659
113 34 1.487877
113 7 1.525102
113 20 1.516590
113 38 1.510500
113 15 1.549380
113 47 1.513144
113 37 1.541695
113 25 1.563781
113 22 1.571620
113 35 1.602550
113 17 1.624742
113 39 1.606574
113 46 1.642663
113 43 1.659706
113 24 1.701387
113 19 1.707103
114 8 0.529053
114 9 0.528880
114 11 0.559248
114 0 0.704212
114 12 0.708718
114 10 0.757606
114 3 0.775618
114 1 0.809139
114 13 0.861493
114 28 0.861190
114 5 0.928214
114 30 0.952134
114 44 0.949999
114 31 0.965687
114 32 0.966282
114 4 1.057186
114 14 1.095072
114 33 1.129050
114 29 1.170118
114 2 1.212423
114 7 1.269857
114 36 1.284006
114 18 1.350296
114 41 1.329026
114 40 1.417752
114 42 1.437912
114 43 1.468172
114 26 1.521234
114 15 1.564411
114 45 1.540144
114 34 1.562963
114 16 1.600048
114 22 1.607408
114 37 1.604579
114 20 1.633678
114 39 1.626048
114 25 1.691776
114 6 1.732426
114 50 1.694566
114 48 1.782444
114 27 1.804345
114 19 1.817267
114 46 1.786500
114 24 1.822894
114 21 1.860798
114 38 1.861992
114 35 1.871269
114 49 1.866891
114 47 1.897393
114 17 2.006411
114 23 2.009794
115 10 0.415886
115 9 0.436218
115 8 0.446101
115 28 0.586514
115 11 0.645583
115 32 0.658234
115 12 0.677239
115 30 0.748003
115 13 0.788669
115 45 0.758638
115 2 0.827754
115 14 0.820313
115 29 0.836074
115 6 0.858397
115 0 0.911936
115 36 0.913624
115 22 0.929525
115 43 0.932951
115 31 0.945835
115 44 0.932686
115 33 0.972238
115 21 0.994369
115 18 1.011531
115 24 1.025265
115 26 1.025224
115 5 1.060006
115 4 1.065784
115 41 1.058730
115 34 1.066932
115 3 1.121666
115 49 1.089298
115 16 1.124593
115 39 1.133425
115 15 1.165441
115 40 1.161658
115 48 1.170429
115 19 1.223545
115 20 1.229770
115 42 1.217135
115 38 1.229452
115 25 1.253729
115 50 1.244589
115 1 1.289810
115 27 1.277778
115 17 1.302592
115 47 1.284964
115 37 1.319670
115 23 1.341368
115 7 1.354252
115 46 1.350491
115 35 1.391725
116 11 0.475250
116 10 0.519112
116 9 0.551280
116 8 0.584367
116 12 0.755874
116 2 0.813749
116 33 0.822324
116 30 0.830085
116 29 0.832927
116 1 0.875856
116 14 0.867672
116 44 0.876306
116 3 0.958597
116 13 0.994901
116 0 1.004944
116 28 1.032915
116 4 1.055570
116 15 1.049017
116 31 1.064869
116 32 1.127156
116 16 1.147162
116 19 1.186676
116 43 1.252211
116 5 1.310649
116 42 1.269692
116 26 1.422073
116 40 1.404407
116 6 1.442157
116 34 1.434335
116 46 1.419289
116 38 1.442160
116 22 1.475400
116 47 1.442473
116 18 1.513702
116 41 1.484345
116 39 1.508743
116 37 1.510880
116 20 1.558058
116 24 1.552088
116 7 1.568712
116 21 1.568462
116 25 1.564356
116 17 1.574326
116 48 1.544433
116 45 1.549395
116 23 1.590967
116 49 1.567768
116 50 1.568187
116 35 1.632066
116 27 1.686215
116 36 1.684549
117 12 0.550427
117 8 0.649411
117 11 0.688747
117 32 0.858562
117 28 0.934235
117 5 1.119112
117 3 1.203526
117 4 1.224165
117 0 1.257979
117 10 1.320918
117 6 1.351675
117 7 1.382645
117 13 1.380967
117 31 1.362587
117 9 1.418405
117 29 1.401361
117 47 1.379614
117 17 1.415913
117 33 1.398820
117 27 1.583913
117 44 1.564095
117 30 1.581502
117 2 1.608275
117 14 1.600543
117 1 1.664409
117 23 1.668614
117 24 1.670433
117 43 1.668708
117 46 1.666745
117 41 1.754365
117 15 1.801758
117 35 1.779992
117 42 1.851935
117 40 1.870163
117 39 1.897124
117 21 1.933174
117 25 1.930841
117 19 1.966060
117 38 1.982781
117 22 2.003890
117 26 2.027543
117 34 2.017508
117 37 2.013978
117 45 2.019400
117 49 2.156004
117 20 2.190760
117 50 2.155284
117 36 2.173671
117 48 2.159051
117 16 2.196870
117 18 2.196758
118 9 0.613509
118 11 0.670661
118 8 0.696897
118 44 0.655370
118 14 0.702576
118 10 0.721314
118 33 0.801839
118 28 0.864814
118 32 0.917221
118 29 0.924129
118 30 1.129710
118 4 1.294959
118 12 1.289709
118 31 1.269216
118 5 1.539998
118 40 1.514847
118 48 1.507726
118 13 1.591174
118 2 1.644445
118 0 1.800654
118 20 1.787056
118 41 1.757973
118 18 1.790411
118 21 1.789196
118 34 1.772545
118 42 1.761003
118 37 1.769770
118 43 1.760176
118 50 1.751195
118 6 1.804142
118 35 1.776639
118 26 1.806933
118 23 1.810669
118 24 1.842015
118 22 1.845600
118 27 1.873108
118 16 1.885939
118 38 1.874291
118 15 1.916700
118 39 1.935465
118 25 1.967251
118 45 1.999596
118 36 2.026830
118 1 2.073098
118 7 2.097118
118 3 2.112237
118 46 2.087162
118 47 2.118917
118 17 2.198704
118 19 2.254096
118 49 2.239985
119 9 0.561311
119 13 0.718831
119 33 0.704933
119 30 0.711195
119 14 0.826795
119 10 0.936539
119 12 1.077794
119 31 1.053965
119 1 1.089374
119 3 1.088161
119 11 1.169176
119 19 1.195717
119 8 1.208632
119 37 1.207449
119 15 1.239117
119 21 1.267944
119 46 1.259548
119 44 1.262708
119 42 1.320185
119 45 1.326301
119 5 1.403062
119 32 1.370648
119 0 1.410303
119 39 1.383157
119 29 1.401588
119 27 1.435034
119 28 1.458109
119 41 1.476144
119 40 1.556418
119 7 1.610442
119 48 1.565800
119 17 1.610773
119 36 1.612072
119 43 1.620741
119 23 1.656340
119 6 1.715425
119 38 1.697701
119 24 1.723969
119 16 1.759460
119 25 1.746897
119 2 1.797863
119 47 1.762748
119 18 1.830168
119 35 1.811240
119 50 1.802347
119 34 1.848381
119 22 1.895572
119 49 1.866654
119 26 1.904680
119 4 1.942044
119 20 1.947225
120 8 0.750259
120 12 0.760631
120 10 0.813199
120 9 0.823273
120 11 0.968065
120 14 0.957538
120 13 1.250000
120 3 1.344419
120 0 1.351270
120 7 1.346058
120 2 1.355583
120 21 1.395346
120 4 1.452985
120 5 1.450794
120 29 0.816680
120 32 0.750000
120 28 0.895611
120 6 1.628396
120 30 0.846734
120 1 1.680468
120 31 0.893690
120 33 1.069290
120 25 1.837676
120 24 1.894963
120 17 1.925523
120 23 1.903849
120 16 1.971306
120 15 1.996492
120 22 1.991650
120 19 2.032575
120 18 2.086646
120 26 1.712976
120 27 1.454363
120 44 1.088624
120 20 2.112580
120 34 1.573063
120 37 1.469416
120 41 1.437940
120 40 1.438452
120 35 1.574226
120 38 1.478714
120 42 1.483347
120 36 1.636666
120 50 1.383774
120 48 1.410378
120 39 1.583555
120 43 1.533029
120 46 1.496141
120 45 1.508546
120 49 1.492777
120 47 1.576281
