21 1 0.102729
21 0 0.114027
21 4 0.124991
21 2 0.148450
21 8 0.130594
21 3 0.148423
21 9 0.129343
21 5 0.151482
21 6 0.152318
21 7 0.153893
21 12 0.079303
21 13 0.071943
21 11 0.101395
21 10 0.102364
21 14 0.081754
21 15 0.091427
21 16 0.091450
21 17 0.090917
21 18 0.092283
21 20 0.166959
21 25 0.162688
21 29 0.160507
21 22 0.172644
21 38 0.155340
21 32 0.162881
21 33 0.165608
21 19 0.183235
21 43 0.152289
21 47 0.142005
21 42 0.155455
21 37 0.164669
21 39 0.166380
21 28 0.180227
21 46 0.157646
21 44 0.160452
21 27 0.185148
21 31 0.182436
21 49 0.153056
21 21 0.201384
21 30 0.193824
21 23 0.203730
21 26 0.201144
21 34 0.192577
21 35 0.192589
21 24 0.210619
21 40 0.191508
21 36 0.199635
21 45 0.184040
21 41 0.193185
21 50 0.183902
21 48 0.196540
22 1 0.150827
22 0 0.153137
22 2 0.164553
22 3 0.174032
22 4 0.192564
22 11 0.191956
22 5 0.197432
22 10 0.218521
22 9 0.219616
22 8 0.220666
22 6 0.229600
22 13 0.242238
22 30 0.240540
22 7 0.266816
22 16 0.262099
22 34 0.239235
22 36 0.245100
22 14 0.266583
22 32 0.245597
22 31 0.246961
22 28 0.253479
22 20 0.262685
22 26 0.257804
22 24 0.260073
22 22 0.262317
22 15 0.264946
22 41 0.240376
22 40 0.241481
22 35 0.247861
22 12 0.276349
22 18 0.270841
22 50 0.229376
22 45 0.239694
22 48 0.232856
22 25 0.275222
22 19 0.280869
22 49 0.243166
22 46 0.247621
22 29 0.270004
22 38 0.260794
22 27 0.280078
22 44 0.258799
22 37 0.267215
22 33 0.271479
22 39 0.268633
22 21 0.291381
22 43 0.266784
22 23 0.294083
22 17 0.302458
22 47 0.262320
22 42 0.271981
23 0 0.135222
23 1 0.134983
23 4 0.164795
23 2 0.172632
23 3 0.179074
23 6 0.182025
23 5 0.182756
23 7 0.187633
23 8 0.204555
23 9 0.217806
23 12 0.219814
23 10 0.222984
23 14 0.222776
23 29 0.210160
23 11 0.236476
23 32 0.218261
23 28 0.225371
23 13 0.243005
23 20 0.239348
23 33 0.229514
23 21 0.242266
23 31 0.231461
23 24 0.240111
23 19 0.247390
23 18 0.249477
23 17 0.251257
23 35 0.231563
23 37 0.230214
23 15 0.253928
23 42 0.225706
23 44 0.225857
23 50 0.220494
23 30 0.241202
23 38 0.235541
23 48 0.228878
23 34 0.245514
23 40 0.240161
23 47 0.233999
23 23 0.261368
23 43 0.240971
23 36 0.247610
23 25 0.261898
23 46 0.240419
23 39 0.247712
23 26 0.261982
23 45 0.243904
23 16 0.274909
23 27 0.263249
23 41 0.249116
23 22 0.269713
23 49 0.242629
24 0 0.110310
24 1 0.119665
24 2 0.137853
24 3 0.143005
24 4 0.153992
24 11 0.158467
24 8 0.164128
24 5 0.172038
24 7 0.176651
24 6 0.180868
24 9 0.211705
24 12 0.213611
24 20 0.208422
24 10 0.216650
24 13 0.216063
24 37 0.201765
24 39 0.200287
24 17 0.224442
24 14 0.230622
24 27 0.222130
24 31 0.217267
24 22 0.227772
24 32 0.216762
24 28 0.221052
24 44 0.205829
24 48 0.203614
24 29 0.222508
24 18 0.234716
24 15 0.238097
24 33 0.219712
24 25 0.229798
24 23 0.234220
24 30 0.226827
24 50 0.207250
24 16 0.245443
24 45 0.216802
24 21 0.241931
24 36 0.226953
24 47 0.216591
24 49 0.214338
24 19 0.246396
24 38 0.226204
24 42 0.222890
24 26 0.241702
24 46 0.221036
24 35 0.231905
24 34 0.232864
24 41 0.226565
24 43 0.226451
24 24 0.251006
24 40 0.239810
25 0 0.132312
25 4 0.131997
25 3 0.132882
25 6 0.162726
25 10 0.163547
25 5 0.171096
25 1 0.175608
25 2 0.184603
25 12 0.228628
25 20 0.223628
25 8 0.232840
25 13 0.229678
25 9 0.232776
25 31 0.218748
25 14 0.235287
25 32 0.219584
25 30 0.223681
25 28 0.227697
25 11 0.243350
25 19 0.238748
25 44 0.215173
25 7 0.252739
25 33 0.233490
25 16 0.252718
25 38 0.232634
25 17 0.254457
25 23 0.249966
25 21 0.252507
25 34 0.239576
25 29 0.245377
25 40 0.235355
25 45 0.230977
25 22 0.254557
25 36 0.241218
25 42 0.236505
25 15 0.262731
25 18 0.260774
25 48 0.232548
25 26 0.256014
25 39 0.243292
25 27 0.255826
25 50 0.233371
25 24 0.261682
25 46 0.238875
25 25 0.261123
25 43 0.242698
25 41 0.245621
25 49 0.240752
25 35 0.255363
25 47 0.244684
25 37 0.257238
26 0 0.082620
26 1 0.089794
26 5 0.073119
26 2 0.148057
26 3 0.141104
26 4 0.120203
26 8 0.091182
26 6 0.108209
26 10 0.107028
26 11 0.111083
26 13 0.101118
26 12 0.108367
26 7 0.132380
26 9 0.128187
26 14 0.103273
26 15 0.113418
26 17 0.102719
26 19 0.098487
26 16 0.112712
26 20 0.108796
26 21 0.113504
26 22 0.114979
26 23 0.115026
26 24 0.126623
26 25 0.140843
26 47 0.127799
26 32 0.154044
26 28 0.166404
26 18 0.179754
26 39 0.146479
26 48 0.140810
26 50 0.140205
26 49 0.141687
26 29 0.174555
26 38 0.157682
26 46 0.148936
26 31 0.173363
26 44 0.153017
26 27 0.186192
26 37 0.165751
26 35 0.169626
26 34 0.173290
26 45 0.158547
26 43 0.164800
26 41 0.169477
26 30 0.194199
26 33 0.187266
26 42 0.173835
26 40 0.184494
26 36 0.196194
26 26 0.219502
27 0 0.138420
27 1 0.143009
27 2 0.162182
27 3 0.180732
27 5 0.180348
27 6 0.182413
27 4 0.195309
27 9 0.222787
27 8 0.226217
27 34 0.231955
27 23 0.245850
27 32 0.238817
27 43 0.226536
27 25 0.247342
27 13 0.265709
27 14 0.265195
27 24 0.251861
27 20 0.257407
27 21 0.257455
27 11 0.273292
27 35 0.243316
27 16 0.271544
27 29 0.252343
27 27 0.257657
27 39 0.245388
27 26 0.261489
27 42 0.245754
27 19 0.272902
27 12 0.284493
27 10 0.286954
27 38 0.252148
27 18 0.279449
27 47 0.245272
27 31 0.262558
27 40 0.252529
27 50 0.243185
27 7 0.293746
27 37 0.258197
27 33 0.264508
27 22 0.277521
27 45 0.251512
27 41 0.256783
27 46 0.253209
27 49 0.249552
27 28 0.273267
27 44 0.255749
27 17 0.293037
27 36 0.267245
27 30 0.273455
27 48 0.261473
27 15 0.304307
28 0 0.072747
28 1 0.196370
28 5 0.202974
28 9 0.202848
28 12 0.218798
28 19 0.221317
28 10 0.236263
28 18 0.253155
28 20 0.251713
28 29 0.241760
28 17 0.254725
28 14 0.258239
28 21 0.251671
28 11 0.261241
28 27 0.244976
28 13 0.261075
28 32 0.241459
28 40 0.234865
28 30 0.246771
28 6 0.269721
28 3 0.272438
28 7 0.269440
28 4 0.272848
28 24 0.253846
28 8 0.270326
28 42 0.236749
28 25 0.254397
28 2 0.276664
28 49 0.231350
28 33 0.251589
28 35 0.252845
28 48 0.240007
28 41 0.247529
28 43 0.246729
28 31 0.259550
28 50 0.240942
28 15 0.278038
28 47 0.243965
28 28 0.264978
28 22 0.272885
28 44 0.250941
28 34 0.261281
28 16 0.282940
28 38 0.260483
28 26 0.276332
28 36 0.266729
28 23 0.281669
28 39 0.267504
28 45 0.261728
28 37 0.269718
28 46 0.262439
29 0 0.123969
29 4 0.165439
29 3 0.167848
29 1 0.172669
29 9 0.171613
29 8 0.175659
29 2 0.186067
29 11 0.190295
29 5 0.204813
29 7 0.220486
29 6 0.221823
29 14 0.229855
29 28 0.221845
29 13 0.238651
29 12 0.243280
29 10 0.246840
29 29 0.231334
29 30 0.231966
29 33 0.228754
29 44 0.228435
29 32 0.246718
29 34 0.247036
29 31 0.253145
29 15 0.269009
29 27 0.260459
29 22 0.268248
29 40 0.249690
29 37 0.253754
29 35 0.258629
29 36 0.259272
29 23 0.274138
29 17 0.284611
29 25 0.277774
29 20 0.283626
29 24 0.279486
29 19 0.286505
29 16 0.289333
29 21 0.286203
29 26 0.284272
29 38 0.271492
29 46 0.265712
29 48 0.265440
29 42 0.273173
29 43 0.275050
29 18 0.301182
29 49 0.270032
29 50 0.271302
29 45 0.276663
29 39 0.283113
29 47 0.276146
29 41 0.284326
30 0 0.140007
30 4 0.154249
30 1 0.175047
30 3 0.178841
30 2 0.180693
30 5 0.195160
30 8 0.195833
30 7 0.197942
30 6 0.199765
30 9 0.201687
30 10 0.205123
30 12 0.202477
30 11 0.217755
30 14 0.224516
30 13 0.225922
30 15 0.267831
30 32 0.243127
30 30 0.245505
30 44 0.213888
30 28 0.249609
30 46 0.219211
30 24 0.274246
30 38 0.243247
30 18 0.284161
30 16 0.291836
30 17 0.293371
30 20 0.284367
30 19 0.285786
30 26 0.275457
30 34 0.260407
30 37 0.260852
30 40 0.258154
30 23 0.298076
30 36 0.271761
30 22 0.302617
30 29 0.289274
30 33 0.288762
30 21 0.311449
30 48 0.256349
30 47 0.260260
30 27 0.305436
30 50 0.252688
30 25 0.313375
30 35 0.293856
30 42 0.279197
30 31 0.304222
30 41 0.286413
30 43 0.278293
30 45 0.275491
30 49 0.272036
30 39 0.306965
31 6 0.172227
31 0 0.180077
31 11 0.179218
31 3 0.186100
31 8 0.182918
31 5 0.193644
31 2 0.204889
31 4 0.204155
31 21 0.226691
31 1 0.243414
31 14 0.248239
31 13 0.257134
31 33 0.246836
31 19 0.261431
31 31 0.249735
31 42 0.236821
31 50 0.232682
31 27 0.257015
31 23 0.264555
31 47 0.239547
31 10 0.276795
31 17 0.271756
31 12 0.275604
31 41 0.247659
31 24 0.267413
31 49 0.242460
31 20 0.274189
31 37 0.255877
31 29 0.269350
31 32 0.268655
31 22 0.281584
31 30 0.274308
31 28 0.276534
31 25 0.279514
31 7 0.295995
31 44 0.260406
31 9 0.295982
31 26 0.281462
31 39 0.266878
31 38 0.268645
31 43 0.266971
31 16 0.297823
31 46 0.266799
31 15 0.299875
31 48 0.266597
31 18 0.299425
31 34 0.283684
31 35 0.282956
31 40 0.293819
31 36 0.299099
31 45 0.293970
32 0 0.161910
32 5 0.163095
32 4 0.174018
32 10 0.179446
32 8 0.187787
32 6 0.218000
32 7 0.219189
32 2 0.223280
32 3 0.226165
32 14 0.236986
32 12 0.243085
32 9 0.246649
32 30 0.251486
32 1 0.275630
32 33 0.259920
32 44 0.250384
32 13 0.283914
32 17 0.281229
32 34 0.268552
32 20 0.282910
32 28 0.276092
32 32 0.274678
32 15 0.293473
32 38 0.272450
32 46 0.263069
32 16 0.295311
32 31 0.283340
32 24 0.291029
32 36 0.280791
32 35 0.282681
32 19 0.300892
32 11 0.308820
32 42 0.279941
32 48 0.273483
32 43 0.280958
32 37 0.292537
32 50 0.279644
32 26 0.306079
32 18 0.313748
32 23 0.310138
32 40 0.293060
32 29 0.305324
32 27 0.307622
32 25 0.313209
32 49 0.297376
32 47 0.302395
32 21 0.332776
32 45 0.308211
32 22 0.333473
32 41 0.320476
32 39 0.329236
33 2 0.132225
33 0 0.168555
33 10 0.164655
33 5 0.171805
33 8 0.172363
33 4 0.190503
33 9 0.212935
33 3 0.226124
33 7 0.223365
33 1 0.237407
33 14 0.238050
33 11 0.247017
33 28 0.230911
33 12 0.252562
33 44 0.220393
33 13 0.254633
33 6 0.267538
33 15 0.269507
33 30 0.254213
33 31 0.253506
33 32 0.255598
33 18 0.272954
33 33 0.256230
33 16 0.280683
33 34 0.261366
33 24 0.274087
33 22 0.278356
33 29 0.274055
33 25 0.278713
33 19 0.289728
33 36 0.271684
33 42 0.269039
33 27 0.284722
33 38 0.273446
33 20 0.292867
33 43 0.272346
33 41 0.279094
33 23 0.298875
33 40 0.282374
33 37 0.287003
33 46 0.282830
33 39 0.291732
33 26 0.305982
33 21 0.311283
33 45 0.285971
33 35 0.299067
33 17 0.318814
33 49 0.285687
33 48 0.292060
33 50 0.291015
33 47 0.298515
34 0 0.136257
34 3 0.145232
34 1 0.159170
34 4 0.168853
34 11 0.170183
34 8 0.174834
34 12 0.175599
34 2 0.186043
34 6 0.193836
34 7 0.197070
34 5 0.201176
34 10 0.217339
34 13 0.232757
34 14 0.234169
34 9 0.241688
34 29 0.229024
34 15 0.247494
34 17 0.250670
34 44 0.222755
34 32 0.237058
34 26 0.246614
34 28 0.244693
34 16 0.258917
34 30 0.247981
34 33 0.246011
34 38 0.238847
34 20 0.261764
34 19 0.263162
34 21 0.262089
34 42 0.241575
34 31 0.257556
34 40 0.246906
34 25 0.268199
34 48 0.244236
34 35 0.258913
34 37 0.258237
34 34 0.263931
34 18 0.285499
34 47 0.253776
34 24 0.280394
34 46 0.255623
34 22 0.285441
34 43 0.260562
34 49 0.255592
34 36 0.272575
34 50 0.257334
34 39 0.269920
34 45 0.265269
34 41 0.268886
34 23 0.291480
34 27 0.288812
35 10 0.175061
35 9 0.182615
35 0 0.197070
35 6 0.219235
35 8 0.243481
35 4 0.263575
35 5 0.269972
35 31 0.252854
35 3 0.278716
35 7 0.277013
35 13 0.273168
35 32 0.260630
35 1 0.287083
35 44 0.248725
35 12 0.280435
35 14 0.279331
35 21 0.276007
35 28 0.272197
35 29 0.272857
35 50 0.250693
35 35 0.267418
35 18 0.285333
35 11 0.291241
35 17 0.287512
35 33 0.272634
35 30 0.286274
35 46 0.270105
35 15 0.301169
35 45 0.278639
35 2 0.320897
35 34 0.295813
35 49 0.280397
35 25 0.305850
35 16 0.315871
35 38 0.298693
35 27 0.314024
35 41 0.299936
35 20 0.329208
35 47 0.303211
35 22 0.330395
35 26 0.326975
35 42 0.310413
35 37 0.315733
35 24 0.330250
35 19 0.335219
35 23 0.333378
35 40 0.317703
35 43 0.315682
35 39 0.320513
35 36 0.323932
35 48 0.326271
36 0 0.147555
36 1 0.159611
36 2 0.181307
36 11 0.185915
36 6 0.199676
36 5 0.201466
36 4 0.225234
36 3 0.229473
36 9 0.241436
36 13 0.243913
36 50 0.224379
36 10 0.270622
36 14 0.277504
36 44 0.245926
36 46 0.244316
36 8 0.286099
36 34 0.261059
36 42 0.255496
36 7 0.291170
36 32 0.266779
36 38 0.260377
36 39 0.260513
36 28 0.273355
36 29 0.272697
36 37 0.263997
36 30 0.271868
36 18 0.286305
36 23 0.280904
36 31 0.272346
36 15 0.291514
36 25 0.284506
36 21 0.292043
36 49 0.264978
36 33 0.282368
36 12 0.306192
36 20 0.302227
36 22 0.299808
36 19 0.304287
36 26 0.301307
36 36 0.293220
36 17 0.314729
36 47 0.282382
36 27 0.306218
36 24 0.309908
36 16 0.324403
36 48 0.290981
36 43 0.296976
36 40 0.304640
36 41 0.304400
36 45 0.302848
36 35 0.321425
37 6 0.271171
37 2 0.277444
37 13 0.269651
37 8 0.274257
37 12 0.271622
37 1 0.280666
37 28 0.258879
37 5 0.277913
37 29 0.258621
37 9 0.276061
37 0 0.283221
37 11 0.275046
37 3 0.282132
37 4 0.281595
37 10 0.277481
37 31 0.259566
37 44 0.250537
37 14 0.280740
37 30 0.270565
37 33 0.287733
37 25 0.298638
37 15 0.308524
37 17 0.308063
37 32 0.294053
37 7 0.315580
37 27 0.302401
37 20 0.310742
37 26 0.307381
37 16 0.316835
37 43 0.290980
37 39 0.296611
37 22 0.317037
37 36 0.303616
37 23 0.320735
37 37 0.309829
37 38 0.308820
37 24 0.323233
37 18 0.336212
37 34 0.322952
37 40 0.322705
37 19 0.344602
37 21 0.344922
37 47 0.320283
37 46 0.322291
37 35 0.344975
37 48 0.334195
37 45 0.342378
37 42 0.347920
37 50 0.342166
37 49 0.357028
37 41 0.377838
38 10 0.205525
38 0 0.226349
38 6 0.260849
38 3 0.296698
38 11 0.291963
38 9 0.295420
38 5 0.299996
38 1 0.314250
38 44 0.280704
38 7 0.320778
38 32 0.296687
38 13 0.317817
38 28 0.306421
38 31 0.317551
38 16 0.334917
38 29 0.320947
38 17 0.336256
38 14 0.341534
38 8 0.349537
38 2 0.354922
38 4 0.355518
38 15 0.348582
38 27 0.340927
38 33 0.335028
38 25 0.344916
38 12 0.360173
38 39 0.333054
38 20 0.354242
38 30 0.344091
38 18 0.361164
38 43 0.342361
38 26 0.377657
38 21 0.382641
38 24 0.383711
38 34 0.374038
38 23 0.385472
38 45 0.363913
38 37 0.378343
38 19 0.399757
38 35 0.383803
38 50 0.369165
38 46 0.375790
38 49 0.373557
38 40 0.387873
38 48 0.380944
38 47 0.384759
38 41 0.397550
38 22 0.431210
38 36 0.419049
38 38 0.419763
38 42 0.426250
39 5 0.171889
39 0 0.176806
39 10 0.175087
39 9 0.179278
39 8 0.199477
39 1 0.222382
39 14 0.258289
39 20 0.253264
39 4 0.266031
39 3 0.266863
39 33 0.242445
39 13 0.262951
39 6 0.268207
39 17 0.261957
39 11 0.268420
39 39 0.242583
39 30 0.253888
39 12 0.270654
39 2 0.282664
39 32 0.265915
39 28 0.270099
39 19 0.291047
39 48 0.280024
39 44 0.286156
39 40 0.297578
39 18 0.324240
39 21 0.321699
39 29 0.316618
39 24 0.322744
39 36 0.314020
39 41 0.312438
39 31 0.323804
39 7 0.345898
39 50 0.315229
39 22 0.346572
39 26 0.346740
39 15 0.360526
39 23 0.353900
39 45 0.332448
39 37 0.342769
39 25 0.356169
39 46 0.338402
39 27 0.359926
39 35 0.356301
39 42 0.351163
39 16 0.379678
39 49 0.347530
39 43 0.356941
39 38 0.366961
39 34 0.374550
39 47 0.361511
40 5 0.174122
40 3 0.190983
40 1 0.193401
40 11 0.219435
40 9 0.234452
40 6 0.251541
40 7 0.277577
40 0 0.290532
40 10 0.290591
40 33 0.256345
40 13 0.292721
40 19 0.289562
40 31 0.283502
40 43 0.265865
40 18 0.308437
40 23 0.299451
40 29 0.296556
40 21 0.309074
40 8 0.333738
40 2 0.346031
40 37 0.300457
40 17 0.336884
40 4 0.357119
40 16 0.341710
40 24 0.330148
40 49 0.292794
40 44 0.303083
40 39 0.312936
40 30 0.329598
40 20 0.348614
40 12 0.362834
40 15 0.358852
40 42 0.312938
40 45 0.309701
40 35 0.328736
40 47 0.310395
40 48 0.314224
40 14 0.376260
40 34 0.346639
40 27 0.359124
40 28 0.360966
40 32 0.362484
40 41 0.354859
40 38 0.364670
40 40 0.361835
40 22 0.397196
40 36 0.377086
40 46 0.367784
40 26 0.405001
40 50 0.366230
40 25 0.412171
41 9 0.191755
41 8 0.198661
41 0 0.214320
41 5 0.229718
41 1 0.249060
41 3 0.250274
41 13 0.250293
41 33 0.232248
41 10 0.264047
41 28 0.266365
41 11 0.284880
41 2 0.310147
41 14 0.302052
41 7 0.319121
41 32 0.320343
41 12 0.342173
41 16 0.339458
41 18 0.338274
41 4 0.353030
41 30 0.343024
41 20 0.357064
41 44 0.336414
41 31 0.350261
41 29 0.352804
41 19 0.372195
41 17 0.382200
41 21 0.378431
41 24 0.382808
41 15 0.394800
41 43 0.369600
41 36 0.381205
41 39 0.386796
41 27 0.401056
41 45 0.382956
41 6 0.433201
41 42 0.401653
41 23 0.423481
41 22 0.425507
41 46 0.404268
41 50 0.403469
41 35 0.421313
41 25 0.433001
41 37 0.419284
41 38 0.424992
41 48 0.415714
41 49 0.423668
41 26 0.450528
41 40 0.441528
41 47 0.435344
41 41 0.444000
41 34 0.453554
42 1 0.197680
42 4 0.205688
42 2 0.220218
42 0 0.239568
42 9 0.117133
42 3 0.248389
42 5 0.251811
42 11 0.127548
42 8 0.195874
42 13 0.141157
42 10 0.154763
42 7 0.257422
42 12 0.167434
42 17 0.155474
42 23 0.163292
42 14 0.208667
42 6 0.332716
42 19 0.209555
42 29 0.139324
42 25 0.178968
42 30 0.151327
42 15 0.264470
42 20 0.241962
42 28 0.184199
42 16 0.270314
42 31 0.175429
42 27 0.194644
42 22 0.242169
42 21 0.256773
42 37 0.147900
42 32 0.175338
42 44 0.109619
42 26 0.229469
42 33 0.180007
42 18 0.307063
42 34 0.190369
42 36 0.204231
42 43 0.163834
42 39 0.183575
42 40 0.184918
42 41 0.185065
42 35 0.244999
42 24 0.325584
42 38 0.193678
42 46 0.132040
42 45 0.185463
42 47 0.142000
42 42 0.205241
42 49 0.149195
42 48 0.154138
42 50 0.160932
43 9 0.221069
43 8 0.225651
43 3 0.243115
43 10 0.242161
43 14 0.281165
43 0 0.292407
43 5 0.291739
43 30 0.267984
43 13 0.285516
43 11 0.287021
43 29 0.279284
43 44 0.263610
43 28 0.284231
43 2 0.310009
43 12 0.319824
43 32 0.338676
43 47 0.322584
43 38 0.333267
43 4 0.366947
43 1 0.370631
43 18 0.357978
43 21 0.360539
43 19 0.368265
43 15 0.372737
43 40 0.352891
43 33 0.364669
43 31 0.371010
43 16 0.393713
43 26 0.395090
43 50 0.372185
43 7 0.423612
43 20 0.412003
43 6 0.425785
43 42 0.390592
43 24 0.410777
43 41 0.401919
43 17 0.430704
43 48 0.407470
43 36 0.424126
43 43 0.421993
43 25 0.448439
43 34 0.440896
43 39 0.439551
43 23 0.456448
43 46 0.434408
43 49 0.438233
43 45 0.444326
43 35 0.463085
43 37 0.465588
43 22 0.486406
43 27 0.499033
44 8 0.219236
44 0 0.256215
44 11 0.272215
44 13 0.282101
44 12 0.295606
44 5 0.306075
44 3 0.320796
44 33 0.309410
44 6 0.342117
44 1 0.381421
44 9 0.376252
44 30 0.362018
44 10 0.394720
44 2 0.401743
44 32 0.382378
44 29 0.386428
44 14 0.409522
44 46 0.385905
44 44 0.388343
44 17 0.437343
44 45 0.425320
44 31 0.446913
44 4 0.481573
44 48 0.442043
44 24 0.469066
44 7 0.485731
44 34 0.458872
44 28 0.472148
44 20 0.492163
44 23 0.502838
44 15 0.513221
44 25 0.527050
44 35 0.520966
44 42 0.513399
44 50 0.503244
44 49 0.517763
44 18 0.558448
44 21 0.559369
44 36 0.547051
44 22 0.562898
44 47 0.535064
44 16 0.570613
44 37 0.554633
44 43 0.549923
44 40 0.558462
44 38 0.572320
44 26 0.588779
44 19 0.606902
44 27 0.604884
44 41 0.589674
44 39 0.621849
45 12 0.230646
45 8 0.289784
45 10 0.294260
45 0 0.352834
45 28 0.304751
45 13 0.353057
45 11 0.359887
45 9 0.364400
45 5 0.384163
45 3 0.389442
45 6 0.388538
45 2 0.401296
45 7 0.407730
45 32 0.365004
45 14 0.403807
45 44 0.346078
45 4 0.440645
45 30 0.399192
45 20 0.437693
45 1 0.471243
45 46 0.384087
45 18 0.451145
45 31 0.429582
45 36 0.424987
45 29 0.457795
45 24 0.483130
45 33 0.478650
45 27 0.490801
45 25 0.496730
45 45 0.461877
45 43 0.470827
45 16 0.547952
45 22 0.546936
45 35 0.518936
45 26 0.547238
45 48 0.500707
45 38 0.533134
45 50 0.500625
45 41 0.524258
45 49 0.521774
45 37 0.559948
45 42 0.541431
45 40 0.550561
45 17 0.605088
45 47 0.567575
45 39 0.586284
45 23 0.627456
45 34 0.609557
45 15 0.648147
45 21 0.652924
45 19 0.687116
46 8 0.207728
46 12 0.206344
46 11 0.219286
46 9 0.227876
46 1 0.240832
46 2 0.277132
46 13 0.266511
46 31 0.265442
46 3 0.343794
46 7 0.339079
46 14 0.345039
46 29 0.325488
46 33 0.323744
46 6 0.372560
46 10 0.372990
46 38 0.340611
46 49 0.317379
46 5 0.405714
46 37 0.357303
46 15 0.414475
46 4 0.430445
46 17 0.425664
46 41 0.383193
46 45 0.373422
46 19 0.428684
46 26 0.422714
46 24 0.434393
46 30 0.426646
46 0 0.482786
46 36 0.426455
46 47 0.401512
46 39 0.426651
46 27 0.452315
46 28 0.448184
46 35 0.441511
46 43 0.433992
46 23 0.474274
46 32 0.456812
46 44 0.441481
46 21 0.498047
46 48 0.455960
46 22 0.508757
46 20 0.518257
46 46 0.467650
46 25 0.516550
46 16 0.553268
46 40 0.526992
46 42 0.528869
46 18 0.578573
46 50 0.529106
46 34 0.564075
47 9 0.204567
47 10 0.259075
47 4 0.269397
47 8 0.268364
47 13 0.278706
47 31 0.265363
47 3 0.298028
47 11 0.308043
47 1 0.318588
47 28 0.316860
47 33 0.328482
47 0 0.364665
47 14 0.358845
47 29 0.345994
47 7 0.367397
47 25 0.378065
47 5 0.404007
47 24 0.388975
47 49 0.381355
47 12 0.422072
47 22 0.414846
47 34 0.405016
47 44 0.398695
47 32 0.412875
47 16 0.429443
47 27 0.426562
47 30 0.426211
47 23 0.435683
47 15 0.448690
47 20 0.448027
47 48 0.418978
47 45 0.428017
47 19 0.457492
47 26 0.453998
47 46 0.436137
47 41 0.452597
47 43 0.452911
47 2 0.492832
47 17 0.501616
47 35 0.486600
47 50 0.471466
47 6 0.517895
47 36 0.495916
47 40 0.496099
47 39 0.500001
47 18 0.530058
47 21 0.528442
47 38 0.516588
47 37 0.519275
47 42 0.514974
47 47 0.536988
48 8 0.272322
48 13 0.321235
48 11 0.323367
48 30 0.306352
48 12 0.323418
48 14 0.322439
48 1 0.332857
48 2 0.332582
48 5 0.339179
48 7 0.339453
48 4 0.347669
48 10 0.350461
48 0 0.369687
48 31 0.356049
48 3 0.391509
48 32 0.367486
48 20 0.402840
48 9 0.415871
48 28 0.401372
48 44 0.394994
48 29 0.414166
48 15 0.440978
48 33 0.436249
48 17 0.457228
48 26 0.465100
48 35 0.467020
48 22 0.480388
48 34 0.479896
48 16 0.511366
48 19 0.509214
48 6 0.523863
48 21 0.534459
48 27 0.529198
48 24 0.536143
48 18 0.543151
48 40 0.523283
48 38 0.528926
48 46 0.523472
48 45 0.527352
48 25 0.552104
48 43 0.536611
48 48 0.537647
48 50 0.541536
48 39 0.554729
48 42 0.551442
48 36 0.559577
48 23 0.576444
48 47 0.562291
48 37 0.593728
48 41 0.597916
48 49 0.596076
49 8 0.258262
49 13 0.255571
49 9 0.258634
49 14 0.259848
49 28 0.272213
49 12 0.292266
49 31 0.286528
49 11 0.310064
49 2 0.321467
49 0 0.323319
49 32 0.309623
49 30 0.321161
49 3 0.346071
49 1 0.351824
49 5 0.366650
49 33 0.350693
49 4 0.386186
49 44 0.375302
49 10 0.415310
49 29 0.407453
49 7 0.440242
49 6 0.459055
49 16 0.493529
49 17 0.509251
49 25 0.507178
49 24 0.512585
49 15 0.521912
49 34 0.504731
49 26 0.516288
49 18 0.526919
49 23 0.525708
49 21 0.532988
49 22 0.537073
49 47 0.530161
49 20 0.574315
49 38 0.559017
49 27 0.573040
49 42 0.564255
49 35 0.572338
49 19 0.598159
49 43 0.575280
49 40 0.580598
49 41 0.581635
49 36 0.595656
49 37 0.601343
49 39 0.611698
49 50 0.605389
49 49 0.609859
49 45 0.613352
49 48 0.611368
49 46 0.624732
50 9 0.199291
50 8 0.216723
50 31 0.272606
50 30 0.282404
50 14 0.307389
50 10 0.317835
50 33 0.302836
50 11 0.329826
50 2 0.355402
50 28 0.338741
50 0 0.371361
50 4 0.371873
50 7 0.385641
50 3 0.421440
50 12 0.418888
50 5 0.430618
50 32 0.426077
50 1 0.458958
50 15 0.452450
50 13 0.464669
50 44 0.467356
50 29 0.486340
50 24 0.510401
50 22 0.520813
50 17 0.528795
50 23 0.544308
50 42 0.527480
50 26 0.546316
50 25 0.555880
50 49 0.536308
50 36 0.552855
50 16 0.573382
50 20 0.584853
50 27 0.582052
50 18 0.593386
50 45 0.572816
50 6 0.615634
50 34 0.591163
50 40 0.587334
50 47 0.586233
50 48 0.590971
50 50 0.596460
50 38 0.610069
50 41 0.614500
50 46 0.609856
50 21 0.636731
50 39 0.618348
50 19 0.640649
50 43 0.629425
50 35 0.641791
50 37 0.655031
51 8 0.290763
51 9 0.311371
51 14 0.318766
51 13 0.324121
51 3 0.354603
51 44 0.322005
51 11 0.378001
51 5 0.387439
51 1 0.390933
51 33 0.390158
51 0 0.426546
51 10 0.425078
51 12 0.449496
51 30 0.501984
51 6 0.531017
51 32 0.512656
51 28 0.523755
51 46 0.513557
51 7 0.571692
51 29 0.559590
51 31 0.572705
51 4 0.616094
51 18 0.627640
51 21 0.632923
51 24 0.639920
51 26 0.639939
51 23 0.664652
51 35 0.660535
51 37 0.677016
51 36 0.684430
51 47 0.677401
51 27 0.702757
51 42 0.692086
51 45 0.694637
51 17 0.738584
51 34 0.726064
51 48 0.716137
51 16 0.754024
51 15 0.760102
51 41 0.733436
51 2 0.772880
51 40 0.736732
51 22 0.773142
51 39 0.761351
51 38 0.762306
51 19 0.791986
51 43 0.777464
51 25 0.801619
51 50 0.775254
51 20 0.814716
51 49 0.787519
52 6 0.214894
52 0 0.259404
52 4 0.256963
52 10 0.256725
52 8 0.288249
52 13 0.285119
52 5 0.311405
52 44 0.278652
52 14 0.312243
52 1 0.326636
52 12 0.319260
52 9 0.321870
52 30 0.329266
52 11 0.354601
52 28 0.375011
52 32 0.391884
52 2 0.425297
52 22 0.418901
52 31 0.410189
52 42 0.402250
52 29 0.418292
52 24 0.424005
52 25 0.424698
52 15 0.436114
52 40 0.421705
52 26 0.439824
52 17 0.462154
52 49 0.437304
52 33 0.462919
52 20 0.479497
52 3 0.502991
52 39 0.480045
52 16 0.510748
52 35 0.490561
52 43 0.489627
52 19 0.516994
52 7 0.532522
52 23 0.521321
52 38 0.515896
52 37 0.530771
52 36 0.540761
52 50 0.528425
52 27 0.555341
52 41 0.542879
52 47 0.537470
52 45 0.542452
52 34 0.566819
52 46 0.555943
52 18 0.590873
52 48 0.567803
52 21 0.624268
53 12 0.199399
53 8 0.241693
53 14 0.281648
53 10 0.308088
53 1 0.334551
53 11 0.315742
53 0 0.392475
53 2 0.404998
53 28 0.156765
53 9 0.410872
53 7 0.448313
53 6 0.454864
53 13 0.437534
53 3 0.458537
53 21 0.414616
53 5 0.459471
53 17 0.430611
53 15 0.439264
53 18 0.452114
53 4 0.491065
53 20 0.457718
53 31 0.168312
53 29 0.192738
53 22 0.495215
53 33 0.226135
53 30 0.230529
53 16 0.572932
53 19 0.586990
53 26 0.426798
53 44 0.179484
53 24 0.491716
53 25 0.471885
53 32 0.337376
53 27 0.481199
53 34 0.360762
53 40 0.291586
53 36 0.346707
53 42 0.276418
53 39 0.339183
53 23 0.676680
53 45 0.300405
53 50 0.298855
53 38 0.353701
53 49 0.324653
53 37 0.394063
53 46 0.343165
53 41 0.354533
53 48 0.347073
53 35 0.430830
53 47 0.364602
53 43 0.381575
54 3 0.313249
54 9 0.305226
54 11 0.302507
54 10 0.334740
54 13 0.342805
54 1 0.372787
54 5 0.370989
54 2 0.378478
54 15 0.416872
54 33 0.392694
54 28 0.404412
54 29 0.406856
54 31 0.430706
54 12 0.464998
54 8 0.490454
54 0 0.502035
54 14 0.486534
54 20 0.475726
54 35 0.454745
54 6 0.508620
54 30 0.477957
54 44 0.470456
54 16 0.513470
54 43 0.483722
54 7 0.540590
54 24 0.519147
54 45 0.492488
54 42 0.506963
54 50 0.501269
54 27 0.529208
54 32 0.528132
54 22 0.557774
54 19 0.569553
54 41 0.549804
54 47 0.546686
54 25 0.583922
54 37 0.574060
54 39 0.574666
54 46 0.574101
54 17 0.615210
54 4 0.639886
54 23 0.612558
54 26 0.610193
54 21 0.635056
54 48 0.608228
54 36 0.629817
54 40 0.632867
54 49 0.639650
54 38 0.662877
54 34 0.670260
54 18 0.696725
55 8 0.182346
55 9 0.154805
55 2 0.338790
55 14 0.156865
55 1 0.354469
55 12 0.181832
55 0 0.399431
55 10 0.232458
55 3 0.399573
55 11 0.243503
55 13 0.256345
55 5 0.442218
55 7 0.428818
55 4 0.447084
55 6 0.480010
55 16 0.348265
55 30 0.178547
55 28 0.208564
55 31 0.193557
55 15 0.436369
55 33 0.211395
55 18 0.375676
55 32 0.257272
55 20 0.367820
55 22 0.345161
55 29 0.291990
55 24 0.340361
55 44 0.223735
55 26 0.351301
55 17 0.513472
55 23 0.394292
55 19 0.474097
55 34 0.347500
55 21 0.483271
55 27 0.440350
55 25 0.478483
55 38 0.365854
55 47 0.255506
55 40 0.370358
55 36 0.402940
55 35 0.407689
55 42 0.385178
55 43 0.379305
55 45 0.337847
55 49 0.280325
55 46 0.362854
55 41 0.468788
55 37 0.497950
55 50 0.306769
55 39 0.513657
55 48 0.399991
56 8 0.182265
56 3 0.261098
56 1 0.302194
56 9 0.222464
56 10 0.154584
56 0 0.306929
56 12 0.155542
56 11 0.161862
56 5 0.319725
56 2 0.343653
56 13 0.196906
56 4 0.362441
56 20 0.148335
56 14 0.236734
56 6 0.394642
56 7 0.391713
56 30 0.169574
56 33 0.184862
56 17 0.336984
56 16 0.344950
56 28 0.202827
56 22 0.281486
56 24 0.257810
56 27 0.214826
56 25 0.223919
56 15 0.385927
56 19 0.362993
56 21 0.330882
56 26 0.262249
56 29 0.263097
56 31 0.266842
56 32 0.269295
56 44 0.196356
56 34 0.271879
56 18 0.422328
56 42 0.292868
56 23 0.426861
56 37 0.367419
56 38 0.369566
56 46 0.294148
56 35 0.411725
56 41 0.377982
56 43 0.378258
56 36 0.431379
56 50 0.266876
56 49 0.289895
56 40 0.416440
56 47 0.347150
56 45 0.366160
56 48 0.337174
56 39 0.461290
57 3 0.308610
57 9 0.316732
57 11 0.315365
57 12 0.314936
57 10 0.345796
57 14 0.345820
57 8 0.377374
57 31 0.355508
57 1 0.384135
57 28 0.359448
57 5 0.415375
57 44 0.380779
57 33 0.400666
57 0 0.443129
57 2 0.452257
57 29 0.440376
57 4 0.489728
57 13 0.492377
57 15 0.496810
57 6 0.511059
57 30 0.495640
57 34 0.504894
57 32 0.523201
57 18 0.555405
57 40 0.539168
57 27 0.557136
57 24 0.579467
57 25 0.584878
57 17 0.602785
57 23 0.601403
57 43 0.589006
57 48 0.626731
57 46 0.632015
57 7 0.670642
57 21 0.662868
57 20 0.670853
57 42 0.650372
57 35 0.659988
57 37 0.659331
57 16 0.683974
57 26 0.674840
57 39 0.665978
57 38 0.680072
57 47 0.693399
57 22 0.723036
57 45 0.701532
57 36 0.715466
57 50 0.702465
57 19 0.745014
57 49 0.722768
57 41 0.752684
58 8 0.277748
58 14 0.341092
58 10 0.344335
58 9 0.345550
58 32 0.330894
58 1 0.376057
58 4 0.403900
58 3 0.408607
58 2 0.428271
58 0 0.430233
58 12 0.423756
58 30 0.413518
58 28 0.431746
58 7 0.494437
58 5 0.563310
58 33 0.546426
58 44 0.538882
58 13 0.605107
58 34 0.594106
58 11 0.663715
58 43 0.641203
58 29 0.667508
58 31 0.674054
58 38 0.682200
58 6 0.722670
58 26 0.710124
58 18 0.740438
58 16 0.757573
58 36 0.743456
58 22 0.764269
58 42 0.757028
58 45 0.770296
58 48 0.778695
58 46 0.786274
58 24 0.812373
58 19 0.830384
58 21 0.848882
58 41 0.826526
58 20 0.857416
58 49 0.832015
58 27 0.868938
58 40 0.862722
58 15 0.901877
58 50 0.880957
58 35 0.905409
58 39 0.904786
58 47 0.900168
58 17 0.933513
58 23 0.933808
58 25 0.941724
58 37 0.930684
59 13 0.251574
59 1 0.327782
59 3 0.336214
59 11 0.317156
59 12 0.315969
59 14 0.251081
59 5 0.367102
59 10 0.363698
59 9 0.364681
59 0 0.381350
59 8 0.372041
59 4 0.391251
59 2 0.482391
59 7 0.511868
59 6 0.514358
59 17 0.345354
59 16 0.429519
59 29 0.236637
59 31 0.290417
59 33 0.304188
59 18 0.478760
59 30 0.360257
59 28 0.388996
59 15 0.648541
59 19 0.473634
59 22 0.417789
59 44 0.342305
59 20 0.457825
59 21 0.464870
59 32 0.424914
59 23 0.481663
59 24 0.495889
59 27 0.492407
59 41 0.452157
59 36 0.475919
59 38 0.477057
59 45 0.468364
59 49 0.466144
59 26 0.554618
59 25 0.580000
59 34 0.545354
59 40 0.531379
59 37 0.546824
59 43 0.523753
59 47 0.522532
59 42 0.536930
59 35 0.573683
59 39 0.592027
59 48 0.594821
59 50 0.576277
59 46 0.630285
60 8 0.177238
60 9 0.248543
60 12 0.244156
60 10 0.281731
60 13 0.293468
60 14 0.243115
60 11 0.340257
60 0 0.389983
60 3 0.392809
60 5 0.411949
60 2 0.448609
60 1 0.472156
60 6 0.509511
60 28 0.199671
60 4 0.550693
60 7 0.541234
60 30 0.232823
60 15 0.478758
60 32 0.238283
60 33 0.238235
60 31 0.242563
60 29 0.299950
60 18 0.445491
60 16 0.478439
60 20 0.453554
60 23 0.394647
60 22 0.436412
60 17 0.528640
60 39 0.323144
60 44 0.210627
60 24 0.494994
60 36 0.399144
60 19 0.616172
60 26 0.528512
60 48 0.295157
60 35 0.461758
60 45 0.321437
60 40 0.409311
60 27 0.557250
60 21 0.634047
60 25 0.596013
60 34 0.524183
60 37 0.510323
60 42 0.479942
60 43 0.486758
60 38 0.570802
60 46 0.477812
60 50 0.400988
60 41 0.557091
60 49 0.414010
60 47 0.498442
61 10 0.230830
61 14 0.224405
61 8 0.284541
61 11 0.281044
61 12 0.293565
61 9 0.306471
61 13 0.294105
61 1 0.401400
61 3 0.403974
61 0 0.408435
61 4 0.453261
61 31 0.189411
61 7 0.485093
61 2 0.511848
61 33 0.231435
61 28 0.281521
61 5 0.549933
61 19 0.447167
61 16 0.469673
61 29 0.292835
61 15 0.483058
61 6 0.586470
61 30 0.358688
61 17 0.549269
61 32 0.346508
61 27 0.416699
61 44 0.319985
61 23 0.497439
61 25 0.493777
61 26 0.484953
61 24 0.536242
61 43 0.419136
61 21 0.634832
61 35 0.488478
61 22 0.613265
61 39 0.489601
61 18 0.730877
61 37 0.524801
61 20 0.737803
61 47 0.475620
61 36 0.563028
61 34 0.584510
61 41 0.527520
61 40 0.537576
61 45 0.514608
61 46 0.509397
61 42 0.555691
61 48 0.523639
61 49 0.526126
61 50 0.540200
61 38 0.629106
62 3 0.222164
62 0 0.259567
62 10 0.190241
62 8 0.230312
62 9 0.237534
62 1 0.304486
62 5 0.260669
62 2 0.314818
62 4 0.320058
62 11 0.237454
62 13 0.226325
62 12 0.239360
62 14 0.268991
62 7 0.367599
62 6 0.419907
62 15 0.369437
62 29 0.227421
62 20 0.327426
62 16 0.408165
62 30 0.243387
62 18 0.409682
62 33 0.262138
62 19 0.430431
62 32 0.327792
62 44 0.272968
62 31 0.361180
62 28 0.370968
62 40 0.323360
62 36 0.364051
62 22 0.462236
62 24 0.470097
62 35 0.432747
62 17 0.602200
62 26 0.459690
62 27 0.458725
62 25 0.516791
62 21 0.569479
62 41 0.462256
62 46 0.402088
62 45 0.453354
62 43 0.502956
62 34 0.554892
62 42 0.514354
62 50 0.407859
62 38 0.540500
62 23 0.637847
62 39 0.555102
62 49 0.445190
62 37 0.570079
62 48 0.455818
62 47 0.530383
63 9 0.254423
63 10 0.318261
63 11 0.328928
63 8 0.338875
63 13 0.356889
63 5 0.368460
63 33 0.344871
63 3 0.403249
63 29 0.371324
63 7 0.411832
63 4 0.417473
63 12 0.414593
63 1 0.432480
63 31 0.390443
63 16 0.428823
63 14 0.465202
63 0 0.513073
63 30 0.490695
63 44 0.382569
63 32 0.503502
63 27 0.554641
63 18 0.594847
63 2 0.618431
63 35 0.597617
63 43 0.543573
63 28 0.671765
63 25 0.678256
63 23 0.714797
63 21 0.722810
63 24 0.754821
63 15 0.779363
63 6 0.799501
63 45 0.647100
63 34 0.762201
63 22 0.792358
63 47 0.572631
63 17 0.816357
63 42 0.688479
63 40 0.754835
63 48 0.536143
63 39 0.767963
63 26 0.817100
63 37 0.781139
63 46 0.686566
63 38 0.793893
63 20 0.848127
63 41 0.764207
63 19 0.863550
63 49 0.578303
63 36 0.849608
63 50 0.629933
64 8 0.193262
64 12 0.189365
64 1 0.361967
64 13 0.211861
64 10 0.232009
64 3 0.394599
64 0 0.420231
64 9 0.272141
64 5 0.417507
64 4 0.447493
64 14 0.309771
64 6 0.480262
64 11 0.397456
64 30 0.204590
64 7 0.541944
64 2 0.633944
64 32 0.246737
64 17 0.515105
64 29 0.337734
64 22 0.438292
64 16 0.580115
64 25 0.399620
64 44 0.245977
64 15 0.614961
64 31 0.401414
64 33 0.396522
64 20 0.553919
64 28 0.449775
64 18 0.635194
64 36 0.404703
64 24 0.502779
64 19 0.663124
64 26 0.497945
64 34 0.468778
64 38 0.436915
64 35 0.460852
64 40 0.445425
64 27 0.555263
64 23 0.635204
64 21 0.669151
64 42 0.489326
64 45 0.471876
64 39 0.581359
64 48 0.462266
64 47 0.496805
64 43 0.551734
64 41 0.605977
64 50 0.484262
64 46 0.543483
64 37 0.673110
64 49 0.536983
65 11 0.273682
65 14 0.286258
65 3 0.323265
65 9 0.317281
65 13 0.324931
65 1 0.370460
65 5 0.384939
65 31 0.338521
65 0 0.405621
65 2 0.429479
65 29 0.381031
65 33 0.406913
65 7 0.496449
65 25 0.472788
65 39 0.439754
65 34 0.458753
65 38 0.459302
65 42 0.444404
65 12 0.526878
65 23 0.515125
65 10 0.553656
65 8 0.559770
65 19 0.558903
65 36 0.516396
65 28 0.534358
65 27 0.546300
65 22 0.570174
65 43 0.512516
65 15 0.606699
65 37 0.548176
65 30 0.570059
65 32 0.567541
65 44 0.552644
65 48 0.556148
65 20 0.636072
65 4 0.663178
65 6 0.668364
65 16 0.656599
65 17 0.658919
65 46 0.585439
65 18 0.662929
65 50 0.583303
65 21 0.658934
65 47 0.595250
65 26 0.664064
65 49 0.607561
65 35 0.682685
65 40 0.671938
65 24 0.723642
65 45 0.662009
65 41 0.752134
66 10 0.190594
66 8 0.193697
66 9 0.230708
66 12 0.239315
66 11 0.245268
66 13 0.244583
66 1 0.276171
66 14 0.250758
66 4 0.301314
66 0 0.324918
66 6 0.385114
66 7 0.385666
66 2 0.402367
66 5 0.411962
66 3 0.421311
66 15 0.396464
66 18 0.396880
66 20 0.363034
66 16 0.463188
66 30 0.214949
66 19 0.421011
66 33 0.217495
66 32 0.236719
66 31 0.252974
66 44 0.223174
66 28 0.366383
66 17 0.604827
66 21 0.459780
66 29 0.368379
66 25 0.408711
66 22 0.458080
66 24 0.432736
66 27 0.409458
66 35 0.375450
66 23 0.510211
66 36 0.399503
66 26 0.466010
66 43 0.342936
66 34 0.471406
66 40 0.379119
66 41 0.378263
66 45 0.373240
66 39 0.393999
66 37 0.432826
66 42 0.418959
66 38 0.466757
66 49 0.386036
66 48 0.418024
66 46 0.422283
66 50 0.425925
66 47 0.462900
67 9 0.248275
67 8 0.251190
67 11 0.256378
67 3 0.367421
67 13 0.301481
67 12 0.329598
67 10 0.363122
67 14 0.309872
67 5 0.412170
67 1 0.448493
67 0 0.466885
67 7 0.462982
67 4 0.542100
67 6 0.570254
67 2 0.609421
67 19 0.476842
67 28 0.292547
67 29 0.295885
67 32 0.274332
67 33 0.291024
67 30 0.320179
67 17 0.538956
67 15 0.586670
67 18 0.575055
67 44 0.278117
67 21 0.558707
67 31 0.408922
67 16 0.677704
67 23 0.592608
67 27 0.570690
67 35 0.453245
67 24 0.609141
67 20 0.698239
67 22 0.669191
67 25 0.639600
67 40 0.488609
67 26 0.681802
67 41 0.496804
67 49 0.410380
67 39 0.511136
67 45 0.461221
67 38 0.578805
67 37 0.588647
67 43 0.526354
67 36 0.602586
67 34 0.613346
67 47 0.502183
67 42 0.586069
67 48 0.524646
67 46 0.583458
67 50 0.548245
68 8 0.185348
68 10 0.237505
68 11 0.247124
68 13 0.242277
68 12 0.291261
68 9 0.304540
68 14 0.276083
68 6 0.348363
68 2 0.392593
68 0 0.419916
68 4 0.438667
68 5 0.453248
68 29 0.213949
68 22 0.338098
68 1 0.510832
68 28 0.243231
68 20 0.384918
68 25 0.352595
68 26 0.335546
68 32 0.267629
68 27 0.333558
68 3 0.596701
68 7 0.593370
68 33 0.262646
68 21 0.441317
68 24 0.382476
68 19 0.459507
68 30 0.334800
68 44 0.202152
68 35 0.300025
68 15 0.569484
68 17 0.529760
68 16 0.564034
68 31 0.350660
68 18 0.547627
68 23 0.526394
68 36 0.395504
68 34 0.433743
68 38 0.438199
68 42 0.361215
68 50 0.318693
68 37 0.458719
68 46 0.365305
68 40 0.433113
68 39 0.512230
68 47 0.418297
68 48 0.428493
68 45 0.445767
68 49 0.481471
68 41 0.561196
68 43 0.548178
69 11 0.316652
69 9 0.318754
69 13 0.314822
69 7 0.339242
69 17 0.328952
69 14 0.347974
69 8 0.379852
69 10 0.422801
69 5 0.481221
69 44 0.406757
69 40 0.439148
69 33 0.462113
69 28 0.492983
69 29 0.493159
69 31 0.495378
69 15 0.540649
69 3 0.563986
69 39 0.520910
69 4 0.600064
69 41 0.524592
69 32 0.551068
69 45 0.538779
69 30 0.568600
69 1 0.639091
69 0 0.650387
69 24 0.618903
69 12 0.658087
69 37 0.602147
69 49 0.594319
69 21 0.658491
69 25 0.652527
69 50 0.611928
69 2 0.717077
69 19 0.690119
69 6 0.716930
69 16 0.713768
69 20 0.714970
69 27 0.703928
69 38 0.681088
69 35 0.699815
69 47 0.677057
69 18 0.744444
69 36 0.710747
69 46 0.705817
69 22 0.756470
69 48 0.710776
69 26 0.782844
69 34 0.780457
69 23 0.810918
69 42 0.775483
69 43 0.809847
70 13 0.210093
70 8 0.301626
70 12 0.216451
70 10 0.263351
70 9 0.289459
70 14 0.249611
70 11 0.280273
70 3 0.433190
70 6 0.425872
70 4 0.451901
70 2 0.482727
70 0 0.488025
70 7 0.539426
70 29 0.220835
70 5 0.557936
70 30 0.250382
70 31 0.228975
70 33 0.228347
70 28 0.286098
70 32 0.244726
70 1 0.682957
70 15 0.603042
70 16 0.623016
70 18 0.603725
70 44 0.320127
70 21 0.488549
70 24 0.488727
70 19 0.628232
70 26 0.507485
70 17 0.680378
70 25 0.539063
70 20 0.664869
70 36 0.490191
70 39 0.500458
70 23 0.617283
70 42 0.474535
70 37 0.520034
70 45 0.472634
70 40 0.513455
70 46 0.493233
70 38 0.580542
70 50 0.448660
70 35 0.599153
70 22 0.741214
70 27 0.738688
70 48 0.523180
70 43 0.604616
70 41 0.640571
70 34 0.708828
70 49 0.561434
70 47 0.633751
71 10 0.299657
71 9 0.311811
71 12 0.348674
71 8 0.366060
71 13 0.385272
71 14 0.393593
71 5 0.461313
71 11 0.447675
71 2 0.488895
71 0 0.494048
71 1 0.550702
71 3 0.540863
71 15 0.609066
71 7 0.659359
71 6 0.669099
71 16 0.597691
71 28 0.287540
71 29 0.280675
71 31 0.279351
71 30 0.298842
71 4 0.772680
71 32 0.345330
71 19 0.588956
71 17 0.677782
71 33 0.360469
71 20 0.556101
71 21 0.546436
71 38 0.392541
71 44 0.337190
71 22 0.543152
71 25 0.531498
71 18 0.699570
71 23 0.573350
71 26 0.559835
71 24 0.574362
71 34 0.509012
71 27 0.583677
71 37 0.505456
71 35 0.517820
71 47 0.405129
71 36 0.562805
71 42 0.504848
71 40 0.562804
71 39 0.608943
71 46 0.494529
71 48 0.464819
71 45 0.556197
71 41 0.612312
71 50 0.457382
71 43 0.577038
71 49 0.524965
72 0 0.417284
72 8 0.409908
72 3 0.416195
72 12 0.407749
72 1 0.418249
72 2 0.417947
72 28 0.387380
72 22 0.400345
72 11 0.426330
72 14 0.468703
72 44 0.431954
72 5 0.492274
72 20 0.526684
72 23 0.523801
72 26 0.521857
72 10 0.544311
72 42 0.506159
72 48 0.501713
72 31 0.521441
72 33 0.526140
72 32 0.528674
72 24 0.545690
72 7 0.565626
72 17 0.559539
72 27 0.573657
72 40 0.560239
72 46 0.554972
72 9 0.605294
72 36 0.581354
72 4 0.625517
72 13 0.624741
72 39 0.619751
72 29 0.637804
72 30 0.643894
72 21 0.667820
72 35 0.647025
72 34 0.662779
72 16 0.694052
72 50 0.660411
72 45 0.667892
72 25 0.720734
72 18 0.736985
72 15 0.740788
72 38 0.714878
72 19 0.756471
72 43 0.727891
72 37 0.736326
72 47 0.731008
72 41 0.736987
72 6 0.791282
72 49 0.808133
73 8 0.245810
73 10 0.297553
73 13 0.326535
73 12 0.381214
73 9 0.435239
73 0 0.467108
73 14 0.467031
73 31 0.272690
73 11 0.495627
73 5 0.522883
73 3 0.529332
73 29 0.339469
73 1 0.611087
73 16 0.581430
73 28 0.481909
73 7 0.668088
73 30 0.458044
73 21 0.623965
73 4 0.714305
73 32 0.468476
73 17 0.689780
73 2 0.742651
73 33 0.483841
73 25 0.618022
73 18 0.699896
73 26 0.645620
73 44 0.325075
73 20 0.819037
73 15 0.873656
73 36 0.616085
73 6 0.922798
73 27 0.797256
73 23 0.827735
73 42 0.453355
73 35 0.718401
73 50 0.464050
73 19 1.000054
73 43 0.558217
73 22 0.976465
73 24 0.972914
73 39 0.579281
73 45 0.581077
73 48 0.582764
73 34 0.871782
73 41 0.651944
73 37 0.658900
73 40 0.667670
73 46 0.680038
73 49 0.693809
73 38 0.700808
73 47 0.710963
74 11 0.245471
74 9 0.267712
74 8 0.295213
74 14 0.255311
74 10 0.317137
74 12 0.347109
74 16 0.370914
74 2 0.474612
74 13 0.417326
74 3 0.522463
74 5 0.525498
74 6 0.524207
74 4 0.528692
74 0 0.536896
74 7 0.588277
74 18 0.480668
74 28 0.253532
74 1 0.625858
74 30 0.274691
74 15 0.595944
74 32 0.272572
74 33 0.267397
74 21 0.487142
74 31 0.369442
74 26 0.468416
74 19 0.671637
74 44 0.275119
74 27 0.501079
74 17 0.736515
74 29 0.468996
74 20 0.624639
74 25 0.561734
74 37 0.404784
74 34 0.442981
74 38 0.436522
74 22 0.636307
74 23 0.634023
74 43 0.415709
74 46 0.416275
74 24 0.656459
74 40 0.477284
74 42 0.425935
74 50 0.421231
74 47 0.457713
74 48 0.458879
74 39 0.533142
74 36 0.579389
74 49 0.574793
74 41 0.600639
74 45 0.590711
74 35 0.685984
75 12 0.286700
75 9 0.307017
75 5 0.498963
75 13 0.500120
75 33 0.505655
75 3 0.577268
75 11 0.586579
75 31 0.548005
75 1 0.700146
75 32 0.667250
75 17 0.725651
75 14 0.740303
75 10 0.767767
75 7 0.805331
75 29 0.777819
75 4 0.824920
75 15 0.812103
75 8 0.847667
75 44 0.761515
75 24 0.830261
75 16 0.859628
75 28 0.860224
75 41 0.833444
75 20 0.899705
75 30 0.875555
75 27 0.932232
75 37 0.914897
75 6 0.993114
75 43 0.907210
75 18 1.021761
75 45 0.954135
75 38 0.980949
75 2 1.094121
75 21 1.078668
75 39 1.029969
75 26 1.078941
75 0 1.137240
75 25 1.098509
75 42 1.048882
75 19 1.141499
75 36 1.093616
75 49 1.080587
75 47 1.088954
75 40 1.149091
75 34 1.174055
75 50 1.125065
75 35 1.180943
75 23 1.229892
75 48 1.148970
75 46 1.167940
75 22 1.281845
76 13 0.466232
76 12 0.504967
76 0 0.564440
76 11 0.525721
76 10 0.547924
76 6 0.564655
76 28 0.509891
76 5 0.645399
76 9 0.636917
76 7 0.642416
76 8 0.639002
76 3 0.674246
76 14 0.637210
76 2 0.700203
76 4 0.677886
76 1 0.750130
76 29 0.749075
76 30 0.745355
76 31 0.745020
76 32 0.741489
76 33 0.736696
76 17 0.850913
76 44 0.292703
76 23 0.876435
76 21 0.919513
76 16 0.988919
76 15 0.998255
76 22 0.992157
76 18 1.045400
76 34 0.975586
76 20 1.090742
76 26 1.095983
76 19 1.146936
76 24 1.135899
76 25 1.138288
76 40 0.659549
76 38 0.730798
76 35 1.041359
76 27 1.215072
76 37 0.854896
76 41 0.771882
76 45 0.736600
76 36 0.991737
76 39 0.808801
76 47 0.715347
76 42 0.806725
76 43 0.789822
76 46 0.751962
76 49 0.747512
76 50 0.774727
76 48 0.798219
77 10 0.274553
77 8 0.375746
77 11 0.313144
77 14 0.309224
77 9 0.398803
77 13 0.421358
77 12 0.441545
77 1 0.639371
77 3 0.644712
77 0 0.776363
77 29 0.301563
77 31 0.310022
77 5 0.794718
77 2 0.819024
77 7 0.793997
77 28 0.366670
77 4 0.870585
77 32 0.420151
77 33 0.439082
77 6 0.917668
77 17 0.796240
77 19 0.787069
77 15 0.836439
77 24 0.633749
77 37 0.508737
77 16 0.918369
77 30 0.603478
77 27 0.635174
77 35 0.577773
77 44 0.465191
77 21 0.888948
77 38 0.614030
77 23 0.774869
77 46 0.514218
77 25 0.750027
77 36 0.664778
77 20 1.029178
77 45 0.587262
77 22 0.917511
77 18 1.118275
77 42 0.668492
77 26 0.850296
77 47 0.672321
77 50 0.656186
77 41 0.762827
77 49 0.696174
77 34 0.883745
77 43 0.763731
77 40 0.796481
77 39 0.858093
77 48 0.813032
78 8 0.363953
78 32 0.377858
78 12 0.405723
78 31 0.405808
78 0 0.472809
78 30 0.526209
78 3 0.593648
78 5 0.611600
78 10 0.650710
78 20 0.651924
78 19 0.712149
78 14 0.723952
78 34 0.706494
78 22 0.719442
78 29 0.720047
78 43 0.720083
78 1 0.770695
78 4 0.777804
78 44 0.750199
78 33 0.770831
78 2 0.796622
78 27 0.798658
78 7 0.816462
78 26 0.824444
78 24 0.849919
78 9 0.870321
78 48 0.843726
78 37 0.872423
78 28 0.881001
78 25 0.900931
78 18 0.916273
78 11 0.930596
78 13 0.929772
78 36 0.923155
78 6 0.949101
78 42 0.920784
78 17 0.958834
78 50 0.972909
78 39 0.994120
78 41 1.013770
78 46 1.013763
78 21 1.041324
78 35 1.043239
78 16 1.068097
78 38 1.067925
78 49 1.078024
78 40 1.143640
78 45 1.168831
78 47 1.183633
78 15 1.226283
78 23 1.236864
79 31 0.407358
79 8 0.472730
79 24 0.619047
79 32 0.609162
79 27 0.636794
79 33 0.633543
79 1 0.683861
79 44 0.637280
79 2 0.732465
79 9 0.741588
79 12 0.754337
79 13 0.770960
79 11 0.776082
79 20 0.800551
79 23 0.794194
79 3 0.843044
79 5 0.860120
79 29 0.838785
79 7 0.886452
79 30 0.866593
79 18 0.890766
79 45 0.856294
79 41 0.866764
79 39 0.897711
79 10 0.944345
79 4 0.959792
79 19 0.949242
79 46 0.916275
79 17 0.972289
79 14 0.975703
79 6 0.981395
79 28 0.971828
79 36 0.981420
79 35 1.023917
79 43 1.018717
79 0 1.078814
79 22 1.064416
79 37 1.064536
79 15 1.108722
79 21 1.107387
79 40 1.082766
79 25 1.115307
79 47 1.099090
79 49 1.099073
79 42 1.126262
79 34 1.163378
79 26 1.191094
79 16 1.227855
79 38 1.196636
79 50 1.220406
79 48 1.239598
80 10 0.393847
80 11 0.442036
80 14 0.455434
80 9 0.536066
80 8 0.625378
80 4 0.721424
80 0 0.733317
80 1 0.744752
80 13 0.805236
80 31 0.796707
80 7 0.857311
80 44 0.826895
80 30 0.859561
80 12 0.890844
80 33 0.920754
80 40 0.920961
80 42 1.000846
80 5 1.056454
80 32 1.050751
80 28 1.068492
80 6 1.089280
80 29 1.069880
80 25 1.097419
80 38 1.123621
80 36 1.127635
80 46 1.208547
80 17 1.244545
80 27 1.251942
80 35 1.250114
80 3 1.281196
80 37 1.268427
80 43 1.276284
80 16 1.327183
80 26 1.351113
80 2 1.377069
80 19 1.410630
80 20 1.409951
80 39 1.385854
80 24 1.443962
80 18 1.456607
80 48 1.432920
80 15 1.483252
80 23 1.511100
80 21 1.521739
80 50 1.501583
80 47 1.513654
80 22 1.551374
80 34 1.537470
80 41 1.540214
80 45 1.543456
80 49 1.650304
81 13 0.257964
81 11 0.299429
81 8 0.370266
81 10 0.394918
81 14 0.432914
81 3 0.454935
81 9 0.460734
81 12 0.453454
81 1 0.514454
81 0 0.584748
81 5 0.639195
81 7 0.711670
81 30 0.330340
81 28 0.371716
81 29 0.402133
81 15 0.759968
81 32 0.368382
81 31 0.424193
81 6 0.852831
81 33 0.389707
81 19 0.794768
81 18 0.814011
81 2 0.876627
81 17 0.863025
81 44 0.351666
81 4 0.924004
81 20 0.860636
81 16 0.913863
81 23 0.831044
81 26 0.763060
81 25 0.853275
81 24 0.889130
81 27 0.748261
81 22 0.985644
81 38 0.685329
81 21 1.056683
81 37 0.715679
81 35 0.721976
81 47 0.574281
81 45 0.655491
81 34 0.786284
81 42 0.754654
81 43 0.754148
81 46 0.740149
81 36 0.852578
81 50 0.676359
81 40 0.850825
81 41 0.848591
81 39 0.927281
81 49 0.774780
81 48 0.839276
82 30 0.399565
82 31 0.402626
82 10 0.481824
82 28 0.467194
82 29 0.542450
82 11 0.616323
82 13 0.629793
82 8 0.665512
82 6 0.680469
82 4 0.687610
82 12 0.745664
82 14 0.760539
82 32 0.731795
82 24 0.782525
82 0 0.824027
82 9 0.867222
82 3 0.873413
82 34 0.894769
82 47 0.881751
82 1 0.952146
82 18 0.935978
82 44 0.918827
82 23 0.944792
82 42 0.929346
82 45 0.933263
82 33 0.976735
82 22 1.028535
82 46 1.007761
82 36 1.041564
82 38 1.059350
82 40 1.084077
82 5 1.134472
82 19 1.130211
82 17 1.160029
82 2 1.190535
82 50 1.138100
82 7 1.216366
82 26 1.192901
82 35 1.196897
82 15 1.233471
82 20 1.235733
82 21 1.237629
82 27 1.244714
82 43 1.237599
82 16 1.295976
82 48 1.303023
82 39 1.354058
82 25 1.380422
82 41 1.367315
82 37 1.416090
82 49 1.408987
83 12 0.283223
83 11 0.325010
83 10 0.349177
83 13 0.374257
83 9 0.414556
83 3 0.490018
83 31 0.442069
83 14 0.499949
83 44 0.451905
83 0 0.546141
83 30 0.501013
83 7 0.573081
83 28 0.517808
83 5 0.588475
83 8 0.591978
83 1 0.610430
83 33 0.537294
83 4 0.706422
83 15 0.700966
83 32 0.703121
83 29 0.731060
83 43 0.763321
83 16 0.841423
83 19 0.840330
83 27 0.827444
83 41 0.833616
83 49 0.839106
83 34 0.865220
83 2 0.947051
83 39 0.874759
83 40 0.897623
83 17 0.967960
83 25 0.952078
83 24 0.955609
83 36 0.966407
83 45 0.960789
83 18 1.010844
83 50 0.955666
83 22 1.002355
83 38 0.985270
83 48 0.989554
83 21 1.045475
83 20 1.060821
83 42 1.040826
83 26 1.074769
83 47 1.044719
83 6 1.164051
83 23 1.120247
83 37 1.098034
83 46 1.104712
83 35 1.120107
84 9 0.405030
84 11 0.417589
84 30 0.427784
84 12 0.479810
84 32 0.616125
84 31 0.738788
84 10 0.780225
84 13 0.785364
84 28 0.782448
84 1 0.827802
84 6 0.842015
84 44 0.806357
84 3 0.857704
84 29 0.829698
84 8 0.872528
84 33 0.882264
84 38 0.884943
84 14 0.931089
84 47 0.917019
84 0 0.971085
84 5 0.980413
84 7 0.989189
84 22 0.999880
84 2 1.021759
84 48 0.980527
84 26 1.021854
84 25 1.033807
84 23 1.046796
84 27 1.043767
84 41 1.041468
84 46 1.049810
84 49 1.051817
84 24 1.098785
84 17 1.108554
84 39 1.090668
84 19 1.140668
84 34 1.143172
84 35 1.156250
84 43 1.161405
84 15 1.210005
84 20 1.219992
84 21 1.231003
84 45 1.205260
84 42 1.232568
84 36 1.257965
84 50 1.257388
84 37 1.272536
84 4 1.326658
84 16 1.319391
84 40 1.294096
84 18 1.347585
85 11 0.416787
85 13 0.422870
85 3 0.430768
85 9 0.427134
85 30 0.522200
85 1 0.548187
85 29 0.588513
85 33 0.622041
85 5 0.659914
85 27 0.656718
85 28 0.687620
85 24 0.714847
85 7 0.735480
85 31 0.724529
85 17 0.823820
85 12 0.856400
85 44 0.824643
85 22 0.857059
85 8 0.878688
85 2 0.897541
85 34 0.879566
85 14 0.913176
85 6 0.930090
85 45 0.903645
85 37 0.914564
85 42 0.907689
85 10 0.941476
85 32 0.949460
85 41 0.969848
85 35 0.996594
85 43 0.995388
85 46 0.992019
85 36 1.033395
85 47 1.028314
85 40 1.037660
85 21 1.112313
85 23 1.125503
85 38 1.110906
85 19 1.130371
85 15 1.138562
85 50 1.117582
85 25 1.157132
85 4 1.189846
85 26 1.230715
85 0 1.294330
85 49 1.265111
85 48 1.271450
85 20 1.308556
85 39 1.298302
85 16 1.384546
85 18 1.397754
86 8 0.378247
86 9 0.377735
86 10 0.392802
86 11 0.441051
86 13 0.499480
86 30 0.553838
86 29 0.598093
86 14 0.687485
86 28 0.669354
86 12 0.712841
86 32 0.679026
86 44 0.681479
86 3 0.822986
86 31 0.793420
86 33 0.818021
86 1 0.893326
86 5 0.913661
86 0 0.937427
86 6 0.948482
86 20 0.937989
86 46 1.025427
86 7 1.101353
86 37 1.062110
86 36 1.118742
86 15 1.173485
86 4 1.193310
86 2 1.225567
86 21 1.226017
86 25 1.229527
86 45 1.210517
86 34 1.280961
86 35 1.292578
86 22 1.322455
86 24 1.336977
86 49 1.299911
86 27 1.347565
86 50 1.350541
86 19 1.424369
86 38 1.396865
86 48 1.386081
86 16 1.444105
86 41 1.414555
86 39 1.430906
86 47 1.426228
86 18 1.471350
86 23 1.476074
86 43 1.450278
86 42 1.456401
86 17 1.501219
86 40 1.475210
86 26 1.518042
87 8 0.336582
87 9 0.367104
87 10 0.379653
87 12 0.385369
87 13 0.387333
87 28 0.429025
87 30 0.510336
87 14 0.615238
87 32 0.660238
87 4 0.720036
87 0 0.744188
87 7 0.799435
87 31 0.752797
87 11 0.828008
87 33 0.784985
87 1 0.855050
87 3 0.848856
87 22 0.820178
87 29 0.810681
87 6 0.880917
87 5 0.903112
87 26 0.870392
87 38 0.896679
87 37 0.906598
87 44 0.887079
87 25 0.965853
87 15 1.013664
87 24 1.020897
87 27 1.034721
87 2 1.089864
87 21 1.053849
87 35 1.024882
87 34 1.063563
87 16 1.110722
87 36 1.084930
87 45 1.051380
87 40 1.100556
87 50 1.085454
87 46 1.110447
87 19 1.207065
87 18 1.225140
87 47 1.139885
87 42 1.165043
87 48 1.166463
87 41 1.203281
87 20 1.275288
87 39 1.260059
87 43 1.239411
87 49 1.226550
87 23 1.331590
87 17 1.372912
88 8 0.339129
88 10 0.327833
88 9 0.354143
88 12 0.333386
88 11 0.345302
88 13 0.356476
88 14 0.381124
88 5 0.695457
88 1 0.728276
88 4 0.702538
88 3 0.728471
88 2 0.729561
88 28 0.348458
88 0 0.780964
88 30 0.388463
88 32 0.419009
88 7 0.837493
88 31 0.470212
88 16 0.741719
88 6 0.915941
88 29 0.546568
88 15 0.819865
88 18 0.751431
88 33 0.552599
88 44 0.381903
88 19 0.977456
88 17 1.179744
88 20 1.073396
88 21 1.068896
88 26 1.050983
88 22 1.092072
88 40 0.881637
88 25 1.111880
88 23 1.120768
88 34 1.035950
88 27 1.144667
88 35 1.088038
88 24 1.185747
88 43 0.845586
88 42 0.884238
88 36 1.177127
88 50 0.861517
88 38 1.181838
88 39 1.199051
88 45 0.965937
88 37 1.246792
88 49 0.989244
88 47 1.024310
88 46 1.025183
88 41 1.060856
88 48 1.048078
89 8 0.488214
89 44 0.535082
89 14 0.597521
89 10 0.602356
89 30 0.748127
89 1 0.792245
89 11 0.814355
89 32 0.797407
89 5 0.939150
89 12 0.932980
89 29 0.912344
89 2 0.944835
89 4 0.943840
89 33 0.909432
89 9 0.940121
89 0 0.951370
89 28 0.986245
89 31 1.008558
89 6 1.045779
89 41 1.016114
89 40 1.107841
89 13 1.149586
89 3 1.180307
89 7 1.340205
89 22 1.332106
89 15 1.342767
89 36 1.373088
89 46 1.381996
89 42 1.393446
89 18 1.427874
89 34 1.427517
89 16 1.458925
89 19 1.462214
89 17 1.465695
89 26 1.495084
89 45 1.489502
89 39 1.524710
89 43 1.549901
89 37 1.562750
89 35 1.565729
89 50 1.553508
89 20 1.593257
89 25 1.592224
89 49 1.573412
89 38 1.596513
89 24 1.629028
89 27 1.647234
89 47 1.639773
89 21 1.682911
89 48 1.717575
89 23 1.758960
90 44 0.422226
90 11 0.486108
90 13 0.491277
90 32 0.472191
90 5 0.571073
90 33 0.577113
90 29 0.594156
90 3 0.636271
90 28 0.724028
90 9 0.789030
90 10 0.796133
90 36 0.770249
90 0 0.826241
90 45 0.823809
90 1 0.904898
90 2 0.915929
90 14 0.924956
90 17 0.957517
90 8 0.995017
90 30 0.996558
90 34 1.001589
90 25 1.014959
90 41 1.038661
90 12 1.085582
90 43 1.064963
90 47 1.072464
90 19 1.110002
90 18 1.121633
90 40 1.096161
90 16 1.136589
90 20 1.134138
90 7 1.153497
90 37 1.124290
90 31 1.132515
90 21 1.182768
90 38 1.189127
90 6 1.253208
90 22 1.250714
90 4 1.310193
90 27 1.294603
90 35 1.296131
90 26 1.346137
90 39 1.347420
90 24 1.374384
90 50 1.365675
90 23 1.416168
90 49 1.392438
90 46 1.406985
90 15 1.451996
90 42 1.475128
90 48 1.486885
91 14 0.435736
91 12 0.447183
91 10 0.462736
91 8 0.557966
91 30 0.539835
91 9 0.575902
91 31 0.637828
91 28 0.649352
91 44 0.665144
91 13 0.722975
91 2 0.819974
91 3 0.827086
91 29 0.842894
91 32 0.854297
91 33 0.880302
91 11 0.953040
91 5 0.971390
91 0 0.976462
91 46 0.976384
91 1 1.056687
91 38 1.031952
91 22 1.089305
91 6 1.122513
91 23 1.146381
91 4 1.193685
91 35 1.162236
91 37 1.188211
91 16 1.220258
91 20 1.256651
91 34 1.241074
91 15 1.265867
91 18 1.268361
91 7 1.297166
91 47 1.261489
91 17 1.298154
91 50 1.322202
91 21 1.397089
91 48 1.367567
91 24 1.404080
91 49 1.377054
91 19 1.411811
91 26 1.414230
91 42 1.414399
91 40 1.421080
91 41 1.421012
91 45 1.421988
91 43 1.424154
91 25 1.449380
91 36 1.442635
91 39 1.474948
91 27 1.545755
92 9 0.382476
92 8 0.453972
92 10 0.470331
92 11 0.596952
92 13 0.604989
92 12 0.647961
92 2 0.748469
92 3 0.779821
92 44 0.794461
92 14 0.855891
92 1 0.883524
92 30 0.870492
92 19 0.946943
92 6 0.957350
92 0 0.961726
92 29 0.935714
92 33 0.942444
92 5 0.993369
92 21 1.102034
92 28 1.094379
92 32 1.090256
92 31 1.091625
92 35 1.184303
92 40 1.204082
92 17 1.250534
92 4 1.277776
92 25 1.269701
92 18 1.287836
92 43 1.267726
92 37 1.299855
92 16 1.448946
92 42 1.426464
92 39 1.439600
92 50 1.440664
92 45 1.457877
92 26 1.488756
92 24 1.497122
92 34 1.508470
92 7 1.547085
92 27 1.538913
92 46 1.525259
92 49 1.537567
92 36 1.567165
92 41 1.604029
92 15 1.645268
92 22 1.646186
92 48 1.628084
92 38 1.654764
92 47 1.678725
92 23 1.748053
92 20 1.767524
93 14 0.479571
93 12 0.491490
93 13 0.556388
93 11 0.856128
93 4 0.942842
93 0 0.975243
93 44 0.935384
93 8 1.039773
93 7 1.053383
93 31 1.046635
93 28 1.102029
93 10 1.129735
93 2 1.148386
93 33 1.148692
93 5 1.173621
93 29 1.166531
93 3 1.201996
93 21 1.218529
93 41 1.199762
93 9 1.252031
93 19 1.258192
93 32 1.245336
93 30 1.276548
93 26 1.354994
93 42 1.356707
93 16 1.394174
93 6 1.432774
93 22 1.433315
93 46 1.465593
93 34 1.493426
93 48 1.489591
93 36 1.536756
93 20 1.561705
93 15 1.566877
93 37 1.573169
93 39 1.601136
93 47 1.605089
93 45 1.645127
93 43 1.658592
93 1 1.736497
93 38 1.712818
93 49 1.717215
93 25 1.786879
93 40 1.778807
93 18 1.803722
93 50 1.770321
93 24 1.807817
93 35 1.796913
93 17 1.863332
93 27 1.882058
93 23 1.995530
94 9 0.488026
94 10 0.500102
94 13 0.547182
94 11 0.548847
94 14 0.618980
94 44 0.704058
94 30 0.839435
94 5 0.863944
94 31 0.839355
94 28 0.866696
94 2 0.908113
94 3 0.919168
94 1 0.920645
94 8 0.929212
94 45 0.970976
94 32 0.998701
94 29 1.001920
94 27 1.005848
94 35 1.042630
94 33 1.044912
94 6 1.097079
94 4 1.129000
94 34 1.115225
94 7 1.155629
94 12 1.175735
94 0 1.195807
94 20 1.188797
94 40 1.223366
94 25 1.294977
94 24 1.297446
94 36 1.295675
94 23 1.321146
94 38 1.354573
94 43 1.365002
94 19 1.409108
94 17 1.410945
94 15 1.422752
94 42 1.417626
94 22 1.457985
94 18 1.470008
94 47 1.459817
94 21 1.498737
94 50 1.474860
94 16 1.533359
94 26 1.543790
94 39 1.542453
94 37 1.606110
94 46 1.601553
94 41 1.629807
94 49 1.630759
94 48 1.654380
95 9 0.420642
95 8 0.463501
95 10 0.476635
95 31 0.563014
95 30 0.675043
95 14 0.736329
95 0 0.769907
95 32 0.748154
95 28 0.780423
95 12 0.842893
95 13 0.866227
95 7 0.991761
95 2 0.995244
95 6 0.993237
95 3 0.996150
95 33 0.968674
95 29 0.974454
95 16 1.017217
95 18 1.016379
95 11 1.030907
95 5 1.065735
95 4 1.067428
95 44 1.123381
95 24 1.158221
95 40 1.147839
95 34 1.220539
95 27 1.244264
95 43 1.237833
95 42 1.253924
95 35 1.275317
95 23 1.298649
95 36 1.284031
95 20 1.304786
95 50 1.343668
95 38 1.358434
95 1 1.393520
95 25 1.401436
95 22 1.416767
95 17 1.422402
95 46 1.399696
95 41 1.411469
95 47 1.413272
95 37 1.437902
95 15 1.474463
95 19 1.476589
95 45 1.454503
95 39 1.471052
95 26 1.518206
95 21 1.540892
95 49 1.518802
95 48 1.536749
96 9 0.370701
96 14 0.369660
96 10 0.433735
96 11 0.404698
96 8 0.473246
96 12 0.469247
96 13 0.514314
96 5 0.668142
96 7 0.667203
96 0 0.736137
96 4 0.781127
96 1 0.791282
96 2 0.819262
96 6 0.826047
96 30 0.364805
96 28 0.385476
96 3 0.887693
96 15 0.838677
96 31 0.521951
96 29 0.557001
96 32 0.570080
96 33 0.582986
96 42 0.502624
96 17 1.037078
96 16 1.059531
96 20 1.036982
96 38 0.681345
96 18 1.094107
96 44 0.591307
96 36 0.808343
96 50 0.570214
96 19 1.228794
96 24 0.965469
96 26 0.951179
96 23 1.057773
96 47 0.679367
96 25 0.985163
96 35 0.931998
96 39 0.944654
96 45 0.736774
96 21 1.346351
96 43 0.900762
96 27 1.066564
96 22 1.244041
96 37 1.007465
96 40 0.981003
96 48 0.869288
96 34 1.117688
96 46 0.911943
96 41 1.094695
96 49 0.963333
97 9 0.424295
97 8 0.434745
97 3 0.558064
97 32 0.552027
97 0 0.821516
97 1 0.829192
97 13 0.822664
97 28 0.814334
97 29 0.813753
97 11 0.874298
97 19 0.885298
97 7 0.939542
97 5 0.948500
97 4 0.960355
97 44 0.945600
97 14 1.006619
97 33 0.983613
97 36 0.982440
97 39 0.981039
97 48 0.982538
97 21 1.023193
97 22 1.036492
97 12 1.047244
97 10 1.068832
97 6 1.081588
97 30 1.067745
97 46 1.055539
97 23 1.215533
97 31 1.204689
97 37 1.200198
97 24 1.218304
97 43 1.195798
97 42 1.196815
97 16 1.228349
97 20 1.223625
97 18 1.247718
97 2 1.266814
97 45 1.285549
97 40 1.303738
97 25 1.353864
97 34 1.350697
97 27 1.366192
97 17 1.389855
97 38 1.421130
97 35 1.440262
97 15 1.472725
97 47 1.436230
97 26 1.473727
97 41 1.468969
97 49 1.498564
97 50 1.564951
98 13 0.523636
98 11 0.564020
98 12 0.578842
98 3 0.751588
98 29 0.752299
98 10 0.826706
98 32 0.827600
98 31 0.844070
98 24 0.879227
98 14 0.949520
98 8 1.090543
98 2 1.109845
98 28 1.095839
98 34 1.161290
98 44 1.173027
98 27 1.353673
98 23 1.369154
98 22 1.370485
98 19 1.374995
98 43 1.334585
98 9 1.383342
98 30 1.354849
98 0 1.432599
98 35 1.459597
98 5 1.499621
98 1 1.502968
98 4 1.526505
98 42 1.494688
98 33 1.539529
98 36 1.575568
98 50 1.556927
98 39 1.602116
98 45 1.607940
98 21 1.689369
98 17 1.704964
98 38 1.690535
98 20 1.766257
98 26 1.762517
98 40 1.744125
98 6 1.811768
98 46 1.757308
98 47 1.860396
98 15 1.927990
98 7 1.933483
98 18 1.951993
98 25 1.945899
98 16 1.974428
98 37 1.996722
98 48 2.047122
98 41 2.088456
98 49 2.123925
99 9 0.533945
99 8 0.553911
99 29 0.672137
99 12 0.762801
99 28 0.784389
99 31 0.831038
99 33 0.845824
99 1 1.070735
99 3 1.086523
99 11 1.083840
99 0 1.124705
99 10 1.171390
99 5 1.175219
99 15 1.169497
99 43 1.137874
99 13 1.172096
99 44 1.138083
99 32 1.195608
99 50 1.221460
99 30 1.271681
99 2 1.314460
99 27 1.337395
99 14 1.351301
99 6 1.378187
99 20 1.368913
99 37 1.403979
99 46 1.395200
99 39 1.455618
99 35 1.460975
99 17 1.627968
99 19 1.627534
99 24 1.622343
99 47 1.594917
99 36 1.623341
99 38 1.622258
99 49 1.622836
99 21 1.699131
99 45 1.670793
99 7 1.747207
99 4 1.771978
99 40 1.756885
99 41 1.756687
99 42 1.766597
99 23 1.853637
99 48 1.845993
99 26 1.884784
99 16 1.897163
99 34 1.906322
99 25 1.930057
99 22 1.948035
99 18 1.971329
100 12 0.489264
100 13 0.489105
100 28 0.439881
100 10 0.494217
100 11 0.507031
100 9 0.586507
100 8 0.587874
100 3 0.603045
100 5 0.633209
100 31 0.579091
100 0 0.668032
100 1 0.707460
100 30 0.652241
100 32 0.644306
100 2 0.774433
100 14 0.779925
100 29 0.806161
100 33 0.789942
100 44 0.396702
100 19 0.892013
100 4 0.966551
100 7 0.979239
100 25 0.965776
100 21 1.014937
100 17 1.085487
100 27 1.153145
100 22 1.199224
100 50 0.685164
100 15 1.267377
100 42 0.948108
100 26 1.317188
100 36 1.247373
100 40 1.057788
100 18 1.346139
100 39 1.064420
100 23 1.373163
100 48 0.851623
100 24 1.389653
100 20 1.408844
100 38 1.335835
100 16 1.458642
100 6 1.478014
100 35 1.383880
100 41 1.136875
100 45 1.034595
100 34 1.456791
100 43 1.112283
100 47 0.978373
100 49 0.988903
100 37 1.516080
100 46 1.209665
101 14 0.464420
101 9 0.482040
101 29 0.581080
101 44 0.563794
101 11 0.601889
101 0 0.626857
101 10 0.693989
101 13 0.787991
101 4 0.816140
101 2 0.838165
101 42 0.884885
101 20 0.930368
101 6 0.965614
101 3 0.968339
101 31 0.943394
101 15 1.004977
101 32 1.006318
101 8 1.068001
101 5 1.071019
101 17 1.064624
101 33 1.061926
101 30 1.084692
101 12 1.106572
101 36 1.079817
101 40 1.093090
101 28 1.135981
101 39 1.121823
101 47 1.139938
101 24 1.177966
101 45 1.164220
101 18 1.275221
101 22 1.271454
101 1 1.327739
101 27 1.332901
101 26 1.352466
101 48 1.338915
101 35 1.370620
101 19 1.404442
101 23 1.410168
101 46 1.381602
101 50 1.378244
101 38 1.487325
101 37 1.488405
101 49 1.475886
101 16 1.526252
101 7 1.554429
101 25 1.539242
101 43 1.516318
101 41 1.539085
101 34 1.570024
101 21 1.598263
102 10 0.406650
102 13 0.418146
102 9 0.444499
102 30 0.481764
102 8 0.574206
102 33 0.571161
102 32 0.671740
102 1 0.721079
102 11 0.718915
102 31 0.695670
102 28 0.710440
102 3 0.766099
102 12 0.758258
102 44 0.758711
102 14 0.796859
102 5 0.827278
102 0 0.845439
102 29 0.853805
102 4 0.915049
102 37 1.014538
102 16 1.075048
102 36 1.059263
102 7 1.114074
102 17 1.114676
102 2 1.144536
102 45 1.125211
102 19 1.177014
102 43 1.175466
102 34 1.193623
102 18 1.225384
102 26 1.223227
102 46 1.218483
102 25 1.250520
102 15 1.276606
102 40 1.271607
102 35 1.283022
102 6 1.319181
102 50 1.279217
102 22 1.322631
102 27 1.316879
102 24 1.332203
102 42 1.316256
102 39 1.320068
102 49 1.307154
102 23 1.340357
102 41 1.319597
102 20 1.357992
102 47 1.348760
102 48 1.353288
102 21 1.387066
102 38 1.387742
103 12 0.415909
103 8 0.433238
103 11 0.457820
103 28 0.543049
103 10 0.601684
103 9 0.654194
103 30 0.634624
103 33 0.763569
103 1 0.794070
103 14 0.786702
103 4 0.793945
103 36 0.769480
103 13 0.834171
103 5 0.865556
103 29 0.879853
103 32 0.910857
103 0 1.036182
103 45 1.010226
103 19 1.043485
103 2 1.134782
103 44 1.115870
103 43 1.118989
103 31 1.160370
103 42 1.148887
103 6 1.206513
103 20 1.215659
103 7 1.288114
103 16 1.358900
103 39 1.351926
103 37 1.374212
103 3 1.428755
103 21 1.447807
103 41 1.424193
103 18 1.467232
103 15 1.511724
103 27 1.514785
103 24 1.556267
103 40 1.547855
103 46 1.539841
103 26 1.585686
103 35 1.586548
103 48 1.568943
103 25 1.598799
103 23 1.611836
103 38 1.593522
103 34 1.610523
103 47 1.605419
103 49 1.603888
103 17 1.644084
103 22 1.650396
103 50 1.665046
104 9 0.383492
104 10 0.411519
104 11 0.456468
104 12 0.515242
104 14 0.523959
104 29 0.538681
104 30 0.605627
104 32 0.732098
104 4 0.808761
104 8 0.811136
104 5 0.815597
104 3 0.916914
104 31 0.905133
104 44 0.916150
104 1 0.984280
104 28 0.935523
104 33 0.930029
104 6 0.983642
104 16 0.987350
104 36 1.050974
104 43 1.060438
104 18 1.103609
104 23 1.095794
104 38 1.114717
104 15 1.160195
104 41 1.122708
104 13 1.180677
104 39 1.143899
104 48 1.163624
104 47 1.194472
104 7 1.274618
104 21 1.279092
104 42 1.287230
104 45 1.289677
104 2 1.357409
104 0 1.368450
104 24 1.327314
104 35 1.321329
104 49 1.307524
104 17 1.371044
104 19 1.373010
104 40 1.363299
104 34 1.373732
104 50 1.366446
104 22 1.397175
104 25 1.432170
104 27 1.446698
104 26 1.459697
104 46 1.447063
104 20 1.482925
104 37 1.500202
105 9 0.368918
105 12 0.356070
105 10 0.379738
105 13 0.410030
105 11 0.425768
105 8 0.465894
105 14 0.505209
105 0 0.688805
105 6 0.754441
105 30 0.431890
105 32 0.368944
105 5 0.849068
105 4 0.884260
105 3 0.897283
105 28 0.475387
105 1 0.907254
105 31 0.445459
105 7 0.910022
105 29 0.555413
105 15 0.956876
105 2 1.024093
105 44 0.462998
105 18 1.069450
105 33 0.701599
105 17 1.156478
105 16 1.179362
105 23 1.186579
105 22 1.194202
105 40 0.759822
105 20 1.257657
105 24 1.236721
105 19 1.352959
105 36 0.931851
105 21 1.385262
105 27 1.091251
105 45 0.840237
105 35 1.018246
105 34 1.037935
105 25 1.277750
105 43 0.949401
105 37 1.098695
105 42 1.003878
105 47 0.918376
105 38 1.108758
105 26 1.341768
105 39 1.131658
105 46 1.029364
105 41 1.143153
105 48 1.056802
105 50 1.024035
105 49 1.045845
106 13 0.585021
106 33 0.612842
106 11 0.734209
106 29 0.724154
106 9 0.757135
106 31 0.818629
106 44 0.830984
106 12 0.877660
106 28 0.860881
106 14 0.888760
106 5 0.954121
106 32 0.951523
106 8 1.095115
106 1 1.109972
106 10 1.107046
106 30 1.145218
106 21 1.172778
106 43 1.161174
106 3 1.217333
106 35 1.198869
106 46 1.188346
106 45 1.189810
106 36 1.274097
106 15 1.299447
106 19 1.307927
106 27 1.322415
106 17 1.377450
106 16 1.395131
106 26 1.393042
106 34 1.416894
106 37 1.446157
106 0 1.490530
106 18 1.479287
106 7 1.495697
106 4 1.526318
106 25 1.523540
106 50 1.495699
106 40 1.514872
106 47 1.508865
106 20 1.548166
106 42 1.576660
106 41 1.596162
106 48 1.597762
106 38 1.618102
106 2 1.674790
106 39 1.646240
106 49 1.664158
106 6 1.736726
106 23 1.744026
106 22 1.752028
106 24 1.761803
107 12 0.452182
107 8 0.467825
107 44 0.516411
107 14 0.646682
107 32 0.648116
107 31 0.660710
107 2 0.702573
107 13 0.710937
107 0 0.765152
107 10 0.837220
107 30 0.834525
107 33 0.883356
107 28 0.903135
107 1 0.963228
107 29 1.041775
107 11 1.160797
107 6 1.164720
107 40 1.143229
107 26 1.193168
107 23 1.238140
107 24 1.263342
107 27 1.278213
107 9 1.317166
107 45 1.298601
107 36 1.338276
107 42 1.344783
107 5 1.416178
107 34 1.426374
107 50 1.424861
107 16 1.484865
107 4 1.492836
107 22 1.504561
107 41 1.478210
107 21 1.533213
107 38 1.526336
107 3 1.559272
107 18 1.551776
107 48 1.534176
107 35 1.563481
107 43 1.559255
107 39 1.659011
107 47 1.646774
107 20 1.683192
107 49 1.655733
107 25 1.695197
107 19 1.707264
107 37 1.696026
107 7 1.763661
107 46 1.730041
107 15 1.827174
107 17 1.921964
108 13 0.475504
108 10 0.495244
108 11 0.564037
108 9 0.609248
108 28 0.607426
108 8 0.879887
108 44 0.853549
108 5 0.921381
108 32 0.976278
108 31 0.986237
108 7 1.030992
108 12 1.073277
108 29 1.069321
108 4 1.113483
108 33 1.162406
108 2 1.212856
108 14 1.207744
108 0 1.224116
108 26 1.293327
108 30 1.304179
108 24 1.397999
108 43 1.377314
108 1 1.454824
108 18 1.437621
108 20 1.535673
108 41 1.603469
108 15 1.648964
108 25 1.646340
108 40 1.656288
108 3 1.726646
108 37 1.693755
108 36 1.723610
108 19 1.750456
108 23 1.778521
108 49 1.750249
108 35 1.795421
108 34 1.849578
108 46 1.843967
108 45 1.845198
108 27 1.876180
108 48 1.872479
108 17 1.910518
108 16 1.941070
108 39 1.922946
108 22 1.962732
108 21 2.013497
108 6 2.045861
108 42 2.048259
108 38 2.123276
108 50 2.119071
108 47 2.205444
109 8 0.472627
109 12 0.515489
109 14 0.585190
109 10 0.599955
109 9 0.672799
109 28 0.660044
109 32 0.769392
109 44 0.765179
109 31 0.789848
109 2 0.876366
109 0 0.894694
109 11 0.931419
109 6 0.945795
109 29 0.935895
109 30 0.954918
109 13 0.976741
109 18 1.026903
109 34 1.084033
109 33 1.116464
109 4 1.155501
109 40 1.136411
109 24 1.163221
109 16 1.188939
109 23 1.191200
109 3 1.246661
109 43 1.223449
109 41 1.278902
109 38 1.281881
109 50 1.277084
109 5 1.355039
109 36 1.361650
109 21 1.394093
109 42 1.400354
109 39 1.418480
109 22 1.436932
109 48 1.410356
109 1 1.465957
109 7 1.460184
109 15 1.458849
109 20 1.461391
109 46 1.440862
109 27 1.476550
109 26 1.505268
109 35 1.500317
109 45 1.500997
109 37 1.513998
109 17 1.540956
109 25 1.548953
109 19 1.554826
109 47 1.532289
109 49 1.541354
110 11 0.447317
110 9 0.588576
110 8 0.661994
110 29 0.736874
110 31 0.760521
110 12 0.801618
110 32 0.814715
110 30 0.830387
110 13 0.946432
110 3 0.965866
110 14 0.988632
110 7 1.008295
110 10 1.047617
110 44 1.034186
110 43 1.047489
110 17 1.136655
110 0 1.159728
110 28 1.158855
110 1 1.217416
110 41 1.210288
110 33 1.236984
110 50 1.260551
110 6 1.302624
110 38 1.291405
110 4 1.323016
110 47 1.335294
110 5 1.416309
110 21 1.406360
110 24 1.466258
110 2 1.514120
110 46 1.482210
110 39 1.507731
110 42 1.504507
110 16 1.569503
110 37 1.555699
110 15 1.600705
110 25 1.600693
110 45 1.588725
110 34 1.600230
110 19 1.625165
110 36 1.614280
110 40 1.619343
110 35 1.624746
110 20 1.642713
110 18 1.678406
110 22 1.706248
110 49 1.715247
110 48 1.733897
110 26 1.768323
110 27 1.814036
110 23 1.921134
111 10 0.417556
111 13 0.509650
111 9 0.610373
111 8 0.636575
111 44 0.599139
111 14 0.641048
111 2 0.682383
111 12 0.682127
111 30 0.695324
111 5 0.753107
111 28 0.763786
111 17 0.788086
111 0 0.811156
111 4 0.838343
111 32 0.821037
111 3 0.888551
111 18 0.891518
111 22 0.938709
111 11 0.956397
111 42 0.918038
111 27 0.954061
111 34 0.960325
111 20 0.997458
111 36 0.999860
111 31 1.012711
111 33 1.030235
111 29 1.048507
111 16 1.113404
111 7 1.141414
111 15 1.144302
111 6 1.157577
111 26 1.156344
111 38 1.145165
111 41 1.140660
111 19 1.186593
111 43 1.160705
111 25 1.215983
111 21 1.221544
111 23 1.236944
111 37 1.229405
111 1 1.275193
111 50 1.226295
111 48 1.252773
111 24 1.288465
111 40 1.276154
111 47 1.281321
111 35 1.296685
111 45 1.316604
111 46 1.321457
111 39 1.339919
111 49 1.383526
112 8 0.574796
112 12 0.607526
112 9 0.825917
112 30 0.886398
112 1 0.947945
112 14 0.991025
112 0 1.026349
112 3 1.059281
112 2 1.091090
112 29 1.089801
112 47 1.080494
112 34 1.158677
112 5 1.212226
112 44 1.190281
112 33 1.207539
112 7 1.293287
112 10 1.317900
112 11 1.444705
112 28 1.428501
112 32 1.423803
112 13 1.471647
112 31 1.477379
112 6 1.502590
112 4 1.522996
112 22 1.526168
112 15 1.533079
112 45 1.495567
112 24 1.541620
112 16 1.579582
112 25 1.589924
112 23 1.611202
112 36 1.619006
112 38 1.729312
112 27 1.747167
112 42 1.743857
112 40 1.780840
112 50 1.783349
112 18 1.828656
112 43 1.807660
112 35 1.846696
112 17 1.882060
112 39 1.944912
112 26 1.966595
112 41 1.945633
112 20 1.975767
112 37 1.952943
112 48 1.948037
112 21 1.997697
112 46 2.022654
112 49 2.031730
112 19 2.091271
113 10 0.514853
113 12 0.558243
113 8 0.601031
113 32 0.646968
113 44 0.634963
113 11 0.710366
113 30 0.711473
113 14 0.801328
113 28 0.805574
113 0 0.914841
113 2 0.920082
113 31 0.893245
113 29 1.033890
113 9 1.088406
113 16 1.129308
113 18 1.127588
113 4 1.161342
113 1 1.221210
113 6 1.228981
113 13 1.263820
113 21 1.258816
113 35 1.269553
113 3 1.320817
113 26 1.288869
113 42 1.327994
113 33 1.374355
113 37 1.381333
113 45 1.439666
113 43 1.459158
113 40 1.470008
113 20 1.519235
113 50 1.514239
113 34 1.537179
113 36 1.541411
113 46 1.551907
113 39 1.564954
113 19 1.610506
113 7 1.645416
113 22 1.627762
113 24 1.629922
113 15 1.667655
113 41 1.641545
113 38 1.645673
113 5 1.687556
113 49 1.668915
113 48 1.689156
113 17 1.761337
113 23 1.763077
113 25 1.797362
113 47 1.842970
113 27 1.915352
114 8 0.413695
114 10 0.457373
114 11 0.497116
114 9 0.514256
114 12 0.702439
114 0 0.747151
114 30 0.765737
114 44 0.791632
114 29 0.859178
114 2 1.004876
114 14 0.991096
114 33 0.985983
114 32 0.998643
114 4 1.072861
114 3 1.125550
114 28 1.086006
114 40 1.226125
114 31 1.280225
114 13 1.361698
114 39 1.330207
114 25 1.352794
114 24 1.414069
114 16 1.431275
114 45 1.447997
114 34 1.467365
114 20 1.493623
114 1 1.544268
114 48 1.509377
114 6 1.595509
114 43 1.584758
114 37 1.592353
114 19 1.632408
114 50 1.661514
114 26 1.728612
114 5 1.788258
114 15 1.769742
114 7 1.794891
114 22 1.762129
114 18 1.770078
114 42 1.761296
114 47 1.766798
114 36 1.802101
114 46 1.814168
114 27 1.853298
114 49 1.842197
114 41 1.852728
114 35 1.879553
114 21 1.966212
114 38 1.952495
114 17 2.017416
114 23 2.126532
115 11 0.433414
115 12 0.513556
115 8 0.527302
115 30 0.532303
115 10 0.550836
115 9 0.577767
115 28 0.569515
115 13 0.597808
115 45 0.598118
115 29 0.634358
115 31 0.652649
115 32 0.796681
115 3 0.836338
115 33 0.811523
115 44 0.814123
115 43 0.816877
115 19 0.843380
115 4 0.878320
115 14 0.911343
115 39 0.935656
115 18 0.996840
115 1 1.032956
115 37 1.024274
115 21 1.061627
115 38 1.070295
115 5 1.100025
115 26 1.117744
115 42 1.133785
115 15 1.173995
115 7 1.183988
115 48 1.159963
115 49 1.161572
115 24 1.189197
115 22 1.201153
115 36 1.200439
115 27 1.219358
115 40 1.250581
115 16 1.287615
115 25 1.279222
115 17 1.288718
115 0 1.306568
115 34 1.301379
115 47 1.288983
115 50 1.308512
115 20 1.357838
115 2 1.370570
115 41 1.337548
115 6 1.393228
115 23 1.388090
115 46 1.364376
115 35 1.429622
116 14 0.485788
116 31 0.551806
116 8 0.592863
116 29 0.592905
116 12 0.626589
116 9 0.672760
116 32 0.685701
116 2 0.827918
116 13 0.835476
116 10 0.868785
116 30 0.882778
116 1 0.927017
116 4 0.941254
116 7 1.048811
116 11 1.057977
116 25 1.053112
116 44 1.054309
116 3 1.240384
116 0 1.243655
116 6 1.240576
116 28 1.222500
116 33 1.217570
116 38 1.229348
116 36 1.234486
116 18 1.294189
116 16 1.332500
116 40 1.318883
116 26 1.337192
116 22 1.398801
116 20 1.438147
116 35 1.508400
116 37 1.505987
116 47 1.505962
116 34 1.548435
116 23 1.576660
116 42 1.556699
116 43 1.555497
116 15 1.588086
116 5 1.613702
116 50 1.566377
116 27 1.620477
116 41 1.635608
116 46 1.640675
116 45 1.642963
116 19 1.675345
116 17 1.677935
116 21 1.684193
116 39 1.674244
116 49 1.702693
116 24 1.789097
116 48 1.774023
117 13 0.562088
117 9 0.715769
117 10 0.715681
117 29 0.976727
117 3 1.023224
117 0 1.060782
117 44 1.015110
117 1 1.083652
117 5 1.129294
117 4 1.157504
117 11 1.178632
117 25 1.189609
117 32 1.202433
117 12 1.238679
117 8 1.283779
117 26 1.267990
117 23 1.271922
117 15 1.323796
117 45 1.286194
117 7 1.351009
117 28 1.331247
117 24 1.474479
117 30 1.467120
117 35 1.462949
117 22 1.480655
117 31 1.468903
117 14 1.490873
117 33 1.467911
117 50 1.488850
117 46 1.528572
117 18 1.608642
117 43 1.577989
117 6 1.620513
117 21 1.623541
117 20 1.653145
117 37 1.723777
117 19 1.785975
117 27 1.841661
117 40 1.854649
117 34 1.875090
117 2 1.908983
117 47 1.885696
117 42 1.893845
117 17 1.942918
117 38 1.931525
117 49 1.932666
117 39 1.960051
117 16 1.990756
117 41 1.994695
117 48 2.079608
117 36 2.098449
118 12 0.517913
118 10 0.549927
118 11 0.579689
118 8 0.599500
118 44 0.622610
118 30 0.667779
118 9 0.702438
118 32 0.680737
118 29 0.685087
118 28 0.698567
118 13 0.847673
118 4 0.971041
118 0 0.994906
118 33 1.080899
118 2 1.135127
118 14 1.128406
118 31 1.219978
118 40 1.366100
118 3 1.422897
118 38 1.390011
118 1 1.476121
118 18 1.499966
118 19 1.544457
118 21 1.559233
118 6 1.572659
118 43 1.534855
118 26 1.606454
118 16 1.665679
118 39 1.659525
118 50 1.659284
118 22 1.712746
118 35 1.698419
118 15 1.720816
118 7 1.740935
118 17 1.749902
118 45 1.715807
118 48 1.726071
118 5 1.773722
118 34 1.748763
118 24 1.847562
118 20 1.852836
118 42 1.826936
118 49 1.842055
118 37 1.871368
118 36 1.873814
118 46 1.898062
118 25 1.939135
118 27 1.959787
118 41 1.955279
118 47 1.946664
118 23 2.079222
119 10 0.464381
119 44 0.667616
119 33 0.765164
119 12 0.802824
119 30 0.792780
119 8 0.816618
119 14 0.821311
119 32 0.810966
119 0 0.910122
119 29 0.897541
119 7 1.021000
119 5 1.032243
119 11 1.042036
119 9 1.052795
119 13 1.167415
119 28 1.163754
119 2 1.207293
119 45 1.168576
119 4 1.233936
119 6 1.242584
119 1 1.245998
119 31 1.221212
119 37 1.245669
119 41 1.300448
119 3 1.346398
119 35 1.319631
119 39 1.324063
119 27 1.382155
119 48 1.498343
119 34 1.606365
119 15 1.657946
119 49 1.643687
119 17 1.701488
119 40 1.684687
119 46 1.705965
119 21 1.786653
119 26 1.791095
119 19 1.804122
119 36 1.792615
119 42 1.791793
119 18 1.828200
119 20 1.859456
119 43 1.841218
119 22 1.892432
119 47 1.870704
119 16 1.910130
119 50 1.880720
119 25 1.914423
119 38 1.911743
119 23 1.934230
119 24 1.988193
120 11 0.613987
120 8 0.646073
120 10 0.687737
120 13 0.716772
120 28 0.886189
120 9 1.070937
120 0 1.160405
120 1 1.189188
120 4 1.369469
120 30 1.328315
120 31 1.363741
120 19 1.395344
120 40 1.420594
120 24 1.473619
120 2 1.674169
120 29 1.632219
120 32 1.630263
120 26 1.641036
120 22 1.652809
120 14 1.668508
120 5 1.757092
120 3 1.801472
120 12 1.793002
120 34 1.750480
120 38 1.744533
120 36 1.749076
120 33 1.786429
120 7 1.869762
120 18 1.862039
120 27 1.898169
120 44 1.896763
120 15 1.957865
120 42 1.904703
120 21 1.980831
120 46 2.022410
120 35 2.063350
120 6 2.222170
120 41 2.181680
120 16 2.257465
120 49 2.189840
120 20 2.290991
120 23 2.284659
120 17 2.300552
120 47 2.256072
120 50 2.254347
120 25 2.321144
120 43 2.311725
120 45 2.302747
120 37 2.341704
120 48 2.342906
120 39 2.399283
