21 3 0.116710
21 2 0.118807
21 4 0.155002
21 1 0.182496
21 0 0.185870
21 5 0.164434
21 7 0.097239
21 6 0.125396
21 8 0.135292
21 9 0.114805
21 14 0.107530
21 11 0.127574
21 12 0.131656
21 10 0.140384
21 18 0.157190
21 16 0.190884
21 31 0.177386
21 29 0.195778
21 39 0.182298
21 25 0.210585
21 33 0.196542
21 21 0.222481
21 17 0.250990
21 15 0.253141
21 38 0.216725
21 13 0.256710
21 44 0.206485
21 41 0.209859
21 26 0.239640
21 28 0.237216
21 46 0.208026
21 30 0.233377
21 24 0.243913
21 43 0.211098
21 32 0.230184
21 47 0.208090
21 23 0.249525
21 42 0.219787
21 45 0.217641
21 19 0.264262
21 20 0.264307
21 27 0.251693
21 34 0.240602
21 48 0.220541
21 22 0.265808
21 35 0.243949
21 37 0.240614
21 40 0.238352
21 50 0.223629
21 49 0.231120
21 36 0.257775
22 0 0.089696
22 2 0.135507
22 1 0.152837
22 5 0.171983
22 12 0.162465
22 4 0.175898
22 3 0.180554
22 11 0.167388
22 9 0.173384
22 6 0.186711
22 10 0.251363
22 8 0.257129
22 32 0.237493
22 28 0.244076
22 44 0.228317
22 31 0.243343
22 14 0.285713
22 34 0.262913
22 24 0.276784
22 16 0.290748
22 20 0.284585
22 30 0.271387
22 38 0.263991
22 40 0.262769
22 18 0.289490
22 26 0.280339
22 33 0.271815
22 19 0.289739
22 7 0.304548
22 46 0.260520
22 45 0.262365
22 36 0.270789
22 22 0.288143
22 27 0.282350
22 47 0.259620
22 49 0.252455
22 43 0.266797
22 13 0.302853
22 39 0.270449
22 17 0.297938
22 15 0.301463
22 21 0.294855
22 50 0.258584
22 41 0.275867
22 48 0.263749
22 35 0.283346
22 29 0.291216
22 25 0.297157
22 23 0.301370
22 37 0.285079
22 42 0.281087
23 0 0.148484
23 6 0.146340
23 3 0.171614
23 5 0.190634
23 7 0.191196
23 4 0.195785
23 2 0.198469
23 9 0.215767
23 8 0.234417
23 12 0.259951
23 14 0.261038
23 29 0.245840
23 16 0.262974
23 15 0.264489
23 32 0.247374
23 28 0.252961
23 19 0.262839
23 42 0.238751
23 26 0.256334
23 13 0.269772
23 21 0.262028
23 31 0.252445
23 35 0.248410
23 11 0.274246
23 23 0.262555
23 20 0.265801
23 44 0.239804
23 30 0.255898
23 43 0.244031
23 18 0.270139
23 38 0.249460
23 27 0.261920
23 33 0.255083
23 10 0.279214
23 50 0.234366
23 24 0.266005
23 1 0.286637
23 46 0.241350
23 47 0.241380
23 39 0.253270
23 22 0.270896
23 34 0.258103
23 37 0.256825
23 36 0.259037
23 48 0.243630
23 49 0.243802
23 40 0.257504
23 25 0.273355
23 45 0.251702
23 17 0.286953
23 41 0.267027
24 3 0.121396
24 0 0.142869
24 4 0.142258
24 5 0.154266
24 1 0.169446
24 9 0.166678
24 10 0.169826
24 8 0.172948
24 7 0.179503
24 6 0.190522
24 13 0.229092
24 17 0.225897
24 14 0.229707
24 12 0.249962
24 20 0.243312
24 27 0.236377
24 28 0.235856
24 30 0.234004
24 33 0.231771
24 32 0.235151
24 25 0.242943
24 11 0.256652
24 39 0.228988
24 23 0.246852
24 44 0.225682
24 48 0.221829
24 15 0.256830
24 19 0.255306
24 2 0.269889
24 46 0.228162
24 24 0.252073
24 34 0.242226
24 38 0.239270
24 42 0.236405
24 37 0.242089
24 47 0.233456
24 50 0.230812
24 31 0.252083
24 26 0.257610
24 36 0.248342
24 22 0.263402
24 18 0.268131
24 49 0.235084
24 21 0.266351
24 29 0.258061
24 40 0.248952
24 45 0.243261
24 16 0.273528
24 41 0.250502
24 43 0.248818
24 35 0.259131
25 0 0.120931
25 3 0.138660
25 1 0.152052
25 4 0.161232
25 2 0.175043
25 6 0.172482
25 9 0.172634
25 8 0.173668
25 5 0.179768
25 13 0.232641
25 14 0.232534
25 11 0.241905
25 10 0.243309
25 12 0.242021
25 33 0.221043
25 29 0.226890
25 20 0.251902
25 7 0.271445
25 28 0.249013
25 30 0.245124
25 31 0.252995
25 19 0.270377
25 32 0.263106
25 42 0.251337
25 39 0.255977
25 16 0.282907
25 25 0.275773
25 41 0.257371
25 18 0.284244
25 50 0.248967
25 44 0.257013
25 21 0.282809
25 23 0.280457
25 40 0.261748
25 48 0.255311
25 36 0.268702
25 24 0.282563
25 43 0.262625
25 26 0.284686
25 34 0.277104
25 22 0.291662
25 17 0.303705
25 35 0.284612
25 45 0.274236
25 15 0.306681
25 38 0.284177
25 49 0.272284
25 47 0.277182
25 46 0.278125
25 37 0.287708
25 27 0.299091
26 0 0.105480
26 2 0.132926
26 3 0.132537
26 1 0.137469
26 5 0.155950
26 6 0.161190
26 9 0.159589
26 8 0.162299
26 4 0.170283
26 21 0.220028
26 12 0.228869
26 14 0.232897
26 29 0.224237
26 11 0.243078
26 28 0.230041
26 13 0.245605
26 17 0.244448
26 32 0.231011
26 20 0.244459
26 19 0.245955
26 7 0.257735
26 41 0.225412
26 31 0.239139
26 44 0.225946
26 23 0.248187
26 22 0.249392
26 38 0.233506
26 42 0.230934
26 25 0.250086
26 39 0.236458
26 15 0.261085
26 10 0.265676
26 16 0.261745
26 37 0.240848
26 34 0.244994
26 33 0.246349
26 30 0.252630
26 18 0.265506
26 49 0.232872
26 47 0.235212
26 27 0.257082
26 24 0.260885
26 50 0.234012
26 43 0.242487
26 26 0.261574
26 46 0.240003
26 48 0.239080
26 45 0.250400
26 40 0.257013
26 35 0.263654
26 36 0.263079
27 0 0.112958
27 3 0.123219
27 4 0.142583
27 5 0.164090
27 6 0.171512
27 1 0.177118
27 2 0.178897
27 11 0.174865
27 8 0.179025
27 7 0.187294
27 10 0.187544
27 21 0.229615
27 24 0.226702
27 22 0.233035
27 23 0.232288
27 42 0.212569
27 34 0.222973
27 47 0.208804
27 12 0.250187
27 14 0.248637
27 9 0.254347
27 13 0.253206
27 19 0.247323
27 18 0.249319
27 17 0.251067
27 33 0.233157
27 31 0.236300
27 28 0.240820
27 38 0.229022
27 26 0.243299
27 30 0.240116
27 50 0.216399
27 27 0.243654
27 16 0.256760
27 25 0.246420
27 29 0.245694
27 20 0.256078
27 32 0.243930
27 36 0.239192
27 44 0.229598
27 43 0.231245
27 15 0.268737
27 48 0.230204
27 37 0.245358
27 45 0.235854
27 40 0.242223
27 39 0.247794
27 35 0.252865
27 46 0.239612
27 41 0.247672
27 49 0.244588
28 2 0.114813
28 0 0.145730
28 1 0.161691
28 6 0.160690
28 3 0.165242
28 8 0.163558
28 5 0.192484
28 9 0.201825
28 10 0.201852
28 7 0.210630
28 4 0.213082
28 13 0.206721
28 11 0.210120
28 12 0.214825
28 14 0.212473
28 16 0.217258
28 19 0.217807
28 15 0.229568
28 17 0.225795
28 18 0.230241
28 20 0.242317
28 22 0.243411
28 24 0.251308
28 32 0.251600
28 30 0.256276
28 28 0.270582
28 42 0.194577
28 44 0.181604
28 26 0.281081
28 36 0.245635
28 40 0.220127
28 34 0.254426
28 46 0.194020
28 41 0.228202
28 23 0.303752
28 38 0.249764
28 21 0.313820
28 43 0.215396
28 27 0.300960
28 49 0.198943
28 37 0.262705
28 45 0.213682
28 47 0.214367
28 39 0.254016
28 29 0.304234
28 33 0.291225
28 50 0.220409
28 31 0.313852
28 35 0.291807
28 48 0.237403
28 25 0.343658
29 0 0.151248
29 1 0.169893
29 9 0.179276
29 3 0.187732
29 2 0.201262
29 7 0.218780
29 4 0.222120
29 5 0.226272
29 33 0.238656
29 14 0.261917
29 13 0.312236
29 31 0.293365
29 11 0.316869
29 43 0.284501
29 23 0.305803
29 37 0.291020
29 26 0.304487
29 22 0.309204
29 15 0.316712
29 8 0.323823
29 29 0.302359
29 19 0.312861
29 49 0.284443
29 17 0.317486
29 6 0.333359
29 32 0.310674
29 27 0.319529
29 30 0.315696
29 28 0.318426
29 21 0.326056
29 44 0.304924
29 41 0.307574
29 36 0.313524
29 39 0.311363
29 16 0.336736
29 45 0.308873
29 47 0.309163
29 10 0.349415
29 12 0.348570
29 20 0.339921
29 38 0.322291
29 34 0.327314
29 48 0.318287
29 42 0.326789
29 18 0.352831
29 40 0.334172
29 24 0.358856
29 46 0.337722
29 50 0.336786
29 35 0.352479
29 25 0.365216
30 2 0.139209
30 0 0.142714
30 1 0.153321
30 4 0.180293
30 9 0.177909
30 5 0.182744
30 10 0.182051
30 7 0.193332
30 6 0.194360
30 3 0.200754
30 13 0.274560
30 12 0.278200
30 8 0.281906
30 44 0.245311
30 20 0.275548
30 11 0.284350
30 14 0.282995
30 33 0.261997
30 16 0.281852
30 29 0.269188
30 31 0.267233
30 30 0.268710
30 32 0.267293
30 47 0.253172
30 28 0.275378
30 21 0.284036
30 24 0.283477
30 36 0.268719
30 34 0.271348
30 38 0.267549
30 18 0.291874
30 25 0.284734
30 50 0.256188
30 19 0.292090
30 37 0.271794
30 22 0.290072
30 23 0.289526
30 27 0.285408
30 39 0.274292
30 15 0.301975
30 40 0.282910
30 42 0.281389
30 26 0.302104
30 45 0.281522
30 46 0.281015
30 17 0.318194
30 43 0.289666
30 48 0.283677
30 49 0.283585
30 35 0.301193
30 41 0.298249
31 0 0.180649
31 8 0.179907
31 3 0.184065
31 4 0.188528
31 5 0.190312
31 1 0.214928
31 2 0.223736
31 7 0.220634
31 6 0.226999
31 19 0.231230
31 33 0.219047
31 20 0.241352
31 21 0.241832
31 9 0.255059
31 17 0.250184
31 24 0.248925
31 44 0.228003
31 10 0.264076
31 13 0.262368
31 27 0.259117
31 11 0.276619
31 26 0.261138
31 31 0.257535
31 22 0.269652
31 12 0.281274
31 47 0.244035
31 50 0.238080
31 14 0.281097
31 25 0.271208
31 46 0.249996
31 37 0.260363
31 38 0.260301
31 42 0.259320
31 32 0.272895
31 23 0.283187
31 28 0.278288
31 30 0.279609
31 39 0.269950
31 29 0.281724
31 35 0.275025
31 15 0.301533
31 41 0.274681
31 34 0.285885
31 48 0.273369
31 16 0.309766
31 18 0.308072
31 49 0.274083
31 45 0.285715
31 43 0.288188
31 40 0.297395
31 36 0.304240
32 0 0.168005
32 4 0.177799
32 9 0.180621
32 1 0.205963
32 5 0.208259
32 2 0.214016
32 7 0.215959
32 6 0.222814
32 3 0.228461
32 14 0.256748
32 10 0.260598
32 12 0.261317
32 33 0.244625
32 13 0.265638
32 31 0.247257
32 44 0.233830
32 28 0.252591
32 11 0.269440
32 30 0.261957
32 32 0.263153
32 29 0.272814
32 17 0.288255
32 35 0.270887
32 24 0.285611
32 27 0.282814
32 20 0.292435
32 23 0.291301
32 22 0.293087
32 43 0.270953
32 21 0.301827
32 18 0.304857
32 19 0.304418
32 8 0.314828
32 34 0.292719
32 25 0.305434
32 15 0.315954
32 39 0.292095
32 37 0.298163
32 36 0.301485
32 42 0.298417
32 45 0.296353
32 41 0.304270
32 40 0.305950
32 48 0.299716
32 38 0.310890
32 50 0.299003
32 16 0.336324
32 49 0.301336
32 47 0.304582
32 26 0.328318
32 46 0.307098
33 2 0.145766
33 0 0.159767
33 10 0.170331
33 8 0.181361
33 4 0.192377
33 3 0.204114
33 5 0.218204
33 7 0.219166
33 1 0.228743
33 30 0.240037
33 13 0.257242
33 12 0.258169
33 28 0.246299
33 11 0.270616
33 14 0.268659
33 15 0.278233
33 9 0.282837
33 31 0.262249
33 32 0.264568
33 29 0.267754
33 44 0.251616
33 33 0.264271
33 26 0.282753
33 19 0.293202
33 34 0.277550
33 21 0.295101
33 17 0.300999
33 18 0.306943
33 25 0.300038
33 16 0.308715
33 20 0.307494
33 47 0.285041
33 40 0.292372
33 24 0.314168
33 22 0.316206
33 35 0.303754
33 49 0.289852
33 23 0.321574
33 6 0.336703
33 43 0.300752
33 46 0.298960
33 36 0.309700
33 37 0.310352
33 27 0.322291
33 50 0.301622
33 39 0.315162
33 42 0.312516
33 45 0.312151
33 48 0.310170
33 38 0.321397
33 41 0.319400
34 0 0.148326
34 2 0.144590
34 1 0.165458
34 3 0.182546
34 4 0.183774
34 5 0.182965
34 6 0.184062
34 7 0.113300
34 8 0.107962
34 9 0.103888
34 11 0.100503
34 10 0.118146
34 14 0.106161
34 12 0.134894
34 15 0.130196
34 13 0.135832
34 17 0.130943
34 16 0.141520
34 18 0.143236
34 21 0.133197
34 19 0.154760
34 20 0.167346
34 22 0.152636
34 23 0.164264
34 31 0.103931
34 25 0.159524
34 24 0.172008
34 26 0.161945
34 29 0.135847
34 32 0.130067
34 33 0.164615
34 28 0.190907
34 34 0.185076
34 27 0.219243
34 44 0.145621
34 30 0.208340
34 46 0.142151
34 42 0.160222
34 45 0.146907
34 43 0.158585
34 37 0.188165
34 47 0.145523
34 36 0.191717
34 40 0.188581
34 39 0.190402
34 48 0.148494
34 41 0.179310
34 35 0.204162
34 38 0.202206
34 50 0.165392
34 49 0.184786
35 0 0.170898
35 2 0.209419
35 1 0.211728
35 4 0.223936
35 6 0.226532
35 3 0.244443
35 5 0.245441
35 8 0.240614
35 10 0.254936
35 14 0.287154
35 30 0.288081
35 28 0.315441
35 7 0.345149
35 11 0.339693
35 13 0.342288
35 12 0.346968
35 32 0.322930
35 34 0.322774
35 23 0.336765
35 39 0.318349
35 42 0.315613
35 40 0.318504
35 21 0.341476
35 16 0.351357
35 36 0.326019
35 33 0.330335
35 9 0.363938
35 47 0.322168
35 45 0.326776
35 18 0.359235
35 37 0.338128
35 31 0.347900
35 38 0.340628
35 20 0.366091
35 50 0.336559
35 35 0.355014
35 44 0.345604
35 17 0.387459
35 19 0.383777
35 46 0.355440
35 29 0.375605
35 22 0.386603
35 26 0.400717
35 49 0.375388
35 24 0.406146
35 48 0.380811
35 27 0.405427
35 43 0.387664
35 15 0.425523
35 25 0.414317
35 41 0.399930
36 0 0.149173
36 1 0.150796
36 2 0.224276
36 3 0.246752
36 7 0.247673
36 12 0.280407
36 28 0.280571
36 19 0.305059
36 21 0.303872
36 14 0.312707
36 9 0.332170
36 34 0.324834
36 13 0.369500
36 24 0.359096
36 10 0.374992
36 6 0.379607
36 29 0.357515
36 8 0.379059
36 5 0.381842
36 4 0.383315
36 31 0.357303
36 32 0.356733
36 22 0.372706
36 47 0.342495
36 15 0.382417
36 26 0.369401
36 11 0.387860
36 38 0.357873
36 42 0.354121
36 44 0.351125
36 30 0.370392
36 50 0.343257
36 37 0.362647
36 46 0.352223
36 33 0.371407
36 41 0.363830
36 18 0.391165
36 27 0.381359
36 20 0.389906
36 25 0.383893
36 43 0.368741
36 39 0.375038
36 49 0.361649
36 16 0.406430
36 45 0.372297
36 17 0.407677
36 40 0.382064
36 23 0.402970
36 36 0.389112
36 35 0.392798
36 48 0.377175
37 0 0.167929
37 2 0.194762
37 1 0.203236
37 13 0.141759
37 8 0.209083
37 9 0.216035
37 12 0.153805
37 5 0.248852
37 7 0.223118
37 11 0.166680
37 3 0.262479
37 6 0.251737
37 4 0.286455
37 14 0.183488
37 10 0.204197
37 20 0.192771
37 17 0.207335
37 16 0.221224
37 15 0.245050
37 18 0.241347
37 19 0.251595
37 22 0.228413
37 24 0.225050
37 25 0.275114
37 28 0.217038
37 31 0.206556
37 26 0.230218
37 21 0.301842
37 23 0.296102
37 33 0.216661
37 30 0.218356
37 29 0.232666
37 44 0.192000
37 27 0.259334
37 32 0.251736
37 36 0.245434
37 46 0.215803
37 34 0.265684
37 40 0.251285
37 37 0.256051
37 38 0.260394
37 35 0.283584
37 43 0.254138
37 39 0.281515
37 45 0.259707
37 42 0.280800
37 47 0.252451
37 48 0.245921
37 50 0.243226
37 41 0.306475
37 49 0.266572
38 29 0.209984
38 1 0.238169
38 28 0.211455
38 13 0.228008
38 11 0.232501
38 8 0.235527
38 0 0.243651
38 9 0.254312
38 32 0.235064
38 3 0.269015
38 30 0.245560
38 18 0.262920
38 12 0.275033
38 10 0.285768
38 16 0.282833
38 14 0.288660
38 5 0.301699
38 25 0.288804
38 7 0.312503
38 4 0.323902
38 17 0.312269
38 22 0.306977
38 26 0.304438
38 21 0.315642
38 19 0.325848
38 2 0.343837
38 20 0.328233
38 6 0.348603
38 23 0.333905
38 24 0.334368
38 27 0.334056
38 15 0.363348
38 31 0.375363
38 44 0.169741
38 34 0.280663
38 33 0.300721
38 40 0.221409
38 43 0.220037
38 35 0.315930
38 47 0.222531
38 38 0.313523
38 39 0.309215
38 36 0.320651
38 48 0.227624
38 37 0.318393
38 49 0.232659
38 41 0.252084
38 45 0.238123
38 46 0.241006
38 42 0.260435
38 50 0.244530
39 0 0.186540
39 5 0.183160
39 3 0.210419
39 9 0.224912
39 10 0.238896
39 4 0.267252
39 33 0.241022
39 8 0.279657
39 20 0.269925
39 1 0.289572
39 32 0.270038
39 44 0.257307
39 17 0.295182
39 2 0.310982
39 29 0.286388
39 19 0.300385
39 6 0.314039
39 21 0.311566
39 12 0.320797
39 30 0.302020
39 11 0.322969
39 28 0.306001
39 13 0.322962
39 31 0.303398
39 23 0.314196
39 39 0.296363
39 7 0.334112
39 24 0.317826
39 40 0.300933
39 22 0.324014
39 14 0.335332
39 45 0.301344
39 48 0.300683
39 26 0.334117
39 34 0.327622
39 36 0.329701
39 37 0.332022
39 16 0.358194
39 43 0.326085
39 18 0.357242
39 27 0.349284
39 46 0.328056
39 41 0.342430
39 38 0.348915
39 42 0.346791
39 25 0.367011
39 35 0.356906
39 15 0.384763
39 50 0.346718
39 49 0.353045
39 47 0.370605
40 3 0.176289
40 0 0.187528
40 6 0.200527
40 10 0.206249
40 4 0.223139
40 5 0.235967
40 2 0.241661
40 8 0.280412
40 1 0.288499
40 13 0.287961
40 17 0.286540
40 21 0.286653
40 33 0.275495
40 11 0.298654
40 30 0.300021
40 12 0.318838
40 16 0.315749
40 31 0.300099
40 9 0.322407
40 28 0.304298
40 34 0.296830
40 19 0.315123
40 14 0.325702
40 23 0.318132
40 18 0.323072
40 44 0.293616
40 22 0.323220
40 38 0.304294
40 29 0.318704
40 7 0.348255
40 24 0.335300
40 32 0.340056
40 36 0.343562
40 26 0.357263
40 20 0.363521
40 37 0.344559
40 50 0.332520
40 43 0.346289
40 49 0.339544
40 40 0.353471
40 41 0.358786
40 45 0.355231
40 47 0.353178
40 25 0.382766
40 48 0.358088
40 46 0.366654
40 15 0.405299
40 42 0.374332
40 35 0.383218
40 39 0.384252
40 27 0.400315
41 0 0.248110
41 1 0.274853
41 6 0.271443
41 4 0.277291
41 8 0.285996
41 14 0.282022
41 12 0.283972
41 2 0.293584
41 5 0.291849
41 11 0.291870
41 30 0.274111
41 9 0.294431
41 33 0.278398
41 16 0.320170
41 10 0.325374
41 13 0.323568
41 18 0.320790
41 44 0.285835
41 31 0.315807
41 43 0.298852
41 3 0.346903
41 28 0.327076
41 32 0.322554
41 29 0.328797
41 20 0.345881
41 17 0.349544
41 35 0.332442
41 24 0.362072
41 42 0.335402
41 40 0.343549
41 22 0.365813
41 45 0.335526
41 25 0.365410
41 7 0.384084
41 39 0.352112
41 48 0.338100
41 19 0.379479
41 46 0.346341
41 37 0.364271
41 21 0.385083
41 23 0.393988
41 34 0.382077
41 47 0.364058
41 27 0.394077
41 38 0.384356
41 26 0.400109
41 15 0.410840
41 36 0.391090
41 50 0.371285
41 49 0.380468
41 41 0.390746
42 0 0.225688
42 10 0.220987
42 3 0.239652
42 34 0.234332
42 9 0.265193
42 5 0.282071
42 1 0.286904
42 8 0.290208
42 4 0.293459
42 6 0.293751
42 31 0.281393
42 13 0.318250
42 33 0.294303
42 39 0.303207
42 29 0.314790
42 21 0.327145
42 35 0.308459
42 2 0.356698
42 37 0.319979
42 48 0.310899
42 14 0.349647
42 17 0.347382
42 20 0.344796
42 30 0.331103
42 23 0.347062
42 49 0.316918
42 12 0.362868
42 25 0.353023
42 50 0.325835
42 15 0.366315
42 46 0.334742
42 42 0.338580
42 28 0.356283
42 41 0.341508
42 44 0.341017
42 32 0.354809
42 43 0.348306
42 27 0.367028
42 22 0.380064
42 11 0.392130
42 24 0.400481
42 19 0.407272
42 47 0.377602
42 7 0.423577
42 38 0.395292
42 26 0.413940
42 18 0.424583
42 16 0.429457
42 40 0.406065
42 36 0.411772
42 45 0.405729
43 8 0.209548
43 3 0.337857
43 0 0.341077
43 5 0.336650
43 12 0.330004
43 11 0.331019
43 28 0.313209
43 31 0.318193
43 2 0.345185
43 1 0.354195
43 29 0.324106
43 4 0.353469
43 9 0.363405
43 44 0.329594
43 7 0.390431
43 38 0.364840
43 30 0.374454
43 14 0.396369
43 10 0.407469
43 47 0.374751
43 13 0.419000
43 16 0.415896
43 41 0.393461
43 39 0.399771
43 18 0.425407
43 17 0.429763
43 32 0.418050
43 43 0.406509
43 42 0.418885
43 33 0.428863
43 6 0.473876
43 45 0.433473
43 35 0.449874
43 48 0.449165
43 24 0.482021
43 50 0.452242
43 46 0.465111
43 15 0.505191
43 21 0.499011
43 22 0.503503
43 49 0.472963
43 19 0.510849
43 40 0.488231
43 27 0.504559
43 36 0.498491
43 26 0.514598
43 20 0.529750
43 34 0.515521
43 23 0.532509
43 37 0.519218
43 25 0.533322
44 9 0.171785
44 8 0.186377
44 0 0.212514
44 1 0.287704
44 2 0.293041
44 13 0.299323
44 3 0.307556
44 31 0.280381
44 4 0.315753
44 32 0.288005
44 11 0.312398
44 10 0.325908
44 44 0.302442
44 14 0.339048
44 29 0.327513
44 5 0.352249
44 12 0.353646
44 33 0.383214
44 15 0.413434
44 7 0.420812
44 18 0.411998
44 46 0.397253
44 28 0.416713
44 30 0.414952
44 17 0.442784
44 45 0.420648
44 37 0.429277
44 27 0.447533
44 39 0.439529
44 49 0.429236
44 21 0.460857
44 24 0.467292
44 43 0.447164
44 47 0.451327
44 36 0.468811
44 38 0.476852
44 48 0.470533
44 23 0.502991
44 25 0.507409
44 41 0.489738
44 34 0.506419
44 19 0.530799
44 35 0.512635
44 6 0.548793
44 42 0.513582
44 40 0.516388
44 16 0.552843
44 50 0.515342
44 20 0.554517
44 26 0.556614
44 22 0.574875
45 8 0.173707
45 0 0.263733
45 12 0.182464
45 10 0.197864
45 9 0.204019
45 11 0.198447
45 13 0.200702
45 14 0.207280
45 3 0.272332
45 1 0.300609
45 4 0.294629
45 6 0.295741
45 7 0.322623
45 2 0.364788
45 5 0.411912
45 28 0.212732
45 15 0.458172
45 16 0.419208
45 20 0.303120
45 44 0.239288
45 33 0.269531
45 18 0.352053
45 30 0.308354
45 23 0.355766
45 24 0.354781
45 19 0.395286
45 17 0.478568
45 27 0.368336
45 32 0.359470
45 29 0.369724
45 46 0.330117
45 21 0.395717
45 31 0.386646
45 41 0.381386
45 42 0.381116
45 37 0.419751
45 38 0.421895
45 49 0.413309
45 35 0.448351
45 45 0.426964
45 22 0.485744
45 36 0.451524
45 48 0.432491
45 25 0.490133
45 34 0.476547
45 47 0.452698
45 39 0.474581
45 50 0.457754
45 26 0.516987
45 43 0.476753
45 40 0.490047
46 10 0.241764
46 9 0.246406
46 28 0.273043
46 6 0.296211
46 5 0.297422
46 12 0.299113
46 30 0.287705
46 8 0.311634
46 13 0.316498
46 2 0.332375
46 14 0.326717
46 4 0.334624
46 1 0.337536
46 0 0.338951
46 11 0.360853
46 3 0.367551
46 32 0.342759
46 31 0.345187
46 29 0.347839
46 33 0.352304
46 7 0.387556
46 44 0.352461
46 38 0.372928
46 37 0.428624
46 47 0.430372
46 17 0.466153
46 20 0.471397
46 49 0.442353
46 19 0.473471
46 25 0.468462
46 42 0.452885
46 16 0.481079
46 15 0.482297
46 34 0.462284
46 18 0.481254
46 21 0.484565
46 41 0.467658
46 39 0.470169
46 26 0.491010
46 24 0.494672
46 46 0.471699
46 35 0.483734
46 36 0.482856
46 43 0.481999
46 40 0.488594
46 45 0.484918
46 23 0.513592
46 50 0.489102
46 48 0.493156
46 27 0.536371
46 22 0.541579
47 9 0.164287
47 8 0.187740
47 10 0.179272
47 11 0.175087
47 4 0.216812
47 0 0.268293
47 2 0.273625
47 12 0.191487
47 14 0.126852
47 1 0.299012
47 5 0.293976
47 13 0.192790
47 3 0.304861
47 7 0.302445
47 6 0.372171
47 22 0.223320
47 28 0.203425
47 16 0.297393
47 23 0.247439
47 20 0.286708
47 30 0.202666
47 18 0.297197
47 32 0.203653
47 15 0.320253
47 27 0.233133
47 24 0.266096
47 17 0.320368
47 29 0.237106
47 19 0.314642
47 31 0.224680
47 33 0.234008
47 25 0.299640
47 21 0.336011
47 26 0.310227
47 35 0.266676
47 44 0.152284
47 39 0.295527
47 34 0.328887
47 41 0.263089
47 36 0.342994
47 37 0.344931
47 40 0.315046
47 49 0.174506
47 48 0.198231
47 45 0.230544
47 43 0.266767
47 38 0.392182
47 46 0.231638
47 42 0.319526
47 47 0.245375
47 50 0.261891
48 9 0.300299
48 2 0.312408
48 0 0.323343
48 13 0.315030
48 10 0.327836
48 3 0.342192
48 7 0.340017
48 1 0.347901
48 14 0.350817
48 28 0.336502
48 44 0.319529
48 8 0.371129
48 32 0.346367
48 31 0.357960
48 29 0.398744
48 4 0.423309
48 5 0.432021
48 11 0.437008
48 17 0.434802
48 6 0.447443
48 33 0.423602
48 35 0.433574
48 20 0.455673
48 25 0.450359
48 12 0.465119
48 30 0.448185
48 23 0.470275
48 18 0.498019
48 37 0.482302
48 46 0.480699
48 19 0.552721
48 24 0.546655
48 47 0.521663
48 34 0.537729
48 15 0.564744
48 27 0.556103
48 50 0.533250
48 38 0.553115
48 26 0.567387
48 36 0.564748
48 45 0.557650
48 48 0.554915
48 16 0.593385
48 22 0.589023
48 49 0.563827
48 40 0.573556
48 43 0.573830
48 42 0.575096
48 41 0.595000
48 39 0.601579
48 21 0.636063
49 8 0.194871
49 1 0.237582
49 2 0.267662
49 10 0.203996
49 0 0.272104
49 9 0.238994
49 4 0.276394
49 12 0.154321
49 3 0.309615
49 11 0.207515
49 5 0.315989
49 14 0.141856
49 6 0.336391
49 7 0.341378
49 13 0.186464
49 31 0.204245
49 28 0.229828
49 16 0.293204
49 29 0.243958
49 15 0.339125
49 33 0.291315
49 44 0.249556
49 20 0.328938
49 18 0.355142
49 26 0.362448
49 19 0.377183
49 22 0.375800
49 17 0.415874
49 25 0.374068
49 24 0.379087
49 30 0.395112
49 32 0.397859
49 23 0.414790
49 40 0.362310
49 39 0.394275
49 38 0.412736
49 42 0.401479
49 36 0.433524
49 43 0.414594
49 21 0.477841
49 34 0.459139
49 46 0.426094
49 37 0.454584
49 35 0.477573
49 27 0.504531
49 47 0.451852
49 49 0.472742
49 41 0.491357
49 48 0.482210
49 45 0.492439
49 50 0.491148
50 9 0.203802
50 10 0.253216
50 30 0.290908
50 12 0.317759
50 29 0.308386
50 8 0.336681
50 4 0.346515
50 2 0.351101
50 14 0.349714
50 44 0.337969
50 31 0.361047
50 11 0.379862
50 13 0.379113
50 33 0.360691
50 5 0.387214
50 1 0.423916
50 32 0.398367
50 28 0.402688
50 0 0.431903
50 45 0.403611
50 21 0.440328
50 18 0.444809
50 22 0.442397
50 34 0.441796
50 23 0.453501
50 43 0.441408
50 3 0.483175
50 36 0.456503
50 40 0.454245
50 17 0.489884
50 6 0.507264
50 15 0.506676
50 7 0.513020
50 42 0.481854
50 38 0.492129
50 19 0.514487
50 20 0.520815
50 27 0.519172
50 50 0.499077
50 41 0.511213
50 49 0.508831
50 25 0.540013
50 24 0.541690
50 16 0.553325
50 26 0.552578
50 37 0.546672
50 46 0.538910
50 35 0.556505
50 47 0.546472
50 39 0.567104
50 48 0.560162
51 8 0.197022
51 11 0.188389
51 9 0.231431
51 10 0.227227
51 5 0.295736
51 12 0.191651
51 1 0.302111
51 13 0.191996
51 0 0.330832
51 3 0.344878
51 2 0.372985
51 4 0.385636
51 7 0.397332
51 14 0.248236
51 6 0.421677
51 32 0.281298
51 28 0.315362
51 18 0.399582
51 22 0.382254
51 19 0.393508
51 44 0.323411
51 17 0.444798
51 30 0.369820
51 16 0.485599
51 37 0.394930
51 21 0.449611
51 23 0.444078
51 24 0.448429
51 31 0.422444
51 20 0.468717
51 29 0.433689
51 25 0.474936
51 33 0.465175
51 15 0.574810
51 42 0.468375
51 46 0.474570
51 40 0.496809
51 36 0.510231
51 39 0.515265
51 34 0.533689
51 38 0.535487
51 43 0.523267
51 35 0.543385
51 45 0.529230
51 50 0.516018
51 47 0.533813
51 48 0.530820
51 26 0.605766
51 27 0.608934
51 41 0.582417
51 49 0.579110
52 1 0.200492
52 6 0.211603
52 0 0.221896
52 4 0.228610
52 3 0.237339
52 10 0.160514
52 8 0.223757
52 7 0.239916
52 11 0.171628
52 2 0.262637
52 5 0.258776
52 9 0.212764
52 13 0.191781
52 12 0.208699
52 14 0.221222
52 29 0.224470
52 17 0.316547
52 22 0.282641
52 24 0.304482
52 19 0.343023
52 20 0.326424
52 33 0.274990
52 28 0.295967
52 30 0.286685
52 15 0.430587
52 18 0.349631
52 26 0.305125
52 31 0.301041
52 44 0.269326
52 32 0.301624
52 16 0.418488
52 25 0.343119
52 21 0.361437
52 23 0.354477
52 27 0.377218
52 47 0.334982
52 42 0.383408
52 40 0.393410
52 38 0.402985
52 37 0.410858
52 41 0.410873
52 45 0.400143
52 34 0.442022
52 49 0.402091
52 50 0.403598
52 36 0.449028
52 43 0.433771
52 46 0.424092
52 35 0.461720
52 48 0.425033
52 39 0.459340
53 9 0.287195
53 8 0.295805
53 28 0.290881
53 10 0.313003
53 12 0.312055
53 13 0.331243
53 0 0.346876
53 14 0.355698
53 1 0.393758
53 30 0.391970
53 2 0.459815
53 50 0.422588
53 44 0.431790
53 6 0.468115
53 32 0.450274
53 11 0.469381
53 29 0.460077
53 7 0.481983
53 4 0.488857
53 21 0.476085
53 25 0.473048
53 26 0.475336
53 16 0.489164
53 31 0.475029
53 24 0.484013
53 42 0.475075
53 18 0.502942
53 22 0.509373
53 33 0.501838
53 5 0.533909
53 47 0.495500
53 35 0.527512
53 34 0.533270
53 48 0.524211
53 19 0.556749
53 17 0.563428
53 36 0.544686
53 40 0.548424
53 43 0.548464
53 45 0.554099
53 3 0.596128
53 20 0.597074
53 46 0.582804
53 15 0.624564
53 27 0.618235
53 38 0.606933
53 41 0.604851
53 23 0.625255
53 49 0.605105
53 39 0.636437
53 37 0.641590
54 10 0.261077
54 9 0.263243
54 8 0.265953
54 2 0.296401
54 11 0.270131
54 3 0.294079
54 13 0.260057
54 14 0.325640
54 12 0.340148
54 1 0.373916
54 0 0.377360
54 4 0.373464
54 5 0.373661
54 7 0.396936
54 6 0.414541
54 15 0.393120
54 29 0.232128
54 17 0.399264
54 31 0.177012
54 28 0.298589
54 19 0.424895
54 30 0.203246
54 33 0.195121
54 16 0.454144
54 20 0.446606
54 21 0.509044
54 22 0.513711
54 25 0.508936
54 24 0.513082
54 32 0.308929
54 18 0.563138
54 23 0.532568
54 26 0.506620
54 44 0.243896
54 27 0.510249
54 36 0.395784
54 39 0.338309
54 46 0.325959
54 37 0.407272
54 40 0.355959
54 35 0.439213
54 42 0.367905
54 48 0.345360
54 47 0.353311
54 38 0.395829
54 43 0.391866
54 50 0.353719
54 45 0.407744
54 34 0.503113
54 49 0.388712
54 41 0.425187
55 1 0.312895
55 10 0.249945
55 8 0.252124
55 9 0.285932
55 12 0.274062
55 2 0.375359
55 0 0.388755
55 11 0.316982
55 4 0.402324
55 14 0.216983
55 13 0.263065
55 5 0.391399
55 3 0.453437
55 7 0.425603
55 6 0.498863
55 30 0.198499
55 16 0.316587
55 17 0.302554
55 33 0.210483
55 18 0.364664
55 15 0.414243
55 20 0.340575
55 29 0.283501
55 28 0.300757
55 32 0.302874
55 24 0.351407
55 23 0.398942
55 31 0.350938
55 19 0.442769
55 22 0.425344
55 44 0.315787
55 27 0.407165
55 25 0.427509
55 26 0.433631
55 21 0.493737
55 38 0.427239
55 34 0.447277
55 35 0.450701
55 47 0.353036
55 43 0.456694
55 36 0.506407
55 42 0.478520
55 40 0.502435
55 37 0.525473
55 46 0.458728
55 41 0.517342
55 45 0.494340
55 50 0.320242
55 48 0.332112
55 39 0.574753
55 49 0.343589
56 1 0.325606
56 3 0.322932
56 0 0.337617
56 8 0.187165
56 5 0.309134
56 2 0.366488
56 11 0.214551
56 10 0.217294
56 9 0.223567
56 13 0.216183
56 12 0.231877
56 4 0.420004
56 6 0.319847
56 7 0.335240
56 20 0.181672
56 14 0.336562
56 15 0.344797
56 17 0.316474
56 25 0.269078
56 19 0.344925
56 28 0.255869
56 24 0.290409
56 26 0.289658
56 31 0.265557
56 33 0.266779
56 27 0.304283
56 29 0.287292
56 16 0.473123
56 30 0.313463
56 22 0.376207
56 32 0.345596
56 44 0.336278
56 18 0.548686
56 23 0.435401
56 21 0.453717
56 43 0.404085
56 34 0.418078
56 37 0.419584
56 49 0.395266
56 41 0.421247
56 46 0.425210
56 47 0.429168
56 42 0.449570
56 36 0.468030
56 35 0.475422
56 45 0.452288
56 40 0.471075
56 39 0.475302
56 38 0.501698
56 48 0.481162
56 50 0.481879
57 8 0.254511
57 14 0.311904
57 29 0.305467
57 10 0.333979
57 11 0.338075
57 3 0.345424
57 13 0.360335
57 33 0.344665
57 44 0.357545
57 32 0.395439
57 12 0.425773
57 0 0.444658
57 4 0.442091
57 9 0.448669
57 7 0.455861
57 5 0.464914
57 28 0.444599
57 30 0.452701
57 31 0.451889
57 16 0.469155
57 43 0.457731
57 1 0.506284
57 2 0.529017
57 26 0.512749
57 22 0.525892
57 25 0.546102
57 6 0.573266
57 38 0.545646
57 36 0.548872
57 18 0.570689
57 17 0.596643
57 15 0.620471
57 40 0.602476
57 41 0.604918
57 34 0.615605
57 24 0.631017
57 48 0.621163
57 42 0.631219
57 45 0.646247
57 19 0.674191
57 39 0.656531
57 27 0.674518
57 50 0.650091
57 20 0.685811
57 49 0.655455
57 47 0.680891
57 23 0.710095
57 46 0.687435
57 35 0.708292
57 37 0.712609
57 21 0.747878
58 9 0.303823
58 8 0.362059
58 3 0.366089
58 28 0.349015
58 11 0.368437
58 2 0.378237
58 4 0.393823
58 5 0.404778
58 29 0.380893
58 0 0.422274
58 31 0.395948
58 1 0.431615
58 30 0.461463
58 13 0.485110
58 33 0.464381
58 10 0.526174
58 12 0.588075
58 14 0.586835
58 7 0.602448
58 44 0.557550
58 32 0.589297
58 20 0.607760
58 46 0.581656
58 6 0.634552
58 41 0.610165
58 16 0.655410
58 18 0.657706
58 23 0.684120
58 19 0.693991
58 34 0.680990
58 43 0.671834
58 47 0.669979
58 48 0.677818
58 42 0.685637
58 37 0.705081
58 45 0.694898
58 39 0.711119
58 15 0.747394
58 49 0.709343
58 38 0.731044
58 35 0.740026
58 22 0.758956
58 25 0.757899
58 24 0.770267
58 40 0.762756
58 26 0.785966
58 27 0.788774
58 17 0.803686
58 36 0.784460
58 21 0.823890
58 50 0.793653
59 8 0.199819
59 9 0.246971
59 4 0.373257
59 10 0.313708
59 12 0.318381
59 11 0.330468
59 5 0.398304
59 13 0.326877
59 14 0.325323
59 1 0.431219
59 3 0.410148
59 2 0.415675
59 0 0.471418
59 6 0.435012
59 30 0.308574
59 32 0.331358
59 33 0.319186
59 28 0.352694
59 16 0.421707
59 7 0.463681
59 17 0.424729
59 29 0.373567
59 31 0.382676
59 18 0.471779
59 20 0.541461
59 26 0.531193
59 15 0.583216
59 22 0.566286
59 21 0.580716
59 34 0.445550
59 44 0.214797
59 24 0.645599
59 23 0.662332
59 25 0.650770
59 27 0.640546
59 19 0.702912
59 35 0.490635
59 40 0.423246
59 36 0.526967
59 43 0.354870
59 37 0.487256
59 49 0.364791
59 39 0.478102
59 41 0.396021
59 42 0.399218
59 38 0.506693
59 45 0.393815
59 47 0.407013
59 48 0.407310
59 50 0.409827
59 46 0.432859
60 12 0.232851
60 10 0.259583
60 9 0.295866
60 3 0.339745
60 11 0.336696
60 14 0.309698
60 8 0.352687
60 5 0.392560
60 1 0.411181
60 0 0.418632
60 13 0.363335
60 2 0.456394
60 4 0.587670
60 7 0.557458
60 6 0.561737
60 15 0.519185
60 18 0.519852
60 23 0.504775
60 31 0.287439
60 29 0.336061
60 33 0.296232
60 20 0.563649
60 30 0.353127
60 17 0.584269
60 44 0.292968
60 16 0.589372
60 19 0.587531
60 22 0.602875
60 28 0.404155
60 32 0.388311
60 35 0.384361
60 21 0.668367
60 48 0.393856
60 45 0.409004
60 36 0.440266
60 39 0.457276
60 24 0.612283
60 40 0.499842
60 27 0.614623
60 26 0.620011
60 34 0.541116
60 38 0.554200
60 25 0.658788
60 50 0.529241
60 37 0.596141
60 43 0.597818
60 42 0.601723
60 41 0.610519
60 49 0.593801
60 47 0.604175
60 46 0.607201
61 10 0.255679
61 9 0.271525
61 11 0.289894
61 13 0.285011
61 12 0.324224
61 8 0.331559
61 4 0.403304
61 5 0.464293
61 0 0.487399
61 1 0.507913
61 7 0.533179
61 32 0.500466
61 3 0.571942
61 30 0.534602
61 15 0.572821
61 14 0.595686
61 18 0.583853
61 33 0.557124
61 29 0.571735
61 19 0.592469
61 2 0.659404
61 44 0.551608
61 28 0.610429
61 31 0.605967
61 40 0.645905
61 6 0.806655
61 20 0.780725
61 34 0.749897
61 21 0.790044
61 23 0.785575
61 37 0.776902
61 17 0.845653
61 43 0.771483
61 45 0.776060
61 27 0.846127
61 36 0.843283
61 47 0.810686
61 35 0.856257
61 24 0.888230
61 16 0.907850
61 41 0.837469
61 22 0.901618
61 25 0.896950
61 42 0.849488
61 48 0.843413
61 50 0.843671
61 26 0.925395
61 39 0.883442
61 49 0.864916
61 38 0.914855
61 46 0.897392
62 0 0.235511
62 1 0.243679
62 3 0.246678
62 5 0.265592
62 8 0.266408
62 10 0.186264
62 12 0.195093
62 11 0.203107
62 9 0.290210
62 14 0.178395
62 2 0.389326
62 7 0.369732
62 4 0.385257
62 13 0.231896
62 6 0.446462
62 32 0.305180
62 28 0.351589
62 16 0.495519
62 18 0.481654
62 21 0.468050
62 15 0.512825
62 30 0.357503
62 29 0.358532
62 20 0.481186
62 19 0.481728
62 44 0.308117
62 17 0.501369
62 31 0.365512
62 22 0.477514
62 23 0.467943
62 36 0.373696
62 33 0.397001
62 24 0.499856
62 34 0.444759
62 45 0.451912
62 27 0.538398
62 40 0.489666
62 37 0.510701
62 25 0.616914
62 26 0.607145
62 38 0.535641
62 48 0.496788
62 46 0.515143
62 43 0.533995
62 42 0.543420
62 50 0.489415
62 35 0.591014
62 47 0.558489
62 39 0.605449
62 41 0.604575
62 49 0.552529
63 9 0.214855
63 8 0.248587
63 10 0.262441
63 12 0.273998
63 5 0.316781
63 4 0.334748
63 13 0.289252
63 14 0.266774
63 3 0.346368
63 11 0.358671
63 7 0.385168
63 2 0.403972
63 0 0.421490
63 6 0.424543
63 1 0.476431
63 16 0.334070
63 33 0.175412
63 15 0.401041
63 32 0.271001
63 24 0.464745
63 23 0.494646
63 18 0.529059
63 26 0.443480
63 44 0.355419
63 17 0.542157
63 21 0.527299
63 27 0.453724
63 22 0.517296
63 20 0.541413
63 25 0.464731
63 28 0.450520
63 31 0.421524
63 35 0.400928
63 19 0.563413
63 29 0.454318
63 43 0.418521
63 30 0.463681
63 34 0.472058
63 40 0.484247
63 36 0.510056
63 42 0.510606
63 45 0.520662
63 47 0.525016
63 38 0.564791
63 37 0.570788
63 48 0.537611
63 41 0.570639
63 50 0.528840
63 39 0.591968
63 46 0.609243
63 49 0.605076
64 12 0.340072
64 9 0.353729
64 28 0.336900
64 10 0.372879
64 8 0.384482
64 11 0.396098
64 13 0.407149
64 1 0.444219
64 5 0.448557
64 14 0.452742
64 0 0.498636
64 29 0.472381
64 3 0.498429
64 44 0.481802
64 30 0.519733
64 32 0.519844
64 31 0.523440
64 33 0.521596
64 4 0.617299
64 22 0.656714
64 24 0.663062
64 36 0.663817
64 6 0.714281
64 38 0.703296
64 45 0.696234
64 15 0.733225
64 47 0.707079
64 34 0.751016
64 19 0.778520
64 35 0.769920
64 43 0.759919
64 25 0.784870
64 21 0.790934
64 26 0.791603
64 2 0.818974
64 40 0.785622
64 16 0.815122
64 7 0.822885
64 20 0.817804
64 17 0.824834
64 42 0.811210
64 48 0.809949
64 23 0.844799
64 27 0.848974
64 18 0.868663
64 39 0.848770
64 50 0.846358
64 46 0.853177
64 37 0.880728
64 41 0.876919
64 49 0.876080
65 3 0.283468
65 2 0.398047
65 0 0.459265
65 14 0.448547
65 1 0.489421
65 4 0.500100
65 44 0.470022
65 5 0.512788
65 28 0.489584
65 10 0.513706
65 25 0.518870
65 7 0.538572
65 8 0.541062
65 23 0.533320
65 12 0.546892
65 9 0.563084
65 50 0.519253
65 38 0.551698
65 13 0.601710
65 29 0.585845
65 31 0.592628
65 30 0.594419
65 6 0.627752
65 32 0.601505
65 11 0.640978
65 26 0.631883
65 34 0.623659
65 27 0.639682
65 18 0.664047
65 36 0.651878
65 35 0.654682
65 22 0.670049
65 16 0.701128
65 43 0.674129
65 37 0.681520
65 33 0.692251
65 47 0.682579
65 42 0.689487
65 39 0.698524
65 48 0.710267
65 20 0.762388
65 45 0.741943
65 19 0.771915
65 46 0.753804
65 15 0.793072
65 21 0.794758
65 41 0.772709
65 17 0.804401
65 24 0.797528
65 49 0.812136
65 40 0.861086
66 1 0.336504
66 9 0.350091
66 11 0.349335
66 13 0.353630
66 12 0.383138
66 31 0.384671
66 8 0.453195
66 0 0.510572
66 29 0.508197
66 28 0.523497
66 2 0.551012
66 14 0.540674
66 7 0.576006
66 33 0.541923
66 32 0.543300
66 35 0.542066
66 44 0.531160
66 10 0.599556
66 30 0.577362
66 3 0.612550
66 45 0.563962
66 6 0.627797
66 4 0.631450
66 41 0.603245
66 36 0.663813
66 19 0.691877
66 49 0.698337
66 15 0.751050
66 5 0.771535
66 26 0.777258
66 18 0.807096
66 43 0.779913
66 16 0.828101
66 20 0.841680
66 17 0.851498
66 42 0.816917
66 21 0.852642
66 27 0.852850
66 39 0.842522
66 22 0.869698
66 38 0.845890
66 37 0.856909
66 47 0.847660
66 23 0.895327
66 24 0.920856
66 25 0.923828
66 34 0.907874
66 40 0.899822
66 48 0.903198
66 46 0.919625
66 50 0.924412
67 32 0.346132
67 9 0.479188
67 1 0.485154
67 3 0.485100
67 33 0.457709
67 13 0.479217
67 11 0.514645
67 5 0.519841
67 12 0.543797
67 29 0.597580
67 7 0.620647
67 35 0.627227
67 8 0.687503
67 19 0.704416
67 40 0.687402
67 28 0.710417
67 41 0.694976
67 21 0.724742
67 17 0.741472
67 30 0.732774
67 47 0.722773
67 25 0.774848
67 15 0.792535
67 49 0.762041
67 31 0.787599
67 14 0.808473
67 44 0.776656
67 10 0.817871
67 39 0.791827
67 42 0.799622
67 26 0.819485
67 34 0.814801
67 38 0.811854
67 2 0.847037
67 45 0.804876
67 36 0.837902
67 48 0.854498
67 23 0.897245
67 18 0.907933
67 0 0.925894
67 22 0.921143
67 4 0.992147
67 43 0.960833
67 16 0.991229
67 37 0.986521
67 20 1.020300
67 46 0.996993
67 6 1.059718
67 50 1.018924
67 24 1.051316
67 27 1.086660
68 2 0.363100
68 8 0.246011
68 14 0.274898
68 0 0.448596
68 12 0.284222
68 11 0.289871
68 10 0.321526
68 9 0.332066
68 6 0.384061
68 1 0.487788
68 13 0.333711
68 4 0.434730
68 3 0.492490
68 22 0.385067
68 5 0.540270
68 20 0.436415
68 28 0.306060
68 24 0.496218
68 25 0.484389
68 7 0.630131
68 26 0.425135
68 44 0.268068
68 27 0.429638
68 21 0.570149
68 19 0.597091
68 17 0.631107
68 30 0.357236
68 15 0.638990
68 16 0.639620
68 35 0.362454
68 34 0.368947
68 31 0.373383
68 23 0.584980
68 29 0.456671
68 18 0.653414
68 32 0.392418
68 33 0.411709
68 50 0.370503
68 46 0.436529
68 45 0.460839
68 36 0.492410
68 47 0.466402
68 37 0.506655
68 38 0.505466
68 48 0.480411
68 42 0.506850
68 40 0.549117
68 39 0.566337
68 43 0.556931
68 41 0.602097
68 49 0.611778
69 8 0.275088
69 10 0.328004
69 7 0.345600
69 13 0.407631
69 9 0.414834
69 11 0.411824
69 14 0.481854
69 4 0.499552
69 17 0.497764
69 1 0.521246
69 6 0.523891
69 12 0.516174
69 3 0.531450
69 31 0.473075
69 5 0.564782
69 29 0.504408
69 33 0.526398
69 39 0.562169
69 15 0.674767
69 44 0.599297
69 30 0.651698
69 0 0.730821
69 19 0.703610
69 27 0.675269
69 36 0.669667
69 47 0.658058
69 41 0.674631
69 2 0.766308
69 23 0.742894
69 28 0.724527
69 32 0.748228
69 37 0.747298
69 45 0.736665
69 25 0.798223
69 43 0.753929
69 24 0.809094
69 42 0.771073
69 40 0.800385
69 34 0.814924
69 21 0.865405
69 48 0.794963
69 35 0.824503
69 49 0.823911
69 20 0.908507
69 50 0.839095
69 22 0.912763
69 18 0.922550
69 38 0.873507
69 46 0.862880
69 16 0.947058
69 26 0.915302
70 10 0.386108
70 9 0.403176
70 14 0.401598
70 11 0.415455
70 33 0.408515
70 6 0.511242
70 5 0.529442
70 29 0.507421
70 44 0.496504
70 12 0.560395
70 3 0.572179
70 36 0.548039
70 28 0.594698
70 4 0.631426
70 13 0.632698
70 1 0.645372
70 31 0.658630
70 0 0.705655
70 25 0.687630
70 8 0.713021
70 30 0.707346
70 45 0.687879
70 32 0.722023
70 15 0.757604
70 39 0.745532
70 7 0.812693
70 42 0.772355
70 21 0.815793
70 17 0.831644
70 50 0.796139
70 46 0.838735
70 2 0.898599
70 47 0.852763
70 16 0.904955
70 49 0.875822
70 20 0.952407
70 40 0.921100
70 27 0.950007
70 24 0.956307
70 37 0.942956
70 19 0.975101
70 43 0.939145
70 48 0.935977
70 26 0.979394
70 35 0.976622
70 41 0.969118
70 22 1.007076
70 34 0.985931
70 18 1.029201
70 38 1.003199
70 23 1.065760
71 10 0.369729
71 8 0.380252
71 12 0.368489
71 9 0.385775
71 14 0.372726
71 3 0.506680
71 2 0.515444
71 0 0.537700
71 11 0.516642
71 20 0.519613
71 13 0.563859
71 28 0.553250
71 30 0.601771
71 4 0.662186
71 15 0.651695
71 32 0.614199
71 21 0.654891
71 5 0.707624
71 6 0.706916
71 1 0.725051
71 18 0.689974
71 29 0.696261
71 44 0.623376
71 33 0.724063
71 19 0.809635
71 24 0.809377
71 16 0.825571
71 25 0.820663
71 38 0.760510
71 7 0.915881
71 31 0.866190
71 22 0.918128
71 50 0.609334
71 39 0.871672
71 46 0.645163
71 47 0.646001
71 34 0.909446
71 42 0.877960
71 17 1.016779
71 26 1.010762
71 43 0.887753
71 23 1.029999
71 36 0.928826
71 40 0.928010
71 37 0.937411
71 35 0.981930
71 45 0.858766
71 27 1.076091
71 48 0.729327
71 41 1.015901
71 49 0.779553
72 3 0.310390
72 8 0.383667
72 2 0.397380
72 0 0.399220
72 1 0.398991
72 6 0.516814
72 4 0.519187
72 20 0.495431
72 11 0.555204
72 30 0.482107
72 12 0.506461
72 9 0.516938
72 13 0.504783
72 14 0.539371
72 10 0.514571
72 5 0.597010
72 28 0.560515
72 44 0.537313
72 32 0.568529
72 16 0.592462
72 7 0.648391
72 15 0.630657
72 17 0.629662
72 24 0.624406
72 25 0.625488
72 18 0.646727
72 35 0.622111
72 38 0.624258
72 22 0.650513
72 40 0.613737
72 36 0.630450
72 31 0.670947
72 27 0.702201
72 42 0.676829
72 33 0.711273
72 48 0.681158
72 41 0.714342
72 34 0.734176
72 23 0.758950
72 29 0.751295
72 39 0.740852
72 43 0.764078
72 50 0.739784
72 26 0.821699
72 46 0.783665
72 37 0.820920
72 45 0.803623
72 47 0.807825
72 49 0.803505
72 19 0.876313
72 21 0.948341
73 9 0.423623
73 13 0.437511
73 10 0.449948
73 11 0.447683
73 8 0.521295
73 0 0.557065
73 2 0.561559
73 5 0.604623
73 1 0.618334
73 3 0.620344
73 12 0.699615
73 4 0.718906
73 14 0.698665
73 28 0.670147
73 7 0.750914
73 30 0.713378
73 44 0.629200
73 42 0.646110
73 31 0.724107
73 16 0.771670
73 32 0.761987
73 29 0.783268
73 17 0.813512
73 33 0.775466
73 36 0.779717
73 50 0.749354
73 15 0.922199
73 26 0.904102
73 20 0.932555
73 21 0.930946
73 6 0.994055
73 41 0.862358
73 35 0.937720
73 48 0.878795
73 19 1.006012
73 25 0.999468
73 27 1.019260
73 39 0.949734
73 45 0.926626
73 23 1.042672
73 18 1.054976
73 22 1.055004
73 34 1.031952
73 43 0.972436
73 40 0.987985
73 37 1.050140
73 49 0.975845
73 46 0.991267
73 24 1.103762
73 38 1.115264
73 47 1.051132
74 12 0.226514
74 10 0.248313
74 8 0.318375
74 11 0.330401
74 9 0.394777
74 13 0.434445
74 14 0.435743
74 2 0.505286
74 4 0.558502
74 18 0.510186
74 16 0.540890
74 0 0.625939
74 6 0.614636
74 7 0.643396
74 3 0.689029
74 30 0.520733
74 15 0.628247
74 28 0.576990
74 32 0.554008
74 29 0.610299
74 33 0.617519
74 22 0.727115
74 31 0.667767
74 19 0.785654
74 1 0.898977
74 5 0.926178
74 20 0.873146
74 44 0.546010
74 26 0.907997
74 43 0.642591
74 34 0.886033
74 25 0.993160
74 37 0.872782
74 46 0.656539
74 17 1.070249
74 42 0.730313
74 38 0.892937
74 27 1.051088
74 23 1.074126
74 21 1.096808
74 50 0.665631
74 47 0.719267
74 24 1.117623
74 39 0.972503
74 40 0.841821
74 36 1.030903
74 48 0.743648
74 35 1.078530
74 45 0.867175
74 41 0.934674
74 49 0.870932
75 9 0.315392
75 12 0.327238
75 8 0.376969
75 5 0.563105
75 1 0.569759
75 14 0.557405
75 31 0.508913
75 0 0.627742
75 3 0.625944
75 13 0.613913
75 10 0.618027
75 11 0.633409
75 29 0.607818
75 2 0.739016
75 28 0.657118
75 6 0.797335
75 33 0.698065
75 15 0.797019
75 32 0.769459
75 4 0.899765
75 30 0.824746
75 7 0.950244
75 23 0.935830
75 17 0.978525
75 44 0.518268
75 24 1.050687
75 25 1.067919
75 19 1.142026
75 22 1.147302
75 16 1.183317
75 27 1.140671
75 34 1.119559
75 20 1.220506
75 35 1.135883
75 26 1.238873
75 41 0.927206
75 18 1.298692
75 21 1.297108
75 36 1.220695
75 39 1.083920
75 46 0.912369
75 38 1.123802
75 40 1.129205
75 37 1.202364
75 49 0.940988
75 45 0.984841
75 48 1.000229
75 50 0.981975
75 42 1.068663
75 43 1.074581
75 47 1.038804
76 12 0.454022
76 9 0.491685
76 31 0.512443
76 44 0.511089
76 1 0.612282
76 10 0.598698
76 0 0.638879
76 11 0.617108
76 5 0.630576
76 8 0.662686
76 14 0.661732
76 30 0.651895
76 6 0.713962
76 4 0.875601
76 32 0.850653
76 7 0.886431
76 2 0.907510
76 29 0.872662
76 13 0.983219
76 28 1.007394
76 40 1.016545
76 3 1.100778
76 38 1.150313
76 33 1.207206
76 46 1.269544
76 23 1.378247
76 39 1.371107
76 50 1.378420
76 15 1.462833
76 36 1.450586
76 19 1.479857
76 18 1.517927
76 45 1.496078
76 47 1.502338
76 17 1.622875
76 16 1.637111
76 26 1.624900
76 48 1.591520
76 22 1.654718
76 21 1.657080
76 34 1.645497
76 24 1.661538
76 42 1.642362
76 49 1.642106
76 37 1.657857
76 43 1.672654
76 35 1.726283
76 25 1.741303
76 27 1.750123
76 41 1.741833
76 20 1.853295
77 8 0.355158
77 9 0.382203
77 13 0.408177
77 12 0.460816
77 11 0.560864
77 10 0.643394
77 14 0.737291
77 3 0.800481
77 1 0.810472
77 31 0.716365
77 28 0.750418
77 5 0.870250
77 30 0.795047
77 33 0.820015
77 17 0.962166
77 15 0.999237
77 44 0.626065
77 0 1.091155
77 2 1.093497
77 4 1.098118
77 35 0.983936
77 21 1.087722
77 29 1.025525
77 32 1.034659
77 19 1.146363
77 16 1.181823
77 27 1.150701
77 6 1.282850
77 24 1.231814
77 37 1.140518
77 45 0.872315
77 7 1.330464
77 46 0.919260
77 47 0.959377
77 18 1.386572
77 20 1.407251
77 25 1.364531
77 36 1.310551
77 42 1.126334
77 38 1.360277
77 23 1.493918
77 50 1.098221
77 22 1.536551
77 34 1.454669
77 41 1.267490
77 49 1.180702
77 40 1.304066
77 43 1.272012
77 26 1.576808
77 48 1.233168
77 39 1.494656
78 9 0.376475
78 1 0.383549
78 29 0.384970
78 44 0.470495
78 24 0.528327
78 10 0.568298
78 33 0.609036
78 11 0.703574
78 3 0.710501
78 32 0.683128
78 13 0.741063
78 27 0.782513
78 19 0.926967
78 25 0.947429
78 8 0.973456
78 34 0.945506
78 28 0.970558
78 21 0.981979
78 31 1.001782
78 20 1.015371
78 17 1.019102
78 14 1.023082
78 5 1.051034
78 22 1.037598
78 48 1.053664
78 12 1.106681
78 36 1.148569
78 15 1.194296
78 0 1.206956
78 42 1.177689
78 47 1.210710
78 39 1.220868
78 43 1.228886
78 30 1.267598
78 18 1.324377
78 2 1.354114
78 45 1.316963
78 26 1.385240
78 7 1.414228
78 38 1.407504
78 23 1.439660
78 16 1.447653
78 37 1.437290
78 6 1.470583
78 46 1.426962
78 41 1.442151
78 40 1.449868
78 4 1.520224
78 35 1.559159
78 50 1.569695
78 49 1.598720
79 12 0.328408
79 8 0.344495
79 9 0.419013
79 14 0.446780
79 10 0.469582
79 3 0.664286
79 1 0.708747
79 0 0.742050
79 6 0.684304
79 2 0.790469
79 11 0.704700
79 7 0.714327
79 5 0.837512
79 32 0.689657
79 28 0.728776
79 16 0.787990
79 22 0.793620
79 24 0.792153
79 15 0.900236
79 33 0.851568
79 13 0.920387
79 29 0.896251
79 30 0.910151
79 31 0.909203
79 4 1.122397
79 18 1.026772
79 17 1.042089
79 44 0.658662
79 20 1.123131
79 40 0.998394
79 26 1.108647
79 27 1.113765
79 36 1.084848
79 21 1.184538
79 38 1.119682
79 37 1.136567
79 19 1.218123
79 34 1.172235
79 42 0.933009
79 47 0.817290
79 45 0.854418
79 43 0.886201
79 46 0.870911
79 25 1.276749
79 23 1.289548
79 41 1.153399
79 35 1.282616
79 39 1.250611
79 50 0.899182
79 49 0.918707
79 48 0.951393
80 13 0.420487
80 8 0.487202
80 9 0.532344
80 10 0.552420
80 30 0.764207
80 14 0.801435
80 29 0.785819
80 1 0.832172
80 0 0.833313
80 28 0.849069
80 4 0.896456
80 33 0.993373
80 21 1.059123
80 48 1.164290
80 11 1.235930
80 17 1.232223
80 46 1.324732
80 44 1.327231
80 5 1.372280
80 31 1.346485
80 3 1.376511
80 12 1.370185
80 39 1.358161
80 26 1.413776
80 16 1.425499
80 19 1.482061
80 32 1.465850
80 7 1.527639
80 37 1.535367
80 42 1.531201
80 25 1.594618
80 18 1.618437
80 15 1.647188
80 38 1.620376
80 36 1.654028
80 35 1.670732
80 2 1.736723
80 40 1.721259
80 27 1.783111
80 47 1.794185
80 43 1.832307
80 20 1.871187
80 50 1.841815
80 49 1.888443
80 34 1.921842
80 22 1.941050
80 23 1.941418
80 45 1.917915
80 6 1.991630
80 41 1.959228
80 24 2.050642
81 9 0.315426
81 13 0.340292
81 10 0.354140
81 11 0.366321
81 14 0.367871
81 12 0.458765
81 3 0.513328
81 5 0.591708
81 31 0.626253
81 1 0.736654
81 8 0.720147
81 0 0.739533
81 44 0.618687
81 29 0.693490
81 33 0.690839
81 7 0.807156
81 28 0.733428
81 32 0.776792
81 4 0.879449
81 30 0.839835
81 19 0.926550
81 47 0.852363
81 17 1.005756
81 15 1.052557
81 6 1.138265
81 35 1.080602
81 38 1.081838
81 36 1.147979
81 43 1.156084
81 42 1.162354
81 45 1.197812
81 23 1.310503
81 27 1.289195
81 39 1.276136
81 37 1.280003
81 16 1.376364
81 25 1.337963
81 21 1.375904
81 20 1.385472
81 41 1.313531
81 50 1.316451
81 2 1.449383
81 26 1.408711
81 46 1.366690
81 49 1.364445
81 40 1.380256
81 34 1.397996
81 18 1.477218
81 22 1.491954
81 24 1.512121
81 48 1.501805
82 32 0.457535
82 31 0.462061
82 10 0.507447
82 12 0.585642
82 0 0.623206
82 29 0.578758
82 28 0.614885
82 1 0.665709
82 44 0.628019
82 8 0.707010
82 14 0.721759
82 9 0.745008
82 4 0.785401
82 13 0.787160
82 38 0.782965
82 6 0.879695
82 33 0.888206
82 36 0.905811
82 30 0.913819
82 24 0.960558
82 11 0.991037
82 7 1.013058
82 5 1.064629
82 25 1.132032
82 45 1.117086
82 26 1.149925
82 18 1.178200
82 3 1.210125
82 41 1.163852
82 34 1.194334
82 23 1.223468
82 49 1.241415
82 20 1.292313
82 27 1.290242
82 40 1.275474
82 22 1.300913
82 42 1.282406
82 2 1.359006
82 47 1.303593
82 16 1.362303
82 21 1.356186
82 19 1.362602
82 35 1.337686
82 43 1.360988
82 46 1.362292
82 50 1.370111
82 15 1.433431
82 48 1.396252
82 17 1.457092
82 39 1.445219
82 37 1.524995
83 12 0.363910
83 9 0.369169
83 14 0.359797
83 5 0.413870
83 3 0.481139
83 10 0.430472
83 8 0.435516
83 13 0.492877
83 11 0.501907
83 2 0.563459
83 1 0.568348
83 0 0.610445
83 7 0.568127
83 16 0.631672
83 6 0.733490
83 4 0.785814
83 31 0.681132
83 15 0.736219
83 32 0.699677
83 30 0.709186
83 33 0.705614
83 18 0.777468
83 29 0.739510
83 19 0.842518
83 28 0.842822
83 44 0.784192
83 17 0.907190
83 43 0.903947
83 20 0.991706
83 23 1.019808
83 27 1.037128
83 49 0.891946
83 25 1.074574
83 41 1.019547
83 39 1.026940
83 42 1.041032
83 22 1.118862
83 45 1.063904
83 40 1.090749
83 48 1.012836
83 24 1.155803
83 50 0.943236
83 36 1.121172
83 21 1.182698
83 35 1.143679
83 37 1.143077
83 47 1.087206
83 34 1.166278
83 46 1.120739
83 26 1.211989
83 38 1.212142
84 11 0.331274
84 8 0.393716
84 12 0.423493
84 13 0.441568
84 14 0.443006
84 9 0.536972
84 10 0.544533
84 5 0.664494
84 0 0.685157
84 28 0.624131
84 1 0.710248
84 32 0.677850
84 19 0.775724
84 18 0.817934
84 16 0.827735
84 6 0.839518
84 4 0.850606
84 7 0.852652
84 2 0.860257
84 17 0.864022
84 3 0.887420
84 29 0.858495
84 44 0.824951
84 15 0.933265
84 30 0.882247
84 31 0.879710
84 33 0.918165
84 22 1.040891
84 20 1.096586
84 36 1.054333
84 27 1.098553
84 38 1.067320
84 24 1.146319
84 46 1.079802
84 39 1.094336
84 47 1.089676
84 23 1.167550
84 34 1.115510
84 41 1.122541
84 42 1.133170
84 26 1.187539
84 21 1.214129
84 48 1.141918
84 25 1.212723
84 45 1.159200
84 40 1.172948
84 43 1.169124
84 37 1.178987
84 50 1.162931
84 49 1.183197
84 35 1.243373
85 44 0.490876
85 24 0.549039
85 12 0.597006
85 29 0.576707
85 14 0.598119
85 3 0.644645
85 5 0.645992
85 30 0.628784
85 28 0.706753
85 31 0.730595
85 8 0.797961
85 34 0.778416
85 4 0.815854
85 33 0.820139
85 11 0.885262
85 10 0.928482
85 0 0.962118
85 6 0.970523
85 32 0.964799
85 45 0.957548
85 13 0.997195
85 23 1.055764
85 36 1.045383
85 9 1.077847
85 1 1.198816
85 21 1.184458
85 22 1.184433
85 27 1.175264
85 42 1.158436
85 40 1.161113
85 2 1.202885
85 50 1.151350
85 7 1.200532
85 20 1.200678
85 16 1.205103
85 38 1.185630
85 17 1.233845
85 25 1.239827
85 43 1.223040
85 46 1.228640
85 19 1.264151
85 47 1.228797
85 49 1.266888
85 37 1.280465
85 18 1.324377
85 15 1.356799
85 26 1.378086
85 35 1.369558
85 39 1.400629
85 41 1.441840
85 48 1.434256
86 14 0.347392
86 10 0.369614
86 29 0.409106
86 9 0.489179
86 32 0.636883
86 13 0.745367
86 11 0.759078
86 31 0.746218
86 15 0.802727
86 30 0.790012
86 2 0.864428
86 33 0.858734
86 3 0.907369
86 1 0.909000
86 5 0.907386
86 0 0.922341
86 27 0.886558
86 28 0.910675
86 44 0.992388
86 8 1.049133
86 12 1.043193
86 42 1.071423
86 35 1.100620
86 34 1.116728
86 6 1.172033
86 37 1.134154
86 45 1.131293
86 25 1.159258
86 36 1.156414
86 21 1.179969
86 48 1.168335
86 16 1.223487
86 39 1.210941
86 46 1.203952
86 38 1.219948
86 19 1.243736
86 24 1.241594
86 40 1.225380
86 17 1.262611
86 49 1.242295
86 7 1.316712
86 4 1.327222
86 22 1.291460
86 20 1.312695
86 47 1.316674
86 41 1.370080
86 43 1.396485
86 26 1.419258
86 18 1.436677
86 23 1.483709
86 50 1.494802
87 32 0.358180
87 29 0.364609
87 10 0.442345
87 8 0.491711
87 44 0.457500
87 12 0.506515
87 9 0.511066
87 31 0.487076
87 28 0.564476
87 13 0.615194
87 30 0.660651
87 14 0.703522
87 0 0.758708
87 40 0.740030
87 26 0.778060
87 34 0.764834
87 19 0.845829
87 22 0.867026
87 4 0.899725
87 33 0.885423
87 25 0.899539
87 46 0.893319
87 3 0.983613
87 11 0.983900
87 2 0.995320
87 38 0.965146
87 15 1.007186
87 47 0.964126
87 24 1.017655
87 36 1.003527
87 23 1.027167
87 6 1.046767
87 1 1.068615
87 50 1.027768
87 16 1.084074
87 27 1.077795
87 21 1.096724
87 17 1.116417
87 37 1.088931
87 18 1.130321
87 42 1.096052
87 41 1.123668
87 35 1.141305
87 45 1.157995
87 48 1.160273
87 43 1.176532
87 39 1.184173
87 49 1.177667
87 5 1.239256
87 7 1.256296
87 20 1.284392
88 11 0.293260
88 8 0.342645
88 10 0.370005
88 12 0.371567
88 14 0.453642
88 13 0.489593
88 9 0.523118
88 1 0.650167
88 3 0.663139
88 2 0.667625
88 5 0.732533
88 4 0.735639
88 29 0.361942
88 0 0.811009
88 31 0.422945
88 28 0.462282
88 7 0.842640
88 18 0.842762
88 30 0.530635
88 15 0.897546
88 33 0.516052
88 32 0.533436
88 6 0.964641
88 16 0.923498
88 44 0.419609
88 19 0.970213
88 17 1.018249
88 21 1.066454
88 20 1.140886
88 23 1.079501
88 22 1.106168
88 25 0.991868
88 27 0.951777
88 40 0.776833
88 43 0.847141
88 34 0.952257
88 26 1.070725
88 42 0.912663
88 35 0.996232
88 24 1.206709
88 36 1.043704
88 38 1.028667
88 50 0.851590
88 48 0.961372
88 41 1.046002
88 45 0.983759
88 37 1.107743
88 39 1.086311
88 49 0.970919
88 47 1.009443
88 46 1.031876
89 10 0.401756
89 12 0.427935
89 14 0.481595
89 29 0.587773
89 31 0.606882
89 11 0.642569
89 9 0.649774
89 32 0.620469
89 8 0.667383
89 13 0.716730
89 30 0.694734
89 3 0.739336
89 5 0.790227
89 33 0.806845
89 1 0.867684
89 44 0.855624
89 28 0.935393
89 6 0.998191
89 7 1.092292
89 35 1.080122
89 2 1.155394
89 4 1.179304
89 36 1.206609
89 40 1.212946
89 15 1.258436
89 0 1.299699
89 41 1.285398
89 22 1.313510
89 46 1.293826
89 45 1.300224
89 20 1.350482
89 34 1.335473
89 24 1.357303
89 19 1.373100
89 42 1.383831
89 37 1.408639
89 47 1.395814
89 38 1.414410
89 16 1.453409
89 17 1.453118
89 27 1.446596
89 50 1.439156
89 43 1.468910
89 21 1.513705
89 23 1.518077
89 26 1.510963
89 25 1.518356
89 48 1.503253
89 18 1.571686
89 49 1.553419
89 39 1.622649
90 14 0.400314
90 8 0.441419
90 11 0.447313
90 9 0.506583
90 12 0.559757
90 13 0.555652
90 3 0.586840
90 16 0.618970
90 10 0.672495
90 5 0.679652
90 44 0.620350
90 33 0.712610
90 1 0.774175
90 29 0.905232
90 28 0.933900
90 20 0.991950
90 31 1.015922
90 7 1.084316
90 0 1.095067
90 18 1.084097
90 43 1.023433
90 6 1.144614
90 30 1.138461
90 17 1.275320
90 32 1.301317
90 47 1.281840
90 38 1.350922
90 22 1.489204
90 40 1.446262
90 21 1.507076
90 4 1.540521
90 2 1.623651
90 46 1.521313
90 19 1.628445
90 27 1.628656
90 36 1.606703
90 25 1.662223
90 45 1.598478
90 35 1.680918
90 24 1.723930
90 15 1.746914
90 37 1.696091
90 42 1.683061
90 26 1.745633
90 34 1.752223
90 49 1.704321
90 23 1.818146
90 48 1.729724
90 50 1.732908
90 39 1.813097
90 41 1.824539
91 8 0.662612
91 12 0.682417
91 32 0.835726
91 9 0.882864
91 28 0.890420
91 10 0.923602
91 5 0.954119
91 30 1.035295
91 2 1.123451
91 44 1.096026
91 31 1.157681
91 13 1.180926
91 29 1.186999
91 1 1.286401
91 14 1.345260
91 33 1.339724
91 4 1.401569
91 11 1.412077
91 0 1.423945
91 7 1.532970
91 3 1.547163
91 16 1.535714
91 34 1.520149
91 46 1.534743
91 35 1.568206
91 22 1.663469
91 24 1.689841
91 23 1.762035
91 40 1.761884
91 19 1.813352
91 47 1.785644
91 17 1.863265
91 42 1.857258
91 6 1.931005
91 15 1.955338
91 37 1.940925
91 41 1.955291
91 49 1.965411
91 38 1.982766
91 18 2.036698
91 21 2.047407
91 43 2.030481
91 20 2.089640
91 36 2.079268
91 27 2.114721
91 48 2.091737
91 45 2.099301
91 50 2.112915
91 39 2.136146
91 26 2.230769
91 25 2.350139
92 10 0.575029
92 31 0.634199
92 28 0.674555
92 14 0.740353
92 12 0.767063
92 21 0.763488
92 13 0.807264
92 9 0.812127
92 8 0.860519
92 11 0.861426
92 29 0.910109
92 30 1.124386
92 32 1.229497
92 19 1.292075
92 0 1.396195
92 2 1.416561
92 33 1.477039
92 18 1.633739
92 17 1.664568
92 44 1.092064
92 22 1.664821
92 3 1.697638
92 4 1.717681
92 6 1.716964
92 24 1.702398
92 16 1.782600
92 26 1.771451
92 15 1.857158
92 40 1.408155
92 5 1.909230
92 20 1.924957
92 34 1.818838
92 7 1.998502
92 1 2.004568
92 25 2.037972
92 36 1.904296
92 35 2.033075
92 27 2.189363
92 23 2.271843
92 42 1.808587
92 50 1.609926
92 41 1.858593
92 37 2.037526
92 43 1.789086
92 45 1.803215
92 49 1.768661
92 38 2.050067
92 46 1.864439
92 47 1.867447
92 39 2.097466
92 48 1.890304
93 21 0.494338
93 13 0.559727
93 32 0.577939
93 28 0.659888
93 19 0.748784
93 2 0.913614
93 9 0.924337
93 31 0.914363
93 4 0.945211
93 33 0.925767
93 12 0.980433
93 1 0.990446
93 8 1.006672
93 44 0.991095
93 10 1.035232
93 20 1.098188
93 3 1.113412
93 30 1.084209
93 29 1.085500
93 14 1.125351
93 17 1.152324
93 7 1.179133
93 11 1.212651
93 34 1.202247
93 22 1.220171
93 42 1.204583
93 50 1.218987
93 24 1.258249
93 46 1.250762
93 36 1.307646
93 45 1.345524
93 41 1.374632
93 37 1.389857
93 0 1.447374
93 5 1.542731
93 48 1.501444
93 39 1.517076
93 35 1.596208
93 43 1.594911
93 49 1.640379
93 40 1.668468
93 16 1.764740
93 15 1.778422
93 18 1.776182
93 38 1.774733
93 26 1.788610
93 47 1.788193
93 25 1.828670
93 27 1.881867
93 6 1.917797
93 23 1.943859
94 8 0.451439
94 44 0.449548
94 9 0.499244
94 28 0.553547
94 11 0.614341
94 10 0.665573
94 29 0.814254
94 12 0.844658
94 5 0.860562
94 35 0.861289
94 43 0.914405
94 33 0.946231
94 31 0.959264
94 14 0.998815
94 23 1.003025
94 7 1.027713
94 13 1.046158
94 38 1.117037
94 47 1.242395
94 15 1.283180
94 32 1.293305
94 30 1.315816
94 2 1.343608
94 20 1.386009
94 36 1.419679
94 34 1.496209
94 0 1.558955
94 46 1.525518
94 40 1.533826
94 45 1.542683
94 25 1.602232
94 22 1.702656
94 16 1.778458
94 3 1.807442
94 24 1.800714
94 1 1.834435
94 6 1.852008
94 17 1.860548
94 21 1.891976
94 4 1.919640
94 49 1.884224
94 27 1.930227
94 26 1.947409
94 41 1.956716
94 37 2.015411
94 19 2.039569
94 48 2.002963
94 18 2.051453
94 50 2.031428
94 42 2.085385
94 39 2.122464
95 9 0.991207
95 0 1.089692
95 28 1.088338
95 44 1.220507
95 3 1.332854
95 10 1.328180
95 13 1.379120
95 5 1.392602
95 4 1.414908
95 14 1.407374
95 33 1.432548
95 7 1.484371
95 11 1.481467
95 29 1.468647
95 30 1.468373
95 8 1.517581
95 31 1.605694
95 18 1.623471
95 36 1.602364
95 32 1.608178
95 20 1.673439
95 21 1.672581
95 12 1.688706
95 41 1.696086
95 6 1.774111
95 15 1.768027
95 17 1.774288
95 43 1.752770
95 1 1.817812
95 39 1.800710
95 35 1.849829
95 48 1.898952
95 37 1.923049
95 2 1.965849
95 46 1.930940
95 16 1.995805
95 25 1.997410
95 34 1.987449
95 26 2.024396
95 50 2.012455
95 19 2.051707
95 22 2.104585
95 45 2.076212
95 42 2.100151
95 23 2.132841
95 27 2.149034
95 38 2.143240
95 40 2.141326
95 24 2.162612
95 47 2.143338
95 49 2.140817
96 30 0.732388
96 11 0.755889
96 10 0.796169
96 12 0.885567
96 31 1.007552
96 2 1.186499
96 32 1.176439
96 44 1.171658
96 24 1.213940
96 9 1.230318
96 14 1.252430
96 8 1.261174
96 17 1.263013
96 42 1.241825
96 29 1.278918
96 50 1.288017
96 28 1.336600
96 26 1.351665
96 13 1.387371
96 5 1.426029
96 33 1.484380
96 38 1.495532
96 20 1.535194
96 35 1.553684
96 47 1.546881
96 39 1.571355
96 0 1.604178
96 19 1.606037
96 7 1.641021
96 45 1.612088
96 1 1.658593
96 16 1.693411
96 4 1.710871
96 6 1.719648
96 48 1.681410
96 43 1.716619
96 36 1.732732
96 3 1.767282
96 40 1.781441
96 46 1.797412
96 37 1.839174
96 15 1.872159
96 25 1.872259
96 18 1.898034
96 27 1.898635
96 41 1.904759
96 23 1.925980
96 22 2.012735
96 34 2.043103
96 49 2.075629
96 21 2.110810
97 9 0.545023
97 21 0.733399
97 32 0.727800
97 3 0.769319
97 14 0.864084
97 39 0.888460
97 19 1.016396
97 29 1.014875
97 33 1.018931
97 13 1.135433
97 1 1.192838
97 28 1.184896
97 11 1.219642
97 46 1.224438
97 30 1.244908
97 44 1.228243
97 10 1.295743
97 0 1.337691
97 17 1.340971
97 20 1.384174
97 31 1.418690
97 4 1.516060
97 26 1.507812
97 36 1.507955
97 8 1.588479
97 49 1.551838
97 6 1.622912
97 23 1.618848
97 5 1.637137
97 45 1.621680
97 12 1.661921
97 24 1.703880
97 48 1.704229
97 37 1.720201
97 47 1.753855
97 7 1.801709
97 18 1.859412
97 25 1.973044
97 40 1.953891
97 43 1.962181
97 22 2.021606
97 15 2.043593
97 27 2.054655
97 41 2.041898
97 42 2.052258
97 50 2.052246
97 2 2.118039
97 35 2.094654
97 16 2.141091
97 34 2.130868
97 38 2.148243
98 10 0.837829
98 6 0.956423
98 12 1.036939
98 0 1.235390
98 30 1.222193
98 2 1.251041
98 4 1.292175
98 22 1.292360
98 35 1.291576
98 42 1.294987
98 9 1.393739
98 13 1.422651
98 8 1.426965
98 44 1.400511
98 21 1.435385
98 19 1.452877
98 33 1.479416
98 29 1.502091
98 32 1.513058
98 28 1.539516
98 11 1.679511
98 31 1.659285
98 14 1.679800
98 38 1.721390
98 41 1.717421
98 17 1.818138
98 50 1.787282
98 45 1.795688
98 27 1.856831
98 1 1.895458
98 25 1.998003
98 3 2.036194
98 23 2.020671
98 20 2.068174
98 34 2.103538
98 5 2.160514
98 40 2.170533
98 36 2.194580
98 47 2.178058
98 7 2.244251
98 18 2.270448
98 43 2.272302
98 46 2.302300
98 16 2.359556
98 24 2.366539
98 39 2.367167
98 15 2.470716
98 48 2.424998
98 49 2.438232
98 26 2.536844
98 37 2.540675
99 32 0.668829
99 13 0.731895
99 12 0.764015
99 33 1.034264
99 28 1.044217
99 14 1.067499
99 11 1.070309
99 17 1.091078
99 1 1.104352
99 41 1.198479
99 8 1.271295
99 31 1.265483
99 34 1.284402
99 49 1.278690
99 30 1.335863
99 29 1.435733
99 7 1.466563
99 9 1.506254
99 20 1.523174
99 23 1.554420
99 44 1.573844
99 21 1.684017
99 10 1.723467
99 19 1.734686
99 0 1.773839
99 16 1.761886
99 15 1.784364
99 35 1.792335
99 5 1.856840
99 3 1.907702
99 37 1.878009
99 38 1.895140
99 4 1.944944
99 47 1.899715
99 39 1.933843
99 2 2.106166
99 43 2.046487
99 22 2.088436
99 6 2.146659
99 48 2.159062
99 40 2.189346
99 42 2.238679
99 25 2.286727
99 45 2.251257
99 26 2.318784
99 27 2.319971
99 24 2.327642
99 50 2.322033
99 46 2.362960
99 36 2.430122
99 18 2.491193
100 32 0.428309
100 9 0.644061
100 44 0.656938
100 29 0.780252
100 31 0.787445
100 28 0.801524
100 8 0.836557
100 30 0.857855
100 13 0.913002
100 10 1.129104
100 3 1.167080
100 33 1.199364
100 1 1.249305
100 0 1.271620
100 12 1.361610
100 5 1.387342
100 14 1.413394
100 11 1.432961
100 42 1.400905
100 25 1.672803
100 48 1.668237
100 2 1.733642
100 50 1.733441
100 21 1.784395
100 27 1.778726
100 17 1.901602
100 26 1.894481
100 4 1.967589
100 41 1.939674
100 39 1.949486
100 7 1.986017
100 40 1.955982
100 18 2.007565
100 47 2.006114
100 20 2.054731
100 24 2.057185
100 19 2.070495
100 16 2.088417
100 36 2.077881
100 23 2.099357
100 49 2.083010
100 38 2.121352
100 43 2.118265
100 6 2.196537
100 45 2.152547
100 15 2.210499
100 34 2.191906
100 35 2.217019
100 37 2.228091
100 22 2.249765
100 46 2.221203
101 9 0.424529
101 30 0.487645
101 3 0.595684
101 11 0.634312
101 0 0.642619
101 5 0.805793
101 44 0.761054
101 32 0.779333
101 8 0.807262
101 39 0.879000
101 12 0.921929
101 4 0.928652
101 6 1.001504
101 29 0.983490
101 40 0.968399
101 7 1.052095
101 10 1.051410
101 19 1.063675
101 14 1.088222
101 2 1.097117
101 31 1.116334
101 47 1.116921
101 33 1.138761
101 28 1.149612
101 20 1.163227
101 1 1.219956
101 45 1.281157
101 13 1.340622
101 36 1.329518
101 43 1.373096
101 41 1.376643
101 24 1.404717
101 16 1.460853
101 23 1.453753
101 48 1.431814
101 42 1.468747
101 22 1.525447
101 38 1.502726
101 46 1.553339
101 50 1.566129
101 35 1.618791
101 49 1.598615
101 17 1.658448
101 37 1.642647
101 18 1.670260
101 15 1.785539
101 21 1.780729
101 27 1.773817
101 26 1.775928
101 34 1.796692
101 25 1.826502
102 28 0.430405
102 10 0.540892
102 0 0.838606
102 8 0.843224
102 32 0.875737
102 44 0.896366
102 29 0.916722
102 2 0.967389
102 31 0.996253
102 14 1.022929
102 41 0.994586
102 30 1.015293
102 5 1.042394
102 7 1.063288
102 50 1.040368
102 24 1.076229
102 13 1.087420
102 9 1.120969
102 12 1.125128
102 21 1.175009
102 11 1.197776
102 38 1.168113
102 47 1.182117
102 33 1.230510
102 1 1.302641
102 35 1.302635
102 18 1.325318
102 42 1.298012
102 45 1.324523
102 19 1.379269
102 16 1.393900
102 40 1.378262
102 49 1.402206
102 36 1.431869
102 25 1.471964
102 17 1.493718
102 4 1.504494
102 23 1.495962
102 6 1.512675
102 43 1.490550
102 22 1.518608
102 46 1.488152
102 3 1.539915
102 26 1.538373
102 34 1.534044
102 39 1.543485
102 27 1.571646
102 20 1.585508
102 48 1.557468
102 37 1.580746
102 15 1.630752
103 10 0.415996
103 28 0.424596
103 9 0.463337
103 14 0.652646
103 29 0.712618
103 30 0.713466
103 13 0.796117
103 2 0.805073
103 12 0.855419
103 45 0.813592
103 16 0.906958
103 3 1.034174
103 8 1.031088
103 32 1.004679
103 5 1.034920
103 31 1.049179
103 33 1.047870
103 44 1.051750
103 11 1.120762
103 23 1.207520
103 26 1.205583
103 46 1.205776
103 34 1.223564
103 37 1.419144
103 20 1.445570
103 35 1.426390
103 6 1.461132
103 4 1.463191
103 0 1.467178
103 41 1.473467
103 42 1.495531
103 18 1.529510
103 1 1.563827
103 22 1.564764
103 36 1.560927
103 21 1.608461
103 43 1.578036
103 7 1.633389
103 24 1.628798
103 50 1.603302
103 15 1.662638
103 19 1.670490
103 40 1.650598
103 27 1.680383
103 49 1.650793
103 25 1.729694
103 48 1.710016
103 17 1.766061
103 39 1.748531
103 38 1.800176
103 47 1.816758
104 9 0.360876
104 11 0.402981
104 12 0.430709
104 13 0.441600
104 10 0.583169
104 30 0.661124
104 0 0.755018
104 44 0.715416
104 1 0.820608
104 28 0.769134
104 31 0.766316
104 5 0.821093
104 8 0.848993
104 3 0.858460
104 14 0.902042
104 7 0.937874
104 16 0.967719
104 32 0.942035
104 33 0.969180
104 29 1.018661
104 2 1.156393
104 6 1.199405
104 36 1.209965
104 47 1.196879
104 40 1.206748
104 43 1.250241
104 23 1.283625
104 39 1.280459
104 45 1.272490
104 38 1.285829
104 4 1.361232
104 18 1.377729
104 42 1.351476
104 26 1.385579
104 17 1.412983
104 35 1.386912
104 19 1.424709
104 21 1.429992
104 49 1.429208
104 50 1.439788
104 41 1.471317
104 27 1.506024
104 48 1.485535
104 34 1.510422
104 15 1.541829
104 37 1.508104
104 46 1.502037
104 24 1.538999
104 22 1.547498
104 25 1.584869
104 20 1.604331
105 8 0.456759
105 0 0.536673
105 44 0.506616
105 14 0.695142
105 29 0.693287
105 13 0.744796
105 33 0.757534
105 3 0.808080
105 10 0.802586
105 9 0.824932
105 40 0.798000
105 6 0.859700
105 28 0.842321
105 30 0.841115
105 12 0.868903
105 11 0.911388
105 31 0.955657
105 2 0.984557
105 32 1.073448
105 38 1.208427
105 47 1.210851
105 4 1.263199
105 5 1.291729
105 16 1.283992
105 1 1.347830
105 36 1.317595
105 24 1.364080
105 18 1.390259
105 45 1.440762
105 41 1.454084
105 7 1.515754
105 35 1.532659
105 20 1.570332
105 15 1.594365
105 46 1.583922
105 22 1.622670
105 48 1.604370
105 34 1.628811
105 43 1.616047
105 23 1.666629
105 27 1.670093
105 25 1.679645
105 42 1.658954
105 17 1.721387
105 26 1.721839
105 39 1.710679
105 37 1.720279
105 19 1.746128
105 50 1.715781
105 49 1.730376
105 21 1.775293
106 9 0.434859
106 32 0.627914
106 8 0.705476
106 30 0.734407
106 28 0.788458
106 14 0.820471
106 12 0.907236
106 10 0.946192
106 44 0.936146
106 2 1.003946
106 29 1.112574
106 11 1.196983
106 1 1.226137
106 6 1.224059
106 13 1.219917
106 4 1.231904
106 40 1.201306
106 16 1.282634
106 19 1.296844
106 36 1.348832
106 31 1.360113
106 33 1.385572
106 3 1.415092
106 38 1.398288
106 20 1.422363
106 0 1.453166
106 34 1.437479
106 22 1.465749
106 46 1.467370
106 5 1.530610
106 21 1.519507
106 45 1.492990
106 27 1.525881
106 42 1.511900
106 47 1.545421
106 18 1.589728
106 24 1.591341
106 35 1.579280
106 17 1.607978
106 43 1.620837
106 25 1.752226
106 50 1.723686
106 48 1.727641
106 7 1.768793
106 15 1.770994
106 37 1.746949
106 26 1.764721
106 41 1.804962
106 39 1.819698
106 49 1.822808
106 23 1.939891
107 11 0.430562
107 9 0.542466
107 3 0.704372
107 13 0.750613
107 8 0.770376
107 31 0.748182
107 29 0.751609
107 28 0.755582
107 44 0.769362
107 1 0.842321
107 33 0.814952
107 30 0.874703
107 10 0.938936
107 32 0.981923
107 5 1.086125
107 14 1.115514
107 0 1.126974
107 4 1.189876
107 37 1.168696
107 40 1.220888
107 7 1.274523
107 20 1.304549
107 12 1.327989
107 26 1.314820
107 35 1.331782
107 27 1.358679
107 42 1.351788
107 17 1.396528
107 49 1.381173
107 45 1.422460
107 2 1.483863
107 46 1.434803
107 43 1.453045
107 21 1.491341
107 50 1.476215
107 19 1.528587
107 36 1.517139
107 6 1.551938
107 23 1.545861
107 15 1.574113
107 39 1.589020
107 18 1.628828
107 16 1.639062
107 34 1.617510
107 24 1.642404
107 38 1.623854
107 25 1.673395
107 47 1.643260
107 48 1.688524
107 41 1.708329
107 22 1.796735
108 28 0.653183
108 44 0.666855
108 8 0.729098
108 14 0.726247
108 11 0.765756
108 1 0.970079
108 2 0.967760
108 9 0.973806
108 5 0.979775
108 33 0.974773
108 31 0.977613
108 30 0.984559
108 12 1.069291
108 3 1.087212
108 10 1.106048
108 0 1.151539
108 40 1.105283
108 13 1.163359
108 4 1.182866
108 32 1.199988
108 29 1.212608
108 7 1.343531
108 15 1.454551
108 23 1.454224
108 42 1.461570
108 6 1.583845
108 49 1.546003
108 34 1.576246
108 35 1.581549
108 46 1.570099
108 16 1.615174
108 45 1.598450
108 19 1.634148
108 18 1.664611
108 48 1.636932
108 41 1.652044
108 27 1.671421
108 37 1.669111
108 36 1.675131
108 25 1.718053
108 17 1.734863
108 38 1.744489
108 43 1.748395
108 47 1.762019
108 21 1.804296
108 22 1.817475
108 26 1.847138
108 20 1.882943
108 24 1.885522
108 39 1.917378
108 50 1.936646
109 10 0.503245
109 8 0.569244
109 32 0.575354
109 28 0.580393
109 12 0.666080
109 14 0.707556
109 0 0.776271
109 9 0.819467
109 11 0.835484
109 31 0.854877
109 2 0.904026
109 13 0.943037
109 6 1.011997
109 43 0.989677
109 44 0.990617
109 1 1.041016
109 30 1.040380
109 7 1.066518
109 46 1.033560
109 29 1.066892
109 33 1.074782
109 22 1.135189
109 40 1.121176
109 4 1.162452
109 39 1.133773
109 18 1.167806
109 34 1.194424
109 38 1.198815
109 24 1.230202
109 26 1.259410
109 17 1.307341
109 50 1.278184
109 16 1.320412
109 20 1.331553
109 47 1.314571
109 48 1.321288
109 37 1.343900
109 5 1.396364
109 36 1.367516
109 42 1.362666
109 49 1.361258
109 25 1.403850
109 23 1.418099
109 3 1.445703
109 15 1.443729
109 45 1.414928
109 21 1.445647
109 27 1.449360
109 41 1.481633
109 19 1.526468
109 35 1.543954
110 31 0.584544
110 29 0.586926
110 9 0.647474
110 11 0.789550
110 12 0.837655
110 33 0.811453
110 44 0.801164
110 8 0.867862
110 28 1.022987
110 4 1.178727
110 13 1.199379
110 3 1.209557
110 30 1.207088
110 5 1.363158
110 32 1.365793
110 41 1.391813
110 10 1.447554
110 7 1.467248
110 46 1.421996
110 48 1.496480
110 1 1.551743
110 45 1.502266
110 14 1.544639
110 42 1.633271
110 47 1.627255
110 2 1.680611
110 39 1.638922
110 43 1.634083
110 35 1.643014
110 49 1.642837
110 50 1.659602
110 0 1.720552
110 6 1.729430
110 37 1.692080
110 40 1.705202
110 17 1.754122
110 22 1.758681
110 15 1.805290
110 36 1.776043
110 25 1.802456
110 19 1.863956
110 23 1.929702
110 38 1.931376
110 21 1.964475
110 26 1.966002
110 18 1.992417
110 16 2.004038
110 34 1.994368
110 20 2.025907
110 24 2.067811
110 27 2.110594
111 9 0.418282
111 12 0.432942
111 30 0.425145
111 31 0.553542
111 10 0.585168
111 44 0.573515
111 8 0.705740
111 14 0.711706
111 28 0.731073
111 29 0.738611
111 4 0.793602
111 19 0.819744
111 18 0.833423
111 13 0.902521
111 2 0.959078
111 0 0.992099
111 32 1.090331
111 16 1.167542
111 1 1.214427
111 34 1.334066
111 20 1.398359
111 3 1.502989
111 17 1.517418
111 11 1.524506
111 5 1.540452
111 6 1.542234
111 33 1.528460
111 50 1.518626
111 22 1.560505
111 43 1.544197
111 24 1.594853
111 27 1.593434
111 38 1.590508
111 42 1.595087
111 45 1.593222
111 41 1.597719
111 15 1.640928
111 7 1.678508
111 26 1.687642
111 47 1.671224
111 35 1.685109
111 36 1.717760
111 23 1.740538
111 49 1.719393
111 25 1.747323
111 39 1.732891
111 21 1.761171
111 37 1.763657
111 46 1.755864
111 48 1.767208
111 40 1.847641
112 8 0.560549
112 44 0.739080
112 10 0.830725
112 14 0.957479
112 30 0.939939
112 0 1.001400
112 28 1.028300
112 6 1.069787
112 3 1.103574
112 32 1.076985
112 2 1.118820
112 4 1.142196
112 42 1.124005
112 45 1.138832
112 33 1.159294
112 46 1.181332
112 7 1.272402
112 13 1.269487
112 12 1.273194
112 20 1.288982
112 1 1.321621
112 9 1.317121
112 31 1.314481
112 11 1.368928
112 29 1.455585
112 38 1.447236
112 49 1.432008
112 37 1.553880
112 39 1.553231
112 23 1.596474
112 24 1.595502
112 19 1.639881
112 18 1.655116
112 16 1.671484
112 26 1.690956
112 43 1.668277
112 48 1.688779
112 22 1.724982
112 50 1.703248
112 15 1.746866
112 25 1.737867
112 41 1.728884
112 27 1.748593
112 40 1.763542
112 34 1.774874
112 36 1.788881
112 47 1.886970
112 17 1.927116
112 35 1.905432
112 5 1.949873
112 21 1.975561
113 8 0.428115
113 10 0.501876
113 11 0.543244
113 12 0.587508
113 14 0.592391
113 13 0.597908
113 9 0.725258
113 0 0.860454
113 3 0.852585
113 4 0.852485
113 30 0.841029
113 2 0.905503
113 5 0.902047
113 31 0.881367
113 1 0.990086
113 6 1.006964
113 32 0.985072
113 28 1.012749
113 7 1.122636
113 29 1.098566
113 44 1.059736
113 33 1.142955
113 17 1.210515
113 36 1.323195
113 21 1.382676
113 18 1.401432
113 26 1.459526
113 40 1.502859
113 42 1.501647
113 41 1.507304
113 15 1.567562
113 50 1.441073
113 47 1.484034
113 19 1.590993
113 20 1.603669
113 27 1.600988
113 38 1.581295
113 34 1.601510
113 49 1.510654
113 45 1.551837
113 16 1.666936
113 43 1.616396
113 35 1.646386
113 48 1.588558
113 22 1.695140
113 25 1.738070
113 39 1.712534
113 24 1.746936
113 46 1.690556
113 37 1.752977
113 23 1.874728
114 10 0.418382
114 14 0.460788
114 8 0.468187
114 12 0.533119
114 9 0.548828
114 11 0.590000
114 13 0.609760
114 0 0.696187
114 28 0.480625
114 30 0.509890
114 29 0.576652
114 1 0.996801
114 32 0.723395
114 16 1.106255
114 5 1.141720
114 2 1.160426
114 3 1.180181
114 4 1.309553
114 44 0.772792
114 15 1.333513
114 31 1.011298
114 33 1.029785
114 7 1.544277
114 22 1.374563
114 40 1.080087
114 26 1.317534
114 24 1.410271
114 18 1.536788
114 19 1.558208
114 6 1.693141
114 20 1.601233
114 21 1.587608
114 25 1.504605
114 17 1.850586
114 34 1.515525
114 45 1.304672
114 43 1.389744
114 36 1.498159
114 23 1.729542
114 42 1.477140
114 48 1.379224
114 27 1.755113
114 46 1.462141
114 37 1.621665
114 35 1.690526
114 39 1.594476
114 50 1.434603
114 41 1.635243
114 49 1.569693
114 38 1.788013
114 47 1.706644
115 14 0.518226
115 12 0.566853
115 9 0.592451
115 11 0.591583
115 44 0.569924
115 30 0.638641
115 31 0.674470
115 29 0.724251
115 1 0.768984
115 33 0.765258
115 8 0.822562
115 45 0.814665
115 3 0.923706
115 10 0.931614
115 32 0.945416
115 13 0.978847
115 28 0.963240
115 27 0.972418
115 5 0.995707
115 0 1.033156
115 48 0.983838
115 23 1.017793
115 25 1.017490
115 15 1.044925
115 26 1.098129
115 36 1.097753
115 17 1.149008
115 39 1.122244
115 21 1.159911
115 24 1.179529
115 2 1.211032
115 41 1.190243
115 16 1.232517
115 49 1.201293
115 37 1.218280
115 19 1.249788
115 34 1.240408
115 22 1.272861
115 18 1.296333
115 38 1.275991
115 7 1.320021
115 4 1.338098
115 42 1.309156
115 6 1.357647
115 40 1.336514
115 47 1.338194
115 43 1.350965
115 50 1.416208
115 35 1.444060
115 20 1.474613
115 46 1.472330
116 8 0.621526
116 10 0.816209
116 30 1.075819
116 9 1.136633
116 44 1.091979
116 32 1.126906
116 13 1.215327
116 14 1.258131
116 12 1.351443
116 28 1.499303
116 29 1.499591
116 11 1.524063
116 4 1.530333
116 1 1.628628
116 3 1.797165
116 31 1.768115
116 0 1.885711
116 50 2.245129
116 18 2.296303
116 42 2.262040
116 2 2.312062
116 33 2.279299
116 26 2.287812
116 38 2.273989
116 6 2.313997
116 5 2.369027
116 23 2.397080
116 48 2.366901
116 15 2.460698
116 47 2.566234
116 40 2.578553
116 37 2.605949
116 34 2.678610
116 39 2.700941
116 35 2.735111
116 17 2.779171
116 25 2.777822
116 46 2.771907
116 20 2.810783
116 22 2.834117
116 43 2.827856
116 49 2.819941
116 41 2.854821
116 16 2.914715
116 45 2.907436
116 24 2.990467
116 7 3.012446
116 19 3.011948
116 27 3.014138
116 36 3.030610
116 21 3.067207
117 14 0.593824
117 30 0.651615
117 11 0.669115
117 31 1.161145
117 29 1.196974
117 32 1.303887
117 13 1.321279
117 44 1.293034
117 0 1.384600
117 33 1.359190
117 28 1.442992
117 27 1.444314
117 10 1.537480
117 23 1.587465
117 19 1.591927
117 46 1.651805
117 9 1.704541
117 42 1.674826
117 8 1.730033
117 12 1.773662
117 3 1.950464
117 1 1.953040
117 4 1.955950
117 2 1.980514
117 43 1.945579
117 36 1.995842
117 15 2.034888
117 37 2.033270
117 6 2.059286
117 35 2.073391
117 45 2.078976
117 25 2.101164
117 5 2.120920
117 40 2.104093
117 49 2.118936
117 34 2.157777
117 21 2.250754
117 17 2.291078
117 7 2.313702
117 20 2.317356
117 39 2.300074
117 16 2.322664
117 22 2.318728
117 47 2.303547
117 38 2.318444
117 41 2.332038
117 24 2.349747
117 50 2.410054
117 26 2.440864
117 48 2.428141
117 18 2.488903
118 8 0.539291
118 9 0.605566
118 10 0.629546
118 28 0.692136
118 11 0.776472
118 31 0.936842
118 13 0.991859
118 1 1.010528
118 33 0.979463
118 12 1.023101
118 0 1.174173
118 3 1.173374
118 32 1.146589
118 44 1.136647
118 6 1.295611
118 26 1.317277
118 30 1.342901
118 43 1.479445
118 29 1.499602
118 14 1.577964
118 2 1.608828
118 38 1.705792
118 4 1.761236
118 50 1.708797
118 35 1.748652
118 34 1.750917
118 17 1.799300
118 25 1.803926
118 21 1.811516
118 5 1.861100
118 23 1.860004
118 20 1.876861
118 7 1.901963
118 47 1.899612
118 37 1.926310
118 40 1.933139
118 18 1.974914
118 49 1.934514
118 41 1.944853
118 19 1.998203
118 15 2.023888
118 45 1.986625
118 42 2.003902
118 22 2.043703
118 46 2.012578
118 39 2.045030
118 16 2.075720
118 48 2.098698
118 36 2.127313
118 24 2.204386
118 27 2.213374
119 29 0.521097
119 31 0.521527
119 9 0.615171
119 11 0.616508
119 30 0.622371
119 32 0.826254
119 10 0.851537
119 33 0.895650
119 13 0.945471
119 0 1.036600
119 2 1.072946
119 28 1.123280
119 1 1.171561
119 3 1.198638
119 21 1.185927
119 35 1.192383
119 19 1.257133
119 40 1.245221
119 8 1.298938
119 12 1.376082
119 17 1.383667
119 14 1.387653
119 44 1.076122
119 7 1.462944
119 25 1.459381
119 23 1.503623
119 5 1.526520
119 39 1.500150
119 4 1.552517
119 27 1.548505
119 26 1.671134
119 41 1.664461
119 20 1.691523
119 15 1.711967
119 37 1.686570
119 42 1.577739
119 18 1.743251
119 16 1.753266
119 34 1.739970
119 48 1.065195
119 22 1.797484
119 36 1.785483
119 24 1.804347
119 6 1.825623
119 45 1.303876
119 38 1.833949
119 43 1.712921
119 46 1.174200
119 49 1.184100
119 50 1.196999
119 47 1.322423
120 11 0.639670
120 8 0.642408
120 12 0.746309
120 13 0.776473
120 28 0.949171
120 29 0.948663
120 9 1.213833
120 0 1.221956
120 30 1.181063
120 6 1.275804
120 17 1.267571
120 4 1.278193
120 7 1.276367
120 2 1.308006
120 10 1.310210
120 33 1.369421
120 5 1.417634
120 3 1.497668
120 25 1.495091
120 32 1.504423
120 45 1.479000
120 31 1.659625
120 24 1.681358
120 43 1.640349
120 14 1.705763
120 15 1.705341
120 38 1.669136
120 50 1.643228
120 27 1.690745
120 1 1.727317
120 20 1.710049
120 36 1.677359
120 44 1.679816
120 48 1.735783
120 49 1.734478
120 35 1.784055
120 42 1.805450
120 47 1.830503
120 40 1.847742
120 23 1.928829
120 39 1.918017
120 21 1.957510
120 34 1.949632
120 22 2.112299
120 41 2.071484
120 26 2.101009
120 16 2.125118
120 46 2.062444
120 19 2.122118
120 18 2.141035
120 37 2.101587
