21 0 0.082118
21 2 0.086637
21 1 0.098201
21 4 0.119195
21 8 0.076319
21 3 0.142049
21 6 0.135777
21 7 0.136237
21 10 0.075770
21 5 0.159131
21 9 0.087747
21 11 0.090429
21 13 0.090359
21 12 0.098820
21 14 0.098744
21 16 0.099808
21 17 0.098715
21 15 0.108450
21 18 0.101590
21 20 0.116281
21 22 0.120234
21 21 0.123228
21 19 0.131987
21 29 0.161186
21 30 0.161190
21 44 0.159043
21 40 0.164312
21 42 0.162397
21 50 0.154463
21 24 0.187968
21 27 0.186472
21 31 0.182398
21 25 0.188032
21 26 0.188212
21 23 0.192247
21 32 0.185593
21 38 0.177670
21 33 0.184923
21 45 0.171157
21 47 0.171822
21 41 0.179468
21 39 0.184819
21 43 0.180888
21 37 0.192126
21 28 0.204275
21 35 0.197333
21 48 0.177825
21 34 0.206005
21 36 0.206315
21 49 0.200322
21 46 0.204721
22 0 0.095319
22 1 0.145483
22 3 0.147386
22 5 0.148588
22 2 0.164049
22 8 0.163051
22 17 0.165901
22 7 0.179586
22 4 0.184375
22 9 0.186672
22 6 0.189247
22 20 0.184618
22 10 0.193424
22 19 0.188381
22 14 0.200880
22 12 0.205161
22 18 0.206750
22 11 0.217088
22 13 0.219039
22 21 0.231235
22 16 0.243480
22 15 0.247064
22 31 0.217695
22 28 0.231559
22 49 0.184880
22 33 0.222672
22 30 0.232228
22 32 0.231383
22 26 0.251959
22 22 0.265712
22 35 0.219007
22 45 0.201478
22 41 0.207637
22 25 0.258815
22 23 0.266795
22 47 0.202672
22 37 0.217912
22 40 0.212563
22 36 0.221488
22 43 0.210132
22 44 0.209389
22 34 0.235911
22 48 0.206226
22 27 0.260693
22 29 0.254692
22 42 0.218886
22 38 0.224942
22 24 0.273984
22 50 0.215848
22 46 0.222711
22 39 0.234442
23 3 0.131774
23 1 0.145523
23 2 0.160331
23 5 0.167988
23 6 0.184668
23 0 0.192696
23 4 0.209705
23 9 0.224163
23 8 0.234070
23 33 0.218699
23 31 0.221874
23 11 0.246722
23 35 0.222321
23 15 0.257444
23 30 0.241557
23 14 0.259564
23 10 0.263410
23 12 0.262431
23 13 0.262046
23 43 0.229954
23 18 0.258102
23 27 0.250734
23 42 0.235226
23 44 0.234687
23 32 0.249852
23 41 0.239369
23 25 0.259123
23 50 0.233765
23 22 0.266009
23 17 0.271028
23 39 0.248493
23 21 0.268494
23 37 0.251390
23 47 0.240834
23 40 0.249922
23 36 0.254413
23 29 0.263612
23 19 0.275376
23 23 0.272147
23 45 0.248419
23 34 0.260581
23 20 0.277724
23 16 0.281777
23 38 0.258874
23 24 0.274677
23 46 0.252058
23 7 0.293005
23 26 0.275527
23 48 0.252784
23 28 0.275073
23 49 0.252849
24 0 0.085196
24 1 0.117051
24 4 0.138062
24 3 0.143414
24 2 0.160029
24 5 0.165935
24 13 0.166357
24 10 0.180172
24 7 0.215013
24 9 0.224819
24 20 0.217028
24 8 0.230027
24 14 0.230906
24 17 0.229342
24 11 0.234549
24 12 0.241720
24 33 0.225242
24 29 0.231389
24 19 0.243945
24 22 0.245208
24 21 0.247060
24 6 0.259960
24 32 0.239134
24 26 0.245932
24 38 0.234433
24 39 0.233736
24 18 0.256940
24 30 0.244580
24 25 0.250139
24 31 0.244859
24 48 0.225515
24 44 0.229955
24 50 0.223842
24 28 0.249396
24 37 0.240290
24 16 0.263515
24 46 0.231445
24 23 0.258443
24 34 0.246854
24 27 0.253982
24 45 0.234877
24 41 0.240819
24 42 0.239648
24 47 0.233998
24 49 0.231870
24 36 0.247180
24 15 0.269810
24 40 0.246249
24 35 0.254423
24 43 0.245664
24 24 0.266448
25 0 0.112524
25 5 0.119552
25 3 0.124403
25 2 0.152343
25 4 0.165298
25 1 0.176557
25 9 0.174133
25 8 0.183722
25 7 0.204954
25 6 0.207756
25 33 0.208948
25 10 0.233901
25 13 0.233258
25 11 0.244877
25 12 0.249094
25 20 0.243202
25 31 0.232140
25 44 0.217488
25 29 0.235900
25 28 0.241377
25 40 0.227832
25 17 0.257528
25 15 0.259759
25 18 0.256953
25 19 0.258670
25 14 0.264987
25 24 0.255787
25 21 0.259449
25 22 0.258064
25 16 0.267153
25 34 0.248461
25 32 0.251546
25 39 0.245458
25 23 0.263395
25 46 0.238572
25 45 0.240544
25 48 0.238013
25 42 0.244769
25 30 0.258479
25 38 0.249905
25 35 0.253598
25 36 0.252572
25 25 0.266014
25 50 0.243090
25 26 0.272324
25 37 0.259161
25 47 0.250186
25 49 0.248449
25 43 0.255057
25 27 0.275476
25 41 0.259536
26 0 0.084948
26 3 0.133615
26 2 0.154175
26 5 0.157915
26 1 0.172709
26 4 0.177904
26 14 0.185006
26 8 0.191717
26 19 0.189657
26 16 0.220659
26 17 0.220068
26 20 0.227442
26 10 0.242688
26 34 0.224397
26 13 0.253944
26 23 0.243324
26 21 0.259788
26 44 0.228183
26 29 0.247763
26 12 0.271074
26 9 0.277786
26 47 0.230651
26 27 0.256828
26 33 0.251457
26 25 0.260184
26 32 0.253720
26 42 0.239818
26 15 0.277045
26 22 0.265778
26 28 0.259765
26 31 0.256570
26 41 0.243119
26 11 0.282559
26 37 0.251938
26 38 0.251488
26 50 0.233586
26 46 0.240727
26 30 0.261871
26 39 0.252906
26 49 0.237817
26 24 0.269585
26 7 0.290586
26 45 0.245169
26 6 0.293437
26 48 0.242564
26 35 0.262929
26 26 0.277106
26 40 0.265679
26 36 0.274727
26 43 0.264831
26 18 0.300106
27 0 0.147539
27 3 0.146778
27 6 0.148236
27 5 0.152006
27 4 0.193958
27 1 0.198530
27 2 0.209039
27 8 0.208398
27 11 0.214796
27 9 0.241051
27 24 0.228618
27 33 0.220171
27 38 0.213575
27 21 0.238262
27 14 0.246567
27 10 0.259273
27 34 0.237938
27 12 0.258258
27 42 0.229093
27 7 0.263083
27 16 0.258041
27 18 0.256960
27 19 0.256435
27 47 0.228108
27 23 0.255306
27 15 0.262900
27 22 0.256967
27 25 0.254122
27 37 0.241546
27 50 0.227778
27 13 0.266716
27 17 0.266270
27 44 0.240389
27 20 0.267007
27 28 0.259275
27 43 0.244130
27 27 0.261677
27 32 0.257554
27 26 0.265261
27 35 0.256066
27 31 0.261724
27 46 0.246112
27 29 0.265356
27 36 0.257338
27 30 0.264732
27 41 0.254405
27 39 0.256539
27 48 0.249665
27 45 0.254122
27 40 0.259285
27 49 0.251707
28 0 0.077512
28 2 0.078999
28 3 0.143832
28 1 0.160843
28 5 0.176228
28 4 0.187524
28 16 0.192798
28 15 0.198467
28 14 0.210837
28 9 0.248292
28 41 0.216315
28 13 0.248551
28 12 0.249492
28 29 0.240518
28 21 0.249858
28 35 0.234699
28 31 0.240054
28 11 0.260122
28 7 0.264051
28 24 0.250837
28 22 0.253215
28 49 0.223236
28 32 0.243463
28 18 0.260300
28 25 0.253576
28 28 0.250580
28 10 0.267102
28 44 0.232570
28 6 0.270696
28 33 0.247156
28 20 0.261949
28 27 0.258656
28 47 0.236076
28 50 0.232807
28 8 0.278113
28 43 0.243451
28 30 0.258970
28 26 0.264198
28 36 0.253246
28 37 0.253045
28 42 0.247311
28 23 0.269474
28 17 0.276772
28 34 0.259331
28 19 0.276442
28 39 0.254748
28 40 0.254594
28 45 0.249647
28 48 0.246103
28 46 0.249020
28 38 0.260882
29 0 0.120056
29 3 0.179629
29 5 0.183799
29 2 0.188031
29 4 0.193219
29 1 0.198103
29 8 0.216068
29 10 0.250007
29 7 0.252948
29 9 0.253130
29 30 0.237135
29 13 0.254834
29 33 0.235408
29 11 0.257035
29 12 0.256785
29 6 0.263919
29 14 0.269308
29 44 0.243295
29 29 0.266742
29 15 0.280932
29 24 0.280171
29 28 0.278240
29 19 0.288287
29 17 0.291328
29 18 0.290950
29 16 0.292709
29 32 0.276533
29 38 0.270419
29 20 0.292205
29 22 0.291063
29 43 0.268041
29 48 0.263294
29 26 0.289470
29 40 0.276780
29 21 0.299933
29 37 0.283276
29 31 0.291067
29 25 0.299190
29 34 0.290233
29 46 0.277319
29 41 0.283834
29 42 0.282575
29 23 0.307632
29 50 0.278932
29 36 0.294731
29 45 0.294330
29 27 0.315864
29 39 0.303630
29 47 0.294668
29 35 0.309600
29 49 0.300617
30 0 0.082482
30 5 0.141574
30 2 0.169377
30 1 0.177814
30 3 0.185057
30 4 0.196093
30 7 0.204666
30 8 0.204528
30 21 0.219180
30 11 0.243922
30 10 0.251343
30 14 0.260322
30 33 0.244335
30 22 0.256825
30 12 0.265598
30 32 0.252124
30 25 0.260473
30 20 0.265753
30 24 0.266665
30 9 0.281859
30 19 0.275920
30 23 0.272430
30 27 0.267517
30 6 0.286826
30 31 0.264145
30 46 0.247369
30 30 0.267665
30 38 0.259124
30 13 0.285099
30 18 0.285058
30 29 0.276308
30 44 0.259514
30 40 0.265302
30 42 0.263063
30 17 0.293636
30 16 0.296649
30 28 0.284240
30 26 0.288927
30 15 0.302409
30 34 0.283946
30 37 0.282480
30 49 0.270445
30 47 0.274010
30 43 0.279814
30 48 0.274933
30 50 0.273770
30 36 0.291523
30 41 0.285852
30 35 0.299874
30 39 0.295995
30 45 0.289266
31 3 0.142615
31 0 0.161190
31 5 0.161790
31 2 0.174727
31 8 0.179384
31 6 0.184421
31 4 0.202656
31 1 0.229002
31 20 0.224426
31 14 0.247483
31 11 0.250293
31 10 0.251476
31 19 0.245759
31 9 0.261221
31 12 0.261621
31 21 0.254745
31 33 0.244126
31 7 0.268381
31 44 0.231593
31 42 0.234499
31 22 0.257318
31 50 0.225671
31 26 0.254444
31 13 0.267340
31 28 0.253584
31 17 0.264800
31 31 0.251232
31 29 0.253923
31 32 0.254305
31 38 0.246851
31 23 0.265309
31 24 0.270109
31 30 0.266338
31 47 0.245702
31 25 0.271790
31 46 0.248737
31 27 0.272130
31 37 0.264355
31 39 0.263125
31 41 0.262027
31 35 0.269546
31 15 0.291187
31 34 0.276061
31 49 0.259908
31 48 0.263212
31 45 0.268108
31 16 0.300224
31 18 0.305900
31 40 0.284922
31 36 0.293335
31 43 0.284859
32 1 0.121536
32 2 0.181521
32 3 0.197889
32 0 0.202139
32 5 0.198771
32 4 0.204143
32 14 0.190459
32 10 0.199339
32 12 0.201644
32 8 0.206616
32 7 0.215275
32 11 0.232383
32 13 0.234200
32 9 0.251930
32 15 0.292103
32 19 0.290557
32 17 0.303543
32 21 0.297651
32 23 0.290127
32 31 0.271920
32 20 0.321511
32 27 0.300778
32 29 0.292881
32 33 0.285721
32 25 0.305661
32 24 0.312330
32 16 0.346731
32 22 0.329382
32 44 0.247389
32 45 0.238247
32 6 0.374717
32 30 0.315245
32 35 0.308890
32 28 0.325486
32 18 0.353595
32 43 0.268283
32 39 0.306505
32 36 0.318420
32 37 0.316353
32 41 0.299788
32 26 0.344801
32 46 0.261178
32 32 0.344343
32 42 0.312732
32 48 0.244540
32 38 0.338948
32 40 0.336584
32 34 0.370451
32 47 0.294251
32 50 0.267167
32 49 0.272908
33 2 0.147396
33 0 0.178393
33 1 0.190655
33 4 0.221053
33 8 0.237205
33 7 0.240356
33 3 0.248927
33 28 0.229294
33 6 0.266062
33 32 0.240091
33 30 0.255803
33 14 0.278253
33 12 0.293143
33 10 0.298904
33 29 0.274762
33 18 0.290076
33 16 0.296017
33 22 0.291490
33 5 0.320458
33 25 0.297063
33 9 0.318281
33 24 0.298636
33 46 0.275754
33 34 0.300221
33 11 0.329740
33 36 0.299517
33 49 0.289415
33 33 0.305795
33 21 0.321747
33 31 0.309805
33 44 0.296946
33 38 0.305463
33 48 0.297236
33 13 0.338844
33 20 0.345155
33 19 0.348637
33 41 0.323665
33 40 0.324852
33 50 0.315140
33 42 0.326029
33 15 0.359899
33 35 0.336443
33 26 0.353958
33 27 0.353799
33 45 0.338475
33 43 0.343100
33 17 0.377922
33 47 0.344952
33 37 0.355857
33 39 0.363865
33 23 0.383240
34 0 0.087373
34 3 0.105141
34 2 0.172973
34 5 0.175459
34 1 0.179079
34 11 0.194191
34 4 0.206649
34 6 0.213887
34 13 0.214203
34 10 0.227505
34 9 0.258393
34 8 0.259418
34 31 0.241605
34 14 0.259135
34 12 0.267944
34 28 0.253121
34 17 0.265999
34 43 0.239206
34 32 0.251498
34 7 0.275924
34 33 0.252975
34 35 0.254442
34 20 0.272016
34 27 0.266105
34 21 0.273108
34 26 0.270624
34 29 0.267883
34 19 0.278688
34 50 0.247776
34 42 0.256949
34 15 0.285622
34 41 0.260245
34 36 0.266091
34 30 0.273108
34 47 0.257663
34 23 0.284036
34 16 0.291634
34 38 0.268047
34 44 0.262658
34 45 0.264000
34 22 0.288830
34 46 0.263352
34 48 0.261381
34 39 0.271119
34 34 0.276778
34 37 0.277904
34 18 0.299860
34 24 0.294568
34 25 0.296057
34 40 0.279781
34 49 0.275480
35 5 0.182529
35 0 0.186750
35 3 0.194952
35 11 0.204622
35 1 0.252559
35 6 0.253181
35 8 0.260039
35 4 0.302539
35 10 0.298235
35 13 0.296199
35 30 0.287647
35 44 0.273748
35 2 0.315951
35 19 0.303819
35 9 0.312194
35 7 0.314216
35 21 0.302991
35 14 0.309838
35 32 0.290816
35 33 0.289691
35 17 0.308534
35 15 0.310257
35 18 0.309972
35 12 0.316221
35 31 0.297268
35 42 0.287746
35 20 0.317314
35 29 0.308473
35 28 0.311141
35 25 0.317865
35 24 0.319096
35 22 0.323491
35 26 0.324948
35 50 0.298452
35 47 0.310668
35 46 0.315073
35 40 0.322387
35 49 0.312943
35 35 0.330015
35 27 0.344478
35 36 0.334686
35 34 0.336638
35 16 0.357483
35 43 0.329580
35 39 0.335175
35 48 0.326444
35 45 0.330722
35 23 0.358087
35 38 0.342211
35 41 0.340999
35 37 0.353351
36 1 0.118132
36 0 0.158223
36 2 0.188852
36 3 0.187933
36 8 0.193473
36 5 0.203148
36 11 0.204161
36 4 0.213207
36 9 0.250289
36 17 0.244692
36 12 0.264782
36 13 0.264503
36 10 0.271868
36 19 0.272987
36 21 0.279141
36 37 0.260027
36 29 0.270970
36 31 0.269512
36 16 0.297968
36 7 0.308025
36 27 0.289166
36 25 0.293083
36 33 0.281298
36 39 0.274099
36 15 0.317207
36 43 0.275128
36 35 0.289299
36 47 0.272458
36 45 0.276241
36 30 0.302785
36 32 0.301081
36 41 0.291337
36 23 0.319657
36 28 0.315008
36 34 0.313813
36 49 0.294379
36 44 0.305409
36 14 0.353429
36 36 0.318557
36 42 0.312425
36 50 0.303608
36 26 0.341138
36 6 0.371041
36 40 0.324533
36 24 0.350319
36 46 0.318186
36 18 0.365417
36 38 0.333551
36 22 0.360952
36 48 0.325347
36 20 0.372879
37 4 0.184807
37 0 0.191040
37 9 0.185102
37 2 0.216024
37 10 0.237771
37 11 0.263267
37 13 0.264287
37 31 0.254689
37 6 0.287693
37 1 0.297905
37 28 0.273440
37 33 0.269148
37 12 0.291861
37 7 0.302043
37 32 0.297173
37 25 0.308125
37 14 0.321110
37 29 0.304955
37 17 0.319694
37 8 0.330375
37 44 0.298320
37 5 0.340295
37 42 0.305821
37 36 0.314221
37 22 0.331460
37 38 0.315942
37 30 0.326699
37 15 0.345070
37 27 0.334170
37 3 0.357934
37 34 0.329497
37 23 0.348450
37 37 0.335151
37 40 0.333075
37 50 0.323918
37 16 0.359399
37 46 0.328046
37 24 0.350700
37 47 0.328218
37 35 0.340508
37 26 0.352609
37 39 0.342402
37 41 0.341286
37 20 0.365881
37 45 0.341244
37 48 0.340330
37 43 0.349490
37 18 0.382488
37 21 0.392674
37 49 0.369198
37 19 0.400609
38 0 0.133347
38 5 0.162090
38 4 0.219533
38 8 0.216881
38 2 0.231799
38 3 0.235440
38 1 0.254863
38 30 0.236718
38 12 0.256438
38 10 0.263839
38 32 0.253034
38 14 0.272175
38 7 0.279245
38 9 0.288876
38 28 0.272169
38 11 0.295585
38 13 0.296866
38 44 0.286313
38 6 0.324353
38 33 0.303510
38 31 0.309663
38 23 0.319086
38 29 0.312858
38 16 0.332381
38 34 0.313506
38 40 0.310683
38 15 0.340523
38 20 0.336101
38 17 0.339089
38 39 0.320628
38 26 0.340018
38 22 0.347017
38 36 0.333689
38 24 0.353178
38 43 0.335022
38 46 0.338748
38 41 0.344893
38 48 0.339266
38 18 0.373510
38 50 0.341080
38 45 0.347368
38 35 0.359983
38 25 0.374208
38 49 0.347353
38 21 0.379370
38 47 0.350910
38 38 0.364502
38 27 0.380006
38 42 0.365218
38 19 0.393227
38 37 0.376377
39 0 0.161985
39 5 0.187106
39 3 0.204306
39 2 0.225666
39 6 0.256504
39 1 0.261229
39 20 0.246439
39 8 0.267965
39 12 0.276303
39 4 0.284254
39 14 0.276887
39 11 0.280362
39 10 0.284372
39 17 0.280991
39 28 0.274828
39 7 0.294217
39 19 0.290397
39 9 0.300244
39 13 0.300853
39 31 0.288142
39 32 0.288688
39 29 0.294177
39 22 0.308496
39 37 0.294985
39 48 0.285813
39 26 0.310626
39 41 0.294986
39 27 0.310099
39 33 0.303807
39 23 0.316371
39 39 0.299501
39 21 0.320294
39 30 0.310336
39 43 0.302116
39 44 0.301293
39 36 0.310704
39 16 0.333930
39 18 0.335078
39 25 0.328732
39 15 0.338227
39 40 0.323248
39 42 0.322948
39 46 0.318481
39 24 0.353231
39 35 0.341604
39 45 0.333177
39 34 0.347824
39 49 0.331442
39 50 0.334322
39 47 0.344265
39 38 0.354892
40 0 0.157981
40 3 0.178542
40 5 0.183158
40 13 0.256660
40 19 0.256959
40 9 0.266111
40 6 0.268960
40 7 0.268444
40 1 0.289686
40 33 0.266603
40 31 0.275279
40 29 0.277737
40 17 0.297477
40 43 0.272499
40 11 0.311855
40 23 0.304834
40 8 0.326730
40 21 0.321307
40 49 0.296291
40 20 0.337461
40 47 0.299444
40 37 0.312819
40 25 0.326949
40 39 0.312193
40 40 0.313359
40 14 0.346877
40 4 0.354666
40 10 0.353812
40 2 0.360047
40 28 0.332397
40 45 0.312408
40 38 0.328799
40 35 0.335839
40 44 0.330971
40 15 0.370431
40 18 0.371736
40 12 0.376755
40 16 0.379463
40 30 0.361023
40 41 0.350508
40 34 0.359452
40 27 0.369034
40 32 0.364003
40 26 0.375812
40 46 0.357825
40 22 0.395551
40 24 0.390346
40 36 0.376313
40 48 0.361568
40 42 0.373158
40 50 0.375564
41 3 0.211006
41 0 0.218760
41 6 0.213249
41 5 0.232571
41 4 0.274352
41 2 0.280816
41 13 0.271576
41 11 0.280037
41 28 0.268294
41 9 0.288171
41 33 0.264393
41 1 0.298720
41 12 0.298186
41 31 0.282004
41 30 0.284331
41 10 0.305450
41 7 0.313609
41 8 0.327890
41 32 0.304327
41 43 0.301728
41 14 0.338346
41 19 0.334678
41 29 0.324962
41 15 0.341223
41 21 0.336520
41 44 0.314898
41 39 0.321758
41 46 0.314167
41 37 0.331021
41 17 0.356602
41 34 0.345148
41 22 0.359563
41 18 0.365004
41 48 0.344678
41 42 0.354999
41 16 0.383958
41 20 0.380921
41 35 0.364847
41 40 0.362765
41 49 0.353266
41 25 0.381370
41 27 0.380843
41 24 0.386348
41 45 0.362552
41 47 0.363497
41 26 0.393332
41 50 0.367573
41 38 0.383291
41 23 0.413020
41 41 0.395495
41 36 0.403276
42 1 0.203943
42 0 0.241924
42 2 0.249405
42 3 0.260787
42 8 0.133412
42 4 0.279140
42 5 0.272624
42 9 0.143387
42 11 0.123660
42 13 0.106062
42 7 0.225155
42 12 0.136370
42 10 0.172944
42 6 0.344659
42 14 0.172946
42 17 0.190873
42 21 0.215111
42 25 0.222147
42 20 0.235163
42 24 0.250452
42 16 0.271587
42 23 0.260989
42 26 0.254960
42 15 0.287233
42 43 0.244833
42 29 0.292870
42 33 0.289875
42 27 0.309294
42 39 0.281399
42 41 0.278430
42 46 0.267549
42 31 0.311606
42 18 0.347224
42 38 0.291127
42 22 0.337799
42 45 0.276297
42 19 0.342410
42 34 0.309537
42 37 0.300175
42 48 0.276817
42 32 0.328354
42 44 0.297528
42 35 0.328816
42 30 0.347032
42 28 0.359310
42 40 0.342441
42 36 0.361170
42 49 0.349155
42 47 0.355360
42 42 0.373110
42 50 0.366213
43 4 0.285770
43 2 0.287489
43 0 0.289201
43 8 0.284994
43 11 0.282894
43 14 0.327135
43 12 0.330897
43 32 0.311584
43 10 0.337072
43 30 0.317165
43 7 0.346150
43 48 0.303150
43 18 0.338237
43 28 0.332384
43 29 0.331306
43 6 0.357537
43 3 0.366493
43 39 0.329374
43 13 0.360945
43 5 0.369151
43 1 0.372835
43 44 0.330123
43 16 0.371640
43 45 0.349675
43 34 0.362625
43 38 0.360906
43 46 0.354084
43 20 0.383414
43 47 0.354187
43 23 0.379387
43 31 0.374387
43 22 0.384835
43 33 0.372442
43 50 0.357453
43 41 0.370992
43 42 0.370808
43 9 0.408302
43 43 0.378299
43 17 0.412531
43 36 0.395117
43 25 0.406700
43 35 0.413681
43 27 0.434010
43 37 0.426603
43 40 0.430767
43 49 0.424129
43 19 0.459253
43 24 0.468224
43 21 0.474496
43 15 0.499529
43 26 0.489242
44 0 0.217181
44 11 0.252385
44 5 0.284920
44 44 0.246895
44 14 0.291230
44 1 0.302002
44 33 0.277597
44 30 0.280577
44 13 0.374487
44 12 0.385048
44 9 0.387599
44 3 0.392740
44 4 0.392601
44 32 0.366164
44 15 0.397232
44 7 0.408565
44 10 0.416444
44 29 0.397901
44 2 0.424479
44 47 0.386565
44 18 0.420517
44 19 0.422853
44 35 0.415284
44 25 0.433846
44 28 0.429171
44 8 0.450842
44 43 0.418547
44 31 0.443679
44 26 0.453357
44 23 0.464388
44 17 0.471234
44 6 0.479832
44 37 0.453144
44 27 0.464617
44 36 0.466624
44 46 0.455793
44 38 0.470777
44 39 0.481426
44 50 0.473123
44 21 0.508549
44 41 0.489825
44 48 0.487357
44 34 0.504835
44 49 0.486749
44 40 0.497280
44 45 0.507300
44 42 0.515981
44 22 0.554106
44 20 0.559505
44 16 0.564843
44 24 0.576583
45 8 0.148302
45 9 0.173554
45 13 0.130245
45 10 0.162670
45 12 0.145664
45 2 0.325547
45 0 0.356336
45 11 0.185910
45 1 0.357620
45 4 0.364917
45 6 0.342775
45 7 0.323441
45 5 0.387522
45 3 0.398177
45 14 0.203872
45 44 0.190550
45 28 0.294597
45 16 0.380682
45 30 0.282108
45 20 0.311386
45 32 0.281233
45 18 0.348981
45 17 0.364255
45 33 0.328199
45 26 0.351895
45 19 0.372914
45 23 0.359642
45 27 0.384036
45 31 0.369002
45 34 0.363796
45 25 0.393326
45 29 0.395342
45 46 0.354625
45 15 0.521986
45 36 0.390015
45 39 0.403590
45 40 0.407468
45 48 0.402087
45 37 0.425513
45 42 0.422929
45 43 0.424843
45 24 0.473170
45 45 0.449850
45 21 0.506335
45 47 0.457017
45 35 0.477991
45 22 0.516765
45 41 0.477137
45 50 0.472719
45 38 0.497772
45 49 0.514516
46 1 0.265405
46 11 0.271174
46 2 0.288115
46 12 0.294111
46 3 0.303591
46 9 0.316288
46 31 0.295089
46 28 0.298003
46 33 0.291535
46 13 0.318261
46 16 0.353907
46 5 0.392600
46 44 0.354337
46 49 0.351880
46 4 0.403660
46 8 0.401026
46 26 0.380894
46 41 0.363764
46 17 0.396834
46 7 0.404422
46 32 0.377985
46 30 0.386807
46 0 0.417350
46 14 0.408004
46 18 0.409436
46 46 0.375500
46 6 0.422099
46 29 0.398048
46 21 0.415791
46 10 0.428288
46 15 0.430560
46 43 0.399240
46 39 0.407304
46 37 0.420776
46 27 0.444489
46 36 0.446735
46 35 0.448356
46 23 0.476597
46 45 0.454269
46 38 0.465977
46 19 0.497452
46 47 0.466082
46 24 0.492729
46 50 0.473228
46 20 0.520602
46 42 0.498044
46 40 0.503306
46 22 0.533394
46 48 0.505828
46 25 0.535157
46 34 0.532694
47 8 0.230986
47 4 0.243730
47 3 0.259803
47 10 0.272339
47 11 0.279231
47 9 0.289651
47 0 0.310899
47 5 0.322408
47 1 0.341897
47 2 0.372007
47 24 0.353600
47 30 0.347350
47 32 0.345275
47 25 0.354045
47 27 0.352039
47 31 0.347740
47 29 0.352431
47 14 0.372864
47 41 0.344200
47 13 0.374290
47 28 0.359451
47 44 0.342196
47 26 0.366780
47 7 0.385375
47 12 0.382154
47 16 0.392077
47 33 0.377235
47 48 0.378989
47 40 0.390690
47 15 0.418076
47 43 0.387418
47 6 0.425348
47 36 0.395611
47 18 0.416376
47 17 0.418875
47 23 0.414824
47 34 0.404556
47 37 0.414851
47 22 0.432736
47 49 0.403444
47 39 0.427417
47 20 0.451936
47 21 0.455961
47 45 0.432774
47 35 0.446530
47 47 0.461249
47 19 0.496261
47 46 0.468315
47 38 0.484435
47 42 0.484355
47 50 0.490715
48 8 0.224462
48 0 0.249512
48 3 0.249774
48 4 0.263116
48 2 0.303282
48 10 0.296711
48 1 0.338329
48 9 0.342620
48 44 0.282892
48 13 0.344999
48 17 0.365161
48 15 0.369779
48 18 0.374332
48 16 0.391097
48 20 0.389789
48 29 0.399354
48 21 0.428771
48 11 0.440351
48 30 0.414563
48 25 0.441647
48 7 0.468682
48 27 0.438466
48 31 0.431102
48 32 0.430363
48 33 0.438819
48 12 0.485743
48 5 0.508681
48 38 0.451280
48 28 0.478538
48 23 0.497040
48 45 0.449543
48 43 0.455125
48 35 0.474834
48 14 0.526091
48 36 0.491469
48 24 0.524685
48 42 0.502922
48 19 0.588754
48 47 0.526928
48 40 0.547472
48 37 0.553463
48 39 0.552038
48 26 0.586540
48 41 0.565042
48 50 0.551067
48 34 0.581878
48 46 0.565204
48 22 0.631557
48 6 0.653186
48 49 0.574799
48 48 0.607942
49 8 0.244081
49 14 0.307283
49 9 0.314312
49 32 0.292370
49 30 0.303745
49 4 0.330411
49 10 0.327367
49 28 0.313441
49 3 0.345473
49 2 0.351479
49 0 0.354399
49 6 0.356868
49 12 0.359076
49 44 0.323578
49 13 0.359606
49 33 0.341438
49 11 0.371802
49 29 0.356560
49 1 0.384633
49 31 0.358510
49 18 0.418926
49 5 0.443966
49 24 0.451399
49 27 0.450943
49 26 0.458847
49 16 0.472836
49 20 0.472547
49 36 0.460340
49 22 0.481057
49 34 0.478039
49 38 0.485544
49 15 0.514520
49 50 0.477520
49 21 0.517634
49 39 0.504011
49 40 0.506763
49 42 0.504893
49 48 0.506468
49 35 0.526443
49 43 0.516263
49 49 0.509344
49 17 0.548567
49 7 0.559244
49 46 0.525825
49 25 0.564034
49 47 0.539522
49 45 0.542283
49 41 0.550129
49 23 0.587117
49 19 0.591248
49 37 0.596680
50 0 0.234739
50 14 0.288837
50 28 0.285846
50 13 0.303987
50 10 0.315001
50 11 0.316105
50 9 0.344387
50 3 0.349058
50 1 0.350804
50 8 0.346007
50 31 0.358072
50 5 0.386614
50 32 0.380512
50 15 0.404133
50 33 0.386316
50 29 0.391423
50 4 0.417985
50 30 0.403391
50 12 0.424779
50 44 0.393008
50 21 0.428091
50 23 0.441513
50 24 0.441113
50 2 0.469417
50 16 0.460740
50 34 0.443634
50 35 0.444241
50 7 0.472077
50 43 0.445957
50 25 0.463958
50 22 0.470304
50 18 0.476018
50 27 0.465395
50 26 0.469416
50 38 0.470215
50 41 0.467108
50 19 0.496623
50 45 0.468934
50 49 0.473250
50 40 0.482770
50 6 0.521730
50 46 0.485645
50 37 0.506868
50 39 0.511341
50 17 0.536672
50 36 0.517270
50 48 0.521406
50 50 0.537306
50 42 0.548003
50 47 0.546420
50 20 0.594159
51 9 0.234009
51 8 0.255727
51 12 0.275948
51 10 0.278006
51 14 0.330702
51 0 0.372343
51 4 0.371381
51 32 0.320800
51 30 0.346450
51 28 0.354853
51 5 0.395763
51 11 0.390728
51 6 0.418830
51 44 0.349923
51 13 0.463196
51 2 0.476705
51 1 0.513200
51 33 0.461407
51 36 0.472954
51 24 0.513532
51 38 0.500825
51 34 0.512593
51 40 0.501953
51 20 0.562400
51 26 0.549792
51 16 0.572874
51 18 0.569868
51 7 0.610008
51 31 0.561330
51 22 0.590161
51 46 0.565385
51 39 0.579480
51 29 0.609868
51 45 0.582868
51 15 0.642556
51 3 0.675482
51 42 0.608416
51 21 0.654006
51 37 0.619801
51 35 0.626738
51 50 0.596473
51 48 0.609829
51 41 0.625766
51 27 0.680776
51 43 0.649334
51 25 0.711056
51 23 0.722984
51 19 0.737039
51 47 0.704575
51 17 0.785088
51 49 0.732641
52 0 0.193148
52 4 0.203769
52 3 0.209752
52 2 0.282911
52 1 0.288627
52 9 0.199997
52 11 0.200099
52 8 0.226826
52 6 0.282423
52 14 0.216414
52 7 0.279201
52 12 0.241462
52 13 0.260862
52 10 0.272982
52 15 0.354480
52 5 0.472456
52 17 0.388204
52 28 0.380706
52 29 0.347442
52 25 0.371957
52 22 0.376541
52 27 0.417069
52 30 0.386889
52 24 0.425028
52 16 0.458443
52 23 0.439997
52 19 0.454331
52 44 0.341534
52 18 0.466908
52 31 0.411537
52 32 0.411633
52 20 0.475776
52 26 0.463128
52 21 0.480330
52 33 0.426421
52 36 0.491149
52 35 0.494350
52 41 0.467893
52 38 0.494041
52 45 0.451543
52 37 0.514905
52 46 0.429431
52 39 0.522727
52 42 0.514861
52 34 0.550033
52 40 0.520730
52 47 0.404937
52 50 0.395145
52 49 0.421514
52 43 0.563396
52 48 0.448174
53 8 0.181116
53 9 0.198169
53 11 0.193743
53 1 0.307521
53 10 0.225339
53 0 0.323828
53 4 0.307758
53 3 0.326482
53 2 0.329316
53 13 0.171114
53 5 0.340534
53 12 0.216946
53 14 0.201493
53 7 0.368278
53 6 0.381868
53 28 0.177194
53 18 0.315123
53 15 0.381883
53 17 0.364639
53 16 0.411554
53 44 0.255303
53 22 0.363364
53 30 0.302798
53 20 0.387224
53 33 0.307095
53 32 0.314828
53 31 0.322666
53 23 0.363742
53 29 0.333670
53 21 0.401013
53 24 0.372804
53 26 0.357909
53 19 0.468884
53 43 0.393923
53 40 0.410861
53 45 0.404221
53 41 0.409667
53 47 0.435234
53 36 0.467121
53 46 0.443732
53 50 0.439379
53 25 0.500304
53 48 0.451405
53 38 0.471519
53 37 0.480086
53 42 0.473428
53 27 0.510447
53 39 0.490241
53 34 0.512424
53 35 0.532492
53 49 0.500411
54 13 0.287996
54 12 0.340102
54 14 0.342627
54 32 0.328060
54 31 0.337667
54 29 0.368545
54 33 0.371211
54 11 0.397193
54 3 0.403141
54 2 0.404124
54 10 0.400280
54 0 0.409290
54 15 0.418728
54 1 0.450013
54 44 0.435219
54 42 0.438731
54 9 0.473208
54 19 0.468500
54 28 0.487707
54 30 0.486407
54 27 0.489539
54 8 0.513229
54 24 0.496586
54 37 0.490823
54 47 0.484591
54 4 0.531336
54 34 0.505480
54 46 0.501888
54 39 0.511541
54 23 0.528350
54 50 0.505270
54 17 0.550613
54 40 0.531413
54 6 0.577816
54 35 0.549839
54 25 0.580475
54 43 0.567333
54 20 0.596353
54 5 0.613608
54 48 0.571563
54 26 0.601392
54 38 0.593179
54 41 0.590359
54 7 0.628340
54 36 0.599622
54 22 0.622278
54 21 0.628914
54 45 0.602422
54 49 0.600723
54 18 0.641169
54 16 0.646517
55 13 0.183809
55 1 0.350091
55 2 0.346641
55 8 0.238682
55 11 0.200607
55 0 0.353100
55 12 0.200071
55 9 0.215404
55 10 0.219912
55 14 0.237003
55 6 0.375267
55 5 0.412405
55 4 0.427958
55 3 0.448504
55 7 0.382308
55 28 0.190346
55 16 0.381627
55 15 0.425228
55 32 0.231846
55 18 0.443515
55 26 0.425510
55 24 0.450463
55 22 0.461437
55 20 0.473254
55 30 0.293015
55 44 0.227480
55 25 0.483561
55 23 0.497045
55 27 0.421376
55 17 0.526055
55 29 0.363382
55 21 0.522623
55 33 0.358129
55 19 0.564698
55 31 0.385561
55 38 0.373206
55 47 0.306345
55 36 0.399286
55 41 0.394255
55 43 0.360322
55 45 0.370730
55 40 0.417229
55 35 0.447061
55 50 0.368309
55 39 0.434552
55 42 0.398196
55 34 0.474894
55 46 0.398463
55 49 0.402673
55 37 0.520915
55 48 0.480332
56 8 0.185363
56 3 0.241952
56 9 0.171883
56 0 0.267119
56 1 0.280917
56 10 0.158160
56 11 0.158447
56 4 0.329206
56 12 0.195086
56 5 0.315463
56 2 0.368447
56 13 0.214823
56 20 0.150558
56 7 0.371507
56 6 0.375893
56 14 0.262312
56 15 0.272905
56 29 0.247530
56 28 0.279909
56 17 0.311232
56 33 0.268192
56 27 0.286369
56 19 0.310450
56 25 0.290763
56 23 0.318200
56 21 0.335346
56 26 0.320902
56 30 0.308035
56 24 0.333274
56 22 0.349120
56 16 0.366732
56 31 0.331834
56 32 0.334262
56 44 0.276260
56 18 0.414676
56 34 0.400193
56 41 0.376711
56 35 0.460066
56 37 0.447724
56 49 0.393568
56 42 0.426809
56 40 0.444772
56 39 0.454136
56 46 0.425313
56 43 0.443112
56 50 0.420943
56 38 0.477368
56 47 0.442579
56 36 0.516629
56 45 0.471957
56 48 0.477540
57 8 0.300506
57 0 0.363898
57 31 0.341123
57 9 0.367974
57 2 0.397848
57 32 0.376374
57 33 0.375985
57 5 0.411143
57 30 0.394668
57 3 0.449210
57 13 0.455344
57 14 0.454669
57 10 0.458743
57 4 0.467766
57 44 0.427369
57 12 0.465764
57 28 0.499937
57 11 0.523676
57 24 0.524222
57 7 0.543940
57 22 0.526510
57 40 0.510362
57 48 0.511511
57 27 0.534421
57 18 0.577838
57 6 0.596304
57 29 0.570490
57 16 0.593228
57 26 0.588132
57 45 0.578701
57 1 0.635518
57 35 0.629995
57 38 0.643936
57 42 0.643960
57 50 0.645341
57 19 0.682112
57 46 0.654056
57 34 0.671384
57 36 0.670027
57 21 0.689077
57 43 0.666576
57 25 0.705515
57 39 0.692331
57 49 0.687346
57 15 0.725806
57 17 0.731813
57 20 0.729994
57 37 0.728765
57 47 0.736678
57 23 0.778560
57 41 0.788238
58 9 0.200413
58 10 0.230976
58 8 0.263680
58 11 0.253762
58 12 0.222914
58 14 0.256143
58 13 0.263524
58 3 0.396385
58 5 0.422878
58 1 0.431933
58 0 0.434128
58 2 0.443683
58 7 0.454628
58 4 0.464863
58 29 0.187207
58 6 0.575435
58 31 0.195401
58 28 0.245272
58 18 0.415813
58 33 0.248253
58 16 0.491367
58 15 0.573455
58 32 0.311641
58 20 0.506102
58 21 0.503376
58 23 0.496496
58 19 0.527310
58 30 0.415151
58 17 0.602418
58 27 0.506967
58 26 0.533064
58 44 0.360472
58 25 0.548218
58 34 0.438747
58 22 0.596546
58 35 0.454051
58 24 0.593727
58 36 0.487473
58 39 0.486481
58 43 0.468995
58 40 0.509324
58 41 0.505602
58 47 0.440845
58 46 0.478648
58 37 0.565564
58 38 0.573678
58 45 0.505191
58 42 0.538717
58 50 0.457953
58 48 0.494199
58 49 0.572042
59 8 0.246668
59 10 0.378079
59 12 0.380711
59 4 0.392044
59 14 0.380844
59 9 0.385847
59 3 0.394548
59 2 0.395543
59 1 0.396418
59 30 0.417247
59 44 0.395705
59 0 0.469172
59 32 0.421004
59 11 0.493322
59 6 0.498203
59 28 0.469733
59 18 0.523446
59 16 0.528464
59 5 0.551845
59 43 0.493821
59 40 0.570259
59 13 0.620025
59 34 0.586611
59 38 0.587695
59 29 0.608220
59 46 0.582086
59 17 0.641935
59 22 0.640826
59 20 0.650746
59 36 0.634314
59 41 0.633679
59 33 0.653393
59 48 0.631064
59 31 0.669558
59 15 0.713889
59 26 0.696820
59 45 0.672170
59 47 0.675737
59 7 0.747011
59 24 0.729838
59 23 0.747664
59 39 0.743878
59 50 0.729401
59 35 0.762745
59 25 0.788747
59 42 0.773247
59 27 0.808830
59 21 0.818680
59 19 0.840977
59 37 0.824645
59 49 0.807769
60 14 0.243706
60 10 0.254896
60 13 0.259314
60 11 0.270439
60 8 0.273171
60 12 0.294709
60 9 0.349765
60 3 0.378229
60 1 0.380532
60 5 0.410711
60 0 0.482594
60 2 0.558961
60 4 0.602937
60 28 0.528192
60 6 0.664993
60 23 0.560684
60 15 0.640132
60 7 0.665576
60 31 0.510140
60 33 0.495960
60 18 0.646483
60 17 0.666749
60 30 0.564490
60 21 0.662569
60 19 0.674818
60 20 0.680153
60 32 0.591085
60 29 0.669228
60 22 0.699120
60 35 0.582230
60 45 0.505842
60 48 0.467170
60 39 0.555979
60 44 0.550774
60 27 0.735679
60 26 0.745940
60 16 0.825148
60 25 0.784741
60 40 0.630683
60 42 0.624998
60 36 0.683023
60 38 0.680479
60 37 0.703282
60 24 0.863826
60 50 0.592054
60 41 0.716970
60 43 0.721976
60 49 0.639360
60 47 0.685744
60 46 0.736696
60 34 0.837140
61 11 0.230935
61 10 0.233142
61 9 0.239671
61 8 0.242952
61 4 0.345608
61 12 0.252992
61 13 0.252507
61 1 0.421470
61 5 0.417648
61 0 0.430163
61 3 0.440085
61 2 0.467819
61 14 0.326118
61 6 0.496651
61 7 0.495036
61 15 0.554041
61 44 0.322175
61 31 0.404295
61 29 0.410782
61 19 0.443060
61 28 0.423199
61 20 0.455638
61 18 0.484664
61 32 0.451428
61 30 0.462146
61 33 0.449872
61 23 0.509287
61 17 0.536261
61 22 0.525417
61 24 0.522490
61 26 0.523949
61 25 0.534981
61 36 0.511134
61 21 0.561270
61 16 0.619395
61 39 0.543905
61 27 0.601814
61 37 0.587419
61 35 0.628841
61 34 0.636726
61 40 0.613412
61 45 0.597039
61 46 0.618254
61 43 0.630026
61 38 0.657887
61 50 0.633551
61 41 0.663304
61 42 0.670889
61 48 0.669285
61 49 0.668268
61 47 0.692628
62 1 0.198859
62 5 0.241966
62 8 0.240139
62 3 0.292967
62 0 0.299511
62 9 0.260760
62 10 0.261435
62 11 0.262678
62 12 0.204906
62 2 0.331117
62 13 0.204553
62 14 0.221489
62 4 0.375806
62 7 0.387832
62 6 0.444888
62 15 0.385618
62 16 0.386752
62 20 0.360793
62 18 0.417284
62 30 0.328268
62 33 0.355221
62 28 0.371495
62 44 0.328027
62 19 0.450924
62 32 0.377186
62 29 0.389056
62 21 0.442130
62 17 0.508438
62 26 0.429865
62 31 0.415562
62 22 0.466219
62 45 0.398795
62 27 0.460958
62 25 0.467825
62 24 0.471810
62 40 0.429416
62 36 0.494914
62 23 0.567201
62 34 0.536982
62 46 0.512786
62 42 0.528310
62 41 0.537606
62 38 0.558215
62 48 0.537223
62 35 0.588477
62 37 0.587639
62 39 0.592786
62 47 0.570675
62 43 0.586918
62 49 0.586899
62 50 0.593601
63 9 0.263848
63 5 0.336665
63 12 0.330365
63 31 0.297785
63 4 0.347064
63 10 0.353869
63 7 0.366016
63 3 0.369410
63 11 0.423285
63 29 0.395768
63 28 0.402203
63 6 0.439627
63 2 0.453065
63 44 0.392435
63 33 0.426887
63 13 0.461151
63 32 0.444074
63 30 0.463577
63 15 0.494348
63 8 0.539465
63 1 0.545378
63 43 0.503530
63 18 0.545408
63 14 0.590786
63 0 0.611242
63 21 0.582296
63 35 0.568069
63 34 0.591095
63 26 0.607857
63 19 0.630199
63 27 0.622082
63 16 0.645867
63 25 0.637483
63 41 0.616781
63 39 0.620766
63 36 0.626603
63 48 0.621950
63 47 0.625776
63 38 0.641128
63 17 0.678036
63 50 0.643577
63 22 0.686293
63 40 0.666210
63 46 0.671783
63 37 0.687937
63 42 0.707234
63 45 0.706991
63 24 0.756769
63 23 0.765805
63 20 0.785242
63 49 0.744175
64 1 0.335827
64 8 0.204758
64 11 0.205609
64 9 0.228862
64 3 0.346530
64 12 0.216894
64 5 0.334570
64 10 0.249320
64 13 0.225067
64 14 0.227816
64 0 0.442025
64 4 0.433976
64 6 0.468622
64 7 0.456234
64 2 0.560978
64 28 0.231303
64 30 0.245603
64 32 0.276206
64 16 0.554801
64 44 0.323366
64 19 0.540543
64 18 0.583981
64 21 0.489325
64 25 0.454429
64 24 0.470411
64 22 0.492812
64 26 0.488872
64 33 0.466646
64 29 0.483379
64 31 0.487910
64 36 0.475304
64 17 0.705950
64 35 0.510664
64 45 0.488043
64 15 0.755715
64 23 0.609522
64 34 0.566644
64 38 0.563494
64 27 0.623111
64 41 0.578012
64 43 0.578712
64 48 0.571303
64 49 0.567333
64 47 0.575216
64 40 0.611993
64 20 0.712809
64 37 0.627817
64 46 0.621579
64 42 0.697862
64 50 0.681911
64 39 0.730895
65 3 0.238867
65 9 0.174046
65 8 0.202137
65 5 0.256453
65 10 0.198160
65 11 0.210080
65 12 0.204123
65 1 0.337615
65 13 0.211550
65 0 0.371944
65 2 0.386406
65 7 0.366262
65 14 0.270963
65 4 0.444097
65 6 0.469623
65 16 0.323980
65 29 0.274396
65 22 0.326067
65 30 0.308347
65 28 0.316934
65 32 0.292166
65 23 0.347047
65 26 0.341658
65 33 0.305694
65 15 0.457332
65 27 0.349835
65 25 0.354331
65 31 0.323756
65 20 0.389678
65 18 0.402451
65 17 0.427928
65 35 0.353394
65 24 0.438961
65 44 0.323907
65 42 0.390424
65 19 0.532672
65 34 0.468242
65 50 0.352116
65 36 0.472443
65 43 0.447635
65 21 0.570649
65 47 0.412550
65 39 0.472876
65 38 0.489225
65 48 0.427550
65 45 0.445143
65 40 0.519739
65 37 0.547301
65 46 0.487812
65 41 0.547217
65 49 0.488723
66 8 0.183925
66 1 0.230334
66 0 0.248595
66 9 0.223795
66 11 0.194919
66 10 0.230193
66 4 0.302675
66 13 0.170196
66 12 0.254844
66 14 0.198962
66 3 0.401278
66 2 0.407318
66 7 0.400823
66 6 0.415265
66 5 0.489789
66 29 0.214201
66 30 0.244203
66 19 0.319297
66 20 0.329584
66 28 0.269392
66 16 0.361968
66 18 0.346639
66 15 0.373348
66 31 0.272551
66 33 0.251206
66 21 0.367171
66 32 0.292097
66 17 0.432978
66 24 0.419911
66 22 0.483765
66 44 0.227519
66 26 0.457921
66 25 0.466303
66 23 0.488203
66 36 0.381612
66 27 0.499721
66 43 0.333556
66 34 0.469984
66 46 0.366548
66 49 0.360190
66 35 0.515820
66 50 0.357437
66 41 0.458532
66 48 0.367685
66 39 0.495542
66 37 0.517568
66 45 0.370992
66 40 0.463976
66 47 0.393739
66 42 0.461551
66 38 0.543814
67 8 0.245554
67 11 0.391399
67 9 0.393978
67 3 0.403086
67 10 0.394495
67 12 0.391813
67 13 0.396876
67 5 0.442207
67 7 0.503278
67 32 0.453745
67 31 0.472070
67 1 0.535130
67 0 0.583149
67 29 0.527649
67 41 0.527138
67 15 0.606544
67 44 0.560558
67 30 0.582907
67 40 0.575075
67 28 0.617621
67 49 0.601641
67 6 0.680594
67 19 0.654976
67 14 0.677011
67 4 0.730252
67 45 0.661234
67 2 0.745027
67 36 0.685370
67 21 0.718981
67 17 0.736936
67 35 0.727748
67 42 0.728655
67 33 0.748541
67 18 0.792084
67 48 0.756217
67 50 0.754677
67 23 0.795808
67 25 0.793940
67 27 0.792244
67 46 0.830783
67 47 0.860700
67 16 0.919429
67 39 0.880320
67 37 0.888812
67 34 0.906659
67 38 0.902613
67 43 0.917364
67 20 0.952365
67 24 0.968227
67 22 0.980426
67 26 0.986306
68 8 0.297353
68 12 0.320647
68 11 0.349167
68 9 0.372545
68 10 0.372453
68 14 0.365605
68 2 0.452586
68 13 0.441450
68 4 0.465932
68 0 0.487972
68 6 0.534920
68 3 0.538790
68 17 0.508482
68 1 0.624555
68 5 0.620720
68 7 0.619562
68 19 0.463261
68 30 0.241126
68 27 0.314528
68 33 0.256949
68 20 0.426874
68 16 0.640447
68 29 0.276715
68 15 0.661111
68 31 0.275010
68 21 0.400668
68 24 0.374482
68 32 0.297037
68 28 0.366196
68 22 0.451076
68 25 0.414453
68 34 0.339138
68 18 0.666662
68 26 0.437906
68 35 0.361200
68 23 0.479510
68 44 0.166501
68 36 0.450714
68 37 0.477724
68 38 0.499169
68 42 0.445308
68 50 0.272886
68 40 0.482734
68 39 0.508063
68 41 0.491300
68 45 0.322908
68 46 0.331671
68 47 0.357593
68 48 0.360509
68 49 0.381576
68 43 0.392538
69 8 0.282191
69 13 0.332621
69 10 0.338587
69 0 0.384746
69 3 0.399574
69 1 0.418763
69 11 0.393793
69 4 0.428939
69 14 0.401898
69 5 0.452204
69 7 0.445880
69 2 0.490832
69 9 0.475078
69 44 0.429622
69 17 0.463597
69 31 0.448734
69 29 0.452283
69 6 0.498366
69 12 0.484522
69 33 0.481658
69 30 0.486128
69 25 0.532913
69 15 0.547689
69 38 0.519164
69 36 0.531006
69 19 0.575533
69 47 0.549784
69 28 0.580294
69 41 0.580549
69 49 0.575868
69 26 0.609255
69 32 0.609115
69 21 0.628716
69 39 0.633306
69 35 0.651960
69 20 0.685867
69 48 0.670251
69 45 0.679858
69 24 0.704593
69 37 0.713231
69 22 0.730855
69 40 0.715030
69 23 0.737017
69 42 0.719200
69 27 0.739498
69 43 0.743681
69 34 0.773276
69 16 0.800590
69 46 0.770486
69 18 0.808207
69 50 0.821489
70 12 0.242516
70 14 0.316887
70 10 0.405449
70 32 0.366244
70 4 0.427740
70 44 0.395966
70 8 0.501401
70 3 0.508677
70 30 0.466281
70 16 0.573029
70 6 0.581283
70 15 0.627558
70 13 0.649474
70 2 0.660938
70 26 0.626438
70 45 0.600689
70 0 0.694519
70 9 0.688585
70 36 0.634759
70 31 0.649484
70 33 0.654456
70 11 0.739089
70 28 0.692736
70 40 0.676832
70 18 0.740265
70 37 0.687436
70 5 0.768518
70 43 0.723600
70 29 0.762373
70 1 0.834817
70 24 0.816303
70 27 0.810807
70 35 0.803042
70 50 0.775886
70 41 0.806978
70 34 0.836101
70 22 0.872761
70 7 0.904120
70 38 0.837762
70 42 0.853761
70 20 0.921743
70 21 0.921602
70 17 0.946985
70 19 0.941981
70 47 0.903908
70 49 0.912871
70 25 0.982391
70 39 0.960176
70 46 0.955372
70 23 1.021219
70 48 0.969586
71 10 0.309287
71 8 0.323147
71 11 0.314692
71 9 0.321160
71 2 0.487090
71 1 0.474441
71 13 0.323894
71 14 0.308644
71 12 0.346327
71 3 0.484339
71 0 0.499618
71 5 0.514413
71 29 0.164724
71 4 0.632834
71 28 0.183981
71 7 0.617479
71 30 0.229648
71 6 0.718224
71 15 0.612318
71 31 0.282623
71 20 0.559983
71 16 0.654148
71 32 0.364084
71 23 0.547815
71 18 0.662319
71 21 0.589278
71 17 0.677129
71 19 0.622504
71 33 0.406005
71 44 0.324797
71 26 0.505202
71 24 0.589256
71 25 0.526453
71 38 0.473457
71 27 0.533438
71 47 0.363924
71 22 0.721562
71 34 0.533807
71 42 0.550738
71 35 0.599514
71 37 0.621414
71 40 0.626318
71 45 0.545597
71 36 0.642244
71 46 0.535366
71 48 0.508718
71 39 0.654130
71 43 0.623904
71 41 0.632093
71 50 0.524190
71 49 0.558066
72 0 0.360175
72 8 0.380249
72 12 0.384231
72 3 0.408796
72 1 0.411928
72 5 0.414173
72 9 0.416417
72 11 0.437842
72 2 0.460404
72 44 0.441276
72 13 0.477574
72 30 0.458485
72 17 0.502682
72 20 0.498414
72 29 0.489299
72 31 0.506421
72 7 0.532667
72 33 0.505646
72 10 0.541620
72 4 0.548591
72 35 0.517025
72 42 0.516180
72 15 0.561712
72 28 0.547507
72 14 0.586732
72 45 0.557634
72 19 0.602639
72 23 0.604083
72 25 0.616834
72 39 0.599824
72 32 0.615274
72 24 0.636438
72 38 0.633708
72 26 0.648823
72 40 0.632175
72 22 0.673384
72 48 0.645566
72 6 0.697738
72 47 0.660037
72 27 0.684578
72 43 0.672141
72 16 0.724175
72 21 0.723816
72 41 0.707510
72 49 0.699417
72 50 0.705916
72 36 0.740326
72 34 0.754919
72 18 0.777052
72 46 0.744170
72 37 0.754708
73 10 0.283661
73 8 0.286187
73 12 0.305580
73 11 0.383974
73 14 0.382957
73 13 0.438779
73 9 0.476243
73 0 0.514848
73 5 0.584026
73 29 0.535501
73 7 0.624354
73 16 0.609475
73 6 0.632292
73 18 0.614795
73 32 0.603115
73 1 0.675102
73 44 0.549638
73 28 0.618141
73 4 0.696990
73 21 0.661782
73 30 0.666491
73 2 0.729319
73 3 0.774290
73 31 0.725253
73 42 0.670127
73 33 0.730409
73 35 0.748675
73 22 0.802713
73 20 0.814310
73 19 0.820523
73 27 0.799541
73 25 0.807617
73 45 0.730806
73 50 0.732251
73 26 0.830868
73 23 0.851715
73 24 0.860518
73 36 0.831861
73 43 0.819893
73 38 0.833501
73 40 0.834860
73 46 0.830925
73 34 0.923178
73 39 0.880018
73 37 0.899488
73 17 0.996104
73 41 0.909092
73 15 1.025647
73 48 0.910781
73 49 0.951478
73 47 0.964736
74 9 0.327960
74 12 0.326369
74 11 0.357210
74 13 0.356590
74 29 0.406561
74 10 0.462629
74 43 0.429742
74 33 0.491853
74 7 0.519117
74 15 0.554193
74 37 0.557753
74 31 0.574089
74 8 0.620606
74 16 0.620975
74 42 0.586661
74 27 0.659259
74 25 0.705718
74 19 0.714142
74 18 0.719975
74 28 0.711162
74 2 0.740736
74 21 0.733593
74 4 0.755107
74 3 0.756368
74 30 0.732604
74 45 0.720614
74 1 0.783381
74 39 0.758831
74 47 0.755990
74 44 0.765095
74 34 0.792606
74 14 0.831712
74 50 0.779025
74 32 0.828051
74 17 0.845770
74 5 0.862555
74 49 0.802379
74 26 0.857409
74 46 0.830925
74 23 0.876628
74 6 0.894782
74 22 0.889427
74 35 0.881994
74 40 0.906458
74 38 0.943644
74 48 0.928405
74 41 0.948195
74 0 0.997660
74 20 1.022677
74 24 1.066164
74 36 1.067661
75 13 0.367007
75 8 0.376845
75 11 0.421454
75 9 0.427455
75 14 0.471227
75 12 0.516065
75 5 0.671626
75 3 0.675975
75 1 0.680625
75 2 0.689589
75 28 0.670721
75 6 0.720010
75 0 0.731202
75 32 0.690204
75 29 0.710192
75 10 0.794874
75 15 0.790936
75 31 0.760639
75 4 0.818261
75 44 0.699627
75 30 0.796827
75 7 0.857214
75 18 0.848213
75 22 0.848267
75 21 0.850924
75 17 0.893363
75 33 0.904902
75 19 0.957348
75 24 0.955862
75 23 0.972328
75 20 1.033544
75 37 0.980638
75 40 0.989947
75 16 1.100078
75 25 1.087107
75 27 1.092887
75 48 0.993887
75 35 1.084633
75 34 1.114172
75 46 1.033672
75 49 1.037383
75 38 1.093861
75 26 1.153489
75 39 1.081133
75 41 1.075249
75 45 1.062724
75 47 1.057535
75 42 1.076781
75 43 1.072339
75 36 1.168565
75 50 1.103893
76 8 0.338573
76 9 0.487618
76 11 0.485161
76 10 0.488930
76 12 0.485790
76 14 0.489611
76 5 0.531031
76 0 0.540607
76 1 0.576321
76 3 0.599823
76 2 0.735724
76 31 0.641911
76 28 0.652900
76 6 0.731124
76 4 0.733420
76 13 0.703256
76 7 0.762875
76 32 0.681044
76 29 0.709996
76 33 0.701399
76 30 0.739438
76 15 0.853049
76 16 0.871993
76 18 0.898893
76 22 0.895125
76 44 0.420438
76 17 0.993008
76 24 1.027365
76 38 0.747097
76 19 1.102425
76 34 1.047763
76 23 1.117181
76 26 1.119170
76 40 0.687503
76 20 1.159866
76 21 1.166953
76 27 1.148175
76 37 1.057974
76 36 1.138606
76 25 1.220747
76 47 0.741709
76 35 1.184754
76 46 0.755663
76 43 0.799420
76 41 0.840880
76 39 1.010027
76 48 0.838152
76 49 0.827094
76 45 0.851376
76 42 0.883309
76 50 0.838591
77 10 0.352634
77 8 0.376246
77 9 0.389146
77 11 0.389589
77 13 0.612439
77 12 0.662856
77 3 0.739823
77 30 0.697718
77 32 0.709694
77 5 0.768597
77 33 0.719490
77 2 0.781299
77 14 0.770060
77 0 0.783835
77 1 0.806147
77 7 0.801591
77 28 0.784401
77 4 0.846769
77 27 0.823637
77 17 0.853660
77 37 0.813277
77 29 0.831717
77 15 0.870358
77 31 0.833984
77 6 0.893988
77 35 0.848474
77 44 0.826933
77 50 0.857830
77 18 0.974186
77 45 0.977210
77 19 1.043423
77 36 1.009923
77 48 0.974407
77 46 0.986883
77 38 1.016522
77 42 1.010867
77 49 0.995870
77 47 1.008104
77 26 1.078707
77 20 1.107717
77 24 1.103988
77 25 1.106456
77 16 1.166027
77 21 1.163102
77 43 1.120056
77 23 1.179006
77 39 1.146975
77 40 1.155524
77 41 1.157089
77 34 1.217298
77 22 1.342802
78 3 0.404357
78 1 0.461597
78 8 0.488022
78 22 0.484493
78 12 0.494864
78 29 0.501327
78 44 0.508940
78 32 0.546609
78 0 0.575469
78 30 0.572226
78 10 0.607250
78 28 0.605303
78 2 0.641099
78 33 0.632168
78 31 0.654847
78 34 0.661344
78 4 0.689696
78 21 0.677576
78 5 0.690185
78 14 0.703053
78 13 0.705118
78 16 0.717855
78 11 0.736766
78 20 0.746322
78 9 0.776195
78 24 0.771174
78 25 0.812991
78 7 0.849491
78 19 0.858952
78 6 0.883269
78 41 0.860676
78 27 0.887607
78 26 0.895823
78 23 0.899812
78 36 0.898518
78 46 0.893988
78 18 0.936201
78 39 0.918320
78 45 0.911332
78 37 0.954026
78 17 0.984002
78 50 0.984987
78 43 1.009131
78 40 1.018160
78 15 1.057361
78 35 1.042425
78 47 1.041657
78 48 1.058568
78 49 1.139662
78 42 1.172797
78 38 1.181473
79 11 0.385638
79 13 0.412640
79 10 0.438203
79 14 0.453363
79 31 0.476787
79 12 0.580360
79 6 0.585850
79 32 0.575956
79 8 0.611551
79 44 0.565208
79 33 0.587784
79 3 0.649797
79 2 0.663061
79 9 0.667001
79 29 0.644667
79 22 0.659910
79 27 0.691256
79 45 0.653931
79 1 0.724964
79 4 0.750417
79 5 0.764591
79 15 0.761808
79 28 0.783865
79 7 0.811918
79 23 0.828460
79 30 0.822756
79 16 0.855996
79 40 0.875765
79 42 0.888428
79 21 0.936509
79 38 0.921619
79 37 0.923399
79 43 0.916802
79 24 0.979286
79 47 0.931935
79 19 0.994444
79 49 0.938146
79 36 0.981357
79 20 1.024291
79 25 1.016704
79 17 1.032343
79 34 1.005296
79 41 0.995596
79 0 1.056797
79 35 1.014976
79 39 1.014456
79 50 0.995292
79 48 1.002019
79 18 1.062703
79 46 1.029126
79 26 1.078153
80 44 0.335829
80 10 0.410232
80 14 0.407799
80 11 0.549224
80 13 0.548384
80 9 0.561320
80 30 0.539171
80 8 0.563306
80 12 0.619290
80 0 0.693607
80 39 0.704714
80 1 0.748190
80 28 0.721091
80 32 0.739337
80 2 0.782241
80 5 0.801190
80 31 0.783338
80 26 0.791066
80 18 0.812597
80 43 0.791085
80 17 0.835915
80 33 0.824618
80 4 0.857509
80 29 0.832105
80 16 0.879910
80 25 0.878487
80 21 0.933535
80 38 0.974302
80 50 0.970715
80 34 1.000765
80 48 1.013636
80 24 1.055230
80 37 1.058265
80 35 1.070959
80 40 1.083515
80 27 1.113670
80 42 1.103679
80 6 1.145953
80 36 1.113486
80 7 1.168362
80 47 1.122157
80 3 1.173139
80 20 1.177972
80 46 1.163969
80 15 1.213857
80 22 1.207798
80 19 1.210898
80 23 1.325880
80 49 1.315499
80 45 1.332361
80 41 1.347124
81 8 0.340790
81 11 0.349885
81 10 0.372838
81 12 0.385810
81 13 0.396441
81 3 0.443695
81 9 0.455682
81 29 0.489714
81 0 0.558592
81 1 0.571491
81 14 0.558627
81 32 0.542266
81 5 0.607341
81 31 0.620832
81 33 0.633618
81 4 0.691416
81 28 0.655664
81 30 0.656671
81 2 0.707373
81 44 0.663844
81 7 0.743775
81 15 0.831547
81 19 0.837485
81 20 0.864538
81 35 0.840754
81 47 0.853883
81 16 0.916616
81 46 0.875972
81 25 0.950307
81 42 0.928748
81 50 0.922186
81 17 0.985875
81 40 0.945401
81 37 0.950839
81 23 0.994550
81 38 0.971514
81 45 0.976441
81 21 1.040631
81 26 1.043678
81 43 1.018894
81 27 1.057921
81 6 1.102273
81 34 1.059134
81 36 1.060738
81 48 1.057131
81 39 1.078798
81 49 1.078402
81 41 1.098892
81 18 1.144693
81 22 1.153142
81 24 1.158485
82 44 0.397755
82 32 0.463265
82 10 0.504175
82 12 0.552377
82 13 0.559012
82 11 0.563444
82 8 0.572741
82 28 0.580597
82 14 0.629315
82 31 0.616307
82 30 0.666799
82 9 0.697890
82 4 0.731302
82 29 0.709010
82 38 0.801287
82 33 0.809229
82 21 0.823680
82 24 0.820404
82 0 0.843123
82 16 0.875133
82 3 0.898498
82 40 0.862061
82 2 0.907266
82 22 0.889883
82 25 0.886855
82 23 0.908670
82 6 0.941605
82 18 0.961505
82 48 0.934249
82 34 0.958543
82 5 0.989659
82 39 0.966631
82 19 0.990851
82 36 0.971187
82 1 1.043693
82 27 1.020109
82 47 0.994271
82 50 0.997923
82 7 1.062145
82 45 1.026253
82 43 1.058034
82 46 1.060346
82 17 1.103640
82 49 1.069694
82 26 1.099610
82 42 1.089670
82 15 1.134075
82 35 1.138286
82 20 1.163970
82 41 1.161542
82 37 1.181881
83 9 0.216328
83 8 0.298964
83 12 0.294722
83 10 0.313785
83 13 0.319243
83 14 0.319563
83 11 0.352381
83 5 0.411277
83 3 0.442087
83 7 0.455463
83 1 0.521255
83 2 0.523680
83 0 0.561189
83 4 0.585824
83 29 0.309015
83 28 0.320777
83 6 0.727435
83 31 0.344126
83 32 0.384255
83 16 0.715970
83 15 0.736946
83 19 0.589057
83 18 0.600906
83 30 0.454647
83 33 0.457343
83 20 0.699139
83 22 0.636398
83 17 0.784329
83 21 0.692720
83 27 0.625400
83 23 0.668748
83 44 0.479800
83 25 0.649134
83 26 0.649320
83 24 0.692051
83 41 0.568015
83 35 0.666715
83 43 0.579439
83 36 0.675038
83 49 0.575119
83 40 0.617309
83 45 0.634729
83 48 0.636647
83 50 0.634885
83 39 0.709543
83 42 0.691679
83 37 0.752333
83 34 0.807765
83 46 0.731849
83 38 0.793142
83 47 0.759911
84 13 0.514658
84 8 0.519534
84 29 0.503752
84 14 0.534748
84 10 0.580114
84 30 0.559531
84 9 0.602337
84 5 0.654077
84 12 0.681651
84 47 0.667451
84 44 0.728387
84 32 0.759235
84 2 0.790279
84 4 0.810918
84 22 0.809388
84 27 0.802570
84 3 0.830167
84 31 0.801783
84 28 0.807354
84 41 0.818612
84 48 0.809898
84 36 0.826475
84 17 0.856657
84 33 0.841309
84 11 0.872865
84 39 0.844470
84 38 0.852781
84 6 0.892733
84 42 0.866847
84 7 0.926922
84 18 0.924163
84 25 0.920313
84 1 0.960773
84 24 0.951985
84 40 0.948152
84 45 0.941135
84 0 0.990695
84 35 0.974193
84 50 0.990848
84 37 1.010966
84 34 1.020308
84 26 1.030490
84 23 1.057191
84 20 1.068568
84 49 1.039005
84 19 1.098731
84 21 1.104547
84 15 1.116009
84 16 1.117757
84 46 1.094525
84 43 1.148312
85 9 0.392318
85 10 0.422890
85 3 0.443855
85 1 0.465342
85 11 0.458463
85 24 0.515143
85 28 0.536520
85 5 0.605683
85 13 0.656777
85 0 0.695824
85 44 0.685901
85 27 0.707024
85 29 0.719548
85 8 0.737656
85 33 0.816612
85 35 0.822711
85 19 0.841837
85 2 0.858015
85 14 0.850872
85 32 0.853169
85 12 0.873778
85 7 0.896383
85 40 0.964228
85 37 0.967135
85 36 0.969183
85 30 0.979397
85 45 0.961297
85 23 1.028675
85 31 1.027437
85 22 1.051553
85 42 1.039062
85 15 1.067621
85 39 1.051598
85 41 1.075237
85 47 1.075590
85 17 1.120698
85 48 1.095391
85 21 1.151362
85 6 1.168862
85 25 1.154985
85 20 1.162266
85 34 1.177610
85 26 1.206860
85 4 1.229011
85 38 1.206221
85 43 1.211541
85 46 1.230446
85 49 1.233940
85 18 1.268781
85 50 1.240837
85 16 1.360532
86 11 0.446387
86 9 0.456654
86 10 0.451129
86 12 0.458576
86 8 0.601492
86 28 0.559227
86 32 0.620294
86 1 0.731597
86 14 0.720162
86 4 0.754783
86 5 0.768994
86 6 0.775862
86 30 0.743540
86 13 0.787086
86 3 0.840037
86 2 0.856332
86 7 0.869507
86 0 0.913187
86 31 0.898750
86 33 0.899003
86 15 1.004070
86 29 0.986423
86 44 0.768219
86 16 1.047734
86 36 1.021858
86 21 1.081300
86 20 1.110130
86 24 1.127506
86 37 1.117656
86 17 1.178644
86 46 0.889165
86 18 1.262295
86 22 1.266577
86 40 1.157236
86 45 1.001299
86 19 1.301210
86 27 1.303166
86 34 1.305982
86 35 1.299416
86 26 1.339836
86 25 1.351665
86 38 1.321805
86 23 1.405141
86 47 0.982031
86 39 1.369041
86 43 1.285413
86 48 1.062860
86 41 1.389104
86 49 1.067933
86 42 1.409559
86 50 1.161444
87 9 0.279675
87 8 0.305907
87 11 0.304781
87 12 0.335402
87 13 0.340290
87 14 0.446589
87 10 0.479064
87 1 0.684835
87 0 0.701786
87 3 0.707136
87 6 0.670774
87 2 0.756451
87 29 0.642782
87 31 0.653864
87 32 0.657676
87 5 0.782968
87 7 0.785507
87 15 0.752961
87 21 0.765752
87 30 0.764703
87 33 0.764909
87 25 0.792684
87 4 0.915662
87 28 0.847122
87 24 0.857009
87 44 0.617893
87 19 0.918317
87 22 0.932206
87 27 0.932231
87 26 0.951477
87 16 0.983472
87 37 0.938876
87 36 0.966878
87 17 1.040188
87 40 0.923850
87 47 0.741638
87 23 1.054345
87 45 0.802108
87 35 1.026235
87 46 0.787785
87 38 1.031930
87 34 1.093482
87 18 1.138006
87 39 1.064061
87 49 0.834294
87 42 1.017078
87 41 1.059287
87 48 0.909850
87 20 1.243305
87 43 0.999233
87 50 0.942559
88 44 0.355010
88 9 0.428809
88 8 0.445222
88 11 0.459395
88 10 0.474264
88 28 0.510521
88 32 0.512939
88 13 0.558149
88 14 0.573654
88 12 0.603197
88 30 0.632218
88 2 0.690923
88 0 0.702783
88 29 0.783123
88 4 0.864744
88 7 0.876352
88 31 0.850359
88 18 0.885211
88 16 0.896921
88 33 0.894615
88 1 0.994750
88 40 0.962091
88 41 1.045808
88 5 1.112810
88 15 1.117538
88 42 1.073765
88 3 1.141219
88 36 1.093256
88 26 1.128697
88 6 1.173642
88 22 1.167783
88 24 1.181803
88 37 1.170234
88 23 1.207702
88 48 1.150007
88 45 1.167107
88 46 1.170155
88 43 1.207788
88 19 1.265248
88 34 1.235701
88 20 1.266083
88 49 1.207319
88 17 1.283818
88 50 1.236169
88 35 1.284528
88 21 1.341014
88 47 1.303036
88 39 1.329495
88 25 1.377255
88 38 1.378386
88 27 1.431411
89 8 0.360612
89 9 0.396848
89 10 0.545882
89 11 0.546290
89 14 0.542900
89 12 0.545681
89 13 0.546405
89 1 0.662821
89 3 0.674680
89 5 0.714424
89 30 0.716415
89 2 0.867992
89 31 0.778587
89 29 0.854882
89 32 0.866843
89 4 0.925089
89 33 0.894146
89 7 1.042167
89 28 1.034299
89 0 1.184107
89 44 1.049561
89 15 1.123553
89 35 1.192856
89 17 1.250932
89 6 1.299634
89 20 1.292721
89 41 1.258707
89 25 1.309841
89 27 1.339623
89 16 1.383255
89 21 1.381041
89 43 1.329545
89 22 1.385253
89 45 1.326829
89 40 1.344352
89 47 1.326816
89 37 1.375909
89 26 1.440107
89 23 1.455162
89 19 1.480008
89 38 1.440309
89 42 1.435995
89 34 1.468530
89 39 1.457636
89 18 1.519350
89 24 1.521076
89 50 1.445727
89 48 1.471317
89 36 1.525883
89 49 1.515546
89 46 1.546772
90 9 0.558910
90 14 0.556006
90 13 0.560500
90 12 0.562644
90 3 0.574439
90 10 0.565652
90 11 0.565743
90 1 0.640968
90 5 0.632559
90 0 0.706839
90 8 0.762898
90 31 0.730234
90 44 0.639247
90 7 0.801429
90 29 0.761759
90 18 0.798265
90 2 0.832569
90 6 0.852338
90 4 0.897091
90 17 0.904601
90 16 0.907084
90 30 0.892010
90 21 0.919410
90 15 0.957636
90 20 0.956975
90 32 0.924459
90 28 0.938296
90 33 0.972087
90 19 1.012475
90 38 0.970063
90 25 1.048170
90 27 1.047850
90 43 1.000599
90 46 0.959008
90 36 1.105076
90 35 1.110422
90 23 1.168606
90 47 0.860605
90 22 1.179739
90 24 1.187868
90 42 1.086410
90 45 1.066737
90 37 1.187633
90 26 1.253382
90 34 1.274289
90 40 1.252727
90 50 0.801066
90 39 1.318806
90 41 1.295165
90 49 0.870698
90 48 0.887454
91 9 0.420503
91 11 0.428857
91 14 0.458763
91 31 0.521367
91 12 0.629579
91 29 0.618881
91 10 0.654093
91 8 0.662397
91 1 0.681752
91 3 0.690047
91 7 0.706351
91 13 0.701366
91 32 0.685406
91 30 0.742880
91 19 0.780671
91 5 0.803080
91 28 0.785267
91 44 0.769943
91 33 0.787973
91 37 0.803378
91 15 0.847186
91 38 0.838909
91 0 0.891141
91 40 0.884801
91 47 0.895273
91 2 0.952717
91 42 0.926549
91 35 0.944117
91 18 0.983283
91 46 0.968133
91 23 1.031782
91 22 1.039308
91 4 1.068953
91 21 1.058642
91 17 1.098920
91 6 1.110661
91 43 1.087679
91 50 1.113671
91 27 1.147989
91 20 1.155977
91 34 1.147586
91 45 1.135908
91 16 1.181985
91 24 1.174417
91 36 1.172379
91 49 1.168904
91 39 1.196927
91 25 1.218377
91 41 1.212131
91 48 1.210692
91 26 1.368112
92 21 0.531767
92 33 0.537390
92 13 0.735483
92 30 0.719543
92 2 0.821978
92 28 0.825306
92 40 1.002757
92 9 1.036168
92 12 1.035931
92 4 1.042252
92 0 1.045363
92 14 1.036904
92 44 1.006360
92 11 1.039809
92 8 1.042505
92 31 1.021750
92 32 1.021191
92 19 1.036687
92 43 1.010551
92 3 1.048131
92 10 1.044043
92 24 1.035141
92 36 1.029962
92 25 1.062218
92 45 1.045231
92 1 1.103719
92 50 1.085169
92 29 1.119430
92 5 1.204408
92 41 1.225769
92 7 1.284118
92 48 1.270898
92 6 1.350048
92 27 1.392093
92 16 1.412058
92 15 1.422138
92 18 1.440818
92 42 1.424372
92 37 1.449669
92 47 1.468785
92 38 1.529743
92 17 1.564886
92 22 1.562282
92 20 1.593479
92 35 1.585709
92 34 1.604554
92 26 1.632303
92 23 1.645012
92 49 1.615213
92 39 1.661252
92 46 1.720501
93 30 0.576755
93 10 0.748553
93 32 0.796566
93 8 0.851513
93 4 0.867479
93 28 0.884084
93 14 0.929823
93 7 0.961023
93 3 1.008725
93 5 1.008471
93 19 0.998004
93 12 1.036564
93 2 1.044141
93 1 1.059060
93 16 1.049465
93 9 1.090524
93 29 1.072733
93 31 1.071325
93 41 1.065727
93 21 1.090067
93 11 1.100298
93 43 1.065588
93 13 1.151051
93 33 1.138754
93 44 1.137408
93 6 1.228116
93 24 1.247435
93 20 1.343020
93 0 1.401743
93 22 1.422634
93 26 1.419179
93 23 1.431115
93 38 1.424806
93 34 1.440648
93 15 1.588168
93 39 1.590693
93 37 1.603922
93 49 1.590490
93 25 1.628454
93 40 1.610653
93 50 1.633204
93 42 1.655221
93 17 1.685311
93 36 1.672866
93 18 1.694598
93 47 1.667731
93 27 1.701603
93 35 1.693671
93 45 1.688023
93 46 1.751302
93 48 1.777753
94 8 0.492608
94 10 0.528303
94 14 0.653832
94 31 0.760620
94 1 0.803613
94 3 0.802964
94 28 0.780628
94 0 0.806264
94 7 0.832738
94 2 0.865316
94 44 0.859022
94 35 0.871729
94 32 0.891383
94 12 0.912093
94 36 0.897579
94 9 0.987849
94 11 0.986832
94 16 1.001665
94 6 1.010288
94 29 0.989120
94 13 1.033361
94 30 1.019191
94 27 1.035186
94 33 1.104353
94 38 1.098457
94 4 1.146665
94 43 1.107662
94 20 1.135533
94 40 1.121547
94 34 1.183068
94 45 1.180757
94 5 1.225477
94 22 1.220886
94 47 1.218774
94 25 1.258048
94 23 1.286490
94 24 1.365521
94 26 1.402285
94 46 1.389038
94 17 1.437098
94 18 1.478429
94 50 1.452240
94 39 1.478184
94 21 1.501045
94 41 1.506615
94 37 1.519284
94 48 1.517577
94 15 1.565613
94 42 1.546747
94 19 1.582112
94 49 1.780218
95 10 0.430822
95 11 0.553054
95 9 0.555414
95 3 0.559764
95 13 0.554656
95 32 0.628184
95 31 0.659700
95 5 0.744936
95 29 0.740256
95 8 0.759273
95 30 0.816917
95 1 0.911145
95 28 0.957981
95 50 0.963174
95 33 1.011702
95 44 1.000729
95 41 1.017160
95 12 1.045889
95 14 1.060733
95 7 1.066236
95 43 1.036013
95 36 1.084108
95 19 1.102940
95 15 1.151211
95 0 1.174295
95 6 1.176638
95 25 1.171497
95 27 1.177430
95 20 1.185505
95 16 1.210730
95 21 1.214073
95 38 1.198793
95 39 1.198540
95 23 1.223341
95 46 1.228491
95 37 1.247667
95 47 1.250741
95 18 1.303649
95 22 1.307357
95 42 1.287999
95 4 1.322559
95 24 1.324898
95 17 1.351031
95 26 1.350519
95 40 1.350204
95 34 1.364973
95 49 1.348809
95 35 1.419086
95 2 1.475502
95 45 1.485619
95 48 1.525897
96 8 0.285707
96 12 0.331999
96 9 0.354589
96 11 0.383325
96 10 0.424189
96 14 0.431811
96 13 0.484316
96 0 0.607960
96 5 0.591567
96 7 0.612739
96 3 0.726693
96 6 0.724512
96 4 0.817020
96 2 0.831903
96 1 0.833164
96 16 0.774783
96 30 0.501367
96 15 0.870850
96 32 0.532522
96 29 0.541447
96 31 0.552136
96 18 0.884185
96 42 0.520872
96 28 0.594009
96 44 0.557650
96 33 0.629545
96 20 0.760011
96 50 0.579300
96 38 0.628722
96 17 1.003355
96 24 0.732958
96 47 0.677795
96 45 0.711639
96 19 1.071961
96 36 0.778789
96 22 0.903275
96 48 0.768324
96 26 0.862107
96 43 0.810044
96 23 0.896638
96 46 0.818112
96 40 0.835232
96 39 0.849146
96 25 0.909096
96 35 0.888038
96 27 0.948245
96 37 0.941704
96 21 1.073386
96 41 0.988588
96 34 1.056648
96 49 1.019458
97 9 0.260849
97 29 0.503286
97 3 0.588367
97 13 0.609453
97 19 0.637107
97 44 0.629795
97 12 0.666082
97 1 0.738176
97 31 0.731018
97 28 0.741026
97 11 0.787577
97 0 0.808641
97 6 0.807532
97 30 0.821242
97 45 0.804081
97 33 0.836683
97 24 0.910771
97 48 0.889976
97 21 0.955377
97 39 0.935952
97 5 0.996189
97 10 1.014861
97 40 0.993745
97 14 1.020965
97 17 1.021900
97 32 1.010756
97 20 1.035643
97 37 1.042705
97 18 1.073309
97 7 1.096853
97 8 1.101749
97 15 1.112028
97 23 1.116803
97 47 1.093345
97 22 1.131301
97 35 1.186270
97 36 1.209358
97 2 1.249669
97 25 1.233176
97 4 1.282166
97 34 1.284316
97 41 1.317533
97 46 1.318371
97 43 1.321295
97 16 1.361383
97 42 1.425813
97 27 1.443159
97 49 1.414085
97 38 1.432598
97 50 1.448679
97 26 1.489017
98 10 0.618039
98 29 0.687610
98 0 0.713854
98 8 0.816200
98 3 0.866021
98 1 0.868353
98 5 0.968006
98 32 1.014575
98 28 1.017750
98 24 1.060051
98 16 1.092864
98 11 1.118676
98 44 1.101579
98 14 1.198454
98 9 1.203121
98 33 1.232313
98 19 1.247535
98 12 1.266350
98 50 1.267498
98 30 1.292135
98 31 1.291807
98 42 1.280194
98 21 1.320669
98 13 1.327984
98 46 1.403840
98 40 1.460491
98 6 1.611753
98 35 1.586647
98 34 1.601942
98 17 1.667084
98 25 1.659462
98 27 1.671619
98 38 1.662431
98 20 1.724871
98 22 1.736866
98 43 1.724122
98 26 1.757212
98 49 1.734757
98 7 1.777765
98 23 1.798580
98 47 1.805920
98 41 1.830837
98 48 1.831910
98 4 1.888707
98 18 1.951553
98 45 1.933975
98 36 1.956026
98 37 1.973690
98 2 2.030474
98 15 2.032204
98 39 2.008504
99 8 0.497950
99 9 0.576319
99 11 0.647310
99 28 0.770090
99 31 0.814671
99 10 0.956974
99 0 1.033618
99 1 1.033656
99 3 1.032682
99 12 1.116426
99 32 1.096197
99 33 1.100141
99 4 1.167462
99 5 1.220538
99 14 1.214922
99 7 1.225775
99 38 1.247127
99 29 1.260541
99 6 1.302043
99 27 1.284066
99 23 1.290561
99 44 1.280604
99 13 1.319232
99 30 1.321320
99 50 1.331018
99 46 1.337840
99 34 1.372551
99 15 1.414535
99 39 1.386312
99 20 1.432465
99 19 1.436011
99 22 1.433060
99 35 1.430026
99 2 1.501616
99 18 1.604979
99 41 1.575031
99 49 1.567010
99 36 1.584804
99 47 1.570217
99 40 1.596256
99 16 1.641260
99 17 1.658587
99 24 1.663910
99 42 1.641598
99 37 1.662459
99 43 1.704622
99 45 1.703565
99 26 1.794556
99 21 1.833031
99 48 1.880598
99 25 1.922543
100 9 0.232459
100 8 0.268977
100 12 0.343176
100 10 0.400836
100 11 0.384410
100 0 0.638646
100 13 0.446807
100 3 0.643988
100 14 0.386052
100 2 0.688801
100 1 0.706900
100 5 0.737177
100 32 0.247809
100 31 0.259493
100 30 0.307122
100 29 0.341464
100 4 0.892597
100 28 0.373533
100 7 0.912946
100 44 0.307334
100 6 0.992664
100 33 0.411530
100 18 0.795061
100 16 0.855520
100 19 0.830567
100 42 0.592339
100 21 0.913637
100 15 0.994960
100 20 0.940416
100 17 0.984969
100 25 0.846425
100 48 0.657621
100 23 0.967864
100 39 0.722814
100 24 0.946337
100 50 0.670148
100 26 0.880027
100 22 1.035883
100 38 0.787058
100 27 0.942275
100 40 0.834327
100 41 0.826103
100 35 0.860109
100 36 0.862484
100 45 0.830030
100 47 0.830502
100 34 0.908516
100 49 0.837786
100 43 0.888219
100 46 0.981539
100 37 1.048930
101 12 0.383026
101 3 0.506750
101 28 0.484288
101 13 0.574006
101 0 0.602598
101 30 0.576063
101 29 0.577260
101 20 0.626594
101 5 0.639857
101 14 0.640952
101 8 0.748463
101 9 0.764197
101 1 0.792804
101 33 0.781274
101 7 0.819788
101 32 0.849821
101 31 0.851102
101 39 0.906495
101 40 0.926228
101 11 0.958048
101 37 0.962208
101 44 0.968328
101 19 0.999418
101 25 1.007652
101 36 1.008136
101 10 1.054239
101 23 1.065616
101 48 1.038211
101 50 1.051100
101 43 1.073732
101 49 1.159727
101 47 1.162946
101 4 1.207774
101 17 1.198944
101 6 1.208331
101 41 1.171950
101 46 1.166754
101 45 1.191243
101 16 1.239314
101 21 1.244201
101 15 1.277836
101 18 1.275526
101 24 1.280972
101 42 1.259805
101 22 1.285538
101 38 1.278498
101 26 1.293921
101 2 1.326456
101 35 1.335244
101 34 1.400623
101 27 1.428964
102 8 0.373558
102 14 0.460859
102 13 0.477293
102 11 0.504961
102 10 0.529766
102 0 0.560830
102 1 0.563914
102 12 0.585776
102 3 0.626106
102 9 0.646741
102 29 0.625639
102 2 0.790103
102 33 0.746861
102 28 0.756881
102 44 0.739613
102 4 0.792810
102 30 0.757791
102 5 0.819146
102 40 0.798847
102 31 0.887623
102 32 0.895735
102 20 0.926106
102 36 0.906639
102 18 0.990136
102 38 0.973302
102 26 1.011962
102 43 0.999196
102 48 1.018177
102 34 1.042903
102 39 1.045570
102 35 1.049537
102 23 1.064646
102 21 1.100667
102 16 1.117363
102 37 1.095809
102 24 1.122646
102 25 1.132627
102 46 1.126234
102 17 1.187506
102 45 1.158359
102 49 1.152886
102 6 1.225260
102 7 1.225393
102 15 1.220291
102 22 1.209653
102 19 1.212956
102 47 1.188970
102 42 1.205816
102 50 1.216811
102 41 1.234173
102 27 1.283113
103 9 0.405816
103 14 0.436960
103 44 0.461121
103 30 0.501552
103 28 0.508821
103 32 0.545065
103 10 0.662362
103 11 0.662535
103 3 0.678424
103 29 0.694826
103 8 0.716939
103 33 0.690481
103 12 0.760927
103 13 0.771318
103 4 0.779185
103 20 0.810171
103 5 0.827081
103 1 0.905982
103 6 0.973959
103 46 0.949450
103 45 0.952533
103 31 0.973528
103 43 0.973622
103 0 1.021488
103 2 1.034944
103 25 1.033842
103 37 1.020958
103 21 1.040898
103 27 1.075577
103 19 1.100018
103 7 1.125552
103 16 1.132314
103 18 1.141531
103 39 1.142248
103 38 1.143982
103 36 1.163670
103 23 1.180958
103 41 1.180737
103 22 1.225206
103 40 1.203242
103 15 1.244617
103 48 1.220873
103 24 1.301364
103 17 1.310776
103 42 1.294860
103 26 1.314723
103 50 1.282919
103 34 1.305890
103 35 1.390515
103 47 1.374154
103 49 1.386047
104 10 0.407959
104 9 0.433405
104 12 0.431054
104 11 0.456180
104 28 0.460866
104 13 0.495007
104 32 0.542884
104 29 0.582412
104 8 0.659162
104 5 0.700364
104 44 0.672784
104 31 0.715545
104 14 0.755498
104 0 0.769835
104 2 0.797023
104 1 0.816135
104 4 0.827987
104 16 0.833258
104 3 0.865954
104 30 0.873666
104 45 0.860332
104 7 0.952857
104 23 0.938170
104 43 0.932361
104 25 0.963738
104 17 0.980996
104 35 0.966240
104 33 0.975631
104 22 1.066191
104 40 1.041069
104 38 1.064956
104 6 1.121131
104 21 1.100161
104 48 1.067146
104 47 1.068752
104 20 1.119339
104 42 1.090882
104 15 1.162216
104 46 1.121401
104 49 1.119883
104 37 1.145829
104 19 1.194066
104 18 1.202654
104 41 1.168959
104 39 1.192279
104 50 1.185772
104 36 1.201178
104 27 1.246432
104 26 1.261573
104 34 1.266582
104 24 1.298949
105 10 0.386697
105 13 0.405144
105 9 0.413320
105 14 0.407016
105 8 0.497215
105 28 0.507023
105 12 0.563811
105 32 0.587488
105 11 0.707223
105 1 0.744619
105 6 0.763583
105 5 0.815850
105 0 0.827080
105 4 0.842360
105 30 0.814939
105 3 0.924080
105 29 0.897761
105 31 0.928910
105 44 0.948328
105 33 1.019556
105 40 1.032892
105 36 1.057506
105 2 1.152990
105 16 1.138478
105 34 1.120935
105 43 1.178707
105 7 1.229602
105 22 1.206466
105 45 1.199872
105 38 1.266828
105 18 1.301470
105 42 1.289764
105 15 1.336184
105 20 1.334969
105 37 1.323078
105 24 1.349618
105 48 1.350973
105 35 1.365106
105 17 1.402941
105 50 1.371035
105 47 1.399806
105 27 1.420132
105 19 1.458766
105 23 1.462221
105 41 1.459986
105 49 1.452125
105 46 1.460391
105 39 1.468669
105 26 1.509583
105 25 1.553723
105 21 1.694092
106 10 0.439756
106 12 0.569950
106 11 0.604283
106 28 0.643434
106 0 0.732469
106 9 0.753041
106 5 0.778523
106 1 0.798666
106 3 0.799805
106 30 0.843626
106 14 0.882744
106 44 0.870764
106 8 0.972942
106 33 0.975279
106 13 0.997539
106 29 0.980134
106 32 1.025108
106 40 1.020750
106 2 1.060678
106 31 1.066192
106 37 1.112139
106 34 1.140471
106 43 1.172372
106 6 1.228298
106 4 1.250066
106 7 1.258204
106 24 1.244356
106 36 1.249454
106 21 1.282495
106 50 1.269665
106 19 1.370402
106 48 1.356287
106 20 1.397687
106 16 1.421629
106 25 1.422461
106 45 1.400444
106 15 1.435419
106 47 1.410894
106 18 1.447618
106 22 1.453282
106 35 1.449889
106 49 1.434335
106 17 1.523660
106 27 1.517922
106 26 1.533005
106 23 1.545403
106 46 1.519029
106 41 1.525942
106 42 1.535819
106 38 1.574568
106 39 1.591873
107 8 0.383119
107 9 0.418976
107 10 0.451991
107 28 0.434930
107 11 0.592402
107 32 0.570843
107 13 0.592068
107 31 0.613915
107 3 0.642241
107 33 0.612707
107 0 0.736287
107 14 0.725861
107 1 0.887686
107 30 0.860694
107 44 0.844774
107 29 0.864217
107 12 0.882197
107 4 0.888660
107 5 0.888388
107 7 1.015970
107 25 1.052493
107 37 1.116121
107 43 1.129892
107 2 1.185540
107 17 1.218118
107 36 1.207508
107 22 1.227540
107 38 1.260251
107 18 1.285902
107 26 1.288187
107 41 1.270529
107 16 1.300798
107 42 1.294949
107 6 1.333778
107 40 1.299887
107 39 1.312672
107 46 1.304723
107 15 1.351185
107 49 1.325694
107 47 1.329584
107 35 1.367125
107 45 1.356629
107 21 1.384767
107 34 1.383034
107 24 1.415455
107 19 1.429646
107 48 1.396948
107 27 1.433083
107 50 1.406209
107 20 1.451342
107 23 1.530820
108 11 0.585378
108 14 0.599063
108 44 0.569577
108 30 0.587355
108 12 0.610258
108 9 0.653943
108 10 0.710174
108 8 0.720838
108 28 0.827219
108 0 0.923171
108 5 0.939479
108 31 0.915081
108 32 0.946795
108 13 0.986071
108 29 0.995974
108 4 1.025952
108 40 1.074176
108 2 1.184047
108 33 1.187230
108 43 1.197059
108 49 1.204051
108 6 1.273369
108 45 1.238540
108 24 1.273796
108 22 1.282516
108 34 1.279979
108 3 1.324951
108 18 1.314514
108 36 1.321790
108 37 1.358724
108 41 1.366566
108 1 1.419430
108 7 1.440228
108 39 1.441146
108 25 1.471041
108 35 1.464911
108 48 1.461981
108 16 1.505447
108 26 1.530164
108 47 1.528580
108 46 1.584234
108 15 1.647713
108 21 1.646552
108 27 1.705209
108 38 1.723430
108 20 1.767110
108 42 1.757152
108 23 1.871409
108 50 1.844966
108 17 1.989062
108 19 1.994594
109 11 0.393512
109 9 0.499993
109 33 0.547069
109 3 0.720383
109 30 0.716381
109 5 0.777101
109 29 0.768738
109 14 0.857787
109 13 0.884520
109 44 0.852655
109 28 0.880811
109 1 0.904833
109 31 0.906381
109 10 0.928581
109 50 0.909116
109 34 0.926830
109 6 1.012715
109 4 1.021060
109 27 1.035394
109 22 1.053822
109 0 1.072072
109 2 1.078283
109 7 1.090403
109 15 1.085558
109 41 1.058357
109 32 1.077122
109 12 1.107320
109 39 1.110702
109 43 1.118034
109 8 1.172922
109 36 1.186317
109 17 1.249572
109 19 1.274512
109 24 1.287329
109 25 1.321622
109 48 1.297741
109 40 1.331778
109 18 1.362908
109 37 1.377088
109 49 1.375284
109 21 1.412881
109 42 1.389529
109 47 1.387116
109 16 1.427221
109 26 1.417973
109 23 1.462420
109 35 1.450632
109 38 1.457249
109 20 1.485372
109 45 1.463322
109 46 1.472000
110 10 0.431117
110 12 0.444414
110 11 0.460750
110 8 0.601030
110 28 0.652942
110 32 0.668334
110 33 0.772490
110 6 0.876793
110 0 0.902487
110 3 0.901148
110 14 0.931335
110 29 0.920051
110 1 0.943821
110 30 0.958604
110 31 0.958193
110 44 0.942411
110 13 0.978352
110 37 1.021737
110 45 1.024080
110 9 1.087218
110 41 1.115258
110 16 1.144278
110 2 1.154913
110 5 1.186689
110 50 1.143091
110 15 1.235859
110 21 1.267583
110 4 1.292470
110 40 1.257787
110 39 1.328907
110 42 1.360383
110 38 1.374309
110 46 1.390822
110 48 1.400975
110 34 1.420052
110 17 1.472068
110 36 1.459560
110 18 1.480780
110 25 1.482776
110 20 1.489933
110 27 1.482582
110 19 1.493794
110 47 1.469215
110 7 1.510783
110 43 1.483528
110 35 1.529671
110 49 1.514298
110 24 1.544985
110 26 1.559119
110 22 1.602126
110 23 1.671680
111 9 0.365926
111 28 0.516798
111 10 0.536395
111 32 0.516458
111 11 0.595463
111 8 0.677294
111 5 0.705664
111 33 0.701119
111 3 0.730904
111 29 0.732147
111 31 0.792834
111 6 0.840855
111 1 0.853676
111 13 0.890982
111 47 0.901557
111 0 0.947996
111 12 0.954611
111 44 0.922369
111 7 0.966984
111 17 0.963326
111 41 0.938759
111 4 0.994184
111 42 0.970745
111 15 1.001139
111 30 1.016669
111 27 1.046980
111 35 1.043641
111 19 1.069099
111 23 1.079948
111 37 1.064743
111 14 1.096034
111 34 1.078287
111 16 1.106019
111 40 1.084077
111 22 1.105253
111 18 1.126733
111 21 1.136505
111 2 1.151290
111 45 1.132465
111 26 1.154597
111 43 1.145095
111 20 1.189623
111 25 1.207850
111 38 1.259438
111 49 1.268751
111 24 1.302928
111 36 1.325052
111 48 1.340098
111 50 1.347784
111 39 1.379184
111 46 1.445976
112 12 0.483568
112 8 0.540300
112 13 0.537552
112 9 0.540908
112 11 0.905978
112 0 0.945232
112 30 0.926545
112 1 0.983917
112 5 1.047729
112 3 1.049621
112 7 1.048025
112 32 1.022644
112 2 1.053354
112 44 1.006439
112 29 1.049887
112 6 1.076204
112 28 1.141420
112 33 1.132728
112 36 1.162205
112 14 1.189268
112 10 1.192373
112 31 1.172320
112 26 1.299614
112 45 1.271642
112 4 1.321666
112 20 1.432646
112 38 1.410365
112 24 1.430197
112 15 1.440201
112 49 1.409551
112 17 1.471434
112 21 1.559054
112 47 1.523215
112 27 1.572212
112 50 1.556251
112 23 1.636459
112 25 1.634608
112 39 1.631862
112 22 1.670819
112 16 1.678078
112 34 1.656204
112 35 1.656400
112 43 1.662267
112 42 1.691793
112 18 1.737169
112 19 1.748276
112 48 1.721725
112 40 1.746180
112 37 1.764326
112 46 1.836187
112 41 1.844140
113 31 0.461127
113 11 0.519141
113 9 0.569618
113 29 0.688751
113 13 0.744006
113 33 0.741238
113 30 0.744481
113 10 0.810549
113 44 0.836746
113 3 0.895720
113 14 0.901445
113 5 0.933079
113 8 0.933315
113 41 0.929995
113 7 1.003907
113 28 1.008102
113 2 1.030572
113 49 1.048101
113 15 1.092849
113 17 1.099470
113 12 1.103875
113 36 1.115540
113 45 1.117800
113 35 1.134771
113 21 1.184611
113 32 1.180826
113 47 1.173950
113 1 1.273965
113 0 1.322849
113 50 1.277479
113 40 1.335491
113 27 1.355291
113 39 1.358541
113 4 1.397277
113 43 1.370694
113 19 1.402827
113 42 1.397019
113 24 1.449848
113 16 1.471382
113 6 1.512860
113 22 1.518411
113 37 1.506375
113 18 1.528517
113 25 1.527825
113 20 1.545099
113 26 1.569653
113 34 1.581944
113 38 1.599921
113 23 1.623348
113 48 1.602032
113 46 1.643658
114 9 0.467481
114 11 0.473979
114 31 0.526567
114 13 0.582988
114 12 0.615917
114 1 0.688187
114 10 0.679632
114 28 0.682465
114 0 0.762320
114 3 0.768089
114 14 0.826323
114 8 0.861143
114 44 0.851747
114 2 0.927867
114 4 0.967651
114 32 0.954900
114 33 0.954315
114 30 1.007710
114 29 1.058347
114 40 1.060662
114 7 1.168647
114 34 1.175086
114 6 1.233948
114 5 1.368447
114 42 1.336743
114 16 1.389633
114 36 1.390075
114 45 1.414701
114 43 1.425263
114 26 1.475675
114 15 1.575711
114 21 1.570297
114 39 1.546342
114 20 1.572603
114 48 1.561094
114 49 1.565319
114 25 1.601678
114 18 1.616075
114 19 1.652397
114 22 1.656407
114 24 1.653525
114 27 1.664961
114 41 1.654454
114 50 1.651217
114 46 1.665852
114 37 1.686660
114 35 1.738989
114 17 1.795149
114 38 1.802580
114 23 1.892182
114 47 1.897035
115 11 0.400684
115 10 0.459477
115 8 0.515025
115 31 0.546631
115 30 0.644708
115 28 0.684705
115 0 0.738499
115 12 0.731832
115 9 0.748351
115 2 0.759096
115 29 0.736665
115 13 0.779123
115 1 0.829241
115 14 0.821314
115 32 0.844651
115 5 0.911232
115 22 0.898632
115 41 0.877766
115 33 0.934558
115 3 0.962366
115 49 0.931326
115 27 0.956703
115 4 0.989859
115 6 1.013446
115 45 0.974737
115 47 0.993958
115 44 1.019004
115 21 1.098026
115 36 1.092309
115 17 1.133075
115 34 1.126035
115 38 1.121699
115 25 1.147778
115 24 1.150823
115 19 1.183950
115 16 1.187683
115 39 1.181231
115 26 1.207578
115 37 1.196258
115 18 1.218704
115 48 1.184745
115 43 1.208300
115 20 1.255119
115 23 1.262459
115 50 1.233626
115 35 1.277307
115 15 1.317079
115 42 1.296167
115 7 1.332568
115 46 1.301159
115 40 1.345640
116 10 0.437760
116 12 0.536984
116 32 0.518465
116 44 0.654983
116 28 0.771653
116 6 0.793182
116 3 0.830683
116 11 0.839436
116 0 0.880830
116 30 0.853420
116 5 0.919378
116 14 0.919884
116 8 0.926179
116 49 1.039893
116 1 1.114330
116 4 1.157759
116 21 1.169371
116 13 1.176774
116 35 1.152644
116 16 1.206008
116 33 1.186268
116 29 1.192287
116 2 1.234526
116 22 1.219886
116 31 1.222264
116 9 1.271238
116 18 1.291591
116 15 1.295431
116 37 1.316809
116 50 1.366001
116 24 1.410491
116 34 1.397680
116 40 1.404603
116 17 1.446210
116 26 1.453285
116 42 1.468161
116 7 1.522063
116 46 1.487409
116 39 1.498126
116 23 1.519352
116 41 1.508091
116 43 1.528818
116 27 1.549830
116 19 1.559819
116 47 1.524827
116 36 1.549106
116 25 1.615516
116 38 1.700135
116 48 1.686415
116 20 1.724209
116 45 1.713408
117 12 0.531436
117 10 0.550028
117 30 0.566595
117 11 0.627194
117 31 0.652065
117 13 0.709529
117 44 0.805082
117 8 0.851001
117 32 0.823802
117 0 0.951050
117 14 0.964516
117 1 0.974354
117 9 0.973194
117 28 0.978829
117 3 1.027164
117 6 1.119718
117 5 1.120904
117 29 1.145275
117 4 1.171358
117 33 1.139245
117 2 1.316633
117 26 1.332578
117 7 1.364545
117 43 1.321429
117 45 1.336201
117 23 1.407512
117 40 1.394349
117 15 1.443263
117 38 1.460665
117 34 1.484198
117 27 1.595241
117 19 1.604754
117 42 1.571300
117 25 1.599923
117 48 1.581349
117 36 1.600880
117 18 1.653059
117 21 1.651080
117 20 1.668257
117 35 1.648975
117 46 1.677378
117 22 1.715678
117 17 1.720852
117 50 1.674358
117 37 1.694267
117 39 1.692136
117 16 1.737896
117 24 1.758718
117 41 1.758699
117 49 1.747813
117 47 1.789836
118 8 0.467224
118 13 0.487983
118 10 0.499180
118 9 0.579134
118 11 0.633526
118 33 0.765831
118 32 0.783860
118 30 0.786243
118 31 0.786058
118 0 0.942640
118 1 0.984646
118 12 0.978950
118 44 0.977203
118 2 1.061190
118 29 1.036029
118 3 1.154165
118 22 1.161969
118 14 1.171452
118 28 1.157180
118 42 1.157897
118 4 1.229745
118 50 1.181408
118 34 1.200082
118 6 1.250708
118 5 1.313364
118 38 1.290247
118 23 1.337109
118 7 1.404903
118 47 1.374803
118 35 1.404832
118 24 1.445177
118 16 1.513467
118 17 1.513209
118 46 1.520997
118 18 1.556190
118 40 1.545382
118 37 1.575648
118 39 1.574551
118 21 1.608956
118 26 1.603449
118 20 1.625237
118 48 1.592601
118 27 1.710239
118 43 1.691555
118 19 1.721848
118 41 1.694091
118 25 1.714777
118 15 1.726940
118 45 1.716905
118 49 1.759923
118 36 1.776326
119 44 0.465472
119 12 0.583367
119 10 0.707774
119 11 0.707905
119 9 0.773635
119 33 0.812555
119 13 0.853475
119 8 0.872673
119 29 0.926637
119 3 1.000189
119 32 0.982880
119 49 0.962588
119 1 1.022281
119 14 1.032953
119 2 1.070448
119 31 1.046385
119 28 1.087269
119 30 1.089790
119 48 1.136333
119 7 1.181663
119 4 1.225894
119 39 1.201035
119 37 1.216430
119 19 1.262919
119 41 1.303176
119 26 1.337033
119 45 1.333065
119 5 1.378613
119 0 1.410223
119 21 1.401009
119 35 1.398061
119 15 1.429237
119 6 1.456650
119 22 1.460494
119 17 1.474738
119 18 1.481927
119 50 1.479012
119 36 1.503120
119 24 1.559875
119 16 1.576974
119 47 1.553342
119 43 1.558925
119 46 1.562482
119 38 1.593199
119 40 1.599406
119 42 1.612031
119 20 1.649617
119 23 1.654454
119 27 1.673380
119 25 1.675919
119 34 1.707087
120 8 0.515053
120 14 0.603802
120 11 0.611306
120 10 0.825686
120 12 0.821257
120 13 0.824366
120 31 0.899615
120 28 0.959912
120 32 0.955996
120 0 1.028668
120 6 1.163611
120 4 1.167994
120 3 1.170708
120 9 1.154607
120 5 1.195378
120 1 1.241746
120 44 0.764726
120 29 1.233642
120 33 1.277801
120 17 1.323534
120 7 1.349170
120 30 1.304359
120 2 1.433890
120 25 1.430566
120 21 1.610551
120 26 1.599802
120 24 1.604207
120 19 1.619286
120 23 1.610389
120 38 1.605740
120 18 1.695245
120 15 1.702344
120 20 1.692517
120 22 1.687505
120 45 1.160913
120 16 1.784580
120 36 1.720313
120 35 1.728484
120 42 1.572530
120 40 1.692912
120 49 1.214817
120 27 1.814734
120 34 1.817479
120 48 1.274211
120 41 1.739997
120 39 1.794092
120 43 1.448812
120 37 1.875582
120 50 1.306009
120 47 1.462426
120 46 1.480938
