21 2 0.094329
21 1 0.099083
21 0 0.104991
21 3 0.127887
21 4 0.104958
21 5 0.095881
21 11 0.070151
21 12 0.071395
21 7 0.090755
21 6 0.113225
21 9 0.089339
21 8 0.096900
21 13 0.103156
21 10 0.118617
21 15 0.097227
21 14 0.115755
21 16 0.108152
21 17 0.104365
21 18 0.106567
21 20 0.112714
21 19 0.125988
21 22 0.133569
21 24 0.135709
21 30 0.148880
21 28 0.152554
21 38 0.146908
21 45 0.132166
21 43 0.135171
21 33 0.159398
21 29 0.168519
21 41 0.145799
21 48 0.134918
21 42 0.146832
21 27 0.178439
21 40 0.155842
21 37 0.160786
21 44 0.145576
21 21 0.191564
21 46 0.146710
21 32 0.175567
21 31 0.179316
21 23 0.193044
21 26 0.188773
21 47 0.150953
21 36 0.174847
21 34 0.182912
21 25 0.207136
21 50 0.161863
21 39 0.186541
21 35 0.199972
21 49 0.177260
22 0 0.127011
22 3 0.131984
22 1 0.144034
22 2 0.157937
22 6 0.173903
22 4 0.182248
22 5 0.189928
22 8 0.190652
22 7 0.192437
22 11 0.203556
22 13 0.203696
22 9 0.216147
22 12 0.214663
22 10 0.220993
22 33 0.225601
22 17 0.248391
22 41 0.218459
22 35 0.241600
22 19 0.249580
22 29 0.240102
22 15 0.256799
22 27 0.255088
22 30 0.233042
22 36 0.243416
22 49 0.229230
22 45 0.233485
22 21 0.265632
22 25 0.263694
22 23 0.265871
22 38 0.246066
22 43 0.243109
22 26 0.270383
22 31 0.262109
22 22 0.276463
22 28 0.272930
22 46 0.252552
22 47 0.252173
22 16 0.293604
22 32 0.273005
22 44 0.259009
22 34 0.270267
22 14 0.297787
22 20 0.293070
22 37 0.272557
22 50 0.257699
22 40 0.270381
22 48 0.260647
22 24 0.293000
22 39 0.272544
22 18 0.300850
22 42 0.272598
23 3 0.123183
23 0 0.137027
23 4 0.148435
23 1 0.154152
23 2 0.172917
23 7 0.176616
23 12 0.182622
23 8 0.188171
23 11 0.187495
23 6 0.198915
23 10 0.196158
23 5 0.205053
23 13 0.218823
23 14 0.223569
23 29 0.208167
23 9 0.239186
23 30 0.218186
23 35 0.213446
23 42 0.211627
23 32 0.223432
23 19 0.239546
23 31 0.227804
23 21 0.237809
23 50 0.209494
23 15 0.248754
23 28 0.234407
23 18 0.246146
23 33 0.230577
23 20 0.244176
23 34 0.229959
23 25 0.239806
23 40 0.224518
23 44 0.222760
23 24 0.244570
23 17 0.253372
23 37 0.233088
23 23 0.249579
23 38 0.233234
23 47 0.226328
23 16 0.260338
23 26 0.249565
23 22 0.253969
23 39 0.236730
23 36 0.240658
23 43 0.236122
23 27 0.253091
23 49 0.231094
23 46 0.235231
23 45 0.236699
23 41 0.243473
23 48 0.238300
24 0 0.126419
24 4 0.127188
24 3 0.145479
24 10 0.152016
24 2 0.166177
24 1 0.166898
24 9 0.181095
24 8 0.193061
24 7 0.203123
24 5 0.206618
24 6 0.211591
24 20 0.204658
24 17 0.213827
24 28 0.205553
24 13 0.219907
24 33 0.201920
24 31 0.209285
24 48 0.193311
24 32 0.212270
24 34 0.213589
24 19 0.230426
24 24 0.226273
24 12 0.237498
24 29 0.223726
24 14 0.238417
24 36 0.218111
24 15 0.238837
24 42 0.211874
24 30 0.225958
24 37 0.218946
24 23 0.235501
24 22 0.237699
24 43 0.217948
24 39 0.223131
24 46 0.215739
24 18 0.244720
24 11 0.250580
24 50 0.212608
24 26 0.238557
24 38 0.226640
24 49 0.214913
24 27 0.238550
24 47 0.218009
24 44 0.221048
24 16 0.251129
24 41 0.226496
24 45 0.224931
24 35 0.238435
24 21 0.252878
24 25 0.248868
24 40 0.233934
25 0 0.121469
25 4 0.135171
25 1 0.143290
25 3 0.152398
25 8 0.179965
25 2 0.186779
25 13 0.189084
25 6 0.197095
25 9 0.197971
25 12 0.196384
25 5 0.203041
25 7 0.214994
25 11 0.220375
25 33 0.209024
25 10 0.232233
25 17 0.233098
25 31 0.226853
25 19 0.241563
25 29 0.231231
25 20 0.242672
25 15 0.248735
25 30 0.234762
25 21 0.244661
25 39 0.228935
25 35 0.232943
25 16 0.254063
25 44 0.228304
25 24 0.247096
25 42 0.231273
25 38 0.234980
25 14 0.258153
25 32 0.239963
25 28 0.245951
25 25 0.250840
25 36 0.241250
25 43 0.238276
25 41 0.240512
25 27 0.253707
25 37 0.245171
25 47 0.236594
25 22 0.263208
25 45 0.240463
25 50 0.236490
25 48 0.239673
25 49 0.239236
25 23 0.267091
25 40 0.251837
25 26 0.264636
25 46 0.245200
25 34 0.257928
25 18 0.275046
26 0 0.127137
26 3 0.147083
26 1 0.151813
26 4 0.156654
26 5 0.159452
26 6 0.183968
26 10 0.192065
26 11 0.193677
26 2 0.212999
26 7 0.216260
26 17 0.215418
26 19 0.221042
26 28 0.214304
26 8 0.231881
26 13 0.240824
26 23 0.232953
26 9 0.246824
26 12 0.245188
26 22 0.237155
26 21 0.238320
26 30 0.229372
26 20 0.241421
26 24 0.238000
26 31 0.229825
26 25 0.237524
26 33 0.228405
26 29 0.233238
26 46 0.215587
26 42 0.221587
26 34 0.232195
26 14 0.253304
26 27 0.242456
26 26 0.243855
26 39 0.229350
26 37 0.231215
26 16 0.253965
26 41 0.228420
26 32 0.239242
26 43 0.227380
26 49 0.222634
26 50 0.222021
26 44 0.227335
26 38 0.234126
26 47 0.225712
26 48 0.226548
26 40 0.237467
26 15 0.263364
26 36 0.243158
26 18 0.264805
26 35 0.249961
26 45 0.241243
27 0 0.121694
27 4 0.138139
27 3 0.147089
27 1 0.149887
27 2 0.176501
27 8 0.189051
27 5 0.192805
27 9 0.197231
27 6 0.202099
27 10 0.199164
27 12 0.203032
27 7 0.207000
27 21 0.225363
27 19 0.233643
27 47 0.206228
27 34 0.220969
27 24 0.234030
27 16 0.243359
27 13 0.245480
27 23 0.236515
27 11 0.247241
27 27 0.236185
27 31 0.233097
27 38 0.226228
27 20 0.246160
27 33 0.232848
27 25 0.241154
27 18 0.248458
27 15 0.252273
27 17 0.251518
27 50 0.217170
27 43 0.225224
27 42 0.226274
27 29 0.242112
27 28 0.245449
27 37 0.236092
27 22 0.254626
27 26 0.250601
27 30 0.248056
27 32 0.247315
27 45 0.232391
27 44 0.235488
27 39 0.242273
27 14 0.268105
27 40 0.245699
27 48 0.237068
27 41 0.244577
27 36 0.251104
27 46 0.240570
27 35 0.257054
27 49 0.242774
28 0 0.142038
28 2 0.160375
28 3 0.159817
28 9 0.167433
28 4 0.170825
28 8 0.170182
28 10 0.173377
28 6 0.179224
28 1 0.183368
28 5 0.188235
28 14 0.242179
28 16 0.240988
28 41 0.216532
28 19 0.238360
28 28 0.230220
28 11 0.248154
28 12 0.247238
28 40 0.221796
28 18 0.244963
28 24 0.241596
28 50 0.214926
28 32 0.234878
28 20 0.247976
28 33 0.236864
28 30 0.239958
28 42 0.228947
28 21 0.251280
28 49 0.223107
28 7 0.264095
28 17 0.258765
28 46 0.230591
28 37 0.241135
28 26 0.251624
28 43 0.235943
28 13 0.266720
28 29 0.252669
28 48 0.233426
28 27 0.255539
28 39 0.244318
28 38 0.245678
28 15 0.268522
28 36 0.249464
28 44 0.241485
28 35 0.251822
28 31 0.255127
28 34 0.255060
28 23 0.266839
28 22 0.269231
28 47 0.246471
28 25 0.269283
28 45 0.250736
29 0 0.130781
29 1 0.149835
29 3 0.176951
29 8 0.177569
29 12 0.176817
29 2 0.188142
29 4 0.209264
29 5 0.211420
29 7 0.213593
29 33 0.211818
29 14 0.235052
29 11 0.237480
29 6 0.278767
29 13 0.274411
29 28 0.262736
29 30 0.260446
29 9 0.280431
29 32 0.258381
29 25 0.266985
29 29 0.264853
29 10 0.285326
29 24 0.274427
29 20 0.279828
29 34 0.266360
29 44 0.255969
29 18 0.285139
29 40 0.261499
29 15 0.287978
29 35 0.269255
29 31 0.274196
29 46 0.259122
29 49 0.256903
29 23 0.286567
29 26 0.283782
29 17 0.293633
29 22 0.288519
29 16 0.294876
29 21 0.291381
29 45 0.271349
29 38 0.279777
29 47 0.270548
29 48 0.269853
29 43 0.277684
29 50 0.270137
29 41 0.281509
29 37 0.285459
29 27 0.298888
29 36 0.289404
29 19 0.308428
29 39 0.286816
29 42 0.284464
30 3 0.160267
30 5 0.157366
30 2 0.165048
30 0 0.172402
30 9 0.157986
30 1 0.172655
30 4 0.169175
30 11 0.161051
30 8 0.170489
30 6 0.174823
30 7 0.198650
30 12 0.192052
30 13 0.193968
30 10 0.210167
30 19 0.192767
30 14 0.206620
30 21 0.190511
30 23 0.189667
30 20 0.205345
30 22 0.203070
30 15 0.229979
30 16 0.230770
30 17 0.230209
30 28 0.096777
30 31 0.103890
30 18 0.251323
30 33 0.106150
30 25 0.132670
30 29 0.142455
30 44 0.092008
30 38 0.113597
30 32 0.150427
30 42 0.111029
30 24 0.272162
30 43 0.117518
30 26 0.176865
30 30 0.170500
30 27 0.174859
30 35 0.152854
30 34 0.154563
30 36 0.158960
30 39 0.143332
30 40 0.148878
30 49 0.100338
30 45 0.140442
30 37 0.177218
30 48 0.109485
30 50 0.109098
30 46 0.126593
30 47 0.128040
30 41 0.181136
31 0 0.187758
31 2 0.187000
31 6 0.185817
31 5 0.188455
31 1 0.199800
31 3 0.214027
31 9 0.217642
31 8 0.237118
31 13 0.243001
31 21 0.236040
31 4 0.254608
31 42 0.217920
31 31 0.230485
31 14 0.253623
31 10 0.257283
31 12 0.261574
31 44 0.227782
31 33 0.244641
31 20 0.260974
31 32 0.252597
31 17 0.269772
31 19 0.269274
31 30 0.259145
31 25 0.265292
31 27 0.264978
31 29 0.264154
31 50 0.241976
31 23 0.271622
31 7 0.287943
31 26 0.270872
31 22 0.282731
31 38 0.266643
31 46 0.258379
31 41 0.263723
31 34 0.277492
31 11 0.302278
31 28 0.284365
31 18 0.296865
31 37 0.277617
31 24 0.293314
31 43 0.274076
31 47 0.269196
31 45 0.275387
31 35 0.292061
31 49 0.282135
31 39 0.294447
31 48 0.285386
31 16 0.319938
31 40 0.294430
31 36 0.300140
31 15 0.332764
32 0 0.160897
32 1 0.162995
32 2 0.182308
32 3 0.186462
32 4 0.201805
32 8 0.210437
32 12 0.209531
32 14 0.208592
32 11 0.213183
32 10 0.217728
32 6 0.248049
32 31 0.230325
32 5 0.256835
32 9 0.256738
32 32 0.233440
32 28 0.241477
32 7 0.262327
32 13 0.261751
32 17 0.271365
32 20 0.268359
32 16 0.274297
32 44 0.245866
32 33 0.258803
32 27 0.269343
32 15 0.285838
32 30 0.270213
32 24 0.276730
32 18 0.284506
32 29 0.273646
32 19 0.287208
32 36 0.269663
32 42 0.265890
32 38 0.273789
32 21 0.292522
32 34 0.278138
32 22 0.291572
32 49 0.265409
32 25 0.293398
32 37 0.280156
32 45 0.272677
32 40 0.278806
32 47 0.271940
32 35 0.285096
32 39 0.281136
32 50 0.272333
32 26 0.302356
32 46 0.283943
32 48 0.282751
32 43 0.288211
32 23 0.315520
32 41 0.304394
33 0 0.174964
33 1 0.179608
33 2 0.200841
33 3 0.203151
33 9 0.199736
33 10 0.201918
33 5 0.208489
33 8 0.212052
33 11 0.214766
33 33 0.205099
33 14 0.234704
33 12 0.238401
33 6 0.254391
33 44 0.218965
33 13 0.252789
33 28 0.247364
33 32 0.243374
33 15 0.265050
33 18 0.265604
33 31 0.256532
33 7 0.282247
33 4 0.285514
33 29 0.265562
33 24 0.273408
33 16 0.283751
33 26 0.276488
33 19 0.284285
33 22 0.282089
33 30 0.274897
33 17 0.287830
33 27 0.289609
33 45 0.270154
33 21 0.296181
33 43 0.272987
33 38 0.279330
33 35 0.282726
33 49 0.268615
33 39 0.281137
33 37 0.283928
33 41 0.279304
33 25 0.300428
33 40 0.290692
33 42 0.290032
33 36 0.297529
33 20 0.319194
33 47 0.292974
33 46 0.294842
33 23 0.322491
33 34 0.311467
33 48 0.300650
33 50 0.302130
34 1 0.160462
34 0 0.171789
34 3 0.172550
34 4 0.210613
34 10 0.217853
34 8 0.222368
34 9 0.224777
34 2 0.237970
34 6 0.259730
34 11 0.255792
34 5 0.263770
34 28 0.251417
34 15 0.277271
34 13 0.279161
34 19 0.276075
34 29 0.266775
34 31 0.266776
34 17 0.281661
34 21 0.278526
34 47 0.249478
34 7 0.292866
34 33 0.268638
34 12 0.291028
34 32 0.271913
34 27 0.278676
34 43 0.259134
34 35 0.271033
34 16 0.291640
34 14 0.295219
34 44 0.261931
34 30 0.282189
34 49 0.263442
34 23 0.295878
34 48 0.268666
34 42 0.276666
34 38 0.284017
34 34 0.291628
34 45 0.282457
34 26 0.308578
34 50 0.280268
34 40 0.294083
34 36 0.300733
34 39 0.296296
34 18 0.320690
34 37 0.301628
34 22 0.317092
34 25 0.318691
34 41 0.300137
34 24 0.327707
34 46 0.304307
34 20 0.336548
35 0 0.189622
35 9 0.206868
35 13 0.231478
35 1 0.240329
35 8 0.264445
35 4 0.267771
35 2 0.269629
35 10 0.263930
35 3 0.269420
35 6 0.276453
35 33 0.263722
35 5 0.291563
35 11 0.289477
35 30 0.271253
35 31 0.270998
35 44 0.259899
35 7 0.298334
35 17 0.292084
35 12 0.307168
35 21 0.302261
35 28 0.296423
35 18 0.307925
35 42 0.281663
35 14 0.312938
35 50 0.274015
35 32 0.299145
35 22 0.310557
35 35 0.299704
35 29 0.312285
35 37 0.302581
35 15 0.331329
35 25 0.322035
35 24 0.324659
35 45 0.300958
35 38 0.310089
35 16 0.339299
35 36 0.317347
35 34 0.320581
35 20 0.337542
35 39 0.318104
35 19 0.343119
35 47 0.310654
35 26 0.339767
35 48 0.313825
35 40 0.326329
35 23 0.350796
35 27 0.350255
35 43 0.333470
35 46 0.329909
35 41 0.338142
35 49 0.334754
36 0 0.142250
36 1 0.169270
36 4 0.171969
36 2 0.190132
36 9 0.188482
36 8 0.210077
36 5 0.221077
36 11 0.221942
36 3 0.253351
36 6 0.252995
36 13 0.253347
36 19 0.256799
36 12 0.269580
36 31 0.250788
36 29 0.256160
36 7 0.282891
36 21 0.270274
36 27 0.272440
36 15 0.289062
36 18 0.289808
36 32 0.272821
36 33 0.272332
36 44 0.261914
36 38 0.270880
36 22 0.290758
36 34 0.276021
36 37 0.273825
36 25 0.288437
36 28 0.286182
36 42 0.270311
36 43 0.269516
36 50 0.263215
36 48 0.267243
36 14 0.309064
36 30 0.289358
36 39 0.281381
36 17 0.311927
36 10 0.319188
36 24 0.306304
36 36 0.291072
36 20 0.311509
36 41 0.285764
36 16 0.317760
36 23 0.311366
36 35 0.299230
36 45 0.288920
36 46 0.290714
36 47 0.292031
36 26 0.318791
36 49 0.292812
36 40 0.309159
37 2 0.202323
37 0 0.208205
37 9 0.216523
37 14 0.213810
37 10 0.219092
37 8 0.221033
37 11 0.250230
37 12 0.254246
37 29 0.241284
37 5 0.264525
37 44 0.231501
37 6 0.270119
37 30 0.250975
37 28 0.269401
37 3 0.290733
37 1 0.294731
37 33 0.268677
37 4 0.294294
37 31 0.273721
37 37 0.267839
37 13 0.293888
37 7 0.317004
37 38 0.291519
37 32 0.299471
37 15 0.315664
37 42 0.287346
37 25 0.307283
37 17 0.317255
37 23 0.314655
37 48 0.288024
37 46 0.290837
37 36 0.303297
37 20 0.322826
37 34 0.309635
37 24 0.321582
37 22 0.323380
37 43 0.301533
37 27 0.320913
37 19 0.328695
37 47 0.300284
37 40 0.309710
37 26 0.327029
37 16 0.339347
37 39 0.318581
37 21 0.338502
37 41 0.320807
37 18 0.345566
37 50 0.312991
37 45 0.324100
37 35 0.342009
37 49 0.338655
38 3 0.217503
38 0 0.229607
38 1 0.246172
38 10 0.259014
38 6 0.264533
38 9 0.263406
38 8 0.274426
38 4 0.314962
38 32 0.285848
38 2 0.322299
38 28 0.297865
38 5 0.324772
38 29 0.300533
38 31 0.308188
38 14 0.332237
38 11 0.335965
38 33 0.312167
38 7 0.351236
38 13 0.349641
38 44 0.313515
38 12 0.351766
38 30 0.330261
38 27 0.345481
38 38 0.333343
38 35 0.336640
38 19 0.359170
38 15 0.367643
38 25 0.358627
38 24 0.364546
38 23 0.366080
38 50 0.336086
38 21 0.377830
38 42 0.352884
38 17 0.386245
38 16 0.388703
38 22 0.388794
38 43 0.364329
38 39 0.372492
38 18 0.400379
38 49 0.364130
38 45 0.371524
38 48 0.370382
38 36 0.391426
38 34 0.400432
38 37 0.404116
38 26 0.421677
38 40 0.403375
38 41 0.402097
38 46 0.397953
38 20 0.437939
38 47 0.403676
39 0 0.167454
39 5 0.176069
39 3 0.187653
39 1 0.195324
39 10 0.207822
39 8 0.229558
39 6 0.244003
39 9 0.243206
39 12 0.245022
39 11 0.247538
39 14 0.247661
39 2 0.265616
39 13 0.257907
39 32 0.239157
39 33 0.249172
39 31 0.251758
39 17 0.266806
39 28 0.257724
39 21 0.272213
39 30 0.264204
39 4 0.291807
39 20 0.277657
39 48 0.253038
39 19 0.287239
39 7 0.299375
39 39 0.270683
39 29 0.281824
39 37 0.273585
39 23 0.295006
39 25 0.296779
39 22 0.299638
39 44 0.281714
39 24 0.305821
39 26 0.304713
39 16 0.316402
39 46 0.284016
39 18 0.316567
39 43 0.291178
39 45 0.294581
39 15 0.330962
39 34 0.310653
39 42 0.305201
39 41 0.309575
39 50 0.300203
39 38 0.314000
39 49 0.303462
39 36 0.319701
39 40 0.315343
39 35 0.325768
39 27 0.335514
39 47 0.325325
40 6 0.159267
40 0 0.182034
40 8 0.207878
40 4 0.216237
40 5 0.220799
40 1 0.230252
40 11 0.236575
40 17 0.248611
40 13 0.251577
40 21 0.245670
40 2 0.269198
40 9 0.264815
40 12 0.264559
40 33 0.246765
40 28 0.258762
40 10 0.280884
40 34 0.262163
40 18 0.284346
40 19 0.284275
40 29 0.279452
40 3 0.302724
40 24 0.291973
40 30 0.286853
40 22 0.297008
40 31 0.290923
40 14 0.309615
40 43 0.281802
40 23 0.305385
40 16 0.316370
40 7 0.326671
40 32 0.305941
40 44 0.296269
40 26 0.319084
40 38 0.306573
40 40 0.304976
40 47 0.299060
40 49 0.305748
40 48 0.308371
40 27 0.333087
40 25 0.337693
40 37 0.326723
40 41 0.323425
40 36 0.328425
40 15 0.350511
40 46 0.319981
40 39 0.327651
40 35 0.332631
40 45 0.326599
40 20 0.353985
40 50 0.329975
40 42 0.341902
41 0 0.210364
41 3 0.224298
41 10 0.254362
41 31 0.241768
41 14 0.262243
41 29 0.247978
41 6 0.271089
41 8 0.272110
41 5 0.274589
41 9 0.273005
41 33 0.249640
41 13 0.272886
41 12 0.282304
41 4 0.300207
41 11 0.310046
41 1 0.318512
41 32 0.294033
41 2 0.325106
41 28 0.318078
41 7 0.348663
41 21 0.339177
41 39 0.324654
41 18 0.347496
41 48 0.316369
41 37 0.327807
41 30 0.336212
41 44 0.331433
41 43 0.337560
41 24 0.361090
41 16 0.369389
41 26 0.359438
41 49 0.336956
41 38 0.349610
41 22 0.377227
41 45 0.355595
41 19 0.386507
41 15 0.390716
41 50 0.355990
41 35 0.376091
41 40 0.370952
41 23 0.394326
41 20 0.397843
41 17 0.403374
41 25 0.398350
41 34 0.388503
41 41 0.382508
41 47 0.376863
41 46 0.378093
41 27 0.400724
41 36 0.392525
41 42 0.400249
42 0 0.229035
42 11 0.252737
42 1 0.261332
42 10 0.271964
42 2 0.296741
42 3 0.296211
42 6 0.294483
42 12 0.292232
42 5 0.310805
42 23 0.296882
42 32 0.295871
42 16 0.317613
42 34 0.302794
42 30 0.311468
42 28 0.315184
42 17 0.328118
42 20 0.325352
42 7 0.336818
42 44 0.298743
42 48 0.295142
42 9 0.338556
42 13 0.335975
42 41 0.309886
42 25 0.340987
42 22 0.344661
42 4 0.360241
42 39 0.333554
42 27 0.350014
42 33 0.344127
42 36 0.341154
42 49 0.329581
42 46 0.336749
42 31 0.355562
42 21 0.366389
42 45 0.339717
42 29 0.359218
42 37 0.353464
42 43 0.348292
42 40 0.356213
42 8 0.389258
42 42 0.355873
42 35 0.367593
42 14 0.395823
42 18 0.393958
42 15 0.403881
42 26 0.394749
42 19 0.404695
42 47 0.390326
42 38 0.403118
42 24 0.421315
42 50 0.394459
43 5 0.201305
43 11 0.233818
43 0 0.241962
43 14 0.261505
43 13 0.268815
43 44 0.243564
43 8 0.281900
43 30 0.263646
43 4 0.290687
43 28 0.270233
43 10 0.290717
43 7 0.297950
43 29 0.287737
43 6 0.310955
43 32 0.287718
43 3 0.326484
43 1 0.341402
43 12 0.338976
43 31 0.326464
43 9 0.351107
43 18 0.343931
43 2 0.365243
43 33 0.340846
43 39 0.346272
43 17 0.373685
43 16 0.382706
43 47 0.351351
43 21 0.380097
43 38 0.363639
43 42 0.365603
43 45 0.369726
43 20 0.402273
43 23 0.405310
43 37 0.391081
43 15 0.416264
43 26 0.406137
43 48 0.384725
43 35 0.405286
43 50 0.394546
43 19 0.439069
43 49 0.407997
43 41 0.418275
43 40 0.419250
43 24 0.445174
43 43 0.426745
43 36 0.436755
43 46 0.427155
43 22 0.454624
43 25 0.452600
43 34 0.445364
43 27 0.465422
44 9 0.217633
44 11 0.271197
44 13 0.280194
44 29 0.281107
44 1 0.323590
44 3 0.327084
44 5 0.331442
44 32 0.300972
44 31 0.315391
44 7 0.359579
44 10 0.367290
44 0 0.375575
44 15 0.362103
44 4 0.379131
44 17 0.376883
44 12 0.408379
44 28 0.439733
44 19 0.460031
44 43 0.418887
44 25 0.463675
44 14 0.478930
44 33 0.451297
44 40 0.436617
44 41 0.437617
44 8 0.494547
44 23 0.479995
44 22 0.487626
44 35 0.474203
44 37 0.470810
44 39 0.465417
44 30 0.490134
44 27 0.499000
44 36 0.498468
44 2 0.561073
44 6 0.567264
44 44 0.507276
44 34 0.544829
44 42 0.536580
44 24 0.577166
44 18 0.587374
44 21 0.593980
44 47 0.543349
44 50 0.540711
44 46 0.552036
44 38 0.589271
44 20 0.632545
44 45 0.587707
44 16 0.660693
44 26 0.653046
44 49 0.620105
44 48 0.632886
45 8 0.149865
45 9 0.154112
45 1 0.284647
45 0 0.301414
45 3 0.291700
45 11 0.149478
45 10 0.157425
45 2 0.302389
45 12 0.150505
45 4 0.302638
45 13 0.171815
45 14 0.159628
45 5 0.301433
45 7 0.321009
45 6 0.355563
45 16 0.325619
45 15 0.356072
45 30 0.231509
45 29 0.249386
45 28 0.259236
45 18 0.367346
45 44 0.295106
45 31 0.319908
45 20 0.353218
45 24 0.333528
45 22 0.340561
45 33 0.314511
45 17 0.418751
45 19 0.359091
45 32 0.324469
45 25 0.338432
45 27 0.338100
45 26 0.338910
45 21 0.372563
45 37 0.375131
45 43 0.373795
45 34 0.386804
45 35 0.398401
45 41 0.406258
45 40 0.408964
45 46 0.407729
45 23 0.456101
45 36 0.433484
45 47 0.441311
45 48 0.443319
45 49 0.447556
45 39 0.465607
45 50 0.449154
45 42 0.467494
45 38 0.482550
45 45 0.480859
46 1 0.222246
46 9 0.129502
46 12 0.115210
46 2 0.248775
46 0 0.257350
46 11 0.140413
46 8 0.184980
46 13 0.159061
46 4 0.240919
46 3 0.263935
46 10 0.191049
46 14 0.200852
46 7 0.259247
46 5 0.285773
46 6 0.345529
46 29 0.204611
46 15 0.363866
46 19 0.263398
46 20 0.252295
46 31 0.189064
46 28 0.221277
46 32 0.189934
46 33 0.197048
46 17 0.359871
46 16 0.387561
46 26 0.273569
46 30 0.255584
46 23 0.332325
46 44 0.151447
46 18 0.400949
46 27 0.326270
46 40 0.251591
46 25 0.366399
46 22 0.402513
46 38 0.298566
46 35 0.340279
46 24 0.396023
46 21 0.421743
46 36 0.324279
46 42 0.315337
46 47 0.181769
46 41 0.330588
46 46 0.218936
46 37 0.358422
46 39 0.360096
46 34 0.414017
46 45 0.265570
46 43 0.312390
46 49 0.233342
46 48 0.248950
46 50 0.254308
47 0 0.284164
47 13 0.291194
47 3 0.327524
47 2 0.330292
47 10 0.327358
47 14 0.326414
47 8 0.332532
47 32 0.311774
47 11 0.335653
47 16 0.355338
47 12 0.357648
47 33 0.337608
47 22 0.354312
47 24 0.355013
47 9 0.373786
47 44 0.338289
47 31 0.356163
47 7 0.390706
47 5 0.393163
47 30 0.374155
47 1 0.413847
47 18 0.404784
47 28 0.392950
47 35 0.387323
47 29 0.401052
47 20 0.415056
47 25 0.411429
47 4 0.445482
47 15 0.438150
47 40 0.414401
47 17 0.450557
47 19 0.451473
47 27 0.440281
47 36 0.432163
47 49 0.422320
47 26 0.448791
47 42 0.441913
47 48 0.435381
47 41 0.451460
47 23 0.478069
47 43 0.455592
47 39 0.460465
47 6 0.498344
47 46 0.459119
47 34 0.479418
47 45 0.467737
47 47 0.468265
47 21 0.505572
47 37 0.486824
47 50 0.478032
47 38 0.501594
48 9 0.272789
48 2 0.299597
48 10 0.293756
48 8 0.304465
48 0 0.312983
48 3 0.314292
48 14 0.309257
48 7 0.317983
48 5 0.325657
48 1 0.346045
48 29 0.327505
48 13 0.370465
48 4 0.381172
48 32 0.353875
48 30 0.374329
48 12 0.406676
48 44 0.373682
48 28 0.412494
48 33 0.410434
48 15 0.439713
48 11 0.449846
48 17 0.445575
48 18 0.451955
48 24 0.449726
48 31 0.447691
48 16 0.469267
48 27 0.462421
48 34 0.460034
48 47 0.448015
48 19 0.498167
48 22 0.498687
48 20 0.515166
48 6 0.528510
48 36 0.518827
48 49 0.507268
48 25 0.536286
48 45 0.516175
48 26 0.543867
48 35 0.534745
48 46 0.522758
48 23 0.559147
48 38 0.547245
48 40 0.550703
48 39 0.552291
48 41 0.568146
48 43 0.566133
48 50 0.558548
48 37 0.578779
48 42 0.575037
48 21 0.605297
48 48 0.576673
49 8 0.240495
49 10 0.238393
49 12 0.239520
49 11 0.254468
49 14 0.268530
49 2 0.327765
49 0 0.337629
49 4 0.335418
49 3 0.338935
49 6 0.345616
49 9 0.351388
49 1 0.365168
49 29 0.372742
49 32 0.371169
49 7 0.427797
49 28 0.377946
49 13 0.417856
49 18 0.415771
49 16 0.419088
49 33 0.386430
49 30 0.394606
49 5 0.448901
49 20 0.455695
49 40 0.405434
49 31 0.438453
49 22 0.469292
49 38 0.432229
49 24 0.500165
49 26 0.497290
49 34 0.479370
49 36 0.484679
49 44 0.474524
49 43 0.493981
49 27 0.547313
49 23 0.563308
49 42 0.531823
49 47 0.522667
49 25 0.580275
49 41 0.538466
49 19 0.602249
49 50 0.504696
49 45 0.539218
49 15 0.618150
49 46 0.543329
49 17 0.630439
49 48 0.553228
49 39 0.595250
49 35 0.609111
49 21 0.651882
49 37 0.610741
49 49 0.621081
50 9 0.176134
50 13 0.210692
50 11 0.229807
50 14 0.237790
50 12 0.239692
50 8 0.245541
50 5 0.307198
50 7 0.309439
50 4 0.313653
50 10 0.320080
50 3 0.341594
50 17 0.342801
50 18 0.347861
50 15 0.351561
50 2 0.369662
50 1 0.375035
50 32 0.193300
50 31 0.198060
50 29 0.211668
50 6 0.403108
50 44 0.189610
50 21 0.325032
50 28 0.274117
50 16 0.438740
50 30 0.269425
50 0 0.452503
50 22 0.316591
50 19 0.353775
50 24 0.330637
50 25 0.332845
50 27 0.318619
50 33 0.311103
50 26 0.358144
50 23 0.374594
50 20 0.405110
50 41 0.318954
50 35 0.360704
50 34 0.378147
50 36 0.373541
50 37 0.376393
50 38 0.370366
50 39 0.378437
50 49 0.291723
50 45 0.336635
50 42 0.371587
50 43 0.342562
50 40 0.391544
50 46 0.355768
50 47 0.367873
50 50 0.337501
50 48 0.378413
51 9 0.252382
51 10 0.277003
51 28 0.270149
51 14 0.298396
51 11 0.301015
51 12 0.300621
51 8 0.309383
51 3 0.329460
51 44 0.300605
51 5 0.351886
51 13 0.352598
51 32 0.334585
51 1 0.372112
51 0 0.381935
51 4 0.390679
51 29 0.386230
51 7 0.428844
51 31 0.407292
51 30 0.419273
51 15 0.443709
51 33 0.449874
51 6 0.475934
51 27 0.487362
51 2 0.509656
51 22 0.502986
51 24 0.503816
51 43 0.486630
51 46 0.492619
51 21 0.546792
51 37 0.536175
51 18 0.556286
51 26 0.552799
51 25 0.567463
51 35 0.561769
51 47 0.559880
51 48 0.563169
51 39 0.576653
51 45 0.573522
51 34 0.587238
51 17 0.608084
51 23 0.605039
51 19 0.611777
51 16 0.618469
51 42 0.593594
51 40 0.599594
51 36 0.604174
51 38 0.621175
51 50 0.612948
51 49 0.614175
51 20 0.672630
51 41 0.652915
52 14 0.274411
52 9 0.291067
52 12 0.311320
52 10 0.322206
52 6 0.333022
52 3 0.358200
52 11 0.357888
52 7 0.365276
52 44 0.337266
52 29 0.370176
52 17 0.388352
52 5 0.395505
52 31 0.374428
52 13 0.392017
52 1 0.401043
52 25 0.382289
52 15 0.398290
52 2 0.406874
52 50 0.374361
52 30 0.396563
52 33 0.401222
52 23 0.416618
52 8 0.451803
52 22 0.444265
52 32 0.443203
52 39 0.460434
52 19 0.483160
52 28 0.472932
52 24 0.482102
52 27 0.497793
52 18 0.519268
52 4 0.527203
52 35 0.511078
52 40 0.506658
52 21 0.532505
52 34 0.525662
52 0 0.553351
52 45 0.525366
52 41 0.533633
52 26 0.548120
52 46 0.535310
52 49 0.535586
52 37 0.549041
52 42 0.546384
52 48 0.548594
52 16 0.585732
52 38 0.566349
52 20 0.590635
52 47 0.560881
52 36 0.577350
52 43 0.570024
53 9 0.221222
53 8 0.255378
53 14 0.250899
53 13 0.278598
53 31 0.295633
53 29 0.322553
53 11 0.358080
53 1 0.388781
53 5 0.423650
53 3 0.435660
53 36 0.533046
53 19 0.554216
53 17 0.557939
53 41 0.534387
53 22 0.558020
53 27 0.557394
53 28 0.556897
53 25 0.560345
53 7 0.585754
53 12 0.585471
53 10 0.587912
53 44 0.555789
53 34 0.565980
53 0 0.597508
53 24 0.578500
53 37 0.566909
53 45 0.560119
53 21 0.584520
53 16 0.589709
53 30 0.577274
53 33 0.578567
53 23 0.593026
53 50 0.566561
53 43 0.581501
53 18 0.613891
53 32 0.601706
53 20 0.618101
53 15 0.625002
53 2 0.639947
53 49 0.602939
53 4 0.646109
53 35 0.620792
53 39 0.622773
53 26 0.651914
53 47 0.631622
53 40 0.689438
53 6 0.725617
53 42 0.693551
53 48 0.701321
53 46 0.711643
53 38 0.721718
54 11 0.264672
54 8 0.280780
54 2 0.290352
54 9 0.292081
54 3 0.300942
54 10 0.367836
54 30 0.357661
54 12 0.378252
54 0 0.410722
54 33 0.410284
54 1 0.446341
54 4 0.454365
54 15 0.449309
54 13 0.451521
54 31 0.449714
54 39 0.444641
54 44 0.448745
54 20 0.483173
54 5 0.499086
54 14 0.496189
54 28 0.486516
54 6 0.507272
54 29 0.490865
54 32 0.496788
54 35 0.501911
54 38 0.503535
54 34 0.509805
54 42 0.510379
54 7 0.545684
54 21 0.534361
54 36 0.535649
54 41 0.575678
54 26 0.594122
54 48 0.574626
54 17 0.610244
54 16 0.615029
54 50 0.592365
54 46 0.600101
54 37 0.612506
54 19 0.631822
54 40 0.619869
54 43 0.630941
54 27 0.651113
54 25 0.653760
54 47 0.631915
54 18 0.663908
54 49 0.636305
54 23 0.667377
54 22 0.679668
54 45 0.657541
54 24 0.693184
55 9 0.279559
55 14 0.287187
55 12 0.315607
55 2 0.325437
55 0 0.343206
55 11 0.337208
55 1 0.368309
55 10 0.374927
55 8 0.401135
55 31 0.369315
55 3 0.416207
55 5 0.419469
55 29 0.384097
55 17 0.421959
55 35 0.401550
55 13 0.447107
55 44 0.390827
55 16 0.483541
55 4 0.496396
55 33 0.454938
55 15 0.492891
55 27 0.476151
55 7 0.507727
55 32 0.483642
55 6 0.527333
55 40 0.469524
55 18 0.515438
55 47 0.456827
55 43 0.471837
55 30 0.510350
55 28 0.519439
55 24 0.603348
55 41 0.582385
55 39 0.587111
55 42 0.591713
55 21 0.638627
55 38 0.622637
55 25 0.648570
55 26 0.659543
55 50 0.612276
55 36 0.645184
55 23 0.669176
55 19 0.682321
55 22 0.681293
55 49 0.630449
55 37 0.670351
55 34 0.684356
55 20 0.728677
55 45 0.684070
55 46 0.691056
55 48 0.707387
56 3 0.227616
56 0 0.272990
56 1 0.277037
56 10 0.137099
56 11 0.145825
56 8 0.160400
56 9 0.171166
56 12 0.162654
56 2 0.341504
56 4 0.330507
56 5 0.325091
56 14 0.203438
56 6 0.326856
56 20 0.138530
56 13 0.229582
56 7 0.397686
56 15 0.294934
56 32 0.151463
56 28 0.214993
56 29 0.215920
56 17 0.284379
56 19 0.274169
56 25 0.275062
56 16 0.333019
56 26 0.270881
56 22 0.300602
56 30 0.251903
56 33 0.204364
56 23 0.290487
56 18 0.335265
56 24 0.293084
56 31 0.253765
56 27 0.286432
56 21 0.322119
56 34 0.264507
56 44 0.146980
56 41 0.339772
56 42 0.280868
56 40 0.347732
56 37 0.352374
56 46 0.274443
56 38 0.383207
56 35 0.400986
56 49 0.270791
56 50 0.263452
56 36 0.409838
56 43 0.326400
56 47 0.311683
56 39 0.421043
56 48 0.314167
56 45 0.334706
57 3 0.259035
57 8 0.205546
57 10 0.216600
57 9 0.237156
57 11 0.218548
57 12 0.254386
57 2 0.382343
57 13 0.277604
57 5 0.388334
57 1 0.412488
57 14 0.266118
57 0 0.415412
57 4 0.421306
57 7 0.436738
57 6 0.493160
57 28 0.260229
57 15 0.434382
57 16 0.414425
57 29 0.275032
57 25 0.372693
57 32 0.295217
57 19 0.437289
57 26 0.394912
57 33 0.315607
57 27 0.386736
57 30 0.361895
57 24 0.448943
57 31 0.357442
57 44 0.262861
57 18 0.515277
57 23 0.480692
57 21 0.510019
57 17 0.566549
57 20 0.532821
57 39 0.424642
57 34 0.450055
57 40 0.445182
57 22 0.556435
57 35 0.474996
57 43 0.375457
57 36 0.483062
57 42 0.486755
57 41 0.498689
57 37 0.548863
57 38 0.564187
57 45 0.480338
57 48 0.364375
57 50 0.350242
57 47 0.420539
57 49 0.415613
57 46 0.456453
58 8 0.218119
58 10 0.225992
58 14 0.247620
58 12 0.264492
58 13 0.277790
58 9 0.289762
58 3 0.348879
58 2 0.365589
58 4 0.431375
58 28 0.354388
58 7 0.430731
58 29 0.355353
58 5 0.444346
58 0 0.496213
58 30 0.435311
58 16 0.524153
58 18 0.512103
58 32 0.329719
58 1 0.563298
58 31 0.397288
58 11 0.585425
58 15 0.582442
58 21 0.565276
58 6 0.643102
58 17 0.626371
58 23 0.604214
58 33 0.397652
58 26 0.623037
58 20 0.650567
58 44 0.271468
58 24 0.691177
58 19 0.713608
58 22 0.711196
58 27 0.701049
58 25 0.718909
58 36 0.540355
58 35 0.552678
58 34 0.562416
58 38 0.567860
58 41 0.480179
58 39 0.483896
58 43 0.452514
58 40 0.494949
58 37 0.607449
58 46 0.462675
58 49 0.446699
58 45 0.475692
58 42 0.535907
58 50 0.465233
58 48 0.471749
58 47 0.479230
59 13 0.263287
59 11 0.282416
59 9 0.287688
59 12 0.290004
59 10 0.297956
59 30 0.326367
59 3 0.376504
59 1 0.378117
59 4 0.403164
59 32 0.362752
59 31 0.385926
59 5 0.439996
59 17 0.429895
59 29 0.399229
59 18 0.439094
59 16 0.441015
59 7 0.462137
59 43 0.404033
59 8 0.481033
59 14 0.495946
59 33 0.457718
59 15 0.508824
59 2 0.539566
59 44 0.470315
59 28 0.510465
59 23 0.602449
59 25 0.598320
59 0 0.636611
59 6 0.644532
59 19 0.629804
59 42 0.581552
59 34 0.607217
59 26 0.652645
59 40 0.621556
59 46 0.610003
59 37 0.635387
59 22 0.677623
59 41 0.634042
59 49 0.632591
59 48 0.636714
59 36 0.655863
59 35 0.666297
59 38 0.664025
59 24 0.703728
59 21 0.718326
59 47 0.679826
59 39 0.697130
59 27 0.732247
59 20 0.753494
59 45 0.694121
59 50 0.692861
60 8 0.186490
60 9 0.258079
60 10 0.312984
60 11 0.314347
60 12 0.314538
60 5 0.350126
60 3 0.353575
60 13 0.343107
60 0 0.406978
60 7 0.446528
60 1 0.485190
60 14 0.450231
60 2 0.520132
60 23 0.393549
60 6 0.555523
60 15 0.542283
60 17 0.554545
60 31 0.238797
60 4 0.594967
60 28 0.255760
60 22 0.576275
60 30 0.291936
60 29 0.341191
60 16 0.672929
60 20 0.654789
60 32 0.348545
60 21 0.665051
60 39 0.315656
60 35 0.363895
60 33 0.386364
60 44 0.298643
60 19 0.726849
60 36 0.406943
60 24 0.606806
60 25 0.599135
60 27 0.470756
60 45 0.293813
60 48 0.306546
60 18 0.802129
60 26 0.512960
60 34 0.489244
60 37 0.497885
60 43 0.455994
60 40 0.493634
60 41 0.525313
60 38 0.607157
60 46 0.482513
60 50 0.450640
60 49 0.471615
60 42 0.557857
60 47 0.528713
61 10 0.236537
61 9 0.253981
61 8 0.262486
61 12 0.262117
61 44 0.279126
61 4 0.384698
61 13 0.412171
61 30 0.369409
61 0 0.456246
61 14 0.437982
61 11 0.449050
61 6 0.458707
61 3 0.465393
61 1 0.470570
61 15 0.499853
61 28 0.466767
61 2 0.528992
61 32 0.477421
61 16 0.530031
61 18 0.523581
61 20 0.552321
61 5 0.616130
61 7 0.614793
61 22 0.591916
61 31 0.596490
61 40 0.569116
61 36 0.598906
61 48 0.577388
61 34 0.639713
61 33 0.645371
61 42 0.614275
61 21 0.681885
61 29 0.666007
61 26 0.679260
61 24 0.707574
61 38 0.675907
61 19 0.752562
61 45 0.675481
61 43 0.685022
61 39 0.693744
61 17 0.784923
61 35 0.741953
61 23 0.788966
61 50 0.720726
61 25 0.793856
61 49 0.741265
61 46 0.757219
61 37 0.796998
61 41 0.789771
61 27 0.845320
61 47 0.798635
62 8 0.198479
62 5 0.215978
62 3 0.299365
62 1 0.310780
62 9 0.289849
62 0 0.347695
62 10 0.309855
62 11 0.307176
62 4 0.339091
62 7 0.358433
62 2 0.358738
62 12 0.363022
62 13 0.373710
62 6 0.437457
62 14 0.446325
62 15 0.469926
62 21 0.401703
62 20 0.511228
62 19 0.513560
62 18 0.516175
62 28 0.246569
62 29 0.255375
62 31 0.256049
62 16 0.585572
62 30 0.290156
62 17 0.606970
62 32 0.300445
62 33 0.329562
62 22 0.514883
62 23 0.519441
62 26 0.442990
62 44 0.344942
62 34 0.418600
62 25 0.500961
62 45 0.350015
62 40 0.401253
62 36 0.449974
62 24 0.540919
62 37 0.455891
62 41 0.451622
62 39 0.469677
62 27 0.531172
62 35 0.516247
62 43 0.457358
62 42 0.458117
62 46 0.457801
62 49 0.401614
62 47 0.447383
62 38 0.566070
62 48 0.458123
62 50 0.440756
63 9 0.306225
63 10 0.311232
63 5 0.333074
63 13 0.329418
63 12 0.354485
63 4 0.383365
63 30 0.390737
63 33 0.391533
63 14 0.410656
63 31 0.398230
63 0 0.450402
63 7 0.479859
63 29 0.463447
63 32 0.461596
63 3 0.488360
63 44 0.450364
63 1 0.503664
63 8 0.513427
63 2 0.554991
63 11 0.576894
63 28 0.588880
63 43 0.582474
63 25 0.609823
63 50 0.589221
63 20 0.623663
63 16 0.627987
63 21 0.635204
63 27 0.649756
63 15 0.678615
63 34 0.663127
63 35 0.668647
63 26 0.687403
63 18 0.705863
63 42 0.683819
63 40 0.689454
63 17 0.718637
63 24 0.718558
63 38 0.722094
63 6 0.752923
63 41 0.725539
63 22 0.748770
63 39 0.730695
63 47 0.733979
63 37 0.749293
63 23 0.765267
63 46 0.742191
63 19 0.774840
63 45 0.750019
63 36 0.776006
63 49 0.772768
63 48 0.776191
64 9 0.295022
64 11 0.338807
64 13 0.340742
64 33 0.330992
64 29 0.367186
64 10 0.400411
64 5 0.422567
64 14 0.420780
64 3 0.478869
64 4 0.515932
64 32 0.523373
64 1 0.551270
64 28 0.528357
64 45 0.554488
64 12 0.599834
64 0 0.612428
64 30 0.607303
64 31 0.617976
64 6 0.642275
64 47 0.656624
64 15 0.693029
64 25 0.683930
64 8 0.700076
64 44 0.666003
64 17 0.710359
64 7 0.751591
64 48 0.715077
64 40 0.729078
64 24 0.772180
64 42 0.756376
64 43 0.756100
64 21 0.790136
64 36 0.776229
64 39 0.785647
64 22 0.821728
64 19 0.832230
64 16 0.836814
64 2 0.856503
64 20 0.865664
64 35 0.849387
64 50 0.835715
64 38 0.850379
64 26 0.868672
64 27 0.867660
64 34 0.866575
64 23 0.881060
64 49 0.874175
64 37 0.894654
64 41 0.919467
64 18 0.977767
64 46 0.950946
65 9 0.366588
65 10 0.374087
65 22 0.375207
65 12 0.392822
65 8 0.396908
65 0 0.411645
65 50 0.374974
65 30 0.408396
65 25 0.414828
65 2 0.456310
65 4 0.454584
65 14 0.448095
65 6 0.464144
65 11 0.462631
65 29 0.442007
65 27 0.444887
65 7 0.478279
65 33 0.448201
65 13 0.473332
65 5 0.494601
65 3 0.530479
65 28 0.506050
65 20 0.515163
65 32 0.502267
65 1 0.545978
65 42 0.497548
65 34 0.514677
65 31 0.535503
65 44 0.520709
65 38 0.547397
65 45 0.564235
65 26 0.587672
65 16 0.622664
65 47 0.589771
65 35 0.612862
65 18 0.631817
65 48 0.599381
65 24 0.640912
65 23 0.647440
65 43 0.630878
65 39 0.650083
65 49 0.653850
65 36 0.676171
65 21 0.696460
65 17 0.710600
65 37 0.703200
65 41 0.705573
65 46 0.709369
65 40 0.722646
65 15 0.758653
65 19 0.763639
66 9 0.225351
66 8 0.266390
66 1 0.281890
66 0 0.286881
66 14 0.270014
66 11 0.286385
66 10 0.322351
66 12 0.348097
66 7 0.410552
66 3 0.416518
66 5 0.419476
66 33 0.199968
66 13 0.421151
66 6 0.440868
66 30 0.361007
66 4 0.487403
66 19 0.483821
66 31 0.403831
66 15 0.501864
66 20 0.485978
66 2 0.529210
66 28 0.454187
66 29 0.481635
66 21 0.534420
66 44 0.306680
66 16 0.662274
66 17 0.660130
66 27 0.617510
66 18 0.656456
66 25 0.633050
66 32 0.569823
66 36 0.404753
66 35 0.453785
66 34 0.495526
66 23 0.708370
66 45 0.383022
66 26 0.700991
66 40 0.403358
66 22 0.744013
66 39 0.421917
66 49 0.335610
66 38 0.529872
66 43 0.449363
66 37 0.546359
66 42 0.465303
66 41 0.476755
66 24 0.795550
66 46 0.485807
66 48 0.389372
66 47 0.466763
66 50 0.416491
67 10 0.314238
67 9 0.425375
67 30 0.427200
67 28 0.436193
67 8 0.457795
67 3 0.487645
67 1 0.494272
67 5 0.497410
67 0 0.516049
67 4 0.545816
67 32 0.564543
67 41 0.590596
67 12 0.634785
67 6 0.670181
67 45 0.638414
67 42 0.662097
67 14 0.691276
67 48 0.657036
67 31 0.679746
67 33 0.712420
67 13 0.738623
67 29 0.728480
67 2 0.761273
67 44 0.730501
67 16 0.776855
67 11 0.784925
67 40 0.758793
67 17 0.822250
67 20 0.820227
67 21 0.830545
67 35 0.844529
67 22 0.862171
67 18 0.874301
67 24 0.872630
67 19 0.892664
67 27 0.902198
67 38 0.896512
67 26 0.928288
67 7 0.959796
67 36 0.939957
67 46 0.935110
67 49 0.947500
67 47 0.952550
67 15 1.001021
67 50 0.979482
67 34 1.002932
67 43 1.008183
67 25 1.033589
67 39 1.025491
67 37 1.036355
67 23 1.095588
68 8 0.198269
68 9 0.267860
68 10 0.281692
68 11 0.241200
68 14 0.197347
68 0 0.430702
68 3 0.426505
68 1 0.446855
68 13 0.269346
68 2 0.454880
68 6 0.455212
68 12 0.343678
68 5 0.491972
68 7 0.494060
68 4 0.545735
68 28 0.266714
68 21 0.358204
68 15 0.425274
68 19 0.375293
68 26 0.307133
68 22 0.369172
68 20 0.396238
68 23 0.384198
68 29 0.310457
68 17 0.475159
68 30 0.309490
68 32 0.290899
68 33 0.287784
68 44 0.225781
68 31 0.331080
68 27 0.387036
68 35 0.300241
68 16 0.534184
68 34 0.316084
68 24 0.470541
68 25 0.470324
68 36 0.429316
68 37 0.429458
68 50 0.282797
68 42 0.418546
68 38 0.471803
68 40 0.436168
68 45 0.388398
68 46 0.394250
68 18 0.723510
68 39 0.478274
68 43 0.479547
68 47 0.421354
68 41 0.498528
68 48 0.423147
68 49 0.421316
69 10 0.244685
69 9 0.262720
69 11 0.268223
69 17 0.260086
69 8 0.295232
69 7 0.333354
69 14 0.308633
69 12 0.334840
69 13 0.377410
69 4 0.435718
69 1 0.477002
69 28 0.384740
69 31 0.247886
69 6 0.554067
69 5 0.556251
69 24 0.511571
69 2 0.583215
69 30 0.437998
69 23 0.526139
69 3 0.591171
69 29 0.492882
69 21 0.565873
69 20 0.579336
69 18 0.596964
69 0 0.657069
69 44 0.305263
69 16 0.627390
69 33 0.372420
69 39 0.350904
69 22 0.641287
69 32 0.402324
69 26 0.649043
69 48 0.348820
69 25 0.664536
69 40 0.386520
69 36 0.437739
69 27 0.671243
69 19 0.715379
69 49 0.398983
69 15 0.749263
69 38 0.449756
69 41 0.450093
69 34 0.499829
69 45 0.466184
69 47 0.473439
69 43 0.513156
69 46 0.507022
69 35 0.595717
69 37 0.600667
69 50 0.552212
69 42 0.605944
70 8 0.229247
70 9 0.245767
70 12 0.224709
70 10 0.254192
70 13 0.264339
70 4 0.385233
70 14 0.275558
70 11 0.323211
70 6 0.418015
70 3 0.451167
70 2 0.496983
70 7 0.472351
70 0 0.535828
70 5 0.522526
70 28 0.175301
70 32 0.205106
70 30 0.275104
70 1 0.674361
70 31 0.275197
70 44 0.253099
70 19 0.477066
70 29 0.400400
70 21 0.450015
70 15 0.658900
70 18 0.586170
70 26 0.480535
70 33 0.434273
70 24 0.510042
70 16 0.711641
70 40 0.444648
70 20 0.596227
70 17 0.748342
70 25 0.574022
70 23 0.594882
70 36 0.508983
70 42 0.506702
70 38 0.524153
70 27 0.635130
70 22 0.661265
70 45 0.503595
70 50 0.482784
70 34 0.627485
70 41 0.620631
70 49 0.544515
70 35 0.644661
70 37 0.644370
70 46 0.575562
70 48 0.565881
70 43 0.649395
70 47 0.592392
70 39 0.700643
71 8 0.284028
71 10 0.314127
71 13 0.318233
71 11 0.344350
71 9 0.371952
71 14 0.382303
71 1 0.487429
71 3 0.487545
71 12 0.498285
71 2 0.538649
71 0 0.556778
71 5 0.575959
71 29 0.181491
71 28 0.194215
71 16 0.579885
71 7 0.663821
71 6 0.704751
71 17 0.672233
71 31 0.244551
71 15 0.711329
71 18 0.708505
71 4 0.780605
71 30 0.355562
71 20 0.585065
71 33 0.338670
71 23 0.500738
71 32 0.352645
71 19 0.714566
71 22 0.562858
71 44 0.274665
71 21 0.615770
71 24 0.542882
71 25 0.550635
71 38 0.431381
71 37 0.466023
71 27 0.619399
71 26 0.626162
71 47 0.429949
71 40 0.518047
71 36 0.526165
71 43 0.517241
71 39 0.538526
71 48 0.465590
71 35 0.560027
71 42 0.549448
71 41 0.556969
71 34 0.601221
71 45 0.487290
71 50 0.492496
71 46 0.546590
71 49 0.560049
72 9 0.301179
72 10 0.308850
72 2 0.328078
72 0 0.340062
72 12 0.326217
72 11 0.341550
72 3 0.363885
72 8 0.362731
72 5 0.380970
72 14 0.397268
72 20 0.424699
72 30 0.480807
72 44 0.471637
72 29 0.488194
72 28 0.490515
72 4 0.533940
72 32 0.512918
72 33 0.512867
72 6 0.565912
72 22 0.539295
72 16 0.548987
72 26 0.543592
72 13 0.563447
72 1 0.587009
72 24 0.547726
72 48 0.529160
72 42 0.565364
72 27 0.605764
72 15 0.647465
72 31 0.650660
72 50 0.629569
72 46 0.644814
72 18 0.682407
72 35 0.673646
72 38 0.678110
72 34 0.683368
72 43 0.677744
72 25 0.701346
72 36 0.693848
72 17 0.716997
72 40 0.695410
72 49 0.690047
72 39 0.727408
72 47 0.722517
72 19 0.766829
72 7 0.798683
72 37 0.782134
72 45 0.782142
72 23 0.828463
72 41 0.819109
72 21 0.883855
73 29 0.371037
73 11 0.413949
73 12 0.413459
73 8 0.420591
73 10 0.446049
73 13 0.442461
73 9 0.525257
73 0 0.637457
73 25 0.603157
73 2 0.649656
73 28 0.599070
73 1 0.661742
73 3 0.709171
73 30 0.655545
73 33 0.648076
73 21 0.692131
73 5 0.722206
73 31 0.672087
73 6 0.734228
73 18 0.724530
73 14 0.764632
73 7 0.796566
73 32 0.765648
73 27 0.795813
73 16 0.843325
73 26 0.865342
73 19 0.886976
73 44 0.488810
73 39 0.832043
73 4 0.939184
73 23 0.958330
73 17 0.993421
73 35 0.952286
73 15 1.040510
73 42 0.885146
73 50 0.539348
73 36 1.009380
73 45 0.630739
73 37 1.024255
73 20 1.082196
73 22 1.119297
73 40 1.034666
73 24 1.126057
73 43 0.751765
73 34 1.115992
73 48 0.729273
73 41 1.108775
73 46 0.816441
73 38 1.180662
73 49 0.824638
73 47 0.846144
74 10 0.257234
74 12 0.258054
74 8 0.268345
74 9 0.272109
74 11 0.366821
74 13 0.366083
74 16 0.440860
74 14 0.460132
74 2 0.514294
74 15 0.501269
74 0 0.538445
74 3 0.537463
74 4 0.538149
74 5 0.539420
74 18 0.499955
74 7 0.577960
74 22 0.571214
74 6 0.628474
74 28 0.516916
74 30 0.359262
74 29 0.418097
74 33 0.374276
74 32 0.376145
74 21 0.635924
74 1 0.713499
74 31 0.398679
74 19 0.696994
74 44 0.280760
74 26 0.717421
74 23 0.754108
74 27 0.717497
74 25 0.760309
74 43 0.358615
74 20 0.826594
74 37 0.474364
74 17 0.854103
74 42 0.409632
74 34 0.621444
74 39 0.530318
74 38 0.542492
74 24 0.888771
74 40 0.548922
74 50 0.392191
74 46 0.400200
74 47 0.432191
74 36 0.642894
74 48 0.477973
74 35 0.748414
74 45 0.635722
74 41 0.700507
74 49 0.601672
75 12 0.316603
75 29 0.437738
75 30 0.471820
75 5 0.509244
75 28 0.487903
75 1 0.533713
75 13 0.557706
75 10 0.623859
75 8 0.632182
75 3 0.646035
75 11 0.683684
75 44 0.707124
75 9 0.757155
75 6 0.793715
75 0 0.835264
75 2 0.841575
75 34 0.808650
75 15 0.859874
75 32 0.860962
75 31 0.867048
75 14 0.890772
75 22 0.905686
75 49 0.886382
75 19 0.941545
75 46 0.943837
75 45 0.968319
75 38 0.986872
75 33 0.998995
75 4 1.048078
75 7 1.053129
75 36 1.063621
75 24 1.091844
75 37 1.096996
75 41 1.093817
75 17 1.142646
75 39 1.131744
75 43 1.131993
75 21 1.171423
75 23 1.173403
75 20 1.182200
75 40 1.172215
75 27 1.198090
75 25 1.203845
75 26 1.206269
75 16 1.233871
75 35 1.213076
75 18 1.272471
75 48 1.240509
75 42 1.246517
75 47 1.248284
75 50 1.255377
76 10 0.373670
76 28 0.336980
76 14 0.381133
76 12 0.426962
76 8 0.507919
76 31 0.495970
76 13 0.552927
76 1 0.603178
76 0 0.638140
76 9 0.639740
76 3 0.651677
76 30 0.600321
76 44 0.601772
76 33 0.682228
76 2 0.770856
76 32 0.730443
76 6 0.791881
76 7 0.802486
76 4 0.873026
76 29 0.861684
76 11 0.913727
76 16 0.920152
76 34 0.989512
76 23 1.057072
76 18 1.072750
76 40 1.099814
76 38 1.121364
76 35 1.131730
76 46 1.133405
76 36 1.151705
76 39 1.156518
76 26 1.184725
76 5 1.233683
76 24 1.202534
76 42 1.189035
76 15 1.263908
76 19 1.254551
76 49 1.232457
76 22 1.275744
76 25 1.280213
76 45 1.261205
76 50 1.260527
76 47 1.281845
76 21 1.317296
76 37 1.305973
76 17 1.338629
76 41 1.322052
76 20 1.352571
76 43 1.329531
76 27 1.348894
76 48 1.390089
77 10 0.367334
77 14 0.393184
77 1 0.616401
77 9 0.476012
77 3 0.659774
77 5 0.648438
77 13 0.546520
77 8 0.556084
77 11 0.623788
77 12 0.700408
77 2 0.851761
77 0 0.865559
77 4 0.869848
77 7 0.755865
77 31 0.327562
77 16 0.739194
77 30 0.354803
77 29 0.378505
77 6 0.911581
77 18 0.839470
77 28 0.472385
77 33 0.455520
77 32 0.491944
77 17 0.922228
77 44 0.348369
77 19 0.976955
77 37 0.527697
77 27 0.625285
77 21 0.969862
77 36 0.589111
77 38 0.584328
77 35 0.617040
77 15 1.095035
77 25 0.745495
77 46 0.492358
77 24 0.847006
77 23 1.015631
77 45 0.524726
77 42 0.647431
77 20 1.124007
77 41 0.655705
77 26 0.798731
77 34 0.747966
77 43 0.709209
77 47 0.619005
77 50 0.615277
77 40 0.753002
77 22 1.199932
77 39 0.783661
77 49 0.700470
77 48 0.754369
78 44 0.249783
78 14 0.387586
78 9 0.403629
78 31 0.413268
78 0 0.485665
78 8 0.488557
78 10 0.546490
78 5 0.614168
78 12 0.621644
78 28 0.659930
78 26 0.672303
78 6 0.695351
78 4 0.707984
78 33 0.690080
78 2 0.746450
78 3 0.758392
78 40 0.734311
78 13 0.770140
78 11 0.772083
78 24 0.773664
78 22 0.777797
78 30 0.776275
78 20 0.799715
78 39 0.819376
78 32 0.836860
78 43 0.898813
78 25 0.938887
78 29 0.944562
78 21 0.960948
78 38 0.943295
78 19 1.002772
78 27 1.006261
78 34 1.005097
78 18 1.028396
78 37 1.015545
78 23 1.057813
78 48 1.039398
78 1 1.093673
78 46 1.067639
78 16 1.121261
78 17 1.121370
78 45 1.130778
78 15 1.187251
78 47 1.174487
78 49 1.191818
78 36 1.218922
78 50 1.217889
78 35 1.240831
78 42 1.237233
78 7 1.291480
78 41 1.320184
79 9 0.306965
79 8 0.346400
79 10 0.332089
79 13 0.284341
79 14 0.286129
79 11 0.340149
79 12 0.419233
79 6 0.587702
79 3 0.613951
79 1 0.675512
79 5 0.712215
79 33 0.320815
79 7 0.714321
79 28 0.340359
79 2 0.744823
79 29 0.356149
79 32 0.363529
79 4 0.764137
79 22 0.461718
79 31 0.379721
79 30 0.407873
79 0 0.826756
79 24 0.529575
79 15 0.764257
79 21 0.622634
79 27 0.575506
79 18 0.771209
79 17 0.850226
79 20 0.733725
79 23 0.687100
79 16 0.898426
79 44 0.366788
79 25 0.742874
79 19 0.865795
79 34 0.650079
79 26 0.776754
79 36 0.655555
79 40 0.528735
79 37 0.685585
79 45 0.525855
79 38 0.718751
79 35 0.779237
79 39 0.712844
79 47 0.571639
79 43 0.648301
79 50 0.578456
79 42 0.664404
79 41 0.665110
79 46 0.611457
79 49 0.593430
79 48 0.634603
80 8 0.383106
80 14 0.419247
80 9 0.438304
80 12 0.437313
80 13 0.445144
80 10 0.468126
80 11 0.505970
80 30 0.688719
80 4 0.796780
80 0 0.921705
80 28 0.900784
80 3 0.921279
80 5 0.920795
80 44 0.884797
80 16 0.915215
80 17 0.914987
80 32 0.919215
80 33 0.921641
80 26 0.945802
80 19 0.967961
80 31 0.983171
80 43 0.971029
80 29 1.011371
80 20 1.125518
80 39 1.118751
80 1 1.152351
80 6 1.151077
80 42 1.149669
80 7 1.201778
80 38 1.189080
80 22 1.215957
80 27 1.243832
80 40 1.241304
80 25 1.292392
80 48 1.277103
80 2 1.328801
80 35 1.354127
80 45 1.362694
80 18 1.401568
80 50 1.421092
80 24 1.467076
80 21 1.471022
80 37 1.459438
80 15 1.482715
80 47 1.456383
80 46 1.488955
80 34 1.502106
80 36 1.514888
80 49 1.528229
80 23 1.608450
80 41 1.617341
81 8 0.348681
81 11 0.396080
81 13 0.393918
81 9 0.408292
81 12 0.428560
81 31 0.424863
81 3 0.526846
81 0 0.558987
81 10 0.582253
81 28 0.563948
81 44 0.551335
81 5 0.624050
81 1 0.645068
81 29 0.640559
81 14 0.680101
81 33 0.702336
81 32 0.720851
81 15 0.870727
81 6 0.902951
81 30 0.873699
81 2 0.930445
81 38 0.898765
81 19 0.944455
81 7 0.995975
81 16 1.016120
81 45 0.968387
81 37 1.024092
81 47 1.021896
81 21 1.086104
81 18 1.097621
81 34 1.091619
81 23 1.142075
81 26 1.142941
81 35 1.139140
81 43 1.143484
81 20 1.197651
81 49 1.156177
81 24 1.199160
81 17 1.216799
81 50 1.187565
81 4 1.266525
81 41 1.210773
81 27 1.238624
81 42 1.221954
81 22 1.267636
81 36 1.247957
81 25 1.282868
81 40 1.255267
81 39 1.272860
81 46 1.297272
81 48 1.441836
82 10 0.323117
82 8 0.357695
82 12 0.451222
82 14 0.474606
82 9 0.530697
82 30 0.484705
82 11 0.591320
82 0 0.623365
82 13 0.615623
82 6 0.709475
82 28 0.663399
82 21 0.681377
82 24 0.676406
82 3 0.735041
82 33 0.683718
82 29 0.705867
82 31 0.711808
82 44 0.470707
82 22 0.766010
82 32 0.766022
82 19 0.809745
82 2 0.896606
82 40 0.782653
82 34 0.870402
82 4 0.953351
82 1 0.966888
82 26 0.914613
82 15 0.937739
82 17 0.975516
82 23 0.983385
82 36 0.944687
82 38 0.935496
82 7 1.063017
82 27 1.065041
82 5 1.176246
82 42 1.050889
82 16 1.215892
82 47 0.885080
82 18 1.219418
82 48 0.883192
82 45 0.941602
82 41 1.132036
82 37 1.174550
82 25 1.242646
82 43 1.128048
82 46 0.943289
82 20 1.280672
82 35 1.267466
82 39 1.222258
82 50 0.799813
82 49 0.981385
83 9 0.237487
83 10 0.365016
83 29 0.431394
83 8 0.524610
83 31 0.486290
83 33 0.493174
83 0 0.579623
83 14 0.573549
83 13 0.581973
83 2 0.592569
83 3 0.601109
83 7 0.600274
83 1 0.609861
83 11 0.602455
83 12 0.661754
83 30 0.619197
83 6 0.772668
83 5 0.782811
83 28 0.757096
83 16 0.808978
83 39 0.786296
83 32 0.813155
83 18 0.897528
83 44 0.856495
83 25 0.902847
83 35 0.874775
83 49 0.891864
83 4 0.978861
83 17 0.998652
83 15 1.018912
83 48 0.961896
83 41 0.969300
83 43 0.973763
83 19 1.039370
83 20 1.042922
83 27 1.059956
83 36 1.057134
83 23 1.113009
83 26 1.130616
83 45 1.111174
83 42 1.121815
83 34 1.143855
83 21 1.189210
83 22 1.213605
83 37 1.178329
83 46 1.170504
83 50 1.171985
83 24 1.229910
83 40 1.197715
83 47 1.251533
83 38 1.282379
84 12 0.302054
84 10 0.316640
84 11 0.397804
84 14 0.411015
84 8 0.455400
84 9 0.469384
84 13 0.478447
84 0 0.683972
84 5 0.638592
84 1 0.750305
84 4 0.768736
84 2 0.829171
84 30 0.277974
84 28 0.317737
84 6 0.757921
84 3 0.862550
84 7 0.797250
84 18 0.824495
84 19 0.816514
84 32 0.422252
84 33 0.446528
84 29 0.496521
84 15 0.935476
84 23 0.613035
84 31 0.481059
84 22 0.697411
84 17 1.012873
84 26 0.650561
84 24 0.683882
84 20 1.025870
84 44 0.493467
84 27 0.709891
84 38 0.572304
84 21 1.023480
84 16 1.151181
84 25 0.783788
84 34 0.695261
84 39 0.633843
84 36 0.739674
84 48 0.557083
84 42 0.689233
84 47 0.651317
84 45 0.752919
84 49 0.615830
84 37 0.806732
84 40 0.788392
84 46 0.738522
84 41 0.787099
84 43 0.777827
84 35 0.893352
84 50 0.669258
85 12 0.384541
85 13 0.430295
85 3 0.484853
85 9 0.497340
85 14 0.562657
85 29 0.567797
85 30 0.601296
85 5 0.669570
85 33 0.665505
85 11 0.707633
85 1 0.721077
85 28 0.716570
85 7 0.751114
85 47 0.720824
85 24 0.757065
85 6 0.777824
85 19 0.796030
85 8 0.813420
85 45 0.840745
85 43 0.865969
85 31 0.891646
85 36 0.899925
85 17 0.926085
85 32 0.912607
85 10 0.983921
85 22 0.984521
85 44 0.979328
85 27 1.007400
85 34 1.025195
85 23 1.060245
85 15 1.072177
85 0 1.089508
85 18 1.106588
85 41 1.087787
85 25 1.106081
85 26 1.110966
85 42 1.111828
85 20 1.150064
85 35 1.139110
85 48 1.126916
85 39 1.174185
85 40 1.186098
85 46 1.184847
85 37 1.201730
85 2 1.275595
85 38 1.255332
85 4 1.305016
85 21 1.294391
85 16 1.405349
85 50 1.389113
85 49 1.405245
86 9 0.360624
86 10 0.384160
86 8 0.392829
86 11 0.557551
86 32 0.572002
86 0 0.705766
86 44 0.702503
86 29 0.739477
86 6 0.803257
86 3 0.821066
86 5 0.833842
86 36 0.801387
86 31 0.886437
86 7 0.923343
86 2 0.940736
86 12 0.940258
86 28 0.917857
86 13 0.959925
86 26 0.945396
86 33 0.939462
86 30 0.942974
86 43 0.956130
86 14 0.999199
86 41 0.966617
86 40 1.015915
86 27 1.037108
86 37 1.029809
86 21 1.087557
86 19 1.110060
86 46 1.127897
86 45 1.196475
86 35 1.215252
86 48 1.212288
86 4 1.267069
86 50 1.242034
86 20 1.281429
86 38 1.273284
86 15 1.322484
86 39 1.296409
86 1 1.341566
86 25 1.334224
86 47 1.348696
86 22 1.407661
86 18 1.415948
86 16 1.427140
86 23 1.422607
86 49 1.407955
86 34 1.429454
86 17 1.479276
86 24 1.477112
86 42 1.479217
87 9 0.257319
87 10 0.275611
87 11 0.319337
87 8 0.335784
87 13 0.324768
87 12 0.348267
87 14 0.409476
87 2 0.680295
87 1 0.685540
87 3 0.698834
87 28 0.239542
87 29 0.245939
87 0 0.771130
87 6 0.733324
87 7 0.819577
87 31 0.367231
87 4 0.876098
87 5 0.870597
87 15 0.725252
87 33 0.393190
87 32 0.426029
87 24 0.558780
87 27 0.575257
87 21 0.642787
87 30 0.538689
87 19 0.706793
87 25 0.621246
87 17 0.778464
87 22 0.682396
87 44 0.452215
87 26 0.720703
87 16 0.940897
87 23 0.798325
87 37 0.585254
87 18 0.881866
87 40 0.580747
87 34 0.652350
87 35 0.670979
87 20 0.925845
87 38 0.663014
87 36 0.707746
87 39 0.695310
87 46 0.644410
87 45 0.652903
87 47 0.648989
87 49 0.652153
87 41 0.715815
87 43 0.761464
87 48 0.746508
87 42 0.812551
87 50 0.731014
88 31 0.482301
88 33 0.547059
88 29 0.571596
88 8 0.601505
88 28 0.579800
88 10 0.709373
88 2 0.734253
88 11 0.740764
88 44 0.705244
88 1 0.779402
88 4 0.785586
88 13 0.804243
88 5 0.812516
88 12 0.864876
88 14 0.872435
88 0 0.969864
88 32 0.950748
88 30 0.982594
88 3 1.017175
88 9 1.068116
88 18 1.069140
88 6 1.114303
88 42 1.093158
88 7 1.184052
88 40 1.234450
88 20 1.272305
88 15 1.284547
88 47 1.253867
88 46 1.265031
88 35 1.313268
88 22 1.333178
88 21 1.364830
88 16 1.409776
88 36 1.412040
88 43 1.424364
88 50 1.413981
88 45 1.449034
88 24 1.485268
88 23 1.504363
88 27 1.509125
88 49 1.485151
88 19 1.531930
88 34 1.518695
88 41 1.514246
88 38 1.537121
88 17 1.596053
88 39 1.594826
88 25 1.622374
88 26 1.640556
88 48 1.623752
88 37 1.664455
89 8 0.338856
89 11 0.354129
89 9 0.397439
89 13 0.400845
89 12 0.416462
89 14 0.476357
89 10 0.523524
89 3 0.583318
89 5 0.705745
89 1 0.716440
89 29 0.292657
89 31 0.351427
89 28 0.422605
89 2 0.869730
89 33 0.338050
89 0 0.875522
89 30 0.418818
89 7 0.894654
89 32 0.408309
89 6 0.979999
89 15 1.057908
89 44 0.428200
89 4 1.148972
89 17 1.050843
89 20 0.915034
89 35 0.743383
89 18 1.100319
89 16 1.278904
89 22 0.984383
89 21 1.051546
89 19 1.095616
89 26 1.045452
89 27 1.052286
89 25 1.096962
89 23 1.161585
89 34 1.017236
89 24 1.159189
89 40 0.966929
89 36 1.085112
89 37 1.089445
89 45 0.944514
89 38 1.101276
89 42 0.982825
89 43 1.007970
89 41 1.042320
89 49 0.885449
89 50 0.871428
89 47 0.988902
89 39 1.159458
89 46 1.078776
89 48 1.037552
90 12 0.446032
90 14 0.493532
90 9 0.562570
90 8 0.613717
90 10 0.618915
90 30 0.609236
90 11 0.657775
90 0 0.680508
90 29 0.671663
90 16 0.687643
90 31 0.698850
90 1 0.764407
90 13 0.755552
90 44 0.749568
90 32 0.769160
90 28 0.774396
90 18 0.793955
90 20 0.792274
90 4 0.871357
90 40 0.887775
90 33 0.919967
90 43 0.918823
90 6 0.993965
90 38 0.976921
90 3 1.059885
90 27 1.030675
90 42 1.026948
90 5 1.098153
90 24 1.091034
90 2 1.132968
90 46 1.091332
90 22 1.125819
90 47 1.113185
90 36 1.155325
90 34 1.171413
90 50 1.164930
90 7 1.230439
90 45 1.211692
90 26 1.239741
90 21 1.284151
90 41 1.270214
90 35 1.281714
90 17 1.315201
90 25 1.324106
90 48 1.305861
90 19 1.341514
90 23 1.338257
90 37 1.334658
90 15 1.380571
90 39 1.369320
90 49 1.402819
91 12 0.397093
91 9 0.400301
91 13 0.519128
91 11 0.528350
91 32 0.563828
91 28 0.637792
91 10 0.717085
91 1 0.737543
91 8 0.726637
91 31 0.693050
91 2 0.739992
91 30 0.712122
91 14 0.743446
91 47 0.829734
91 33 0.845740
91 29 0.850853
91 37 0.842126
91 17 0.878230
91 3 0.977343
91 43 0.918853
91 0 1.008579
91 44 1.010556
91 7 1.073115
91 21 1.064793
91 15 1.082387
91 35 1.087438
91 5 1.148492
91 46 1.104611
91 19 1.201185
91 42 1.181726
91 38 1.202732
91 22 1.228622
91 23 1.257107
91 41 1.246292
91 40 1.275313
91 45 1.290177
91 50 1.300589
91 18 1.360938
91 26 1.362856
91 16 1.374852
91 49 1.347444
91 4 1.410210
91 20 1.387669
91 25 1.387119
91 34 1.378184
91 36 1.400272
91 48 1.400412
91 24 1.443763
91 6 1.477294
91 27 1.459594
91 39 1.470925
92 10 0.395375
92 9 0.409669
92 8 0.421435
92 14 0.508889
92 11 0.569075
92 44 0.568109
92 33 0.688957
92 30 0.692488
92 12 0.756215
92 2 0.763158
92 3 0.771774
92 31 0.780327
92 0 0.916052
92 32 0.921694
92 4 0.956685
92 19 0.964349
92 28 0.966755
92 6 1.058032
92 29 1.066037
92 1 1.116277
92 21 1.133058
92 13 1.194759
92 7 1.198801
92 41 1.236929
92 42 1.249678
92 27 1.269304
92 50 1.279728
92 17 1.331728
92 23 1.345605
92 49 1.316380
92 26 1.361240
92 37 1.410529
92 16 1.446973
92 5 1.467522
92 45 1.452677
92 40 1.466186
92 43 1.477286
92 47 1.482513
92 36 1.501661
92 25 1.529116
92 22 1.532962
92 34 1.534559
92 46 1.527689
92 48 1.532414
92 38 1.567370
92 35 1.578563
92 24 1.614835
92 15 1.635549
92 18 1.644894
92 39 1.680650
92 20 1.783948
93 8 0.448269
93 11 0.468252
93 14 0.572222
93 9 0.576418
93 12 0.601188
93 21 0.649709
93 33 0.712619
93 29 0.736063
93 10 0.765896
93 31 0.778077
93 19 0.818295
93 44 0.876796
93 0 0.917713
93 30 0.907792
93 32 0.950725
93 13 1.028705
93 3 1.035758
93 28 1.064831
93 7 1.122160
93 5 1.176061
93 34 1.248023
93 2 1.307101
93 43 1.292610
93 20 1.369119
93 18 1.439790
93 1 1.466220
93 42 1.442023
93 6 1.522123
93 15 1.536521
93 38 1.581992
93 4 1.624034
93 41 1.601159
93 46 1.651072
93 23 1.693318
93 39 1.685878
93 17 1.736298
93 49 1.711337
93 16 1.759881
93 24 1.763528
93 27 1.760797
93 50 1.754532
93 40 1.772212
93 22 1.821041
93 48 1.806724
93 37 1.841489
93 35 1.843375
93 36 1.850556
93 47 1.838902
93 25 1.871537
93 45 1.851255
93 26 1.951639
94 8 0.468330
94 9 0.542484
94 11 0.552625
94 10 0.575320
94 44 0.670294
94 0 0.804538
94 1 0.819511
94 7 0.826069
94 32 0.820535
94 29 0.891089
94 5 0.926931
94 2 0.930698
94 31 0.956723
94 30 0.971375
94 3 1.015470
94 4 1.030031
94 34 1.033495
94 13 1.071036
94 14 1.086420
94 36 1.212232
94 12 1.240723
94 33 1.218508
94 24 1.231097
94 20 1.237536
94 28 1.225162
94 47 1.203304
94 45 1.206032
94 22 1.269634
94 35 1.309675
94 26 1.339287
94 19 1.352396
94 6 1.380397
94 27 1.369402
94 25 1.384108
94 16 1.414007
94 17 1.454443
94 42 1.445280
94 46 1.465107
94 43 1.498555
94 23 1.550750
94 37 1.547971
94 21 1.605917
94 40 1.579872
94 38 1.590959
94 15 1.629614
94 39 1.617560
94 48 1.620474
94 50 1.618398
94 18 1.695586
94 41 1.692436
94 49 1.693334
95 9 0.428804
95 12 0.480644
95 11 0.518814
95 8 0.600401
95 5 0.654262
95 1 0.780448
95 29 0.790554
95 0 0.832067
95 3 0.840937
95 4 0.852573
95 44 0.850695
95 33 0.946217
95 31 0.948370
95 7 0.996845
95 13 1.044886
95 32 1.040733
95 15 1.061591
95 16 1.089398
95 10 1.135474
95 14 1.139711
95 43 1.115590
95 30 1.144344
95 19 1.194594
95 28 1.192784
95 38 1.192802
95 34 1.222981
95 36 1.257163
95 21 1.280224
95 20 1.291343
95 42 1.275053
95 46 1.293462
95 18 1.335628
95 45 1.315368
95 6 1.428208
95 23 1.423904
95 17 1.439928
95 47 1.420555
95 37 1.442121
95 2 1.489034
95 24 1.470139
95 39 1.463305
95 26 1.494876
95 40 1.485692
95 25 1.509336
95 22 1.520788
95 27 1.521756
95 41 1.510981
95 50 1.520036
95 35 1.543446
95 49 1.532828
95 48 1.541535
96 9 0.387580
96 10 0.401438
96 12 0.411512
96 8 0.470231
96 13 0.536497
96 11 0.555526
96 14 0.581540
96 5 0.649841
96 0 0.695638
96 7 0.689329
96 3 0.723277
96 28 0.536058
96 30 0.425448
96 29 0.557476
96 23 0.801617
96 32 0.491807
96 1 0.966855
96 31 0.554682
96 15 0.990395
96 18 0.996903
96 33 0.624945
96 6 1.093429
96 24 1.014549
96 2 1.147227
96 4 1.166578
96 17 1.110603
96 25 1.090658
96 20 1.110468
96 16 1.144914
96 44 0.606196
96 21 1.162457
96 50 0.520665
96 42 0.696801
96 27 1.174355
96 19 1.290112
96 38 0.831748
96 47 0.757884
96 45 0.793869
96 22 1.333403
96 36 0.905783
96 26 1.311950
96 35 0.942959
96 39 0.913060
96 43 0.883061
96 34 1.039881
96 40 0.968470
96 37 0.997803
96 46 0.921320
96 48 0.911501
96 41 1.004015
96 49 1.054763
97 9 0.414587
97 3 0.528662
97 5 0.641465
97 44 0.630398
97 1 0.675816
97 0 0.677221
97 29 0.654132
97 13 0.680208
97 10 0.701137
97 12 0.701387
97 30 0.719063
97 28 0.730963
97 14 0.768256
97 21 0.822985
97 8 0.873132
97 32 0.867374
97 24 0.909449
97 19 0.930532
97 45 0.915969
97 2 0.954608
97 33 1.003717
97 11 1.037215
97 6 1.048544
97 31 1.043500
97 17 1.073574
97 43 1.058155
97 23 1.182141
97 39 1.174853
97 48 1.188912
97 20 1.230001
97 36 1.241493
97 37 1.260853
97 40 1.289895
97 42 1.312116
97 46 1.318575
97 47 1.344147
97 27 1.372113
97 4 1.399212
97 22 1.406324
97 34 1.428304
97 7 1.460407
97 18 1.453511
97 26 1.458555
97 38 1.452934
97 50 1.448004
97 35 1.475350
97 25 1.492634
97 15 1.509138
97 16 1.514817
97 49 1.541667
97 41 1.598856
98 13 0.639028
98 1 0.784310
98 11 0.806241
98 14 0.819480
98 10 0.836355
98 8 0.852928
98 6 0.908774
98 5 0.923398
98 3 0.941122
98 0 1.005026
98 9 1.017250
98 24 1.022421
98 44 0.998559
98 12 1.086978
98 4 1.236551
98 28 1.237480
98 32 1.233397
98 42 1.309635
98 38 1.336130
98 22 1.378934
98 50 1.367535
98 30 1.391193
98 33 1.420734
98 21 1.490548
98 31 1.505244
98 43 1.515865
98 34 1.526722
98 29 1.560926
98 2 1.666352
98 47 1.695140
98 20 1.742585
98 27 1.756282
98 17 1.789723
98 41 1.804748
98 18 1.865825
98 7 1.901429
98 36 1.970572
98 23 1.987496
98 35 1.985204
98 40 2.004680
98 16 2.044488
98 19 2.043109
98 37 2.023400
98 39 2.053987
98 49 2.057644
98 26 2.095450
98 45 2.124828
98 25 2.148780
98 48 2.152339
98 15 2.208461
98 46 2.204926
99 8 0.556276
99 13 0.573004
99 9 0.601867
99 28 0.602289
99 11 0.647746
99 10 0.822440
99 33 0.879226
99 38 1.013233
99 20 1.038959
99 31 1.023913
99 32 1.021919
99 3 1.073279
99 0 1.094452
99 30 1.139735
99 14 1.196788
99 27 1.181916
99 17 1.245829
99 12 1.278353
99 29 1.263122
99 2 1.328978
99 24 1.340953
99 6 1.394492
99 44 1.373421
99 49 1.399377
99 39 1.435094
99 4 1.524114
99 21 1.551267
99 23 1.548956
99 36 1.547234
99 18 1.591010
99 15 1.593489
99 41 1.625715
99 43 1.648905
99 7 1.705986
99 47 1.672124
99 50 1.670101
99 42 1.706458
99 35 1.715734
99 1 1.766793
99 26 1.744424
99 46 1.731616
99 16 1.795785
99 22 1.838806
99 5 1.868511
99 37 1.835371
99 19 1.872106
99 34 1.878358
99 40 1.872432
99 48 1.861669
99 25 1.906319
99 45 1.900400
100 9 0.327789
100 8 0.377138
100 11 0.489987
100 12 0.542464
100 31 0.515841
100 13 0.562764
100 3 0.591823
100 1 0.662395
100 29 0.615663
100 32 0.631450
100 5 0.747362
100 30 0.705365
100 10 0.759222
100 0 0.802698
100 33 0.761806
100 44 0.705347
100 28 0.782349
100 25 0.813469
100 21 0.846020
100 27 0.877291
100 19 0.933010
100 14 0.946795
100 23 1.007749
100 7 1.112699
100 17 1.094112
100 15 1.154120
100 24 1.160835
100 26 1.165975
100 42 1.091554
100 50 1.089361
100 6 1.243670
100 2 1.283544
100 40 1.196717
100 35 1.273422
100 47 1.226380
100 43 1.233554
100 4 1.366581
100 48 1.238269
100 49 1.238771
100 39 1.259651
100 16 1.390725
100 18 1.396154
100 38 1.316100
100 22 1.396177
100 45 1.308333
100 20 1.429715
100 41 1.344000
100 36 1.418540
100 34 1.476309
100 37 1.569143
100 46 1.548344
101 9 0.394123
101 11 0.463824
101 8 0.492123
101 10 0.491501
101 3 0.550356
101 29 0.577463
101 0 0.614169
101 1 0.644721
101 31 0.640725
101 32 0.690420
101 33 0.702227
101 5 0.757926
101 4 0.788033
101 6 0.877873
101 44 0.856177
101 40 0.884740
101 2 0.919443
101 7 0.934072
101 13 0.931133
101 14 0.931873
101 12 0.967993
101 36 0.963575
101 45 0.953760
101 30 1.097515
101 42 1.082987
101 28 1.100372
101 38 1.088063
101 43 1.173606
101 46 1.171312
101 20 1.218700
101 17 1.222475
101 47 1.199450
101 39 1.210139
101 50 1.241894
101 16 1.279609
101 48 1.266592
101 49 1.295481
101 18 1.341317
101 41 1.325489
101 35 1.342647
101 37 1.341562
101 24 1.376211
101 27 1.384714
101 26 1.398831
101 19 1.415415
101 15 1.441184
101 34 1.458047
101 23 1.482257
101 25 1.502839
101 21 1.516522
101 22 1.516285
102 11 0.439980
102 10 0.554377
102 32 0.528377
102 44 0.524969
102 13 0.599822
102 9 0.616308
102 30 0.598563
102 0 0.653175
102 28 0.640936
102 8 0.675779
102 3 0.697941
102 2 0.714623
102 14 0.704385
102 12 0.784598
102 1 0.855888
102 33 0.876059
102 16 0.916539
102 5 0.938182
102 31 0.920668
102 23 0.930891
102 29 0.943335
102 6 0.999100
102 7 1.009032
102 25 1.014573
102 45 1.003339
102 21 1.093245
102 18 1.153596
102 24 1.152890
102 20 1.157963
102 38 1.196302
102 15 1.231097
102 49 1.199674
102 40 1.217498
102 17 1.245982
102 36 1.238722
102 46 1.234671
102 4 1.293000
102 50 1.248194
102 37 1.264014
102 39 1.267727
102 22 1.300223
102 34 1.292054
102 41 1.285551
102 47 1.284376
102 19 1.322483
102 42 1.296842
102 27 1.322997
102 26 1.354633
102 43 1.345184
102 48 1.383347
102 35 1.410533
103 9 0.472160
103 14 0.585037
103 11 0.600646
103 4 0.754253
103 1 0.772530
103 3 0.798489
103 10 0.811062
103 8 0.813059
103 7 0.815037
103 13 0.844984
103 2 0.852104
103 29 0.853423
103 28 0.879198
103 48 0.915870
103 30 0.956489
103 0 0.999613
103 37 0.967812
103 32 0.991633
103 5 1.051223
103 20 1.066924
103 12 1.106973
103 31 1.112383
103 25 1.121247
103 44 1.139574
103 33 1.171980
103 43 1.180570
103 41 1.206195
103 6 1.262518
103 22 1.255581
103 49 1.224180
103 36 1.337211
103 42 1.351411
103 16 1.380066
103 45 1.348662
103 47 1.443257
103 21 1.475153
103 23 1.474580
103 17 1.480001
103 27 1.470254
103 19 1.479312
103 35 1.460313
103 18 1.481291
103 15 1.505959
103 24 1.499761
103 40 1.489881
103 39 1.502829
103 46 1.513329
103 34 1.538824
103 26 1.561093
103 50 1.560893
103 38 1.678976
104 10 0.381872
104 11 0.417223
104 12 0.445651
104 8 0.482630
104 31 0.493581
104 9 0.561940
104 28 0.524407
104 14 0.664309
104 32 0.633485
104 44 0.629271
104 4 0.711836
104 2 0.730231
104 5 0.728789
104 0 0.737848
104 13 0.755661
104 30 0.734238
104 38 0.750732
104 6 0.856878
104 29 0.881002
104 1 0.951248
104 36 0.971337
104 33 0.986715
104 34 1.026308
104 16 1.069910
104 3 1.098561
104 24 1.066235
104 18 1.091692
104 7 1.161945
104 20 1.146972
104 40 1.136926
104 35 1.159769
104 15 1.232968
104 39 1.200073
104 45 1.207573
104 50 1.224008
104 17 1.287708
104 27 1.272210
104 47 1.246799
104 48 1.245343
104 22 1.296147
104 42 1.271880
104 19 1.354085
104 46 1.308982
104 26 1.346595
104 25 1.361023
104 49 1.332063
104 23 1.383503
104 37 1.367020
104 43 1.357662
104 21 1.456060
104 41 1.437633
105 10 0.333040
105 44 0.403230
105 9 0.574204
105 11 0.574362
105 30 0.530984
105 13 0.573109
105 29 0.534058
105 28 0.642386
105 32 0.660235
105 14 0.732427
105 1 0.761964
105 8 0.787518
105 31 0.745988
105 33 0.766554
105 2 0.876401
105 12 0.870012
105 7 0.922611
105 40 0.917792
105 0 1.015198
105 4 1.058375
105 3 1.070770
105 6 1.154631
105 5 1.196543
105 19 1.267097
105 34 1.249124
105 24 1.268995
105 37 1.258295
105 17 1.299326
105 27 1.316202
105 15 1.353396
105 18 1.344592
105 36 1.369512
105 39 1.406602
105 43 1.403064
105 20 1.436550
105 45 1.453011
105 16 1.516893
105 35 1.492041
105 26 1.536028
105 23 1.538726
105 46 1.537373
105 42 1.565871
105 47 1.572042
105 38 1.644202
105 48 1.638929
105 50 1.667992
105 22 1.702160
105 25 1.708600
105 49 1.692468
105 21 1.750299
105 41 1.739035
106 28 0.476620
106 31 0.503849
106 14 0.566651
106 8 0.586497
106 10 0.594526
106 12 0.727235
106 1 0.747971
106 9 0.752777
106 0 0.769666
106 44 0.755890
106 32 0.797298
106 4 0.864863
106 13 0.875697
106 2 0.963871
106 29 0.956454
106 11 1.017331
106 30 1.015509
106 33 1.026206
106 20 1.160468
106 24 1.192793
106 3 1.223993
106 5 1.249562
106 19 1.251054
106 37 1.244926
106 34 1.279250
106 18 1.328747
106 16 1.339078
106 43 1.307508
106 36 1.339343
106 42 1.350179
106 40 1.353385
106 7 1.395540
106 47 1.363156
106 39 1.381345
106 27 1.406526
106 22 1.427948
106 21 1.436335
106 46 1.412338
106 6 1.491452
106 50 1.452427
106 49 1.486730
106 15 1.533366
106 25 1.531192
106 48 1.532153
106 38 1.549277
106 41 1.639319
106 23 1.663024
106 35 1.646194
106 17 1.669642
106 45 1.637054
106 26 1.668031
107 9 0.420681
107 11 0.447137
107 32 0.440098
107 13 0.487153
107 29 0.521595
107 12 0.679117
107 44 0.680625
107 33 0.736492
107 1 0.792722
107 2 0.807892
107 3 0.839042
107 14 0.848902
107 5 0.906483
107 0 1.000303
107 28 0.995567
107 10 1.052292
107 8 1.085062
107 30 1.091320
107 31 1.122456
107 7 1.170615
107 35 1.328423
107 26 1.355884
107 18 1.399449
107 40 1.387947
107 45 1.382879
107 4 1.457651
107 41 1.420526
107 27 1.442446
107 47 1.498768
107 46 1.511225
107 16 1.547638
107 24 1.550542
107 37 1.538138
107 20 1.583691
107 43 1.576829
107 49 1.580879
107 23 1.626224
107 17 1.659780
107 15 1.671689
107 48 1.648590
107 36 1.671578
107 50 1.663507
107 19 1.703366
107 34 1.695112
107 39 1.700068
107 42 1.706559
107 25 1.762398
107 38 1.752871
107 6 1.820148
107 22 1.832266
107 21 1.866388
108 32 0.492919
108 12 0.518417
108 8 0.640186
108 9 0.706791
108 11 0.735196
108 29 0.730900
108 31 0.799708
108 14 0.851307
108 33 0.982797
108 4 1.073319
108 10 1.081610
108 13 1.080200
108 0 1.118229
108 44 1.113774
108 30 1.250254
108 28 1.313633
108 27 1.430737
108 5 1.456415
108 45 1.418740
108 34 1.492266
108 40 1.566037
108 22 1.699993
108 42 1.719216
108 1 1.776946
108 16 1.782952
108 37 1.769423
108 25 1.844270
108 26 1.884307
108 49 1.865976
108 24 1.917800
108 48 1.891233
108 20 1.939813
108 46 1.924635
108 2 1.992497
108 6 1.999839
108 50 1.960006
108 19 2.023256
108 35 2.017013
108 23 2.040195
108 7 2.058605
108 3 2.068614
108 41 2.038640
108 43 2.060336
108 39 2.065052
108 36 2.091370
108 38 2.095301
108 15 2.128369
108 17 2.173859
108 18 2.196682
108 21 2.288328
108 47 2.297902
109 9 0.430791
109 11 0.473523
109 28 0.632156
109 31 0.688685
109 13 0.729614
109 1 0.768770
109 10 0.777730
109 3 0.797157
109 30 0.790463
109 12 0.850818
109 5 0.873899
109 8 0.886753
109 7 0.903917
109 14 0.939618
109 29 0.968911
109 44 1.019269
109 46 1.115332
109 32 1.131615
109 6 1.164697
109 0 1.203449
109 19 1.183471
109 40 1.178810
109 33 1.186859
109 34 1.197667
109 42 1.200967
109 43 1.200747
109 25 1.221344
109 35 1.212546
109 22 1.242524
109 4 1.267552
109 27 1.288088
109 2 1.325841
109 23 1.308138
109 16 1.333489
109 21 1.352225
109 41 1.362045
109 39 1.391006
109 45 1.415130
109 36 1.427097
109 49 1.417499
109 48 1.419131
109 18 1.470438
109 17 1.484261
109 37 1.538456
109 47 1.528258
109 50 1.525632
109 24 1.554795
109 38 1.540326
109 15 1.565335
109 26 1.553727
109 20 1.633144
110 12 0.524696
110 9 0.527513
110 29 0.558483
110 30 0.686844
110 31 0.750597
110 10 0.938742
110 2 0.999846
110 11 1.010590
110 40 0.992103
110 8 1.094891
110 44 1.084934
110 18 1.133440
110 14 1.166264
110 33 1.162889
110 0 1.209407
110 6 1.252356
110 4 1.267994
110 27 1.247194
110 49 1.219074
110 36 1.266339
110 13 1.309069
110 37 1.312419
110 47 1.304403
110 34 1.355202
110 28 1.364751
110 5 1.427582
110 43 1.396903
110 1 1.464565
110 32 1.451745
110 45 1.478299
110 42 1.490279
110 21 1.530013
110 50 1.523409
110 15 1.576633
110 22 1.569774
110 3 1.595464
110 24 1.610376
110 7 1.667949
110 17 1.668730
110 16 1.720321
110 23 1.719639
110 38 1.708182
110 20 1.763385
110 46 1.736218
110 48 1.735286
110 19 1.791702
110 35 1.775725
110 41 1.785462
110 39 1.809352
110 26 1.903349
110 25 1.913892
111 9 0.397570
111 10 0.442099
111 5 0.457825
111 32 0.554751
111 3 0.587030
111 15 0.661434
111 29 0.703178
111 17 0.715015
111 8 0.746906
111 28 0.751955
111 30 0.758604
111 13 0.785106
111 11 0.788863
111 33 0.786910
111 7 0.810470
111 43 0.795489
111 1 0.878908
111 21 0.874230
111 16 0.880262
111 44 0.864868
111 12 0.935725
111 34 0.940398
111 31 1.010507
111 22 1.033703
111 42 1.030347
111 14 1.105854
111 4 1.130374
111 23 1.116658
111 18 1.127818
111 19 1.153358
111 2 1.165361
111 48 1.156881
111 27 1.207406
111 38 1.204412
111 49 1.202736
111 35 1.225688
111 6 1.259723
111 25 1.245511
111 0 1.351575
111 40 1.318267
111 26 1.334648
111 50 1.309524
111 47 1.312738
111 45 1.328468
111 20 1.355821
111 41 1.348283
111 24 1.408126
111 46 1.385518
111 39 1.406321
111 36 1.424124
111 37 1.498219
112 8 0.519928
112 11 0.573742
112 29 0.813520
112 12 0.855423
112 9 0.978841
112 32 0.954187
112 3 1.026794
112 13 1.019801
112 1 1.048380
112 6 1.046328
112 2 1.079394
112 48 1.121279
112 14 1.192856
112 5 1.219599
112 4 1.240704
112 7 1.301839
112 31 1.335007
112 33 1.356044
112 26 1.384431
112 10 1.403654
112 25 1.436791
112 46 1.436562
112 30 1.477246
112 28 1.480539
112 47 1.458755
112 22 1.489451
112 44 1.462808
112 21 1.601318
112 27 1.618754
112 41 1.621996
112 37 1.748697
112 38 1.749204
112 23 1.787115
112 0 1.837847
112 39 1.798566
112 20 1.822705
112 36 1.819313
112 45 1.807709
112 34 1.836023
112 35 1.848544
112 16 1.889661
112 18 1.888285
112 43 1.857971
112 17 1.891161
112 49 1.864050
112 50 1.864001
112 19 1.976393
112 42 1.961217
112 15 1.993982
112 40 2.012404
112 24 2.059254
113 9 0.422753
113 13 0.505599
113 8 0.627584
113 11 0.642593
113 32 0.628087
113 14 0.658870
113 29 0.710932
113 31 0.742814
113 12 0.801242
113 0 0.820073
113 30 0.780694
113 4 0.860534
113 28 0.876956
113 5 0.930828
113 1 0.965921
113 33 0.930072
113 10 0.987775
113 44 1.006779
113 7 1.087163
113 2 1.152958
113 21 1.128595
113 3 1.188593
113 35 1.148407
113 15 1.311004
113 39 1.287415
113 19 1.534597
113 16 1.546796
113 6 1.580586
113 49 1.520524
113 36 1.578148
113 45 1.561793
113 26 1.600949
113 40 1.603093
113 41 1.608285
113 42 1.613542
113 18 1.648795
113 17 1.671800
113 23 1.669912
113 34 1.665196
113 50 1.633972
113 27 1.679311
113 43 1.680553
113 38 1.689662
113 47 1.698330
113 37 1.727899
113 25 1.774557
113 20 1.789481
113 48 1.752149
113 24 1.845545
113 22 1.859594
113 46 1.876864
114 8 0.566269
114 44 0.541412
114 0 0.698533
114 33 0.703807
114 3 0.847937
114 30 0.918628
114 5 0.973976
114 40 0.953571
114 1 1.044146
114 2 1.066105
114 32 1.054759
114 9 1.090409
114 10 1.103265
114 28 1.097456
114 14 1.159446
114 7 1.172084
114 36 1.157332
114 31 1.170232
114 12 1.233756
114 29 1.245144
114 13 1.269659
114 11 1.272851
114 34 1.322019
114 21 1.413124
114 24 1.526210
114 43 1.516224
114 37 1.560350
114 48 1.583843
114 6 1.636409
114 47 1.610586
114 26 1.656782
114 45 1.668720
114 39 1.703933
114 4 1.750081
114 41 1.802227
114 46 1.804338
114 20 1.831592
114 18 1.872733
114 42 1.851678
114 23 1.885794
114 16 1.896761
114 38 1.896582
114 25 1.916851
114 22 1.954715
114 15 1.962252
114 50 1.935177
114 27 1.977542
114 35 1.994211
114 19 2.016295
114 49 2.030811
114 17 2.091215
115 8 0.382766
115 9 0.394150
115 11 0.408928
115 12 0.590741
115 31 0.631385
115 13 0.658290
115 33 0.666090
115 14 0.694868
115 0 0.735799
115 19 0.732225
115 44 0.722346
115 5 0.796715
115 2 0.824043
115 10 0.834448
115 30 0.838785
115 27 0.903884
115 1 0.938527
115 45 0.901176
115 29 0.951242
115 28 0.989909
115 15 1.004829
115 21 1.015359
115 32 1.045155
115 26 1.139397
115 25 1.188931
115 18 1.210103
115 41 1.186213
115 17 1.213670
115 36 1.326003
115 38 1.325170
115 49 1.315494
115 47 1.317369
115 34 1.332410
115 22 1.346014
115 35 1.332021
115 39 1.328873
115 3 1.361735
115 48 1.320303
115 4 1.361837
115 6 1.386889
115 16 1.381543
115 23 1.397785
115 43 1.420815
115 24 1.447748
115 7 1.471485
115 20 1.476258
115 37 1.458116
115 50 1.467967
115 40 1.492187
115 42 1.498687
115 46 1.567248
116 14 0.451463
116 9 0.641191
116 8 0.656693
116 44 0.707583
116 29 0.748038
116 32 0.784242
116 30 0.799798
116 0 0.877064
116 31 0.859087
116 10 0.943057
116 12 0.975905
116 2 1.003377
116 1 1.044234
116 28 1.029888
116 33 1.097671
116 46 1.117912
116 16 1.174429
116 13 1.177595
116 4 1.207461
116 6 1.278564
116 20 1.282021
116 11 1.310507
116 36 1.303538
116 40 1.317353
116 48 1.324507
116 38 1.337433
116 49 1.325010
116 18 1.398618
116 34 1.377480
116 22 1.412022
116 3 1.432242
116 17 1.495483
116 24 1.485260
116 15 1.510455
116 35 1.481682
116 26 1.496451
116 41 1.475896
116 43 1.494884
116 5 1.576618
116 37 1.538279
116 50 1.523532
116 42 1.553562
116 19 1.644289
116 39 1.657500
116 47 1.657606
116 7 1.708140
116 25 1.787648
116 27 1.797205
116 23 1.813886
116 21 1.825654
116 45 1.848879
117 9 0.591560
117 8 0.626431
117 28 0.765264
117 33 0.987411
117 32 1.087956
117 2 1.243584
117 1 1.244889
117 4 1.244861
117 11 1.241130
117 30 1.246119
117 3 1.344203
117 27 1.397467
117 42 1.378400
117 25 1.403811
117 6 1.434638
117 13 1.475562
117 21 1.470860
117 31 1.457980
117 44 1.462664
117 29 1.508073
117 0 1.534311
117 37 1.501864
117 5 1.555684
117 12 1.579250
117 14 1.579052
117 50 1.563482
117 10 1.610913
117 17 1.606799
117 34 1.670264
117 15 1.731194
117 24 1.724438
117 46 1.694356
117 7 1.738838
117 23 1.729112
117 16 1.831404
117 19 1.830578
117 20 1.830481
117 39 1.805448
117 26 1.835183
117 22 1.939833
117 35 1.933887
117 45 1.966826
117 41 1.988986
117 38 2.023897
117 48 2.041396
117 40 2.066581
117 47 2.058212
117 43 2.064690
117 49 2.074047
117 36 2.106741
117 18 2.183241
118 8 0.492886
118 12 0.506500
118 10 0.620388
118 9 0.724426
118 11 0.761275
118 13 0.796117
118 4 0.966026
118 30 0.951540
118 32 0.956300
118 0 0.986677
118 14 0.994498
118 31 1.051891
118 42 1.064437
118 2 1.124148
118 44 1.079146
118 28 1.158023
118 6 1.207597
118 33 1.199589
118 5 1.262559
118 34 1.251267
118 29 1.260531
118 7 1.284030
118 3 1.486016
118 22 1.497627
118 1 1.516068
118 47 1.481058
118 48 1.507367
118 36 1.528065
118 27 1.581604
118 25 1.602795
118 15 1.637314
118 24 1.642236
118 17 1.712440
118 40 1.701333
118 20 1.741880
118 45 1.740333
118 18 1.791827
118 50 1.777442
118 21 1.826205
118 19 1.829104
118 26 1.821323
118 37 1.916513
118 16 1.944388
118 49 1.904101
118 38 1.918494
118 43 1.911092
118 23 1.940931
118 46 1.910048
118 35 1.924425
118 39 1.920008
118 41 1.942881
119 11 0.639050
119 33 0.650640
119 30 0.683397
119 13 0.713274
119 9 0.726694
119 29 0.839125
119 8 0.981779
119 32 0.971306
119 28 1.021497
119 1 1.055011
119 3 1.065369
119 31 1.088434
119 12 1.114968
119 25 1.264462
119 37 1.279327
119 35 1.301824
119 41 1.303914
119 14 1.357641
119 0 1.423858
119 21 1.419628
119 5 1.443219
119 10 1.457661
119 7 1.484932
119 39 1.465695
119 44 1.483746
119 49 1.556444
119 19 1.604842
119 45 1.595838
119 48 1.624039
119 2 1.665301
119 26 1.674390
119 4 1.691781
119 17 1.697864
119 46 1.668927
119 16 1.699692
119 6 1.708858
119 15 1.726342
119 27 1.757535
119 47 1.745340
119 43 1.775422
119 20 1.800345
119 50 1.774334
119 18 1.842768
119 23 1.843383
119 40 1.886310
119 42 1.891067
119 34 1.924878
119 36 1.947443
119 38 1.977343
119 22 2.001227
119 24 2.000576
120 8 0.674608
120 9 0.816971
120 28 0.789034
120 31 0.838997
120 13 1.132253
120 0 1.174961
120 1 1.222691
120 4 1.229904
120 6 1.256472
120 22 1.242349
120 32 1.251373
120 14 1.338992
120 5 1.381697
120 16 1.371035
120 44 1.355734
120 33 1.499953
120 10 1.581319
120 25 1.621300
120 38 1.631878
120 24 1.811041
120 15 1.830954
120 11 1.836104
120 12 1.835900
120 30 1.805249
120 29 1.808118
120 34 1.796720
120 27 1.853289
120 40 1.858415
120 3 1.979690
120 35 1.961240
120 7 2.011346
120 20 1.999076
120 23 2.014148
120 45 2.030075
120 37 2.069761
120 41 2.090577
120 21 2.133797
120 19 2.138475
120 50 2.088746
120 42 2.109638
120 36 2.174485
120 2 2.227663
120 17 2.232998
120 26 2.213940
120 48 2.272058
120 46 2.277806
120 18 2.334915
120 43 2.285310
120 39 2.291831
120 49 2.289377
120 47 2.330227
