21 2 0.165450
21 0 0.167736
21 4 0.166039
21 6 0.171336
21 9 0.147043
21 10 0.139194
21 8 0.181464
21 5 0.199792
21 7 0.192698
21 3 0.205793
21 11 0.151588
21 1 0.224672
21 12 0.183783
21 13 0.171682
21 17 0.098170
21 14 0.117894
21 18 0.113779
21 15 0.124110
21 16 0.139818
21 22 0.140558
21 21 0.148275
21 31 0.159464
21 44 0.145393
21 24 0.179391
21 19 0.214919
21 42 0.178588
21 46 0.169901
21 48 0.165482
21 34 0.190499
21 20 0.218859
21 28 0.199768
21 43 0.182972
21 41 0.186393
21 27 0.203446
21 29 0.200924
21 23 0.216538
21 33 0.197066
21 45 0.182381
21 37 0.193100
21 26 0.206906
21 30 0.202092
21 32 0.202294
21 36 0.201226
21 25 0.218642
21 49 0.181415
21 39 0.208411
21 40 0.209101
21 35 0.219136
21 50 0.191609
21 38 0.216332
21 47 0.204501
22 5 0.125762
22 6 0.131869
22 0 0.138519
22 3 0.190050
22 4 0.191143
22 2 0.207927
22 1 0.219649
22 9 0.232139
22 10 0.242549
22 31 0.240925
22 14 0.257690
22 8 0.275548
22 30 0.255072
22 29 0.257391
22 21 0.279952
22 13 0.296702
22 7 0.302646
22 17 0.298075
22 11 0.305447
22 42 0.269346
22 32 0.287852
22 18 0.302186
22 22 0.299175
22 41 0.272741
22 25 0.297753
22 34 0.289028
22 23 0.300570
22 28 0.295415
22 16 0.309104
22 27 0.299514
22 15 0.311436
22 33 0.294889
22 44 0.276338
22 12 0.315002
22 45 0.274535
22 40 0.281701
22 20 0.309351
22 35 0.290321
22 47 0.274335
22 19 0.314051
22 49 0.274307
22 36 0.290676
22 43 0.285970
22 46 0.282237
22 38 0.293680
22 50 0.280093
22 37 0.296804
22 48 0.285191
22 26 0.316869
22 24 0.319338
22 39 0.296340
23 0 0.152194
23 1 0.157756
23 2 0.160679
23 5 0.171963
23 3 0.180067
23 9 0.183899
23 8 0.187111
23 10 0.186901
23 6 0.199299
23 4 0.210092
23 12 0.223916
23 30 0.210336
23 14 0.225896
23 7 0.252633
23 11 0.251635
23 13 0.250945
23 20 0.245452
23 23 0.242872
23 35 0.232609
23 29 0.239446
23 36 0.233504
23 16 0.255043
23 44 0.228108
23 38 0.235667
23 32 0.242183
23 34 0.240559
23 28 0.247346
23 22 0.253927
23 33 0.242379
23 19 0.258251
23 47 0.230844
23 21 0.258969
23 50 0.229528
23 40 0.242908
23 37 0.246824
23 42 0.243159
23 31 0.254645
23 17 0.268931
23 25 0.263614
23 15 0.273755
23 18 0.272598
23 26 0.265605
23 49 0.241526
23 45 0.247679
23 27 0.267676
23 43 0.250579
23 39 0.256676
23 48 0.248042
23 24 0.273583
23 46 0.250574
23 41 0.260292
24 0 0.107879
24 1 0.124900
24 3 0.127460
24 2 0.146812
24 4 0.161528
24 5 0.168250
24 9 0.169394
24 10 0.183326
24 14 0.190844
24 8 0.202276
24 7 0.215649
24 6 0.218522
24 12 0.223524
24 17 0.224927
24 11 0.233128
24 13 0.231768
24 20 0.225989
24 30 0.227134
24 32 0.225547
24 23 0.238068
24 18 0.246925
24 39 0.225743
24 48 0.217520
24 28 0.239695
24 25 0.246252
24 31 0.240832
24 24 0.250495
24 38 0.236193
24 26 0.249605
24 44 0.229017
24 16 0.259950
24 50 0.223287
24 19 0.258487
24 33 0.244268
24 45 0.231268
24 27 0.251859
24 42 0.234981
24 46 0.230878
24 36 0.241860
24 15 0.264516
24 49 0.227984
24 29 0.250277
24 34 0.245380
24 41 0.238410
24 47 0.232410
24 37 0.243898
24 22 0.260808
24 40 0.244419
24 35 0.250497
24 21 0.266238
24 43 0.242669
25 0 0.111319
25 5 0.121097
25 4 0.125939
25 3 0.152378
25 2 0.167146
25 9 0.170581
25 1 0.180173
25 8 0.181172
25 13 0.189502
25 6 0.198171
25 12 0.196471
25 7 0.216445
25 14 0.222645
25 11 0.229963
25 10 0.242980
25 29 0.226129
25 31 0.229347
25 20 0.243767
25 19 0.250459
25 21 0.250597
25 34 0.236586
25 17 0.255323
25 44 0.226079
25 30 0.242998
25 16 0.260410
25 33 0.242372
25 32 0.244361
25 40 0.238085
25 23 0.258264
25 39 0.240706
25 25 0.258095
25 49 0.230702
25 35 0.246936
25 28 0.257473
25 45 0.237497
25 41 0.242597
25 27 0.260369
25 22 0.266546
25 18 0.270952
25 15 0.274524
25 36 0.253281
25 43 0.246273
25 48 0.241761
25 26 0.267529
25 47 0.244808
25 37 0.256545
25 38 0.255679
25 24 0.276622
25 50 0.246619
25 42 0.256498
25 46 0.255303
26 0 0.129761
26 3 0.138369
26 5 0.137268
26 4 0.154766
26 1 0.176869
26 2 0.202313
26 6 0.205405
26 9 0.205230
26 14 0.201308
26 8 0.207230
26 20 0.216900
26 10 0.229374
26 7 0.233003
26 22 0.223801
26 12 0.249727
26 37 0.223796
26 32 0.229849
26 13 0.250458
26 24 0.242952
26 19 0.251587
26 29 0.240652
26 41 0.228679
26 21 0.252628
26 27 0.245672
26 49 0.222787
26 11 0.262858
26 33 0.240604
26 18 0.258069
26 30 0.245442
26 50 0.224234
26 23 0.254425
26 17 0.261269
26 42 0.235772
26 46 0.232074
26 34 0.244355
26 39 0.240460
26 43 0.237032
26 47 0.233553
26 38 0.243086
26 15 0.267952
26 28 0.254194
26 48 0.233821
26 16 0.267934
26 31 0.253177
26 25 0.260985
26 44 0.241604
26 45 0.243381
26 36 0.255127
26 40 0.252533
26 35 0.258732
26 26 0.272034
27 5 0.131959
27 0 0.136008
27 3 0.166747
27 2 0.170601
27 1 0.184280
27 4 0.200721
27 6 0.209174
27 10 0.206042
27 11 0.206187
27 8 0.211489
27 9 0.210815
27 7 0.224387
27 34 0.208528
27 27 0.219559
27 24 0.223746
27 19 0.233182
27 13 0.238393
27 21 0.233715
27 38 0.215609
27 47 0.207549
27 14 0.243129
27 25 0.233116
27 43 0.214639
27 29 0.229228
27 22 0.239191
27 12 0.248701
27 42 0.220196
27 18 0.246981
27 23 0.242374
27 28 0.237085
27 33 0.233951
27 30 0.236540
27 50 0.215925
27 44 0.223354
27 15 0.254212
27 31 0.237370
27 17 0.253440
27 20 0.253243
27 16 0.258264
27 26 0.248703
27 48 0.225635
27 37 0.240018
27 32 0.245310
27 41 0.235926
27 46 0.231761
27 45 0.233585
27 35 0.245541
27 40 0.240205
27 36 0.249944
27 39 0.246726
27 49 0.240720
28 0 0.113475
28 2 0.136890
28 5 0.145762
28 3 0.158602
28 1 0.169696
28 4 0.181394
28 7 0.181342
28 9 0.189999
28 6 0.194570
28 12 0.195370
28 11 0.200776
28 8 0.203827
28 10 0.208736
28 16 0.245182
28 13 0.248134
28 30 0.230945
28 14 0.248259
28 19 0.243736
28 15 0.251785
28 35 0.228340
28 42 0.220895
28 40 0.223335
28 21 0.247936
28 28 0.242709
28 36 0.232780
28 24 0.247585
28 27 0.245307
28 23 0.250653
28 32 0.241411
28 18 0.257902
28 22 0.254816
28 50 0.221792
28 29 0.247086
28 34 0.243819
28 41 0.235092
28 49 0.226730
28 43 0.234309
28 33 0.248258
28 44 0.236787
28 38 0.244399
28 26 0.260015
28 45 0.239926
28 20 0.271683
28 31 0.259018
28 37 0.253814
28 25 0.268692
28 46 0.248194
28 39 0.257133
28 47 0.249306
28 48 0.248886
28 17 0.289998
29 0 0.123138
29 4 0.154294
29 1 0.174478
29 3 0.173415
29 8 0.191242
29 2 0.209937
29 9 0.205550
29 10 0.212109
29 5 0.225956
29 6 0.232222
29 13 0.233063
29 11 0.254785
29 15 0.252464
29 33 0.234337
29 7 0.259608
29 31 0.237776
29 12 0.256154
29 14 0.254927
29 44 0.235956
29 29 0.252700
29 30 0.252494
29 28 0.260506
29 16 0.282246
29 25 0.273887
29 23 0.277298
29 40 0.266217
29 42 0.265157
29 17 0.292469
29 20 0.289789
29 35 0.274368
29 32 0.279141
29 27 0.284935
29 21 0.292859
29 24 0.289844
29 34 0.280816
29 38 0.278301
29 19 0.300288
29 50 0.267828
29 37 0.282997
29 46 0.274708
29 18 0.305152
29 45 0.277971
29 41 0.284128
29 48 0.276925
29 22 0.304461
29 43 0.286293
29 26 0.306823
29 49 0.282080
29 36 0.297424
29 47 0.285726
29 39 0.300081
30 0 0.129568
30 6 0.132977
30 4 0.161477
30 3 0.182312
30 5 0.194880
30 2 0.206617
30 10 0.205796
30 8 0.213333
30 9 0.213034
30 14 0.215482
30 1 0.225828
30 7 0.229557
30 11 0.244177
30 12 0.255904
30 30 0.240871
30 28 0.242926
30 20 0.252817
30 21 0.254608
30 19 0.256724
30 44 0.231786
30 22 0.257947
30 24 0.255990
30 32 0.248377
30 16 0.265631
30 38 0.244777
30 23 0.260037
30 29 0.255998
30 26 0.260288
30 15 0.271171
30 43 0.245381
30 25 0.266402
30 18 0.275107
30 40 0.254546
30 33 0.261916
30 46 0.248756
30 50 0.247084
30 39 0.260187
30 41 0.260956
30 13 0.289215
30 37 0.266052
30 35 0.268750
30 34 0.270101
30 27 0.277349
30 42 0.262239
30 31 0.274813
30 45 0.262314
30 36 0.275153
30 47 0.263794
30 48 0.266153
30 49 0.268782
30 17 0.303664
31 6 0.164291
31 0 0.182218
31 1 0.194117
31 5 0.204101
31 2 0.214210
31 3 0.215894
31 8 0.222917
31 4 0.230047
31 10 0.222485
31 9 0.225327
31 11 0.226212
31 7 0.241345
31 12 0.236534
31 14 0.245949
31 20 0.289587
31 34 0.272390
31 32 0.274285
31 26 0.291731
31 30 0.278510
31 42 0.253285
31 50 0.223071
31 24 0.297843
31 28 0.287766
31 16 0.315967
31 46 0.239091
31 44 0.251080
31 17 0.320437
31 22 0.309205
31 13 0.329133
31 19 0.318805
31 38 0.276459
31 21 0.319486
31 18 0.330116
31 31 0.301424
31 48 0.257299
31 33 0.301567
31 27 0.323386
31 25 0.330324
31 37 0.307556
31 29 0.328227
31 47 0.279510
31 41 0.302070
31 23 0.346143
31 40 0.308475
31 15 0.370262
31 49 0.288993
31 36 0.328557
31 45 0.303975
31 35 0.341982
31 43 0.325831
31 39 0.343068
32 1 0.186763
32 0 0.199177
32 2 0.215206
32 4 0.221877
32 10 0.216740
32 11 0.218746
32 9 0.224115
32 6 0.241372
32 5 0.289567
32 31 0.267403
32 44 0.254296
32 29 0.269730
32 3 0.299165
32 17 0.287565
32 33 0.273969
32 28 0.281643
32 45 0.264987
32 13 0.296101
32 7 0.300805
32 19 0.292989
32 24 0.288428
32 8 0.303415
32 12 0.302237
32 15 0.300318
32 37 0.281105
32 42 0.283222
32 14 0.311456
32 16 0.315031
32 21 0.311189
32 40 0.293266
32 25 0.310655
32 47 0.287960
32 32 0.305823
32 35 0.306247
32 27 0.314455
32 22 0.321319
32 30 0.314953
32 23 0.322628
32 20 0.328559
32 38 0.313141
32 50 0.301980
32 43 0.309989
32 49 0.307900
32 41 0.318664
32 34 0.325435
32 36 0.325056
32 48 0.317643
32 18 0.349546
32 26 0.343154
32 46 0.324684
32 39 0.335075
33 0 0.160188
33 3 0.171329
33 4 0.199062
33 5 0.201131
33 1 0.219798
33 2 0.223210
33 8 0.233039
33 31 0.239090
33 9 0.261375
33 7 0.263064
33 10 0.260987
33 28 0.244273
33 13 0.262000
33 12 0.271001
33 14 0.270758
33 11 0.277850
33 29 0.260840
33 32 0.259975
33 6 0.291388
33 15 0.294364
33 33 0.278219
33 16 0.296553
33 44 0.267030
33 25 0.291406
33 18 0.299748
33 17 0.300898
33 30 0.286974
33 43 0.275048
33 22 0.299762
33 21 0.306230
33 24 0.305650
33 19 0.310692
33 27 0.302860
33 36 0.294677
33 49 0.281543
33 41 0.292656
33 39 0.295094
33 34 0.301703
33 35 0.301403
33 42 0.295733
33 20 0.324554
33 23 0.321792
33 38 0.308746
33 46 0.299509
33 37 0.310286
33 45 0.303936
33 50 0.299619
33 47 0.303946
33 40 0.316647
33 26 0.335519
33 48 0.316067
34 1 0.093178
34 3 0.148949
34 0 0.175141
34 2 0.187968
34 6 0.149195
34 4 0.185517
34 8 0.157337
34 7 0.181174
34 5 0.208942
34 11 0.103513
34 10 0.143466
34 9 0.196719
34 13 0.134126
34 12 0.140262
34 14 0.165670
34 15 0.179556
34 21 0.197880
34 16 0.232139
34 44 0.171127
34 17 0.250695
34 43 0.196579
34 19 0.247372
34 24 0.240654
34 22 0.246839
34 18 0.261233
34 28 0.241984
34 47 0.201221
34 31 0.244206
34 49 0.201790
34 50 0.198982
34 29 0.249994
34 33 0.244861
34 26 0.255872
34 20 0.268584
34 25 0.258095
34 32 0.249123
34 48 0.228343
34 30 0.273907
34 27 0.285816
34 23 0.294278
34 38 0.266093
34 36 0.279712
34 37 0.278980
34 40 0.272767
34 35 0.286872
34 34 0.290639
34 41 0.283337
34 42 0.281668
34 46 0.277734
34 39 0.299138
34 45 0.285741
35 0 0.187540
35 8 0.192715
35 1 0.205148
35 4 0.224653
35 5 0.229091
35 9 0.236850
35 10 0.253507
35 3 0.261094
35 14 0.275840
35 6 0.293770
35 28 0.264987
35 32 0.266231
35 2 0.310327
35 31 0.285943
35 35 0.290357
35 20 0.312843
35 12 0.327962
35 38 0.293405
35 24 0.311635
35 22 0.316182
35 13 0.329117
35 11 0.334075
35 40 0.295575
35 7 0.338853
35 44 0.294247
35 50 0.286938
35 29 0.313002
35 26 0.316812
35 15 0.338491
35 46 0.298446
35 37 0.310027
35 43 0.305946
35 18 0.341698
35 30 0.329457
35 34 0.326918
35 16 0.353692
35 17 0.354383
35 21 0.353722
35 33 0.343905
35 42 0.337604
35 19 0.367226
35 48 0.333737
35 27 0.360864
35 36 0.358418
35 47 0.355257
35 45 0.363739
35 39 0.372428
35 41 0.372592
35 49 0.364267
35 25 0.393828
35 23 0.398182
36 0 0.084431
36 1 0.177964
36 2 0.213008
36 13 0.230537
36 5 0.285200
36 10 0.326719
36 14 0.329344
36 30 0.343857
36 34 0.341636
36 29 0.362013
36 6 0.384602
36 3 0.388715
36 32 0.379993
36 21 0.391004
36 4 0.449251
36 16 0.441127
36 12 0.445721
36 28 0.431744
36 37 0.426535
36 9 0.451013
36 39 0.426154
36 27 0.437192
36 17 0.449090
36 46 0.423059
36 15 0.453038
36 43 0.427252
36 8 0.461404
36 38 0.437630
36 22 0.453543
36 11 0.462009
36 40 0.440074
36 31 0.447919
36 50 0.428760
36 48 0.431747
36 19 0.460893
36 23 0.459658
36 25 0.458262
36 26 0.459517
36 7 0.476002
36 42 0.445729
36 18 0.471481
36 44 0.446598
36 24 0.468671
36 49 0.446197
36 33 0.463506
36 41 0.459293
36 36 0.464323
36 47 0.454735
36 20 0.490574
36 45 0.475109
36 35 0.487667
37 0 0.170432
37 2 0.188034
37 10 0.184855
37 7 0.203539
37 6 0.207452
37 9 0.214173
37 4 0.221627
37 13 0.212447
37 12 0.220635
37 1 0.242327
37 8 0.232413
37 11 0.229008
37 5 0.237974
37 14 0.218087
37 3 0.267023
37 15 0.272784
37 30 0.186750
37 16 0.300527
37 28 0.212700
37 32 0.168076
37 27 0.261747
37 25 0.275818
37 31 0.213770
37 29 0.220718
37 24 0.302458
37 17 0.324925
37 22 0.314231
37 20 0.321180
37 18 0.334944
37 19 0.331864
37 26 0.313125
37 21 0.343702
37 23 0.342698
37 33 0.183127
37 37 0.186852
37 44 0.183828
37 46 0.198356
37 38 0.229631
37 36 0.237350
37 45 0.213175
37 40 0.237930
37 47 0.216167
37 39 0.246175
37 43 0.233363
37 34 0.252528
37 48 0.226419
37 42 0.241837
37 50 0.179543
37 35 0.262872
37 41 0.259091
37 49 0.227609
38 0 0.215484
38 4 0.238911
38 3 0.255066
38 1 0.260483
38 13 0.283691
38 2 0.293417
38 29 0.273023
38 11 0.289756
38 32 0.283603
38 28 0.289807
38 5 0.355279
38 12 0.350936
38 8 0.358194
38 9 0.357838
38 23 0.345667
38 31 0.339231
38 30 0.341709
38 19 0.353772
38 10 0.362384
38 25 0.349886
38 6 0.367093
38 20 0.355303
38 39 0.338491
38 7 0.367681
38 14 0.362704
38 43 0.336700
38 26 0.352783
38 44 0.335368
38 33 0.346956
38 15 0.373621
38 35 0.355031
38 27 0.363170
38 38 0.363042
38 18 0.382941
38 22 0.381130
38 48 0.356500
38 40 0.378898
38 50 0.368991
38 42 0.378615
38 45 0.378576
38 46 0.378566
38 16 0.412398
38 34 0.396356
38 47 0.383335
38 21 0.410297
38 17 0.416086
38 36 0.400917
38 49 0.387874
38 24 0.417114
38 41 0.402940
38 37 0.409459
39 0 0.122708
39 3 0.122664
39 5 0.187271
39 1 0.212532
39 4 0.218447
39 13 0.240025
39 6 0.250043
39 11 0.248107
39 14 0.246807
39 8 0.252848
39 10 0.274070
39 28 0.258012
39 9 0.283231
39 29 0.274550
39 31 0.274790
39 48 0.256652
39 7 0.299786
39 19 0.291802
39 30 0.279082
39 20 0.292001
39 44 0.265937
39 18 0.294776
39 12 0.300139
39 32 0.279795
39 17 0.296863
39 21 0.295091
39 39 0.274102
39 33 0.281635
39 23 0.296626
39 2 0.324955
39 46 0.283227
39 16 0.318885
39 25 0.311429
39 22 0.315933
39 36 0.302981
39 40 0.299304
39 45 0.299689
39 37 0.308507
39 15 0.333826
39 26 0.325464
39 43 0.308488
39 41 0.311650
39 24 0.337422
39 49 0.311893
39 34 0.332622
39 35 0.333448
39 42 0.325847
39 27 0.344741
39 50 0.319502
39 38 0.342903
39 47 0.344499
40 3 0.161694
40 0 0.174052
40 5 0.179985
40 6 0.214218
40 4 0.218341
40 13 0.217347
40 8 0.228538
40 1 0.255494
40 2 0.264038
40 19 0.257709
40 10 0.270524
40 12 0.273124
40 33 0.253380
40 30 0.256689
40 21 0.268369
40 11 0.284949
40 9 0.287609
40 7 0.291638
40 28 0.274135
40 14 0.292072
40 16 0.298279
40 44 0.267471
40 31 0.285314
40 34 0.283321
40 23 0.302460
40 24 0.302047
40 29 0.297898
40 17 0.319137
40 43 0.294484
40 15 0.325809
40 37 0.303321
40 47 0.293596
40 32 0.312140
40 25 0.321794
40 42 0.307544
40 26 0.328255
40 41 0.313417
40 36 0.323717
40 18 0.344900
40 38 0.323333
40 27 0.341508
40 20 0.350113
40 49 0.318354
40 46 0.322660
40 40 0.335042
40 22 0.357930
40 39 0.341955
40 35 0.350760
40 48 0.337001
40 50 0.336371
40 45 0.342320
41 5 0.179366
41 6 0.187100
41 0 0.214445
41 3 0.252430
41 8 0.252848
41 9 0.263492
41 29 0.249348
41 13 0.269388
41 32 0.252087
41 1 0.283249
41 28 0.260557
41 10 0.292407
41 14 0.290781
41 2 0.299878
41 11 0.295830
41 30 0.282807
41 15 0.300943
41 44 0.278519
41 7 0.320486
41 33 0.312874
41 31 0.315029
41 12 0.335225
41 18 0.330799
41 37 0.314387
41 17 0.336954
41 20 0.335885
41 16 0.340206
41 21 0.336079
41 4 0.349694
41 19 0.345785
41 43 0.324340
41 23 0.351025
41 25 0.349180
41 39 0.335035
41 26 0.349117
41 34 0.341378
41 24 0.353934
41 27 0.351749
41 46 0.340233
41 48 0.342244
41 36 0.357369
41 42 0.355764
41 22 0.383742
41 41 0.367562
41 35 0.374330
41 50 0.358091
41 45 0.367567
41 40 0.373340
41 49 0.364042
41 47 0.382797
41 38 0.396596
42 1 0.234200
42 34 0.239171
42 11 0.272659
42 12 0.279969
42 8 0.283654
42 14 0.279878
42 6 0.286838
42 10 0.286290
42 44 0.258317
42 13 0.290452
42 2 0.323761
42 23 0.313905
42 5 0.330012
42 7 0.328657
42 17 0.320966
42 49 0.288389
42 29 0.310492
42 16 0.323439
42 41 0.301084
42 3 0.338327
42 27 0.317037
42 21 0.323275
42 40 0.305434
42 0 0.350271
42 9 0.345519
42 28 0.328923
42 33 0.324487
42 31 0.326399
42 4 0.351704
42 32 0.331186
42 18 0.346199
42 20 0.350800
42 47 0.328787
42 30 0.351410
42 42 0.346790
42 25 0.365213
42 45 0.345276
42 36 0.357169
42 37 0.356979
42 22 0.372323
42 38 0.357242
42 48 0.348037
42 35 0.362841
42 43 0.357849
42 15 0.386871
42 24 0.383572
42 39 0.369372
42 19 0.389684
42 46 0.363823
42 26 0.392701
42 50 0.378416
43 2 0.251726
43 1 0.268677
43 3 0.255576
43 0 0.295646
43 8 0.169536
43 12 0.179896
43 11 0.181991
43 10 0.183269
43 9 0.186451
43 5 0.271798
43 6 0.260552
43 7 0.282965
43 4 0.359694
43 14 0.276517
43 28 0.270037
43 13 0.314576
43 18 0.302228
43 29 0.277697
43 19 0.343957
43 21 0.338818
43 32 0.302368
43 16 0.359869
43 15 0.364705
43 30 0.318670
43 17 0.366335
43 20 0.359556
43 31 0.347954
43 26 0.380392
43 22 0.371415
43 33 0.398170
43 27 0.424255
43 38 0.353052
43 36 0.395651
43 24 0.447736
43 44 0.315013
43 47 0.241767
43 39 0.377530
43 25 0.473772
43 23 0.495400
43 42 0.375928
43 48 0.269150
43 41 0.400901
43 43 0.378422
43 40 0.415952
43 50 0.282828
43 49 0.292415
43 35 0.484602
43 37 0.450233
43 34 0.501529
43 45 0.356298
43 46 0.364280
44 9 0.274781
44 0 0.281984
44 11 0.284256
44 8 0.287100
44 1 0.292472
44 3 0.331511
44 10 0.326622
44 29 0.324958
44 13 0.342056
44 44 0.334948
44 6 0.371875
44 30 0.367770
44 31 0.367211
44 17 0.393620
44 33 0.376918
44 14 0.423590
44 7 0.429432
44 28 0.424253
44 18 0.436811
44 16 0.438533
44 32 0.421834
44 36 0.417198
44 2 0.450057
44 4 0.454101
44 12 0.448595
44 35 0.429657
44 39 0.426936
44 25 0.443289
44 5 0.461125
44 19 0.452719
44 42 0.446555
44 20 0.475040
44 43 0.450487
44 46 0.447650
44 41 0.458790
44 23 0.487067
44 15 0.506094
44 45 0.475805
44 38 0.487721
44 40 0.492775
44 37 0.505446
44 24 0.519859
44 50 0.496769
44 26 0.531807
44 34 0.534919
44 47 0.522502
44 48 0.527655
44 22 0.558994
44 27 0.557239
44 49 0.542264
44 21 0.588767
45 8 0.154334
45 9 0.173843
45 0 0.343132
45 12 0.179358
45 11 0.189414
45 1 0.357125
45 3 0.370417
45 4 0.370832
45 10 0.225400
45 6 0.380677
45 5 0.391796
45 13 0.226157
45 2 0.423602
45 14 0.241579
45 7 0.433276
45 33 0.152532
45 16 0.365365
45 28 0.207418
45 15 0.404677
45 20 0.365983
45 30 0.244564
45 18 0.411563
45 29 0.253876
45 32 0.247540
45 17 0.430402
45 22 0.356627
45 25 0.331300
45 31 0.317716
45 19 0.472739
45 21 0.434407
45 27 0.357842
45 24 0.382140
45 44 0.278239
45 23 0.420784
45 26 0.409552
45 34 0.375013
45 37 0.395293
45 46 0.327008
45 35 0.420955
45 40 0.412941
45 39 0.420064
45 42 0.399804
45 36 0.436427
45 43 0.414357
45 38 0.445357
45 41 0.423734
45 47 0.396175
45 45 0.444927
45 49 0.297307
45 48 0.303645
45 50 0.302766
46 0 0.242390
46 11 0.230209
46 1 0.252211
46 8 0.243020
46 3 0.369090
46 13 0.354260
46 9 0.359372
46 5 0.367963
46 33 0.320737
46 12 0.356578
46 4 0.372749
46 2 0.375672
46 7 0.369789
46 31 0.330057
46 38 0.321289
46 47 0.316872
46 29 0.344649
46 19 0.400197
46 49 0.357303
46 16 0.411348
46 37 0.378393
46 28 0.407335
46 14 0.438202
46 48 0.390761
46 32 0.415742
46 10 0.458517
46 27 0.432852
46 18 0.453323
46 41 0.414734
46 30 0.434448
46 24 0.453317
46 44 0.422906
46 26 0.463151
46 21 0.475812
46 35 0.453896
46 6 0.507575
46 17 0.491904
46 43 0.450315
46 45 0.448509
46 42 0.454152
46 15 0.503097
46 25 0.498086
46 40 0.477263
46 23 0.506138
46 39 0.489112
46 36 0.500245
46 34 0.508553
46 46 0.491193
46 20 0.537863
46 50 0.503303
46 22 0.558668
47 4 0.244696
47 8 0.258319
47 32 0.280365
47 0 0.313118
47 12 0.320046
47 1 0.329220
47 10 0.324319
47 33 0.302521
47 44 0.318519
47 9 0.355974
47 28 0.337267
47 5 0.361663
47 13 0.358003
47 23 0.362275
47 3 0.382651
47 26 0.361392
47 11 0.377239
47 24 0.377565
47 7 0.395093
47 14 0.401264
47 22 0.394562
47 15 0.403931
47 30 0.388585
47 29 0.395567
47 40 0.391435
47 31 0.404878
47 25 0.414374
47 20 0.420351
47 2 0.438986
47 19 0.430134
47 41 0.421954
47 18 0.448935
47 21 0.449736
47 6 0.470065
47 49 0.433463
47 27 0.464679
47 34 0.459703
47 47 0.455092
47 43 0.460350
47 36 0.468786
47 39 0.467259
47 48 0.460146
47 46 0.463044
47 16 0.496143
47 17 0.499120
47 37 0.487090
47 35 0.489642
47 45 0.480799
47 50 0.507557
47 38 0.521045
47 42 0.536896
48 0 0.283605
48 3 0.281523
48 8 0.282604
48 9 0.282035
48 1 0.295122
48 4 0.297153
48 30 0.276756
48 13 0.298544
48 11 0.308583
48 7 0.312245
48 5 0.335366
48 28 0.335434
48 31 0.347100
48 14 0.364674
48 2 0.382060
48 29 0.367095
48 44 0.353604
48 10 0.394792
48 20 0.397663
48 12 0.404722
48 32 0.390310
48 33 0.393286
48 24 0.414370
48 15 0.431816
48 6 0.448668
48 16 0.443711
48 27 0.441587
48 42 0.427989
48 45 0.425076
48 35 0.437060
48 26 0.448043
48 39 0.450308
48 21 0.471134
48 19 0.476423
48 17 0.486134
48 36 0.468557
48 18 0.492432
48 41 0.468198
48 22 0.489102
48 47 0.464679
48 25 0.490265
48 38 0.478038
48 43 0.476405
48 48 0.476865
48 34 0.492852
48 49 0.490203
48 23 0.521383
48 40 0.504319
48 46 0.506601
48 37 0.532217
48 50 0.520232
49 8 0.242212
49 13 0.242341
49 11 0.247235
49 9 0.274499
49 5 0.287511
49 32 0.273920
49 12 0.294676
49 2 0.310537
49 31 0.283815
49 30 0.285767
49 4 0.311176
49 29 0.287771
49 0 0.317855
49 28 0.303889
49 1 0.336255
49 3 0.344962
49 14 0.344830
49 7 0.375620
49 33 0.359797
49 44 0.350500
49 10 0.390263
49 6 0.398090
49 18 0.406321
49 25 0.423497
49 15 0.434344
49 35 0.420096
49 21 0.443698
49 39 0.426972
49 23 0.450482
49 40 0.430134
49 17 0.457233
49 37 0.444537
49 19 0.471694
49 16 0.476906
49 47 0.449549
49 22 0.484488
49 34 0.470929
49 43 0.462528
49 42 0.466244
49 38 0.471826
49 27 0.485786
49 20 0.497148
49 36 0.480750
49 24 0.495582
49 41 0.481673
49 26 0.506174
49 50 0.368681
49 45 0.498229
49 46 0.502950
49 49 0.388523
49 48 0.412867
50 12 0.205464
50 10 0.217198
50 9 0.221942
50 11 0.223174
50 8 0.244784
50 4 0.262203
50 1 0.284976
50 13 0.243280
50 3 0.284578
50 0 0.308101
50 5 0.289432
50 7 0.290466
50 6 0.320291
50 14 0.297242
50 2 0.346340
50 15 0.325958
50 19 0.382963
50 28 0.211921
50 17 0.422232
50 21 0.327612
50 33 0.208855
50 16 0.433046
50 18 0.504284
50 23 0.339968
50 44 0.283082
50 36 0.341507
50 41 0.349361
50 29 0.375808
50 24 0.383169
50 30 0.368862
50 45 0.349710
50 43 0.352555
50 31 0.374387
50 34 0.374757
50 20 0.508284
50 25 0.400477
50 27 0.405829
50 39 0.388982
50 32 0.405013
50 49 0.392411
50 35 0.417672
50 50 0.401018
50 40 0.415933
50 42 0.413153
50 38 0.430608
50 47 0.424408
50 26 0.468660
50 46 0.429205
50 22 0.503476
50 37 0.483054
50 48 0.468435
51 5 0.284835
51 8 0.289349
51 29 0.285152
51 11 0.305214
51 9 0.322078
51 30 0.300572
51 12 0.320733
51 32 0.323951
51 2 0.354777
51 4 0.353596
51 3 0.359823
51 13 0.359948
51 14 0.383591
51 7 0.389393
51 33 0.363924
51 0 0.422081
51 31 0.394096
51 1 0.428185
51 15 0.417787
51 6 0.443494
51 28 0.422823
51 10 0.443651
51 44 0.410828
51 19 0.467120
51 26 0.465677
51 35 0.461682
51 21 0.480926
51 27 0.478807
51 17 0.498108
51 20 0.497341
51 42 0.473907
51 36 0.490688
51 45 0.485334
51 18 0.519956
51 37 0.499286
51 46 0.489409
51 38 0.510080
51 39 0.515205
51 43 0.514760
51 49 0.511054
51 40 0.525803
51 23 0.550618
51 47 0.527690
51 48 0.527261
51 16 0.563511
51 25 0.571689
51 24 0.575260
51 34 0.564745
51 50 0.555767
51 41 0.567037
51 22 0.594896
52 0 0.222545
52 3 0.268928
52 33 0.297257
52 4 0.340192
52 2 0.342003
52 1 0.342898
52 11 0.338399
52 6 0.363601
52 13 0.358553
52 12 0.382990
52 31 0.380126
52 9 0.406063
52 7 0.407868
52 8 0.408279
52 18 0.402065
52 5 0.413134
52 22 0.413991
52 15 0.420350
52 17 0.419314
52 27 0.407693
52 29 0.409059
52 24 0.421758
52 37 0.406808
52 49 0.395936
52 14 0.455850
52 10 0.459458
52 28 0.442915
52 30 0.442996
52 32 0.444974
52 25 0.470929
52 45 0.445925
52 41 0.451855
52 44 0.448601
52 42 0.454663
52 21 0.493725
52 35 0.477482
52 34 0.490392
52 23 0.514450
52 19 0.529916
52 47 0.492565
52 16 0.542708
52 50 0.504129
52 40 0.519635
52 39 0.525405
52 38 0.527513
52 43 0.522419
52 26 0.545643
52 20 0.563903
52 36 0.563921
52 46 0.550851
52 48 0.584420
53 9 0.255770
53 12 0.269927
53 10 0.277604
53 28 0.268053
53 1 0.325787
53 5 0.347705
53 14 0.366960
53 11 0.375048
53 13 0.376248
53 32 0.359647
53 30 0.373882
53 3 0.406936
53 29 0.410306
53 0 0.440416
53 6 0.443492
53 7 0.448127
53 8 0.448635
53 2 0.470420
53 33 0.443148
53 44 0.431873
53 31 0.448813
53 18 0.464408
53 42 0.447032
53 26 0.467555
53 20 0.482362
53 21 0.483322
53 19 0.486708
53 4 0.502842
53 50 0.461939
53 37 0.483780
53 34 0.487511
53 35 0.487773
53 36 0.487583
53 16 0.510001
53 15 0.523560
53 17 0.524908
53 41 0.508128
53 22 0.537104
53 27 0.531188
53 45 0.522351
53 39 0.535488
53 40 0.535113
53 38 0.538729
53 23 0.566224
53 25 0.566791
53 49 0.539699
53 47 0.560736
53 24 0.589150
53 46 0.568827
53 48 0.572152
53 43 0.581311
54 9 0.270476
54 10 0.288394
54 3 0.309311
54 8 0.312564
54 13 0.321318
54 29 0.313090
54 0 0.355832
54 28 0.329092
54 2 0.371404
54 44 0.345911
54 30 0.369479
54 1 0.400800
54 15 0.389690
54 11 0.398950
54 5 0.415756
54 14 0.415887
54 4 0.428674
54 31 0.412003
54 7 0.438782
54 12 0.446024
54 6 0.458030
54 32 0.432684
54 39 0.431288
54 19 0.454289
54 42 0.432639
54 33 0.449291
54 20 0.488384
54 50 0.462339
54 18 0.502739
54 17 0.507189
54 47 0.482582
54 34 0.501125
54 21 0.518648
54 35 0.513285
54 22 0.529666
54 26 0.526394
54 37 0.516490
54 46 0.506011
54 27 0.543889
54 45 0.524450
54 40 0.532314
54 36 0.545426
54 48 0.533621
54 25 0.574173
54 23 0.579688
54 38 0.564543
54 24 0.582079
54 16 0.596823
54 43 0.566848
54 49 0.565097
54 41 0.581155
55 9 0.233899
55 8 0.258368
55 10 0.266078
55 13 0.306900
55 44 0.277624
55 4 0.373004
55 12 0.366852
55 33 0.344828
55 0 0.376888
55 14 0.365837
55 1 0.381004
55 28 0.379586
55 3 0.402417
55 29 0.382559
55 11 0.401627
55 30 0.383689
55 31 0.392237
55 16 0.428271
55 32 0.410933
55 43 0.401551
55 35 0.410178
55 5 0.445495
55 17 0.437829
55 2 0.453203
55 7 0.452531
55 6 0.479175
55 26 0.468202
55 18 0.480500
55 47 0.450302
55 27 0.475890
55 23 0.493828
55 38 0.482421
55 37 0.503204
55 42 0.508049
55 40 0.521012
55 39 0.524059
55 41 0.534932
55 22 0.559104
55 34 0.545501
55 20 0.561918
55 15 0.566827
55 25 0.559068
55 24 0.569537
55 36 0.556880
55 50 0.546993
55 45 0.554591
55 49 0.551668
55 46 0.566526
55 21 0.608023
55 19 0.616634
55 48 0.594731
56 0 0.287026
56 33 0.300561
56 31 0.305055
56 13 0.325439
56 2 0.345034
56 14 0.334923
56 1 0.357263
56 5 0.356021
56 8 0.353054
56 9 0.354061
56 3 0.370107
56 28 0.347114
56 7 0.374077
56 29 0.366175
56 10 0.393257
56 11 0.393164
56 32 0.373491
56 19 0.394169
56 26 0.393526
56 4 0.417665
56 24 0.397679
56 17 0.405255
56 20 0.410634
56 21 0.430008
56 12 0.439573
56 6 0.460183
56 25 0.448932
56 30 0.444087
56 27 0.448908
56 42 0.435725
56 22 0.475967
56 44 0.455080
56 41 0.461244
56 43 0.482100
56 34 0.496731
56 23 0.515221
56 39 0.501981
56 49 0.492006
56 47 0.494389
56 40 0.514147
56 15 0.540810
56 16 0.542503
56 46 0.511349
56 35 0.527128
56 38 0.525294
56 50 0.533748
56 36 0.549894
56 45 0.552308
56 18 0.583153
56 37 0.564935
56 48 0.606680
57 8 0.267303
57 9 0.265101
57 14 0.326996
57 13 0.339499
57 10 0.352812
57 2 0.373137
57 12 0.376922
57 5 0.402490
57 1 0.429948
57 0 0.439013
57 11 0.416015
57 7 0.434304
57 3 0.437986
57 4 0.438696
57 16 0.421581
57 6 0.481828
57 31 0.197743
57 32 0.197758
57 28 0.292289
57 30 0.221433
57 29 0.225248
57 15 0.559957
57 21 0.563095
57 18 0.592508
57 19 0.594192
57 17 0.605726
57 20 0.600913
57 22 0.604632
57 24 0.567184
57 25 0.584217
57 44 0.279362
57 27 0.561409
57 34 0.363358
57 26 0.635315
57 33 0.367487
57 23 0.707642
57 43 0.398912
57 36 0.448734
57 42 0.426062
57 35 0.488574
57 40 0.469450
57 48 0.410897
57 39 0.473857
57 38 0.485929
57 50 0.416558
57 45 0.468547
57 37 0.525405
57 47 0.464862
57 41 0.519538
57 49 0.475196
57 46 0.521562
58 9 0.304070
58 11 0.322059
58 3 0.360691
58 4 0.403179
58 5 0.413595
58 0 0.422542
58 1 0.434835
58 7 0.454892
58 14 0.464631
58 13 0.487380
58 29 0.477960
58 32 0.473073
58 28 0.483303
58 2 0.540880
58 31 0.510627
58 44 0.488513
58 8 0.570765
58 30 0.594681
58 26 0.618307
58 27 0.646767
58 41 0.626334
58 43 0.622404
58 15 0.682833
58 12 0.703959
58 36 0.657511
58 10 0.710295
58 23 0.689622
58 18 0.705043
58 16 0.715157
58 39 0.670589
58 47 0.665693
58 21 0.725175
58 33 0.706730
58 46 0.693651
58 19 0.749747
58 25 0.744752
58 49 0.707403
58 17 0.771951
58 45 0.718868
58 22 0.773398
58 38 0.748316
58 6 0.827145
58 40 0.767974
58 34 0.778952
58 20 0.812426
58 24 0.806267
58 35 0.843388
58 48 0.868939
58 37 0.894436
58 50 0.876610
58 42 0.891648
59 11 0.339911
59 12 0.343098
59 8 0.348201
59 4 0.354578
59 1 0.359221
59 0 0.361507
59 3 0.369581
59 17 0.383970
59 5 0.442899
59 14 0.500951
59 18 0.497304
59 32 0.453022
59 10 0.534233
59 6 0.539937
59 44 0.436576
59 2 0.553469
59 20 0.537649
59 19 0.543480
59 13 0.559402
59 16 0.592886
59 30 0.540940
59 7 0.610153
59 28 0.573481
59 9 0.636966
59 31 0.583987
59 33 0.587486
59 34 0.608875
59 29 0.642560
59 41 0.641758
59 15 0.743901
59 22 0.727047
59 38 0.671297
59 25 0.730725
59 40 0.689187
59 46 0.685154
59 24 0.751079
59 26 0.747397
59 36 0.715499
59 43 0.715575
59 50 0.713781
59 23 0.809332
59 47 0.770582
59 48 0.777547
59 21 0.863327
59 49 0.787911
59 39 0.801092
59 45 0.798889
59 42 0.808922
59 35 0.826365
59 27 0.873006
59 37 0.870167
60 8 0.190025
60 9 0.222287
60 10 0.221460
60 3 0.370317
60 5 0.358803
60 1 0.383689
60 11 0.267975
60 13 0.276288
60 12 0.301424
60 14 0.308606
60 0 0.443828
60 2 0.450036
60 6 0.498272
60 4 0.570106
60 7 0.532704
60 31 0.238944
60 29 0.276504
60 28 0.333606
60 15 0.543660
60 30 0.330395
60 33 0.326062
60 23 0.401650
60 17 0.519269
60 32 0.336724
60 18 0.563809
60 20 0.497569
60 16 0.648835
60 35 0.400980
60 25 0.475871
60 24 0.492608
60 44 0.365647
60 19 0.548432
60 27 0.494882
60 22 0.545690
60 39 0.436631
60 26 0.535997
60 21 0.578590
60 48 0.353571
60 36 0.504035
60 45 0.451579
60 40 0.521240
60 34 0.587023
60 42 0.578580
60 41 0.598201
60 47 0.542692
60 37 0.631700
60 43 0.616167
60 50 0.517110
60 46 0.590621
60 38 0.673586
60 49 0.560066
61 8 0.283491
61 12 0.310969
61 14 0.309611
61 9 0.433339
61 28 0.404536
61 0 0.443617
61 10 0.434803
61 11 0.434540
61 5 0.441115
61 4 0.443817
61 30 0.404712
61 13 0.436498
61 44 0.382885
61 32 0.413730
61 2 0.464743
61 3 0.513125
61 33 0.514620
61 31 0.523338
61 1 0.575642
61 40 0.558758
61 26 0.602123
61 18 0.629137
61 34 0.605250
61 6 0.648440
61 36 0.606596
61 22 0.659547
61 29 0.666872
61 24 0.684229
61 16 0.701232
61 20 0.703490
61 38 0.683588
61 15 0.751606
61 23 0.746958
61 37 0.724833
61 17 0.771207
61 19 0.769198
61 45 0.724870
61 42 0.733639
61 48 0.727853
61 21 0.798714
61 7 0.833458
61 35 0.838482
61 39 0.831102
61 43 0.824886
61 27 0.866658
61 41 0.843932
61 46 0.835997
61 50 0.831691
61 25 0.893433
61 47 0.863800
61 49 0.896057
62 8 0.202044
62 1 0.235798
62 3 0.235699
62 11 0.225642
62 10 0.231334
62 0 0.283674
62 13 0.264797
62 12 0.272164
62 9 0.280640
62 5 0.345592
62 2 0.435051
62 14 0.415974
62 4 0.439871
62 7 0.434534
62 6 0.435865
62 16 0.422093
62 15 0.454894
62 33 0.228847
62 31 0.280292
62 30 0.299048
62 29 0.414321
62 20 0.481170
62 28 0.462458
62 19 0.522560
62 21 0.515646
62 32 0.324330
62 26 0.502861
62 22 0.530624
62 18 0.553652
62 44 0.174421
62 17 0.601299
62 24 0.574294
62 27 0.562258
62 25 0.614941
62 23 0.650233
62 35 0.422655
62 36 0.425841
62 45 0.285155
62 40 0.366177
62 34 0.488981
62 37 0.456524
62 43 0.387190
62 50 0.341016
62 41 0.426769
62 42 0.428133
62 47 0.362128
62 38 0.459273
62 39 0.436744
62 49 0.391084
62 46 0.398222
62 48 0.399761
63 11 0.307147
63 9 0.325436
63 33 0.313615
63 44 0.311564
63 0 0.380371
63 13 0.387934
63 2 0.399185
63 31 0.373663
63 8 0.419611
63 3 0.431764
63 7 0.432866
63 16 0.429780
63 6 0.443919
63 4 0.447349
63 32 0.441761
63 1 0.486936
63 14 0.483611
63 43 0.455200
63 12 0.497606
63 30 0.483423
63 10 0.510623
63 28 0.493916
63 34 0.488495
63 15 0.520619
63 29 0.501540
63 5 0.533475
63 24 0.531259
63 48 0.524435
63 18 0.582597
63 21 0.580134
63 39 0.556939
63 17 0.597407
63 19 0.596653
63 35 0.583527
63 26 0.610518
63 38 0.602489
63 50 0.601071
63 40 0.616394
63 42 0.620672
63 25 0.645444
63 22 0.656985
63 20 0.673894
63 27 0.664773
63 23 0.672414
63 46 0.645727
63 47 0.659869
63 41 0.667239
63 45 0.663157
63 37 0.685216
63 49 0.675629
63 36 0.692953
64 8 0.282442
64 13 0.311224
64 11 0.312913
64 9 0.323572
64 3 0.346145
64 1 0.435089
64 31 0.421325
64 0 0.466967
64 10 0.464150
64 30 0.448350
64 29 0.450677
64 32 0.461310
64 12 0.483652
64 5 0.505435
64 33 0.478523
64 28 0.484906
64 40 0.479863
64 6 0.523218
64 14 0.521182
64 44 0.505004
64 4 0.561360
64 49 0.546069
64 39 0.563637
64 50 0.573090
64 42 0.584850
64 23 0.613675
64 20 0.619701
64 27 0.613221
64 35 0.610341
64 22 0.630521
64 41 0.613744
64 24 0.642955
64 7 0.660139
64 25 0.653238
64 36 0.643657
64 21 0.665904
64 17 0.677480
64 16 0.679198
64 45 0.650740
64 19 0.680139
64 2 0.698919
64 43 0.663999
64 34 0.685609
64 26 0.697640
64 15 0.717083
64 48 0.698361
64 38 0.729276
64 47 0.723233
64 46 0.725972
64 37 0.738276
64 18 0.777684
65 9 0.257860
65 5 0.290731
65 3 0.328923
65 8 0.338353
65 14 0.341251
65 10 0.344852
65 13 0.343245
65 7 0.356008
65 11 0.382126
65 32 0.363159
65 1 0.393503
65 42 0.372397
65 28 0.389213
65 33 0.384214
65 30 0.400709
65 26 0.420710
65 4 0.440738
65 12 0.435425
65 44 0.401166
65 0 0.455455
65 16 0.445270
65 23 0.444236
65 27 0.440472
65 45 0.427311
65 6 0.471473
65 31 0.455078
65 50 0.439523
65 22 0.473501
65 29 0.470267
65 47 0.459804
65 2 0.510566
65 25 0.496626
65 34 0.495252
65 39 0.507626
65 35 0.518315
65 43 0.508703
65 38 0.515982
65 48 0.509914
65 20 0.557018
65 36 0.544223
65 15 0.567675
65 18 0.569583
65 41 0.548794
65 40 0.560068
65 46 0.554570
65 24 0.594313
65 17 0.607679
65 19 0.614512
65 37 0.600537
65 49 0.596288
65 21 0.640242
66 9 0.209147
66 8 0.215523
66 0 0.251219
66 1 0.251031
66 4 0.333047
66 11 0.323032
66 12 0.317883
66 10 0.327684
66 14 0.315596
66 13 0.318106
66 5 0.373679
66 3 0.377126
66 2 0.382050
66 6 0.380120
66 7 0.394267
66 30 0.310240
66 29 0.342507
66 19 0.448320
66 33 0.274013
66 28 0.397481
66 21 0.427858
66 31 0.393120
66 15 0.514185
66 16 0.514236
66 20 0.489602
66 17 0.533961
66 25 0.526079
66 27 0.520022
66 32 0.492474
66 18 0.585961
66 43 0.375638
66 26 0.655416
66 24 0.667887
66 35 0.522747
66 44 0.378199
66 23 0.671366
66 22 0.674223
66 40 0.410601
66 45 0.385060
66 36 0.519108
66 34 0.551445
66 41 0.412769
66 39 0.472973
66 46 0.420447
66 50 0.415779
66 48 0.429313
66 42 0.444267
66 49 0.440997
66 37 0.588936
66 38 0.599408
66 47 0.504056
67 10 0.243636
67 11 0.280444
67 8 0.288572
67 9 0.290895
67 12 0.302542
67 13 0.321740
67 14 0.358157
67 0 0.384389
67 3 0.392070
67 2 0.504700
67 28 0.467231
67 6 0.518555
67 4 0.522520
67 30 0.482615
67 5 0.550817
67 44 0.483178
67 41 0.495319
67 33 0.547369
67 7 0.628995
67 40 0.577626
67 48 0.587135
67 22 0.637681
67 26 0.625729
67 18 0.650931
67 49 0.599438
67 16 0.663884
67 1 0.686770
67 20 0.657839
67 31 0.648301
67 46 0.629859
67 29 0.667873
67 38 0.654574
67 42 0.661128
67 32 0.674220
67 39 0.675705
67 36 0.681054
67 45 0.685920
67 19 0.750469
67 15 0.765397
67 34 0.728351
67 21 0.759942
67 24 0.778219
67 37 0.760155
67 25 0.789484
67 35 0.775950
67 17 0.827995
67 50 0.785783
67 47 0.804589
67 27 0.905992
67 43 0.892877
67 23 0.925023
68 8 0.251273
68 11 0.374060
68 10 0.375585
68 2 0.412133
68 9 0.379439
68 12 0.376694
68 0 0.400587
68 13 0.377282
68 1 0.436821
68 6 0.433881
68 14 0.419449
68 4 0.499012
68 28 0.413439
68 22 0.458995
68 20 0.501037
68 24 0.468991
68 31 0.470140
68 3 0.569049
68 5 0.566498
68 32 0.474316
68 33 0.471230
68 26 0.533937
68 34 0.515886
68 29 0.574467
68 16 0.652033
68 19 0.646023
68 25 0.598428
68 7 0.681616
68 30 0.610043
68 15 0.683507
68 17 0.689873
68 23 0.652406
68 18 0.710070
68 44 0.350523
68 36 0.599398
68 42 0.366373
68 35 0.646857
68 38 0.607780
68 45 0.394372
68 21 0.766467
68 37 0.648046
68 40 0.446789
68 27 0.759612
68 47 0.442428
68 50 0.305387
68 46 0.469963
68 48 0.485522
68 39 0.673461
68 41 0.547252
68 43 0.539829
68 49 0.524930
69 8 0.296750
69 14 0.299607
69 9 0.324689
69 13 0.326516
69 31 0.336507
69 5 0.402028
69 11 0.402681
69 0 0.411974
69 7 0.428647
69 29 0.413405
69 17 0.446157
69 3 0.462488
69 28 0.448486
69 45 0.436194
69 1 0.509980
69 33 0.461441
69 41 0.449954
69 27 0.556497
69 36 0.540763
69 30 0.567788
69 12 0.606393
69 15 0.602888
69 32 0.576013
69 25 0.590410
69 44 0.573742
69 47 0.582268
69 10 0.654393
69 42 0.597132
69 34 0.626902
69 20 0.667821
69 4 0.692479
69 38 0.630785
69 40 0.634896
69 6 0.706139
69 50 0.645821
69 48 0.648208
69 39 0.661406
69 22 0.710264
69 21 0.713154
69 37 0.676133
69 23 0.716250
69 26 0.742767
69 24 0.755533
69 35 0.748095
69 49 0.742108
69 2 0.820650
69 46 0.749943
69 43 0.768478
69 19 0.832864
69 18 0.860947
69 16 0.871848
70 8 0.276448
70 12 0.336887
70 44 0.315167
70 0 0.458129
70 3 0.456126
70 29 0.433298
70 4 0.462219
70 13 0.457356
70 1 0.489486
70 2 0.495800
70 33 0.475366
70 14 0.519881
70 31 0.495810
70 7 0.548747
70 10 0.555123
70 11 0.562979
70 28 0.550748
70 5 0.579674
70 40 0.561611
70 30 0.575470
70 32 0.578205
70 25 0.605781
70 42 0.583139
70 19 0.624093
70 24 0.623288
70 6 0.646173
70 16 0.639115
70 9 0.660083
70 15 0.658942
70 36 0.649074
70 18 0.696770
70 21 0.712600
70 45 0.676492
70 50 0.695383
70 20 0.746868
70 46 0.730677
70 43 0.752107
70 34 0.776822
70 39 0.779014
70 27 0.802536
70 22 0.812446
70 17 0.829898
70 26 0.823610
70 47 0.790121
70 38 0.811532
70 41 0.806775
70 48 0.799536
70 37 0.821912
70 49 0.808211
70 23 0.856440
70 35 0.838885
71 10 0.370700
71 31 0.385610
71 33 0.389974
71 11 0.415234
71 32 0.394914
71 0 0.425135
71 30 0.429785
71 44 0.419754
71 28 0.439789
71 29 0.442767
71 9 0.492728
71 12 0.493970
71 5 0.534553
71 3 0.536387
71 13 0.529300
71 1 0.541368
71 8 0.549823
71 14 0.581194
71 47 0.578045
71 2 0.627843
71 22 0.620388
71 4 0.643508
71 38 0.621238
71 25 0.649155
71 20 0.669635
71 36 0.655977
71 6 0.698746
71 43 0.694968
71 23 0.735759
71 26 0.753231
71 42 0.742221
71 16 0.771357
71 39 0.762109
71 41 0.762622
71 24 0.782038
71 48 0.760351
71 50 0.757533
71 40 0.780018
71 18 0.814769
71 45 0.789312
71 19 0.820222
71 35 0.807039
71 7 0.836599
71 27 0.820756
71 21 0.831796
71 37 0.817786
71 34 0.828614
71 17 0.851910
71 15 0.868554
71 46 0.841101
71 49 0.879733
72 8 0.254125
72 10 0.268882
72 3 0.292288
72 2 0.387414
72 11 0.375583
72 9 0.379146
72 0 0.390854
72 28 0.406434
72 4 0.483906
72 13 0.487003
72 32 0.457582
72 12 0.533073
72 30 0.522770
72 27 0.540398
72 14 0.571765
72 44 0.541519
72 6 0.603326
72 35 0.560424
72 1 0.610132
72 38 0.599727
72 40 0.599964
72 34 0.613284
72 48 0.607598
72 39 0.619105
72 31 0.627457
72 49 0.607900
72 50 0.615594
72 20 0.651429
72 7 0.677683
72 5 0.692321
72 26 0.664219
72 22 0.668612
72 21 0.675058
72 24 0.690617
72 23 0.698612
72 16 0.726138
72 46 0.686035
72 33 0.706166
72 42 0.698342
72 18 0.726932
72 37 0.722948
72 29 0.741771
72 25 0.753736
72 45 0.736403
72 47 0.751427
72 17 0.790428
72 15 0.806040
72 36 0.780307
72 19 0.836312
72 43 0.832467
72 41 0.867676
73 9 0.301100
73 8 0.336724
73 13 0.348515
73 12 0.349769
73 10 0.358551
73 11 0.400094
73 0 0.525896
73 3 0.523895
73 1 0.537206
73 5 0.559538
73 29 0.475451
73 44 0.511577
73 31 0.566264
73 7 0.655803
73 6 0.677150
73 42 0.609268
73 17 0.704543
73 15 0.770276
73 21 0.738765
73 39 0.706768
73 25 0.738827
73 33 0.722193
73 18 0.804026
73 14 0.812945
73 30 0.751234
73 2 0.846414
73 36 0.770143
73 26 0.800533
73 32 0.789959
73 28 0.806307
73 4 0.905938
73 40 0.814124
73 49 0.807558
73 43 0.857449
73 19 0.941130
73 16 0.956376
73 35 0.880225
73 50 0.782242
73 37 0.897477
73 48 0.885897
73 27 0.915138
73 46 0.893068
73 20 0.960949
73 34 0.916694
73 45 0.919088
73 41 0.925930
73 23 0.980793
73 22 1.016784
73 47 1.005696
73 24 1.055777
73 38 1.041536
74 10 0.291096
74 9 0.304760
74 8 0.316863
74 12 0.386836
74 11 0.393780
74 32 0.378507
74 44 0.358361
74 30 0.413265
74 2 0.471444
74 3 0.635012
74 4 0.644499
74 13 0.634467
74 7 0.641197
74 1 0.647905
74 16 0.632621
74 5 0.654721
74 14 0.647859
74 0 0.666949
74 6 0.664348
74 15 0.678246
74 31 0.639404
74 27 0.651419
74 46 0.612824
74 38 0.641552
74 28 0.662127
74 18 0.683592
74 25 0.675084
74 33 0.661616
74 42 0.650450
74 19 0.705123
74 34 0.673990
74 29 0.690851
74 20 0.741513
74 48 0.687977
74 50 0.694966
74 22 0.758632
74 26 0.795922
74 39 0.774949
74 23 0.810756
74 36 0.788161
74 43 0.787516
74 37 0.803123
74 47 0.791444
74 17 0.868925
74 21 0.861372
74 24 0.922219
74 40 0.906199
74 41 0.912832
74 35 0.931366
74 49 0.916503
74 45 0.928069
75 12 0.293854
75 9 0.322200
75 11 0.347274
75 13 0.344378
75 10 0.354610
75 8 0.364918
75 3 0.546134
75 1 0.607115
75 5 0.609830
75 31 0.572158
75 14 0.641428
75 17 0.709605
75 6 0.746346
75 28 0.711639
75 32 0.704662
75 15 0.751171
75 29 0.741190
75 33 0.748179
75 23 0.780234
75 22 0.789779
75 44 0.721792
75 19 0.828441
75 4 0.851721
75 2 0.864586
75 18 0.845397
75 24 0.833547
75 25 0.832627
75 30 0.813397
75 7 0.871957
75 46 0.769892
75 45 0.829249
75 0 0.968637
75 40 0.934898
75 47 0.895565
75 49 0.899677
75 36 0.978208
75 35 0.983551
75 34 1.009740
75 41 1.004640
75 43 1.000284
75 37 1.033864
75 16 1.098079
75 27 1.082800
75 42 1.042928
75 39 1.067998
75 48 1.020570
75 26 1.116726
75 38 1.080704
75 50 1.024919
75 20 1.158545
75 21 1.166294
76 10 0.340473
76 12 0.385558
76 14 0.430712
76 11 0.451382
76 3 0.482323
76 0 0.512137
76 1 0.561677
76 9 0.578420
76 28 0.609692
76 44 0.598204
76 30 0.626014
76 32 0.625160
76 6 0.665776
76 4 0.675266
76 7 0.675238
76 8 0.810416
76 33 0.778659
76 31 0.791496
76 13 0.838179
76 15 0.842466
76 19 0.849921
76 47 0.817999
76 2 0.887166
76 35 0.854817
76 29 0.861471
76 22 0.878644
76 40 0.898060
76 34 0.944979
76 24 0.966607
76 41 0.953218
76 46 0.967833
76 36 1.001652
76 18 1.069023
76 5 1.096937
76 23 1.074013
76 37 1.063709
76 48 1.066124
76 38 1.082799
76 49 1.078354
76 50 1.078056
76 20 1.119934
76 45 1.097344
76 26 1.131266
76 27 1.136898
76 25 1.201218
76 17 1.212500
76 39 1.190133
76 43 1.188085
76 21 1.216122
76 16 1.247881
76 42 1.227904
77 9 0.356783
77 12 0.352153
77 10 0.407066
77 8 0.410675
77 13 0.467642
77 3 0.573589
77 11 0.574477
77 5 0.588359
77 14 0.638527
77 15 0.743530
77 7 0.791403
77 1 0.811586
77 4 0.821227
77 31 0.768361
77 2 0.850348
77 17 0.842932
77 24 0.830981
77 29 0.825234
77 30 0.825168
77 33 0.834068
77 37 0.852562
77 28 0.894929
77 44 0.854943
77 45 0.842033
77 23 0.936909
77 42 0.886774
77 36 0.915846
77 16 0.982842
77 21 0.967802
77 19 0.986971
77 35 0.951980
77 32 0.962594
77 40 0.962064
77 25 1.013673
77 20 1.039460
77 47 0.932249
77 27 1.039397
77 41 1.022991
77 22 1.087223
77 6 1.121534
77 0 1.132068
77 26 1.075846
77 46 0.998205
77 18 1.122522
77 34 1.092977
77 39 1.104374
77 50 1.032085
77 38 1.137461
77 49 1.158927
77 43 1.228138
77 48 1.186479
78 9 0.329983
78 13 0.399249
78 29 0.406763
78 8 0.483401
78 32 0.480846
78 1 0.511369
78 11 0.504550
78 24 0.495298
78 0 0.563526
78 5 0.560306
78 31 0.536318
78 44 0.542424
78 20 0.584156
78 33 0.608652
78 25 0.634379
78 3 0.653471
78 26 0.667480
78 14 0.693993
78 4 0.727423
78 45 0.719367
78 21 0.767760
78 43 0.755460
78 7 0.791939
78 28 0.790369
78 10 0.809650
78 12 0.816241
78 46 0.803043
78 19 0.841267
78 30 0.858976
78 40 0.862928
78 17 0.896608
78 2 0.908702
78 27 0.887285
78 48 0.868186
78 37 0.883268
78 34 0.901242
78 39 0.899132
78 6 0.945559
78 22 0.939787
78 35 0.950561
78 38 0.955679
78 15 1.006640
78 18 1.013762
78 36 1.006534
78 47 1.002485
78 16 1.036639
78 41 1.015953
78 23 1.045559
78 42 1.031946
78 49 1.060070
78 50 1.106946
79 13 0.420744
79 30 0.410214
79 32 0.493322
79 9 0.526321
79 10 0.617773
79 28 0.600579
79 1 0.654793
79 24 0.650044
79 22 0.678615
79 29 0.694069
79 0 0.761293
79 7 0.823445
79 14 0.821642
79 12 0.827994
79 6 0.848008
79 4 0.852966
79 5 0.876843
79 44 0.847529
79 31 0.873665
79 8 0.897123
79 36 0.905065
79 18 0.929294
79 11 0.938759
79 3 1.011265
79 33 0.985186
79 39 1.019903
79 27 1.036918
79 50 1.022993
79 48 1.037408
79 40 1.045584
79 45 1.087139
79 2 1.180710
79 41 1.145255
79 38 1.154103
79 21 1.178725
79 43 1.155655
79 34 1.168617
79 19 1.193783
79 16 1.202280
79 35 1.185645
79 37 1.200988
79 42 1.195704
79 20 1.257980
79 23 1.266052
79 47 1.245150
79 46 1.246426
79 25 1.287409
79 26 1.295342
79 15 1.312484
79 49 1.283512
79 17 1.360900
80 10 0.410810
80 11 0.495850
80 30 0.512866
80 8 0.553186
80 44 0.548379
80 29 0.664435
80 12 0.736735
80 0 0.769604
80 4 0.767716
80 1 0.853136
80 43 0.810630
80 3 0.857838
80 13 0.935070
80 32 0.915196
80 9 0.958357
80 14 0.955564
80 5 0.964882
80 25 0.947049
80 31 1.093186
80 27 1.098165
80 47 1.072962
80 38 1.105252
80 28 1.118399
80 16 1.148783
80 2 1.199277
80 33 1.183425
80 17 1.288732
80 22 1.297698
80 41 1.278062
80 6 1.366998
80 34 1.352523
80 37 1.375289
80 35 1.392977
80 21 1.439209
80 15 1.512811
80 39 1.500008
80 40 1.531944
80 18 1.577389
80 26 1.605802
80 50 1.630131
80 48 1.646598
80 7 1.695165
80 36 1.665656
80 19 1.726661
80 24 1.722879
80 49 1.702365
80 42 1.713448
80 46 1.721837
80 23 1.750405
80 20 1.791352
80 45 1.763075
81 10 0.271802
81 12 0.286254
81 8 0.303214
81 14 0.294196
81 11 0.368555
81 9 0.375826
81 3 0.388903
81 13 0.381594
81 0 0.473163
81 1 0.476969
81 4 0.638958
81 2 0.701498
81 7 0.701883
81 5 0.749933
81 6 0.771602
81 32 0.405181
81 28 0.480108
81 15 0.755375
81 30 0.460225
81 19 0.764136
81 33 0.437102
81 29 0.491653
81 31 0.502238
81 16 0.858265
81 17 0.905116
81 18 0.906969
81 44 0.504342
81 20 0.898564
81 23 0.871094
81 26 0.775405
81 24 0.946437
81 25 0.872847
81 22 0.977861
81 27 0.817982
81 21 1.120590
81 38 0.793678
81 40 0.801024
81 35 0.859634
81 47 0.789086
81 45 0.795625
81 50 0.790438
81 36 0.876058
81 43 0.829992
81 42 0.857976
81 34 0.924970
81 37 0.916437
81 46 0.880175
81 49 0.881352
81 39 0.973442
81 41 0.960724
81 48 0.944943
82 9 0.371831
82 11 0.402831
82 13 0.440454
82 0 0.464299
82 10 0.444145
82 14 0.447941
82 8 0.469256
82 1 0.535330
82 12 0.524218
82 31 0.521456
82 44 0.559440
82 3 0.638319
82 32 0.613739
82 29 0.619186
82 4 0.682160
82 6 0.732308
82 28 0.757583
82 30 0.753768
82 5 0.823447
82 23 0.844678
82 33 0.831239
82 7 0.868533
82 42 0.843608
82 24 0.877865
82 38 0.865706
82 2 0.918170
82 15 0.951637
82 45 0.917438
82 48 0.938650
82 40 0.949780
82 27 0.971876
82 19 0.984531
82 47 0.949445
82 18 1.003308
82 17 1.018135
82 21 1.018793
82 16 1.038625
82 39 1.011053
82 36 1.022100
82 25 1.037785
82 34 1.042479
82 22 1.064877
82 35 1.058234
82 50 1.042538
82 43 1.070998
82 20 1.110696
82 49 1.078421
82 41 1.110915
82 46 1.112412
82 26 1.169805
82 37 1.162922
83 12 0.333981
83 8 0.370304
83 14 0.395048
83 9 0.442839
83 10 0.455145
83 30 0.510955
83 28 0.637287
83 32 0.624270
83 29 0.645093
83 11 0.711285
83 44 0.652454
83 5 0.730984
83 45 0.660069
83 31 0.699470
83 0 0.787692
83 13 0.808242
83 4 0.818735
83 7 0.815929
83 20 0.810084
83 2 0.831956
83 42 0.756365
83 49 0.749881
83 1 0.898901
83 18 0.895609
83 16 0.906720
83 6 0.935852
83 36 0.879249
83 35 0.893769
83 3 0.959382
83 24 0.937196
83 34 0.905536
83 37 0.901346
83 41 0.900944
83 33 0.918988
83 43 0.913376
83 17 0.981499
83 23 0.981067
83 15 1.003412
83 19 1.000454
83 26 0.990693
83 39 0.967883
83 40 0.972099
83 46 0.971799
83 47 0.978331
83 48 1.001730
83 38 1.014455
83 21 1.100715
83 50 1.062919
83 22 1.151751
83 27 1.143197
83 25 1.154088
84 9 0.378661
84 28 0.399620
84 11 0.432276
84 8 0.509789
84 13 0.536456
84 33 0.556947
84 29 0.632446
84 10 0.650281
84 32 0.639658
84 31 0.647619
84 5 0.768493
84 4 0.807254
84 12 0.800816
84 30 0.795928
84 44 0.782534
84 1 0.826149
84 36 0.810090
84 14 0.897925
84 48 0.914194
84 3 1.026885
84 34 1.030600
84 2 1.059941
84 39 1.046263
84 25 1.068323
84 15 1.077810
84 7 1.132926
84 27 1.115114
84 45 1.105791
84 20 1.133665
84 47 1.114505
84 22 1.142229
84 37 1.143353
84 43 1.142507
84 17 1.196373
84 23 1.204663
84 24 1.214345
84 16 1.230453
84 38 1.217504
84 18 1.244809
84 0 1.260526
84 42 1.227569
84 40 1.230221
84 50 1.229220
84 21 1.267460
84 41 1.254970
84 26 1.279238
84 49 1.263354
84 46 1.273849
84 19 1.340351
84 6 1.358917
84 35 1.385886
85 8 0.347314
85 32 0.401863
85 9 0.423718
85 1 0.475393
85 5 0.501229
85 12 0.539707
85 24 0.549764
85 10 0.592094
85 30 0.575116
85 6 0.605173
85 13 0.631609
85 22 0.663796
85 14 0.672299
85 28 0.685906
85 3 0.707881
85 2 0.716596
85 31 0.694302
85 11 0.753802
85 38 0.808173
85 46 0.795715
85 36 0.818909
85 29 0.836468
85 33 0.840228
85 44 0.888377
85 34 0.951171
85 7 0.982765
85 43 1.002431
85 0 1.040652
85 18 1.035016
85 27 1.034963
85 4 1.063539
85 42 1.056669
85 40 1.081486
85 26 1.103277
85 19 1.110877
85 20 1.116977
85 16 1.150351
85 23 1.153436
85 49 1.122406
85 41 1.146542
85 21 1.168200
85 45 1.154590
85 47 1.161835
85 50 1.174023
85 35 1.213962
85 48 1.215016
85 39 1.235096
85 15 1.269257
85 17 1.269176
85 37 1.263021
85 25 1.302153
86 9 0.315225
86 28 0.480970
86 12 0.499231
86 8 0.646256
86 33 0.619049
86 31 0.671096
86 14 0.705834
86 5 0.716910
86 7 0.737409
86 2 0.759000
86 6 0.745983
86 11 0.797948
86 3 0.825252
86 32 0.804794
86 44 0.794144
86 13 0.841243
86 45 0.837496
86 10 0.928535
86 30 0.937756
86 4 0.976427
86 29 0.948790
86 17 1.029740
86 35 1.016805
86 34 1.018341
86 39 1.129986
86 37 1.160801
86 1 1.213622
86 48 1.173983
86 36 1.231383
86 0 1.300310
86 46 1.244451
86 19 1.281738
86 47 1.264527
86 16 1.318024
86 21 1.319059
86 41 1.298616
86 20 1.321649
86 27 1.315241
86 15 1.334952
86 43 1.319396
86 40 1.330026
86 38 1.331998
86 23 1.372589
86 25 1.406108
86 24 1.412503
86 49 1.388560
86 26 1.447724
86 22 1.502558
86 18 1.511732
86 42 1.505897
86 50 1.536463
87 8 0.375660
87 9 0.383430
87 14 0.379035
87 10 0.391906
87 12 0.417302
87 30 0.528241
87 11 0.587874
87 44 0.524923
87 28 0.605470
87 4 0.671042
87 6 0.694132
87 1 0.701824
87 2 0.701570
87 29 0.639448
87 13 0.699408
87 3 0.712628
87 0 0.731481
87 32 0.664934
87 7 0.746943
87 16 0.791224
87 33 0.787192
87 31 0.801564
87 46 0.759152
87 21 0.883726
87 19 0.910525
87 22 0.901739
87 17 0.930417
87 34 0.870719
87 27 0.902655
87 5 0.962979
87 40 0.884327
87 37 0.901286
87 15 0.992905
87 24 0.951929
87 26 0.970181
87 36 0.938551
87 39 0.929906
87 47 0.926118
87 45 0.932325
87 50 0.935667
87 18 1.044838
87 25 1.033423
87 20 1.080931
87 42 1.000767
87 41 1.006350
87 38 1.040938
87 35 1.064886
87 48 1.027066
87 49 1.062689
87 43 1.084337
87 23 1.164241
88 9 0.341934
88 11 0.407879
88 14 0.402959
88 44 0.365011
88 29 0.423398
88 13 0.516100
88 8 0.539825
88 12 0.561998
88 31 0.548569
88 1 0.602566
88 3 0.609866
88 33 0.616751
88 7 0.669083
88 28 0.654525
88 32 0.661829
88 10 0.706632
88 40 0.679517
88 2 0.746318
88 30 0.786431
88 5 0.857616
88 19 0.907447
88 18 0.921341
88 4 0.948599
88 27 0.948537
88 41 0.943434
88 16 0.997711
88 34 1.013732
88 0 1.075890
88 15 1.066108
88 43 1.042573
88 49 1.032882
88 48 1.045712
88 22 1.102441
88 35 1.079031
88 42 1.085012
88 50 1.075257
88 24 1.134104
88 6 1.161457
88 20 1.167295
88 17 1.176343
88 36 1.140237
88 47 1.129923
88 39 1.145824
88 25 1.179558
88 21 1.190500
88 37 1.186784
88 26 1.233866
88 38 1.210873
88 46 1.212395
88 45 1.218491
88 23 1.271488
89 8 0.369925
89 9 0.436581
89 11 0.436093
89 14 0.486140
89 10 0.498600
89 12 0.504709
89 28 0.467624
89 32 0.539389
89 1 0.669988
89 0 0.679765
89 30 0.615797
89 5 0.676156
89 3 0.761660
89 29 0.711631
89 13 0.831874
89 33 0.805857
89 2 0.877480
89 31 0.837919
89 6 0.918039
89 44 0.955810
89 18 1.008679
89 20 1.041501
89 40 1.049767
89 16 1.107015
89 22 1.095340
89 41 1.082125
89 27 1.095473
89 36 1.094453
89 15 1.151224
89 34 1.109000
89 38 1.123546
89 4 1.192098
89 7 1.187487
89 45 1.136997
89 25 1.181586
89 49 1.158257
89 50 1.168482
89 46 1.195730
89 42 1.220686
89 24 1.242544
89 37 1.244695
89 35 1.259237
89 47 1.250515
89 48 1.278406
89 21 1.326953
89 26 1.354440
89 43 1.342262
89 19 1.377684
89 17 1.421679
89 23 1.405367
89 39 1.404080
90 10 0.430839
90 13 0.487990
90 31 0.465367
90 3 0.530108
90 5 0.529553
90 29 0.507648
90 0 0.597298
90 9 0.616980
90 14 0.657210
90 11 0.668069
90 43 0.631228
90 47 0.627708
90 1 0.688177
90 32 0.670680
90 7 0.700096
90 28 0.722780
90 38 0.745348
90 8 0.867871
90 30 0.848038
90 44 0.853722
90 22 0.880401
90 41 0.857546
90 36 0.888351
90 33 0.892170
90 45 0.880128
90 34 0.913115
90 18 0.937844
90 12 0.953710
90 16 0.964607
90 19 0.988564
90 17 1.000104
90 20 1.004137
90 23 1.007000
90 25 1.005221
90 37 0.992972
90 6 1.051702
90 4 1.063993
90 15 1.076542
90 24 1.072033
90 21 1.088207
90 26 1.094019
90 27 1.099222
90 35 1.096673
90 48 1.088067
90 2 1.146684
90 49 1.091233
90 40 1.116857
90 42 1.156299
90 46 1.157633
90 50 1.166376
90 39 1.252381
91 8 0.298507
91 12 0.450501
91 32 0.500031
91 5 0.547994
91 10 0.595185
91 44 0.567564
91 0 0.620510
91 31 0.584872
91 13 0.651316
91 14 0.663489
91 2 0.688894
91 28 0.681941
91 3 0.721972
91 1 0.777245
91 30 0.749167
91 9 0.790939
91 29 0.787423
91 46 0.784198
91 11 0.838103
91 6 0.842155
91 18 0.828926
91 40 0.853466
91 4 0.896575
91 35 0.865684
91 33 0.877153
91 16 0.913672
91 24 0.916385
91 34 0.919845
91 36 0.931054
91 7 0.978886
91 20 0.968336
91 38 0.949418
91 22 0.975095
91 21 0.983052
91 23 0.982293
91 42 1.042309
91 15 1.080690
91 37 1.054318
91 17 1.085499
91 47 1.056046
91 19 1.089981
91 27 1.086760
91 41 1.070893
91 49 1.083220
91 25 1.142483
91 43 1.122367
91 45 1.125350
91 39 1.135291
91 50 1.152497
91 48 1.191193
91 26 1.289465
92 44 0.403594
92 29 0.450909
92 13 0.516279
92 9 0.550910
92 28 0.535520
92 31 0.678002
92 21 0.690022
92 12 0.697076
92 8 0.753158
92 10 0.758459
92 1 0.814600
92 4 0.869587
92 5 0.869409
92 6 1.101623
92 41 1.070047
92 37 1.075788
92 2 1.108084
92 3 1.107941
92 14 1.101093
92 40 1.074707
92 16 1.101216
92 19 1.101005
92 11 1.106780
92 32 1.086750
92 43 1.075379
92 0 1.148022
92 30 1.131742
92 42 1.128452
92 7 1.194488
92 47 1.155288
92 33 1.191406
92 34 1.212586
92 50 1.212618
92 45 1.221092
92 17 1.298236
92 23 1.294143
92 15 1.320472
92 35 1.300687
92 18 1.337159
92 25 1.341053
92 26 1.358983
92 49 1.355975
92 22 1.447687
92 48 1.426230
92 20 1.470187
92 38 1.459245
92 27 1.486099
92 24 1.489551
92 36 1.520987
92 46 1.518710
92 39 1.570219
93 10 0.470409
93 14 0.497604
93 31 0.645022
93 8 0.771372
93 28 0.761956
93 13 0.819943
93 7 0.825065
93 4 0.828929
93 2 0.888449
93 12 0.882703
93 21 0.905957
93 11 0.915143
93 9 0.918178
93 32 0.936538
93 19 0.977956
93 1 1.046400
93 30 1.042581
93 44 1.027534
93 29 1.097802
93 33 1.095385
93 17 1.140515
93 45 1.105545
93 18 1.152542
93 38 1.141713
93 5 1.177556
93 0 1.205334
93 3 1.203811
93 39 1.168893
93 6 1.260681
93 40 1.234302
93 15 1.329318
93 37 1.311953
93 49 1.310928
93 50 1.324386
93 41 1.358742
93 20 1.412103
93 26 1.404646
93 35 1.423867
93 24 1.437079
93 16 1.454772
93 27 1.441869
93 22 1.449486
93 43 1.440120
93 47 1.457505
93 36 1.474410
93 23 1.516595
93 34 1.513911
93 25 1.525974
93 48 1.507076
93 46 1.542733
93 42 1.558774
94 11 0.378828
94 30 0.669522
94 13 0.687755
94 3 0.737805
94 1 0.740319
94 9 0.735023
94 44 0.733433
94 5 0.773144
94 33 0.748921
94 7 0.822029
94 8 0.847724
94 45 0.810517
94 6 0.871939
94 29 0.862353
94 25 0.899604
94 31 0.925652
94 27 0.967264
94 10 1.023084
94 37 1.011245
94 28 1.031521
94 32 1.039259
94 14 1.106236
94 38 1.099538
94 23 1.118592
94 39 1.113111
94 0 1.151263
94 19 1.173895
94 46 1.151839
94 12 1.203539
94 35 1.180861
94 43 1.203767
94 34 1.244865
94 15 1.287332
94 36 1.274044
94 42 1.267641
94 48 1.283111
94 22 1.326753
94 18 1.341370
94 47 1.308684
94 2 1.374771
94 4 1.377568
94 20 1.372670
94 21 1.372395
94 26 1.416742
94 40 1.410165
94 24 1.448872
94 16 1.466350
94 50 1.467905
94 17 1.533070
94 41 1.526140
94 49 1.544000
95 28 0.428178
95 5 0.544317
95 13 0.550987
95 31 0.551087
95 10 0.614461
95 44 0.668098
95 14 0.745167
95 32 0.735467
95 6 0.775355
95 18 0.782928
95 0 0.798283
95 30 0.779348
95 40 0.782449
95 12 0.819567
95 20 0.851804
95 8 0.890780
95 29 0.892638
95 9 0.933666
95 37 0.918141
95 33 0.929028
95 11 0.971198
95 46 0.947841
95 1 1.024897
95 25 1.012928
95 16 1.022243
95 41 1.000847
95 34 1.013962
95 43 1.032549
95 48 1.046080
95 36 1.069493
95 4 1.103813
95 38 1.074428
95 3 1.136129
95 22 1.149137
95 15 1.162451
95 47 1.227148
95 49 1.225752
95 2 1.278272
95 24 1.260438
95 7 1.275250
95 19 1.265838
95 23 1.262658
95 21 1.265179
95 45 1.234418
95 26 1.260985
95 42 1.239168
95 50 1.229928
95 35 1.250943
95 17 1.276949
95 39 1.273366
95 27 1.297349
96 8 0.290814
96 9 0.311255
96 12 0.319805
96 11 0.327686
96 13 0.360638
96 14 0.355964
96 10 0.382614
96 5 0.564024
96 0 0.581403
96 3 0.593550
96 7 0.563862
96 1 0.685884
96 6 0.637892
96 4 0.706831
96 2 0.738764
96 29 0.377222
96 31 0.374564
96 32 0.406876
96 15 0.720157
96 33 0.429245
96 16 0.743320
96 28 0.528768
96 30 0.550228
96 38 0.561661
96 44 0.585014
96 18 0.814799
96 42 0.635641
96 47 0.558358
96 43 0.640949
96 20 0.775232
96 19 0.805503
96 50 0.573405
96 17 0.926425
96 25 0.761913
96 35 0.728370
96 24 0.803002
96 36 0.752384
96 22 0.827704
96 45 0.710212
96 40 0.760651
96 37 0.787460
96 27 0.851631
96 21 0.909170
96 23 0.902250
96 39 0.829126
96 26 0.904878
96 34 0.898749
96 41 0.864308
96 46 0.808818
96 48 0.835860
96 49 0.904303
97 8 0.525794
97 14 0.538632
97 29 0.520620
97 9 0.577039
97 19 0.605517
97 13 0.622959
97 10 0.628484
97 12 0.667959
97 31 0.768134
97 0 0.817058
97 1 0.817106
97 5 0.821146
97 21 0.814862
97 48 0.798853
97 11 0.862424
97 20 0.890403
97 33 0.872951
97 2 0.913495
97 32 0.884301
97 3 0.949950
97 17 0.961334
97 46 0.923529
97 34 0.954297
97 30 0.972779
97 28 0.975729
97 44 0.954912
97 6 1.020967
97 22 1.005347
97 45 1.000681
97 39 1.018607
97 4 1.062458
97 36 1.031532
97 37 1.055112
97 25 1.080947
97 23 1.087645
97 16 1.096940
97 43 1.068772
97 24 1.103893
97 7 1.123425
97 26 1.102892
97 38 1.119104
97 50 1.125199
97 40 1.160392
97 15 1.202004
97 35 1.183291
97 41 1.190097
97 27 1.241170
97 42 1.232072
97 47 1.280663
97 18 1.333747
97 49 1.358173
98 9 0.497547
98 31 0.546519
98 10 0.571271
98 11 0.655667
98 1 0.710768
98 3 0.736630
98 29 0.878700
98 5 0.974891
98 13 1.039746
98 4 1.069367
98 0 1.072854
98 2 1.072296
98 42 1.125169
98 27 1.164255
98 7 1.187915
98 28 1.210286
98 43 1.214273
98 40 1.258667
98 6 1.296450
98 24 1.310867
98 33 1.299068
98 14 1.352777
98 8 1.359739
98 34 1.344381
98 44 1.333037
98 32 1.349221
98 18 1.395962
98 30 1.380459
98 45 1.407453
98 36 1.422468
98 12 1.453143
98 39 1.456077
98 50 1.470868
98 26 1.605474
98 19 1.616115
98 16 1.620212
98 17 1.630698
98 15 1.633935
98 48 1.616710
98 41 1.643700
98 49 1.629314
98 20 1.671729
98 23 1.668675
98 47 1.644871
98 35 1.710648
98 22 1.759839
98 37 1.789914
98 21 1.811650
98 38 1.840345
98 25 1.878572
98 46 1.922332
99 8 0.498233
99 12 0.618669
99 11 0.722411
99 30 0.787106
99 10 0.813757
99 14 0.880903
99 3 0.941585
99 0 0.944272
99 13 0.935934
99 4 1.026876
99 47 0.980486
99 2 1.085255
99 29 1.060276
99 34 1.119744
99 33 1.206440
99 32 1.208441
99 26 1.213437
99 35 1.206064
99 44 1.205156
99 6 1.291032
99 9 1.289260
99 28 1.270007
99 1 1.327635
99 43 1.334563
99 27 1.374146
99 31 1.423048
99 18 1.453726
99 25 1.456349
99 15 1.484545
99 5 1.492230
99 7 1.491370
99 40 1.475657
99 21 1.520354
99 20 1.550351
99 38 1.531836
99 22 1.590119
99 46 1.575879
99 39 1.587239
99 17 1.617351
99 24 1.620120
99 49 1.590375
99 42 1.614848
99 19 1.644116
99 16 1.648583
99 41 1.631517
99 50 1.679854
99 36 1.738005
99 37 1.834367
99 48 1.819357
99 45 1.823189
99 23 1.849236
100 9 0.254263
100 10 0.348006
100 11 0.350435
100 13 0.300317
100 8 0.384950
100 12 0.446369
100 3 0.517532
100 1 0.587575
100 32 0.178686
100 2 0.592980
100 0 0.605834
100 14 0.491901
100 5 0.607110
100 29 0.263369
100 28 0.267118
100 30 0.360150
100 4 0.785787
100 7 0.776508
100 31 0.503330
100 15 0.795118
100 17 0.779462
100 44 0.352043
100 19 0.745180
100 33 0.585896
100 6 0.986073
100 16 0.840585
100 21 0.747173
100 25 0.688731
100 20 0.800967
100 18 0.882290
100 27 0.782061
100 23 0.848011
100 50 0.580454
100 42 0.618767
100 22 0.932152
100 24 0.877532
100 39 0.670423
100 26 0.876199
100 38 0.708302
100 48 0.668328
100 41 0.711867
100 36 0.835894
100 40 0.734155
100 35 0.860999
100 47 0.717606
100 43 0.750001
100 49 0.744301
100 45 0.788335
100 34 0.959845
100 37 0.898227
100 46 0.896417
101 8 0.392902
101 10 0.445288
101 0 0.610633
101 9 0.664684
101 1 0.764067
101 44 0.806994
101 30 0.823906
101 5 0.845681
101 32 0.824014
101 2 0.850556
101 4 0.849839
101 11 0.904915
101 29 0.890937
101 13 0.936003
101 20 0.953346
101 15 0.960164
101 17 1.016479
101 21 1.146338
101 12 1.157531
101 7 1.161267
101 3 1.164476
101 31 1.140945
101 6 1.163160
101 28 1.146246
101 33 1.141058
101 36 1.137941
101 16 1.159882
101 45 1.128032
101 34 1.156785
101 39 1.165842
101 41 1.177240
101 14 1.206206
101 48 1.198140
101 47 1.215505
101 42 1.221497
101 35 1.274833
101 25 1.287968
101 49 1.260313
101 37 1.275326
101 40 1.285840
101 43 1.295495
101 19 1.362321
101 46 1.332375
101 24 1.415073
101 38 1.427239
101 50 1.413194
101 22 1.462490
101 18 1.522736
101 23 1.519198
101 26 1.516472
101 27 1.527476
102 8 0.439000
102 32 0.445499
102 0 0.658372
102 31 0.619973
102 1 0.658644
102 28 0.623371
102 3 0.717641
102 4 0.739784
102 7 0.736817
102 30 0.745518
102 13 0.790309
102 10 0.822785
102 6 0.838664
102 9 0.834956
102 33 0.808695
102 41 0.824283
102 12 0.884754
102 11 0.907850
102 44 0.868604
102 29 0.895536
102 49 0.926106
102 39 0.952460
102 14 1.021110
102 17 1.039291
102 34 1.028393
102 26 1.081855
102 23 1.109872
102 22 1.119376
102 45 1.116147
102 40 1.145275
102 24 1.171328
102 16 1.188682
102 15 1.189746
102 36 1.168236
102 5 1.214359
102 2 1.227926
102 35 1.215982
102 25 1.233350
102 37 1.252320
102 27 1.269249
102 42 1.253523
102 21 1.277932
102 50 1.239951
102 18 1.308614
102 43 1.285439
102 46 1.298341
102 47 1.316413
102 38 1.336676
102 20 1.378586
102 48 1.355321
102 19 1.403425
103 10 0.363829
103 8 0.560267
103 30 0.560083
103 28 0.667409
103 0 0.743510
103 13 0.788996
103 3 0.797054
103 5 0.843035
103 1 0.847476
103 2 0.847387
103 29 0.823183
103 9 0.843779
103 4 0.847827
103 14 0.841042
103 32 0.821098
103 12 0.845018
103 11 0.868214
103 15 0.916380
103 43 0.888847
103 44 0.917124
103 6 0.981254
103 33 0.971907
103 31 1.022948
103 45 1.039564
103 36 1.067922
103 16 1.092779
103 18 1.119308
103 39 1.104170
103 41 1.135972
103 46 1.156970
103 26 1.217996
103 17 1.240078
103 25 1.337550
103 20 1.346714
103 50 1.307814
103 7 1.358272
103 38 1.325618
103 49 1.310853
103 21 1.349269
103 37 1.329576
103 34 1.341238
103 19 1.360857
103 27 1.352387
103 48 1.323214
103 35 1.342284
103 23 1.382938
103 40 1.360925
103 42 1.381613
103 24 1.445752
103 22 1.472814
103 47 1.478113
104 11 0.422576
104 28 0.437331
104 31 0.466833
104 12 0.673369
104 30 0.668177
104 0 0.698600
104 9 0.704356
104 29 0.692782
104 2 0.738526
104 10 0.754472
104 14 0.778459
104 43 0.844435
104 4 0.905065
104 8 0.904172
104 44 0.870404
104 45 0.899652
104 33 0.959800
104 38 0.959409
104 16 1.008517
104 48 0.975462
104 32 0.993490
104 13 1.012287
104 24 1.017663
104 25 1.033449
104 1 1.053066
104 42 1.045669
104 6 1.106538
104 36 1.086455
104 3 1.127157
104 5 1.137163
104 27 1.125864
104 26 1.161733
104 41 1.162478
104 47 1.167298
104 39 1.194030
104 17 1.242159
104 23 1.241903
104 7 1.256716
104 34 1.262716
104 19 1.285120
104 22 1.299248
104 15 1.319747
104 40 1.309578
104 18 1.338979
104 21 1.337204
104 46 1.311094
104 49 1.314178
104 50 1.325341
104 37 1.376355
104 35 1.383663
104 20 1.432362
105 11 0.385426
105 9 0.438569
105 0 0.571993
105 10 0.564905
105 29 0.587949
105 12 0.667822
105 6 0.757818
105 1 0.772661
105 32 0.724541
105 44 0.749341
105 31 0.771952
105 2 0.859132
105 33 0.820247
105 3 0.887247
105 30 0.847161
105 8 0.935119
105 43 0.966548
105 13 1.038159
105 28 1.059218
105 4 1.104333
105 14 1.136564
105 5 1.192971
105 38 1.157304
105 15 1.198130
105 46 1.235048
105 48 1.238495
105 22 1.298468
105 40 1.295526
105 16 1.331160
105 35 1.323919
105 7 1.383311
105 17 1.385189
105 36 1.362923
105 45 1.355005
105 23 1.406240
105 42 1.389963
105 18 1.468858
105 37 1.455192
105 41 1.470361
105 27 1.489139
105 21 1.502402
105 24 1.503841
105 50 1.476536
105 49 1.501991
105 34 1.538314
105 39 1.543615
105 47 1.542904
105 25 1.572735
105 26 1.587004
105 20 1.606024
105 19 1.635978
106 8 0.389975
106 12 0.618803
106 28 0.732654
106 10 0.751611
106 11 0.804446
106 9 0.868897
106 44 0.853565
106 32 0.869381
106 30 0.873130
106 4 0.913850
106 29 0.902730
106 0 0.967035
106 3 1.002220
106 14 1.033971
106 33 1.017297
106 13 1.092113
106 6 1.097667
106 19 1.112250
106 46 1.106744
106 2 1.162752
106 42 1.147222
106 7 1.196205
106 31 1.200276
106 40 1.205101
106 16 1.242232
106 48 1.202084
106 35 1.251268
106 26 1.272833
106 1 1.319788
106 21 1.345148
106 15 1.377680
106 24 1.411477
106 41 1.403151
106 5 1.451466
106 27 1.430712
106 38 1.419523
106 50 1.468293
106 47 1.475736
106 23 1.534886
106 37 1.527948
106 18 1.565938
106 22 1.562132
106 34 1.562718
106 43 1.563189
106 45 1.561064
106 20 1.595028
106 36 1.622287
106 17 1.664299
106 39 1.680868
106 49 1.676147
106 25 1.738144
107 11 0.477472
107 30 0.537509
107 8 0.691532
107 1 0.782404
107 33 0.770482
107 12 0.816484
107 29 0.810764
107 32 0.869161
107 5 0.899643
107 9 0.966586
107 4 0.971100
107 28 0.947152
107 31 0.943631
107 44 0.946705
107 13 0.988342
107 14 1.007628
107 6 1.076177
107 0 1.085229
107 40 1.073915
107 10 1.112695
107 3 1.155999
107 48 1.146727
107 49 1.146901
107 34 1.167367
107 7 1.197861
107 46 1.168447
107 38 1.205171
107 43 1.224121
107 21 1.262970
107 25 1.276933
107 35 1.285105
107 37 1.282792
107 26 1.361390
107 2 1.395207
107 27 1.407313
107 47 1.418545
107 22 1.464495
107 15 1.484232
107 36 1.470075
107 39 1.474038
107 16 1.506102
107 45 1.479359
107 19 1.515137
107 18 1.535842
107 41 1.527754
107 42 1.536756
107 50 1.548093
107 17 1.603867
107 23 1.640343
107 24 1.651254
107 20 1.681332
108 8 0.495415
108 14 0.559446
108 44 0.530594
108 28 0.692540
108 12 0.784112
108 9 0.809719
108 32 0.837271
108 10 0.895605
108 0 0.925169
108 30 0.923510
108 29 0.944410
108 4 0.992235
108 40 0.965722
108 31 1.136775
108 11 1.249591
108 13 1.268168
108 49 1.240341
108 33 1.264924
108 3 1.303476
108 22 1.312751
108 5 1.489981
108 20 1.486584
108 2 1.562040
108 26 1.568852
108 45 1.550801
108 24 1.604135
108 17 1.640191
108 35 1.657557
108 43 1.649337
108 41 1.689382
108 46 1.683543
108 25 1.735746
108 16 1.752006
108 37 1.731446
108 34 1.746843
108 36 1.751135
108 21 1.802392
108 7 1.820079
108 27 1.835868
108 15 1.854907
108 18 1.859230
108 1 1.872942
108 38 1.844379
108 23 1.862641
108 6 1.891430
108 19 1.953344
108 48 1.923953
108 42 1.943375
108 39 1.948803
108 50 1.936806
108 47 1.944692
109 10 0.529827
109 8 0.547864
109 12 0.645054
109 44 0.621036
109 33 0.718816
109 30 0.723303
109 0 0.774717
109 31 0.739794
109 32 0.744517
109 2 0.802801
109 11 0.789748
109 28 0.833362
109 4 0.952308
109 9 0.976958
109 29 0.953422
109 14 0.982592
109 7 1.015777
109 13 1.007868
109 6 1.020701
109 48 1.091942
109 1 1.150837
109 5 1.156914
109 16 1.152104
109 43 1.128745
109 46 1.136998
109 42 1.158530
109 47 1.161095
109 26 1.192697
109 18 1.203277
109 15 1.216076
109 34 1.201518
109 22 1.216396
109 36 1.202238
109 3 1.258088
109 40 1.212338
109 37 1.229434
109 38 1.257512
109 45 1.256150
109 50 1.292199
109 49 1.297080
109 27 1.325388
109 39 1.312004
109 23 1.344477
109 41 1.324013
109 20 1.349200
109 21 1.354592
109 24 1.375905
109 19 1.395218
109 25 1.399502
109 17 1.417810
109 35 1.420183
110 11 0.548104
110 13 0.569241
110 28 0.676289
110 9 0.693907
110 31 0.837658
110 3 0.885236
110 14 0.878550
110 0 0.890424
110 4 0.901752
110 32 0.928534
110 29 0.934274
110 2 0.967568
110 10 0.981646
110 44 0.958060
110 1 1.016300
110 8 1.061885
110 35 1.070484
110 12 1.163258
110 15 1.177316
110 30 1.180494
110 42 1.175472
110 33 1.188416
110 5 1.227303
110 17 1.281446
110 47 1.255482
110 41 1.374004
110 50 1.363833
110 39 1.379164
110 36 1.383443
110 7 1.414775
110 37 1.430481
110 21 1.459768
110 43 1.459314
110 6 1.526994
110 19 1.539737
110 45 1.507504
110 25 1.544443
110 40 1.552697
110 20 1.597592
110 18 1.610179
110 49 1.592705
110 16 1.644593
110 46 1.608471
110 38 1.628077
110 48 1.633915
110 27 1.693223
110 24 1.706359
110 23 1.709380
110 22 1.710399
110 26 1.732967
110 34 1.745594
111 5 0.540452
111 8 0.545944
111 32 0.523595
111 10 0.548322
111 12 0.547514
111 44 0.495645
111 30 0.552592
111 28 0.556975
111 14 0.600834
111 0 0.804849
111 34 0.783328
111 13 0.810785
111 4 0.830222
111 2 0.915283
111 29 0.893640
111 31 0.905831
111 21 0.923353
111 19 0.942370
111 22 0.957919
111 16 0.965544
111 20 1.013255
111 33 0.994996
111 17 1.018248
111 23 1.030172
111 6 1.062123
111 37 1.025275
111 3 1.066396
111 11 1.089691
111 26 1.078416
111 9 1.110285
111 15 1.124714
111 47 1.090998
111 40 1.109489
111 39 1.122403
111 43 1.119196
111 1 1.186625
111 24 1.162212
111 18 1.190966
111 50 1.172124
111 42 1.196795
111 7 1.253070
111 49 1.200576
111 46 1.213414
111 38 1.257971
111 36 1.293329
111 27 1.313496
111 25 1.317160
111 41 1.302995
111 45 1.328642
111 48 1.348282
111 35 1.428589
112 8 0.578572
112 11 0.677528
112 31 0.659085
112 10 0.738521
112 9 0.739808
112 30 0.799531
112 3 1.070852
112 44 1.039349
112 1 1.084604
112 14 1.186774
112 13 1.287272
112 29 1.272059
112 4 1.294907
112 45 1.283101
112 28 1.324369
112 42 1.305983
112 32 1.321049
112 27 1.377532
112 37 1.364549
112 7 1.396181
112 33 1.410404
112 12 1.433275
112 17 1.431266
112 0 1.461358
112 25 1.480402
112 16 1.511006
112 20 1.509665
112 50 1.503804
112 35 1.616267
112 43 1.623916
112 15 1.675767
112 2 1.703024
112 38 1.687177
112 18 1.828997
112 19 1.828621
112 47 1.792409
112 24 1.824893
112 26 1.822637
112 5 1.840659
112 6 1.853373
112 34 1.841074
112 48 1.833558
112 40 1.879686
112 46 1.869967
112 36 1.900283
112 39 1.910257
112 22 1.932286
112 41 1.908099
112 49 1.932615
112 23 2.015621
112 21 2.083794
113 8 0.482499
113 11 0.632450
113 30 0.608450
113 9 0.738239
113 29 0.754666
113 28 0.767313
113 1 0.820401
113 4 0.850402
113 5 0.872009
113 14 0.911322
113 10 0.938054
113 2 0.956541
113 3 0.955043
113 13 0.961230
113 6 0.971899
113 15 0.987174
113 12 1.023303
113 33 0.997407
113 31 1.034635
113 32 1.035700
113 0 1.120074
113 35 1.112401
113 40 1.137311
113 44 1.162975
113 7 1.271717
113 17 1.337194
113 36 1.389693
113 45 1.387817
113 50 1.382131
113 19 1.431552
113 49 1.395986
113 42 1.414212
113 16 1.450660
113 43 1.440090
113 25 1.486267
113 41 1.488997
113 18 1.519807
113 21 1.528452
113 39 1.533035
113 34 1.543565
113 47 1.536885
113 20 1.590657
113 46 1.577190
113 48 1.599572
113 38 1.621558
113 23 1.662863
113 37 1.656392
113 26 1.674229
113 27 1.684812
113 24 1.693092
113 22 1.714955
114 8 0.571707
114 14 0.633755
114 32 0.629960
114 30 0.631889
114 10 0.770241
114 11 0.806688
114 0 0.829832
114 33 0.911836
114 28 0.933761
114 9 0.977996
114 5 1.001856
114 1 1.023840
114 44 1.002153
114 2 1.050762
114 45 1.050005
114 31 1.102108
114 12 1.139384
114 29 1.158623
114 13 1.252386
114 3 1.309160
114 37 1.323742
114 43 1.319017
114 6 1.463943
114 22 1.452790
114 36 1.439562
114 16 1.470371
114 39 1.484414
114 4 1.523878
114 41 1.507516
114 7 1.594728
114 18 1.596903
114 46 1.572080
114 40 1.583741
114 25 1.647044
114 42 1.638495
114 19 1.685257
114 15 1.724220
114 48 1.711321
114 26 1.771665
114 34 1.777399
114 24 1.804326
114 50 1.854673
114 20 1.898906
114 35 1.883786
114 21 1.908594
114 49 1.895229
114 38 1.971071
114 27 1.987598
114 17 2.028425
114 23 2.044532
114 47 2.076817
115 9 0.447867
115 11 0.560513
115 29 0.554161
115 31 0.629781
115 8 0.662319
115 13 0.679076
115 32 0.688368
115 44 0.735130
115 14 0.802767
115 2 0.813911
115 33 0.841301
115 45 0.845185
115 12 0.885179
115 30 0.867759
115 28 0.935520
115 10 0.990183
115 5 1.017837
115 25 1.000907
115 3 1.021709
115 1 1.054949
115 41 1.043775
115 39 1.067951
115 0 1.106024
115 38 1.089547
115 49 1.084760
115 7 1.159874
115 22 1.274214
115 16 1.281975
115 48 1.241819
115 4 1.292150
115 26 1.273145
115 27 1.271855
115 17 1.284390
115 6 1.293263
115 20 1.284100
115 34 1.268365
115 43 1.253824
115 47 1.249338
115 36 1.267580
115 19 1.288305
115 15 1.298715
115 18 1.296854
115 35 1.278661
115 23 1.294769
115 37 1.323820
115 24 1.350921
115 21 1.377675
115 50 1.364347
115 42 1.383740
115 40 1.408019
115 46 1.450967
116 10 0.556702
116 13 0.549504
116 9 0.562152
116 11 0.626984
116 14 0.617525
116 12 0.687172
116 8 0.711555
116 0 0.852418
116 4 0.854929
116 3 0.942745
116 29 0.849243
116 31 0.895183
116 5 1.001890
116 28 0.906015
116 6 1.043516
116 30 0.945841
116 32 0.945233
116 33 0.976345
116 2 1.188231
116 1 1.291503
116 44 0.573972
116 18 1.287430
116 22 1.291710
116 16 1.359979
116 19 1.363064
116 20 1.360984
116 26 1.384061
116 25 1.388893
116 34 1.230487
116 17 1.460699
116 7 1.508679
116 21 1.465836
116 15 1.501800
116 27 1.552854
116 35 1.150846
116 23 1.679621
116 38 1.117094
116 24 1.694467
116 39 1.024949
116 43 1.040926
116 37 1.165531
116 47 0.961219
116 46 1.125831
116 40 1.155764
116 48 1.055470
116 36 1.331769
116 49 1.053569
116 50 1.014080
116 41 1.157572
116 42 1.158132
116 45 1.171721
117 12 0.555734
117 10 0.716985
117 9 0.718281
117 14 0.811264
117 31 0.797529
117 8 0.885998
117 32 0.946660
117 0 1.022522
117 3 1.022174
117 1 1.026924
117 5 1.187956
117 44 1.223580
117 33 1.238297
117 2 1.271349
117 30 1.302173
117 6 1.328836
117 4 1.330931
117 7 1.395890
117 28 1.397944
117 27 1.419762
117 13 1.436169
117 41 1.436903
117 29 1.509293
117 11 1.545183
117 16 1.561693
117 19 1.560174
117 36 1.660600
117 21 1.682985
117 25 1.678874
117 18 1.744510
117 26 1.749879
117 34 1.738941
117 40 1.729966
117 35 1.808135
117 24 1.826338
117 17 1.862046
117 49 1.818653
117 42 1.845651
117 22 1.874381
117 15 1.882451
117 46 1.841906
117 37 1.908555
117 47 1.924018
117 38 1.951306
117 45 1.944628
117 50 1.937953
117 39 1.969250
117 20 2.083123
117 43 2.070925
117 48 2.087734
117 23 2.139315
118 8 0.560918
118 9 0.562256
118 10 0.689859
118 14 0.700565
118 12 0.793576
118 11 0.808865
118 13 0.842718
118 28 0.920842
118 4 1.064365
118 29 1.020896
118 30 1.010052
118 2 1.162007
118 0 1.164519
118 3 1.163078
118 32 0.629052
118 1 1.190106
118 6 1.186265
118 31 0.923721
118 5 1.209743
118 18 1.292531
118 33 0.783450
118 22 1.298800
118 7 1.348561
118 44 0.560377
118 15 1.534880
118 16 1.533708
118 21 1.507174
118 26 1.516251
118 19 1.571333
118 17 1.608691
118 25 1.583298
118 24 1.703310
118 37 1.119225
118 20 1.764396
118 34 1.197817
118 42 1.069088
118 23 1.826386
118 40 1.130341
118 38 1.249944
118 43 1.148749
118 27 1.905537
118 50 0.989965
118 35 1.359645
118 41 1.223347
118 39 1.266395
118 47 1.165479
118 36 1.393069
118 45 1.209035
118 48 1.088204
118 46 1.248329
118 49 1.177231
119 10 0.579105
119 8 0.590462
119 44 0.646959
119 31 0.701339
119 32 0.723359
119 9 0.779839
119 13 0.777797
119 33 0.759572
119 12 0.798535
119 14 0.965102
119 3 0.982984
119 2 0.995461
119 11 1.013690
119 0 1.026447
119 30 1.111275
119 4 1.185210
119 39 1.190293
119 1 1.268974
119 6 1.340360
119 19 1.362501
119 29 1.367085
119 50 1.337954
119 28 1.378876
119 45 1.376494
119 27 1.413829
119 16 1.469723
119 5 1.485394
119 26 1.468655
119 49 1.445953
119 25 1.501503
119 48 1.484190
119 34 1.530521
119 46 1.540447
119 20 1.580859
119 47 1.546763
119 41 1.569677
119 15 1.602417
119 36 1.591958
119 35 1.638777
119 40 1.633911
119 18 1.658304
119 21 1.676027
119 7 1.702560
119 37 1.674310
119 38 1.684972
119 42 1.681756
119 17 1.720873
119 24 1.726236
119 22 1.820035
119 43 1.797852
119 23 1.947775
120 12 0.650126
120 11 0.726133
120 14 0.818702
120 10 0.836249
120 9 0.917474
120 8 1.165437
120 32 1.097914
120 1 1.187430
120 17 1.237400
120 13 1.240524
120 4 1.248837
120 33 1.226702
120 0 1.304116
120 29 1.366466
120 6 1.432071
120 2 1.435900
120 16 1.439052
120 31 1.417552
120 5 1.488509
120 28 1.458495
120 3 1.521044
120 30 1.479334
120 26 1.646531
120 44 1.382457
120 22 1.751808
120 15 1.826563
120 20 1.843069
120 36 1.804463
120 34 1.839421
120 23 1.880951
120 19 1.930416
120 24 1.931748
120 38 1.875220
120 42 1.864405
120 18 2.187221
120 41 2.076139
120 50 1.540753
120 49 1.560890
120 7 2.200375
120 46 1.650540
120 40 2.085630
120 39 2.102235
120 25 2.153577
120 27 2.163719
120 35 2.165419
120 21 2.249227
120 43 2.101461
120 45 1.949048
120 37 2.212373
120 48 1.667672
120 47 1.811404
