21 1 0.142526
21 0 0.149566
21 2 0.157326
21 3 0.157874
21 11 0.165398
21 4 0.187840
21 5 0.191353
21 6 0.190438
21 12 0.174861
21 9 0.190402
21 10 0.192906
21 8 0.196091
21 13 0.171934
21 7 0.222508
21 14 0.184872
21 17 0.183713
21 15 0.200280
21 16 0.198893
21 20 0.188771
21 18 0.207222
21 22 0.173807
21 19 0.205589
21 21 0.204408
21 26 0.152211
21 24 0.161431
21 25 0.185778
21 27 0.151770
21 28 0.150958
21 32 0.148563
21 29 0.159663
21 23 0.208870
21 33 0.171057
21 44 0.130331
21 31 0.185654
21 47 0.129231
21 42 0.150170
21 30 0.194517
21 50 0.133192
21 37 0.171801
21 43 0.147342
21 48 0.139311
21 38 0.170504
21 49 0.143190
21 34 0.184384
21 36 0.182961
21 35 0.183907
21 41 0.174499
21 40 0.179137
21 45 0.171545
21 39 0.187941
21 46 0.174935
22 0 0.136517
22 5 0.154418
22 1 0.166034
22 2 0.182605
22 3 0.191595
22 4 0.191937
22 10 0.209227
22 6 0.217099
22 7 0.250906
22 8 0.250336
22 32 0.228246
22 41 0.220707
22 14 0.255012
22 28 0.240734
22 12 0.261991
22 34 0.236108
22 33 0.242103
22 48 0.227349
22 42 0.234219
22 18 0.264150
22 21 0.261593
22 26 0.253736
22 31 0.250845
22 27 0.255511
22 9 0.280456
22 22 0.268163
22 30 0.258442
22 16 0.278383
22 15 0.281139
22 20 0.275482
22 11 0.285379
22 13 0.283728
22 19 0.277540
22 24 0.274146
22 29 0.266202
22 44 0.249787
22 17 0.281921
22 35 0.260422
22 49 0.245760
22 23 0.282692
22 40 0.262789
22 36 0.267608
22 50 0.254857
22 38 0.269986
22 39 0.270749
22 47 0.263662
22 43 0.269135
22 45 0.268285
22 46 0.267590
22 37 0.279734
22 25 0.295354
23 0 0.152514
23 4 0.158410
23 2 0.167550
23 5 0.176252
23 3 0.186523
23 9 0.198829
23 8 0.203540
23 10 0.206309
23 1 0.213850
23 6 0.220036
23 12 0.233403
23 32 0.219224
23 21 0.239541
23 11 0.251266
23 14 0.251057
23 47 0.219630
23 50 0.217753
23 42 0.227066
23 30 0.240381
23 16 0.255406
23 29 0.244432
23 44 0.230222
23 7 0.265678
23 35 0.241201
23 22 0.254657
23 17 0.260033
23 23 0.253994
23 19 0.258182
23 40 0.243754
23 20 0.263748
23 26 0.258854
23 18 0.268602
23 33 0.255863
23 46 0.242087
23 13 0.274936
23 36 0.254484
23 38 0.253440
23 28 0.263021
23 37 0.255437
23 15 0.276477
23 31 0.261804
23 27 0.266650
23 45 0.248109
23 24 0.269608
23 48 0.247691
23 34 0.262932
23 43 0.257599
23 25 0.278034
23 39 0.265393
23 49 0.255661
23 41 0.266278
24 0 0.126264
24 3 0.126659
24 4 0.152697
24 1 0.165550
24 5 0.166789
24 6 0.190866
24 2 0.209619
24 8 0.205139
24 10 0.212588
24 12 0.220972
24 14 0.222090
24 20 0.219737
24 9 0.233757
24 17 0.228979
24 28 0.222023
24 32 0.218778
24 7 0.248583
24 26 0.237801
24 15 0.250526
24 24 0.241684
24 48 0.217812
24 11 0.256634
24 27 0.240625
24 19 0.250454
24 37 0.230960
24 29 0.241485
24 47 0.223591
24 13 0.259134
24 44 0.228854
24 39 0.234406
24 33 0.241660
24 36 0.240379
24 25 0.251839
24 46 0.231597
24 42 0.235905
24 23 0.257593
24 31 0.250030
24 34 0.247475
24 21 0.262088
24 50 0.231149
24 16 0.268493
24 30 0.254232
24 18 0.268470
24 22 0.265124
24 49 0.238066
24 38 0.250305
24 43 0.246260
24 35 0.255031
24 45 0.244395
24 41 0.249065
24 40 0.254210
25 0 0.130770
25 6 0.130749
25 3 0.168881
25 2 0.171661
25 1 0.176662
25 8 0.179980
25 5 0.191971
25 10 0.184806
25 7 0.197837
25 4 0.203795
25 14 0.212682
25 20 0.250299
25 13 0.265101
25 12 0.272140
25 32 0.239809
25 30 0.243108
25 44 0.216239
25 11 0.276704
25 40 0.238056
25 28 0.262509
25 16 0.283931
25 34 0.253349
25 22 0.277076
25 18 0.281782
25 38 0.249931
25 42 0.246055
25 24 0.277571
25 36 0.254240
25 46 0.233674
25 26 0.275834
25 9 0.302096
25 48 0.253194
25 29 0.290016
25 33 0.287708
25 50 0.257946
25 31 0.294500
25 19 0.316475
25 21 0.316298
25 39 0.286506
25 17 0.330462
25 35 0.301756
25 45 0.281435
25 49 0.276885
25 25 0.327478
25 15 0.346432
25 41 0.304662
25 37 0.308363
25 43 0.299594
25 27 0.328103
25 23 0.335970
25 47 0.289438
26 3 0.126841
26 0 0.136513
26 1 0.150030
26 2 0.154511
26 6 0.154844
26 5 0.170521
26 8 0.195578
26 4 0.211411
26 19 0.221490
26 13 0.234777
26 21 0.226264
26 11 0.241828
26 7 0.249310
26 9 0.267952
26 23 0.252600
26 29 0.246143
26 22 0.255822
26 12 0.266850
26 17 0.262374
26 20 0.260485
26 33 0.247401
26 41 0.239727
26 28 0.254389
26 44 0.237602
26 31 0.251799
26 42 0.240389
26 35 0.248328
26 46 0.237536
26 37 0.247223
26 34 0.250474
26 30 0.255196
26 27 0.259302
26 32 0.254681
26 25 0.262354
26 15 0.274721
26 14 0.276030
26 10 0.281496
26 39 0.249481
26 47 0.241068
26 49 0.239212
26 50 0.239096
26 48 0.241501
26 38 0.252531
26 26 0.265930
26 43 0.251726
26 16 0.284570
26 36 0.266458
26 24 0.280996
26 40 0.272161
26 18 0.297815
26 45 0.268327
27 0 0.120433
27 3 0.132009
27 1 0.154356
27 5 0.161668
27 4 0.165955
27 7 0.167443
27 2 0.171713
27 10 0.217723
27 47 0.195715
27 8 0.239264
27 23 0.229999
27 13 0.245108
27 18 0.243232
27 19 0.245501
27 31 0.233600
27 26 0.239703
27 30 0.236633
27 21 0.248667
27 11 0.259853
27 20 0.252186
27 34 0.238409
27 9 0.263581
27 14 0.260688
27 25 0.250417
27 15 0.261302
27 44 0.231738
27 50 0.225452
27 24 0.254242
27 32 0.246217
27 38 0.239782
27 16 0.262726
27 6 0.271671
27 39 0.241160
27 42 0.237964
27 17 0.264403
27 33 0.248624
27 12 0.268798
27 29 0.252469
27 46 0.235674
27 43 0.241444
27 22 0.264028
27 49 0.237820
27 27 0.261064
27 48 0.240316
27 35 0.254652
27 40 0.249981
27 28 0.262558
27 41 0.250765
27 45 0.247750
27 37 0.256133
27 36 0.260091
28 0 0.127250
28 3 0.141019
28 5 0.145867
28 2 0.173520
28 1 0.179101
28 4 0.181777
28 10 0.180078
28 6 0.205282
28 9 0.212174
28 12 0.249884
28 8 0.253328
28 44 0.218218
28 16 0.248729
28 18 0.247396
28 40 0.224372
28 7 0.256691
28 41 0.225350
28 14 0.254577
28 30 0.239022
28 28 0.244770
28 29 0.243798
28 13 0.259952
28 26 0.249687
28 11 0.262931
28 23 0.255036
28 20 0.257882
28 46 0.231609
28 19 0.261748
28 32 0.248404
28 35 0.248267
28 42 0.241539
28 34 0.252721
28 17 0.270244
28 38 0.248472
28 49 0.236649
28 21 0.267277
28 50 0.237694
28 33 0.256795
28 15 0.275825
28 25 0.266917
28 37 0.254449
28 48 0.242188
28 24 0.269142
28 39 0.254653
28 22 0.273274
28 43 0.251331
28 36 0.259086
28 31 0.264621
28 47 0.249261
28 45 0.251698
28 27 0.275135
29 0 0.119750
29 9 0.154792
29 5 0.160890
29 8 0.160158
29 1 0.173109
29 3 0.173198
29 4 0.187506
29 2 0.193321
29 28 0.231849
29 11 0.248196
29 13 0.246992
29 31 0.243577
29 6 0.267921
29 12 0.266902
29 30 0.249461
29 10 0.268785
29 33 0.248828
29 14 0.274619
29 29 0.260645
29 44 0.243662
29 32 0.260037
29 7 0.288783
29 24 0.281535
29 15 0.290665
29 25 0.287754
29 17 0.298525
29 16 0.299840
29 20 0.297685
29 38 0.280513
29 22 0.298570
29 19 0.302338
29 23 0.299206
29 41 0.282295
29 27 0.298929
29 40 0.285345
29 42 0.283360
29 34 0.292366
29 26 0.302187
29 18 0.310652
29 43 0.284880
29 21 0.309459
29 50 0.281465
29 37 0.296749
29 46 0.287573
29 36 0.298775
29 48 0.286441
29 47 0.288326
29 39 0.298194
29 35 0.302731
29 45 0.291800
29 49 0.289450
30 0 0.128122
30 6 0.140375
30 5 0.151047
30 2 0.168715
30 3 0.186698
30 4 0.186568
30 1 0.209190
30 7 0.213241
30 9 0.220088
30 10 0.248760
30 13 0.249335
30 31 0.235554
30 30 0.237247
30 11 0.256037
30 33 0.237999
30 12 0.259918
30 32 0.250961
30 19 0.267313
30 20 0.267192
30 29 0.259139
30 34 0.255053
30 21 0.270305
30 37 0.254202
30 17 0.275250
30 8 0.283641
30 43 0.250848
30 40 0.254470
30 14 0.282491
30 50 0.246952
30 18 0.282466
30 25 0.276571
30 15 0.285415
30 16 0.284955
30 23 0.281382
30 22 0.282587
30 28 0.278115
30 49 0.257677
30 44 0.263015
30 38 0.269226
30 24 0.285518
30 47 0.263603
30 42 0.269233
30 26 0.288400
30 48 0.264470
30 27 0.289557
30 36 0.278984
30 41 0.275326
30 46 0.276452
30 39 0.283758
30 35 0.289970
30 45 0.280678
31 6 0.149368
31 0 0.157832
31 1 0.169177
31 3 0.172947
31 5 0.178969
31 4 0.187271
31 7 0.194724
31 2 0.202158
31 10 0.221990
31 20 0.238435
31 8 0.248497
31 14 0.246910
31 12 0.249992
31 9 0.254567
31 31 0.238618
31 13 0.257576
31 29 0.235451
31 11 0.259878
31 19 0.253464
31 17 0.256066
31 34 0.238293
31 24 0.252338
31 33 0.242499
31 22 0.255065
31 21 0.256233
31 44 0.233306
31 25 0.253984
31 26 0.254450
31 42 0.244452
31 50 0.235501
31 23 0.267275
31 27 0.264529
31 37 0.254435
31 30 0.262511
31 28 0.265789
31 32 0.262836
31 38 0.258859
31 41 0.256411
31 47 0.249876
31 46 0.251004
31 49 0.253376
31 15 0.291629
31 16 0.298147
31 48 0.265943
31 18 0.302642
31 43 0.276952
31 35 0.286204
31 36 0.285419
31 45 0.276242
31 40 0.283198
31 39 0.284508
32 1 0.149428
32 4 0.182022
32 0 0.229065
32 2 0.256479
32 7 0.237774
32 5 0.273926
32 3 0.276982
32 8 0.226948
32 6 0.269789
32 14 0.107200
32 10 0.162904
32 9 0.228390
32 13 0.140957
32 12 0.154827
32 17 0.134280
32 11 0.208264
32 21 0.138553
32 15 0.215275
32 16 0.217952
32 19 0.170295
32 28 0.194429
32 20 0.232787
32 18 0.235303
32 22 0.257338
32 29 0.227538
32 32 0.211617
32 24 0.250844
32 31 0.228124
32 44 0.187784
32 27 0.250477
32 37 0.218870
32 30 0.254828
32 40 0.217758
32 25 0.267111
32 43 0.211540
32 47 0.201849
32 33 0.251584
32 35 0.249222
32 36 0.240607
32 46 0.209487
32 34 0.264945
32 26 0.287664
32 23 0.293617
32 39 0.253967
32 38 0.261879
32 42 0.243367
32 41 0.258567
32 45 0.241085
32 48 0.247763
32 50 0.252152
32 49 0.259251
33 2 0.162433
33 0 0.179687
33 8 0.177305
33 1 0.193918
33 4 0.207020
33 3 0.224940
33 6 0.228761
33 13 0.264958
33 29 0.253370
33 44 0.251863
33 12 0.286744
33 28 0.270622
33 18 0.283595
33 14 0.287863
33 10 0.301723
33 16 0.296125
33 27 0.285274
33 25 0.292524
33 30 0.286482
33 31 0.285172
33 22 0.298656
33 5 0.318534
33 15 0.316087
33 36 0.292964
33 9 0.326018
33 7 0.328846
33 33 0.300043
33 11 0.327288
33 34 0.302906
33 20 0.323316
33 48 0.294013
33 42 0.305582
33 19 0.331057
33 32 0.318684
33 46 0.310167
33 41 0.320245
33 38 0.322943
33 50 0.311755
33 24 0.348836
33 43 0.329667
33 21 0.361265
33 17 0.366093
33 23 0.368483
33 26 0.366586
33 35 0.356447
33 45 0.347954
33 49 0.345532
33 40 0.357425
33 37 0.360947
33 39 0.359695
33 47 0.358000
34 0 0.146001
34 4 0.157937
34 6 0.174881
34 2 0.192313
34 3 0.212106
34 11 0.209845
34 1 0.218908
34 5 0.235782
34 14 0.254698
34 10 0.260929
34 17 0.259598
34 9 0.266406
34 13 0.265055
34 29 0.250172
34 15 0.268166
34 8 0.274193
34 47 0.236965
34 16 0.268693
34 18 0.268348
34 19 0.270162
34 33 0.256558
34 44 0.252646
34 50 0.246342
34 20 0.278364
34 36 0.263638
34 30 0.269886
34 24 0.277296
34 43 0.261032
34 32 0.274345
34 41 0.268303
34 23 0.287581
34 22 0.291970
34 27 0.289345
34 28 0.288509
34 31 0.285536
34 45 0.272410
34 26 0.293077
34 12 0.305871
34 38 0.285529
34 21 0.308560
34 42 0.286768
34 37 0.292633
34 40 0.290690
34 7 0.322866
34 35 0.299806
34 34 0.302300
34 39 0.297773
34 46 0.291123
34 48 0.291092
34 25 0.320467
34 49 0.296398
35 0 0.184304
35 6 0.198106
35 3 0.209254
35 5 0.216502
35 1 0.220193
35 2 0.221714
35 8 0.222143
35 11 0.252260
35 9 0.264583
35 10 0.272779
35 13 0.273782
35 33 0.256379
35 32 0.257694
35 29 0.261192
35 44 0.246594
35 4 0.285718
35 12 0.294476
35 17 0.291625
35 30 0.283251
35 21 0.297162
35 42 0.276815
35 28 0.296658
35 35 0.290133
35 18 0.307386
35 31 0.296340
35 22 0.310601
35 20 0.314942
35 15 0.319747
35 7 0.327138
35 14 0.325625
35 49 0.298124
35 36 0.314930
35 40 0.311480
35 50 0.303471
35 25 0.330085
35 41 0.314876
35 27 0.329121
35 19 0.336961
35 24 0.336864
35 47 0.315378
35 37 0.329946
35 48 0.318800
35 43 0.328204
35 34 0.344868
35 26 0.354562
35 23 0.357906
35 39 0.342469
35 38 0.346276
35 46 0.339040
35 45 0.349103
35 16 0.378340
36 0 0.134228
36 4 0.180670
36 3 0.190096
36 1 0.205422
36 5 0.210788
36 11 0.219464
36 2 0.252550
36 9 0.260098
36 34 0.243354
36 32 0.266952
36 10 0.287815
36 6 0.293583
36 33 0.269354
36 31 0.272378
36 13 0.290227
36 46 0.258057
36 21 0.283877
36 28 0.277092
36 22 0.284764
36 29 0.278109
36 15 0.294203
36 25 0.286614
36 44 0.267508
36 24 0.288219
36 7 0.303321
36 8 0.302861
36 43 0.271252
36 19 0.296889
36 47 0.269499
36 37 0.279202
36 12 0.308547
36 23 0.301802
36 39 0.288354
36 30 0.298985
36 50 0.280321
36 14 0.317033
36 17 0.314830
36 42 0.289116
36 38 0.300296
36 26 0.317053
36 18 0.326490
36 41 0.305403
36 27 0.324094
36 45 0.306724
36 16 0.340186
36 48 0.308825
36 49 0.308045
36 40 0.316949
36 20 0.337533
36 36 0.322911
36 35 0.330891
37 8 0.166206
37 2 0.281535
37 1 0.282734
37 0 0.285398
37 9 0.280405
37 3 0.304025
37 14 0.295796
37 12 0.297610
37 6 0.312052
37 30 0.298839
37 10 0.308959
37 26 0.300846
37 28 0.300121
37 7 0.320482
37 4 0.313694
37 24 0.307274
37 31 0.310502
37 29 0.313915
37 11 0.331264
37 38 0.311473
37 16 0.335880
37 32 0.318782
37 25 0.327805
37 44 0.307527
37 15 0.343142
37 22 0.339089
37 19 0.346573
37 13 0.351671
37 21 0.345781
37 36 0.329310
37 37 0.331569
37 27 0.342880
37 20 0.358584
37 17 0.363033
37 33 0.348822
37 40 0.342465
37 5 0.390563
37 23 0.378468
37 34 0.370126
37 48 0.354179
37 45 0.358942
37 46 0.359031
37 43 0.371262
37 39 0.385096
37 41 0.388178
37 18 0.415895
37 50 0.384976
37 47 0.393029
37 42 0.401474
37 35 0.425753
37 49 0.416219
38 3 0.180500
38 0 0.190716
38 5 0.220345
38 10 0.228154
38 2 0.237221
38 8 0.256125
38 14 0.254351
38 1 0.264846
38 11 0.265344
38 6 0.290809
38 30 0.269827
38 9 0.291580
38 4 0.300777
38 32 0.278431
38 12 0.298807
38 7 0.309765
38 13 0.307495
38 18 0.316165
38 31 0.307541
38 33 0.306999
38 15 0.331249
38 28 0.322087
38 16 0.334745
38 17 0.339902
38 22 0.336547
38 26 0.336269
38 20 0.342885
38 29 0.337935
38 43 0.324164
38 27 0.343860
38 48 0.319656
38 24 0.349428
38 36 0.340018
38 40 0.335929
38 25 0.353121
38 44 0.332870
38 39 0.350142
38 19 0.376230
38 45 0.348839
38 35 0.364051
38 34 0.366798
38 21 0.382763
38 46 0.354261
38 23 0.387638
38 50 0.358184
38 41 0.376578
38 38 0.382585
38 47 0.371303
38 49 0.374222
38 42 0.388953
38 37 0.401483
39 1 0.182907
39 0 0.207458
39 10 0.179282
39 11 0.187939
39 8 0.198333
39 2 0.230804
39 3 0.234480
39 9 0.222967
39 4 0.248116
39 6 0.238827
39 5 0.253137
39 12 0.240726
39 20 0.198158
39 13 0.252849
39 14 0.245366
39 17 0.240228
39 7 0.284711
39 21 0.237673
39 18 0.275910
39 16 0.302226
39 22 0.291868
39 15 0.330516
39 30 0.179098
39 28 0.203087
39 23 0.311148
39 29 0.212387
39 19 0.333783
39 32 0.212799
39 24 0.308338
39 31 0.242134
39 26 0.275551
39 33 0.260363
39 25 0.340799
39 44 0.216265
39 48 0.199054
39 39 0.235301
39 36 0.262803
39 46 0.220365
39 40 0.246582
39 45 0.241969
39 34 0.286753
39 27 0.330875
39 43 0.261902
39 35 0.302913
39 50 0.240920
39 37 0.311021
39 38 0.310138
39 49 0.245483
39 41 0.293696
39 42 0.300299
39 47 0.284113
40 0 0.196599
40 8 0.211425
40 1 0.222127
40 3 0.224496
40 2 0.240583
40 4 0.239842
40 13 0.249825
40 6 0.285379
40 21 0.273919
40 14 0.288462
40 30 0.279755
40 17 0.294616
40 11 0.302955
40 33 0.282067
40 23 0.297793
40 28 0.294607
40 47 0.278113
40 43 0.283497
40 22 0.305173
40 19 0.309045
40 7 0.320886
40 38 0.307016
40 37 0.310190
40 29 0.319027
40 18 0.331759
40 45 0.306896
40 31 0.322086
40 44 0.311592
40 9 0.346465
40 41 0.319988
40 24 0.339711
40 15 0.348994
40 5 0.359752
40 20 0.354542
40 34 0.342614
40 10 0.369523
40 12 0.370142
40 16 0.367628
40 32 0.356161
40 35 0.356357
40 48 0.345742
40 25 0.375075
40 49 0.350979
40 39 0.365682
40 36 0.371175
40 26 0.384063
40 46 0.366597
40 42 0.370678
40 40 0.375728
40 50 0.370561
40 27 0.397833
41 0 0.192194
41 5 0.205575
41 6 0.240915
41 8 0.243168
41 9 0.242945
41 1 0.251584
41 2 0.269460
41 4 0.269605
41 10 0.273899
41 13 0.272473
41 11 0.278136
41 12 0.277684
41 30 0.259810
41 7 0.282241
41 3 0.286181
41 14 0.304962
41 31 0.293825
41 32 0.306061
41 44 0.293218
41 15 0.331678
41 29 0.316649
41 33 0.313088
41 43 0.306358
41 46 0.308192
41 17 0.344664
41 35 0.325332
41 16 0.353506
41 28 0.341087
41 45 0.323972
41 40 0.329282
41 18 0.354398
41 41 0.331997
41 48 0.326479
41 23 0.362424
41 42 0.341527
41 38 0.346441
41 37 0.351766
41 39 0.358621
41 22 0.382448
41 49 0.354782
41 36 0.368676
41 25 0.381796
41 19 0.391419
41 47 0.361756
41 34 0.375793
41 21 0.391912
41 27 0.388634
41 26 0.392107
41 50 0.372749
41 20 0.421062
41 24 0.424671
42 0 0.208534
42 2 0.207923
42 1 0.227919
42 34 0.253900
42 9 0.282767
42 11 0.292240
42 33 0.271828
42 30 0.276986
42 7 0.300419
42 3 0.313940
42 4 0.314906
42 29 0.291474
42 13 0.308047
42 23 0.301746
42 5 0.325402
42 31 0.306951
42 27 0.312320
42 46 0.292274
42 35 0.313284
42 21 0.332225
42 44 0.306979
42 41 0.312335
42 20 0.336139
42 16 0.341483
42 26 0.337202
42 39 0.324346
42 48 0.318275
42 28 0.343785
42 43 0.334509
42 10 0.372812
42 47 0.337485
42 40 0.347907
42 18 0.373865
42 8 0.385557
42 25 0.370436
42 32 0.367362
42 36 0.367242
42 37 0.367653
42 19 0.391902
42 38 0.372498
42 12 0.402529
42 49 0.363752
42 6 0.408743
42 14 0.403747
42 45 0.371768
42 15 0.408201
42 22 0.404037
42 24 0.402551
42 17 0.414759
42 50 0.384075
42 42 0.395354
43 0 0.235312
43 10 0.292567
43 4 0.348415
43 2 0.349919
43 6 0.347404
43 1 0.351294
43 28 0.328202
43 9 0.366879
43 30 0.355382
43 8 0.378618
43 12 0.376267
43 29 0.359847
43 14 0.375385
43 13 0.377209
43 44 0.349386
43 33 0.361347
43 7 0.386989
43 3 0.390107
43 50 0.338163
43 11 0.384464
43 38 0.358312
43 32 0.364750
43 18 0.379586
43 31 0.366882
43 5 0.391711
43 20 0.381478
43 43 0.358844
43 46 0.356909
43 34 0.376411
43 22 0.400111
43 26 0.395461
43 40 0.385521
43 25 0.405189
43 48 0.377645
43 35 0.408528
43 17 0.427240
43 21 0.427056
43 47 0.394682
43 45 0.414386
43 16 0.447399
43 42 0.426037
43 39 0.431616
43 19 0.453172
43 49 0.419474
43 24 0.452119
43 37 0.443907
43 36 0.453785
43 41 0.449144
43 15 0.481972
43 23 0.479454
43 27 0.481520
44 0 0.235667
44 1 0.313102
44 9 0.330411
44 3 0.337183
44 11 0.330684
44 8 0.333206
44 29 0.312734
44 31 0.321725
44 10 0.365314
44 4 0.371166
44 32 0.347420
44 5 0.383919
44 13 0.378485
44 6 0.384244
44 14 0.379572
44 15 0.383058
44 2 0.393897
44 28 0.375811
44 17 0.400669
44 30 0.391007
44 7 0.417246
44 18 0.417816
44 33 0.401032
44 12 0.440145
44 44 0.405609
44 47 0.407880
44 16 0.449628
44 40 0.423521
44 23 0.448057
44 46 0.435041
44 20 0.490015
44 25 0.489958
44 35 0.481026
44 21 0.503991
44 19 0.510924
44 50 0.475265
44 43 0.483911
44 38 0.494568
44 45 0.487435
44 24 0.515239
44 48 0.492368
44 37 0.505430
44 36 0.509464
44 39 0.508298
44 42 0.516134
44 49 0.509002
44 34 0.537514
44 27 0.546622
44 26 0.558892
44 41 0.547112
44 22 0.584163
45 10 0.165039
45 2 0.316112
45 3 0.303499
45 0 0.345114
45 4 0.322172
45 8 0.207764
45 12 0.200888
45 1 0.354708
45 11 0.216985
45 13 0.224013
45 9 0.249853
45 14 0.218685
45 6 0.358932
45 5 0.379100
45 7 0.391889
45 29 0.207889
45 16 0.367214
45 31 0.210465
45 28 0.212247
45 15 0.434149
45 20 0.315742
45 17 0.412652
45 22 0.344124
45 18 0.393258
45 26 0.332561
45 19 0.391273
45 33 0.311508
45 21 0.385525
45 30 0.335190
45 32 0.334953
45 34 0.323400
45 44 0.267290
45 25 0.393008
45 24 0.410903
45 27 0.402910
45 23 0.450205
45 38 0.403890
45 35 0.426119
45 41 0.407335
45 46 0.399720
45 37 0.446483
45 39 0.433392
45 40 0.425142
45 36 0.450602
45 47 0.404908
45 42 0.431490
45 49 0.366184
45 45 0.440051
45 48 0.421447
45 43 0.455686
45 50 0.368301
46 11 0.262430
46 0 0.278428
46 8 0.280370
46 9 0.285529
46 13 0.304344
46 29 0.290621
46 14 0.307193
46 31 0.291699
46 3 0.324675
46 6 0.324043
46 10 0.328159
46 5 0.348619
46 1 0.351852
46 2 0.351576
46 12 0.344115
46 32 0.334571
46 28 0.339023
46 7 0.391633
46 20 0.381352
46 30 0.371414
46 4 0.395007
46 44 0.368543
46 33 0.384495
46 40 0.378726
46 21 0.418686
46 15 0.425767
46 38 0.418506
46 16 0.453035
46 17 0.455047
46 47 0.430497
46 50 0.431359
46 41 0.441741
46 26 0.460415
46 36 0.453899
46 34 0.464180
46 49 0.451106
46 42 0.461053
46 45 0.458076
46 18 0.485865
46 27 0.478308
46 37 0.470307
46 46 0.461405
46 19 0.492215
46 39 0.479023
46 24 0.494884
46 35 0.487179
46 48 0.476674
46 23 0.508514
46 22 0.510935
46 25 0.517211
46 43 0.504647
47 8 0.202535
47 9 0.206725
47 4 0.273967
47 12 0.273182
47 5 0.279721
47 1 0.284271
47 0 0.287926
47 28 0.262319
47 3 0.308968
47 29 0.284209
47 30 0.283241
47 11 0.304253
47 7 0.318732
47 33 0.293020
47 13 0.314600
47 2 0.323123
47 10 0.317281
47 32 0.304347
47 14 0.325622
47 44 0.326930
47 31 0.342858
47 49 0.326579
47 39 0.337634
47 15 0.381861
47 23 0.373969
47 26 0.374941
47 16 0.385901
47 6 0.395071
47 27 0.377592
47 25 0.384902
47 24 0.390882
47 20 0.405874
47 19 0.410682
47 45 0.381836
47 48 0.379318
47 41 0.389212
47 17 0.421291
47 34 0.414794
47 22 0.427881
47 43 0.409807
47 21 0.440286
47 36 0.427677
47 40 0.426026
47 46 0.430555
47 35 0.443334
47 42 0.436177
47 47 0.432028
47 18 0.465142
47 37 0.446809
47 38 0.459437
47 50 0.451422
48 4 0.245347
48 0 0.277580
48 3 0.305759
48 9 0.303815
48 13 0.306617
48 29 0.302130
48 10 0.320828
48 44 0.297080
48 2 0.344329
48 14 0.335721
48 6 0.343927
48 5 0.368015
48 1 0.374054
48 28 0.353200
48 33 0.357179
48 30 0.365060
48 8 0.387399
48 32 0.365721
48 20 0.378972
48 12 0.394745
48 11 0.408492
48 18 0.403721
48 31 0.393778
48 17 0.425810
48 26 0.425723
48 16 0.444437
48 15 0.447205
48 23 0.449342
48 7 0.467724
48 24 0.457650
48 43 0.439230
48 19 0.470874
48 21 0.471222
48 45 0.456449
48 36 0.471839
48 40 0.469403
48 42 0.468766
48 22 0.498831
48 34 0.485753
48 25 0.496414
48 27 0.502162
48 50 0.480847
48 38 0.494392
48 35 0.505735
48 39 0.508157
48 47 0.502714
48 48 0.505110
48 46 0.514199
48 41 0.556383
48 37 0.562686
48 49 0.553888
49 8 0.196728
49 12 0.217179
49 11 0.218165
49 1 0.262891
49 2 0.281907
49 5 0.283459
49 10 0.288419
49 14 0.281545
49 0 0.321723
49 4 0.322250
49 9 0.302528
49 13 0.295109
49 3 0.331624
49 6 0.379681
49 7 0.383510
49 15 0.373693
49 18 0.433695
49 16 0.438160
49 30 0.369966
49 33 0.336559
49 17 0.471894
49 28 0.404834
49 19 0.483001
49 20 0.493976
49 22 0.509564
49 24 0.493857
49 25 0.497697
49 44 0.267755
49 31 0.451738
49 29 0.478054
49 23 0.535452
49 26 0.530858
49 32 0.466996
49 21 0.622818
49 43 0.406452
49 34 0.516774
49 45 0.388081
49 39 0.453240
49 40 0.455411
49 38 0.458453
49 42 0.440675
49 36 0.502510
49 27 0.627887
49 50 0.373951
49 37 0.485493
49 46 0.414736
49 48 0.419441
49 49 0.421784
49 47 0.430382
49 35 0.546788
49 41 0.506555
50 31 0.282333
50 13 0.302016
50 8 0.308497
50 14 0.309463
50 1 0.322106
50 9 0.317277
50 10 0.316506
50 4 0.322574
50 11 0.336197
50 2 0.344672
50 3 0.346313
50 5 0.345431
50 12 0.358690
50 0 0.367925
50 28 0.347900
50 32 0.393282
50 30 0.395300
50 44 0.383096
50 29 0.396577
50 33 0.393373
50 7 0.444581
50 41 0.414391
50 15 0.438944
50 21 0.435913
50 22 0.434279
50 23 0.435879
50 6 0.458504
50 18 0.453773
50 17 0.467044
50 25 0.464672
50 45 0.458671
50 49 0.472919
50 36 0.490799
50 16 0.513567
50 35 0.500629
50 27 0.516018
50 46 0.499057
50 19 0.526932
50 37 0.516881
50 24 0.533485
50 48 0.516440
50 26 0.540483
50 47 0.521324
50 34 0.536038
50 38 0.533804
50 43 0.529234
50 40 0.532938
50 39 0.534176
50 50 0.530241
50 20 0.565128
50 42 0.549692
51 8 0.185345
51 9 0.197527
51 10 0.223033
51 11 0.235453
51 13 0.237802
51 12 0.244203
51 5 0.283016
51 1 0.339152
51 7 0.345470
51 3 0.354584
51 4 0.375919
51 0 0.387001
51 14 0.355749
51 2 0.403709
51 6 0.430623
51 15 0.465637
51 28 0.406026
51 30 0.387839
51 16 0.496869
51 18 0.512806
51 32 0.383755
51 44 0.274711
51 17 0.527500
51 19 0.534091
51 29 0.464597
51 21 0.569386
51 33 0.448430
51 20 0.575624
51 31 0.468943
51 25 0.553277
51 26 0.559670
51 22 0.586043
51 24 0.590995
51 23 0.599855
51 36 0.475334
51 37 0.493990
51 27 0.636912
51 40 0.504893
51 39 0.521377
51 45 0.466506
51 43 0.499056
51 35 0.557225
51 34 0.561143
51 48 0.446810
51 46 0.469188
51 38 0.552098
51 47 0.481336
51 50 0.459951
51 42 0.586760
51 41 0.602064
51 49 0.529145
52 9 0.188479
52 13 0.174904
52 11 0.187380
52 8 0.209930
52 4 0.219354
52 6 0.224364
52 0 0.240773
52 10 0.226993
52 7 0.239437
52 3 0.251156
52 14 0.210138
52 12 0.237013
52 1 0.316700
52 2 0.363617
52 5 0.372693
52 17 0.345100
52 15 0.371492
52 28 0.216724
52 29 0.300209
52 24 0.321721
52 27 0.307951
52 32 0.285522
52 16 0.456234
52 18 0.451575
52 23 0.330901
52 22 0.339288
52 30 0.317694
52 31 0.317953
52 21 0.438549
52 20 0.472713
52 19 0.482023
52 25 0.381844
52 26 0.381896
52 44 0.328806
52 33 0.370743
52 34 0.390447
52 36 0.383000
52 42 0.422582
52 47 0.399423
52 45 0.418085
52 39 0.441029
52 41 0.443088
52 35 0.462877
52 37 0.461125
52 38 0.455894
52 40 0.454054
52 46 0.431732
52 43 0.464150
52 49 0.425171
52 50 0.403174
52 48 0.491652
53 8 0.200571
53 10 0.278551
53 14 0.289898
53 11 0.323876
53 3 0.330827
53 13 0.327428
53 12 0.329116
53 32 0.312089
53 4 0.338018
53 0 0.341747
53 9 0.345516
53 1 0.353624
53 2 0.388887
53 28 0.369251
53 30 0.374153
53 29 0.385336
53 33 0.389818
53 44 0.393094
53 7 0.456453
53 17 0.455314
53 31 0.448830
53 26 0.460761
53 20 0.470272
53 19 0.474526
53 24 0.475289
53 16 0.493195
53 25 0.488655
53 6 0.506444
53 42 0.478841
53 21 0.503401
53 18 0.509259
53 23 0.510920
53 50 0.485033
53 40 0.514242
53 15 0.538554
53 22 0.541854
53 41 0.523753
53 27 0.543894
53 36 0.539939
53 5 0.570355
53 45 0.537736
53 46 0.535269
53 48 0.538671
53 43 0.551205
53 34 0.565514
53 35 0.566459
53 39 0.573033
53 49 0.561218
53 38 0.575146
53 47 0.567965
53 37 0.581469
54 10 0.299916
54 8 0.328717
54 13 0.331033
54 14 0.333264
54 33 0.331489
54 1 0.369058
54 0 0.371435
54 9 0.382324
54 32 0.367648
54 30 0.395694
54 15 0.436717
54 39 0.412532
54 7 0.463561
54 31 0.442511
54 37 0.435460
54 17 0.471567
54 11 0.477330
54 29 0.463247
54 44 0.447840
54 2 0.492399
54 12 0.485516
54 3 0.508002
54 21 0.492888
54 45 0.482250
54 42 0.495565
54 43 0.507388
54 36 0.521388
54 27 0.542017
54 46 0.522232
54 28 0.546759
54 48 0.527669
54 38 0.543247
54 16 0.568906
54 50 0.539969
54 19 0.573794
54 20 0.582103
54 25 0.588426
54 35 0.583035
54 23 0.598695
54 22 0.608702
54 5 0.624274
54 47 0.588182
54 40 0.597579
54 34 0.620167
54 4 0.650964
54 49 0.607644
54 18 0.645627
54 24 0.646942
54 6 0.670983
54 26 0.660289
54 41 0.666004
55 8 0.207151
55 14 0.208399
55 13 0.233790
55 11 0.247363
55 12 0.251199
55 9 0.299850
55 2 0.325184
55 5 0.343046
55 10 0.329783
55 4 0.381341
55 0 0.406138
55 1 0.406003
55 16 0.322742
55 7 0.407555
55 15 0.435656
55 6 0.528021
55 17 0.401585
55 28 0.243886
55 3 0.563123
55 22 0.447467
55 38 0.266544
55 20 0.462401
55 18 0.496512
55 29 0.344635
55 21 0.477451
55 32 0.324457
55 30 0.350362
55 24 0.431966
55 33 0.327181
55 27 0.373630
55 26 0.385451
55 25 0.415848
55 23 0.474812
55 40 0.352975
55 31 0.408302
55 44 0.331904
55 19 0.581759
55 36 0.405058
55 37 0.439405
55 43 0.404232
55 47 0.395503
55 35 0.477700
55 45 0.418440
55 42 0.430513
55 46 0.425691
55 34 0.496554
55 41 0.492348
55 49 0.450628
55 39 0.511964
55 50 0.451862
55 48 0.475989
56 11 0.268808
56 20 0.281545
56 5 0.299128
56 29 0.278247
56 8 0.321661
56 2 0.332934
56 13 0.334576
56 3 0.346983
56 31 0.322177
56 9 0.343920
56 33 0.322459
56 24 0.333100
56 10 0.346402
56 0 0.358299
56 26 0.337155
56 1 0.361309
56 14 0.354392
56 44 0.352739
56 32 0.365385
56 25 0.373382
56 4 0.420851
56 15 0.418838
56 30 0.410791
56 28 0.416587
56 17 0.430601
56 23 0.431075
56 21 0.437485
56 12 0.453019
56 42 0.426187
56 34 0.438432
56 16 0.466776
56 19 0.464874
56 27 0.458638
56 49 0.441653
56 41 0.455729
56 7 0.492826
56 22 0.488322
56 37 0.479061
56 47 0.482411
56 48 0.489472
56 6 0.548519
56 46 0.512294
56 38 0.522126
56 50 0.512883
56 35 0.531215
56 43 0.528228
56 40 0.534078
56 18 0.564656
56 39 0.545021
56 45 0.552102
56 36 0.578383
57 3 0.297440
57 13 0.335481
57 9 0.338931
57 29 0.356347
57 30 0.357416
57 10 0.384641
57 12 0.384221
57 28 0.370182
57 5 0.405790
57 44 0.368853
57 31 0.384361
57 2 0.432401
57 8 0.428577
57 0 0.434673
57 14 0.440059
57 32 0.472839
57 6 0.500496
57 34 0.494639
57 18 0.516483
57 4 0.528191
57 40 0.494807
57 11 0.527980
57 7 0.531802
57 15 0.530699
57 33 0.530481
57 1 0.577835
57 16 0.571802
57 39 0.568237
57 43 0.580730
57 19 0.616032
57 17 0.623339
57 27 0.616435
57 22 0.636038
57 26 0.636847
57 48 0.616884
57 23 0.647790
57 38 0.639962
57 50 0.632490
57 25 0.659763
57 24 0.673853
57 45 0.665554
57 36 0.678961
57 41 0.683088
57 42 0.689447
57 20 0.727284
57 47 0.706378
57 46 0.721652
57 35 0.740242
57 37 0.751998
57 49 0.745386
57 21 0.781286
58 8 0.234676
58 9 0.236474
58 11 0.283832
58 10 0.291359
58 14 0.287971
58 12 0.302677
58 3 0.329385
58 2 0.381111
58 1 0.443777
58 5 0.432910
58 0 0.455551
58 4 0.466773
58 30 0.442901
58 7 0.517526
58 13 0.524126
58 28 0.513048
58 16 0.559087
58 31 0.510421
58 17 0.569517
58 29 0.528454
58 33 0.519419
58 18 0.617620
58 19 0.666066
58 44 0.594103
58 32 0.626219
58 36 0.639312
58 43 0.629592
58 37 0.647665
58 42 0.661928
58 6 0.784248
58 35 0.691474
58 25 0.747198
58 20 0.765881
58 39 0.707241
58 15 0.789070
58 45 0.706663
58 48 0.707397
58 23 0.791051
58 47 0.724406
58 21 0.799692
58 49 0.723119
58 41 0.754672
58 46 0.749966
58 40 0.766141
58 27 0.808757
58 26 0.826340
58 34 0.800111
58 22 0.854723
58 24 0.853188
58 50 0.779700
58 38 0.818911
59 10 0.272163
59 12 0.278473
59 11 0.281456
59 13 0.280265
59 9 0.288479
59 8 0.297038
59 1 0.369820
59 4 0.367950
59 0 0.466962
59 44 0.363678
59 30 0.419544
59 16 0.441486
59 33 0.417662
59 2 0.475811
59 3 0.475961
59 14 0.459323
59 7 0.474524
59 28 0.438056
59 18 0.470295
59 6 0.501251
59 5 0.502093
59 32 0.471442
59 29 0.560026
59 43 0.528446
59 34 0.612407
59 40 0.609635
59 41 0.607998
59 19 0.663859
59 22 0.663042
59 15 0.687426
59 31 0.666127
59 17 0.695678
59 36 0.674525
59 26 0.696748
59 39 0.708590
59 42 0.685606
59 48 0.663570
59 24 0.741700
59 25 0.739054
59 50 0.665636
59 46 0.675267
59 35 0.749328
59 21 0.777260
59 20 0.785431
59 38 0.760192
59 37 0.761918
59 47 0.728281
59 49 0.728622
59 27 0.805387
59 45 0.745291
59 23 0.825935
60 8 0.231683
60 9 0.309818
60 11 0.304923
60 10 0.362915
60 3 0.390502
60 5 0.437608
60 12 0.418156
60 13 0.413363
60 1 0.465945
60 0 0.472965
60 14 0.438579
60 2 0.520250
60 6 0.526885
60 4 0.539376
60 7 0.578033
60 28 0.343626
60 31 0.262855
60 20 0.579770
60 32 0.300344
60 23 0.565033
60 16 0.664171
60 18 0.658320
60 30 0.398385
60 24 0.644331
60 44 0.268030
60 17 0.752792
60 33 0.388939
60 15 0.787358
60 22 0.739639
60 21 0.769184
60 29 0.517087
60 26 0.626528
60 36 0.424401
60 19 0.797232
60 39 0.416144
60 45 0.374317
60 27 0.703347
60 35 0.502914
60 48 0.414836
60 25 0.812064
60 34 0.551935
60 40 0.519788
60 42 0.539621
60 46 0.509431
60 47 0.522525
60 43 0.552003
60 38 0.595007
60 50 0.545109
60 37 0.621590
60 41 0.626593
60 49 0.573825
61 9 0.268266
61 8 0.292580
61 3 0.385670
61 12 0.297493
61 4 0.363027
61 0 0.420792
61 10 0.309140
61 11 0.309108
61 5 0.380723
61 2 0.440069
61 13 0.322412
61 1 0.484873
61 6 0.443237
61 7 0.451853
61 14 0.377989
61 28 0.272770
61 44 0.254550
61 29 0.333487
61 18 0.420221
61 30 0.381240
61 32 0.381562
61 15 0.559805
61 19 0.448371
61 17 0.544928
61 16 0.570215
61 31 0.423038
61 33 0.439620
61 21 0.493667
61 23 0.493249
61 24 0.496349
61 20 0.522926
61 22 0.526141
61 36 0.549469
61 39 0.570940
61 27 0.596844
61 45 0.569103
61 38 0.598795
61 47 0.584758
61 35 0.620516
61 40 0.615836
61 25 0.669696
61 43 0.637433
61 26 0.677071
61 41 0.648010
61 37 0.665711
61 48 0.639820
61 34 0.683164
61 46 0.664511
61 50 0.665891
61 42 0.699551
61 49 0.679442
62 1 0.214068
62 0 0.246640
62 5 0.209171
62 3 0.255236
62 8 0.238528
62 10 0.255538
62 2 0.357374
62 9 0.291420
62 12 0.398735
62 14 0.398044
62 6 0.440387
62 4 0.460858
62 7 0.420151
62 15 0.438858
62 11 0.469496
62 30 0.435748
62 16 0.469803
62 28 0.470271
62 20 0.483693
62 40 0.477985
62 21 0.530796
62 44 0.470698
62 18 0.541605
62 32 0.518230
62 13 0.571256
62 29 0.585966
62 19 0.607733
62 17 0.616115
62 36 0.579398
62 31 0.607992
62 24 0.627324
62 33 0.609270
62 46 0.566367
62 45 0.621523
62 26 0.689889
62 22 0.718578
62 38 0.688824
62 34 0.707630
62 25 0.730187
62 43 0.678614
62 27 0.735818
62 42 0.693898
62 39 0.724952
62 35 0.759958
62 41 0.734097
62 47 0.728479
62 50 0.711031
62 49 0.720862
62 48 0.742490
62 37 0.802321
62 23 0.836221
63 8 0.368149
63 9 0.404994
63 29 0.390332
63 4 0.414198
63 3 0.415322
63 2 0.417688
63 33 0.403090
63 13 0.424061
63 1 0.437296
63 32 0.409515
63 7 0.440358
63 43 0.412414
63 28 0.429939
63 31 0.431720
63 11 0.481035
63 5 0.522034
63 44 0.499038
63 14 0.530934
63 10 0.567360
63 24 0.556821
63 25 0.561787
63 30 0.561609
63 27 0.565699
63 0 0.600927
63 12 0.601686
63 16 0.600859
63 21 0.605841
63 15 0.620465
63 6 0.633866
63 19 0.626878
63 41 0.608080
63 22 0.633248
63 35 0.624108
63 17 0.646966
63 45 0.646078
63 34 0.660452
63 26 0.682501
63 18 0.696103
63 23 0.693120
63 40 0.691357
63 36 0.697349
63 37 0.697284
63 48 0.690442
63 47 0.694165
63 42 0.699006
63 20 0.726300
63 39 0.721224
63 50 0.722458
63 49 0.730249
63 46 0.750233
63 38 0.762592
64 9 0.296793
64 8 0.301937
64 12 0.287100
64 13 0.287181
64 10 0.313756
64 3 0.338683
64 11 0.333701
64 14 0.328021
64 1 0.370409
64 0 0.440301
64 4 0.443837
64 5 0.441366
64 28 0.516531
64 2 0.626390
64 15 0.591000
64 6 0.640405
64 7 0.642444
64 32 0.540479
64 29 0.557308
64 30 0.559626
64 16 0.642698
64 31 0.559409
64 19 0.706335
64 22 0.698708
64 17 0.716916
64 33 0.635525
64 26 0.685785
64 18 0.723596
64 24 0.712683
64 44 0.572265
64 25 0.715260
64 27 0.717328
64 36 0.725099
64 21 0.820460
64 20 0.846488
64 40 0.766949
64 34 0.784603
64 35 0.803255
64 38 0.803215
64 49 0.636199
64 41 0.811758
64 23 0.911814
64 47 0.661721
64 42 0.828497
64 45 0.720576
64 48 0.671139
64 46 0.676227
64 43 0.834242
64 50 0.658732
64 39 0.880783
64 37 0.980233
65 8 0.227727
65 9 0.251465
65 3 0.279586
65 5 0.301384
65 12 0.259501
65 1 0.341319
65 11 0.283975
65 10 0.358299
65 7 0.386599
65 13 0.320788
65 2 0.413340
65 14 0.326059
65 0 0.455633
65 6 0.468565
65 4 0.500176
65 22 0.265145
65 15 0.478874
65 16 0.460523
65 23 0.312183
65 27 0.300316
65 29 0.313606
65 18 0.502205
65 30 0.337694
65 32 0.335645
65 33 0.334967
65 17 0.536610
65 19 0.526072
65 25 0.415567
65 34 0.371201
65 26 0.418666
65 44 0.296720
65 35 0.382936
65 20 0.506081
65 28 0.433607
65 31 0.416972
65 21 0.536862
65 42 0.385147
65 24 0.518120
65 47 0.369084
65 50 0.369432
65 43 0.418334
65 39 0.446001
65 36 0.483736
65 38 0.483588
65 48 0.426164
65 37 0.523094
65 45 0.451532
65 49 0.452400
65 40 0.494306
65 46 0.489142
65 41 0.556969
66 8 0.212891
66 0 0.286916
66 9 0.295351
66 14 0.305324
66 4 0.336537
66 11 0.317086
66 10 0.337317
66 13 0.345197
66 1 0.389348
66 7 0.411035
66 15 0.399656
66 12 0.427920
66 18 0.423125
66 2 0.494204
66 20 0.435348
66 5 0.519095
66 6 0.533332
66 3 0.552722
66 19 0.485077
66 30 0.275243
66 16 0.547585
66 21 0.501801
66 28 0.366934
66 31 0.336722
66 22 0.569235
66 24 0.566719
66 44 0.252597
66 26 0.539163
66 29 0.411908
66 17 0.644343
66 23 0.626599
66 32 0.444414
66 33 0.460490
66 41 0.383054
66 25 0.700047
66 43 0.389874
66 45 0.412170
66 35 0.509429
66 39 0.457812
66 27 0.633921
66 36 0.479452
66 37 0.482787
66 46 0.437752
66 42 0.469665
66 49 0.442048
66 40 0.510933
66 48 0.538268
66 50 0.536240
66 38 0.598458
66 47 0.548706
66 34 0.669840
67 8 0.262417
67 11 0.271062
67 10 0.282830
67 9 0.307526
67 3 0.381033
67 12 0.368345
67 13 0.379417
67 14 0.397908
67 5 0.449185
67 1 0.480573
67 0 0.498360
67 7 0.499729
67 2 0.519204
67 6 0.564497
67 31 0.557401
67 32 0.580628
67 15 0.624416
67 19 0.638440
67 33 0.613155
67 29 0.647675
67 30 0.688626
67 41 0.676399
67 4 0.750752
67 28 0.709500
67 17 0.735479
67 39 0.693878
67 40 0.709988
67 49 0.700735
67 21 0.771960
67 44 0.731068
67 36 0.777157
67 35 0.794303
67 47 0.772619
67 45 0.776063
67 27 0.834752
67 37 0.822400
67 23 0.849185
67 22 0.867450
67 16 0.898558
67 18 0.906491
67 25 0.900455
67 43 0.871923
67 38 0.906992
67 48 0.918077
67 20 0.979003
67 34 0.971771
67 24 1.008573
67 26 1.015159
67 50 0.971377
67 42 0.995448
67 46 0.983955
68 14 0.389373
68 10 0.395424
68 6 0.425316
68 12 0.418943
68 32 0.404935
68 44 0.390206
68 2 0.459478
68 8 0.465772
68 28 0.441022
68 31 0.435210
68 1 0.521791
68 3 0.534629
68 30 0.507130
68 35 0.500624
68 11 0.536040
68 46 0.512349
68 0 0.573008
68 7 0.565677
68 26 0.569706
68 34 0.576864
68 4 0.620432
68 24 0.601209
68 21 0.610257
68 50 0.580546
68 36 0.618087
68 42 0.609584
68 25 0.644605
68 20 0.663540
68 29 0.651664
68 33 0.661661
68 13 0.698750
68 9 0.705564
68 5 0.723233
68 47 0.670448
68 22 0.712044
68 27 0.711482
68 48 0.688611
68 40 0.703774
68 38 0.710255
68 19 0.738985
68 23 0.748889
68 18 0.765617
68 15 0.785769
68 37 0.760472
68 16 0.801015
68 41 0.777673
68 17 0.849587
68 45 0.832609
68 39 0.846648
68 49 0.867056
68 43 0.902025
69 8 0.298215
69 4 0.341046
69 7 0.339088
69 11 0.336528
69 9 0.340744
69 13 0.376913
69 10 0.407397
69 14 0.411335
69 17 0.415863
69 1 0.471948
69 30 0.421874
69 3 0.472239
69 29 0.465455
69 33 0.499082
69 31 0.510700
69 6 0.573655
69 41 0.518813
69 2 0.600748
69 44 0.529397
69 39 0.537270
69 5 0.605503
69 28 0.610397
69 12 0.653342
69 40 0.594048
69 26 0.637992
69 47 0.607155
69 45 0.634285
69 0 0.715527
69 24 0.692383
69 49 0.655793
69 32 0.695247
69 48 0.676272
69 21 0.734668
69 35 0.701131
69 15 0.752570
69 18 0.756314
69 27 0.747774
69 19 0.770018
69 37 0.737333
69 23 0.787861
69 22 0.798372
69 46 0.758522
69 25 0.798177
69 38 0.775458
69 43 0.775486
69 36 0.792948
69 20 0.844387
69 42 0.827514
69 34 0.854383
69 50 0.840735
69 16 0.908736
70 9 0.370564
70 4 0.435483
70 3 0.463480
70 2 0.503179
70 12 0.440414
70 10 0.468734
70 0 0.524637
70 6 0.520506
70 13 0.467930
70 8 0.524038
70 11 0.501674
70 5 0.557449
70 1 0.579532
70 14 0.523593
70 7 0.570480
70 15 0.584355
70 28 0.249119
70 29 0.253607
70 16 0.672541
70 19 0.685019
70 21 0.701059
70 18 0.767704
70 44 0.305825
70 31 0.376957
70 20 0.770283
70 32 0.393420
70 30 0.439122
70 24 0.656139
70 22 0.801515
70 33 0.444805
70 23 0.803590
70 36 0.450140
70 17 0.906443
70 40 0.474193
70 26 0.619014
70 25 0.641419
70 45 0.477467
70 35 0.548495
70 27 0.647577
70 42 0.539271
70 38 0.564369
70 47 0.542131
70 39 0.578243
70 41 0.576815
70 50 0.543820
70 43 0.601669
70 37 0.626362
70 34 0.649249
70 46 0.632866
70 49 0.629402
70 48 0.638994
71 8 0.357194
71 9 0.275849
71 11 0.301912
71 12 0.316213
71 13 0.315226
71 14 0.317383
71 10 0.368853
71 3 0.533002
71 1 0.559728
71 2 0.560018
71 0 0.605312
71 15 0.497848
71 5 0.650178
71 7 0.684352
71 6 0.692106
71 4 0.716620
71 30 0.531711
71 29 0.547665
71 33 0.558343
71 31 0.596258
71 20 0.645694
71 17 0.652643
71 32 0.633512
71 47 0.521724
71 18 0.709756
71 19 0.714782
71 23 0.709596
71 28 0.713214
71 25 0.746838
71 44 0.669780
71 21 0.767876
71 16 0.777120
71 38 0.732423
71 39 0.735497
71 37 0.759416
71 43 0.773240
71 27 0.839109
71 35 0.801170
71 45 0.750515
71 22 0.879222
71 42 0.823792
71 40 0.837280
71 50 0.691390
71 46 0.758147
71 34 0.870718
71 26 0.925358
71 41 0.875440
71 48 0.782352
71 24 0.954401
71 36 0.921517
71 49 0.825243
72 0 0.319966
72 3 0.377522
72 5 0.375790
72 10 0.366504
72 44 0.389840
72 8 0.441282
72 2 0.450337
72 14 0.428532
72 12 0.421836
72 4 0.488878
72 7 0.507595
72 30 0.471331
72 6 0.514717
72 48 0.462007
72 33 0.528697
72 35 0.527566
72 25 0.542312
72 20 0.549637
72 28 0.540852
72 9 0.595577
72 26 0.599027
72 1 0.641467
72 18 0.624829
72 11 0.637727
72 17 0.679302
72 29 0.681718
72 32 0.680499
72 13 0.715752
72 38 0.679810
72 23 0.702238
72 15 0.713659
72 40 0.684516
72 22 0.709764
72 42 0.689392
72 36 0.696847
72 16 0.725495
72 46 0.691165
72 27 0.716475
72 31 0.720410
72 50 0.707574
72 21 0.758515
72 24 0.778362
72 47 0.750122
72 34 0.780309
72 43 0.775128
72 45 0.802205
72 39 0.830503
72 49 0.834625
72 41 0.848569
72 19 0.884849
72 37 0.899245
73 9 0.296197
73 11 0.304178
73 8 0.402856
73 12 0.433956
73 10 0.469303
73 13 0.483894
73 2 0.558825
73 0 0.562024
73 1 0.566045
73 5 0.575526
73 14 0.579530
73 7 0.657938
73 29 0.395445
73 28 0.468333
73 3 0.691332
73 31 0.393030
73 21 0.673909
73 25 0.661283
73 33 0.290631
73 4 0.786249
73 6 0.811831
73 30 0.518887
73 20 0.758214
73 16 0.815928
73 44 0.306933
73 32 0.580252
73 17 0.850505
73 23 0.833088
73 26 0.768806
73 15 0.899915
73 27 0.778210
73 42 0.450830
73 18 0.919399
73 50 0.418912
73 37 0.591136
73 35 0.598528
73 36 0.601248
73 45 0.514490
73 22 0.994285
73 24 0.994643
73 43 0.559297
73 19 1.037800
73 39 0.586080
73 48 0.547855
73 41 0.613192
73 46 0.607979
73 40 0.644344
73 49 0.603442
73 34 0.750505
73 38 0.731312
73 47 0.681219
74 10 0.366471
74 12 0.376500
74 14 0.417050
74 8 0.485879
74 2 0.502690
74 1 0.544277
74 28 0.522143
74 11 0.556769
74 0 0.574100
74 32 0.532458
74 30 0.576432
74 9 0.604338
74 44 0.556891
74 34 0.589372
74 6 0.662068
74 4 0.698880
74 33 0.658848
74 18 0.691808
74 20 0.706878
74 31 0.688711
74 13 0.720178
74 46 0.674287
74 42 0.679568
74 29 0.718931
74 43 0.702090
74 16 0.760872
74 37 0.735161
74 22 0.778607
74 40 0.761711
74 39 0.768838
74 38 0.770769
74 36 0.773662
74 3 0.835271
74 26 0.816367
74 48 0.793269
74 15 0.847208
74 27 0.838335
74 17 0.865591
74 19 0.869715
74 7 0.891229
74 24 0.881026
74 5 0.912271
74 23 0.892691
74 47 0.858637
74 21 0.925766
74 35 0.920195
74 45 0.910500
74 25 0.940841
74 50 0.909557
74 41 0.939611
74 49 1.042315
75 10 0.265550
75 9 0.277889
75 12 0.212021
75 8 0.313576
75 11 0.364337
75 13 0.278400
75 5 0.460522
75 14 0.351247
75 1 0.587045
75 3 0.601391
75 0 0.713281
75 2 0.683541
75 6 0.780435
75 7 0.783702
75 28 0.452754
75 31 0.436487
75 32 0.451830
75 4 0.840971
75 18 0.654950
75 33 0.523082
75 29 0.541757
75 15 0.746122
75 17 0.695059
75 16 0.752678
75 44 0.486380
75 30 0.592233
75 23 0.682094
75 21 0.709320
75 22 0.740265
75 20 0.774480
75 19 0.810891
75 27 0.755291
75 25 0.801184
75 24 0.812247
75 26 0.811269
75 41 0.756171
75 37 0.783539
75 49 0.683637
75 34 0.830898
75 45 0.748312
75 46 0.755627
75 40 0.823520
75 36 0.839567
75 39 0.843487
75 35 0.872126
75 50 0.748149
75 43 0.849356
75 48 0.776631
75 42 0.867623
75 38 0.926666
75 47 0.869546
76 28 0.305018
76 8 0.437428
76 12 0.480939
76 32 0.477947
76 10 0.529489
76 29 0.560469
76 30 0.612542
76 6 0.660830
76 7 0.669587
76 9 0.668623
76 0 0.676167
76 14 0.693421
76 2 0.704976
76 33 0.709361
76 44 0.743122
76 18 0.794317
76 22 0.800702
76 31 0.827545
76 16 0.846138
76 4 0.868751
76 11 0.869242
76 47 0.826139
76 13 0.889572
76 26 0.909304
76 27 0.926580
76 40 0.916878
76 3 0.976980
76 19 0.995097
76 20 0.994570
76 37 0.974843
76 45 0.970525
76 5 1.031426
76 21 1.028161
76 38 1.012023
76 39 1.012437
76 1 1.086203
76 46 1.040606
76 49 1.048031
76 35 1.071083
76 15 1.100787
76 41 1.086085
76 42 1.103255
76 43 1.108062
76 48 1.110405
76 24 1.155560
76 34 1.144484
76 17 1.168422
76 36 1.147747
76 25 1.162270
76 50 1.149458
76 23 1.244572
77 11 0.302212
77 10 0.307075
77 8 0.364467
77 12 0.350860
77 13 0.365544
77 14 0.385580
77 9 0.474133
77 3 0.646291
77 5 0.651610
77 15 0.738132
77 17 0.710394
77 29 0.406761
77 32 0.393408
77 1 0.796100
77 0 0.798302
77 33 0.450838
77 2 0.861800
77 4 0.902798
77 19 0.814516
77 31 0.540490
77 7 0.937849
77 23 0.707061
77 28 0.635424
77 6 0.999514
77 18 0.928663
77 37 0.597052
77 21 0.780989
77 44 0.555373
77 30 0.662378
77 27 0.722107
77 35 0.663869
77 25 0.771520
77 16 1.062775
77 24 0.823386
77 45 0.683211
77 40 0.743378
77 22 0.928182
77 20 1.038320
77 41 0.751518
77 46 0.694300
77 26 0.860208
77 36 0.784387
77 38 0.781358
77 39 0.819931
77 42 0.813674
77 43 0.822550
77 47 0.711263
77 50 0.639990
77 49 0.682377
77 34 0.963683
77 48 0.768602
78 44 0.296855
78 31 0.338892
78 10 0.401916
78 14 0.421855
78 12 0.452332
78 3 0.459719
78 1 0.462146
78 9 0.458615
78 28 0.457443
78 13 0.475984
78 0 0.490153
78 22 0.503610
78 20 0.540249
78 8 0.575347
78 27 0.572509
78 34 0.564212
78 29 0.614503
78 24 0.620866
78 30 0.614474
78 25 0.645697
78 6 0.663105
78 5 0.672774
78 2 0.675730
78 11 0.670208
78 33 0.647523
78 32 0.675307
78 4 0.718942
78 37 0.715079
78 18 0.802001
78 48 0.809984
78 36 0.869168
78 43 0.865530
78 40 0.877659
78 47 0.890192
78 16 0.931779
78 26 0.923049
78 21 0.938960
78 19 0.953236
78 17 0.961801
78 39 0.942205
78 45 0.951253
78 46 0.950426
78 49 0.969660
78 23 1.011173
78 50 1.000941
78 15 1.071305
78 35 1.061545
78 38 1.064460
78 42 1.064850
78 41 1.074165
78 7 1.121060
79 8 0.379243
79 9 0.432148
79 14 0.437054
79 12 0.443291
79 10 0.543579
79 30 0.521835
79 31 0.550874
79 6 0.586158
79 29 0.595428
79 1 0.641678
79 28 0.642236
79 44 0.634427
79 0 0.698773
79 32 0.713904
79 5 0.768484
79 33 0.737720
79 3 0.771783
79 11 0.766989
79 2 0.789291
79 49 0.745740
79 41 0.763539
79 24 0.783147
79 13 0.795921
79 15 0.797948
79 38 0.790180
79 36 0.800156
79 27 0.821871
79 4 0.855932
79 18 0.851913
79 19 0.867708
79 17 0.873774
79 22 0.878214
79 40 0.862972
79 20 0.902122
79 45 0.888586
79 34 0.919773
79 35 0.962702
79 7 0.994530
79 48 0.953804
79 42 0.962964
79 21 0.995031
79 46 0.980979
79 16 1.016665
79 23 1.013312
79 37 1.008567
79 47 1.005313
79 26 1.029965
79 50 1.025575
79 39 1.059103
79 25 1.100972
79 43 1.087580
80 10 0.378069
80 9 0.542341
80 33 0.701069
80 1 0.765270
80 0 0.766179
80 4 0.780890
80 5 0.903386
80 28 0.879394
80 2 0.906082
80 8 0.930549
80 31 0.947070
80 16 0.968408
80 7 1.011501
80 30 0.985874
80 14 1.006662
80 38 0.978088
80 6 1.015897
80 12 1.010227
80 44 0.974545
80 46 0.973818
80 29 0.992646
80 13 1.118210
80 18 1.113575
80 32 1.097135
80 35 1.103054
80 11 1.140394
80 15 1.154688
80 3 1.194394
80 21 1.198732
80 23 1.226724
80 19 1.244546
80 43 1.231511
80 26 1.253192
80 22 1.284667
80 47 1.277817
80 48 1.307208
80 37 1.335267
80 25 1.374138
80 45 1.362236
80 34 1.403041
80 40 1.403230
80 17 1.439496
80 39 1.413197
80 41 1.426274
80 50 1.424627
80 42 1.448626
80 27 1.475577
80 20 1.491963
80 49 1.489062
80 36 1.514926
80 24 1.562005
81 13 0.338010
81 9 0.354007
81 11 0.353743
81 3 0.376126
81 10 0.375392
81 14 0.395511
81 8 0.450274
81 12 0.443557
81 1 0.569097
81 5 0.564050
81 0 0.580154
81 30 0.277452
81 7 0.724400
81 29 0.375385
81 2 0.858831
81 31 0.444575
81 4 0.890051
81 28 0.498894
81 19 0.781087
81 17 0.844433
81 33 0.461468
81 20 0.801328
81 15 0.897294
81 6 0.947303
81 32 0.566795
81 16 0.973557
81 23 0.716366
81 44 0.514350
81 27 0.718652
81 18 1.041702
81 35 0.665789
81 25 0.775490
81 21 1.027674
81 24 0.847331
81 22 0.982845
81 26 0.852116
81 47 0.602896
81 38 0.742076
81 37 0.774427
81 50 0.591763
81 34 0.845749
81 43 0.742801
81 36 0.831367
81 41 0.783102
81 42 0.781799
81 46 0.773379
81 45 0.791495
81 39 0.849974
81 40 0.858524
81 49 0.775335
81 48 0.865022
82 8 0.444905
82 9 0.495169
82 30 0.484276
82 44 0.507103
82 10 0.541332
82 33 0.520804
82 0 0.608763
82 28 0.630433
82 32 0.654734
82 29 0.666591
82 12 0.687321
82 21 0.714063
82 36 0.711340
82 11 0.754077
82 14 0.801138
82 2 0.837786
82 31 0.812505
82 27 0.817164
82 24 0.855860
82 18 0.863160
82 13 0.889931
82 45 0.856638
82 4 0.898233
82 6 0.897815
82 38 0.874136
82 22 0.901599
82 1 0.936119
82 25 0.939365
82 34 0.930603
82 3 0.977764
82 40 0.947724
82 5 0.986655
82 48 0.950318
82 46 1.029508
82 20 1.063766
82 43 1.046423
82 37 1.053704
82 7 1.094429
82 16 1.086739
82 23 1.091421
82 26 1.088613
82 50 1.067276
82 17 1.103426
82 47 1.076490
82 15 1.115707
82 49 1.084578
82 19 1.161274
82 42 1.217452
82 35 1.224655
82 39 1.220871
82 41 1.244774
83 9 0.361024
83 10 0.424631
83 8 0.438032
83 3 0.520673
83 5 0.531158
83 7 0.562985
83 1 0.569999
83 13 0.682822
83 32 0.662100
83 28 0.696947
83 39 0.701325
83 44 0.697518
83 31 0.736486
83 29 0.747329
83 34 0.741403
83 27 0.807134
83 11 0.841576
83 35 0.805632
83 21 0.829912
83 43 0.799766
83 41 0.823750
83 14 0.868022
83 17 0.883228
83 30 0.871353
83 23 0.906664
83 18 0.919328
83 19 0.919017
83 33 0.897953
83 6 0.957598
83 2 0.962542
83 22 0.932159
83 45 0.907426
83 12 0.957637
83 50 0.922703
83 0 1.007121
83 25 0.974852
83 48 0.952626
83 15 1.013342
83 20 1.014585
83 4 1.049137
83 49 0.994563
83 24 1.047419
83 16 1.095186
83 47 1.056610
83 37 1.101782
83 26 1.165925
83 40 1.161408
83 36 1.170792
83 42 1.178369
83 46 1.261050
83 38 1.297745
84 9 0.416434
84 44 0.481935
84 32 0.500234
84 14 0.548752
84 29 0.590285
84 30 0.600396
84 31 0.619124
84 8 0.725636
84 47 0.699963
84 10 0.757511
84 13 0.774286
84 12 0.775929
84 22 0.765734
84 11 0.779256
84 28 0.767382
84 4 0.797098
84 42 0.763583
84 2 0.830320
84 7 0.828261
84 34 0.805208
84 45 0.827114
84 33 0.855357
84 23 0.870757
84 20 0.891394
84 25 0.899562
84 18 0.911202
84 1 0.958055
84 6 0.958317
84 0 0.963191
84 5 0.969671
84 37 0.941490
84 24 0.960964
84 43 0.942778
84 48 0.942960
84 38 0.962368
84 41 0.967372
84 46 0.960159
84 16 1.008316
84 39 1.010275
84 50 1.002473
84 26 1.034389
84 3 1.064543
84 49 1.023657
84 36 1.043448
84 27 1.058589
84 17 1.070164
84 19 1.077167
84 21 1.116684
84 15 1.150242
84 35 1.151445
84 40 1.150584
85 11 0.419367
85 31 0.430826
85 9 0.453633
85 13 0.452269
85 3 0.460992
85 14 0.553772
85 5 0.584235
85 24 0.567601
85 1 0.606362
85 32 0.577935
85 30 0.593643
85 44 0.635305
85 29 0.651995
85 28 0.654032
85 22 0.708453
85 8 0.765322
85 23 0.779161
85 37 0.796418
85 19 0.818815
85 33 0.840221
85 7 0.887076
85 6 0.903619
85 45 0.871120
85 12 0.924238
85 10 0.946532
85 47 0.936291
85 39 0.955413
85 4 0.997840
85 48 0.959434
85 27 0.992467
85 21 1.013905
85 20 1.047494
85 15 1.062560
85 35 1.049421
85 40 1.052050
85 34 1.065873
85 18 1.101364
85 43 1.074212
85 2 1.137671
85 46 1.091662
85 36 1.110576
85 42 1.111747
85 49 1.117086
85 41 1.144726
85 38 1.182762
85 25 1.214715
85 26 1.221967
85 16 1.233331
85 0 1.246228
85 17 1.257418
85 50 1.234623
86 8 0.376208
86 11 0.607717
86 10 0.609320
86 9 0.619894
86 13 0.605575
86 12 0.608008
86 14 0.723147
86 0 0.772902
86 5 0.805633
86 32 0.756778
86 6 0.813062
86 2 0.833999
86 4 0.854489
86 1 0.902573
86 28 0.855437
86 30 0.853208
86 7 0.974484
86 44 0.914259
86 31 0.976993
86 20 1.054201
86 29 1.048014
86 3 1.120738
86 33 1.064173
86 15 1.101818
86 16 1.107881
86 46 1.045766
86 27 1.146836
86 36 1.187089
86 38 1.214952
86 37 1.222829
86 18 1.257456
86 25 1.247796
86 40 1.224427
86 34 1.256893
86 26 1.287180
86 22 1.316362
86 21 1.318062
86 24 1.327934
86 35 1.318106
86 45 1.278145
86 43 1.318444
86 48 1.279245
86 47 1.296419
86 19 1.460589
86 17 1.463501
86 39 1.427495
86 41 1.428086
86 23 1.505422
86 50 1.392614
86 49 1.430771
86 42 1.527194
87 9 0.292054
87 8 0.393856
87 10 0.374015
87 13 0.301627
87 12 0.372562
87 11 0.422757
87 14 0.440552
87 1 0.735348
87 3 0.777172
87 7 0.767757
87 6 0.808487
87 0 0.829201
87 2 0.823728
87 4 0.819248
87 32 0.341531
87 31 0.344617
87 28 0.377380
87 29 0.365519
87 15 0.695797
87 30 0.384067
87 33 0.420786
87 5 0.923625
87 19 0.806742
87 21 0.707098
87 22 0.697179
87 24 0.636805
87 26 0.631576
87 16 0.919883
87 44 0.324670
87 27 0.647950
87 18 0.945946
87 17 0.966415
87 25 0.707284
87 34 0.635193
87 40 0.596240
87 36 0.700467
87 23 0.847059
87 37 0.714972
87 35 0.730046
87 20 1.017527
87 38 0.689743
87 46 0.494859
87 45 0.533810
87 39 0.767709
87 47 0.582615
87 42 0.738380
87 41 0.751189
87 49 0.615300
87 43 0.705285
87 48 0.673490
87 50 0.663402
88 13 0.435202
88 14 0.444567
88 9 0.451701
88 29 0.448145
88 30 0.484934
88 32 0.494608
88 31 0.497205
88 10 0.546721
88 33 0.619748
88 11 0.674914
88 3 0.681989
88 8 0.718316
88 4 0.748766
88 28 0.754721
88 44 0.800738
88 5 0.842990
88 12 0.869466
88 7 0.894647
88 1 0.957862
88 19 0.964383
88 0 0.988484
88 40 0.952205
88 18 1.008658
88 16 1.067338
88 24 1.069181
88 22 1.076157
88 49 1.051198
88 17 1.109762
88 2 1.130856
88 6 1.132043
88 15 1.141138
88 43 1.118095
88 21 1.154731
88 45 1.144049
88 37 1.207259
88 42 1.239572
88 35 1.251981
88 20 1.271818
88 26 1.267974
88 50 1.248260
88 38 1.292883
88 41 1.294107
88 27 1.320975
88 48 1.303395
88 39 1.318542
88 47 1.312734
88 46 1.326107
88 25 1.365970
88 34 1.364712
88 36 1.382467
88 23 1.460161
89 10 0.372045
89 13 0.569190
89 8 0.597944
89 28 0.583795
89 29 0.597615
89 9 0.638502
89 1 0.664009
89 30 0.623385
89 31 0.680208
89 32 0.713632
89 33 0.713585
89 12 0.743678
89 5 0.756996
89 0 0.792163
89 14 0.775635
89 11 0.867440
89 3 0.952382
89 2 0.989527
89 44 0.948834
89 4 1.047808
89 47 1.110487
89 6 1.173812
89 25 1.163205
89 39 1.163026
89 41 1.174305
89 35 1.213230
89 45 1.207045
89 7 1.258852
89 15 1.269161
89 18 1.267111
89 49 1.233946
89 42 1.252561
89 27 1.272999
89 48 1.257536
89 34 1.294433
89 26 1.306592
89 22 1.323047
89 20 1.330892
89 36 1.320934
89 40 1.323134
89 21 1.348051
89 24 1.358873
89 16 1.409670
89 50 1.371451
89 23 1.438318
89 46 1.433020
89 17 1.467305
89 19 1.470608
89 38 1.481689
89 43 1.486715
89 37 1.542659
90 8 0.458418
90 9 0.526686
90 5 0.532391
90 12 0.532449
90 10 0.540715
90 3 0.554309
90 11 0.598019
90 1 0.669844
90 0 0.786323
90 13 0.767237
90 32 0.747587
90 20 0.764201
90 33 0.786870
90 6 0.871110
90 14 0.877846
90 16 0.876723
90 2 0.912822
90 4 0.930070
90 43 0.890596
90 44 0.912061
90 29 0.930718
90 31 0.962690
90 45 0.952754
90 38 0.973956
90 35 0.987442
90 17 1.017831
90 47 0.988434
90 41 0.997292
90 7 1.058438
90 21 1.062274
90 28 1.065308
90 30 1.073954
90 40 1.098269
90 18 1.136307
90 36 1.129351
90 27 1.161158
90 23 1.190294
90 42 1.177130
90 25 1.203955
90 37 1.201329
90 39 1.245615
90 19 1.288120
90 22 1.292809
90 24 1.295998
90 46 1.277266
90 15 1.338117
90 50 1.294794
90 26 1.334771
90 34 1.340965
90 49 1.353650
90 48 1.384988
91 8 0.451982
91 29 0.469570
91 32 0.484112
91 30 0.514389
91 9 0.554065
91 12 0.583144
91 33 0.573096
91 14 0.649465
91 44 0.633755
91 10 0.673220
91 28 0.664049
91 31 0.689451
91 2 0.720176
91 5 0.739364
91 4 0.752871
91 11 0.778846
91 0 0.867749
91 37 0.853467
91 34 0.872473
91 13 0.894257
91 3 0.916234
91 18 0.924440
91 46 0.894052
91 40 0.907622
91 1 0.948125
91 6 0.957272
91 16 0.960907
91 38 0.937745
91 22 0.976710
91 7 0.990642
91 20 0.996591
91 21 1.007170
91 41 0.996715
91 47 0.994795
91 35 1.012050
91 15 1.034142
91 48 1.040660
91 19 1.085601
91 17 1.103913
91 36 1.102849
91 23 1.123283
91 25 1.122210
91 43 1.131419
91 39 1.142101
91 24 1.169091
91 42 1.171128
91 45 1.193649
91 50 1.229807
91 27 1.263135
91 49 1.236603
91 26 1.305276
92 11 0.445248
92 14 0.469684
92 8 0.474412
92 44 0.571590
92 2 0.702617
92 29 0.692910
92 32 0.724318
92 13 0.803072
92 10 0.868964
92 6 0.872594
92 28 0.905629
92 31 0.942989
92 4 0.968462
92 3 0.969880
92 7 0.967392
92 1 0.972215
92 21 0.957609
92 5 0.979768
92 18 0.982808
92 45 0.951087
92 9 0.991436
92 30 1.009718
92 33 1.018358
92 12 1.090569
92 15 1.157594
92 19 1.208484
92 26 1.235722
92 42 1.239801
92 0 1.315582
92 27 1.328074
92 17 1.346164
92 41 1.331277
92 43 1.342373
92 50 1.353707
92 40 1.374103
92 25 1.480369
92 24 1.481739
92 48 1.453195
92 36 1.466794
92 37 1.466590
92 47 1.462399
92 49 1.475725
92 16 1.515179
92 22 1.524384
92 35 1.523700
92 38 1.528615
92 34 1.542920
92 39 1.536320
92 23 1.583457
92 46 1.604282
92 20 1.674207
93 8 0.486801
93 30 0.636952
93 10 0.669913
93 28 0.762118
93 9 0.793781
93 21 0.783752
93 4 0.850295
93 11 0.884585
93 13 0.884035
93 32 0.862479
93 14 0.884383
93 20 0.918682
93 44 0.889170
93 19 0.937096
93 33 0.956596
93 5 0.993718
93 29 1.002354
93 7 1.025739
93 31 1.030714
93 12 1.053406
93 2 1.071970
93 3 1.114591
93 1 1.182105
93 0 1.183268
93 15 1.172608
93 26 1.215708
93 42 1.204289
93 40 1.215781
93 6 1.269480
93 46 1.334772
93 37 1.348745
93 41 1.351258
93 35 1.374583
93 18 1.425167
93 25 1.435325
93 23 1.445265
93 17 1.453518
93 38 1.435484
93 36 1.439313
93 16 1.488197
93 27 1.506038
93 49 1.541761
93 43 1.550904
93 45 1.558031
93 50 1.551529
93 47 1.555532
93 34 1.603338
93 39 1.612255
93 22 1.643872
93 24 1.660643
93 48 1.672257
94 10 0.568065
94 9 0.600309
94 44 0.566027
94 20 0.702923
94 12 0.786065
94 11 0.823347
94 32 0.851028
94 28 0.856963
94 0 0.889117
94 45 0.870424
94 8 0.907799
94 13 0.909403
94 33 0.899430
94 36 0.897957
94 2 0.966689
94 6 0.976963
94 14 0.987390
94 30 1.003455
94 4 1.039235
94 31 1.105104
94 22 1.134525
94 48 1.119775
94 25 1.156955
94 42 1.155537
94 29 1.193505
94 27 1.196268
94 40 1.254682
94 34 1.273542
94 16 1.293453
94 7 1.308209
94 24 1.322824
94 23 1.333171
94 35 1.334630
94 47 1.328958
94 5 1.371235
94 1 1.395163
94 3 1.417607
94 26 1.407234
94 37 1.439066
94 17 1.468754
94 38 1.455154
94 50 1.442746
94 18 1.486775
94 19 1.504149
94 15 1.507892
94 21 1.511987
94 46 1.500477
94 43 1.530379
94 39 1.566384
94 41 1.657137
94 49 1.754523
95 3 0.613245
95 9 0.609645
95 0 0.748749
95 32 0.727190
95 8 0.773645
95 44 0.766109
95 1 0.817074
95 12 0.812931
95 4 0.827907
95 6 0.862323
95 2 0.905311
95 30 0.889730
95 38 0.952438
95 14 0.984889
95 26 0.972992
95 10 0.998605
95 13 1.005824
95 42 0.975936
95 5 1.024480
95 45 1.013744
95 46 1.031504
95 11 1.077938
95 29 1.065165
95 28 1.082045
95 31 1.133236
95 43 1.169886
95 33 1.186858
95 20 1.261641
95 48 1.235171
95 34 1.261957
95 16 1.293247
95 40 1.285229
95 19 1.316427
95 23 1.332234
95 21 1.352991
95 27 1.354845
95 7 1.374861
95 18 1.390342
95 35 1.383356
95 37 1.382031
95 25 1.401353
95 15 1.439524
95 36 1.421413
95 50 1.445839
95 24 1.488127
95 39 1.479723
95 22 1.510534
95 49 1.494289
95 47 1.502218
95 17 1.578310
95 41 1.576051
96 8 0.422143
96 14 0.460486
96 29 0.540471
96 10 0.662714
96 50 0.619426
96 28 0.665116
96 36 0.672001
96 12 0.719182
96 9 0.723744
96 11 0.752396
96 32 0.729692
96 13 0.765344
96 42 0.739611
96 45 0.783626
96 5 0.845694
96 31 0.810341
96 18 0.870044
96 2 0.889556
96 0 0.933386
96 20 0.914296
96 44 0.879740
96 1 0.953587
96 6 0.950035
96 33 0.935939
96 7 0.976880
96 4 0.980725
96 40 0.931811
96 46 0.930888
96 30 0.962059
96 39 0.982516
96 38 1.006704
96 35 1.016787
96 24 1.049052
96 25 1.077875
96 47 1.043692
96 16 1.095734
96 3 1.115101
96 43 1.143793
96 48 1.136534
96 37 1.157995
96 26 1.174380
96 17 1.218350
96 19 1.217881
96 34 1.220941
96 23 1.245356
96 27 1.251527
96 15 1.296934
96 21 1.293336
96 22 1.339912
96 41 1.339969
96 49 1.329636
97 13 0.581738
97 9 0.609882
97 29 0.591788
97 1 0.644199
97 32 0.650165
97 33 0.649917
97 0 0.711817
97 5 0.751756
97 12 0.815905
97 11 0.836864
97 48 0.796049
97 39 0.815053
97 20 0.838764
97 3 0.854181
97 21 0.843033
97 44 0.857169
97 19 0.884806
97 8 0.904415
97 45 0.875087
97 37 0.935023
97 30 0.986344
97 14 1.029962
97 43 1.035148
97 28 1.058778
97 10 1.076847
97 47 1.064371
97 36 1.087488
97 6 1.115738
97 17 1.114945
97 31 1.114504
97 23 1.167197
97 24 1.172024
97 40 1.177240
97 27 1.195957
97 7 1.221308
97 22 1.212251
97 15 1.267652
97 25 1.263442
97 2 1.308614
97 35 1.285358
97 34 1.301925
97 42 1.303478
97 18 1.352629
97 46 1.348598
97 26 1.382150
97 41 1.375171
97 4 1.417826
97 38 1.397186
97 16 1.419936
97 50 1.453617
97 49 1.463120
98 0 0.758468
98 1 0.780059
98 9 0.785381
98 44 0.753765
98 10 0.859084
98 31 0.865500
98 28 0.899436
98 6 0.921553
98 5 0.954378
98 3 0.987540
98 22 1.007661
98 11 1.036158
98 14 1.117180
98 29 1.156653
98 4 1.182423
98 30 1.156846
98 12 1.178273
98 8 1.200131
98 42 1.174809
98 24 1.207230
98 33 1.205189
98 32 1.276842
98 13 1.344542
98 7 1.403873
98 20 1.470316
98 2 1.495733
98 17 1.513738
98 19 1.582348
98 25 1.585893
98 34 1.582020
98 47 1.577774
98 27 1.606274
98 35 1.596264
98 50 1.600262
98 36 1.618203
98 45 1.606481
98 23 1.657751
98 38 1.638837
98 40 1.737373
98 26 1.756524
98 43 1.733700
98 21 1.796927
98 41 1.793661
98 37 1.798368
98 15 1.837422
98 48 1.806969
98 16 1.892223
98 46 1.882296
98 49 1.902396
98 18 1.958206
98 39 1.945045
99 8 0.772969
99 10 0.845313
99 11 0.923506
99 12 0.923210
99 30 0.931527
99 28 0.970945
99 24 1.079720
99 1 1.100389
99 27 1.076636
99 42 1.084452
99 43 1.080421
99 7 1.207874
99 5 1.210423
99 44 1.165220
99 32 1.362138
99 50 1.337530
99 14 1.383242
99 21 1.377651
99 33 1.363209
99 13 1.386873
99 6 1.393745
99 39 1.359239
99 38 1.360350
99 0 1.417276
99 9 1.410618
99 34 1.402535
99 19 1.458604
99 29 1.446274
99 31 1.462223
99 20 1.545848
99 47 1.524272
99 16 1.590869
99 4 1.642284
99 26 1.637001
99 3 1.669969
99 46 1.633855
99 35 1.665029
99 17 1.686664
99 41 1.660447
99 40 1.684639
99 49 1.683553
99 15 1.752197
99 18 1.750943
99 45 1.790566
99 37 1.804096
99 48 1.788666
99 22 1.825493
99 2 1.866654
99 36 1.833677
99 25 1.882166
99 23 1.954348
100 8 0.376873
100 13 0.389955
100 9 0.421941
100 11 0.442312
100 12 0.509424
100 14 0.535583
100 10 0.641247
100 0 0.668720
100 5 0.666283
100 28 0.600157
100 1 0.718295
100 32 0.630658
100 44 0.614205
100 30 0.663800
100 29 0.769103
100 2 0.884457
100 4 0.926438
100 31 0.857715
100 33 0.850173
100 3 1.020811
100 6 1.052182
100 7 1.079238
100 50 0.829446
100 19 1.090936
100 18 1.092745
100 16 1.103975
100 42 1.003957
100 20 1.132001
100 21 1.145198
100 48 1.004305
100 17 1.218155
100 39 1.145210
100 27 1.229910
100 22 1.257978
100 26 1.239791
100 40 1.185524
100 38 1.199790
100 25 1.270531
100 15 1.309940
100 41 1.237333
100 47 1.213944
100 35 1.262875
100 36 1.262390
100 24 1.332164
100 23 1.341980
100 49 1.140653
100 43 1.324764
100 34 1.363281
100 45 1.343777
100 46 1.418357
100 37 1.511113
101 11 0.525970
101 10 0.560987
101 5 0.583430
101 3 0.585266
101 9 0.648505
101 0 0.655722
101 29 0.702770
101 40 0.692522
101 1 0.728634
101 12 0.761390
101 36 0.784934
101 31 0.790172
101 44 0.778444
101 28 0.799390
101 6 0.820218
101 13 0.815967
101 7 0.923827
101 8 0.938958
101 33 0.945295
101 19 0.989557
101 45 0.966467
101 42 1.026015
101 30 1.039961
101 14 1.056494
101 32 1.053077
101 35 1.050521
101 37 1.049204
101 23 1.065740
101 48 1.063104
101 47 1.064674
101 18 1.125770
101 43 1.231711
101 41 1.235101
101 20 1.257790
101 2 1.271820
101 15 1.263543
101 38 1.240101
101 17 1.263396
101 16 1.322158
101 39 1.322689
101 25 1.338629
101 21 1.344170
101 46 1.314681
101 4 1.368203
101 27 1.381735
101 49 1.368110
101 50 1.389101
101 22 1.434396
101 24 1.472613
101 34 1.475913
101 26 1.497883
102 12 0.427321
102 10 0.498727
102 32 0.511659
102 30 0.545056
102 13 0.598240
102 44 0.589939
102 28 0.638182
102 14 0.655623
102 2 0.688614
102 4 0.733376
102 0 0.765805
102 8 0.759779
102 9 0.769186
102 5 0.803093
102 33 0.793663
102 1 0.861482
102 41 0.809779
102 45 0.819217
102 25 0.844718
102 11 0.882808
102 40 0.850118
102 36 0.866499
102 31 0.874957
102 47 0.866104
102 34 0.895355
102 29 0.906919
102 19 0.955633
102 18 0.976447
102 37 0.961412
102 16 0.987179
102 22 0.983213
102 49 0.964365
102 23 1.012749
102 42 1.023146
102 38 1.034102
102 7 1.080791
102 24 1.067868
102 3 1.111859
102 6 1.121894
102 50 1.104128
102 17 1.168928
102 46 1.181935
102 26 1.223286
102 27 1.223175
102 39 1.207301
102 35 1.224831
102 20 1.257633
102 15 1.268246
102 43 1.241821
102 48 1.286055
102 21 1.368368
103 8 0.419050
103 9 0.434053
103 10 0.391118
103 13 0.402214
103 29 0.519435
103 31 0.547670
103 33 0.611512
103 12 0.652512
103 30 0.621012
103 3 0.757796
103 1 0.783396
103 7 0.809250
103 11 0.714903
103 5 0.817911
103 14 0.751333
103 6 0.921356
103 20 0.807709
103 16 0.814055
103 36 0.807815
103 28 0.845094
103 18 0.863668
103 45 0.831108
103 32 0.880791
103 44 0.882503
103 4 1.046603
103 35 0.918708
103 2 1.062118
103 0 1.137390
103 24 1.061694
103 21 1.065241
103 43 1.022585
103 23 1.078425
103 27 1.077708
103 49 1.032056
103 42 1.052242
103 34 1.100481
103 19 1.134151
103 15 1.148031
103 40 1.099588
103 37 1.134298
103 39 1.160093
103 22 1.217074
103 25 1.236998
103 26 1.236664
103 41 1.204665
103 17 1.295105
103 46 1.257258
103 38 1.280599
103 48 1.263626
103 50 1.280630
103 47 1.314287
104 8 0.422883
104 10 0.426162
104 9 0.458886
104 0 0.620070
104 12 0.593193
104 14 0.639071
104 44 0.469406
104 5 0.698863
104 33 0.646776
104 31 0.676147
104 11 0.739797
104 6 0.805605
104 32 0.781808
104 29 0.795121
104 30 0.796453
104 2 0.884678
104 3 0.907700
104 1 0.925319
104 23 0.870394
104 28 0.864818
104 36 0.894205
104 22 0.923845
104 45 0.788998
104 42 1.042086
104 16 1.093177
104 26 1.072320
104 46 0.882053
104 13 1.122574
104 18 1.150754
104 15 1.162212
104 35 1.136697
104 21 1.171851
104 38 1.155364
104 7 1.215381
104 40 1.151041
104 37 1.164654
104 48 0.800173
104 20 1.230186
104 4 1.269104
104 43 1.071243
104 47 0.918501
104 50 0.693776
104 25 1.272545
104 39 1.266835
104 24 1.307549
104 27 1.310047
104 17 1.377588
104 34 1.354622
104 41 1.360952
104 19 1.413746
104 49 0.891812
105 10 0.358980
105 11 0.396364
105 9 0.399359
105 8 0.457778
105 13 0.449491
105 0 0.627954
105 12 0.597850
105 14 0.592692
105 44 0.651573
105 3 0.766474
105 28 0.820906
105 4 0.885941
105 5 0.882814
105 1 0.923723
105 32 0.958159
105 6 1.004220
105 31 0.977106
105 30 0.986203
105 29 1.013964
105 7 1.071099
105 15 1.071560
105 2 1.122984
105 45 1.065376
105 33 1.097046
105 18 1.219241
105 40 1.219256
105 46 1.207821
105 35 1.282632
105 43 1.322054
105 47 1.315029
105 38 1.346910
105 37 1.355693
105 41 1.399194
105 16 1.445489
105 36 1.435877
105 42 1.447452
105 48 1.437215
105 23 1.490305
105 19 1.503442
105 27 1.497278
105 21 1.507852
105 20 1.514930
105 34 1.505700
105 49 1.480899
105 50 1.504879
105 24 1.557961
105 25 1.557956
105 39 1.563867
105 17 1.600497
105 22 1.626617
105 26 1.662554
106 10 0.497883
106 8 0.527720
106 11 0.715027
106 1 0.722990
106 44 0.719694
106 9 0.756608
106 30 0.773366
106 12 0.844218
106 0 0.895356
106 4 0.893456
106 29 0.873221
106 3 0.923520
106 43 0.979853
106 50 0.999155
106 13 1.039804
106 6 1.062737
106 20 1.055336
106 7 1.122760
106 37 1.094977
106 31 1.103342
106 5 1.126466
106 28 1.109074
106 33 1.113891
106 32 1.127570
106 14 1.194976
106 2 1.204190
106 19 1.251527
106 25 1.338400
106 36 1.353996
106 34 1.362872
106 16 1.390618
106 40 1.425182
106 18 1.457057
106 15 1.510579
106 46 1.510168
106 22 1.545789
106 38 1.548189
106 39 1.554477
106 45 1.568582
106 48 1.574146
106 42 1.583878
106 47 1.587430
106 41 1.596665
106 23 1.619231
106 21 1.630244
106 24 1.637215
106 17 1.643929
106 26 1.646682
106 35 1.635935
106 49 1.628144
106 27 1.666565
107 10 0.532175
107 11 0.674284
107 12 0.675314
107 9 0.775443
107 33 0.768464
107 30 0.785191
107 28 0.788780
107 1 0.879238
107 3 0.964692
107 32 0.948593
107 31 0.950845
107 2 1.014503
107 0 1.017067
107 44 0.984123
107 6 1.029360
107 29 1.067886
107 35 1.126504
107 8 1.172538
107 46 1.127716
107 25 1.184960
107 7 1.229511
107 40 1.205712
107 13 1.251032
107 14 1.281926
107 5 1.302142
107 23 1.286259
107 4 1.344214
107 42 1.312296
107 27 1.397210
107 36 1.386452
107 45 1.381557
107 26 1.409775
107 34 1.435965
107 38 1.461313
107 22 1.493311
107 20 1.497247
107 43 1.491136
107 50 1.493781
107 39 1.523640
107 19 1.580719
107 48 1.564699
107 49 1.579565
107 16 1.638477
107 15 1.649845
107 47 1.610253
107 37 1.634670
107 41 1.657805
107 18 1.688988
107 17 1.707351
107 24 1.716321
107 21 1.800559
108 29 0.551853
108 30 0.703174
108 44 0.688347
108 11 0.825934
108 31 0.869033
108 4 0.938509
108 1 0.975724
108 2 0.986939
108 14 1.000989
108 9 1.076758
108 0 1.103569
108 12 1.120289
108 7 1.159215
108 32 1.130625
108 10 1.219429
108 41 1.188419
108 13 1.232796
108 8 1.239701
108 45 1.199340
108 28 1.217837
108 37 1.281216
108 5 1.369098
108 43 1.343550
108 33 1.384850
108 40 1.426829
108 26 1.468157
108 3 1.618057
108 27 1.652710
108 35 1.663172
108 34 1.685423
108 48 1.676344
108 22 1.735482
108 16 1.759491
108 18 1.762507
108 36 1.788847
108 49 1.780236
108 20 1.830508
108 15 1.844153
108 25 1.840033
108 42 1.827855
108 24 1.852120
108 47 1.834016
108 23 1.893248
108 46 1.893755
108 21 1.928017
108 50 1.921785
108 6 1.999467
108 19 1.990941
108 38 1.976638
108 39 1.992826
108 17 2.056665
109 12 0.419049
109 30 0.475822
109 29 0.493453
109 32 0.526635
109 44 0.617435
109 13 0.717797
109 11 0.738722
109 28 0.720441
109 5 0.790898
109 7 0.814056
109 9 0.852467
109 33 0.889072
109 8 0.936441
109 15 0.939624
109 43 0.922619
109 4 0.990040
109 6 1.005222
109 1 1.038010
109 48 0.985495
109 3 1.069798
109 10 1.104867
109 14 1.102776
109 2 1.133069
109 31 1.142294
109 39 1.139632
109 18 1.167878
109 34 1.230985
109 50 1.224774
109 49 1.248265
109 0 1.310284
109 36 1.288422
109 25 1.312915
109 21 1.328967
109 35 1.318671
109 24 1.347415
109 40 1.329743
109 42 1.328656
109 22 1.357440
109 46 1.335241
109 16 1.383183
109 23 1.380962
109 27 1.377525
109 26 1.386195
109 20 1.401431
109 47 1.383839
109 45 1.417833
109 38 1.453579
109 37 1.460374
109 17 1.513148
109 19 1.555252
109 41 1.559768
110 31 0.505524
110 13 0.560780
110 8 0.623695
110 28 0.667569
110 12 0.742394
110 14 0.945914
110 32 0.950409
110 2 1.016487
110 0 1.018317
110 44 0.976755
110 33 0.992451
110 10 1.015101
110 41 1.039693
110 9 1.086375
110 3 1.148720
110 30 1.153637
110 48 1.154909
110 46 1.199787
110 20 1.243042
110 11 1.251345
110 40 1.246591
110 29 1.378669
110 1 1.402543
110 50 1.355252
110 37 1.372288
110 42 1.366570
110 18 1.394367
110 36 1.418951
110 4 1.456679
110 16 1.458708
110 6 1.466422
110 47 1.451905
110 26 1.477135
110 5 1.503727
110 21 1.492359
110 35 1.494613
110 38 1.500340
110 45 1.526067
110 39 1.552135
110 43 1.556705
110 15 1.595781
110 24 1.601592
110 49 1.579023
110 27 1.636504
110 7 1.654021
110 34 1.630932
110 23 1.652685
110 17 1.659406
110 25 1.707411
110 19 1.762146
110 22 1.843835
111 9 0.452283
111 5 0.497962
111 11 0.509611
111 28 0.536944
111 8 0.600307
111 2 0.638125
111 31 0.614850
111 13 0.641409
111 29 0.713545
111 3 0.786390
111 12 0.790817
111 7 0.817943
111 33 0.791836
111 1 0.829023
111 43 0.801691
111 14 0.836665
111 30 0.830000
111 34 0.891807
111 17 0.979462
111 47 0.943334
111 19 0.984747
111 10 1.005010
111 44 0.970175
111 49 0.960518
111 15 1.003762
111 21 1.005927
111 23 1.029401
111 42 1.017873
111 26 1.049880
111 20 1.083858
111 32 1.080885
111 6 1.115696
111 4 1.118761
111 40 1.132970
111 16 1.164401
111 38 1.151643
111 39 1.151759
111 36 1.168640
111 18 1.189921
111 22 1.193559
111 0 1.220030
111 27 1.196495
111 45 1.184024
111 37 1.216278
111 25 1.261982
111 35 1.319922
111 41 1.315106
111 48 1.316289
111 50 1.316151
111 46 1.328460
111 24 1.403644
112 11 0.602230
112 33 0.792020
112 13 0.880024
112 31 0.869656
112 10 0.942056
112 1 1.087062
112 8 1.083921
112 3 1.088777
112 12 1.102881
112 5 1.109819
112 2 1.112198
112 29 1.143371
112 14 1.181087
112 34 1.176639
112 7 1.270461
112 30 1.265053
112 32 1.265547
112 28 1.271459
112 0 1.296860
112 44 1.280018
112 36 1.308376
112 22 1.357845
112 17 1.399046
112 9 1.406926
112 40 1.485205
112 50 1.473140
112 19 1.513724
112 39 1.516439
112 42 1.531430
112 35 1.540713
112 6 1.658828
112 41 1.622079
112 38 1.651539
112 46 1.675337
112 45 1.705511
112 26 1.745416
112 43 1.741096
112 27 1.781735
112 21 1.789625
112 25 1.798985
112 47 1.782238
112 48 1.798177
112 15 1.853914
112 37 1.830738
112 49 1.825274
112 23 1.873676
112 16 1.916007
112 4 1.925898
112 18 1.934178
112 20 1.933181
112 24 1.964553
113 11 0.584345
113 33 0.643852
113 32 0.711071
113 44 0.785176
113 14 0.829651
113 29 0.815550
113 1 0.858399
113 13 0.865516
113 0 0.886837
113 8 0.908076
113 31 0.910711
113 9 0.933923
113 3 0.974812
113 12 0.966838
113 7 0.970675
113 21 0.985545
113 5 1.102669
113 41 1.129342
113 10 1.167481
113 30 1.156937
113 28 1.182727
113 15 1.201903
113 17 1.210190
113 4 1.259818
113 45 1.225873
113 27 1.276667
113 20 1.292085
113 38 1.315655
113 35 1.325749
113 40 1.325854
113 2 1.418578
113 42 1.381669
113 50 1.280986
113 43 1.416988
113 47 1.434355
113 18 1.477387
113 36 1.464725
113 39 1.475232
113 25 1.499209
113 23 1.523413
113 48 1.394347
113 24 1.528967
113 19 1.551603
113 49 1.413422
113 22 1.568823
113 46 1.552383
113 26 1.576917
113 6 1.616558
113 16 1.625726
113 34 1.670097
113 37 1.682255
114 11 0.449831
114 9 0.476949
114 8 0.478736
114 10 0.474602
114 13 0.564715
114 12 0.618747
114 0 0.819004
114 32 0.794830
114 1 0.868962
114 3 0.868625
114 28 0.814127
114 29 0.870315
114 44 0.877212
114 4 1.008871
114 2 1.036041
114 31 0.983779
114 14 1.030761
114 16 1.136924
114 7 1.154993
114 33 1.171134
114 30 1.190812
114 18 1.217039
114 5 1.287834
114 26 1.381630
114 15 1.416913
114 25 1.449958
114 45 1.442425
114 40 1.463633
114 17 1.524774
114 27 1.574388
114 19 1.598395
114 36 1.588378
114 42 1.588554
114 6 1.665086
114 46 1.615313
114 37 1.638783
114 43 1.632980
114 20 1.679884
114 21 1.686936
114 24 1.682514
114 39 1.680568
114 49 1.687056
114 34 1.741707
114 48 1.731689
114 22 1.799773
114 50 1.739974
114 35 1.828567
114 23 1.864383
114 41 1.844118
114 38 1.886276
114 47 1.876542
115 11 0.455938
115 13 0.482458
115 33 0.505820
115 28 0.550432
115 45 0.574704
115 32 0.610618
115 29 0.617636
115 12 0.694521
115 30 0.695062
115 14 0.757923
115 1 0.767975
115 8 0.763678
115 5 0.789947
115 39 0.944410
115 47 0.933599
115 7 0.976714
115 9 0.975892
115 31 0.957489
115 4 0.983730
115 10 1.022505
115 15 1.019551
115 22 1.030125
115 36 1.014509
115 48 1.024162
115 19 1.070507
115 44 1.043888
115 49 1.035044
115 42 1.060561
115 25 1.137469
115 3 1.194079
115 21 1.191656
115 27 1.194731
115 16 1.214907
115 38 1.192601
115 34 1.199135
115 18 1.225107
115 24 1.222334
115 26 1.228340
115 23 1.232232
115 17 1.247911
115 40 1.233182
115 0 1.315724
115 43 1.287092
115 41 1.305951
115 37 1.311008
115 50 1.322742
115 6 1.378649
115 2 1.401625
115 20 1.408210
115 35 1.414410
115 46 1.411555
116 12 0.544402
116 9 0.575737
116 13 0.607707
116 14 0.689063
116 11 0.805247
116 32 0.844776
116 10 0.868509
116 2 0.874486
116 0 0.876501
116 3 0.949516
116 31 0.923936
116 1 0.952018
116 5 0.950121
116 28 0.977401
116 44 1.053940
116 47 1.050784
116 29 1.085342
116 33 1.175386
116 8 1.203934
116 4 1.208220
116 30 1.184085
116 48 1.177487
116 37 1.224463
116 18 1.276052
116 7 1.299315
116 46 1.318095
116 50 1.311876
116 40 1.350881
116 39 1.397193
116 43 1.392178
116 6 1.433430
116 41 1.419219
116 15 1.459177
116 42 1.430221
116 34 1.460761
116 16 1.482178
116 20 1.500134
116 38 1.489489
116 22 1.510832
116 26 1.515171
116 27 1.525691
116 17 1.559858
116 49 1.519999
116 23 1.556594
116 25 1.552679
116 36 1.549110
116 35 1.582020
116 21 1.600959
116 19 1.699770
116 45 1.668139
116 24 1.747596
117 14 0.578687
117 29 0.611576
117 28 0.761735
117 11 0.941053
117 13 0.940137
117 3 1.024135
117 6 1.201185
117 26 1.361471
117 30 1.428021
117 44 1.485951
117 12 1.595343
117 31 1.603240
117 37 1.745349
117 0 1.823368
117 8 1.822362
117 46 2.026905
117 32 2.144443
117 18 2.191084
117 17 2.231242
117 41 2.270387
117 10 2.309557
117 9 2.726716
117 33 2.894124
117 2 2.928980
117 7 3.120647
117 45 3.079339
117 42 3.182436
117 5 3.323042
117 20 3.567555
117 50 3.716705
117 19 3.774418
117 24 4.043041
117 21 4.054911
117 47 4.111984
117 35 4.410313
117 1 4.745059
117 40 4.704401
117 23 4.732874
117 34 4.718534
117 25 4.772482
117 4 4.816841
117 22 4.805217
117 43 4.775786
117 48 4.770373
117 16 4.836395
117 27 4.825407
117 15 4.901114
117 36 4.898275
117 38 4.893258
117 39 4.951540
117 49 5.022962
118 8 0.667220
118 10 0.675262
118 11 0.734538
118 44 0.742063
118 13 0.855006
118 31 0.833849
118 0 0.951931
118 29 0.923496
118 32 1.008615
118 30 1.011805
118 9 1.092298
118 12 1.097645
118 6 1.163210
118 14 1.204958
118 33 1.199754
118 4 1.236961
118 25 1.262386
118 1 1.285544
118 3 1.285426
118 34 1.253591
118 45 1.262081
118 28 1.319736
118 43 1.301772
118 37 1.309199
118 2 1.381039
118 39 1.355960
118 5 1.439324
118 48 1.459686
118 23 1.529704
118 50 1.570515
118 22 1.626020
118 16 1.659846
118 46 1.638227
118 18 1.686711
118 36 1.686213
118 47 1.671978
118 41 1.692566
118 7 1.825795
118 27 1.805314
118 21 1.814704
118 38 1.791040
118 42 1.787435
118 20 1.817226
118 26 1.809009
118 40 1.790433
118 15 1.824472
118 19 1.833618
118 24 1.827784
118 17 1.849811
118 35 1.838888
118 49 1.920215
119 14 0.607298
119 8 0.630487
119 30 0.618127
119 32 0.769854
119 0 0.917075
119 33 0.897708
119 2 0.956151
119 28 0.932434
119 12 0.982313
119 13 0.991006
119 9 1.031161
119 44 1.004412
119 10 1.136853
119 4 1.185625
119 43 1.161463
119 11 1.200844
119 15 1.235266
119 48 1.202917
119 31 1.297887
119 26 1.329746
119 29 1.327565
119 36 1.321774
119 39 1.336362
119 5 1.414391
119 45 1.374784
119 1 1.440243
119 38 1.497920
119 35 1.507955
119 46 1.500597
119 19 1.541437
119 41 1.543061
119 40 1.545489
119 23 1.568824
119 3 1.620716
119 34 1.601729
119 37 1.610354
119 18 1.649919
119 7 1.666961
119 50 1.632999
119 16 1.734624
119 22 1.734411
119 6 1.750049
119 17 1.754006
119 49 1.713331
119 20 1.758088
119 27 1.751504
119 42 1.748729
119 25 1.794381
119 21 1.812777
119 24 1.841236
119 47 1.846845
120 10 0.655258
120 8 0.839226
120 12 0.836647
120 11 1.020144
120 9 1.075706
120 28 1.132137
120 32 1.121982
120 0 1.189541
120 31 1.150571
120 3 1.205659
120 30 1.205381
120 44 1.161781
120 2 1.282305
120 13 1.394301
120 29 1.382638
120 14 1.420459
120 19 1.544116
120 33 1.575616
120 1 1.637639
120 5 1.635429
120 7 1.633478
120 17 1.623475
120 22 1.641225
120 41 1.612401
120 43 1.635716
120 16 1.831628
120 26 1.802930
120 45 1.740550
120 42 1.777856
120 34 1.821568
120 49 1.740537
120 37 1.835327
120 4 1.905056
120 6 1.973525
120 23 1.946422
120 47 1.875399
120 35 1.969616
120 27 1.990266
120 50 1.838033
120 24 2.027626
120 25 2.056959
120 39 2.016211
120 18 2.112570
120 46 2.016589
120 20 2.107640
120 15 2.124164
120 36 2.071664
120 38 2.101899
120 48 2.045031
120 21 2.152589
120 40 2.193731
