21 2 0.102654
21 0 0.128544
21 4 0.132303
21 1 0.150807
21 3 0.143052
21 5 0.139239
21 8 0.136895
21 11 0.096295
21 13 0.103866
21 9 0.161391
21 14 0.096554
21 12 0.108791
21 16 0.092111
21 6 0.194638
21 7 0.198950
21 15 0.115465
21 24 0.092976
21 10 0.165531
21 22 0.135548
21 18 0.153088
21 19 0.154171
21 20 0.155331
21 25 0.133252
21 26 0.146524
21 33 0.125554
21 17 0.198177
21 27 0.174529
21 31 0.163273
21 23 0.217902
21 28 0.170848
21 44 0.157098
21 32 0.174929
21 42 0.163507
21 52 0.154101
21 40 0.168087
21 45 0.163366
21 48 0.161023
21 21 0.240178
21 30 0.187466
21 47 0.165155
21 36 0.183755
21 51 0.167486
21 38 0.186399
21 29 0.203634
21 49 0.179410
21 50 0.178932
21 46 0.183682
21 43 0.187353
21 41 0.192397
21 53 0.181886
21 35 0.212893
21 39 0.207701
21 34 0.216835
21 54 0.193053
21 37 0.212422
22 0 0.114951
22 3 0.123496
22 1 0.163141
22 4 0.159147
22 2 0.181375
22 6 0.190633
22 8 0.195878
22 5 0.200261
22 7 0.211363
22 12 0.218569
22 11 0.254243
22 29 0.248475
22 9 0.276965
22 15 0.270723
22 31 0.255540
22 49 0.234894
22 33 0.254634
22 13 0.291057
22 51 0.235444
22 19 0.274412
22 41 0.251706
22 23 0.270703
22 27 0.266932
22 38 0.256426
22 16 0.283225
22 20 0.277031
22 46 0.250215
22 17 0.271264
22 32 0.268500
22 42 0.258956
22 25 0.276950
22 34 0.268610
22 47 0.255038
22 45 0.258446
22 50 0.250806
22 30 0.274949
22 28 0.278259
22 24 0.283692
22 35 0.276885
22 37 0.279204
22 44 0.272825
22 14 0.310074
22 10 0.317806
22 53 0.263432
22 43 0.279928
22 26 0.297268
22 36 0.290251
22 22 0.304560
22 40 0.287903
22 48 0.279424
22 54 0.272919
22 39 0.291597
22 21 0.311521
22 18 0.315403
22 52 0.279262
23 0 0.074481
23 2 0.147070
23 3 0.166341
23 4 0.167606
23 1 0.184230
23 9 0.182894
23 5 0.198984
23 6 0.205248
23 7 0.234987
23 14 0.237324
23 13 0.251122
23 29 0.238852
23 32 0.238665
23 8 0.261550
23 12 0.261705
23 19 0.256704
23 31 0.249643
23 11 0.270304
23 28 0.257982
23 30 0.256326
23 44 0.244170
23 20 0.270234
23 35 0.255092
23 16 0.275134
23 10 0.282537
23 22 0.275852
23 33 0.265820
23 50 0.249502
23 38 0.261446
23 18 0.284428
23 46 0.255855
23 42 0.261204
23 27 0.276559
23 23 0.281827
23 24 0.280687
23 21 0.284909
23 40 0.266276
23 36 0.271543
23 47 0.261000
23 34 0.274131
23 26 0.283278
23 25 0.285031
23 45 0.265694
23 15 0.298838
23 53 0.260831
23 54 0.260000
23 37 0.278955
23 48 0.268062
23 43 0.273940
23 39 0.278667
23 17 0.301384
23 52 0.267256
23 41 0.279295
23 49 0.274893
23 51 0.273386
24 0 0.117562
24 4 0.117734
24 1 0.132451
24 3 0.136907
24 2 0.154641
24 5 0.161956
24 7 0.174431
24 8 0.186578
24 6 0.191432
24 9 0.191823
24 13 0.211045
24 10 0.213927
24 11 0.215175
24 12 0.215523
24 17 0.230717
24 39 0.210439
24 14 0.239006
24 32 0.223739
24 20 0.238752
24 42 0.216885
24 30 0.229536
24 28 0.232280
24 44 0.217586
24 31 0.231681
24 16 0.251501
24 50 0.214161
24 48 0.218221
24 25 0.245909
24 26 0.246319
24 22 0.251427
24 33 0.238459
24 46 0.226568
24 18 0.257459
24 15 0.260922
24 34 0.241098
24 19 0.259158
24 36 0.240397
24 23 0.256379
24 29 0.251927
24 24 0.261158
24 38 0.247054
24 49 0.236363
24 51 0.234172
24 37 0.250170
24 45 0.242309
24 54 0.232666
24 40 0.248218
24 47 0.241454
24 41 0.249013
24 52 0.237686
24 27 0.264453
24 53 0.237639
24 43 0.251258
24 21 0.278249
24 35 0.262574
25 0 0.112680
25 1 0.127884
25 3 0.143279
25 5 0.145448
25 2 0.171733
25 6 0.178343
25 4 0.183871
25 7 0.199372
25 9 0.199700
25 8 0.220642
25 13 0.217383
25 11 0.223024
25 14 0.222390
25 12 0.226937
25 10 0.245339
25 20 0.248412
25 33 0.233962
25 31 0.242404
25 17 0.265309
25 44 0.236689
25 15 0.267759
25 32 0.258159
25 28 0.263899
25 26 0.266976
25 21 0.274482
25 24 0.272571
25 42 0.253511
25 25 0.273009
25 30 0.267695
25 22 0.276950
25 19 0.282148
25 45 0.254537
25 18 0.285199
25 49 0.252188
25 43 0.259027
25 27 0.278364
25 39 0.264808
25 29 0.276084
25 38 0.266593
25 16 0.290356
25 47 0.257020
25 54 0.251700
25 35 0.273705
25 37 0.272038
25 41 0.268370
25 50 0.258488
25 51 0.257812
25 48 0.263599
25 40 0.272368
25 34 0.279477
25 53 0.259537
25 36 0.279375
25 52 0.264160
25 46 0.274110
25 23 0.304732
26 5 0.130496
26 3 0.133516
26 6 0.135168
26 0 0.158160
26 2 0.172222
26 8 0.192041
26 7 0.195682
26 4 0.200292
26 9 0.196427
26 1 0.207019
26 10 0.212903
26 11 0.214543
26 12 0.220918
26 13 0.234236
26 14 0.235035
26 17 0.242307
26 19 0.246113
26 15 0.268408
26 21 0.263952
26 23 0.266348
26 31 0.251124
26 47 0.214491
26 37 0.243617
26 49 0.213833
26 33 0.252460
26 41 0.241704
26 29 0.269010
26 39 0.248534
26 51 0.220443
26 20 0.299417
26 44 0.240915
26 35 0.266699
26 54 0.223280
26 45 0.247570
26 22 0.302998
26 27 0.294673
26 25 0.297875
26 18 0.318120
26 43 0.259264
26 50 0.245405
26 42 0.270681
26 48 0.260411
26 34 0.293998
26 32 0.298396
26 46 0.266875
26 16 0.340011
26 38 0.291094
26 30 0.308664
26 52 0.266694
26 26 0.327723
26 28 0.325363
26 53 0.271671
26 40 0.303646
26 36 0.313475
26 24 0.340338
27 0 0.135540
27 2 0.149434
27 3 0.152009
27 1 0.180019
27 4 0.178472
27 6 0.182240
27 5 0.209372
27 8 0.231277
27 7 0.234713
27 10 0.238072
27 9 0.244261
27 12 0.244875
27 11 0.251418
27 34 0.232572
27 24 0.259936
27 22 0.261646
27 16 0.267886
27 31 0.253354
27 42 0.242494
27 38 0.247420
27 20 0.267828
27 18 0.277205
27 15 0.280656
27 52 0.243621
27 46 0.250370
27 40 0.258229
27 32 0.265900
27 21 0.277421
27 28 0.271463
27 51 0.247678
27 50 0.250989
27 29 0.274933
27 14 0.290421
27 44 0.261548
27 47 0.258628
27 23 0.285345
27 19 0.288879
27 39 0.270093
27 33 0.279447
27 25 0.287932
27 48 0.263779
27 27 0.288795
27 35 0.280778
27 26 0.290079
27 36 0.283798
27 30 0.293101
27 41 0.281046
27 13 0.312708
27 17 0.308521
27 43 0.283482
27 53 0.274548
27 37 0.292211
27 49 0.281189
27 54 0.279104
27 45 0.289359
28 0 0.138598
28 4 0.135817
28 3 0.156828
28 2 0.171365
28 5 0.178998
28 1 0.184721
28 9 0.182349
28 7 0.205459
28 14 0.224446
28 8 0.233112
28 13 0.237725
28 10 0.240603
28 6 0.248121
28 11 0.260037
28 12 0.259814
28 30 0.245684
28 19 0.259787
28 18 0.263203
28 28 0.253190
28 16 0.265773
28 42 0.240517
28 41 0.245359
28 17 0.271004
28 20 0.272354
28 50 0.241069
28 32 0.261220
28 44 0.249162
28 33 0.261059
28 38 0.256122
28 36 0.258272
28 49 0.244963
28 25 0.270764
28 40 0.254914
28 37 0.259309
28 22 0.275365
28 39 0.259984
28 45 0.254477
28 31 0.270006
28 29 0.274268
28 48 0.254335
28 15 0.291034
28 24 0.283188
28 35 0.271636
28 21 0.287785
28 53 0.253656
28 34 0.274533
28 54 0.254458
28 47 0.264730
28 43 0.271274
28 46 0.269465
28 23 0.296546
28 26 0.293549
28 51 0.267840
28 27 0.294820
28 52 0.267950
29 0 0.143432
29 1 0.148888
29 2 0.175167
29 4 0.184212
29 9 0.181308
29 5 0.203210
29 3 0.214964
29 8 0.227967
29 14 0.226972
29 13 0.228504
29 10 0.236063
29 12 0.254516
29 7 0.265455
29 6 0.266391
29 11 0.276241
29 33 0.255730
29 44 0.244867
29 31 0.259406
29 23 0.286762
29 37 0.274777
29 43 0.269103
29 45 0.268124
29 16 0.299459
29 38 0.276140
29 21 0.296239
29 29 0.288532
29 34 0.284416
29 25 0.294002
29 20 0.303409
29 22 0.301110
29 47 0.277792
29 28 0.298811
29 46 0.280008
29 18 0.313871
29 40 0.290035
29 51 0.278736
29 30 0.302048
29 49 0.281614
29 19 0.316306
29 15 0.319763
29 32 0.304115
29 41 0.296798
29 36 0.303050
29 17 0.323827
29 42 0.297456
29 35 0.305824
29 24 0.318844
29 39 0.309627
29 27 0.324151
29 53 0.298289
29 48 0.303364
29 52 0.309318
29 26 0.336976
29 50 0.312846
29 54 0.311911
30 0 0.129080
30 3 0.144486
30 4 0.150053
30 1 0.170040
30 8 0.176397
30 2 0.183345
30 7 0.194164
30 5 0.206127
30 11 0.215936
30 6 0.224473
30 13 0.236029
30 10 0.246983
30 9 0.248763
30 14 0.265615
30 33 0.254101
30 23 0.267283
30 25 0.265482
30 42 0.247194
30 22 0.269428
30 31 0.259899
30 38 0.253420
30 24 0.274037
30 15 0.283555
30 44 0.252588
30 29 0.273409
30 32 0.270533
30 40 0.263525
30 26 0.279999
30 47 0.258014
30 17 0.290628
30 39 0.267820
30 43 0.263008
30 12 0.298380
30 37 0.272716
30 18 0.296607
30 46 0.266607
30 48 0.265024
30 35 0.281386
30 49 0.266422
30 16 0.304720
30 30 0.290961
30 21 0.301859
30 28 0.294235
30 19 0.304727
30 27 0.299878
30 20 0.310823
30 45 0.284445
30 53 0.274763
30 34 0.296942
30 50 0.279813
30 54 0.277234
30 51 0.280467
30 52 0.280160
30 41 0.293959
30 36 0.302644
31 0 0.172381
31 1 0.175325
31 4 0.173702
31 3 0.181315
31 10 0.185959
31 2 0.193978
31 8 0.195646
31 6 0.204800
31 7 0.218788
31 9 0.221611
31 11 0.243094
31 21 0.242639
31 20 0.245811
31 33 0.233008
31 5 0.267098
31 50 0.226388
31 14 0.265485
31 25 0.255545
31 12 0.267504
31 29 0.250612
31 42 0.242866
31 28 0.257485
31 13 0.274478
31 24 0.266558
31 32 0.258772
31 19 0.273905
31 34 0.258464
31 26 0.268260
31 44 0.250871
31 38 0.257633
31 31 0.266877
31 23 0.278493
31 30 0.272447
31 27 0.276604
31 15 0.288371
31 22 0.282137
31 46 0.259232
31 37 0.269232
31 41 0.268230
31 17 0.296172
31 47 0.267188
31 35 0.280055
31 48 0.268996
31 18 0.305218
31 49 0.273779
31 54 0.271091
31 36 0.290602
31 39 0.289761
31 16 0.316596
31 51 0.283646
31 40 0.295757
31 43 0.294933
31 45 0.293582
31 53 0.289440
31 52 0.296175
32 0 0.146119
32 1 0.152187
32 4 0.161105
32 3 0.188692
32 2 0.192516
32 8 0.199734
32 5 0.206457
32 9 0.208692
32 6 0.234804
32 12 0.235912
32 14 0.234579
32 11 0.237987
32 13 0.241024
32 7 0.261446
32 30 0.256516
32 29 0.261550
32 28 0.264166
32 10 0.297723
32 24 0.295835
32 33 0.285780
32 17 0.302915
32 31 0.288661
32 16 0.305159
32 18 0.304450
32 32 0.289562
32 43 0.279975
32 20 0.305042
32 21 0.306638
32 34 0.293088
32 44 0.282977
32 19 0.311656
32 53 0.276119
32 42 0.289141
32 49 0.282872
32 38 0.297015
32 25 0.312224
32 37 0.298458
32 23 0.315074
32 46 0.293274
32 45 0.294496
32 36 0.304811
32 15 0.328646
32 47 0.298096
32 50 0.296733
32 27 0.323522
32 22 0.329234
32 52 0.297041
32 51 0.299212
32 26 0.331006
32 40 0.319834
32 54 0.303943
32 35 0.325561
32 48 0.316215
32 39 0.328742
32 41 0.332101
33 2 0.156997
33 0 0.166115
33 3 0.177653
33 8 0.186535
33 4 0.191211
33 5 0.194083
33 6 0.197585
33 10 0.198367
33 9 0.200841
33 1 0.210788
33 7 0.215844
33 11 0.211648
33 13 0.230495
33 14 0.279350
33 44 0.252063
33 28 0.274549
33 18 0.305463
33 33 0.276187
33 17 0.310613
33 32 0.280597
33 30 0.284437
33 52 0.259090
33 25 0.298908
33 40 0.280090
33 22 0.306355
33 34 0.289125
33 26 0.319773
33 46 0.295503
33 48 0.293099
33 39 0.306405
33 35 0.313131
33 12 0.356267
33 15 0.353304
33 36 0.318204
33 31 0.325285
33 20 0.354849
33 47 0.316734
33 54 0.310969
33 29 0.342496
33 42 0.325987
33 38 0.340368
33 37 0.351950
33 24 0.371314
33 51 0.337433
33 43 0.350026
33 41 0.357082
33 16 0.404308
33 27 0.384496
33 53 0.353477
33 49 0.358466
33 21 0.396310
33 45 0.364881
33 19 0.404989
33 23 0.402127
33 50 0.366643
34 1 0.145374
34 0 0.153394
34 4 0.180061
34 2 0.182061
34 3 0.187490
34 6 0.203010
34 5 0.213896
34 10 0.226171
34 8 0.232273
34 12 0.242970
34 7 0.263156
34 9 0.262921
34 31 0.259631
34 11 0.283067
34 15 0.284731
34 19 0.281962
34 21 0.281081
34 13 0.292075
34 29 0.273533
34 45 0.267441
34 37 0.276287
34 17 0.298520
34 33 0.282334
34 28 0.298060
34 22 0.309940
34 24 0.309797
34 32 0.301349
34 53 0.280906
34 43 0.291218
34 34 0.301067
34 23 0.314375
34 25 0.312270
34 16 0.325418
34 27 0.311985
34 18 0.323543
34 46 0.294403
34 14 0.330550
34 51 0.294225
34 48 0.297878
34 39 0.308536
34 30 0.317360
34 38 0.310942
34 35 0.315392
34 44 0.307925
34 49 0.303727
34 54 0.299374
34 36 0.320575
34 47 0.310294
34 41 0.316962
34 40 0.319718
34 26 0.336765
34 42 0.321191
34 50 0.314652
34 52 0.318415
34 20 0.355982
35 1 0.186591
35 0 0.189624
35 5 0.195195
35 3 0.199452
35 10 0.207071
35 8 0.223639
35 2 0.235784
35 12 0.228337
35 4 0.241751
35 9 0.263397
35 33 0.250250
35 6 0.280325
35 29 0.261916
35 32 0.258676
35 31 0.261863
35 13 0.280327
35 14 0.286348
35 7 0.295601
35 15 0.299056
35 21 0.298137
35 30 0.293546
35 19 0.313175
35 11 0.320363
35 42 0.295895
35 35 0.306246
35 44 0.296385
35 20 0.323869
35 46 0.304828
35 38 0.315817
35 18 0.339768
35 16 0.347988
35 17 0.347703
35 50 0.310673
35 27 0.337102
35 26 0.339897
35 28 0.339246
35 24 0.353327
35 47 0.329482
35 25 0.355569
35 40 0.338404
35 51 0.332280
35 37 0.348125
35 54 0.330869
35 39 0.348917
35 49 0.339713
35 41 0.347910
35 43 0.349867
35 48 0.344587
35 45 0.348329
35 23 0.374850
35 36 0.360133
35 53 0.342267
35 22 0.377037
35 52 0.348444
35 34 0.374120
36 1 0.166317
36 0 0.168121
36 4 0.219803
36 8 0.216148
36 2 0.243213
36 19 0.176771
36 9 0.259656
36 5 0.268734
36 6 0.278084
36 7 0.277477
36 14 0.264136
36 15 0.263518
36 10 0.290258
36 16 0.268172
36 13 0.274756
36 11 0.293715
36 3 0.306376
36 17 0.262815
36 20 0.230363
36 21 0.238861
36 12 0.305815
36 18 0.296518
36 22 0.283538
36 24 0.257848
36 29 0.180381
36 30 0.145572
36 28 0.203578
36 23 0.265347
36 25 0.278270
36 31 0.185684
36 34 0.216652
36 33 0.223036
36 42 0.195060
36 47 0.183563
36 27 0.322821
36 52 0.182612
36 43 0.196500
36 41 0.206848
36 26 0.333137
36 40 0.213408
36 38 0.222423
36 49 0.199237
36 32 0.249392
36 44 0.213627
36 46 0.214676
36 50 0.218514
36 37 0.246915
36 39 0.252854
36 51 0.230491
36 36 0.262431
36 54 0.230761
36 45 0.246150
36 48 0.248826
36 35 0.277504
36 53 0.248830
37 1 0.202019
37 0 0.213824
37 2 0.215674
37 6 0.235731
37 9 0.236538
37 5 0.255706
37 4 0.279434
37 13 0.303746
37 11 0.307693
37 33 0.287125
37 10 0.316249
37 3 0.334354
37 25 0.312677
37 8 0.348057
37 16 0.339763
37 7 0.361419
37 31 0.331674
37 47 0.327962
37 29 0.351809
37 44 0.337890
37 19 0.363756
37 28 0.354412
37 35 0.347762
37 37 0.351168
37 32 0.358034
37 51 0.345165
37 17 0.379686
37 21 0.375451
37 39 0.362717
37 42 0.359855
37 23 0.380513
37 50 0.357619
37 45 0.363720
37 54 0.357022
37 12 0.400407
37 27 0.385166
37 30 0.390261
37 14 0.406955
37 49 0.372488
37 24 0.403557
37 18 0.410809
37 26 0.402706
37 15 0.416280
37 34 0.400459
37 53 0.386301
37 41 0.403186
37 46 0.399992
37 38 0.414907
37 52 0.401353
37 43 0.414344
37 40 0.420727
37 36 0.430050
37 20 0.447691
37 22 0.451044
37 48 0.428374
38 3 0.153116
38 0 0.161760
38 8 0.204271
38 1 0.240982
38 4 0.243140
38 5 0.251537
38 2 0.258360
38 13 0.269668
38 12 0.272372
38 7 0.290668
38 10 0.304498
38 14 0.326815
38 9 0.331265
38 52 0.321927
38 32 0.344628
38 29 0.347857
38 27 0.350991
38 22 0.357413
38 31 0.347173
38 33 0.346119
38 18 0.364642
38 23 0.359519
38 25 0.358628
38 30 0.353478
38 15 0.369994
38 28 0.356489
38 6 0.377481
38 40 0.344959
38 16 0.371552
38 26 0.363660
38 11 0.379031
38 54 0.337936
38 34 0.361180
38 49 0.344039
38 21 0.376718
38 44 0.354726
38 36 0.365907
38 45 0.358197
38 43 0.362608
38 51 0.364809
38 17 0.406218
38 42 0.386514
38 46 0.385164
38 37 0.397794
38 41 0.396136
38 19 0.424061
38 53 0.388004
38 39 0.408072
38 35 0.412435
38 20 0.428949
38 48 0.398093
38 24 0.429402
38 38 0.416594
38 47 0.418286
38 50 0.422428
39 0 0.200531
39 5 0.201067
39 1 0.210022
39 3 0.224279
39 11 0.230670
39 9 0.237728
39 8 0.239458
39 12 0.243407
39 6 0.269876
39 2 0.304972
39 14 0.299485
39 29 0.289405
39 13 0.323427
39 4 0.333498
39 19 0.322111
39 39 0.306589
39 17 0.330593
39 31 0.315228
39 21 0.329244
39 20 0.334934
39 30 0.325834
39 33 0.326155
39 18 0.343145
39 41 0.321057
39 10 0.355347
39 25 0.344374
39 51 0.324923
39 27 0.353673
39 48 0.329764
39 37 0.343983
39 24 0.360316
39 44 0.336968
39 16 0.369423
39 28 0.359136
39 54 0.334734
39 43 0.347514
39 32 0.362642
39 40 0.357431
39 46 0.354054
39 23 0.387851
39 35 0.376056
39 53 0.356014
39 45 0.367861
39 49 0.366478
39 26 0.399970
39 7 0.416284
39 15 0.413204
39 52 0.376437
39 36 0.395175
39 22 0.413045
39 42 0.390305
39 34 0.406675
39 50 0.392411
39 38 0.414468
39 47 0.413889
40 3 0.178063
40 0 0.183048
40 5 0.184127
40 6 0.204825
40 4 0.214456
40 2 0.228770
40 8 0.226310
40 10 0.235287
40 9 0.239952
40 14 0.249849
40 12 0.253667
40 1 0.267302
40 13 0.264843
40 19 0.261572
40 11 0.282738
40 33 0.268846
40 7 0.306871
40 21 0.295379
40 34 0.287667
40 44 0.281020
40 16 0.315124
40 17 0.314531
40 43 0.286813
40 28 0.308150
40 54 0.280088
40 30 0.311354
40 31 0.311836
40 51 0.297412
40 29 0.325502
40 46 0.309538
40 35 0.329005
40 38 0.325482
40 22 0.344608
40 15 0.352341
40 36 0.331752
40 26 0.346948
40 23 0.351794
40 47 0.326051
40 49 0.324053
40 32 0.345125
40 40 0.336120
40 25 0.353952
40 53 0.322948
40 24 0.355971
40 45 0.337143
40 39 0.346886
40 42 0.345499
40 37 0.355391
40 41 0.353179
40 18 0.377724
40 48 0.346876
40 27 0.370733
40 50 0.363085
40 52 0.365387
40 20 0.406940
41 9 0.229463
41 1 0.239738
41 13 0.234210
41 5 0.242723
41 0 0.259714
41 4 0.259651
41 8 0.265624
41 3 0.273142
41 12 0.275349
41 6 0.294234
41 11 0.326666
41 2 0.335398
41 28 0.318984
41 32 0.317985
41 7 0.351429
41 31 0.326355
41 10 0.367929
41 16 0.363407
41 43 0.338547
41 15 0.373725
41 37 0.347789
41 19 0.370610
41 35 0.351404
41 34 0.359455
41 17 0.380751
41 27 0.374844
41 39 0.367167
41 33 0.379450
41 44 0.365875
41 20 0.397988
41 22 0.395672
41 30 0.394440
41 29 0.395921
41 14 0.413400
41 41 0.380853
41 53 0.370330
41 21 0.416581
41 42 0.393342
41 45 0.397464
41 25 0.426589
41 50 0.397211
41 54 0.396724
41 23 0.441163
41 51 0.406646
41 49 0.411536
41 48 0.414743
41 47 0.417400
41 18 0.457749
41 26 0.450285
41 24 0.455508
41 38 0.442194
41 40 0.446509
41 52 0.430280
41 36 0.457055
41 46 0.448089
42 0 0.193661
42 2 0.242031
42 10 0.252664
42 6 0.240051
42 13 0.266991
42 3 0.275950
42 29 0.254288
42 5 0.278195
42 1 0.290293
42 14 0.299988
42 12 0.303611
42 4 0.310227
42 16 0.302066
42 17 0.302044
42 9 0.309088
42 31 0.292825
42 30 0.294741
42 7 0.316668
42 34 0.294075
42 11 0.324496
42 27 0.311229
42 33 0.306315
42 44 0.295152
42 22 0.321632
42 28 0.318627
42 25 0.321774
42 8 0.337656
42 26 0.325497
42 39 0.316659
42 32 0.324287
42 35 0.322188
42 52 0.301793
42 20 0.341452
42 41 0.321490
42 15 0.354696
42 18 0.358425
42 46 0.329465
42 23 0.357121
42 40 0.339455
42 49 0.328786
42 47 0.333034
42 45 0.337406
42 37 0.346879
42 24 0.364630
42 21 0.369999
42 36 0.354095
42 19 0.373947
42 48 0.342942
42 38 0.359301
42 54 0.342946
42 51 0.349865
42 43 0.363545
42 42 0.365266
42 50 0.358548
42 53 0.362369
43 8 0.200578
43 0 0.226673
43 2 0.228854
43 3 0.237220
43 1 0.241668
43 10 0.237544
43 5 0.247975
43 12 0.245378
43 9 0.265957
43 7 0.282517
43 14 0.277770
43 13 0.302324
43 29 0.293385
43 4 0.317862
43 32 0.293451
43 11 0.337178
43 44 0.302948
43 6 0.350747
43 39 0.322583
43 38 0.324374
43 28 0.343212
43 30 0.341431
43 33 0.346356
43 18 0.362387
43 16 0.377800
43 21 0.373084
43 19 0.375762
43 48 0.345063
43 17 0.384138
43 53 0.341832
43 31 0.370756
43 50 0.349374
43 46 0.357409
43 54 0.349852
43 52 0.353931
43 36 0.379944
43 42 0.372089
43 20 0.401984
43 34 0.388051
43 26 0.400535
43 27 0.403072
43 35 0.397219
43 45 0.382033
43 47 0.385913
43 15 0.427205
43 22 0.425304
43 40 0.406471
43 24 0.436711
43 51 0.403119
43 41 0.421170
43 49 0.411876
43 25 0.450289
43 37 0.437354
43 43 0.432862
43 23 0.469710
44 8 0.166134
44 9 0.157146
44 10 0.184377
44 0 0.221997
44 1 0.243236
44 14 0.152919
44 3 0.269329
44 11 0.250482
44 2 0.294058
44 13 0.191059
44 6 0.286273
44 12 0.195778
44 4 0.324460
44 5 0.334491
44 7 0.343164
44 28 0.160605
44 29 0.179139
44 16 0.291483
44 18 0.266796
44 17 0.304840
44 32 0.240595
44 33 0.240168
44 15 0.363725
44 31 0.248472
44 19 0.333596
44 22 0.337039
44 20 0.354432
44 30 0.277144
44 24 0.325963
44 25 0.355930
44 26 0.348296
44 44 0.241757
44 23 0.402367
44 27 0.367539
44 37 0.328823
44 21 0.429330
44 36 0.349197
44 40 0.326218
44 42 0.379496
44 35 0.429160
44 38 0.432223
44 43 0.375889
44 51 0.285345
44 48 0.337822
44 34 0.460700
44 53 0.221998
44 45 0.374451
44 54 0.238394
44 41 0.444691
44 47 0.365472
44 46 0.371781
44 52 0.250342
44 39 0.468089
44 49 0.351259
44 50 0.363664
45 8 0.241708
45 14 0.207906
45 10 0.240140
45 11 0.275390
45 5 0.315318
45 3 0.324602
45 12 0.300439
45 0 0.359938
45 9 0.329273
45 4 0.358796
45 13 0.307034
45 2 0.379819
45 1 0.383081
45 6 0.366409
45 15 0.349931
45 28 0.175104
45 7 0.503849
45 33 0.178238
45 16 0.516072
45 20 0.345497
45 17 0.468646
45 18 0.434585
45 31 0.287202
45 32 0.299006
45 21 0.383369
45 27 0.337261
45 30 0.315171
45 22 0.365513
45 25 0.349158
45 26 0.347642
45 29 0.325807
45 19 0.487155
45 23 0.433131
45 44 0.351408
45 37 0.412466
45 46 0.406289
45 35 0.439241
45 24 0.506229
45 43 0.418333
45 38 0.434429
45 39 0.438525
45 53 0.419149
45 41 0.446492
45 51 0.430622
45 49 0.437466
45 50 0.435561
45 48 0.442785
45 42 0.464603
45 34 0.497191
45 54 0.462113
45 40 0.490938
45 45 0.482760
45 52 0.472457
45 47 0.484340
45 36 0.516577
46 0 0.207201
46 10 0.242977
46 6 0.324951
46 3 0.370588
46 5 0.369445
46 4 0.376607
46 30 0.344347
46 2 0.379140
46 7 0.385805
46 11 0.412301
46 28 0.389270
46 20 0.405962
46 8 0.416915
46 29 0.388422
46 21 0.417087
46 14 0.444000
46 12 0.445663
46 32 0.416957
46 16 0.456718
46 36 0.427810
46 43 0.427170
46 31 0.440193
46 17 0.464819
46 15 0.468717
46 9 0.485339
46 38 0.447863
46 13 0.485033
46 34 0.458189
46 27 0.466538
46 40 0.452874
46 52 0.440049
46 41 0.456644
46 44 0.458603
46 23 0.497065
46 33 0.481684
46 1 0.537807
46 50 0.480393
46 25 0.521421
46 47 0.501319
46 46 0.510272
46 24 0.539033
46 42 0.522329
46 53 0.509526
46 48 0.517922
46 26 0.546146
46 54 0.517223
46 45 0.527995
46 35 0.540267
46 37 0.542951
46 18 0.580078
46 19 0.585035
46 49 0.545145
46 51 0.546361
46 39 0.565826
46 22 0.596936
47 4 0.206968
47 8 0.220323
47 0 0.234334
47 9 0.267094
47 10 0.275182
47 31 0.269853
47 28 0.281292
47 1 0.307461
47 5 0.306728
47 13 0.302780
47 12 0.319746
47 2 0.337914
47 14 0.351955
47 30 0.336715
47 7 0.363315
47 11 0.365978
47 26 0.365487
47 27 0.364891
47 24 0.369221
47 44 0.350037
47 29 0.369434
47 15 0.384985
47 32 0.369181
47 33 0.369202
47 3 0.403623
47 6 0.403252
47 25 0.400550
47 23 0.412592
47 35 0.401544
47 51 0.385770
47 16 0.423735
47 19 0.426879
47 20 0.432651
47 54 0.399232
47 22 0.437502
47 53 0.408476
47 43 0.424963
47 49 0.426768
47 38 0.446740
47 46 0.440942
47 36 0.452395
47 42 0.449049
47 39 0.455077
47 41 0.453585
47 34 0.461591
47 48 0.449013
47 40 0.464038
47 47 0.461679
47 18 0.498072
47 45 0.476608
47 50 0.475337
47 17 0.510343
47 52 0.474197
47 37 0.494728
47 21 0.512540
48 3 0.315066
48 0 0.324835
48 10 0.320249
48 4 0.328337
48 7 0.343950
48 5 0.353491
48 8 0.361998
48 14 0.373028
48 12 0.376197
48 32 0.390424
48 20 0.404610
48 30 0.400210
48 2 0.443312
48 6 0.439092
48 33 0.417233
48 28 0.423938
48 29 0.422898
48 11 0.441481
48 44 0.430799
48 27 0.451388
48 34 0.443608
48 26 0.464795
48 24 0.471282
48 42 0.454617
48 38 0.471600
48 31 0.478879
48 9 0.517138
48 53 0.472875
48 18 0.513794
48 45 0.485909
48 22 0.523159
48 1 0.544748
48 13 0.534655
48 15 0.540581
48 52 0.501275
48 46 0.518468
48 35 0.533194
48 36 0.541401
48 48 0.529351
48 47 0.531264
48 23 0.564430
48 40 0.546781
48 39 0.554404
48 16 0.590402
48 54 0.552009
48 37 0.572000
48 17 0.600871
48 50 0.576533
48 43 0.585298
48 51 0.579180
48 49 0.585451
48 19 0.624205
48 25 0.629377
48 41 0.614569
48 21 0.653337
49 8 0.223404
49 2 0.246281
49 12 0.242796
49 10 0.251350
49 11 0.260377
49 13 0.262896
49 9 0.268392
49 4 0.328049
49 28 0.304260
49 30 0.302190
49 5 0.327984
49 1 0.331142
49 0 0.334374
49 3 0.343034
49 14 0.334524
49 6 0.392841
49 29 0.410707
49 33 0.406439
49 31 0.408836
49 44 0.405194
49 15 0.444423
49 32 0.426224
49 7 0.452560
49 18 0.442764
49 47 0.410595
49 17 0.447618
49 43 0.419934
49 35 0.430834
49 22 0.458836
49 24 0.456615
49 25 0.456274
49 21 0.469397
49 20 0.473612
49 39 0.451480
49 34 0.460699
49 40 0.456482
49 53 0.447233
49 49 0.452386
49 51 0.456067
49 26 0.487894
49 54 0.467801
49 27 0.499744
49 46 0.484091
49 19 0.515911
49 52 0.479816
49 38 0.496561
49 45 0.489707
49 23 0.519048
49 16 0.531268
49 41 0.509532
49 50 0.498843
49 36 0.518735
49 37 0.527560
49 42 0.538615
49 48 0.549947
50 5 0.297803
50 12 0.294072
50 8 0.305899
50 0 0.317510
50 3 0.327984
50 9 0.358068
50 30 0.377728
50 10 0.398366
50 31 0.377669
50 1 0.406379
50 11 0.398769
50 13 0.397610
50 14 0.397175
50 7 0.403617
50 32 0.394749
50 4 0.422896
50 44 0.381967
50 33 0.397638
50 29 0.407771
50 36 0.413303
50 15 0.439926
50 28 0.429527
50 2 0.456469
50 53 0.404976
50 34 0.439040
50 16 0.462271
50 51 0.435193
50 38 0.456486
50 26 0.473561
50 18 0.489173
50 42 0.463210
50 21 0.490918
50 27 0.494198
50 20 0.503801
50 54 0.466641
50 23 0.501388
50 24 0.507703
50 19 0.514791
50 17 0.522035
50 49 0.487273
50 22 0.517855
50 45 0.493936
50 41 0.500381
50 35 0.508038
50 6 0.545322
50 48 0.511195
50 25 0.536433
50 52 0.509798
50 47 0.520279
50 39 0.533064
50 40 0.532886
50 37 0.537467
50 46 0.535547
50 43 0.547088
50 50 0.548397
51 8 0.192975
51 9 0.195299
51 10 0.200354
51 1 0.316556
51 0 0.318321
51 11 0.326770
51 13 0.322638
51 5 0.369769
51 3 0.398187
51 7 0.437193
51 14 0.439403
51 6 0.446060
51 4 0.496063
51 32 0.413760
51 12 0.447044
51 2 0.512985
51 16 0.482957
51 28 0.494966
51 22 0.507649
51 44 0.442850
51 23 0.530089
51 29 0.543534
51 17 0.563627
51 20 0.578233
51 15 0.586768
51 27 0.571602
51 35 0.577649
51 21 0.600229
51 25 0.600746
51 31 0.594642
51 24 0.611808
51 37 0.602406
51 30 0.623481
51 33 0.629063
51 18 0.656309
51 47 0.578931
51 19 0.670317
51 45 0.625857
51 54 0.516093
51 34 0.689228
51 42 0.678693
51 51 0.545864
51 43 0.686947
51 52 0.540976
51 39 0.703583
51 41 0.698159
51 53 0.550425
51 36 0.721277
51 46 0.684096
51 49 0.643369
51 48 0.667166
51 26 0.764961
51 40 0.749872
51 50 0.630941
51 38 0.757946
52 0 0.208176
52 10 0.133371
52 8 0.168678
52 1 0.226218
52 3 0.213747
52 4 0.231165
52 6 0.233514
52 5 0.260661
52 7 0.258770
52 12 0.208798
52 2 0.302049
52 13 0.211766
52 9 0.235862
52 11 0.263633
52 14 0.188163
52 22 0.281546
52 28 0.253678
52 17 0.329992
52 20 0.324744
52 24 0.315438
52 15 0.350449
52 30 0.285196
52 31 0.281641
52 32 0.280138
52 18 0.422181
52 23 0.409692
52 29 0.375689
52 27 0.394248
52 33 0.361924
52 16 0.439058
52 19 0.425576
52 25 0.406447
52 26 0.426433
52 44 0.333136
52 21 0.453219
52 36 0.409426
52 34 0.431366
52 51 0.351586
52 38 0.471348
52 53 0.382151
52 42 0.443526
52 50 0.410275
52 46 0.447429
52 35 0.521838
52 54 0.299651
52 37 0.509068
52 47 0.452468
52 41 0.497792
52 45 0.481461
52 40 0.501404
52 52 0.441847
52 48 0.458910
52 49 0.455407
52 39 0.526488
52 43 0.513933
53 8 0.223044
53 9 0.225499
53 11 0.364633
53 3 0.371885
53 4 0.371507
53 32 0.345082
53 2 0.375497
53 28 0.354313
53 0 0.424811
53 10 0.425609
53 1 0.442186
53 12 0.435651
53 5 0.442221
53 30 0.451369
53 44 0.437220
53 13 0.469180
53 14 0.471815
53 29 0.456707
53 6 0.479488
53 31 0.455761
53 7 0.479374
53 15 0.480188
53 21 0.476631
53 19 0.482195
53 41 0.461703
53 34 0.476219
53 26 0.484574
53 20 0.494799
53 33 0.485236
53 23 0.506028
53 16 0.514547
53 42 0.491198
53 47 0.491458
53 25 0.515974
53 54 0.485171
53 38 0.512715
53 48 0.514859
53 24 0.549938
53 39 0.539459
53 35 0.556522
53 40 0.553231
53 18 0.584172
53 49 0.561873
53 51 0.563057
53 50 0.568928
53 52 0.570312
53 22 0.604409
53 45 0.583341
53 53 0.574089
53 17 0.622129
53 36 0.606328
53 43 0.604463
53 37 0.614216
53 46 0.606468
53 27 0.627978
54 10 0.264521
54 2 0.338593
54 0 0.340381
54 44 0.300265
54 28 0.354444
54 9 0.386223
54 3 0.404214
54 13 0.397587
54 29 0.383259
54 14 0.426123
54 12 0.451548
54 46 0.418556
54 20 0.445773
54 8 0.455818
54 5 0.458228
54 30 0.435808
54 6 0.458082
54 32 0.445557
54 33 0.452773
54 52 0.436077
54 31 0.462082
54 40 0.460323
54 25 0.481940
54 38 0.468875
54 11 0.512519
54 27 0.498621
54 4 0.530782
54 7 0.534786
54 21 0.526572
54 42 0.508729
54 36 0.526258
54 51 0.516102
54 45 0.528531
54 54 0.529184
54 1 0.581060
54 48 0.538399
54 24 0.565695
54 16 0.581503
54 23 0.578454
54 37 0.562767
54 22 0.581044
54 18 0.586713
54 50 0.558166
54 15 0.598617
54 39 0.574295
54 43 0.577627
54 26 0.607496
54 17 0.616588
54 19 0.620292
54 47 0.603733
54 53 0.597934
54 34 0.631731
54 35 0.633072
54 49 0.623035
54 41 0.657165
55 8 0.217141
55 11 0.246390
55 9 0.276571
55 12 0.300468
55 1 0.328317
55 2 0.331490
55 13 0.306881
55 10 0.317301
55 14 0.304515
55 0 0.394657
55 3 0.400882
55 4 0.416523
55 5 0.454947
55 7 0.467266
55 16 0.444142
55 6 0.489693
55 32 0.419845
55 29 0.449221
55 28 0.459314
55 17 0.497924
55 15 0.513959
55 18 0.510008
55 33 0.446430
55 19 0.531274
55 22 0.534976
55 26 0.526296
55 25 0.544065
55 27 0.545917
55 20 0.565265
55 24 0.565163
55 47 0.458856
55 31 0.538679
55 44 0.492796
55 30 0.564928
55 21 0.611011
55 23 0.611517
55 43 0.521231
55 38 0.554706
55 51 0.521988
55 50 0.545658
55 52 0.533853
55 35 0.606331
55 46 0.573188
55 49 0.562554
55 37 0.622991
55 39 0.628763
55 34 0.659186
55 36 0.643754
55 45 0.625021
55 40 0.633368
55 42 0.638294
55 41 0.645295
55 48 0.632921
55 54 0.601396
55 53 0.621775
56 0 0.282095
56 1 0.290945
56 3 0.283980
56 10 0.137850
56 5 0.302439
56 8 0.208125
56 9 0.208044
56 11 0.231087
56 2 0.414022
56 6 0.324417
56 12 0.235222
56 20 0.127574
56 4 0.410144
56 14 0.198768
56 7 0.340533
56 13 0.266731
56 19 0.273916
56 32 0.170865
56 15 0.307165
56 17 0.306207
56 31 0.202090
56 24 0.244951
56 30 0.267478
56 26 0.287835
56 16 0.382017
56 22 0.342701
56 25 0.310410
56 28 0.295223
56 29 0.314373
56 18 0.401675
56 27 0.351220
56 21 0.416675
56 23 0.382674
56 33 0.344221
56 44 0.302418
56 34 0.377621
56 35 0.403824
56 54 0.287703
56 41 0.414699
56 38 0.447757
56 40 0.439190
56 39 0.452273
56 37 0.456255
56 42 0.425336
56 49 0.370873
56 51 0.346688
56 52 0.354643
56 46 0.416965
56 53 0.356817
56 43 0.446704
56 47 0.425326
56 36 0.515178
56 45 0.445158
56 48 0.440599
56 50 0.423208
57 30 0.296984
57 31 0.306002
57 11 0.345209
57 3 0.355573
57 2 0.395868
57 5 0.407187
57 8 0.448491
57 13 0.450180
57 6 0.492128
57 10 0.494652
57 14 0.507751
57 4 0.516200
57 1 0.523327
57 43 0.484949
57 24 0.506046
57 22 0.520451
57 9 0.537771
57 40 0.517322
57 0 0.560418
57 50 0.513674
57 33 0.533729
57 39 0.530013
57 53 0.514141
57 7 0.567369
57 29 0.559071
57 12 0.580093
57 32 0.559445
57 28 0.565191
57 47 0.544070
57 45 0.551797
57 44 0.552931
57 36 0.567633
57 27 0.578143
57 25 0.596332
57 18 0.627917
57 15 0.635882
57 26 0.631152
57 49 0.640244
57 34 0.662080
57 51 0.648769
57 37 0.666302
57 35 0.669978
57 21 0.689821
57 52 0.660574
57 38 0.677734
57 16 0.701258
57 54 0.663078
57 19 0.710299
57 41 0.686427
57 42 0.695155
57 20 0.723519
57 48 0.740574
57 17 0.797809
57 23 0.805514
57 46 0.824206
58 8 0.221487
58 9 0.223354
58 12 0.242490
58 13 0.209637
58 10 0.300912
58 11 0.310781
58 3 0.363899
58 4 0.363138
58 1 0.386753
58 2 0.401914
58 5 0.414190
58 14 0.308692
58 0 0.477937
58 7 0.460909
58 6 0.515429
58 30 0.235397
58 29 0.254465
58 16 0.442350
58 28 0.318770
58 18 0.429406
58 33 0.317425
58 15 0.529838
58 32 0.389498
58 20 0.547856
58 44 0.392244
58 19 0.575071
58 31 0.459822
58 22 0.553800
58 26 0.517384
58 23 0.555705
58 21 0.578241
58 25 0.552325
58 36 0.495837
58 34 0.519737
58 24 0.603279
58 17 0.692866
58 35 0.546055
58 27 0.655507
58 40 0.588459
58 37 0.620345
58 54 0.522123
58 52 0.588877
58 45 0.612883
58 48 0.610581
58 38 0.660994
58 42 0.645793
58 43 0.647976
58 53 0.580228
58 51 0.632381
58 41 0.694415
58 39 0.715102
58 46 0.675616
58 50 0.673651
58 47 0.687287
58 49 0.690693
59 12 0.307408
59 4 0.337997
59 5 0.367964
59 3 0.375964
59 13 0.410114
59 31 0.396194
59 0 0.434985
59 29 0.407216
59 9 0.450759
59 1 0.459116
59 8 0.453905
59 17 0.444638
59 33 0.457717
59 11 0.505731
59 10 0.508002
59 16 0.503929
59 44 0.478343
59 51 0.476866
59 45 0.542927
59 21 0.586048
59 14 0.622016
59 25 0.607605
59 19 0.622214
59 39 0.595377
59 23 0.625421
59 49 0.594448
59 53 0.595915
59 34 0.627501
59 20 0.650448
59 15 0.660811
59 30 0.644566
59 41 0.629275
59 28 0.654047
59 2 0.683181
59 6 0.687130
59 27 0.665755
59 18 0.682272
59 47 0.651243
59 32 0.675400
59 7 0.713673
59 48 0.662248
59 24 0.707581
59 46 0.677155
59 42 0.700954
59 37 0.718073
59 43 0.715711
59 54 0.708360
59 50 0.742197
59 52 0.753489
59 22 0.805541
59 38 0.785770
59 26 0.810230
59 35 0.800338
59 40 0.803712
59 36 0.818079
60 8 0.229936
60 3 0.330346
60 1 0.376297
60 5 0.379456
60 9 0.273724
60 10 0.301529
60 11 0.244684
60 13 0.197042
60 12 0.222966
60 14 0.204692
60 2 0.497861
60 0 0.553164
60 4 0.545654
60 6 0.590132
60 28 0.228472
60 29 0.234860
60 7 0.633352
60 30 0.295898
60 32 0.313059
60 18 0.439685
60 31 0.354993
60 16 0.480598
60 23 0.480883
60 20 0.509920
60 22 0.491919
60 45 0.361993
60 15 0.561903
60 25 0.499391
60 24 0.513416
60 33 0.441493
60 17 0.575125
60 39 0.407258
60 27 0.510805
60 44 0.436025
60 34 0.486287
60 43 0.459596
60 26 0.617958
60 48 0.392992
60 36 0.530337
60 46 0.516258
60 41 0.565182
60 54 0.391015
60 35 0.602625
60 19 0.752366
60 40 0.614458
60 52 0.456460
60 21 0.766234
60 50 0.542662
60 38 0.683233
60 51 0.521365
60 47 0.576267
60 42 0.703015
60 53 0.540154
60 37 0.743855
60 49 0.625712
61 9 0.297256
61 13 0.297821
61 11 0.322181
61 8 0.350106
61 30 0.383751
61 0 0.427762
61 33 0.423648
61 1 0.467551
61 4 0.473644
61 31 0.453977
61 5 0.491640
61 10 0.488894
61 6 0.511541
61 14 0.512444
61 7 0.520456
61 2 0.552439
61 29 0.527557
61 28 0.578714
61 12 0.610034
61 3 0.634316
61 43 0.607412
61 48 0.607557
61 34 0.632667
61 32 0.646783
61 47 0.627581
61 21 0.693982
61 52 0.660652
61 18 0.718476
61 41 0.690203
61 45 0.684849
61 49 0.686803
61 44 0.697561
61 19 0.739905
61 15 0.749344
61 51 0.719105
61 23 0.762122
61 39 0.738810
61 27 0.763651
61 37 0.756048
61 35 0.761111
61 17 0.801671
61 25 0.811752
61 40 0.806566
61 36 0.820919
61 26 0.850376
61 54 0.822490
61 53 0.826879
61 46 0.844216
61 16 0.903069
61 42 0.872474
61 38 0.894202
61 50 0.888876
61 22 0.933839
61 24 0.937784
61 20 0.951968
62 0 0.244835
62 8 0.252580
62 1 0.296358
62 3 0.287325
62 5 0.287539
62 12 0.254975
62 9 0.279261
62 10 0.279348
62 11 0.286484
62 14 0.333932
62 4 0.398095
62 7 0.422389
62 2 0.489117
62 15 0.477763
62 13 0.484720
62 16 0.482696
62 29 0.245288
62 31 0.253479
62 6 0.567373
62 32 0.255185
62 30 0.308128
62 20 0.404139
62 36 0.365940
62 17 0.594818
62 22 0.462501
62 44 0.320019
62 40 0.363735
62 28 0.444119
62 19 0.534742
62 26 0.457264
62 33 0.433510
62 34 0.459751
62 18 0.660460
62 24 0.516939
62 23 0.521691
62 21 0.600223
62 54 0.272828
62 27 0.549588
62 42 0.448847
62 43 0.460794
62 37 0.519285
62 38 0.520671
62 51 0.369513
62 46 0.438454
62 52 0.382886
62 45 0.498710
62 50 0.422308
62 53 0.400368
62 39 0.583587
62 35 0.631980
62 48 0.490126
62 25 0.678835
62 49 0.508101
62 41 0.601999
62 47 0.535336
63 9 0.275340
63 10 0.280952
63 3 0.352301
63 8 0.341066
63 5 0.366602
63 2 0.387401
63 11 0.320913
63 13 0.270439
63 0 0.467760
63 7 0.481405
63 1 0.500832
63 4 0.505330
63 12 0.362322
63 14 0.343243
63 6 0.540324
63 15 0.359298
63 29 0.221319
63 28 0.236016
63 33 0.197703
63 30 0.288824
63 16 0.438169
63 31 0.259040
63 17 0.441633
63 32 0.290688
63 20 0.483712
63 22 0.486372
63 44 0.268929
63 19 0.533221
63 21 0.542837
63 18 0.575624
63 23 0.533437
63 25 0.500137
63 26 0.507231
63 36 0.451537
63 24 0.556837
63 27 0.545767
63 43 0.406297
63 35 0.490567
63 53 0.345131
63 42 0.481127
63 54 0.380329
63 39 0.492680
63 34 0.561975
63 52 0.413121
63 51 0.433360
63 50 0.448773
63 40 0.542709
63 38 0.553498
63 45 0.525935
63 47 0.513827
63 41 0.576331
63 48 0.535019
63 46 0.561189
63 37 0.599078
63 49 0.544391
64 8 0.295004
64 9 0.315769
64 10 0.373211
64 12 0.370827
64 13 0.402969
64 1 0.439118
64 11 0.432387
64 0 0.454209
64 4 0.495382
64 3 0.507462
64 32 0.525997
64 6 0.585486
64 28 0.543770
64 44 0.520778
64 33 0.581266
64 15 0.649169
64 16 0.658265
64 2 0.672046
64 30 0.623805
64 5 0.686973
64 40 0.635865
64 14 0.733454
64 34 0.692449
64 42 0.732272
64 29 0.755591
64 24 0.773181
64 36 0.746100
64 50 0.723793
64 48 0.751476
64 26 0.798941
64 53 0.737995
64 31 0.788482
64 7 0.837634
64 22 0.825818
64 41 0.810181
64 39 0.818109
64 17 0.872989
64 18 0.874383
64 20 0.869341
64 43 0.832569
64 38 0.854184
64 25 0.885967
64 35 0.869635
64 19 0.924139
64 45 0.873440
64 51 0.864033
64 27 0.910991
64 21 0.927727
64 23 0.942115
64 49 0.894241
64 46 0.906913
64 54 0.882348
64 52 0.898505
64 47 0.915947
64 37 1.026371
65 9 0.344803
65 5 0.349920
65 11 0.351514
65 3 0.359760
65 13 0.356392
65 2 0.426744
65 7 0.550322
65 31 0.528753
65 8 0.550705
65 4 0.556327
65 1 0.561307
65 30 0.515069
65 28 0.531766
65 0 0.579313
65 23 0.550546
65 12 0.597852
65 45 0.527667
65 29 0.549143
65 50 0.536596
65 44 0.545341
65 33 0.507989
65 41 0.557520
65 15 0.611533
65 6 0.639250
65 49 0.591820
65 27 0.628316
65 25 0.636701
65 43 0.615312
65 22 0.652718
65 39 0.620633
65 54 0.617026
65 35 0.642692
65 18 0.694899
65 10 0.729325
65 46 0.677817
65 47 0.681994
65 32 0.707386
65 17 0.737313
65 48 0.689088
65 14 0.759444
65 51 0.712536
65 21 0.758593
65 26 0.758764
65 36 0.741683
65 53 0.735222
65 37 0.753737
65 42 0.749887
65 34 0.778712
65 38 0.779154
65 16 0.833670
65 24 0.836329
65 20 0.844250
65 52 0.804624
65 40 0.826962
65 19 0.934689
66 8 0.205272
66 13 0.238811
66 11 0.251872
66 9 0.285917
66 4 0.296113
66 10 0.284550
66 0 0.302884
66 1 0.375124
66 12 0.355227
66 6 0.390684
66 2 0.417550
66 14 0.400399
66 3 0.473378
66 18 0.454224
66 19 0.453371
66 5 0.533391
66 20 0.470690
66 7 0.530877
66 15 0.510574
66 28 0.400312
66 30 0.366990
66 32 0.320562
66 29 0.419715
66 21 0.532458
66 31 0.392494
66 16 0.679766
66 33 0.437591
66 17 0.667068
66 22 0.633977
66 26 0.624351
66 44 0.331850
66 23 0.702859
66 25 0.686908
66 24 0.717265
66 51 0.288266
66 27 0.687381
66 53 0.306274
66 43 0.390768
66 37 0.465080
66 36 0.582698
66 41 0.446790
66 45 0.449880
66 35 0.607980
66 54 0.400633
66 52 0.407007
66 42 0.488131
66 49 0.416328
66 46 0.497878
66 40 0.517900
66 47 0.488089
66 38 0.590710
66 39 0.596897
66 48 0.490550
66 34 0.726122
66 50 0.496162
67 9 0.372705
67 11 0.451209
67 30 0.516763
67 13 0.537325
67 10 0.541040
67 4 0.551737
67 7 0.609946
67 40 0.571081
67 6 0.613553
67 31 0.660628
67 19 0.696240
67 17 0.699389
67 5 0.713942
67 1 0.720391
67 3 0.719637
67 15 0.721307
67 49 0.682278
67 33 0.726133
67 44 0.734464
67 8 0.810659
67 46 0.766759
67 32 0.786882
67 28 0.801611
67 37 0.807375
67 12 0.865216
67 14 0.864208
67 21 0.871227
67 0 0.907635
67 50 0.848925
67 45 0.881101
67 38 0.895314
67 22 0.922332
67 48 0.890437
67 39 0.905987
67 29 0.941313
67 35 0.940541
67 2 0.987326
67 41 0.947333
67 36 0.972612
67 43 0.968578
67 53 0.962356
67 52 0.989525
67 54 0.992487
67 25 1.052299
67 27 1.048342
67 20 1.074840
67 47 1.049917
67 23 1.084266
67 51 1.047076
67 24 1.092244
67 18 1.105126
67 42 1.099324
67 16 1.142600
67 34 1.127148
67 26 1.143061
68 8 0.297869
68 10 0.306260
68 2 0.334167
68 11 0.321634
68 1 0.454468
68 6 0.448020
68 4 0.458527
68 19 0.467248
68 13 0.484119
68 3 0.502526
68 17 0.514436
68 9 0.524918
68 20 0.515724
68 5 0.539315
68 12 0.539281
68 14 0.579504
68 16 0.622997
68 29 0.591909
68 32 0.585534
68 24 0.613173
68 22 0.623457
68 0 0.661062
68 27 0.613321
68 33 0.597968
68 44 0.604398
68 34 0.627707
68 42 0.622318
68 28 0.661185
68 23 0.689416
68 21 0.710360
68 26 0.690593
68 30 0.676164
68 31 0.683625
68 52 0.614074
68 15 0.758566
68 18 0.752165
68 50 0.698448
68 46 0.717722
68 48 0.725178
68 35 0.777072
68 39 0.771544
68 25 0.818160
68 40 0.781503
68 51 0.754540
68 36 0.835851
68 7 0.911338
68 54 0.776511
68 38 0.845126
68 53 0.785207
68 47 0.815858
68 45 0.844353
68 37 0.869022
68 43 0.897844
68 49 0.883194
68 41 0.940470
69 9 0.311824
69 8 0.313215
69 4 0.329204
69 10 0.327426
69 11 0.389885
69 7 0.444150
69 12 0.438852
69 14 0.438086
69 17 0.479477
69 3 0.501111
69 1 0.502729
69 13 0.491408
69 5 0.537298
69 33 0.495580
69 2 0.562700
69 0 0.612842
69 31 0.558818
69 15 0.629604
69 29 0.597781
69 38 0.591756
69 44 0.585956
69 32 0.607197
69 45 0.592314
69 39 0.622546
69 47 0.620815
69 6 0.700135
69 20 0.692932
69 23 0.697540
69 28 0.706925
69 51 0.684041
69 49 0.692615
69 19 0.746142
69 48 0.712643
69 35 0.735896
69 30 0.749409
69 21 0.788887
69 53 0.744914
69 41 0.764233
69 25 0.799874
69 54 0.762675
69 27 0.816030
69 40 0.800379
69 36 0.822630
69 50 0.816653
69 24 0.879730
69 52 0.842122
69 22 0.897359
69 26 0.897682
69 18 0.925709
69 43 0.891072
69 37 0.897576
69 34 0.906165
69 16 0.963306
69 42 0.925233
69 46 0.936930
70 13 0.206625
70 10 0.324187
70 11 0.328696
70 8 0.366958
70 9 0.377694
70 2 0.415709
70 4 0.464719
70 12 0.357337
70 14 0.349497
70 6 0.521424
70 1 0.538419
70 3 0.550591
70 7 0.544979
70 5 0.581220
70 0 0.621044
70 28 0.262192
70 31 0.270531
70 29 0.309463
70 33 0.302792
70 32 0.330700
70 16 0.545910
70 19 0.497011
70 30 0.448786
70 25 0.492951
70 15 0.688798
70 21 0.567625
70 36 0.476744
70 17 0.596984
70 18 0.609382
70 26 0.567336
70 35 0.530568
70 22 0.610029
70 24 0.605003
70 20 0.645274
70 27 0.595093
70 44 0.436023
70 23 0.649486
70 37 0.547752
70 34 0.599417
70 45 0.567929
70 38 0.596302
70 42 0.581294
70 41 0.616008
70 52 0.455651
70 43 0.612195
70 40 0.633669
70 54 0.442963
70 51 0.502860
70 53 0.478665
70 50 0.513011
70 46 0.568866
70 47 0.579751
70 49 0.612480
70 39 0.719586
70 48 0.622256
71 12 0.394113
71 9 0.453606
71 0 0.522011
71 11 0.531400
71 14 0.531405
71 1 0.547739
71 13 0.543314
71 5 0.554286
71 4 0.649748
71 3 0.656930
71 7 0.680797
71 31 0.673580
71 8 0.712683
71 10 0.711774
71 23 0.704521
71 28 0.713849
71 29 0.725171
71 17 0.769173
71 33 0.742162
71 19 0.767183
71 21 0.763308
71 6 0.790488
71 32 0.760210
71 42 0.745524
71 44 0.751478
71 15 0.822203
71 30 0.797828
71 20 0.825510
71 49 0.771890
71 34 0.824213
71 47 0.813421
71 45 0.870731
71 51 0.853774
71 25 0.916264
71 2 0.955839
71 41 0.897662
71 52 0.878437
71 16 0.963365
71 38 0.932594
71 48 0.915330
71 39 0.936105
71 36 0.967834
71 35 0.970135
71 43 0.963657
71 27 0.998359
71 24 1.012291
71 26 1.008860
71 37 0.990922
71 40 0.994035
71 53 0.960005
71 54 0.965093
71 50 0.983151
71 22 1.050261
71 46 1.021315
71 18 1.122304
72 3 0.319443
72 0 0.343234
72 8 0.313641
72 1 0.448669
72 2 0.433100
72 10 0.421504
72 9 0.422742
72 5 0.467698
72 11 0.461872
72 44 0.427589
72 30 0.482527
72 6 0.508154
72 7 0.524475
72 28 0.517017
72 20 0.525096
72 35 0.524268
72 26 0.550043
72 12 0.587583
72 32 0.569342
72 45 0.600716
72 42 0.605130
72 14 0.646523
72 34 0.643083
72 49 0.636919
72 23 0.690911
72 24 0.717115
72 51 0.678557
72 13 0.731990
72 52 0.680184
72 4 0.749680
72 16 0.739116
72 48 0.695600
72 54 0.694983
72 15 0.763844
72 27 0.757515
72 22 0.763713
72 25 0.761955
72 19 0.781686
72 31 0.774249
72 40 0.766545
72 33 0.785514
72 50 0.788971
72 37 0.808467
72 47 0.798096
72 18 0.840461
72 29 0.834664
72 36 0.832799
72 17 0.866890
72 46 0.835506
72 39 0.855469
72 43 0.891600
72 41 0.903644
72 53 0.888513
72 38 0.917735
72 21 0.956913
73 12 0.394239
73 0 0.495706
73 31 0.465373
73 11 0.498230
73 8 0.527324
73 44 0.516415
73 1 0.566914
73 30 0.538151
73 9 0.579932
73 29 0.559496
73 13 0.582656
73 32 0.574268
73 28 0.586566
73 50 0.580820
73 3 0.644170
73 10 0.638249
73 2 0.646277
73 6 0.689137
73 42 0.684856
73 25 0.716851
73 4 0.738923
73 51 0.699448
73 33 0.719988
73 14 0.743204
73 46 0.706369
73 39 0.718808
73 5 0.782207
73 16 0.774698
73 54 0.748815
73 24 0.787065
73 48 0.776710
73 18 0.812585
73 22 0.817051
73 27 0.822495
73 45 0.807225
73 34 0.839135
73 26 0.866466
73 52 0.839710
73 36 0.860207
73 37 0.867885
73 35 0.878968
73 21 0.924801
73 43 0.915144
73 41 0.931848
73 7 0.974280
73 38 0.947190
73 40 0.950383
73 17 0.980394
73 15 0.993804
73 47 0.967036
73 49 0.968120
73 20 1.019505
73 23 1.037039
73 53 1.010357
73 19 1.061393
74 10 0.228954
74 11 0.253243
74 8 0.266407
74 9 0.271642
74 13 0.321548
74 14 0.433239
74 7 0.486202
74 12 0.500684
74 3 0.534115
74 16 0.456625
74 18 0.402626
74 6 0.538048
74 4 0.561466
74 0 0.579042
74 2 0.617602
74 5 0.620226
74 1 0.634318
74 19 0.492925
74 15 0.606769
74 31 0.355765
74 33 0.345124
74 29 0.426023
74 17 0.623712
74 30 0.448604
74 21 0.537648
74 25 0.527730
74 28 0.492105
74 27 0.580828
74 32 0.528787
74 26 0.591990
74 23 0.607129
74 22 0.610529
74 20 0.665975
74 44 0.352768
74 37 0.422704
74 42 0.439819
74 46 0.420763
74 50 0.430965
74 43 0.468903
74 24 0.742597
74 47 0.473725
74 34 0.597441
74 52 0.473985
74 38 0.541973
74 39 0.546183
74 53 0.493086
74 51 0.517460
74 40 0.570430
74 54 0.521361
74 48 0.591723
74 36 0.682293
74 35 0.697101
74 49 0.623800
74 45 0.650428
74 41 0.729346
75 13 0.285864
75 12 0.318087
75 10 0.333864
75 8 0.350004
75 5 0.476271
75 28 0.432405
75 1 0.527686
75 14 0.510199
75 33 0.492873
75 31 0.505800
75 29 0.567072
75 32 0.569361
75 9 0.618693
75 11 0.643527
75 44 0.586548
75 2 0.697314
75 0 0.701992
75 30 0.640363
75 54 0.601753
75 3 0.713040
75 18 0.752449
75 6 0.794119
75 4 0.851062
75 17 0.849359
75 52 0.792085
75 19 0.882634
75 48 0.823184
75 24 0.884804
75 38 0.866771
75 25 1.002053
75 45 0.949039
75 49 0.942265
75 41 0.964501
75 16 1.018809
75 53 0.932845
75 40 0.967571
75 7 1.036431
75 37 0.979093
75 51 0.946065
75 15 1.043511
75 36 1.010071
75 22 1.041892
75 34 1.026765
75 27 1.047041
75 26 1.051010
75 50 0.990019
75 39 1.020439
75 23 1.061725
75 21 1.065794
75 20 1.101526
75 35 1.098897
75 47 1.071274
75 42 1.094075
75 46 1.091259
75 43 1.132340
76 44 0.451117
76 1 0.534080
76 5 0.590685
76 12 0.591263
76 29 0.572949
76 31 0.571667
76 28 0.614069
76 3 0.657614
76 2 0.689230
76 6 0.686445
76 7 0.725486
76 8 0.724855
76 11 0.722062
76 9 0.815343
76 13 0.847607
76 0 0.868603
76 37 0.828707
76 30 0.929809
76 14 0.950233
76 32 0.934816
76 40 0.925746
76 48 0.924122
76 10 0.979425
76 4 0.987297
76 15 0.985985
76 43 0.976272
76 27 1.008289
76 25 1.032023
76 33 1.058185
76 41 1.059658
76 24 1.094927
76 22 1.127359
76 51 1.110229
76 47 1.122630
76 52 1.121872
76 46 1.138957
76 19 1.181531
76 36 1.172418
76 39 1.176722
76 34 1.187927
76 45 1.180156
76 17 1.224972
76 53 1.204365
76 49 1.214507
76 18 1.259901
76 21 1.280398
76 23 1.282513
76 54 1.250115
76 35 1.290201
76 50 1.293434
76 38 1.314591
76 42 1.325893
76 16 1.383195
76 26 1.376428
76 20 1.462767
77 10 0.293566
77 8 0.308486
77 11 0.403133
77 14 0.423846
77 12 0.446495
77 9 0.475566
77 13 0.481427
77 1 0.636350
77 5 0.661028
77 29 0.657458
77 0 0.762944
77 28 0.700195
77 7 0.772180
77 3 0.809876
77 32 0.678623
77 31 0.738840
77 4 0.899432
77 2 0.923575
77 30 0.813431
77 33 0.770518
77 15 0.901617
77 16 0.905140
77 17 0.905629
77 6 0.928830
77 24 0.885539
77 18 0.925583
77 19 0.938076
77 25 0.962451
77 21 0.992834
77 27 0.978857
77 44 0.732610
77 46 0.760144
77 23 1.076099
77 22 1.097756
77 20 1.107493
77 26 1.086864
77 36 0.989453
77 42 0.852411
77 35 1.051116
77 37 1.019611
77 45 0.851907
77 50 0.791668
77 34 1.117267
77 40 0.960749
77 38 1.059470
77 47 0.935197
77 54 0.860718
77 39 1.081460
77 49 0.945857
77 41 1.027469
77 43 1.040504
77 48 0.998044
77 52 0.964861
77 53 0.973032
77 51 0.991569
78 9 0.354946
78 8 0.427847
78 31 0.407590
78 11 0.427012
78 1 0.517550
78 25 0.599895
78 13 0.673884
78 29 0.658848
78 3 0.689104
78 12 0.683759
78 51 0.641589
78 44 0.658996
78 32 0.673526
78 20 0.738337
78 5 0.761293
78 33 0.735939
78 27 0.753996
78 45 0.749919
78 14 0.791454
78 10 0.804905
78 17 0.823120
78 35 0.818160
78 30 0.824523
78 0 0.874822
78 26 0.854210
78 7 0.874359
78 21 0.915908
78 2 0.932180
78 37 0.915009
78 43 0.908648
78 39 0.928508
78 47 0.924830
78 22 0.960969
78 24 0.985135
78 28 0.988748
78 53 1.006885
78 34 1.034176
78 15 1.066023
78 36 1.051091
78 23 1.072678
78 6 1.099948
78 19 1.091041
78 16 1.127136
78 49 1.090293
78 46 1.100355
78 18 1.143496
78 48 1.114436
78 4 1.188640
78 41 1.167490
78 54 1.166313
78 40 1.201521
78 42 1.222320
78 50 1.219910
78 52 1.237771
78 38 1.281743
79 13 0.439701
79 28 0.447788
79 12 0.484281
79 8 0.515064
79 22 0.562105
79 45 0.664277
79 23 0.727542
79 32 0.709090
79 29 0.721676
79 27 0.733878
79 34 0.715941
79 38 0.769571
79 50 0.763376
79 3 0.839226
79 9 0.851860
79 6 0.864169
79 30 0.846123
79 35 0.853919
79 19 0.883295
79 11 0.888331
79 17 0.888266
79 26 0.893845
79 14 0.904274
79 33 0.887256
79 10 0.930691
79 31 0.917546
79 44 0.914661
79 5 0.968945
79 24 0.959640
79 40 0.940359
79 4 0.989167
79 15 0.985482
79 41 0.955032
79 43 0.956479
79 54 0.986804
79 0 1.053057
79 21 1.043105
79 1 1.078810
79 36 1.086429
79 20 1.126943
79 52 1.108562
79 18 1.171875
79 7 1.194057
79 37 1.169175
79 49 1.153122
79 47 1.167715
79 42 1.175111
79 53 1.161954
79 16 1.216091
79 25 1.219883
79 51 1.180783
79 2 1.244100
79 46 1.202887
79 39 1.222551
79 48 1.253465
80 8 0.446441
80 12 0.642208
80 14 0.641153
80 13 0.642915
80 11 0.666096
80 29 0.678946
80 32 0.674884
80 1 0.757799
80 0 0.763138
80 31 0.804212
80 30 0.806616
80 10 0.851619
80 7 0.880320
80 5 0.924672
80 9 0.923024
80 33 0.895793
80 6 0.965397
80 25 0.995997
80 4 1.025229
80 28 1.022782
80 21 1.065544
80 35 1.097157
80 37 1.154571
80 34 1.186163
80 3 1.229005
80 44 1.184923
80 50 1.223079
80 41 1.269816
80 43 1.275806
80 26 1.298123
80 42 1.294102
80 2 1.344688
80 19 1.332535
80 51 1.300335
80 53 1.299136
80 54 1.306450
80 40 1.322303
80 17 1.358724
80 15 1.370316
80 27 1.385464
80 39 1.370252
80 20 1.395080
80 48 1.381351
80 47 1.392446
80 52 1.411147
80 16 1.462009
80 18 1.501026
80 24 1.502923
80 23 1.522543
80 45 1.521680
80 46 1.530267
80 38 1.563795
80 22 1.585205
80 49 1.608296
80 36 1.636829
81 10 0.351224
81 8 0.367474
81 13 0.366309
81 11 0.369782
81 9 0.371955
81 12 0.390190
81 14 0.418965
81 3 0.470177
81 5 0.494363
81 0 0.527353
81 1 0.594934
81 30 0.573448
81 32 0.593790
81 2 0.700235
81 4 0.719999
81 44 0.681381
81 6 0.825446
81 19 0.807227
81 16 0.814754
81 7 0.852367
81 28 0.794898
81 33 0.784237
81 38 0.779980
81 31 0.802328
81 17 0.856204
81 29 0.838840
81 18 0.960320
81 46 0.898361
81 54 0.877412
81 15 1.002154
81 47 0.922223
81 22 1.014161
81 36 0.990717
81 23 1.097046
81 50 1.033023
81 20 1.121256
81 45 1.050468
81 53 1.062864
81 35 1.120538
81 51 1.081378
81 25 1.153832
81 52 1.084478
81 21 1.185508
81 42 1.123497
81 43 1.118003
81 26 1.190037
81 37 1.163624
81 34 1.179841
81 24 1.213417
81 27 1.212942
81 40 1.183425
81 49 1.179652
81 48 1.186598
81 39 1.269491
81 41 1.277393
82 9 0.348555
82 8 0.488082
82 13 0.493232
82 1 0.540239
82 0 0.538897
82 11 0.515085
82 3 0.569975
82 14 0.583183
82 12 0.651824
82 5 0.692603
82 10 0.681550
82 7 0.698534
82 4 0.804209
82 29 0.648955
82 28 0.667628
82 30 0.673378
82 2 0.986924
82 32 0.605066
82 31 0.690945
82 6 0.969199
82 21 0.915003
82 19 0.930202
82 18 0.935081
82 33 0.492365
82 15 1.034108
82 17 1.035181
82 20 1.019500
82 27 0.954213
82 23 1.029720
82 24 1.038800
82 16 1.093210
82 44 0.460226
82 25 1.126790
82 40 0.658006
82 22 1.187781
82 38 0.735645
82 26 1.226728
82 47 0.620781
82 36 0.789597
82 34 0.854284
82 51 0.612608
82 35 0.832687
82 39 0.830672
82 37 0.855333
82 43 0.777518
82 45 0.723605
82 41 0.835519
82 48 0.754935
82 49 0.766307
82 53 0.712104
82 54 0.713256
82 42 0.884044
82 46 0.834409
82 52 0.789637
82 50 0.812162
83 12 0.374762
83 8 0.387776
83 11 0.403567
83 10 0.404661
83 0 0.606545
83 28 0.563513
83 9 0.598329
83 7 0.600626
83 13 0.620812
83 31 0.586938
83 44 0.609114
83 16 0.661645
83 33 0.630405
83 14 0.720616
83 5 0.732051
83 18 0.715724
83 6 0.765028
83 29 0.725015
83 15 0.783696
83 1 0.855074
83 32 0.856633
83 2 0.904986
83 43 0.839838
83 30 0.872699
83 53 0.855660
83 22 0.917556
83 51 0.874734
83 3 0.958204
83 4 0.973100
83 40 0.924620
83 25 0.958872
83 46 0.943631
83 36 0.976637
83 24 1.006583
83 20 1.012606
83 49 0.987224
83 26 1.036269
83 48 1.002462
83 54 1.002759
83 21 1.061271
83 52 1.036732
83 34 1.090845
83 41 1.081402
83 39 1.096237
83 50 1.090253
83 45 1.107218
83 42 1.123863
83 27 1.170176
83 35 1.161323
83 19 1.193116
83 38 1.181463
83 37 1.199017
83 17 1.280664
83 47 1.250480
83 23 1.317040
84 9 0.340560
84 11 0.425859
84 13 0.435237
84 31 0.434488
84 10 0.541775
84 12 0.575534
84 28 0.613881
84 48 0.694499
84 8 0.783430
84 1 0.802573
84 24 0.815987
84 0 0.852213
84 32 0.858706
84 33 0.870549
84 50 0.859932
84 3 0.924555
84 49 0.868924
84 5 0.927632
84 7 0.930251
84 47 0.879803
84 52 0.886076
84 42 0.901819
84 43 0.900537
84 29 0.921445
84 14 0.951273
84 44 0.911178
84 15 0.967471
84 34 0.949760
84 39 0.963213
84 30 0.974159
84 45 0.954024
84 41 0.981660
84 20 1.017708
84 38 0.991015
84 17 1.023746
84 6 1.037896
84 40 1.012751
84 2 1.082272
84 27 1.101184
84 23 1.112760
84 36 1.101270
84 37 1.101737
84 4 1.150205
84 46 1.106271
84 25 1.140708
84 53 1.123264
84 18 1.212148
84 54 1.170273
84 26 1.221273
84 51 1.193104
84 22 1.237490
84 35 1.220082
84 21 1.248028
84 19 1.266702
84 16 1.342831
85 10 0.432818
85 3 0.527394
85 44 0.485092
85 1 0.531425
85 5 0.658720
85 6 0.659297
85 12 0.656440
85 8 0.718677
85 4 0.757080
85 7 0.779062
85 22 0.777646
85 11 0.788195
85 28 0.795776
85 38 0.814874
85 29 0.825971
85 15 0.843603
85 34 0.837826
85 14 0.881004
85 32 0.884165
85 30 0.921356
85 2 0.949129
85 18 0.954899
85 24 0.968826
85 27 0.973219
85 9 1.022899
85 31 1.011081
85 13 1.052984
85 33 1.045779
85 36 1.072953
85 26 1.104401
85 47 1.099117
85 20 1.169249
85 54 1.145071
85 45 1.168835
85 0 1.221706
85 40 1.192964
85 41 1.219150
85 39 1.229421
85 46 1.272977
85 42 1.289219
85 48 1.289554
85 37 1.303398
85 23 1.338085
85 51 1.310489
85 21 1.369635
85 43 1.350038
85 25 1.374514
85 16 1.396503
85 35 1.374878
85 53 1.353872
85 49 1.364877
85 19 1.419033
85 17 1.435769
85 50 1.403930
85 52 1.401719
86 10 0.380443
86 11 0.416928
86 14 0.467665
86 8 0.501123
86 32 0.482305
86 30 0.542237
86 0 0.764285
86 28 0.755874
86 6 0.798237
86 5 0.802468
86 2 0.831638
86 1 0.922071
86 44 0.862561
86 7 0.917033
86 20 0.932455
86 16 0.989678
86 12 1.000866
86 29 0.988199
86 9 1.039981
86 21 1.070346
86 3 1.115816
86 52 1.059256
86 51 1.067662
86 17 1.109439
86 48 1.083139
86 36 1.120909
86 45 1.117632
86 33 1.152619
86 13 1.187729
86 18 1.178167
86 31 1.171992
86 22 1.189300
86 34 1.185375
86 54 1.172922
86 4 1.250402
86 46 1.204068
86 23 1.250563
86 26 1.252796
86 41 1.250688
86 40 1.262046
86 53 1.260139
86 47 1.273080
86 27 1.308262
86 37 1.303163
86 15 1.342160
86 38 1.393118
86 50 1.382929
86 35 1.408937
86 39 1.415557
86 24 1.440145
86 19 1.476797
86 43 1.456006
86 49 1.454495
86 42 1.510762
86 25 1.580028
87 9 0.355077
87 11 0.379114
87 10 0.424948
87 29 0.521558
87 30 0.524118
87 31 0.528241
87 28 0.562582
87 13 0.609885
87 33 0.597431
87 12 0.650747
87 32 0.652004
87 22 0.682698
87 19 0.776131
87 8 0.814288
87 2 0.832277
87 14 0.813283
87 15 0.813409
87 1 0.836501
87 25 0.803430
87 44 0.830194
87 7 0.895352
87 37 0.849886
87 17 0.888162
87 3 0.966553
87 21 0.976408
87 39 0.959949
87 26 0.990340
87 47 0.946577
87 40 0.993008
87 27 1.015752
87 5 1.064745
87 24 1.035825
87 0 1.076300
87 48 0.983493
87 23 1.053673
87 46 1.014128
87 34 1.048398
87 6 1.098498
87 38 1.063427
87 51 1.018316
87 4 1.129653
87 45 1.063495
87 35 1.085588
87 50 1.039305
87 36 1.105396
87 54 1.057480
87 53 1.075521
87 49 1.098940
87 42 1.134525
87 52 1.108038
87 41 1.181232
87 43 1.193551
87 16 1.250393
87 20 1.260335
87 18 1.324861
88 8 0.403271
88 14 0.382060
88 12 0.428137
88 13 0.452158
88 11 0.463725
88 9 0.472093
88 10 0.508262
88 1 0.716696
88 5 0.697147
88 4 0.716989
88 0 0.769207
88 7 0.739461
88 3 0.806276
88 18 0.785749
88 31 0.413138
88 29 0.435609
88 30 0.452635
88 28 0.564167
88 16 0.883330
88 32 0.528801
88 19 0.913632
88 33 0.506203
88 2 1.015985
88 44 0.331981
88 6 1.090189
88 15 1.054296
88 21 1.051643
88 17 1.170080
88 22 1.147901
88 26 1.028567
88 20 1.234955
88 27 1.052650
88 24 1.099637
88 25 1.085228
88 40 0.738038
88 23 1.299135
88 35 0.948750
88 43 0.769624
88 52 0.665642
88 34 1.020312
88 42 0.858005
88 54 0.658779
88 53 0.676674
88 38 0.951921
88 36 0.980776
88 37 1.024256
88 51 0.785426
88 50 0.817947
88 41 0.989228
88 47 0.898429
88 39 1.106551
88 49 0.900379
88 45 0.954373
88 48 0.925781
88 46 0.958628
89 9 0.416315
89 8 0.423417
89 14 0.487645
89 12 0.503313
89 10 0.520397
89 13 0.530711
89 11 0.560954
89 3 0.602064
89 1 0.661078
89 28 0.743324
89 29 0.771112
89 33 0.753705
89 30 0.791209
89 7 0.881362
89 5 0.911628
89 0 0.935309
89 4 0.951430
89 2 1.050885
89 6 1.047625
89 31 0.952251
89 17 1.044363
89 32 0.988804
89 15 1.060639
89 44 0.830569
89 16 1.212215
89 18 1.228338
89 24 1.252956
89 22 1.272634
89 35 1.204152
89 27 1.290271
89 26 1.292750
89 19 1.305633
89 21 1.325315
89 25 1.413829
89 34 1.354279
89 20 1.447650
89 36 1.367436
89 23 1.457266
89 37 1.424308
89 54 0.941669
89 42 1.399951
89 43 1.374810
89 40 1.477120
89 51 1.112987
89 38 1.503669
89 45 1.233041
89 41 1.514422
89 39 1.537510
89 52 1.170022
89 46 1.270952
89 50 1.182749
89 49 1.209629
89 53 1.074974
89 47 1.290632
89 48 1.347587
90 8 0.429470
90 10 0.480413
90 3 0.507313
90 5 0.534118
90 11 0.569601
90 32 0.545873
90 0 0.651984
90 28 0.639769
90 1 0.703806
90 14 0.694939
90 20 0.708232
90 31 0.765568
90 12 0.837573
90 2 0.889554
90 47 0.839019
90 7 0.902762
90 30 0.889356
90 18 0.915411
90 9 0.926512
90 6 0.939620
90 43 0.922030
90 13 0.983280
90 29 0.980857
90 46 0.961592
90 54 0.963354
90 33 1.006698
90 16 1.055251
90 36 1.061069
90 44 1.059760
90 50 1.058398
90 25 1.107150
90 51 1.083027
90 4 1.195992
90 49 1.153559
90 15 1.199874
90 48 1.164043
90 40 1.191130
90 34 1.204443
90 37 1.210399
90 26 1.224537
90 38 1.222288
90 21 1.248367
90 22 1.272273
90 19 1.281649
90 52 1.244715
90 17 1.286744
90 27 1.278118
90 45 1.268869
90 35 1.290731
90 42 1.289722
90 24 1.351839
90 53 1.334042
90 23 1.379860
90 41 1.415659
90 39 1.482757
91 13 0.475896
91 11 0.597478
91 9 0.612929
91 10 0.616016
91 1 0.648275
91 28 0.636546
91 3 0.689870
91 7 0.712738
91 29 0.689054
91 33 0.689699
91 2 0.793792
91 4 0.895996
91 31 0.867666
91 8 0.893901
91 43 0.861902
91 32 0.907737
91 30 0.918727
91 46 0.935602
91 35 0.953594
91 44 0.945101
91 39 1.035863
91 36 1.051049
91 54 1.047866
91 5 1.102171
91 14 1.136708
91 12 1.140782
91 6 1.145865
91 23 1.144060
91 37 1.143053
91 0 1.271560
91 15 1.255222
91 45 1.224235
91 47 1.221563
91 40 1.237017
91 18 1.267907
91 20 1.266309
91 34 1.258680
91 52 1.244178
91 19 1.295516
91 22 1.292375
91 17 1.303651
91 27 1.299929
91 53 1.277326
91 38 1.310793
91 24 1.332669
91 50 1.304209
91 48 1.330858
91 16 1.373339
91 21 1.392514
91 41 1.387631
91 42 1.391625
91 25 1.443133
91 51 1.420328
91 49 1.433776
91 26 1.638077
92 8 0.434540
92 10 0.434561
92 11 0.451331
92 12 0.600170
92 44 0.607413
92 28 0.690269
92 30 0.687736
92 2 0.764875
92 14 0.757015
92 32 0.739522
92 9 0.762011
92 13 0.791198
92 33 0.833679
92 4 0.873474
92 6 0.896847
92 5 0.964383
92 3 0.983658
92 1 0.995387
92 50 0.993278
92 29 1.090068
92 19 1.141545
92 25 1.151032
92 7 1.190069
92 53 1.170141
92 21 1.242325
92 51 1.208339
92 16 1.257663
92 42 1.240262
92 52 1.229950
92 31 1.262118
92 40 1.262988
92 24 1.327464
92 48 1.310534
92 0 1.387414
92 43 1.378750
92 18 1.414906
92 46 1.418341
92 49 1.426350
92 34 1.458931
92 35 1.465738
92 47 1.459771
92 15 1.501371
92 38 1.497040
92 22 1.523740
92 41 1.539052
92 39 1.547906
92 45 1.549870
92 37 1.592135
92 54 1.600131
92 17 1.666482
92 20 1.670415
92 36 1.660902
92 26 1.712407
92 23 1.765531
92 27 1.767725
93 9 0.495032
93 8 0.597182
93 11 0.591830
93 10 0.593959
93 13 0.670457
93 21 0.716437
93 29 0.828239
93 12 1.002662
93 7 1.013833
93 5 1.017051
93 3 1.025967
93 14 1.008272
93 19 0.990792
93 28 0.977833
93 33 1.031900
93 31 1.060789
93 2 1.164758
93 0 1.167239
93 1 1.200025
93 4 1.245677
93 6 1.242766
93 15 1.277296
93 32 1.318999
93 17 1.364419
93 30 1.400133
93 44 1.385351
93 20 1.469198
93 22 1.508917
93 16 1.529509
93 27 1.512339
93 25 1.515938
93 26 1.538220
93 23 1.563406
93 24 1.593970
93 51 1.510050
93 43 1.598979
93 39 1.644190
93 35 1.669354
93 52 1.575159
93 50 1.621033
93 41 1.686580
93 18 1.730420
93 45 1.678542
93 47 1.695001
93 34 1.753380
93 53 1.650799
93 37 1.785060
93 36 1.801896
93 48 1.769121
93 40 1.839282
93 38 1.850748
93 42 1.881016
93 49 1.834445
93 54 1.793732
93 46 1.914079
94 8 0.503389
94 14 0.546656
94 28 0.635771
94 44 0.725386
94 33 0.810498
94 12 0.854901
94 5 0.894901
94 10 0.916187
94 2 0.922813
94 31 0.913191
94 34 0.938750
94 29 0.943279
94 16 1.020522
94 32 1.003466
94 0 1.087539
94 30 1.101490
94 22 1.156372
94 6 1.212845
94 38 1.180788
94 48 1.214503
94 3 1.262266
94 9 1.258570
94 27 1.241490
94 11 1.380636
94 46 1.342273
94 35 1.356727
94 13 1.380528
94 23 1.370748
94 25 1.369397
94 4 1.389379
94 21 1.403252
94 54 1.393378
94 42 1.425719
94 20 1.469937
94 24 1.475060
94 51 1.443996
94 7 1.501759
94 47 1.458542
94 40 1.468116
94 1 1.534559
94 26 1.528190
94 53 1.511433
94 36 1.534926
94 45 1.568677
94 19 1.607868
94 18 1.624838
94 43 1.614532
94 41 1.665920
94 17 1.727391
94 52 1.699681
94 37 1.769650
94 15 1.795211
94 39 1.842062
94 50 1.856606
94 49 1.912053
95 32 0.444583
95 44 0.518969
95 11 0.627974
95 31 0.714606
95 3 0.749436
95 29 0.739052
95 5 0.761816
95 0 0.787627
95 9 0.852387
95 8 0.882898
95 33 0.886017
95 13 0.957053
95 23 0.965053
95 37 0.950899
95 4 1.001605
95 10 1.007558
95 47 0.975527
95 15 1.062907
95 1 1.086785
95 30 1.119502
95 12 1.146933
95 7 1.151071
95 46 1.145244
95 34 1.168208
95 50 1.159312
95 27 1.187227
95 28 1.196249
95 14 1.218117
95 24 1.230096
95 54 1.210851
95 53 1.226385
95 18 1.272077
95 16 1.274246
95 20 1.271105
95 43 1.253621
95 41 1.280487
95 6 1.323412
95 25 1.320925
95 51 1.299367
95 48 1.327941
95 49 1.331946
95 19 1.371860
95 35 1.361967
95 40 1.364086
95 21 1.405042
95 22 1.409424
95 26 1.404408
95 45 1.391678
95 36 1.414721
95 17 1.445930
95 2 1.462107
95 38 1.482660
95 52 1.475728
95 42 1.530316
95 39 1.542654
96 12 0.393657
96 8 0.407164
96 14 0.450243
96 9 0.486878
96 10 0.486494
96 11 0.519731
96 5 0.673251
96 7 0.708536
96 0 0.725166
96 44 0.686039
96 6 0.795378
96 13 0.795951
96 2 0.811384
96 50 0.697432
96 15 0.875851
96 4 0.900895
96 16 0.900508
96 1 0.947566
96 33 0.893704
96 18 0.967137
96 29 0.947212
96 30 0.936619
96 32 0.927495
96 3 1.006805
96 42 0.958348
96 31 1.010472
96 28 1.065117
96 38 1.081186
96 20 1.153923
96 36 1.097865
96 47 1.107190
96 39 1.135461
96 40 1.165913
96 17 1.250686
96 54 1.153981
96 45 1.176377
96 34 1.211463
96 51 1.181404
96 48 1.197663
96 23 1.295271
96 26 1.292343
96 24 1.301395
96 37 1.280982
96 52 1.259335
96 25 1.351364
96 22 1.367778
96 43 1.302696
96 21 1.380991
96 46 1.304075
96 35 1.359404
96 49 1.376993
96 41 1.396725
96 53 1.377067
96 19 1.521017
96 27 1.507394
97 8 0.473397
97 11 0.493138
97 9 0.516774
97 12 0.567839
97 3 0.600992
97 13 0.656042
97 0 0.687521
97 32 0.667844
97 5 0.701754
97 10 0.868227
97 29 0.926059
97 31 0.970241
97 28 0.973824
97 39 0.963357
97 21 0.983513
97 6 1.063844
97 19 1.061710
97 47 1.074490
97 4 1.116479
97 24 1.101382
97 1 1.120511
97 51 1.072462
97 30 1.109221
97 33 1.109319
97 7 1.145687
97 41 1.124432
97 23 1.143093
97 36 1.154961
97 14 1.178169
97 42 1.197775
97 37 1.203538
97 20 1.238708
97 44 1.219837
97 53 1.271072
97 40 1.292617
97 2 1.327147
97 54 1.295592
97 17 1.336008
97 52 1.310862
97 22 1.353772
97 45 1.329301
97 25 1.351660
97 46 1.349590
97 48 1.357413
97 16 1.398484
97 27 1.387914
97 26 1.402120
97 35 1.407498
97 49 1.400101
97 50 1.420621
97 38 1.458273
97 15 1.481687
97 34 1.470125
97 43 1.498459
97 18 1.551876
98 8 0.517374
98 12 0.552245
98 11 0.609224
98 31 0.662195
98 10 0.711142
98 3 0.716730
98 0 0.749370
98 29 0.724196
98 28 0.780024
98 14 0.850081
98 33 0.830566
98 9 0.877991
98 5 0.975936
98 30 0.953776
98 32 0.968279
98 1 1.106939
98 4 1.155532
98 17 1.176283
98 13 1.245001
98 22 1.238792
98 44 1.211229
98 7 1.322163
98 6 1.399002
98 42 1.375764
98 27 1.394457
98 52 1.381035
98 35 1.403074
98 23 1.450062
98 34 1.449013
98 47 1.433159
98 37 1.543159
98 25 1.569840
98 24 1.599874
98 51 1.578687
98 2 1.641845
98 38 1.644612
98 19 1.682388
98 20 1.693874
98 43 1.679820
98 50 1.681905
98 39 1.713250
98 54 1.707060
98 48 1.728334
98 26 1.757655
98 36 1.756755
98 45 1.756291
98 46 1.859483
98 49 1.858110
98 41 1.869622
98 53 1.854120
98 40 1.871817
98 16 1.899068
98 21 1.927297
98 15 1.962746
98 18 2.001720
99 8 0.513064
99 12 0.592906
99 11 0.594038
99 14 0.592379
99 10 0.794181
99 31 0.789434
99 30 0.951777
99 3 1.079688
99 4 1.114039
99 0 1.117581
99 49 1.067902
99 33 1.166560
99 18 1.227649
99 28 1.326513
99 35 1.319143
99 2 1.353383
99 41 1.313580
99 34 1.323286
99 20 1.341611
99 13 1.420105
99 9 1.424070
99 44 1.425950
99 29 1.464540
99 25 1.488739
99 22 1.494410
99 5 1.539745
99 6 1.574443
99 7 1.589631
99 32 1.564867
99 24 1.620785
99 46 1.606407
99 48 1.620033
99 42 1.628710
99 47 1.637044
99 23 1.669245
99 37 1.689573
99 54 1.692143
99 39 1.712451
99 43 1.723768
99 50 1.715604
99 38 1.746932
99 52 1.741295
99 16 1.798961
99 40 1.805923
99 51 1.838785
99 15 1.885261
99 26 1.890430
99 53 1.854258
99 36 1.878745
99 27 1.891459
99 1 1.914697
99 19 1.914629
99 17 1.957741
99 45 2.003676
99 21 2.102375
100 8 0.324306
100 9 0.332292
100 12 0.467495
100 10 0.496285
100 3 0.694030
100 13 0.551199
100 1 0.765233
100 29 0.544545
100 14 0.653874
100 0 0.888371
100 2 0.881373
100 32 0.645549
100 11 0.750336
100 31 0.695186
100 28 0.727946
100 4 0.982547
100 44 0.513405
100 30 0.792973
100 5 0.973926
100 33 0.885972
100 16 0.992053
100 7 1.101617
100 20 1.088651
100 18 1.097444
100 15 1.175133
100 19 1.164444
100 6 1.204112
100 26 1.152223
100 38 1.065492
100 42 0.934732
100 22 1.207095
100 50 0.771777
100 17 1.278590
100 27 1.278507
100 54 0.811873
100 40 1.194756
100 25 1.330344
100 39 1.213722
100 23 1.354360
100 21 1.372333
100 49 0.913105
100 52 0.903620
100 24 1.401712
100 36 1.330832
100 48 0.965440
100 51 0.970021
100 34 1.398167
100 45 1.051271
100 47 1.028509
100 41 1.246179
100 43 1.281127
100 35 1.484306
100 53 1.052107
100 37 1.610021
100 46 1.315317
101 9 0.442635
101 8 0.478459
101 11 0.545068
101 3 0.600078
101 5 0.632923
101 1 0.637111
101 31 0.673478
101 0 0.797636
101 14 0.834412
101 4 0.842302
101 30 0.819869
101 2 0.881451
101 6 0.879509
101 33 0.867482
101 13 0.890922
101 16 0.909275
101 20 0.955225
101 54 0.942535
101 39 0.981928
101 44 0.985101
101 45 1.028468
101 32 1.085966
101 52 1.096026
101 28 1.127264
101 12 1.289019
101 21 1.282441
101 51 1.244156
101 10 1.293293
101 40 1.262154
101 29 1.275417
101 27 1.290618
101 35 1.283746
101 42 1.305948
101 36 1.312603
101 38 1.326468
101 22 1.347339
101 34 1.333264
101 24 1.347400
101 37 1.330645
101 43 1.334855
101 46 1.330270
101 17 1.388685
101 49 1.358827
101 41 1.372822
101 19 1.412537
101 15 1.416897
101 48 1.377523
101 7 1.423666
101 25 1.409951
101 53 1.384033
101 50 1.390235
101 47 1.404090
101 18 1.562914
101 23 1.571948
101 26 1.627366
102 8 0.382307
102 9 0.517232
102 10 0.547662
102 12 0.546301
102 0 0.593480
102 28 0.581039
102 13 0.602823
102 29 0.660800
102 32 0.689767
102 2 0.748774
102 11 0.772244
102 3 0.783102
102 30 0.779333
102 6 0.809873
102 31 0.810148
102 5 0.841982
102 15 0.857863
102 44 0.836467
102 14 0.873794
102 19 0.931671
102 40 0.943510
102 27 0.988226
102 54 0.957812
102 34 1.020607
102 51 1.008325
102 17 1.073034
102 39 1.046852
102 25 1.069586
102 33 1.063019
102 4 1.111819
102 24 1.137269
102 52 1.112666
102 36 1.132875
102 1 1.193865
102 26 1.199282
102 38 1.194427
102 16 1.228690
102 46 1.200426
102 45 1.210619
102 50 1.210959
102 7 1.263337
102 42 1.233422
102 48 1.239845
102 41 1.253871
102 49 1.246037
102 22 1.284247
102 37 1.271942
102 18 1.321396
102 35 1.308540
102 23 1.336223
102 43 1.340440
102 47 1.341269
102 20 1.380180
102 53 1.341688
102 21 1.439525
103 10 0.442422
103 8 0.500114
103 11 0.498541
103 32 0.604698
103 30 0.660806
103 0 0.706782
103 31 0.696868
103 14 0.718514
103 33 0.697443
103 6 0.764842
103 3 0.767519
103 5 0.766570
103 44 0.726932
103 29 0.807802
103 12 0.862799
103 7 0.868033
103 45 0.857106
103 4 0.932101
103 35 0.932863
103 20 0.953691
103 13 1.028910
103 9 1.032032
103 1 1.068857
103 36 1.284304
103 53 1.264603
103 16 1.310389
103 51 1.270217
103 19 1.309784
103 28 1.297569
103 46 1.278475
103 2 1.323639
103 22 1.332058
103 39 1.322602
103 37 1.339659
103 24 1.369377
103 21 1.373579
103 27 1.377982
103 52 1.390237
103 23 1.426692
103 15 1.444871
103 18 1.463678
103 26 1.455400
103 40 1.447806
103 43 1.445435
103 42 1.446897
103 50 1.450017
103 49 1.474931
103 54 1.478055
103 48 1.487805
103 25 1.516951
103 17 1.527586
103 41 1.509284
103 34 1.518692
103 38 1.573740
103 47 1.616520
104 8 0.371268
104 12 0.395460
104 13 0.457581
104 28 0.521620
104 9 0.612470
104 29 0.629958
104 2 0.694820
104 1 0.699238
104 32 0.694892
104 33 0.693530
104 3 0.745383
104 5 0.744847
104 14 0.796376
104 11 0.809544
104 10 0.883272
104 18 0.924911
104 39 0.954595
104 51 0.947994
104 38 0.992899
104 6 1.052727
104 53 0.994276
104 4 1.072700
104 16 1.063241
104 47 1.026510
104 17 1.077979
104 50 1.039269
104 44 1.053885
104 31 1.075905
104 30 1.094336
104 21 1.117049
104 24 1.119979
104 43 1.106199
104 0 1.184653
104 15 1.168482
104 7 1.181006
104 41 1.156029
104 45 1.168722
104 46 1.173947
104 35 1.212814
104 52 1.214571
104 42 1.229756
104 23 1.263168
104 25 1.263868
104 36 1.258708
104 40 1.259936
104 26 1.286041
104 49 1.261186
104 37 1.290825
104 48 1.342792
104 54 1.346054
104 19 1.401082
104 22 1.398443
104 27 1.410097
104 34 1.412674
104 20 1.450165
105 14 0.520332
105 9 0.560232
105 8 0.627729
105 0 0.642352
105 32 0.626441
105 30 0.636437
105 10 0.667195
105 44 0.653360
105 1 0.788419
105 6 0.792660
105 13 0.813764
105 33 0.918030
105 12 0.957399
105 11 1.014615
105 4 1.027570
105 28 1.061327
105 31 1.066532
105 2 1.135188
105 48 1.092916
105 51 1.092400
105 7 1.175480
105 29 1.160261
105 16 1.176693
105 43 1.170709
105 38 1.229838
105 36 1.247686
105 3 1.308810
105 5 1.313255
105 54 1.262131
105 52 1.265888
105 46 1.377759
105 15 1.420952
105 24 1.410160
105 18 1.424094
105 40 1.412213
105 37 1.449870
105 39 1.492782
105 27 1.505872
105 20 1.514728
105 45 1.512953
105 42 1.522696
105 17 1.562961
105 50 1.532305
105 19 1.567457
105 53 1.544844
105 34 1.569388
105 35 1.605399
105 22 1.620097
105 47 1.603418
105 25 1.643439
105 23 1.694138
105 21 1.703243
105 49 1.673680
105 26 1.746798
105 41 1.774628
106 11 0.479986
106 44 0.720043
106 1 0.759940
106 29 0.738234
106 8 0.756232
106 9 0.756159
106 13 0.786682
106 5 0.797027
106 3 0.837234
106 7 1.015036
106 14 1.010895
106 31 1.037898
106 15 1.130384
106 33 1.115526
106 32 1.117945
106 54 1.115076
106 19 1.156607
106 21 1.181102
106 43 1.181533
106 22 1.234198
106 12 1.258216
106 42 1.291709
106 47 1.299367
106 38 1.322857
106 10 1.349781
106 30 1.332708
106 35 1.328174
106 52 1.332397
106 53 1.350430
106 28 1.396393
106 48 1.399088
106 17 1.462851
106 37 1.448858
106 2 1.489539
106 16 1.481407
106 45 1.461297
106 25 1.484580
106 6 1.499380
106 49 1.458223
106 0 1.520762
106 18 1.525677
106 26 1.518609
106 4 1.566816
106 36 1.539560
106 51 1.522692
106 34 1.558437
106 23 1.596069
106 46 1.570597
106 50 1.587430
106 40 1.609254
106 41 1.615665
106 24 1.689302
106 39 1.680489
106 20 1.703242
106 27 1.763265
107 8 0.473505
107 11 0.531818
107 10 0.554978
107 3 0.721943
107 2 0.780907
107 29 0.819044
107 1 0.936997
107 4 0.934420
107 14 0.985920
107 6 0.993052
107 13 0.989720
107 30 0.973030
107 28 1.017901
107 44 1.000309
107 16 1.037072
107 12 1.104531
107 50 1.061339
107 32 1.083361
107 31 1.084925
107 38 1.107936
107 0 1.149315
107 9 1.188722
107 47 1.146521
107 24 1.181318
107 33 1.186022
107 18 1.247908
107 23 1.242609
107 42 1.255235
107 36 1.263342
107 41 1.271879
107 26 1.301715
107 5 1.331618
107 45 1.299875
107 43 1.303818
107 40 1.308198
107 52 1.332508
107 48 1.384188
107 49 1.392451
107 17 1.441698
107 7 1.459939
107 51 1.411121
107 54 1.418797
107 27 1.476976
107 53 1.472967
107 25 1.613215
107 37 1.598168
107 46 1.588692
107 35 1.603311
107 15 1.627035
107 34 1.606301
107 39 1.607924
107 21 1.656110
107 22 1.709191
107 19 1.747439
107 20 1.774492
108 13 0.521972
108 8 0.583031
108 9 0.592887
108 32 0.662372
108 30 0.701456
108 0 0.913563
108 5 0.930624
108 10 0.955555
108 31 0.959898
108 2 0.999562
108 12 1.059280
108 11 1.060527
108 7 1.066497
108 33 1.101997
108 28 1.153207
108 29 1.198018
108 40 1.201023
108 44 1.226601
108 6 1.320667
108 14 1.342299
108 1 1.483565
108 26 1.456421
108 4 1.485066
108 3 1.509186
108 37 1.466779
108 52 1.461373
108 49 1.464799
108 43 1.528701
108 17 1.575094
108 54 1.527079
108 22 1.647561
108 25 1.702708
108 16 1.724196
108 35 1.705187
108 24 1.756417
108 34 1.755804
108 21 1.777793
108 51 1.749982
108 41 1.771148
108 53 1.755832
108 15 1.810701
108 45 1.783272
108 42 1.822929
108 19 1.857966
108 20 1.890158
108 36 1.907991
108 39 1.925039
108 18 1.973159
108 50 1.935775
108 27 1.975784
108 46 1.968947
108 23 2.016470
108 48 1.999482
108 47 2.131110
108 38 2.171257
109 10 0.501100
109 9 0.539344
109 14 0.561705
109 13 0.589743
109 0 0.795604
109 11 0.802770
109 3 0.810203
109 5 0.809900
109 32 0.782931
109 29 0.789982
109 4 0.815036
109 8 0.836239
109 1 0.873701
109 31 0.882427
109 2 0.923097
109 7 0.920603
109 44 0.975178
109 33 1.014729
109 30 1.018374
109 28 1.053840
109 12 1.126746
109 6 1.166547
109 39 1.133745
109 34 1.200613
109 15 1.268431
109 27 1.267296
109 22 1.298086
109 42 1.292067
109 23 1.325732
109 49 1.301577
109 45 1.307336
109 37 1.328322
109 46 1.335801
109 53 1.339077
109 21 1.396961
109 50 1.369440
109 41 1.387237
109 16 1.415393
109 48 1.391642
109 54 1.388434
109 18 1.435221
109 25 1.435664
109 52 1.406482
109 17 1.451630
109 40 1.447834
109 35 1.453612
109 51 1.447908
109 47 1.464755
109 19 1.506929
109 20 1.525747
109 24 1.532961
109 36 1.524778
109 43 1.528777
109 38 1.562278
109 26 1.604709
110 11 0.479214
110 14 0.852377
110 0 0.916184
110 10 0.910509
110 29 0.892656
110 4 0.972968
110 15 1.027467
110 1 1.061024
110 32 1.032307
110 31 1.035847
110 42 1.053965
110 28 1.085108
110 12 1.101555
110 8 1.104611
110 2 1.169436
110 9 1.209360
110 47 1.178749
110 44 1.194910
110 13 1.250106
110 5 1.268611
110 30 1.273604
110 34 1.289660
110 50 1.276480
110 51 1.294369
110 3 1.357935
110 33 1.330448
110 6 1.359167
110 38 1.350665
110 41 1.381561
110 37 1.388709
110 16 1.485693
110 53 1.455768
110 21 1.508099
110 45 1.489178
110 18 1.523187
110 48 1.499577
110 46 1.503581
110 52 1.519528
110 36 1.540715
110 43 1.549876
110 7 1.600402
110 39 1.590929
110 22 1.642830
110 40 1.634633
110 20 1.678089
110 25 1.694105
110 35 1.693214
110 54 1.703203
110 23 1.750563
110 49 1.718845
110 17 1.816864
110 27 1.824482
110 24 1.839362
110 19 1.868814
110 26 1.871791
111 8 0.376870
111 10 0.481075
111 32 0.682878
111 28 0.688352
111 9 0.708350
111 11 0.707424
111 13 0.716821
111 30 0.707962
111 4 0.742448
111 12 0.737807
111 54 0.732320
111 0 0.808936
111 44 0.766139
111 33 0.807307
111 17 0.836018
111 2 0.882254
111 14 0.892395
111 29 0.878281
111 23 0.890483
111 34 0.893283
111 21 0.939891
111 31 0.956304
111 16 0.998550
111 5 1.008117
111 3 1.051309
111 15 1.053312
111 25 1.045773
111 6 1.085559
111 19 1.084428
111 39 1.106236
111 22 1.135320
111 52 1.116583
111 38 1.154444
111 7 1.203364
111 43 1.173848
111 45 1.184297
111 18 1.227971
111 42 1.229276
111 1 1.276183
111 53 1.230885
111 51 1.243827
111 36 1.263535
111 27 1.275015
111 47 1.268189
111 50 1.265640
111 26 1.295321
111 20 1.338965
111 48 1.311673
111 46 1.329868
111 35 1.350375
111 49 1.333732
111 37 1.365213
111 41 1.364217
111 40 1.371222
111 24 1.466637
112 8 0.527571
112 11 0.620878
112 10 0.753258
112 30 0.835953
112 12 0.888851
112 9 0.891501
112 1 0.981568
112 44 0.933957
112 28 0.982522
112 33 0.976730
112 6 1.014538
112 3 1.025693
112 32 1.075987
112 2 1.176593
112 5 1.191936
112 29 1.186588
112 4 1.229744
112 7 1.410331
112 13 1.406709
112 14 1.406401
112 38 1.376853
112 50 1.360473
112 34 1.403298
112 49 1.473604
112 0 1.530672
112 31 1.522136
112 37 1.614588
112 17 1.663485
112 15 1.686418
112 23 1.678405
112 46 1.663653
112 47 1.676960
112 16 1.752264
112 52 1.721609
112 19 1.766588
112 22 1.778476
112 36 1.784956
112 40 1.793051
112 45 1.799743
112 27 1.843128
112 24 1.860699
112 25 1.874013
112 39 1.853472
112 20 1.896807
112 48 1.877062
112 51 1.891309
112 43 2.023650
112 41 2.029441
112 26 2.052955
112 18 2.062582
112 35 2.040412
112 21 2.060238
112 54 2.016529
112 42 2.050335
112 53 2.111484
113 9 0.565888
113 8 0.567014
113 14 0.574587
113 10 0.627121
113 11 0.686792
113 32 0.674307
113 13 0.710346
113 12 0.789219
113 4 0.858364
113 31 0.850933
113 0 0.904315
113 1 0.919925
113 29 0.908545
113 7 0.951665
113 44 0.939727
113 2 0.992293
113 33 1.059716
113 28 1.116902
113 52 1.132371
113 54 1.146224
113 5 1.197816
113 30 1.175438
113 43 1.190699
113 18 1.225528
113 3 1.275470
113 6 1.279507
113 26 1.370207
113 36 1.379961
113 50 1.365421
113 38 1.386019
113 22 1.404472
113 16 1.425110
113 35 1.405046
113 41 1.431229
113 39 1.455360
113 49 1.452010
113 48 1.464398
113 46 1.513754
113 20 1.562919
113 42 1.547602
113 19 1.578327
113 51 1.562535
113 24 1.624168
113 37 1.624122
113 15 1.657778
113 47 1.623797
113 34 1.638585
113 21 1.664601
113 40 1.657980
113 45 1.668654
113 17 1.706877
113 53 1.681770
113 27 1.739858
113 25 1.802426
113 23 1.870688
114 8 0.476447
114 11 0.510798
114 14 0.606289
114 9 0.615887
114 13 0.619394
114 10 0.625629
114 29 0.824533
114 30 0.917225
114 1 0.970022
114 4 1.028736
114 5 1.072006
114 3 1.202408
114 32 1.177192
114 31 1.206275
114 12 1.239155
114 51 1.194677
114 7 1.271541
114 36 1.249997
114 44 1.270495
114 2 1.353227
114 45 1.314263
114 28 1.350375
114 0 1.395343
114 40 1.348649
114 54 1.360468
114 50 1.377013
114 34 1.418164
114 15 1.454643
114 43 1.479867
114 33 1.496189
114 39 1.531713
114 37 1.591215
114 6 1.638752
114 25 1.617099
114 53 1.603854
114 42 1.652580
114 23 1.734719
114 18 1.747648
114 26 1.740688
114 22 1.753532
114 35 1.761834
114 19 1.794151
114 17 1.809258
114 48 1.786764
114 49 1.808223
114 16 1.863171
114 41 1.837372
114 21 1.892547
114 27 1.911093
114 52 1.895847
114 47 1.906920
114 46 1.911398
114 24 1.974362
114 20 2.025211
114 38 2.065227
115 11 0.455928
115 14 0.520598
115 12 0.546034
115 8 0.549603
115 32 0.570064
115 33 0.633853
115 0 0.766271
115 13 0.772666
115 28 0.781191
115 36 0.799033
115 44 0.800871
115 2 0.864362
115 29 0.843491
115 10 0.913473
115 6 0.916891
115 30 0.896677
115 3 0.920366
115 16 0.969405
115 9 1.047628
115 26 1.075598
115 23 1.127276
115 31 1.119431
115 38 1.119085
115 54 1.103666
115 21 1.165896
115 48 1.137965
115 34 1.178194
115 45 1.168417
115 5 1.215207
115 22 1.203904
115 40 1.239336
115 47 1.231813
115 4 1.285159
115 18 1.276559
115 25 1.282852
115 51 1.261887
115 20 1.296108
115 15 1.309892
115 42 1.303307
115 50 1.295054
115 49 1.296275
115 17 1.343885
115 46 1.313716
115 1 1.357114
115 41 1.330809
115 37 1.351832
115 24 1.367074
115 53 1.357451
115 52 1.358705
115 27 1.396198
115 19 1.412064
115 7 1.421075
115 43 1.397080
115 39 1.428807
115 35 1.531041
116 10 0.475200
116 11 0.521995
116 12 0.522098
116 8 0.525925
116 31 0.575840
116 44 0.601672
116 29 0.734730
116 33 0.767841
116 6 0.827520
116 1 0.877375
116 28 0.933418
116 2 1.022494
116 14 1.017020
116 30 1.077712
116 4 1.103444
116 26 1.272467
116 36 1.300356
116 9 1.328972
116 47 1.288036
116 22 1.320878
116 0 1.337298
116 38 1.302375
116 20 1.324653
116 32 1.434642
116 24 1.446391
116 3 1.464554
116 39 1.430236
116 46 1.420623
116 13 1.470008
116 34 1.448337
116 42 1.438469
116 48 1.431412
116 21 1.487003
116 43 1.460924
116 49 1.453991
116 37 1.470324
116 41 1.483972
116 35 1.491692
116 25 1.547705
116 52 1.539651
116 51 1.553558
116 16 1.660693
116 18 1.659595
116 40 1.634164
116 5 1.698126
116 7 1.724623
116 19 1.729176
116 15 1.745368
116 54 1.721986
116 53 1.741882
116 50 1.772584
116 17 1.901295
116 23 1.918738
116 45 1.891725
116 27 1.954655
117 8 0.539714
117 9 0.601186
117 11 0.601137
117 31 0.756609
117 12 0.831154
117 32 0.821275
117 10 1.012056
117 29 0.994306
117 0 1.020044
117 3 1.035485
117 30 1.093091
117 28 1.119748
117 13 1.146472
117 1 1.155591
117 5 1.153334
117 51 1.249056
117 33 1.292036
117 34 1.399578
117 17 1.423314
117 44 1.408789
117 47 1.496867
117 53 1.490157
117 7 1.550706
117 39 1.534985
117 25 1.563636
117 27 1.562620
117 38 1.563078
117 26 1.601670
117 40 1.623178
117 48 1.614130
117 42 1.641480
117 14 1.679177
117 4 1.780067
117 18 1.790102
117 35 1.781011
117 15 1.826038
117 24 1.872052
117 6 1.887752
117 49 1.839623
117 21 1.894344
117 36 1.990650
117 37 1.989179
117 50 1.974879
117 43 1.982601
117 45 1.981084
117 23 2.012984
117 22 2.029816
117 54 2.053973
117 2 2.130479
117 19 2.139773
117 20 2.158047
117 16 2.199521
117 46 2.191055
117 41 2.199138
117 52 2.254544
118 12 0.521576
118 9 0.751961
118 8 0.753247
118 10 0.752701
118 31 0.728235
118 14 0.751529
118 13 0.753019
118 28 0.777480
118 33 0.791691
118 30 0.798009
118 11 0.858146
118 44 0.876720
118 32 0.895644
118 1 1.026594
118 4 1.047632
118 5 1.049713
118 0 1.124608
118 29 1.124932
118 7 1.149790
118 2 1.168740
118 21 1.209606
118 53 1.166469
118 50 1.278319
118 6 1.335367
118 26 1.347887
118 3 1.416948
118 24 1.451748
118 43 1.456316
118 16 1.526059
118 18 1.566405
118 17 1.582161
118 46 1.568416
118 51 1.562599
118 34 1.610598
118 22 1.700688
118 25 1.711229
118 49 1.694379
118 27 1.727183
118 38 1.733055
118 48 1.720087
118 40 1.748177
118 42 1.743957
118 52 1.745469
118 37 1.777670
118 39 1.775937
118 54 1.768135
118 35 1.793871
118 41 1.805893
118 36 1.914773
118 19 1.940772
118 15 1.945219
118 23 1.936942
118 20 1.941788
118 47 1.903738
118 45 1.932999
119 9 0.512198
119 11 0.571876
119 30 0.643110
119 13 0.894281
119 32 0.887271
119 10 0.975267
119 3 1.037973
119 44 0.995883
119 0 1.043616
119 29 1.086391
119 14 1.108906
119 33 1.110958
119 2 1.141366
119 40 1.142473
119 37 1.191924
119 5 1.226867
119 52 1.174915
119 31 1.241560
119 20 1.311014
119 24 1.327597
119 8 1.363582
119 7 1.379089
119 15 1.372928
119 17 1.385428
119 39 1.360247
119 12 1.443649
119 1 1.461900
119 45 1.457548
119 43 1.503708
119 48 1.497716
119 35 1.534474
119 21 1.562044
119 4 1.578156
119 28 1.556173
119 38 1.582070
119 25 1.609080
119 23 1.684151
119 49 1.669107
119 34 1.710841
119 26 1.721365
119 47 1.695176
119 42 1.719455
119 46 1.771983
119 6 1.823640
119 41 1.794449
119 36 1.802107
119 53 1.782517
119 27 1.820739
119 51 1.797208
119 16 1.866100
119 50 1.858445
119 18 1.929562
119 19 1.936317
119 54 1.910066
119 22 2.022883
120 10 0.596059
120 13 0.804429
120 12 0.805908
120 9 0.851588
120 11 0.859561
120 29 0.951020
120 31 1.013685
120 30 1.015836
120 0 1.180428
120 14 1.170284
120 5 1.305612
120 4 1.348032
120 8 1.345149
120 7 1.346305
120 15 1.340504
120 32 1.315693
120 3 1.463120
120 49 1.449978
120 41 1.539831
120 44 1.587083
120 16 1.643317
120 23 1.666764
120 28 1.809636
120 46 1.778804
120 20 1.823638
120 33 1.803393
120 45 1.782631
120 50 1.787075
120 39 1.807727
120 2 1.857949
120 40 1.815215
120 1 1.905584
120 24 1.922492
120 54 1.872002
120 35 1.907539
120 43 1.910351
120 6 2.005037
120 37 1.963253
120 38 1.980342
120 47 1.988768
120 25 2.051252
120 18 2.062687
120 27 2.049018
120 34 2.059638
120 48 2.036148
120 26 2.092003
120 51 2.071806
120 36 2.098003
120 17 2.150398
120 19 2.246706
120 22 2.247709
120 42 2.214602
120 52 2.199517
120 21 2.250099
120 53 2.270328
