21 1 0.147457
21 2 0.154075
21 0 0.181603
21 3 0.203833
21 5 0.197070
21 9 0.065054
21 4 0.215437
21 8 0.120388
21 6 0.209013
21 10 0.067431
21 7 0.178502
21 12 0.085077
21 14 0.097894
21 11 0.119154
21 13 0.108217
21 16 0.095222
21 17 0.120185
21 18 0.122423
21 15 0.141942
21 25 0.129102
21 22 0.142568
21 19 0.149523
21 21 0.147494
21 23 0.145644
21 20 0.157699
21 30 0.175945
21 45 0.160785
21 44 0.163105
21 31 0.183155
21 28 0.189698
21 47 0.161192
21 24 0.218325
21 49 0.177229
21 33 0.199629
21 39 0.189421
21 36 0.200189
21 50 0.184412
21 48 0.186464
21 27 0.219152
21 32 0.208460
21 43 0.193387
21 29 0.217403
21 34 0.210485
21 40 0.200456
21 41 0.200669
21 38 0.205379
21 26 0.235396
21 35 0.226073
21 42 0.216564
21 37 0.224284
21 46 0.217651
22 0 0.128711
22 1 0.137904
22 5 0.162626
22 6 0.162492
22 2 0.167860
22 4 0.169695
22 3 0.173416
22 8 0.187250
22 7 0.192983
22 9 0.196481
22 10 0.229709
22 12 0.242459
22 14 0.241438
22 30 0.226470
22 34 0.227838
22 44 0.216341
22 41 0.220529
22 28 0.246610
22 11 0.276616
22 15 0.276897
22 20 0.271180
22 49 0.233330
22 16 0.280073
22 25 0.266639
22 33 0.254391
22 24 0.268299
22 45 0.241320
22 17 0.281219
22 13 0.284852
22 27 0.269005
22 18 0.284327
22 21 0.277920
22 48 0.242622
22 22 0.277133
22 23 0.276419
22 38 0.256950
22 32 0.263188
22 40 0.256119
22 19 0.288153
22 31 0.266738
22 47 0.251296
22 36 0.265667
22 37 0.265738
22 29 0.276788
22 50 0.249001
22 26 0.285190
22 42 0.264372
22 46 0.260212
22 43 0.264371
22 35 0.275306
22 39 0.276232
23 4 0.132596
23 0 0.143503
23 1 0.158541
23 8 0.158690
23 6 0.167705
23 3 0.170574
23 7 0.173998
23 2 0.180846
23 9 0.220704
23 10 0.227340
23 11 0.228701
23 14 0.227116
23 12 0.229945
23 30 0.213252
23 29 0.227546
23 5 0.254676
23 17 0.247215
23 28 0.235937
23 20 0.245041
23 21 0.244724
23 15 0.252086
23 24 0.247947
23 33 0.241188
23 50 0.222921
23 13 0.263440
23 42 0.234592
23 16 0.261455
23 31 0.246188
23 23 0.254777
23 35 0.243068
23 26 0.252001
23 25 0.255502
23 19 0.262375
23 34 0.247623
23 32 0.251652
23 18 0.265968
23 38 0.246352
23 47 0.237669
23 44 0.241391
23 45 0.240641
23 43 0.243034
23 37 0.250728
23 36 0.256539
23 27 0.268127
23 40 0.255433
23 22 0.275983
23 41 0.257582
23 48 0.250932
23 46 0.253265
23 49 0.250701
23 39 0.264436
24 0 0.141606
24 3 0.139857
24 4 0.165721
24 1 0.176590
24 5 0.184404
24 2 0.189143
24 9 0.187277
24 7 0.207000
24 8 0.240620
24 14 0.238166
24 10 0.242142
24 33 0.219358
24 28 0.226892
24 11 0.242593
24 12 0.242007
24 13 0.242462
24 44 0.210713
24 29 0.229836
24 37 0.219959
24 17 0.241737
24 30 0.232188
24 48 0.211106
24 34 0.228514
24 20 0.245036
24 32 0.231482
24 21 0.248815
24 47 0.222835
24 24 0.248722
24 15 0.259853
24 16 0.259275
24 19 0.257482
24 26 0.250719
24 6 0.270221
24 39 0.237998
24 36 0.243109
24 25 0.256193
24 23 0.258450
24 31 0.251512
24 42 0.237083
24 27 0.256179
24 35 0.246212
24 43 0.239000
24 41 0.241477
24 46 0.238290
24 40 0.244527
24 38 0.248486
24 50 0.235226
24 49 0.236464
24 22 0.265885
24 18 0.270757
24 45 0.241180
25 0 0.147317
25 2 0.152617
25 10 0.144888
25 1 0.176839
25 4 0.176543
25 15 0.136562
25 3 0.191364
25 8 0.183317
25 5 0.189616
25 13 0.154100
25 12 0.167425
25 14 0.152931
25 11 0.181314
25 6 0.201627
25 9 0.211487
25 7 0.224026
25 16 0.201164
25 17 0.211583
25 31 0.174632
25 19 0.250708
25 39 0.187001
25 47 0.174155
25 35 0.189127
25 41 0.187124
25 24 0.229905
25 45 0.198056
25 18 0.291758
25 27 0.234677
25 20 0.247016
25 48 0.201223
25 43 0.209867
25 34 0.218965
25 26 0.247624
25 29 0.242977
25 28 0.246072
25 44 0.220752
25 36 0.231090
25 40 0.226336
25 33 0.235716
25 23 0.263009
25 25 0.262257
25 46 0.227742
25 42 0.238313
25 21 0.276786
25 22 0.277461
25 37 0.252198
25 32 0.262284
25 30 0.271682
25 49 0.242166
25 38 0.263635
25 50 0.252657
26 0 0.135102
26 3 0.145657
26 2 0.149489
26 1 0.167533
26 5 0.181180
26 6 0.185203
26 4 0.190710
26 8 0.201188
26 10 0.240001
26 7 0.244025
26 12 0.240506
26 22 0.238109
26 14 0.249522
26 32 0.227203
26 34 0.224853
26 42 0.221503
26 20 0.247607
26 28 0.242088
26 41 0.233732
26 21 0.257346
26 25 0.254299
26 46 0.229154
26 19 0.262197
26 26 0.254600
26 38 0.239189
26 44 0.233783
26 11 0.274108
26 18 0.266936
26 29 0.255187
26 17 0.272728
26 30 0.257302
26 16 0.276021
26 9 0.283709
26 23 0.267413
26 47 0.239482
26 39 0.251422
26 24 0.270937
26 33 0.259623
26 50 0.242272
26 49 0.246075
26 13 0.290003
26 27 0.274292
26 48 0.249756
26 37 0.262888
26 31 0.270963
26 43 0.257175
26 15 0.297491
26 36 0.277164
26 35 0.280738
26 40 0.276495
26 45 0.276660
27 4 0.126830
27 0 0.130766
27 3 0.130520
27 2 0.181920
27 5 0.182673
27 1 0.195442
27 10 0.190657
27 8 0.209047
27 12 0.242037
27 27 0.236920
27 19 0.247504
27 9 0.256560
27 14 0.253677
27 23 0.245503
27 16 0.254219
27 24 0.247306
27 31 0.242674
27 25 0.249793
27 13 0.262946
27 6 0.270009
27 47 0.229874
27 20 0.259047
27 33 0.247180
27 7 0.271971
27 38 0.241104
27 22 0.259650
27 28 0.255021
27 42 0.238848
27 18 0.265181
27 37 0.244889
27 15 0.268565
27 11 0.271769
27 50 0.231170
27 26 0.259110
27 30 0.254467
27 21 0.264282
27 29 0.257867
27 34 0.251139
27 17 0.270418
27 40 0.245605
27 36 0.252033
27 32 0.258308
27 44 0.246919
27 43 0.248996
27 39 0.256269
27 35 0.260975
27 46 0.250976
27 48 0.248627
27 45 0.254040
27 41 0.264562
27 49 0.257057
28 0 0.138503
28 4 0.150353
28 1 0.162054
28 5 0.186135
28 8 0.186477
28 7 0.202508
28 3 0.212227
28 12 0.246869
28 2 0.261739
28 11 0.258382
28 6 0.262441
28 13 0.257460
28 10 0.260824
28 15 0.258220
28 20 0.254428
28 41 0.231415
28 29 0.245103
28 9 0.264986
28 16 0.260152
28 22 0.255305
28 14 0.266250
28 23 0.259262
28 18 0.264254
28 17 0.265195
28 30 0.252281
28 19 0.264349
28 49 0.232072
28 24 0.260550
28 21 0.264139
28 27 0.259880
28 31 0.256110
28 42 0.243651
28 28 0.263621
28 32 0.260536
28 38 0.252896
28 26 0.267187
28 44 0.249668
28 45 0.248867
28 40 0.256097
28 47 0.248751
28 39 0.257217
28 37 0.260004
28 43 0.254695
28 33 0.268020
28 50 0.248199
28 46 0.254569
28 35 0.268213
28 25 0.279633
28 34 0.271688
28 36 0.269814
28 48 0.261948
29 4 0.182753
29 0 0.197958
29 10 0.185073
29 7 0.193211
29 12 0.183999
29 1 0.211629
29 8 0.208224
29 2 0.227972
29 5 0.231994
29 3 0.250516
29 6 0.256445
29 9 0.253403
29 13 0.242639
29 14 0.241495
29 11 0.254202
29 15 0.275081
29 19 0.248428
29 20 0.283254
29 24 0.291296
29 30 0.206789
29 44 0.178979
29 18 0.310891
29 25 0.295316
29 28 0.256686
29 31 0.213380
29 40 0.194139
29 46 0.193020
29 22 0.320702
29 26 0.316697
29 43 0.209545
29 23 0.326830
29 32 0.251500
29 17 0.360839
29 16 0.388130
29 36 0.243083
29 33 0.250575
29 48 0.231024
29 27 0.345355
29 37 0.247329
29 34 0.252348
29 47 0.236254
29 38 0.252875
29 29 0.282959
29 42 0.266011
29 45 0.261530
29 35 0.280867
29 39 0.278449
29 41 0.276556
29 50 0.265285
29 49 0.267834
29 21 0.424252
30 0 0.149163
30 1 0.172428
30 2 0.201299
30 3 0.201370
30 4 0.216529
30 5 0.224012
30 7 0.241303
30 12 0.270930
30 11 0.279285
30 9 0.284263
30 13 0.281508
30 14 0.281841
30 33 0.263624
30 44 0.254735
30 23 0.275311
30 21 0.279305
30 29 0.271871
30 20 0.282287
30 15 0.287443
30 17 0.286731
30 26 0.278679
30 31 0.276805
30 22 0.288124
30 6 0.306458
30 19 0.295205
30 10 0.303505
30 18 0.299722
30 42 0.275948
30 8 0.311329
30 16 0.308379
30 32 0.292484
30 24 0.302758
30 27 0.301498
30 47 0.283960
30 28 0.304338
30 38 0.294509
30 43 0.289728
30 30 0.302683
30 37 0.297375
30 34 0.301032
30 35 0.304031
30 39 0.301940
30 48 0.293700
30 25 0.319195
30 40 0.307262
30 46 0.301524
30 50 0.297831
30 41 0.311569
30 49 0.304342
30 45 0.311343
30 36 0.320826
31 3 0.143305
31 2 0.162397
31 1 0.168080
31 0 0.169180
31 4 0.171225
31 8 0.182722
31 10 0.191128
31 5 0.205106
31 9 0.221157
31 6 0.246290
31 30 0.238290
31 31 0.237473
31 19 0.250865
31 33 0.236411
31 11 0.257701
31 44 0.225876
31 13 0.261982
31 24 0.252374
31 14 0.261915
31 29 0.248077
31 12 0.264329
31 21 0.258499
31 28 0.251216
31 17 0.262741
31 7 0.270725
31 47 0.232050
31 26 0.256526
31 20 0.262804
31 46 0.236845
31 25 0.260847
31 22 0.264905
31 38 0.249445
31 50 0.235956
31 42 0.247234
31 23 0.269509
31 34 0.259777
31 32 0.261660
31 27 0.268303
31 37 0.259608
31 35 0.262209
31 41 0.258101
31 43 0.259368
31 16 0.287610
31 15 0.291856
31 49 0.254937
31 39 0.269432
31 48 0.261934
31 18 0.297130
31 45 0.269080
31 36 0.289953
31 40 0.287822
32 0 0.185657
32 1 0.219421
32 4 0.208067
32 3 0.229813
32 2 0.268762
32 6 0.141070
32 5 0.233391
32 8 0.121185
32 9 0.145245
32 10 0.127464
32 11 0.131195
32 7 0.173614
32 12 0.142570
32 14 0.165740
32 15 0.200688
32 13 0.205552
32 18 0.209311
32 44 0.174749
32 45 0.199166
32 47 0.206368
32 42 0.215596
32 37 0.234669
32 19 0.267883
32 49 0.220279
32 23 0.265833
32 33 0.262646
32 39 0.251274
32 36 0.268443
32 28 0.298339
32 46 0.270558
32 35 0.287786
32 31 0.301927
32 43 0.279354
32 17 0.324742
32 16 0.326057
32 32 0.297493
32 20 0.320529
32 40 0.289307
32 29 0.312549
32 34 0.304125
32 30 0.313725
32 22 0.329935
32 41 0.306013
32 50 0.292410
32 21 0.349190
32 48 0.306948
32 27 0.343161
32 25 0.349353
32 38 0.329044
32 24 0.356447
32 26 0.369171
33 0 0.178672
33 3 0.180915
33 1 0.190843
33 5 0.187890
33 10 0.186458
33 2 0.206975
33 8 0.224856
33 4 0.262065
33 12 0.263535
33 30 0.247622
33 44 0.237564
33 11 0.294147
33 14 0.295829
33 16 0.294516
33 18 0.292404
33 32 0.278347
33 29 0.282299
33 36 0.298996
33 42 0.289645
33 13 0.323976
33 25 0.311971
33 31 0.305864
33 6 0.330329
33 26 0.313457
33 20 0.319808
33 50 0.286845
33 33 0.310440
33 15 0.332770
33 19 0.328446
33 9 0.338739
33 17 0.332542
33 28 0.324156
33 45 0.303487
33 34 0.319131
33 24 0.329537
33 46 0.305059
33 22 0.337964
33 35 0.328581
33 23 0.341423
33 21 0.348634
33 38 0.329996
33 40 0.328434
33 49 0.319174
33 7 0.381808
33 27 0.364783
33 43 0.347691
33 41 0.355100
33 47 0.351646
33 39 0.362807
33 48 0.355870
33 37 0.372668
34 6 0.154528
34 0 0.163057
34 3 0.176497
34 1 0.180672
34 4 0.188662
34 2 0.210967
34 5 0.215793
34 10 0.222861
34 11 0.238710
34 8 0.247518
34 9 0.248893
34 13 0.251531
34 14 0.260950
34 7 0.275285
34 15 0.269591
34 12 0.272012
34 32 0.256715
34 38 0.251015
34 33 0.259817
34 17 0.277100
34 19 0.277023
34 21 0.277381
34 18 0.281628
34 16 0.284578
34 30 0.270167
34 29 0.271551
34 45 0.254128
34 47 0.251550
34 20 0.283229
34 31 0.271567
34 44 0.264318
34 27 0.283810
34 25 0.287055
34 50 0.261619
34 28 0.287111
34 42 0.272065
34 41 0.274458
34 39 0.277257
34 35 0.283153
34 43 0.276775
34 26 0.303566
34 23 0.308820
34 34 0.295878
34 37 0.293802
34 49 0.282117
34 22 0.312993
34 46 0.286023
34 40 0.293261
34 24 0.313056
34 36 0.299338
34 48 0.290963
35 0 0.182122
35 3 0.188098
35 5 0.191137
35 1 0.194430
35 10 0.251587
35 31 0.232121
35 11 0.259644
35 2 0.267143
35 8 0.271589
35 32 0.250103
35 12 0.269139
35 28 0.254708
35 30 0.253074
35 33 0.250819
35 9 0.273859
35 4 0.279816
35 21 0.267442
35 44 0.245007
35 13 0.276995
35 17 0.275821
35 35 0.258565
35 19 0.275869
35 29 0.273761
35 15 0.290082
35 14 0.291222
35 6 0.300144
35 36 0.276497
35 25 0.292097
35 26 0.292718
35 27 0.294567
35 47 0.273243
35 22 0.305408
35 20 0.307649
35 16 0.311924
35 23 0.309709
35 24 0.315390
35 40 0.301111
35 42 0.298947
35 39 0.302993
35 18 0.325891
35 37 0.308423
35 38 0.308424
35 46 0.301504
35 43 0.316695
35 50 0.201493
35 7 0.353614
35 34 0.333916
35 41 0.326622
35 49 0.219041
35 45 0.333425
35 48 0.333470
36 1 0.109584
36 0 0.135328
36 2 0.167643
36 4 0.169157
36 3 0.180964
36 9 0.159475
36 8 0.183164
36 11 0.181023
36 13 0.178454
36 5 0.222177
36 6 0.223962
36 12 0.197432
36 10 0.207469
36 7 0.220863
36 14 0.204950
36 21 0.191577
36 16 0.233077
36 15 0.237339
36 18 0.232694
36 19 0.225469
36 22 0.218666
36 17 0.253589
36 23 0.227895
36 29 0.186878
36 25 0.238256
36 24 0.258427
36 28 0.233660
36 31 0.202321
36 27 0.246186
36 32 0.229143
36 26 0.291840
36 30 0.239998
36 46 0.171851
36 38 0.214735
36 37 0.215976
36 20 0.315740
36 44 0.179945
36 34 0.229407
36 43 0.194682
36 47 0.183313
36 48 0.183686
36 39 0.223312
36 36 0.238564
36 41 0.205995
36 35 0.241633
36 50 0.179665
36 33 0.245554
36 42 0.210122
36 40 0.230009
36 49 0.199293
36 45 0.221299
37 2 0.182507
37 6 0.183409
37 1 0.188830
37 0 0.190481
37 5 0.193598
37 4 0.250503
37 10 0.317260
37 12 0.315395
37 11 0.317119
37 13 0.316847
37 8 0.322252
37 7 0.323324
37 9 0.322211
37 44 0.288215
37 14 0.320490
37 28 0.311288
37 38 0.303419
37 46 0.296538
37 26 0.318484
37 16 0.328382
37 33 0.314285
37 36 0.311706
37 29 0.318964
37 32 0.315833
37 48 0.301201
37 34 0.319618
37 30 0.324518
37 15 0.345221
37 45 0.323927
37 25 0.345823
37 22 0.356581
37 31 0.347112
37 3 0.383436
37 21 0.367740
37 18 0.371748
37 41 0.349947
37 20 0.376407
37 37 0.361093
37 50 0.347780
37 42 0.361582
37 23 0.383751
37 27 0.382253
37 24 0.386271
37 47 0.362124
37 17 0.393787
37 35 0.376898
37 40 0.373786
37 39 0.377212
37 19 0.406162
37 49 0.380594
37 43 0.386014
38 3 0.191180
38 0 0.209716
38 4 0.207025
38 5 0.241824
38 13 0.279734
38 2 0.294750
38 10 0.291577
38 28 0.281364
38 9 0.301814
38 12 0.300490
38 7 0.305582
38 1 0.310601
38 11 0.303697
38 14 0.302549
38 8 0.308321
38 31 0.296210
38 29 0.298925
38 32 0.296505
38 33 0.299357
38 44 0.288551
38 40 0.307829
38 30 0.320055
38 15 0.334978
38 21 0.329870
38 20 0.334588
38 16 0.340093
38 17 0.343152
38 6 0.353763
38 34 0.329691
38 26 0.344773
38 45 0.325672
38 42 0.329437
38 19 0.358976
38 18 0.373829
38 39 0.351981
38 46 0.344786
38 27 0.369493
38 43 0.356216
38 23 0.378525
38 48 0.352832
38 37 0.368042
38 36 0.371422
38 38 0.373263
38 49 0.362008
38 41 0.370684
38 22 0.392684
38 24 0.391719
38 35 0.380900
38 25 0.392547
38 47 0.375786
38 50 0.382581
39 5 0.154756
39 3 0.166098
39 0 0.171608
39 1 0.180682
39 4 0.213800
39 11 0.212797
39 10 0.244760
39 6 0.250997
39 9 0.254409
39 33 0.232563
39 39 0.237330
39 13 0.266246
39 12 0.268609
39 28 0.256249
39 20 0.264968
39 31 0.264917
39 21 0.276490
39 32 0.266838
39 19 0.287141
39 17 0.290488
39 2 0.304521
39 14 0.305152
39 8 0.310040
39 37 0.285688
39 48 0.278486
39 30 0.299280
39 44 0.285795
39 29 0.306623
39 24 0.311337
39 23 0.315160
39 26 0.313195
39 40 0.305131
39 25 0.324485
39 46 0.304305
39 34 0.322483
39 15 0.344945
39 27 0.342121
39 18 0.351660
39 38 0.332076
39 36 0.335635
39 50 0.321586
39 45 0.326625
39 22 0.352260
39 7 0.364793
39 41 0.332742
39 49 0.327780
39 16 0.362966
39 43 0.338051
39 35 0.349850
39 42 0.343206
39 47 0.343446
40 5 0.159174
40 0 0.165292
40 6 0.180710
40 1 0.202998
40 4 0.208723
40 11 0.215042
40 3 0.228773
40 2 0.232216
40 8 0.263990
40 33 0.243760
40 31 0.245889
40 9 0.266652
40 17 0.263617
40 12 0.271206
40 14 0.270282
40 13 0.272465
40 10 0.289927
40 30 0.285624
40 21 0.295777
40 19 0.298000
40 28 0.290927
40 29 0.292650
40 43 0.278500
40 16 0.308459
40 44 0.277918
40 24 0.305256
40 34 0.297908
40 18 0.315203
40 47 0.288801
40 38 0.301467
40 32 0.309843
40 22 0.320830
40 25 0.318697
40 42 0.304631
40 23 0.329692
40 46 0.305078
40 7 0.346552
40 40 0.315114
40 48 0.311187
40 20 0.342790
40 45 0.315265
40 35 0.329285
40 50 0.312763
40 39 0.329408
40 41 0.327271
40 37 0.332489
40 26 0.344691
40 36 0.338510
40 15 0.367577
40 27 0.358303
40 49 0.340253
41 3 0.177308
41 5 0.180162
41 0 0.219055
41 1 0.218613
41 7 0.215601
41 33 0.222207
41 11 0.265121
41 12 0.264831
41 8 0.277447
41 6 0.279200
41 9 0.281068
41 10 0.281391
41 44 0.249936
41 28 0.267704
41 4 0.303014
41 30 0.281313
41 18 0.321194
41 14 0.326496
41 13 0.328297
41 37 0.305731
41 32 0.310716
41 2 0.338496
41 43 0.302742
41 34 0.330871
41 36 0.330157
41 39 0.330319
41 26 0.347739
41 29 0.344494
41 31 0.349271
41 17 0.363984
41 16 0.365319
41 19 0.364482
41 48 0.340214
41 23 0.369850
41 25 0.368265
41 46 0.347751
41 21 0.376928
41 42 0.357762
41 49 0.353975
41 38 0.367137
41 35 0.375087
41 15 0.401529
41 27 0.395587
41 20 0.403114
41 40 0.381748
41 47 0.377901
41 24 0.408478
41 50 0.383360
41 41 0.394336
41 45 0.393982
41 22 0.424173
42 0 0.183892
42 2 0.203256
42 5 0.201869
42 8 0.209993
42 1 0.262585
42 34 0.232938
42 13 0.254113
42 10 0.268631
42 20 0.263660
42 33 0.269627
42 11 0.291279
42 9 0.293250
42 44 0.258363
42 12 0.294416
42 3 0.301504
42 6 0.300860
42 29 0.280292
42 4 0.303012
42 17 0.293518
42 32 0.281605
42 39 0.284793
42 30 0.295639
42 16 0.310208
42 21 0.305505
42 37 0.292104
42 7 0.322695
42 28 0.307941
42 31 0.306191
42 14 0.323940
42 25 0.315779
42 35 0.309939
42 18 0.329292
42 46 0.302791
42 26 0.329876
42 23 0.336470
42 27 0.333356
42 49 0.309148
42 38 0.321919
42 48 0.311625
42 45 0.314752
42 15 0.352325
42 47 0.319808
42 43 0.326562
42 22 0.352169
42 41 0.333427
42 24 0.354391
42 19 0.362841
42 40 0.343487
42 42 0.342753
42 36 0.354737
42 50 0.348113
43 0 0.191077
43 8 0.148648
43 2 0.262910
43 1 0.273970
43 3 0.259223
43 12 0.130041
43 9 0.151535
43 11 0.159545
43 14 0.162521
43 13 0.168052
43 4 0.293717
43 5 0.250762
43 7 0.272536
43 10 0.235357
43 15 0.230773
43 6 0.297790
43 18 0.274496
43 28 0.260205
43 16 0.303435
43 30 0.267152
43 21 0.311036
43 19 0.315934
43 32 0.274266
43 29 0.317336
43 17 0.377672
43 24 0.360896
43 22 0.370504
43 26 0.355817
43 38 0.286464
43 44 0.289628
43 42 0.295091
43 33 0.335681
43 23 0.408962
43 20 0.417516
43 40 0.312430
43 43 0.311370
43 31 0.387244
43 34 0.355404
43 25 0.423276
43 39 0.331483
43 36 0.355704
43 35 0.382036
43 37 0.378924
43 27 0.452465
43 47 0.338498
43 48 0.344224
43 41 0.386558
43 50 0.349578
43 49 0.361487
43 45 0.389187
43 46 0.385290
44 0 0.238529
44 8 0.242612
44 13 0.327024
44 31 0.308143
44 30 0.319938
44 14 0.336601
44 29 0.352828
44 2 0.379007
44 1 0.380092
44 10 0.375760
44 9 0.384257
44 5 0.387866
44 7 0.386884
44 4 0.393290
44 11 0.405735
44 12 0.433759
44 45 0.395643
44 33 0.410870
44 3 0.442567
44 16 0.433481
44 20 0.464174
44 40 0.449544
44 24 0.469944
44 19 0.481888
44 28 0.472468
44 6 0.493954
44 23 0.478766
44 43 0.459754
44 44 0.458610
44 50 0.457457
44 32 0.488383
44 22 0.508974
44 35 0.493533
44 36 0.498566
44 21 0.518898
44 41 0.496308
44 18 0.524926
44 49 0.491356
44 15 0.532247
44 34 0.513635
44 17 0.538812
44 42 0.512725
44 47 0.507924
44 37 0.537166
44 26 0.555521
44 27 0.555637
44 48 0.529260
44 46 0.535801
44 39 0.549678
44 25 0.572038
44 38 0.558358
45 11 0.220536
45 10 0.268576
45 8 0.275864
45 9 0.272054
45 12 0.295583
45 3 0.322958
45 6 0.324355
45 4 0.345328
45 13 0.316958
45 5 0.345563
45 0 0.372376
45 2 0.381403
45 1 0.389502
45 14 0.357469
45 7 0.384698
45 28 0.371572
45 30 0.370050
45 29 0.374068
45 31 0.412752
45 32 0.410151
45 15 0.477474
45 20 0.468591
45 16 0.479890
45 18 0.523546
45 33 0.446405
45 44 0.287884
45 19 0.545780
45 27 0.535478
45 23 0.544696
45 26 0.541533
45 21 0.572457
45 22 0.578989
45 25 0.585266
45 17 0.607467
45 35 0.528959
45 34 0.555477
45 40 0.462182
45 43 0.427918
45 45 0.400662
45 24 0.655227
45 37 0.536551
45 38 0.520723
45 36 0.562395
45 46 0.428543
45 50 0.421617
45 42 0.474134
45 49 0.426858
45 47 0.434602
45 41 0.510318
45 39 0.538928
45 48 0.459703
46 0 0.286526
46 10 0.285597
46 9 0.322654
46 14 0.319184
46 8 0.326485
46 12 0.323997
46 13 0.339147
46 5 0.361108
46 1 0.365231
46 28 0.344670
46 47 0.324803
46 44 0.345768
46 2 0.385316
46 7 0.383645
46 4 0.389971
46 6 0.390045
46 40 0.389522
46 30 0.399647
46 32 0.398177
46 11 0.418530
46 46 0.387008
46 15 0.421008
46 29 0.408039
46 31 0.405641
46 33 0.405652
46 17 0.424153
46 3 0.442143
46 41 0.408203
46 21 0.438025
46 38 0.425491
46 19 0.454719
46 35 0.441542
46 26 0.455117
46 18 0.470515
46 25 0.464787
46 22 0.473146
46 16 0.485944
46 48 0.455937
46 49 0.456023
46 20 0.493804
46 37 0.478363
46 39 0.485185
46 27 0.501031
46 42 0.485384
46 45 0.484538
46 34 0.496245
46 36 0.496634
46 43 0.491407
46 50 0.492213
46 24 0.542693
46 23 0.547254
47 9 0.280429
47 32 0.260622
47 0 0.290119
47 5 0.287125
47 11 0.293949
47 33 0.301376
47 8 0.323361
47 31 0.304186
47 2 0.328523
47 4 0.327285
47 12 0.321767
47 3 0.339494
47 6 0.347312
47 10 0.357919
47 7 0.362749
47 14 0.358048
47 13 0.360528
47 29 0.348754
47 27 0.357046
47 44 0.348144
47 28 0.366636
47 30 0.364850
47 25 0.376408
47 22 0.385263
47 16 0.394411
47 41 0.389620
47 49 0.385863
47 20 0.419887
47 15 0.424818
47 24 0.421950
47 26 0.423655
47 18 0.431132
47 23 0.427258
47 48 0.404192
47 17 0.436450
47 1 0.449884
47 39 0.424480
47 40 0.430874
47 21 0.453566
47 43 0.435357
47 36 0.450938
47 35 0.454830
47 46 0.447287
47 34 0.461640
47 19 0.479901
47 47 0.459279
47 45 0.464522
47 37 0.482505
47 38 0.485831
47 42 0.484412
47 50 0.508272
48 3 0.296128
48 2 0.308143
48 4 0.307334
48 9 0.312420
48 1 0.324046
48 31 0.290158
48 10 0.314790
48 5 0.326371
48 0 0.334628
48 7 0.334968
48 11 0.330334
48 13 0.350596
48 33 0.351811
48 30 0.379173
48 12 0.398705
48 8 0.407058
48 45 0.377948
48 15 0.415141
48 20 0.427533
48 47 0.420413
48 43 0.428812
48 27 0.447796
48 19 0.463564
48 18 0.468564
48 14 0.478939
48 28 0.463196
48 29 0.465131
48 26 0.476099
48 41 0.464330
48 23 0.488020
48 44 0.466530
48 32 0.485325
48 17 0.504627
48 37 0.483193
48 21 0.506550
48 36 0.493552
48 24 0.510255
48 35 0.503242
48 40 0.500584
48 6 0.543394
48 50 0.496328
48 39 0.529904
48 38 0.531342
48 22 0.549020
48 42 0.528161
48 48 0.526391
48 49 0.538404
48 46 0.552981
48 34 0.568188
48 16 0.593578
48 25 0.586126
49 8 0.202826
49 13 0.207941
49 14 0.210744
49 11 0.217951
49 10 0.238248
49 12 0.239392
49 9 0.248421
49 1 0.307451
49 3 0.318385
49 2 0.326536
49 16 0.316014
49 4 0.325815
49 5 0.325825
49 15 0.319011
49 18 0.318724
49 28 0.188631
49 0 0.350509
49 31 0.199608
49 7 0.356832
49 33 0.199356
49 17 0.366788
49 6 0.376711
49 32 0.219885
49 29 0.236793
49 22 0.373741
49 20 0.376905
49 19 0.378148
49 21 0.382775
49 24 0.382817
49 30 0.249951
49 23 0.407665
49 44 0.185233
49 25 0.458686
49 26 0.465020
49 34 0.327210
49 27 0.355990
49 40 0.300088
49 38 0.305096
49 36 0.329743
49 47 0.282904
49 45 0.294258
49 42 0.320601
49 43 0.311446
49 37 0.355243
49 41 0.335877
49 35 0.395715
49 39 0.351609
49 48 0.303491
49 50 0.279370
49 49 0.300956
49 46 0.346861
50 5 0.227277
50 9 0.197784
50 3 0.279571
50 0 0.306261
50 1 0.316328
50 8 0.260439
50 13 0.167127
50 10 0.245520
50 2 0.344671
50 4 0.350898
50 12 0.219995
50 14 0.194704
50 11 0.283469
50 6 0.376408
50 7 0.371061
50 15 0.340360
50 33 0.254287
50 29 0.281784
50 16 0.445801
50 18 0.415342
50 20 0.394070
50 44 0.324027
50 31 0.358757
50 19 0.410778
50 17 0.422391
50 23 0.390997
50 25 0.380474
50 30 0.367450
50 21 0.402787
50 28 0.384782
50 24 0.399636
50 32 0.392992
50 27 0.433329
50 45 0.393332
50 47 0.392483
50 43 0.422908
50 41 0.428635
50 22 0.496369
50 35 0.458883
50 39 0.451481
50 36 0.472914
50 34 0.484080
50 38 0.476803
50 37 0.480167
50 26 0.526093
50 46 0.476706
50 49 0.484565
50 40 0.504764
50 42 0.504683
50 50 0.497025
50 48 0.528990
51 12 0.301754
51 7 0.306775
51 0 0.384785
51 28 0.357655
51 14 0.373102
51 1 0.391923
51 13 0.381191
51 9 0.394872
51 3 0.400592
51 44 0.355718
51 10 0.395106
51 4 0.418312
51 32 0.395567
51 2 0.467701
51 15 0.456634
51 8 0.472623
51 5 0.485015
51 29 0.468046
51 36 0.464065
51 19 0.484689
51 38 0.461941
51 21 0.484516
51 24 0.491076
51 30 0.492090
51 16 0.511721
51 39 0.487783
51 33 0.504045
51 11 0.528165
51 31 0.511497
51 42 0.523816
51 18 0.561522
51 6 0.578701
51 43 0.540960
51 26 0.566923
51 40 0.558559
51 46 0.555107
51 22 0.593796
51 50 0.567048
51 47 0.573076
51 34 0.592859
51 27 0.603982
51 23 0.616070
51 35 0.606384
51 17 0.637051
51 45 0.604609
51 49 0.604914
51 48 0.607661
51 37 0.630330
51 25 0.667527
51 20 0.713582
51 41 0.704688
52 1 0.232490
52 8 0.270516
52 0 0.281374
52 11 0.269596
52 4 0.277143
52 13 0.269083
52 3 0.295241
52 6 0.291569
52 7 0.291798
52 12 0.295381
52 5 0.305018
52 30 0.326121
52 9 0.413202
52 15 0.421202
52 22 0.419675
52 2 0.445709
52 23 0.419479
52 14 0.445153
52 38 0.409835
52 40 0.407231
52 35 0.447069
52 31 0.451308
52 39 0.437452
52 41 0.436995
52 34 0.461523
52 29 0.469916
52 45 0.440563
52 42 0.446984
52 10 0.495853
52 19 0.486661
52 50 0.437926
52 25 0.485792
52 32 0.476294
52 28 0.483633
52 43 0.457060
52 44 0.468566
52 47 0.466818
52 17 0.529461
52 27 0.529010
52 46 0.497844
52 33 0.533164
52 24 0.546366
52 37 0.548970
52 26 0.576922
52 36 0.566374
52 49 0.552702
52 21 0.605977
52 16 0.655193
52 48 0.607129
52 18 0.661847
52 20 0.662893
53 9 0.285163
53 10 0.284520
53 14 0.284053
53 44 0.270301
53 4 0.318439
53 5 0.324848
53 29 0.303053
53 33 0.299075
53 11 0.322430
53 8 0.358269
53 12 0.355718
53 30 0.338541
53 2 0.364587
53 28 0.342260
53 0 0.379081
53 3 0.398849
53 1 0.400603
53 13 0.393300
53 32 0.379537
53 18 0.434014
53 31 0.438208
53 15 0.462505
53 17 0.461192
53 6 0.472067
53 42 0.438363
53 7 0.476013
53 41 0.444001
53 21 0.480193
53 26 0.481336
53 35 0.479247
53 16 0.502600
53 50 0.480552
53 25 0.512748
53 47 0.488260
53 45 0.497900
53 19 0.535549
53 40 0.511945
53 36 0.519866
53 22 0.541649
53 46 0.517624
53 24 0.550011
53 37 0.535838
53 48 0.524951
53 20 0.557260
53 34 0.542689
53 49 0.531828
53 43 0.543657
53 38 0.552206
53 27 0.566579
53 39 0.576373
53 23 0.603586
54 8 0.278039
54 30 0.287018
54 10 0.321750
54 2 0.330452
54 28 0.319752
54 12 0.341111
54 0 0.350844
54 4 0.363082
54 29 0.351613
54 31 0.355804
54 6 0.382252
54 1 0.393554
54 13 0.385855
54 33 0.377255
54 9 0.419960
54 44 0.384492
54 11 0.421041
54 48 0.388234
54 14 0.429900
54 17 0.437284
54 32 0.423721
54 3 0.467094
54 37 0.433831
54 5 0.474461
54 39 0.451213
54 7 0.485527
54 40 0.453329
54 47 0.446016
54 22 0.476169
54 45 0.466330
54 46 0.470709
54 24 0.504565
54 23 0.511549
54 35 0.499901
54 16 0.521820
54 42 0.491253
54 36 0.506832
54 15 0.539042
54 19 0.536237
54 20 0.539518
54 50 0.517517
54 18 0.561930
54 43 0.535834
54 38 0.542442
54 26 0.561131
54 34 0.557532
54 25 0.570916
54 27 0.573349
54 21 0.583752
54 41 0.571064
54 49 0.569360
55 14 0.293721
55 1 0.313210
55 2 0.330571
55 28 0.309803
55 12 0.328669
55 29 0.313594
55 4 0.338964
55 10 0.335929
55 32 0.315709
55 8 0.340353
55 44 0.339736
55 11 0.383866
55 3 0.392935
55 13 0.385849
55 31 0.374118
55 0 0.415284
55 5 0.425722
55 9 0.424198
55 16 0.424925
55 30 0.414821
55 35 0.413391
55 38 0.411622
55 33 0.420961
55 17 0.445650
55 7 0.469629
55 15 0.467055
55 20 0.465773
55 6 0.494437
55 43 0.459067
55 22 0.486244
55 37 0.474027
55 34 0.503919
55 26 0.512108
55 47 0.493451
55 42 0.504291
55 25 0.523202
55 24 0.524826
55 40 0.510962
55 50 0.504370
55 27 0.549000
55 19 0.568189
55 48 0.536820
55 39 0.548446
55 36 0.553649
55 46 0.546355
55 45 0.548051
55 41 0.553470
55 18 0.585379
55 49 0.561157
55 23 0.591809
55 21 0.638664
56 10 0.200003
56 9 0.220863
56 3 0.271730
56 8 0.273156
56 1 0.284730
56 11 0.303272
56 0 0.316373
56 28 0.317740
56 12 0.360097
56 2 0.443307
56 33 0.408118
56 25 0.418418
56 4 0.448587
56 31 0.412546
56 13 0.440950
56 29 0.416767
56 20 0.429206
56 5 0.449873
56 15 0.439127
56 19 0.432245
56 14 0.455938
56 21 0.446304
56 7 0.466071
56 30 0.441682
56 22 0.453415
56 17 0.461609
56 41 0.433857
56 44 0.428219
56 32 0.468615
56 37 0.471581
56 23 0.512067
56 6 0.544468
56 49 0.485885
56 27 0.523067
56 45 0.497648
56 24 0.529383
56 26 0.529871
56 35 0.517798
56 47 0.505980
56 34 0.531412
56 39 0.535397
56 16 0.571698
56 50 0.523335
56 43 0.531690
56 38 0.551207
56 46 0.549028
56 18 0.592965
56 48 0.550417
56 42 0.566002
56 40 0.581225
56 36 0.621373
57 3 0.209305
57 12 0.293041
57 9 0.319934
57 10 0.322189
57 13 0.325173
57 2 0.362003
57 11 0.368207
57 31 0.365841
57 4 0.394794
57 0 0.399082
57 1 0.416659
57 8 0.423541
57 28 0.405921
57 30 0.404515
57 44 0.392256
57 14 0.427075
57 6 0.433416
57 32 0.415875
57 5 0.475926
57 29 0.467128
57 43 0.469134
57 33 0.489182
57 26 0.502297
57 22 0.507669
57 27 0.504949
57 40 0.495864
57 24 0.516809
57 47 0.525207
57 16 0.582788
57 15 0.593952
57 42 0.569100
57 41 0.575472
57 18 0.609512
57 20 0.611295
57 34 0.596649
57 7 0.632049
57 21 0.639888
57 19 0.645700
57 39 0.627538
57 48 0.622405
57 38 0.642501
57 25 0.659617
57 36 0.650148
57 46 0.642215
57 50 0.642648
57 17 0.687770
57 49 0.658880
57 37 0.674738
57 35 0.676896
57 23 0.694287
57 45 0.674003
58 9 0.366854
58 4 0.381035
58 44 0.359891
58 14 0.395900
58 13 0.404511
58 32 0.383071
58 11 0.411165
58 2 0.420126
58 7 0.432881
58 10 0.457476
58 0 0.466733
58 5 0.463134
58 3 0.483197
58 33 0.451645
58 1 0.529268
58 18 0.511864
58 30 0.504535
58 29 0.530408
58 31 0.529441
58 8 0.588136
58 12 0.613821
58 28 0.592572
58 16 0.613400
58 46 0.579735
58 41 0.604723
58 40 0.610499
58 45 0.642004
58 20 0.675918
58 6 0.701458
58 27 0.688123
58 43 0.674668
58 37 0.691775
58 36 0.693526
58 47 0.688176
58 39 0.701648
58 26 0.717574
58 34 0.709375
58 25 0.718835
58 19 0.735103
58 49 0.718930
58 42 0.738026
58 15 0.777469
58 17 0.786248
58 50 0.755546
58 23 0.795957
58 35 0.788453
58 24 0.803697
58 22 0.815160
58 38 0.804426
58 21 0.830883
58 48 0.801472
59 8 0.218604
59 10 0.184256
59 4 0.298280
59 9 0.231839
59 1 0.312831
59 2 0.348696
59 11 0.235974
59 14 0.260109
59 13 0.286855
59 0 0.408741
59 3 0.414269
59 12 0.312653
59 5 0.453473
59 17 0.312456
59 7 0.456415
59 16 0.346899
59 6 0.494550
59 18 0.405107
59 30 0.287308
59 32 0.265429
59 31 0.305115
59 44 0.265690
59 28 0.357809
59 19 0.502667
59 20 0.489678
59 22 0.456826
59 26 0.402130
59 29 0.396615
59 21 0.500031
59 33 0.397732
59 15 0.645170
59 34 0.408724
59 24 0.535144
59 27 0.549358
59 38 0.462204
59 40 0.463366
59 43 0.459730
59 42 0.478884
59 47 0.476620
59 46 0.483260
59 37 0.505626
59 49 0.496372
59 39 0.521844
59 25 0.617287
59 41 0.523626
59 36 0.535251
59 23 0.653053
59 50 0.530422
59 48 0.541123
59 35 0.580475
59 45 0.569086
60 9 0.211947
60 13 0.189456
60 3 0.346951
60 5 0.378851
60 1 0.407721
60 14 0.292643
60 10 0.315623
60 8 0.389470
60 12 0.319931
60 11 0.346930
60 0 0.461395
60 7 0.486176
60 4 0.541727
60 18 0.497998
60 15 0.522033
60 6 0.629761
60 28 0.318157
60 29 0.330932
60 33 0.284270
60 2 0.683848
60 32 0.286724
60 20 0.543006
60 17 0.570367
60 16 0.600018
60 23 0.511655
60 44 0.284763
60 31 0.348030
60 19 0.626310
60 30 0.378658
60 21 0.642357
60 27 0.476252
60 25 0.551856
60 35 0.422524
60 22 0.663768
60 24 0.578283
60 39 0.443507
60 36 0.488023
60 48 0.414602
60 45 0.474839
60 34 0.539799
60 26 0.693151
60 37 0.584881
60 40 0.585293
60 42 0.552970
60 47 0.534369
60 46 0.559211
60 49 0.551791
60 38 0.634675
60 50 0.567604
60 41 0.604946
60 43 0.604603
61 8 0.346596
61 44 0.309616
61 9 0.372984
61 10 0.389119
61 5 0.413466
61 6 0.417728
61 13 0.411836
61 0 0.423383
61 14 0.413020
61 32 0.419263
61 4 0.448045
61 30 0.423545
61 33 0.438931
61 12 0.486172
61 28 0.471012
61 1 0.514477
61 2 0.514290
61 3 0.554678
61 31 0.543841
61 29 0.549878
61 36 0.550268
61 24 0.581759
61 11 0.601267
61 35 0.580046
61 20 0.600407
61 40 0.600125
61 42 0.619499
61 27 0.640297
61 7 0.673058
61 46 0.640430
61 19 0.676204
61 22 0.680947
61 34 0.677132
61 15 0.700251
61 38 0.706011
61 50 0.702620
61 49 0.708415
61 39 0.724963
61 45 0.720251
61 16 0.750835
61 48 0.723642
61 18 0.757877
61 37 0.741656
61 26 0.757694
61 23 0.773338
61 17 0.790580
61 21 0.800527
61 25 0.805262
61 47 0.784883
61 43 0.794015
61 41 0.821975
62 9 0.212157
62 1 0.254193
62 5 0.231355
62 0 0.268901
62 8 0.234209
62 3 0.253474
62 11 0.230230
62 4 0.277419
62 2 0.298437
62 10 0.274278
62 12 0.266631
62 13 0.237927
62 7 0.342705
62 14 0.269260
62 15 0.364741
62 29 0.282363
62 32 0.288222
62 31 0.305835
62 6 0.586570
62 21 0.402226
62 22 0.431625
62 45 0.412713
62 44 0.423907
62 17 0.491494
62 19 0.496695
62 43 0.445700
62 30 0.473381
62 24 0.511583
62 37 0.482335
62 25 0.521294
62 36 0.490297
62 27 0.512681
62 33 0.503337
62 41 0.495983
62 20 0.557644
62 28 0.532514
62 34 0.528520
62 35 0.540474
62 39 0.539920
62 16 0.643677
62 47 0.543374
62 26 0.620138
62 18 0.646877
62 40 0.595505
62 46 0.586532
62 49 0.600861
62 23 0.665614
62 42 0.634837
62 48 0.658278
62 38 0.676786
62 50 0.697524
63 9 0.213195
63 8 0.272316
63 10 0.281151
63 5 0.309393
63 11 0.285486
63 0 0.348685
63 13 0.217613
63 12 0.302841
63 2 0.380084
63 4 0.374906
63 3 0.386308
63 14 0.226055
63 7 0.381339
63 6 0.398492
63 1 0.445228
63 16 0.333012
63 28 0.256871
63 18 0.416585
63 15 0.499072
63 31 0.331211
63 30 0.350943
63 29 0.374264
63 44 0.345791
63 21 0.432906
63 24 0.421061
63 22 0.437311
63 32 0.389072
63 33 0.402364
63 34 0.407376
63 19 0.508396
63 20 0.495545
63 23 0.486976
63 35 0.446991
63 17 0.582024
63 43 0.435094
63 27 0.490801
63 26 0.528108
63 48 0.482356
63 36 0.522886
63 25 0.578514
63 38 0.531684
63 45 0.533268
63 50 0.524585
63 42 0.547973
63 46 0.546148
63 40 0.568253
63 47 0.557633
63 41 0.613715
63 39 0.621077
63 37 0.648658
63 49 0.638226
64 9 0.270767
64 12 0.290943
64 13 0.329559
64 8 0.361770
64 1 0.386928
64 14 0.370536
64 10 0.374528
64 11 0.374837
64 5 0.400366
64 3 0.412750
64 4 0.465354
64 31 0.429934
64 29 0.445417
64 30 0.511075
64 33 0.525792
64 0 0.626245
64 44 0.551051
64 7 0.627997
64 35 0.578337
64 17 0.646218
64 2 0.687059
64 25 0.650419
64 16 0.682119
64 32 0.654022
64 27 0.670001
64 6 0.714037
64 15 0.706442
64 28 0.672876
64 19 0.699698
64 45 0.669927
64 43 0.693204
64 23 0.754927
64 38 0.728791
64 47 0.717452
64 21 0.772125
64 39 0.752457
64 24 0.796823
64 41 0.782406
64 36 0.810610
64 49 0.800615
64 40 0.826809
64 20 0.867324
64 26 0.884680
64 22 0.901450
64 42 0.891218
64 34 0.908578
64 37 0.908270
64 50 0.881485
64 46 0.910577
64 18 0.977381
64 48 0.917209
65 10 0.339351
65 3 0.376518
65 28 0.358988
65 0 0.443719
65 30 0.396050
65 4 0.453645
65 14 0.453914
65 7 0.477835
65 22 0.455247
65 8 0.479219
65 9 0.478925
65 12 0.471705
65 44 0.405959
65 32 0.515928
65 42 0.494039
65 16 0.555279
65 50 0.486354
65 36 0.520251
65 27 0.541199
65 5 0.594432
65 2 0.597714
65 35 0.544874
65 1 0.628937
65 26 0.595655
65 34 0.587643
65 38 0.588981
65 25 0.621256
65 6 0.655099
65 46 0.581776
65 48 0.581650
65 20 0.648748
65 13 0.662452
65 29 0.635366
65 47 0.601563
65 11 0.675678
65 24 0.652753
65 40 0.630155
65 33 0.670189
65 31 0.692473
65 17 0.746636
65 23 0.731668
65 43 0.692888
65 15 0.759979
65 18 0.756452
65 19 0.763873
65 37 0.729698
65 41 0.724150
65 45 0.731491
65 39 0.758264
65 49 0.745406
65 21 0.873843
66 11 0.227592
66 13 0.236159
66 1 0.255035
66 8 0.262376
66 9 0.267282
66 10 0.296461
66 0 0.333174
66 14 0.335299
66 20 0.328240
66 12 0.367740
66 30 0.158041
66 19 0.396524
66 21 0.396854
66 4 0.426968
66 28 0.283973
66 5 0.438884
66 16 0.444204
66 31 0.233169
66 3 0.489212
66 2 0.490397
66 18 0.468493
66 22 0.481065
66 6 0.508228
66 7 0.524854
66 29 0.380634
66 15 0.546506
66 32 0.303175
66 23 0.553560
66 33 0.300944
66 44 0.243660
66 17 0.613039
66 25 0.627546
66 24 0.640192
66 26 0.555247
66 35 0.431145
66 40 0.412665
66 36 0.434195
66 43 0.388652
66 45 0.383307
66 38 0.442688
66 37 0.443747
66 27 0.608632
66 41 0.410519
66 42 0.415536
66 49 0.376236
66 48 0.385323
66 34 0.500331
66 46 0.418799
66 39 0.490215
66 50 0.410619
66 47 0.447910
67 9 0.314708
67 8 0.329351
67 10 0.341852
67 3 0.408798
67 0 0.518774
67 11 0.456614
67 12 0.455771
67 14 0.451305
67 1 0.519754
67 13 0.455136
67 5 0.519927
67 4 0.532460
67 7 0.609548
67 6 0.644706
67 29 0.335953
67 31 0.339222
67 30 0.368888
67 28 0.403333
67 18 0.641584
67 32 0.358513
67 16 0.693367
67 17 0.712537
67 2 0.783338
67 21 0.667802
67 20 0.720077
67 19 0.778029
67 22 0.735665
67 33 0.430832
67 25 0.705774
67 23 0.746363
67 15 0.845396
67 26 0.726025
67 44 0.380501
67 24 0.806043
67 34 0.532385
67 27 0.796574
67 41 0.488818
67 36 0.590932
67 35 0.595787
67 37 0.613708
67 45 0.532610
67 40 0.561901
67 49 0.444845
67 39 0.628913
67 47 0.554802
67 38 0.648063
67 48 0.562746
67 43 0.589089
67 42 0.608716
67 50 0.528022
67 46 0.619855
68 10 0.285487
68 11 0.334507
68 13 0.326066
68 12 0.361438
68 2 0.417403
68 9 0.391854
68 8 0.435418
68 4 0.456959
68 1 0.486110
68 14 0.438155
68 0 0.500643
68 3 0.517441
68 5 0.516058
68 6 0.510009
68 7 0.548177
68 31 0.452100
68 19 0.554153
68 29 0.503325
68 30 0.489809
68 21 0.599005
68 33 0.491889
68 15 0.612409
68 17 0.610309
68 28 0.592569
68 27 0.603147
68 23 0.630139
68 25 0.626124
68 35 0.514329
68 32 0.551513
68 20 0.659136
68 26 0.654040
68 22 0.668100
68 44 0.371190
68 34 0.634493
68 24 0.753145
68 16 0.794401
68 37 0.663659
68 50 0.431724
68 42 0.513463
68 36 0.691342
68 46 0.483166
68 18 0.866693
68 39 0.650910
68 45 0.524628
68 41 0.647748
68 38 0.759333
68 49 0.539120
68 48 0.544896
68 40 0.691366
68 47 0.596817
68 43 0.643241
69 9 0.355194
69 7 0.365100
69 1 0.426547
69 4 0.439518
69 0 0.442746
69 10 0.435949
69 32 0.397674
69 3 0.452611
69 8 0.464531
69 5 0.469719
69 6 0.494237
69 12 0.498168
69 38 0.458166
69 17 0.521049
69 2 0.540534
69 28 0.503984
69 14 0.545351
69 30 0.526674
69 13 0.572547
69 33 0.591742
69 48 0.572613
69 46 0.605132
69 45 0.621271
69 16 0.675285
69 39 0.631121
69 24 0.663758
69 11 0.691251
69 20 0.681426
69 31 0.673130
69 42 0.661127
69 36 0.675560
69 19 0.708601
69 26 0.715651
69 18 0.733830
69 44 0.687510
69 29 0.718253
69 47 0.702432
69 40 0.717872
69 41 0.726213
69 22 0.767802
69 49 0.722215
69 34 0.764629
69 23 0.792417
69 35 0.772018
69 50 0.753170
69 25 0.802019
69 27 0.803470
69 37 0.802097
69 15 0.875234
69 43 0.858195
69 21 0.911748
70 28 0.385336
70 8 0.460571
70 33 0.438175
70 13 0.470113
70 11 0.472148
70 4 0.479129
70 9 0.484144
70 31 0.493418
70 3 0.521754
70 45 0.478171
70 1 0.533595
70 12 0.525689
70 32 0.515212
70 21 0.563807
70 19 0.568072
70 44 0.568227
70 6 0.609996
70 14 0.607459
70 7 0.628017
70 30 0.607562
70 2 0.641719
70 29 0.620043
70 0 0.683982
70 10 0.687871
70 41 0.660411
70 50 0.650526
70 23 0.689892
70 17 0.711832
70 25 0.706333
70 5 0.739793
70 47 0.699451
70 39 0.714216
70 35 0.748910
70 15 0.771762
70 36 0.762361
70 27 0.777011
70 40 0.775310
70 43 0.777067
70 37 0.783070
70 46 0.795218
70 49 0.796953
70 42 0.828087
70 24 0.853606
70 22 0.870108
70 26 0.866290
70 38 0.859620
70 48 0.850098
70 16 0.887860
70 34 0.888551
70 18 0.925461
70 20 0.959068
71 8 0.268440
71 12 0.291455
71 1 0.493524
71 2 0.493551
71 0 0.507162
71 11 0.385430
71 10 0.391926
71 14 0.393167
71 5 0.539613
71 9 0.430616
71 3 0.573704
71 13 0.446625
71 4 0.645957
71 16 0.535306
71 28 0.250077
71 7 0.618210
71 18 0.576526
71 20 0.581968
71 32 0.271139
71 30 0.295060
71 6 0.714965
71 29 0.383225
71 31 0.368577
71 17 0.698712
71 44 0.312902
71 21 0.725480
71 19 0.741231
71 24 0.607719
71 22 0.711075
71 33 0.480827
71 23 0.745811
71 38 0.472489
71 15 0.856183
71 47 0.443602
71 26 0.566783
71 27 0.616183
71 42 0.535275
71 48 0.519954
71 46 0.535750
71 35 0.586992
71 50 0.535605
71 36 0.601323
71 43 0.575586
71 25 0.731840
71 41 0.589761
71 34 0.621428
71 39 0.594740
71 37 0.648228
71 40 0.640266
71 45 0.673632
71 49 0.665239
72 0 0.311152
72 9 0.324972
72 3 0.383410
72 14 0.369567
72 5 0.383172
72 2 0.410705
72 13 0.397442
72 44 0.355219
72 11 0.415181
72 1 0.430178
72 30 0.418988
72 39 0.428175
72 20 0.452703
72 15 0.463759
72 31 0.459226
72 22 0.486330
72 7 0.510732
72 25 0.532559
72 35 0.524090
72 10 0.572474
72 8 0.575678
72 26 0.553543
72 28 0.559215
72 34 0.575081
72 43 0.582050
72 17 0.621414
72 32 0.601409
72 45 0.592395
72 27 0.617774
72 29 0.612737
72 38 0.610218
72 12 0.649089
72 46 0.603887
72 42 0.625041
72 50 0.631898
72 37 0.655821
72 23 0.675442
72 33 0.667301
72 19 0.687592
72 4 0.718353
72 21 0.698469
72 24 0.703443
72 48 0.697986
72 47 0.715547
72 6 0.775594
72 36 0.748888
72 18 0.776461
72 40 0.756608
72 49 0.755444
72 16 0.804978
72 41 0.776182
73 8 0.286046
73 12 0.300933
73 10 0.404471
73 0 0.487040
73 11 0.459787
73 13 0.458801
73 14 0.489217
73 9 0.512756
73 3 0.581196
73 5 0.577544
73 1 0.627781
73 6 0.656198
73 4 0.686236
73 31 0.255708
73 2 0.710748
73 28 0.382921
73 30 0.334607
73 32 0.364519
73 15 0.832813
73 16 0.824168
73 44 0.299077
73 21 0.787457
73 18 0.806719
73 17 0.846437
73 29 0.545063
73 26 0.666941
73 7 0.923314
73 33 0.447467
73 36 0.431795
73 20 0.845148
73 22 0.861627
73 24 0.855169
73 25 0.866037
73 42 0.432302
73 19 0.911410
73 27 0.734206
73 23 0.931713
73 48 0.493498
73 50 0.494333
73 45 0.534027
73 40 0.586821
73 46 0.575701
73 37 0.660457
73 39 0.659335
73 43 0.627476
73 35 0.718799
73 38 0.683533
73 34 0.765526
73 41 0.687087
73 47 0.666449
73 49 0.680562
74 11 0.318113
74 9 0.340012
74 44 0.362173
74 13 0.445701
74 33 0.436133
74 12 0.483338
74 7 0.491220
74 18 0.487923
74 14 0.493395
74 28 0.541414
74 31 0.537271
74 1 0.588335
74 3 0.607038
74 15 0.603911
74 10 0.611172
74 8 0.615260
74 42 0.608385
74 47 0.610688
74 39 0.625424
74 20 0.666911
74 27 0.672071
74 43 0.649696
74 5 0.715126
74 37 0.676685
74 34 0.686500
74 19 0.723216
74 30 0.711390
74 29 0.736268
74 17 0.759287
74 46 0.718485
74 32 0.742242
74 22 0.769929
74 25 0.761952
74 16 0.782886
74 23 0.779147
74 21 0.786227
74 0 0.833762
74 24 0.804752
74 2 0.841102
74 49 0.777844
74 26 0.816752
74 6 0.851864
74 50 0.785501
74 35 0.827473
74 41 0.822720
74 45 0.820053
74 40 0.848482
74 4 0.903923
74 38 0.900421
74 48 0.889828
74 36 0.966466
75 13 0.240901
75 12 0.262519
75 10 0.281540
75 8 0.303304
75 9 0.341736
75 11 0.430380
75 14 0.443542
75 1 0.569387
75 3 0.567233
75 0 0.634165
75 28 0.540245
75 6 0.632479
75 30 0.587507
75 2 0.715470
75 31 0.583346
75 32 0.605136
75 44 0.549111
75 4 0.789624
75 5 0.785827
75 17 0.780640
75 29 0.768846
75 7 0.883024
75 16 0.850059
75 33 0.837867
75 19 0.876251
75 22 0.895923
75 18 0.911647
75 24 0.913448
75 20 0.931707
75 21 0.975652
75 37 0.945025
75 40 0.950335
75 15 1.033344
75 23 1.026275
75 34 1.004748
75 26 1.036714
75 35 1.014966
75 36 1.016736
75 39 1.004145
75 42 0.954227
75 46 0.882281
75 38 1.027684
75 27 1.113167
75 49 0.900099
75 45 0.988578
75 50 0.908595
75 48 0.952027
75 25 1.172653
75 41 1.098973
75 47 0.989549
75 43 1.102954
76 9 0.469258
76 10 0.560036
76 29 0.530019
76 3 0.578033
76 0 0.591389
76 6 0.591330
76 7 0.624602
76 1 0.662624
76 31 0.643991
76 11 0.678798
76 44 0.689223
76 12 0.753730
76 32 0.727464
76 2 0.794701
76 5 0.815792
76 13 0.839093
76 33 0.824497
76 28 0.869627
76 4 0.912783
76 14 0.958429
76 30 1.014403
76 15 1.036702
76 8 1.060369
76 34 1.026868
76 47 1.035381
76 45 1.073467
76 21 1.131299
76 19 1.139777
76 37 1.158074
76 41 1.154260
76 46 1.154968
76 17 1.194229
76 39 1.170938
76 40 1.170131
76 50 1.158839
76 35 1.196380
76 18 1.230757
76 22 1.240038
76 38 1.223499
76 23 1.252587
76 43 1.235794
76 25 1.261510
76 27 1.266192
76 24 1.312477
76 48 1.296226
76 42 1.322747
76 16 1.372740
76 36 1.373891
76 49 1.363794
76 26 1.417521
76 20 1.448456
77 13 0.373229
77 12 0.395477
77 11 0.412136
77 44 0.376367
77 32 0.425570
77 8 0.455162
77 14 0.465855
77 30 0.505861
77 28 0.534085
77 31 0.537433
77 10 0.616382
77 3 0.627361
77 35 0.593472
77 46 0.582627
77 5 0.672812
77 47 0.639101
77 38 0.648640
77 1 0.711401
77 24 0.705847
77 29 0.712096
77 9 0.783010
77 4 0.832027
77 36 0.796650
77 33 0.811465
77 27 0.828941
77 50 0.808943
77 37 0.838646
77 2 0.904685
77 45 0.880206
77 43 0.897616
77 7 0.955190
77 16 0.949382
77 0 0.972966
77 49 0.909059
77 40 0.941716
77 21 0.987045
77 42 0.968046
77 26 1.001293
77 34 1.000668
77 41 0.999113
77 23 1.034433
77 19 1.049322
77 15 1.061278
77 6 1.076676
77 18 1.065932
77 39 1.050139
77 17 1.098289
77 48 1.059178
77 25 1.100269
77 22 1.113998
77 20 1.141954
78 9 0.292921
78 44 0.384152
78 11 0.427370
78 20 0.449404
78 31 0.523240
78 28 0.529249
78 0 0.562371
78 5 0.610247
78 26 0.634543
78 2 0.665086
78 12 0.707480
78 27 0.687240
78 22 0.695965
78 17 0.737071
78 32 0.714660
78 3 0.752146
78 33 0.714874
78 29 0.721831
78 13 0.744105
78 10 0.775655
78 24 0.758119
78 8 0.778786
78 1 0.809099
78 34 0.777468
78 7 0.822212
78 30 0.822141
78 37 0.821647
78 42 0.817291
78 15 0.886059
78 25 0.895297
78 14 0.912180
78 16 0.926593
78 39 0.906998
78 21 0.949377
78 35 0.944215
78 45 0.948638
78 36 0.977815
78 19 1.015453
78 47 0.991812
78 48 1.009788
78 43 1.022378
78 6 1.078247
78 46 1.035235
78 40 1.047999
78 4 1.099713
78 18 1.108000
78 23 1.112697
78 38 1.119308
78 50 1.160245
78 41 1.262192
78 49 1.306958
79 8 0.346182
79 11 0.357124
79 10 0.371908
79 9 0.402941
79 14 0.499368
79 12 0.537607
79 6 0.586499
79 1 0.662207
79 30 0.643957
79 2 0.745084
79 0 0.748443
79 33 0.648301
79 3 0.776153
79 7 0.763881
79 4 0.773700
79 29 0.779351
79 5 0.872266
79 31 0.810965
79 13 0.864812
79 32 0.843267
79 28 0.847350
79 44 0.832313
79 40 0.883824
79 16 0.966602
79 17 0.971838
79 21 0.950117
79 24 0.963563
79 27 0.958976
79 22 0.991822
79 42 0.980684
79 38 0.987587
79 15 1.053358
79 45 1.004121
79 25 1.038426
79 36 1.027833
79 26 1.040939
79 48 1.062994
79 37 1.085044
79 18 1.148945
79 41 1.096155
79 49 1.094015
79 34 1.120167
79 50 1.133314
79 23 1.182318
79 46 1.162453
79 35 1.180859
79 47 1.170360
79 20 1.223469
79 19 1.276849
79 39 1.232055
79 43 1.233939
80 9 0.467211
80 29 0.447714
80 11 0.553904
80 44 0.572622
80 12 0.608192
80 33 0.589438
80 28 0.651854
80 32 0.686216
80 30 0.688307
80 8 0.725840
80 6 1.034609
80 43 0.998047
80 1 1.042859
80 47 0.999770
80 31 1.021443
80 13 1.040987
80 48 1.000687
80 50 0.999287
80 17 1.038729
80 2 1.052170
80 10 1.045766
80 3 1.052630
80 7 1.048887
80 14 1.043884
80 20 1.038155
80 15 1.073739
80 37 1.058087
80 0 1.111035
80 25 1.101400
80 39 1.109700
80 34 1.130393
80 27 1.155040
80 16 1.167928
80 42 1.147880
80 4 1.196564
80 19 1.190300
80 26 1.205918
80 5 1.228157
80 36 1.198290
80 24 1.228178
80 18 1.242709
80 40 1.227425
80 21 1.263127
80 35 1.256664
80 46 1.256713
80 38 1.303921
80 45 1.305231
80 22 1.343112
80 23 1.349001
80 49 1.402248
80 41 1.436603
81 8 0.337651
81 10 0.376006
81 9 0.408417
81 14 0.432096
81 12 0.445526
81 3 0.474747
81 13 0.513500
81 1 0.549724
81 0 0.552045
81 5 0.565069
81 11 0.649994
81 30 0.610401
81 28 0.653234
81 31 0.686097
81 7 0.761749
81 2 0.807059
81 32 0.741305
81 4 0.839461
81 18 0.819684
81 6 0.844989
81 16 0.827356
81 29 0.827282
81 44 0.726570
81 20 0.873931
81 33 0.947530
81 25 0.982609
81 26 0.981659
81 17 1.003427
81 38 0.917850
81 22 1.003002
81 23 1.039840
81 27 1.046514
81 42 0.962982
81 19 1.075729
81 35 1.059308
81 15 1.146609
81 37 1.092100
81 50 0.900506
81 34 1.151177
81 47 1.027816
81 45 1.063152
81 46 1.065214
81 40 1.115732
81 36 1.162991
81 43 1.177675
81 24 1.288769
81 21 1.298965
81 39 1.240721
81 49 1.069359
81 41 1.252206
81 48 1.108256
82 29 0.435036
82 13 0.455052
82 33 0.480588
82 11 0.522772
82 8 0.526248
82 12 0.540275
82 0 0.559250
82 9 0.579481
82 3 0.642801
82 44 0.651267
82 27 0.712173
82 10 0.755111
82 1 0.768098
82 22 0.747877
82 45 0.755831
82 31 0.793445
82 15 0.815288
82 28 0.809055
82 4 0.835660
82 5 0.852034
82 32 0.823205
82 25 0.835006
82 30 0.833635
82 19 0.850620
82 14 0.857672
82 7 0.863742
82 6 0.875010
82 38 0.849031
82 2 0.924333
82 21 0.957836
82 35 0.939380
82 17 0.967163
82 34 0.972142
82 36 0.974781
82 48 0.964371
82 16 1.013400
82 42 0.999049
82 47 1.017370
82 23 1.052320
82 40 1.044637
82 49 1.041398
82 39 1.066928
82 43 1.066256
82 18 1.108470
82 24 1.109178
82 46 1.119110
82 41 1.136816
82 20 1.168094
82 50 1.136739
82 37 1.214481
82 26 1.241290
83 10 0.424645
83 30 0.412177
83 5 0.444167
83 14 0.461262
83 8 0.521862
83 28 0.527330
83 44 0.515710
83 31 0.575440
83 4 0.605826
83 9 0.630252
83 2 0.649915
83 12 0.671143
83 32 0.690940
83 42 0.735914
83 49 0.740035
83 34 0.789748
83 0 0.864063
83 17 0.847390
83 16 0.854161
83 38 0.836228
83 50 0.829490
83 18 0.881636
83 1 0.902479
83 20 0.884062
83 36 0.858328
83 21 0.889506
83 6 0.920434
83 40 0.892050
83 26 0.920545
83 23 0.930509
83 27 0.936796
83 19 0.953890
83 13 0.962117
83 22 0.955368
83 33 0.951863
83 3 0.988089
83 11 0.987929
83 45 0.946030
83 29 0.976985
83 24 0.982687
83 7 1.030377
83 39 1.024979
83 48 1.020358
83 46 1.033609
83 35 1.065323
83 43 1.079292
83 15 1.129471
83 41 1.112298
83 25 1.188497
83 37 1.206248
83 47 1.295892
84 9 0.332803
84 10 0.335812
84 12 0.329793
84 11 0.492544
84 13 0.455150
84 8 0.507659
84 14 0.471241
84 0 0.683766
84 5 0.674199
84 29 0.362662
84 30 0.382188
84 3 0.805225
84 1 0.828081
84 31 0.426786
84 4 0.867746
84 7 0.870226
84 17 0.767138
84 28 0.480202
84 16 0.799734
84 6 0.906825
84 2 0.957309
84 24 0.617448
84 32 0.544043
84 18 0.889658
84 23 0.728042
84 22 0.736348
84 20 0.782727
84 33 0.546174
84 25 0.711137
84 26 0.715116
84 44 0.367965
84 27 0.727268
84 34 0.592809
84 15 1.024764
84 19 0.985237
84 21 0.887440
84 38 0.649003
84 39 0.646353
84 37 0.736702
84 36 0.745782
84 47 0.519250
84 48 0.521093
84 41 0.646258
84 42 0.680368
84 35 0.801981
84 40 0.694335
84 45 0.637631
84 49 0.592726
84 50 0.593669
84 43 0.749747
84 46 0.666046
85 3 0.431677
85 31 0.424432
85 9 0.467359
85 11 0.507806
85 1 0.515550
85 5 0.527031
85 32 0.575830
85 28 0.608336
85 13 0.621775
85 29 0.624164
85 33 0.756187
85 10 0.813627
85 30 0.806887
85 19 0.824454
85 7 0.865658
85 22 0.854601
85 26 0.860276
85 45 0.871651
85 18 0.921467
85 8 0.941267
85 14 0.937518
85 12 0.949558
85 41 0.921418
85 40 0.922275
85 4 0.981096
85 25 0.980182
85 23 1.000249
85 36 0.995627
85 44 1.004910
85 15 1.040052
85 16 1.064456
85 34 1.061449
85 37 1.069465
85 20 1.094117
85 24 1.090962
85 47 1.067380
85 46 1.076750
85 42 1.105508
85 21 1.136049
85 39 1.122860
85 27 1.137681
85 50 1.113676
85 6 1.180723
85 0 1.209976
85 17 1.203034
85 35 1.212256
85 38 1.214341
85 49 1.230452
85 2 1.309166
85 43 1.316631
85 48 1.343017
86 10 0.323014
86 9 0.354494
86 8 0.472539
86 32 0.497874
86 12 0.550800
86 31 0.550065
86 11 0.613891
86 28 0.613451
86 13 0.639348
86 30 0.623481
86 14 0.674757
86 33 0.788773
86 0 0.866595
86 7 0.862865
86 44 0.843806
86 36 0.882959
86 29 0.915277
86 21 0.939291
86 37 0.941311
86 2 0.999237
86 35 0.969406
86 3 1.016943
86 45 0.967818
86 24 1.031347
86 42 1.019732
86 20 1.049470
86 15 1.068778
86 26 1.071154
86 40 1.063118
86 6 1.115134
86 34 1.093222
86 4 1.137991
86 1 1.149430
86 49 1.118256
86 48 1.128044
86 16 1.174666
86 46 1.146208
86 5 1.202815
86 43 1.174385
86 22 1.206823
86 50 1.188242
86 27 1.222439
86 18 1.272596
86 47 1.260764
86 19 1.309183
86 25 1.305340
86 38 1.300689
86 17 1.357287
86 39 1.346418
86 41 1.367405
86 23 1.432737
87 9 0.269001
87 8 0.323368
87 13 0.285082
87 10 0.398342
87 12 0.413041
87 11 0.432495
87 14 0.419063
87 2 0.713003
87 29 0.364013
87 3 0.739895
87 1 0.753082
87 28 0.394104
87 0 0.767856
87 4 0.762813
87 5 0.781420
87 32 0.391468
87 31 0.444682
87 6 0.827386
87 33 0.454534
87 15 0.737224
87 30 0.469556
87 7 0.889404
87 17 0.846914
87 21 0.738120
87 25 0.641086
87 24 0.657696
87 26 0.686594
87 44 0.510759
87 27 0.716467
87 19 0.933917
87 22 0.805159
87 16 1.004168
87 23 0.802766
87 34 0.722666
87 18 1.044527
87 35 0.747018
87 40 0.698813
87 37 0.750050
87 20 1.063580
87 46 0.738883
87 36 0.822359
87 45 0.754908
87 38 0.834611
87 47 0.756589
87 48 0.834219
87 41 0.864321
87 42 0.864332
87 39 0.925165
87 50 0.758380
87 49 0.784927
87 43 0.925050
88 12 0.474377
88 10 0.479745
88 32 0.463091
88 29 0.485504
88 14 0.508204
88 11 0.516225
88 30 0.519908
88 8 0.588870
88 44 0.574599
88 1 0.654058
88 31 0.623072
88 9 0.665650
88 2 0.717922
88 28 0.698779
88 3 0.724832
88 4 0.752278
88 13 0.777784
88 33 0.782566
88 0 0.880014
88 18 0.955248
88 6 0.967389
88 5 0.994485
88 15 1.017816
88 25 1.036867
88 22 1.059608
88 40 1.065761
88 16 1.101003
88 19 1.105041
88 50 1.095614
88 17 1.150140
88 49 1.114382
88 42 1.136117
88 38 1.147031
88 7 1.183766
88 43 1.161156
88 20 1.195198
88 34 1.179814
88 46 1.201818
88 47 1.234997
88 23 1.261605
88 26 1.261861
88 45 1.241841
88 48 1.247876
88 21 1.281294
88 24 1.279067
88 41 1.267089
88 35 1.279993
88 36 1.298498
88 39 1.316787
88 27 1.334488
88 37 1.346603
89 9 0.368188
89 8 0.458424
89 11 0.439853
89 3 0.563620
89 14 0.551138
89 13 0.568387
89 12 0.578693
89 1 0.652326
89 10 0.630282
89 5 0.752126
89 0 0.821336
89 4 0.897108
89 28 0.552342
89 30 0.495728
89 7 0.982817
89 32 0.471524
89 31 0.556399
89 6 1.042119
89 33 0.560844
89 29 0.659911
89 44 0.532882
89 22 1.133577
89 15 1.177002
89 2 1.237553
89 20 1.202173
89 17 1.220750
89 25 1.224689
89 19 1.247279
89 27 1.076362
89 21 1.250350
89 24 1.241550
89 16 1.288272
89 18 1.333082
89 35 0.816431
89 23 1.340154
89 26 1.406792
89 40 0.904455
89 36 0.966831
89 34 0.987980
89 45 0.918088
89 43 0.977535
89 47 0.943410
89 49 0.955728
89 42 1.019953
89 41 1.038664
89 50 1.012825
89 38 1.108091
89 39 1.108545
89 46 1.095414
89 37 1.184302
89 48 1.096991
90 14 0.426786
90 10 0.485155
90 5 0.602226
90 9 0.586092
90 11 0.583054
90 1 0.629772
90 12 0.616107
90 8 0.654095
90 16 0.633974
90 3 0.691864
90 18 0.682145
90 13 0.702598
90 0 0.773979
90 4 0.818054
90 2 0.824551
90 28 0.789045
90 44 0.687928
90 6 0.875492
90 30 0.831344
90 32 0.883673
90 31 0.905377
90 7 1.014592
90 43 0.863036
90 17 1.006877
90 33 0.975562
90 20 1.023550
90 21 1.035821
90 19 1.085462
90 22 1.098511
90 29 1.097595
90 36 1.071655
90 38 1.047971
90 15 1.149654
90 26 1.148658
90 24 1.160961
90 40 1.127705
90 34 1.176281
90 25 1.226558
90 46 1.024726
90 45 1.097274
90 35 1.218412
90 47 1.036928
90 37 1.238024
90 39 1.232603
90 27 1.322333
90 50 0.904312
90 48 1.088427
90 42 1.302106
90 49 1.006008
90 23 1.421458
90 41 1.342832
91 44 0.426528
91 13 0.499776
91 29 0.584928
91 11 0.626591
91 32 0.626277
91 28 0.638451
91 31 0.653558
91 2 0.712888
91 33 0.720435
91 9 0.744188
91 12 0.742385
91 1 0.751477
91 8 0.756695
91 4 0.812176
91 47 0.766397
91 5 0.826024
91 7 0.825097
91 0 0.839335
91 30 0.813539
91 10 0.867016
91 18 0.873476
91 14 0.884369
91 34 0.865164
91 37 0.897999
91 17 0.922674
91 43 0.898233
91 35 0.912041
91 23 0.932151
91 3 0.955904
91 42 0.937166
91 40 0.955360
91 15 0.999869
91 21 0.994711
91 50 0.989716
91 19 1.032763
91 27 1.025023
91 24 1.120606
91 46 1.094481
91 22 1.124955
91 45 1.098835
91 20 1.128010
91 6 1.148222
91 39 1.121180
91 41 1.125659
91 49 1.116058
91 16 1.171526
91 38 1.148344
91 48 1.165590
91 25 1.252206
91 36 1.239814
91 26 1.346492
92 9 0.421015
92 12 0.461623
92 8 0.523734
92 14 0.673619
92 30 0.694401
92 29 0.774533
92 2 0.820510
92 28 0.844632
92 31 0.841041
92 4 0.867343
92 32 0.847935
92 33 0.862743
92 21 0.888021
92 6 0.951336
92 0 0.956385
92 10 1.018976
92 22 1.018924
92 44 1.017803
92 7 1.067603
92 3 1.071655
92 13 1.064917
92 5 1.071949
92 36 1.109056
92 19 1.161218
92 11 1.177268
92 46 1.201217
92 17 1.293221
92 43 1.272178
92 42 1.282071
92 1 1.322466
92 39 1.315157
92 37 1.332251
92 25 1.347919
92 16 1.411657
92 18 1.417992
92 26 1.410086
92 40 1.417659
92 50 1.413111
92 35 1.430596
92 23 1.447474
92 48 1.426156
92 24 1.455415
92 15 1.475090
92 41 1.463390
92 38 1.467471
92 47 1.456567
92 20 1.529069
92 45 1.512958
92 27 1.569040
92 49 1.563733
92 34 1.636035
93 9 0.458120
93 21 0.539440
93 29 0.567922
93 13 0.715523
93 30 0.697214
93 44 0.692746
93 0 0.905452
93 19 0.928722
93 3 0.940950
93 7 0.984163
93 5 0.986027
93 14 0.981774
93 2 1.000468
93 4 1.032059
93 11 1.036466
93 33 1.024668
93 31 1.027937
93 20 1.074487
93 10 1.165319
93 1 1.172761
93 12 1.165625
93 8 1.169789
93 47 1.158182
93 32 1.188547
93 28 1.203748
93 15 1.265824
93 23 1.265758
93 26 1.270684
93 22 1.288101
93 49 1.252564
93 17 1.303130
93 35 1.311268
93 41 1.371803
93 16 1.422287
93 38 1.491729
93 46 1.482326
93 25 1.509981
93 36 1.503666
93 18 1.535856
93 24 1.543210
93 48 1.521155
93 43 1.528958
93 34 1.591642
93 27 1.617286
93 40 1.608583
93 37 1.613822
93 6 1.662780
93 39 1.636767
93 45 1.637870
93 50 1.642079
93 42 1.680946
94 11 0.562206
94 8 0.602730
94 10 0.607722
94 28 0.610856
94 44 0.735686
94 12 0.800093
94 1 0.808411
94 29 0.820990
94 9 0.860931
94 32 0.921595
94 25 0.944475
94 5 0.962337
94 2 0.996325
94 30 0.970935
94 36 0.965395
94 33 0.970598
94 20 0.985979
94 31 1.005113
94 14 1.024187
94 35 1.032570
94 0 1.065550
94 6 1.074842
94 13 1.072781
94 46 1.045848
94 45 1.092854
94 40 1.110786
94 26 1.221773
94 38 1.251709
94 27 1.265017
94 34 1.269131
94 3 1.316771
94 17 1.340553
94 48 1.359983
94 24 1.410322
94 43 1.394541
94 4 1.434890
94 18 1.435989
94 47 1.401166
94 22 1.459812
94 7 1.472491
94 37 1.460150
94 23 1.493521
94 16 1.512506
94 39 1.493782
94 19 1.527875
94 42 1.508117
94 21 1.536527
94 15 1.611397
94 50 1.665915
94 49 1.736579
94 41 1.790610
95 8 0.484100
95 11 0.489662
95 3 0.576578
95 5 0.600904
95 32 0.613660
95 13 0.684446
95 29 0.688064
95 28 0.821276
95 6 0.849682
95 1 0.854145
95 12 0.897177
95 44 0.860937
95 7 0.902314
95 30 0.882587
95 27 0.910507
95 36 0.903047
95 9 0.939989
95 47 0.922868
95 23 0.963345
95 33 1.014271
95 14 1.051897
95 31 1.069903
95 10 1.103297
95 43 1.130581
95 41 1.148847
95 34 1.167542
95 20 1.195843
95 37 1.201377
95 2 1.245770
95 0 1.264115
95 35 1.247612
95 19 1.285427
95 15 1.295769
95 45 1.259936
95 48 1.271008
95 16 1.319024
95 46 1.306518
95 18 1.342460
95 49 1.336973
95 25 1.376039
95 42 1.358366
95 38 1.362877
95 26 1.399789
95 21 1.410380
95 17 1.416360
95 39 1.400421
95 22 1.423296
95 40 1.423101
95 4 1.469856
95 50 1.470085
95 24 1.527722
96 9 0.399580
96 10 0.402360
96 14 0.375625
96 8 0.460548
96 12 0.479369
96 0 0.673967
96 11 0.602661
96 5 0.684790
96 28 0.427171
96 7 0.725989
96 6 0.729193
96 13 0.694710
96 29 0.445991
96 2 0.857282
96 1 0.860562
96 4 0.858110
96 3 0.880328
96 30 0.457917
96 23 0.835664
96 20 0.856479
96 16 0.888867
96 31 0.558322
96 18 0.896061
96 24 0.941895
96 44 0.543139
96 33 0.651735
96 15 1.049159
96 22 1.027716
96 32 0.659691
96 17 1.045599
96 50 0.466365
96 42 0.619512
96 38 0.728069
96 36 0.756417
96 47 0.585554
96 45 0.685857
96 21 1.169203
96 19 1.182922
96 27 1.022435
96 25 1.119194
96 39 0.895095
96 40 0.890076
96 43 0.845349
96 35 0.940199
96 37 0.939859
96 48 0.791854
96 46 0.865109
96 34 1.005325
96 26 1.227622
96 41 1.048267
96 49 0.914125
97 29 0.375659
97 32 0.520848
97 11 0.541416
97 3 0.726369
97 24 0.710229
97 13 0.758935
97 9 0.819781
97 4 0.857602
97 21 0.844866
97 30 0.842337
97 39 0.856753
97 19 0.881963
97 2 0.895882
97 44 0.873327
97 10 0.965384
97 28 0.964186
97 14 0.979895
97 1 0.990826
97 33 0.971900
97 31 1.026284
97 5 1.058006
97 47 1.050912
97 34 1.097274
97 8 1.129257
97 26 1.130151
97 43 1.114449
97 12 1.157468
97 46 1.127162
97 17 1.168952
97 37 1.183218
97 40 1.187283
97 48 1.183407
97 7 1.230920
97 6 1.264381
97 20 1.253919
97 41 1.241671
97 42 1.248567
97 0 1.291793
97 16 1.366548
97 15 1.395125
97 45 1.367785
97 36 1.382005
97 23 1.397003
97 22 1.399578
97 27 1.399487
97 38 1.421602
97 18 1.453642
97 25 1.461538
97 35 1.471007
97 49 1.516576
97 50 1.538770
98 31 0.628676
98 12 0.681224
98 14 0.750175
98 0 0.827118
98 1 0.827258
98 30 0.848947
98 11 0.870380
98 3 0.894570
98 5 0.946033
98 28 0.923632
98 6 0.945933
98 44 0.952379
98 29 0.987033
98 32 0.980967
98 9 1.025274
98 8 1.134952
98 2 1.166835
98 10 1.176310
98 13 1.335415
98 4 1.342904
98 33 1.311841
98 34 1.325551
98 17 1.365233
98 35 1.353172
98 39 1.405948
98 47 1.406577
98 22 1.459175
98 42 1.448150
98 7 1.490871
98 20 1.505214
98 27 1.497006
98 38 1.494073
98 24 1.540840
98 43 1.529654
98 50 1.542682
98 36 1.586215
98 25 1.651592
98 23 1.713921
98 18 1.779481
98 40 1.760994
98 45 1.755444
98 19 1.792355
98 16 1.795036
98 37 1.768838
98 21 1.823735
98 26 1.849008
98 46 1.823140
98 49 1.839819
98 41 1.884368
98 15 1.928931
98 48 1.914272
99 8 0.458899
99 11 0.538556
99 10 0.614636
99 32 0.594221
99 31 0.765011
99 33 0.815928
99 14 0.896407
99 1 1.046565
99 13 1.058603
99 12 1.059917
99 0 1.074703
99 30 1.063353
99 3 1.141493
99 41 1.098901
99 20 1.130327
99 29 1.204285
99 28 1.205778
99 9 1.223739
99 45 1.180151
99 43 1.229753
99 47 1.243472
99 19 1.283890
99 44 1.269290
99 38 1.294311
99 24 1.316613
99 7 1.333079
99 4 1.352225
99 2 1.398352
99 34 1.436511
99 49 1.448350
99 35 1.554649
99 37 1.547980
99 27 1.660402
99 17 1.683709
99 36 1.663356
99 42 1.651025
99 22 1.681376
99 6 1.694504
99 50 1.641391
99 16 1.721095
99 26 1.711605
99 18 1.803859
99 40 1.774067
99 25 1.798160
99 48 1.800110
99 15 1.856988
99 46 1.831226
99 39 1.843163
99 5 1.881666
99 23 1.895136
99 21 1.900139
100 3 0.712546
100 10 0.706893
100 28 0.678107
100 0 0.717301
100 32 0.669926
100 29 0.677358
100 14 0.705532
100 44 0.651414
100 8 0.713064
100 2 0.719111
100 1 0.778300
100 12 0.795737
100 30 0.766573
100 33 0.768579
100 31 0.817201
100 5 0.865376
100 9 0.893879
100 11 0.896904
100 7 0.947738
100 4 1.002779
100 13 1.010047
100 48 0.959578
100 42 0.983941
100 50 0.990054
100 6 1.110679
100 40 1.076474
100 38 1.137991
100 16 1.214139
100 26 1.206742
100 23 1.216313
100 25 1.233208
100 20 1.254778
100 39 1.244993
100 18 1.295996
100 47 1.253673
100 34 1.281655
100 35 1.281860
100 46 1.297981
100 21 1.351495
100 24 1.349468
100 41 1.336315
100 43 1.339059
100 19 1.397806
100 27 1.383919
100 17 1.421247
100 22 1.418510
100 36 1.404124
100 45 1.410064
100 49 1.401423
100 15 1.473937
100 37 1.647687
101 9 0.433248
101 0 0.665602
101 1 0.679018
101 3 0.678208
101 13 0.679079
101 11 0.742845
101 31 0.762217
101 12 0.798060
101 2 0.828548
101 46 0.870442
101 30 0.894201
101 32 0.893274
101 6 0.919375
101 7 0.919674
101 43 0.879190
101 29 0.899514
101 5 0.943081
101 33 0.932880
101 40 0.939878
101 8 1.037118
101 39 1.029858
101 36 1.049119
101 45 1.072024
101 19 1.135416
101 28 1.140852
101 44 1.131623
101 37 1.142103
101 14 1.185622
101 10 1.202646
101 41 1.166964
101 20 1.223499
101 25 1.255746
101 24 1.322827
101 16 1.344890
101 48 1.325194
101 21 1.371691
101 49 1.346533
101 26 1.418711
101 27 1.431606
101 35 1.509621
101 42 1.504934
101 38 1.510318
101 50 1.496653
101 17 1.540043
101 15 1.542052
101 22 1.534808
101 47 1.501097
101 4 1.551920
101 23 1.534440
101 18 1.552583
101 34 1.555579
102 8 0.391486
102 10 0.428674
102 11 0.509150
102 44 0.470538
102 28 0.537464
102 0 0.590644
102 12 0.626332
102 5 0.656029
102 2 0.682229
102 9 0.763674
102 31 0.734917
102 4 0.814485
102 7 0.830506
102 30 0.800288
102 40 0.789005
102 6 0.836085
102 14 0.843952
102 33 0.821271
102 13 0.846227
102 36 0.846909
102 49 0.952447
102 3 1.018357
102 32 0.987091
102 38 1.000854
102 29 1.032470
102 45 1.022274
102 35 1.042111
102 1 1.095019
102 26 1.094012
102 42 1.093492
102 25 1.119851
102 47 1.096443
102 23 1.123848
102 46 1.115722
102 22 1.167918
102 18 1.185786
102 17 1.203157
102 27 1.198720
102 43 1.181181
102 16 1.213124
102 50 1.191704
102 21 1.229656
102 20 1.243417
102 15 1.273049
102 41 1.249033
102 48 1.247126
102 37 1.289452
102 19 1.317209
102 24 1.338796
102 34 1.335568
102 39 1.367199
103 14 0.443356
103 8 0.488332
103 1 0.734086
103 2 0.785218
103 0 0.789118
103 9 0.797188
103 6 0.813773
103 32 0.796269
103 7 0.866105
103 5 0.873915
103 13 0.869153
103 29 0.855922
103 44 0.838772
103 3 0.895037
103 30 0.892812
103 10 0.911163
103 12 0.967784
103 15 0.966594
103 20 0.965211
103 19 0.966670
103 28 0.960254
103 36 0.961919
103 37 0.960764
103 35 0.964065
103 11 1.014013
103 31 1.006435
103 33 1.178534
103 16 1.197195
103 45 1.177302
103 24 1.214721
103 23 1.228397
103 48 1.229064
103 4 1.310936
103 40 1.277144
103 43 1.274334
103 26 1.297172
103 22 1.310296
103 17 1.326726
103 21 1.334608
103 39 1.313213
103 18 1.348656
103 42 1.350649
103 25 1.392719
103 46 1.388049
103 47 1.388721
103 27 1.455129
103 34 1.445733
103 41 1.448793
103 49 1.451042
103 50 1.460707
103 38 1.583391
104 8 0.369066
104 9 0.408824
104 12 0.432004
104 11 0.443601
104 13 0.532519
104 4 0.673023
104 14 0.647942
104 0 0.720917
104 31 0.575159
104 2 0.829073
104 28 0.692139
104 1 0.831346
104 6 0.834266
104 10 0.849381
104 5 0.884060
104 3 0.934185
104 30 0.808484
104 16 0.944341
104 15 0.946274
104 29 0.862274
104 32 0.804360
104 19 1.002157
104 33 0.801119
104 44 0.428302
104 7 1.123153
104 21 1.091316
104 18 1.113925
104 24 1.162463
104 36 0.802673
104 27 1.135019
104 20 1.209120
104 22 1.203047
104 23 1.216291
104 38 0.802985
104 17 1.284094
104 42 0.757058
104 47 0.680319
104 40 0.878246
104 45 0.715468
104 43 0.756290
104 48 0.701009
104 35 1.002857
104 26 1.306700
104 34 1.067391
104 39 0.949239
104 25 1.388696
104 46 0.807331
104 37 1.055541
104 49 0.759349
104 50 0.806915
104 41 1.000480
105 11 0.414144
105 44 0.551453
105 13 0.668087
105 0 0.688724
105 10 0.717037
105 33 0.721697
105 12 0.760247
105 30 0.726228
105 9 0.783357
105 29 0.780099
105 2 0.864107
105 8 0.877623
105 3 0.928245
105 31 0.887027
105 14 0.923433
105 40 0.895887
105 28 0.910893
105 5 0.982046
105 7 1.070709
105 15 1.069825
105 45 1.050533
105 32 1.073389
105 47 1.058018
105 36 1.076516
105 1 1.138460
105 24 1.265217
105 20 1.283026
105 41 1.269745
105 17 1.315769
105 43 1.289722
105 35 1.303067
105 21 1.333367
105 6 1.365618
105 23 1.363653
105 25 1.386677
105 34 1.376241
105 4 1.436066
105 16 1.447705
105 37 1.425462
105 27 1.466694
105 19 1.491016
105 18 1.503854
105 48 1.461490
105 39 1.482971
105 46 1.482189
105 50 1.485424
105 49 1.510674
105 38 1.529739
105 22 1.559972
105 26 1.561089
105 42 1.589177
106 12 0.699347
106 1 0.742588
106 9 0.771527
106 14 0.768584
106 29 0.812271
106 8 0.833872
106 10 0.850589
106 30 0.832344
106 0 0.858993
106 4 0.894878
106 13 0.945308
106 5 0.952078
106 31 0.931146
106 43 0.962800
106 32 1.006873
106 40 1.000150
106 2 1.078452
106 3 1.118738
106 28 1.098165
106 42 1.113038
106 44 1.111729
106 46 1.217792
106 11 1.255219
106 33 1.233556
106 25 1.253690
106 48 1.253957
106 35 1.269371
106 34 1.290932
106 19 1.334735
106 27 1.326921
106 38 1.330828
106 36 1.356008
106 24 1.386597
106 39 1.370625
106 7 1.409659
106 16 1.404664
106 18 1.414925
106 22 1.422817
106 21 1.475002
106 15 1.487297
106 6 1.512287
106 20 1.526454
106 37 1.518307
106 17 1.553365
106 47 1.540566
106 45 1.552777
106 50 1.556591
106 23 1.610836
106 49 1.587108
106 26 1.615295
106 41 1.626972
107 11 0.499013
107 9 0.672519
107 0 0.706746
107 3 0.721070
107 29 0.698653
107 32 0.710234
107 30 0.725369
107 8 0.765027
107 14 0.781200
107 33 0.919505
107 12 0.967250
107 28 1.007130
107 13 1.030551
107 31 1.069912
107 2 1.096900
107 39 1.073269
107 1 1.143931
107 40 1.106569
107 41 1.129599
107 27 1.149368
107 45 1.127611
107 44 1.129559
107 6 1.181386
107 7 1.182039
107 10 1.194031
107 4 1.236979
107 43 1.207532
107 35 1.255353
107 17 1.288259
107 23 1.320067
107 37 1.313829
107 50 1.313971
107 38 1.349041
107 25 1.374872
107 18 1.392404
107 16 1.395109
107 49 1.367481
107 5 1.425246
107 36 1.392556
107 47 1.425162
107 21 1.471211
107 46 1.462969
107 15 1.510341
107 20 1.507780
107 19 1.540748
107 34 1.532620
107 26 1.555466
107 22 1.592025
107 24 1.617361
107 48 1.601839
107 42 1.618383
108 8 0.623916
108 28 0.737491
108 9 0.848882
108 44 0.824861
108 10 0.977389
108 29 1.015849
108 31 1.030656
108 11 1.057884
108 2 1.131610
108 30 1.098435
108 12 1.123004
108 5 1.139591
108 40 1.151249
108 13 1.236654
108 0 1.282431
108 32 1.245388
108 34 1.243083
108 14 1.285378
108 25 1.311230
108 1 1.340967
108 45 1.310969
108 33 1.338282
108 4 1.421085
108 35 1.426696
108 3 1.477140
108 22 1.496300
108 49 1.487641
108 47 1.518637
108 6 1.592358
108 23 1.583438
108 43 1.590261
108 50 1.672050
108 48 1.680251
108 27 1.726527
108 26 1.811576
108 36 1.801024
108 37 1.800680
108 7 1.838291
108 46 1.792418
108 15 1.837064
108 16 1.838082
108 41 1.815753
108 39 1.871258
108 18 1.908863
108 24 1.935006
108 21 1.979855
108 19 2.045648
108 38 2.027205
108 42 2.028827
108 20 2.070045
108 17 2.101780
109 32 0.504635
109 31 0.654919
109 8 0.698927
109 9 0.748543
109 14 0.759297
109 44 0.783798
109 10 0.831945
109 5 0.869321
109 43 0.875699
109 25 0.919521
109 7 0.935640
109 0 0.969001
109 30 0.944945
109 11 0.967360
109 1 1.005286
109 13 0.997192
109 15 1.023443
109 28 1.011824
109 46 0.990853
109 12 1.047698
109 3 1.055230
109 33 1.070108
109 29 1.129709
109 21 1.147751
109 17 1.170214
109 27 1.177037
109 23 1.192834
109 37 1.181359
109 26 1.222508
109 2 1.247666
109 6 1.252425
109 34 1.246784
109 19 1.272563
109 50 1.263657
109 38 1.307607
109 49 1.311961
109 45 1.316977
109 41 1.332808
109 24 1.364276
109 40 1.348830
109 22 1.373490
109 18 1.382732
109 4 1.401141
109 47 1.369093
109 39 1.384358
109 48 1.407387
109 16 1.463294
109 42 1.442886
109 35 1.460900
109 20 1.476524
109 36 1.545256
110 32 0.505417
110 44 0.524565
110 8 0.582535
110 28 0.584978
110 10 0.614979
110 12 0.641454
110 14 0.712676
110 33 0.768421
110 11 0.828847
110 31 0.823610
110 4 0.899878
110 0 0.958341
110 9 1.012667
110 30 0.992434
110 42 1.011194
110 13 1.105012
110 29 1.100544
110 6 1.166262
110 46 1.150550
110 2 1.195848
110 20 1.182584
110 18 1.222793
110 40 1.293721
110 48 1.285832
110 16 1.323313
110 50 1.284032
110 35 1.302944
110 47 1.288334
110 49 1.296825
110 1 1.379624
110 25 1.378375
110 41 1.366312
110 38 1.380827
110 36 1.393084
110 15 1.453455
110 3 1.483958
110 17 1.482879
110 7 1.501583
110 39 1.494336
110 26 1.521118
110 5 1.552175
110 37 1.558499
110 21 1.589948
110 45 1.562017
110 43 1.575743
110 22 1.600802
110 23 1.694984
110 34 1.692198
110 24 1.703788
110 19 1.727090
110 27 1.745067
111 8 0.436479
111 9 0.565598
111 3 0.584959
111 28 0.589205
111 5 0.610426
111 30 0.616468
111 4 0.639108
111 12 0.655994
111 33 0.651540
111 11 0.702182
111 0 0.710542
111 17 0.699890
111 2 0.711376
111 31 0.705900
111 1 0.765341
111 13 0.796419
111 32 0.800847
111 6 0.890003
111 44 0.864428
111 10 0.903745
111 29 0.901113
111 43 0.959519
111 14 1.001517
111 23 1.004524
111 18 1.029016
111 19 1.038687
111 7 1.061505
111 21 1.059029
111 48 1.027325
111 45 1.049625
111 38 1.057242
111 15 1.094634
111 16 1.122084
111 41 1.161016
111 27 1.182079
111 50 1.161099
111 25 1.207032
111 47 1.188045
111 36 1.222235
111 20 1.245235
111 34 1.238592
111 22 1.260711
111 37 1.250433
111 39 1.266937
111 42 1.276950
111 35 1.296918
111 49 1.279233
111 40 1.288352
111 46 1.292060
111 26 1.318394
111 24 1.397927
112 8 0.525317
112 11 0.576955
112 9 0.664696
112 32 0.641924
112 6 1.032651
112 30 1.128582
112 2 1.156113
112 3 1.156114
112 38 1.117723
112 5 1.156694
112 1 1.160030
112 31 1.162115
112 14 1.183714
112 43 1.186976
112 12 1.226844
112 33 1.246765
112 28 1.291434
112 0 1.369875
112 13 1.361614
112 10 1.366221
112 29 1.365256
112 17 1.412849
112 44 1.394924
112 36 1.450533
112 7 1.499035
112 24 1.497666
112 41 1.487557
112 18 1.628202
112 26 1.619576
112 34 1.608645
112 27 1.638627
112 20 1.648036
112 48 1.626042
112 23 1.732372
112 4 1.791113
112 21 1.794007
112 39 1.785190
112 50 1.772670
112 35 1.794560
112 16 1.819244
112 15 1.834450
112 22 1.829133
112 37 1.810009
112 47 1.796824
112 45 1.814485
112 40 1.820553
112 42 1.819342
112 49 1.838261
112 46 1.868249
112 19 1.930497
112 25 1.923554
113 10 0.480145
113 30 0.599433
113 9 0.649779
113 32 0.621245
113 8 0.652084
113 11 0.745399
113 13 0.758426
113 14 0.817052
113 33 0.820434
113 4 0.879945
113 12 0.918228
113 6 0.946309
113 2 0.995049
113 31 0.981925
113 1 1.017213
113 28 1.048714
113 16 1.081980
113 3 1.099742
113 29 1.102481
113 21 1.117739
113 44 1.118187
113 46 1.154490
113 50 1.156280
113 36 1.204470
113 5 1.272093
113 38 1.247150
113 35 1.257253
113 42 1.252447
113 0 1.305861
113 41 1.287008
113 19 1.328829
113 48 1.345919
113 47 1.358226
113 7 1.413438
113 39 1.382803
113 49 1.423607
113 45 1.436794
113 37 1.456021
113 18 1.485037
113 17 1.502725
113 43 1.478945
113 26 1.505988
113 40 1.505923
113 24 1.528828
113 20 1.549941
113 27 1.552356
113 34 1.556930
113 15 1.590233
113 23 1.601279
113 25 1.655590
113 22 1.757472
114 8 0.491810
114 9 0.526480
114 11 0.574668
114 28 0.718292
114 3 0.877246
114 13 0.903857
114 10 0.914827
114 5 0.921851
114 31 0.911901
114 0 0.982263
114 30 0.940079
114 29 0.950347
114 2 1.024415
114 12 1.052928
114 7 1.063897
114 32 1.067609
114 1 1.119709
114 44 1.058262
114 14 1.163248
114 4 1.194702
114 33 1.197983
114 40 1.246590
114 45 1.315635
114 19 1.350447
114 43 1.355733
114 46 1.450100
114 24 1.561198
114 36 1.552625
114 6 1.606771
114 37 1.601985
114 39 1.611324
114 48 1.608081
114 42 1.634763
114 49 1.626908
114 22 1.663894
114 16 1.685298
114 15 1.698646
114 27 1.686405
114 20 1.706449
114 26 1.702594
114 18 1.716398
114 25 1.727666
114 47 1.708169
114 35 1.722399
114 34 1.730722
114 17 1.810401
114 50 1.782488
114 41 1.869974
114 21 1.899093
114 38 1.929749
114 23 1.978687
115 13 0.483377
115 10 0.531282
115 9 0.711782
115 1 0.739862
115 32 0.730027
115 2 0.789960
115 26 0.788181
115 5 0.865267
115 12 0.859202
115 29 0.859059
115 0 0.888728
115 28 0.897826
115 14 0.926565
115 44 0.902895
115 8 0.963984
115 38 0.936561
115 20 0.976386
115 31 0.971368
115 30 0.986018
115 11 1.006933
115 19 1.114313
115 46 1.081950
115 49 1.079695
115 35 1.096785
115 4 1.134840
115 33 1.112971
115 21 1.139289
115 42 1.120190
115 45 1.139494
115 36 1.158341
115 43 1.171817
115 22 1.211319
115 17 1.217485
115 6 1.230175
115 34 1.211291
115 16 1.252308
115 40 1.221680
115 39 1.245015
115 48 1.237008
115 25 1.271429
115 41 1.261711
115 18 1.294970
115 23 1.303942
115 3 1.325432
115 24 1.306190
115 7 1.338434
115 27 1.357281
115 15 1.381087
115 37 1.359877
115 50 1.346388
115 47 1.371679
116 8 0.477135
116 28 0.500217
116 10 0.733789
116 31 0.784257
116 29 0.829315
116 2 0.856072
116 14 0.848184
116 44 0.810082
116 1 0.954788
116 3 0.954011
116 9 0.951938
116 47 0.936053
116 12 1.009967
116 0 1.018888
116 32 1.035438
116 39 1.042580
116 30 1.058139
116 11 1.098159
116 13 1.097285
116 48 1.100717
116 46 1.121421
116 33 1.140989
116 22 1.170653
116 4 1.212205
116 40 1.243142
116 41 1.253776
116 35 1.286636
116 16 1.320737
116 5 1.366570
116 17 1.369718
116 18 1.400037
116 25 1.404104
116 6 1.422280
116 34 1.416239
116 45 1.399026
116 20 1.474468
116 37 1.450929
116 15 1.570549
116 50 1.526740
116 26 1.559165
116 43 1.536810
116 38 1.544173
116 19 1.570946
116 7 1.580341
116 42 1.541182
116 49 1.541788
116 36 1.573938
116 21 1.640576
116 24 1.680366
116 23 1.682862
116 27 1.705691
117 12 0.542217
117 8 0.554559
117 31 0.813766
117 30 0.862346
117 13 0.904940
117 0 0.970232
117 1 1.045412
117 3 1.135313
117 4 1.137403
117 24 1.183785
117 6 1.200174
117 28 1.259076
117 9 1.307479
117 2 1.313209
117 7 1.310417
117 33 1.279415
117 14 1.379253
117 29 1.363899
117 19 1.436489
117 32 1.414956
117 11 1.462887
117 44 1.420622
117 10 1.468069
117 23 1.492902
117 22 1.494532
117 16 1.501555
117 46 1.509976
117 35 1.685776
117 48 1.689054
117 41 1.700070
117 37 1.718845
117 27 1.739463
117 40 1.731482
117 39 1.746769
117 25 1.771299
117 49 1.735320
117 45 1.754410
117 15 1.822807
117 34 1.809331
117 38 1.841940
117 5 1.884093
117 26 1.867649
117 20 1.906256
117 50 1.863890
117 47 1.868365
117 42 1.875409
117 21 1.908495
117 36 1.958672
117 17 2.016798
117 43 1.979289
117 18 2.031583
118 11 0.520743
118 10 0.554730
118 44 0.691300
118 13 0.799955
118 12 0.804896
118 30 0.801357
118 8 0.850280
118 32 0.928572
118 33 1.003191
118 1 1.036484
118 5 1.035061
118 3 1.092134
118 28 1.070572
118 9 1.099304
118 14 1.182948
118 6 1.189097
118 29 1.167654
118 31 1.166978
118 2 1.286958
118 35 1.293095
118 47 1.282952
118 0 1.335051
118 18 1.338433
118 22 1.382559
118 23 1.380907
118 37 1.376664
118 50 1.440809
118 17 1.518566
118 4 1.528615
118 19 1.596210
118 15 1.611176
118 16 1.611493
118 7 1.629721
118 25 1.615883
118 34 1.616683
118 36 1.615504
118 43 1.618994
118 42 1.726471
118 38 1.731734
118 26 1.747575
118 27 1.747561
118 46 1.724365
118 24 1.752952
118 20 1.759712
118 40 1.732512
118 21 1.770028
118 39 1.744886
118 48 1.733078
118 49 1.729562
118 41 1.781321
118 45 1.788644
119 14 0.554520
119 44 0.710665
119 29 0.756461
119 10 0.773820
119 9 0.878366
119 32 0.869761
119 7 0.892111
119 8 0.912370
119 30 0.975960
119 0 1.000753
119 28 0.978666
119 2 1.000662
119 11 0.997055
119 12 1.067154
119 3 1.082653
119 31 1.136748
119 13 1.153844
119 33 1.136073
119 6 1.257019
119 37 1.229070
119 40 1.275701
119 5 1.356750
119 46 1.324667
119 48 1.351689
119 34 1.402181
119 22 1.433572
119 50 1.402326
119 39 1.429120
119 1 1.483018
119 18 1.478774
119 42 1.473385
119 20 1.504514
119 17 1.516174
119 41 1.494826
119 21 1.545661
119 16 1.558578
119 43 1.543343
119 45 1.542220
119 15 1.574387
119 25 1.584798
119 4 1.607204
119 26 1.599941
119 19 1.624477
119 49 1.621678
119 36 1.657784
119 23 1.682542
119 35 1.686585
119 24 1.714419
119 27 1.725683
119 38 1.744620
119 47 1.770220
120 10 0.673330
120 9 0.688677
120 12 0.808597
120 14 0.896450
120 13 0.936317
120 11 0.979350
120 8 1.096369
120 4 1.175613
120 1 1.213482
120 3 1.211169
120 0 1.221527
120 5 1.248956
120 2 1.393357
120 28 0.676720
120 32 0.796271
120 30 0.808161
120 33 0.796296
120 19 1.508259
120 29 0.839845
120 15 1.599032
120 6 1.658478
120 17 1.644968
120 31 0.958424
120 16 1.680344
120 7 1.763825
120 21 1.788995
120 44 0.878166
120 22 1.577124
120 25 1.278390
120 20 1.807920
120 18 1.825229
120 24 1.352688
120 26 1.273634
120 34 1.232688
120 23 1.654502
120 35 1.251614
120 38 1.258171
120 36 1.297004
120 42 1.345979
120 39 1.409121
120 37 1.422719
120 27 1.593255
120 40 1.388870
120 41 1.354171
120 48 1.234664
120 45 1.325261
120 46 1.299367
120 49 1.240822
120 43 1.381641
120 50 1.242922
120 47 1.420780
