21 8 0.093508
21 0 0.125428
21 3 0.124237
21 1 0.139355
21 2 0.145330
21 9 0.127361
21 6 0.159582
21 13 0.105556
21 11 0.113261
21 4 0.186833
21 12 0.131295
21 5 0.189829
21 10 0.146316
21 7 0.203181
21 14 0.163221
21 16 0.182616
21 15 0.187432
21 18 0.156753
21 17 0.172414
21 19 0.174968
21 20 0.187224
21 28 0.175692
21 24 0.194499
21 22 0.236402
21 30 0.240742
21 27 0.244472
21 52 0.184174
21 34 0.212489
21 38 0.205178
21 44 0.197141
21 48 0.192486
21 36 0.216429
21 33 0.222804
21 49 0.207213
21 50 0.206820
21 53 0.204675
21 21 0.285158
21 32 0.235356
21 47 0.215040
21 25 0.274701
21 40 0.231029
21 39 0.232165
21 42 0.229713
21 31 0.279228
21 26 0.287009
21 46 0.231987
21 51 0.227928
21 23 0.297673
21 37 0.250140
21 41 0.245422
21 54 0.233310
21 29 0.298177
21 43 0.261396
21 45 0.259167
21 35 0.273978
22 0 0.129010
22 1 0.144338
22 2 0.168850
22 4 0.183067
22 9 0.184327
22 3 0.192606
22 5 0.191421
22 14 0.193352
22 8 0.199126
22 6 0.215157
22 7 0.215148
22 13 0.243198
22 10 0.256386
22 11 0.258481
22 28 0.245378
22 32 0.249558
22 34 0.248735
22 41 0.243654
22 19 0.268053
22 23 0.269696
22 30 0.259359
22 15 0.275868
22 25 0.266036
22 40 0.250967
22 18 0.275382
22 27 0.262734
22 49 0.244387
22 20 0.274992
22 51 0.245314
22 29 0.268667
22 33 0.266014
22 53 0.246928
22 17 0.285850
22 43 0.259187
22 42 0.261709
22 44 0.258831
22 16 0.289277
22 26 0.280273
22 50 0.257799
22 37 0.271824
22 31 0.279400
22 12 0.298447
22 54 0.259210
22 36 0.280787
22 46 0.272860
22 39 0.281185
22 38 0.284291
22 21 0.303387
22 35 0.289765
22 47 0.277290
22 45 0.280090
22 24 0.303819
22 52 0.275635
22 48 0.280897
22 22 0.308294
23 0 0.121182
23 5 0.134717
23 2 0.153393
23 3 0.164792
23 4 0.169376
23 9 0.174501
23 8 0.178820
23 1 0.184697
23 10 0.179634
23 6 0.183836
23 7 0.192213
23 14 0.242428
23 11 0.249360
23 12 0.248769
23 30 0.232626
23 13 0.253895
23 19 0.249299
23 29 0.238721
23 42 0.229090
23 31 0.241952
23 44 0.230646
23 32 0.246274
23 50 0.227577
23 33 0.247936
23 15 0.269339
23 20 0.265201
23 18 0.268820
23 21 0.267360
23 16 0.272164
23 37 0.249998
23 28 0.260537
23 35 0.253621
23 53 0.235104
23 47 0.241846
23 17 0.275017
23 25 0.268639
23 51 0.240753
23 23 0.272212
23 34 0.259184
23 22 0.276080
23 46 0.249639
23 48 0.247808
23 38 0.261188
23 26 0.275466
23 39 0.266355
23 52 0.255081
23 27 0.282611
23 41 0.268057
23 45 0.264424
23 40 0.270509
23 43 0.267240
23 24 0.290063
23 36 0.275758
23 54 0.257185
23 49 0.263294
24 0 0.117033
24 1 0.134663
24 3 0.141021
24 2 0.157739
24 4 0.168787
24 10 0.174950
24 5 0.180063
24 8 0.181583
24 7 0.192071
24 6 0.196516
24 9 0.224904
24 20 0.235671
24 13 0.242441
24 12 0.251189
24 24 0.255771
24 11 0.267831
24 14 0.265759
24 28 0.253172
24 25 0.256623
24 39 0.246676
24 32 0.254525
24 30 0.257207
24 26 0.263004
24 16 0.273573
24 31 0.259689
24 17 0.274865
24 19 0.273769
24 15 0.278085
24 38 0.255310
24 33 0.261367
24 23 0.271920
24 50 0.243748
24 48 0.246612
24 46 0.249257
24 44 0.251177
24 42 0.253093
24 22 0.275161
24 21 0.276331
24 47 0.249333
24 37 0.260790
24 18 0.280395
24 51 0.247243
24 27 0.273373
24 49 0.250714
24 41 0.258118
24 29 0.273339
24 40 0.261404
24 52 0.250793
24 54 0.248436
24 34 0.270684
24 53 0.250821
24 43 0.260626
24 35 0.270497
24 36 0.270420
24 45 0.261040
25 0 0.116435
25 5 0.121888
25 2 0.148751
25 1 0.164633
25 4 0.170971
25 3 0.176116
25 10 0.174369
25 6 0.183428
25 9 0.182251
25 8 0.184265
25 7 0.194855
25 11 0.252897
25 33 0.235541
25 20 0.250931
25 14 0.256262
25 13 0.257405
25 29 0.247385
25 32 0.249445
25 44 0.240148
25 21 0.268729
25 28 0.260240
25 15 0.274852
25 24 0.273831
25 31 0.266072
25 16 0.285215
25 22 0.279866
25 12 0.289409
25 54 0.245308
25 18 0.286741
25 27 0.276586
25 34 0.271718
25 30 0.275893
25 26 0.281904
25 35 0.272649
25 23 0.286819
25 36 0.271417
25 17 0.293739
25 51 0.257970
25 40 0.272209
25 45 0.268647
25 25 0.292388
25 38 0.277844
25 19 0.300100
25 47 0.267689
25 52 0.263178
25 49 0.267274
25 50 0.266109
25 41 0.277386
25 43 0.276906
25 48 0.271609
25 37 0.285155
25 46 0.275679
25 39 0.284508
25 42 0.280365
25 53 0.268674
26 0 0.130472
26 1 0.149618
26 6 0.164865
26 3 0.171803
26 2 0.175177
26 5 0.181896
26 10 0.181823
26 4 0.201533
26 11 0.260074
26 13 0.260806
26 17 0.255823
26 42 0.233669
26 54 0.221234
26 46 0.229593
26 37 0.240407
26 19 0.260528
26 49 0.239810
26 33 0.260272
26 7 0.285287
26 9 0.284201
26 21 0.274245
26 22 0.275394
26 38 0.259268
26 29 0.270166
26 20 0.281719
26 47 0.253696
26 27 0.275502
26 23 0.280740
26 35 0.267835
26 8 0.294738
26 15 0.290366
26 26 0.279552
26 39 0.265910
26 30 0.275267
26 31 0.274471
26 45 0.261088
26 43 0.263665
26 50 0.256305
26 32 0.275604
26 41 0.268993
26 28 0.282552
26 12 0.298991
26 48 0.263080
26 34 0.278348
26 16 0.297694
26 24 0.290268
26 14 0.300101
26 51 0.262106
26 44 0.271537
26 25 0.295752
26 53 0.266715
26 52 0.270372
26 40 0.283516
26 18 0.310949
26 36 0.297675
27 1 0.145248
27 2 0.162674
27 4 0.163340
27 6 0.163129
27 9 0.186407
27 5 0.192659
27 3 0.198716
27 12 0.195327
27 8 0.199297
27 0 0.205676
27 10 0.251125
27 38 0.225353
27 19 0.252106
27 11 0.266537
27 24 0.255843
27 33 0.248211
27 13 0.268602
27 23 0.260093
27 42 0.242982
27 21 0.264974
27 27 0.259351
27 17 0.269994
27 29 0.258660
27 28 0.260286
27 16 0.272724
27 34 0.254677
27 25 0.265878
27 32 0.259696
27 14 0.278053
27 7 0.283715
27 22 0.272845
27 26 0.268971
27 18 0.277575
27 50 0.244583
27 47 0.247344
27 31 0.265105
27 39 0.259835
27 30 0.268934
27 44 0.257512
27 40 0.263259
27 15 0.288471
27 20 0.285771
27 35 0.272342
27 37 0.271455
27 53 0.254463
27 43 0.266199
27 48 0.261321
27 54 0.254813
27 46 0.265737
27 52 0.260881
27 41 0.274588
27 36 0.279152
27 49 0.266078
27 45 0.271310
27 51 0.267518
28 0 0.112672
28 5 0.136200
28 3 0.144319
28 2 0.158265
28 1 0.171776
28 10 0.184135
28 4 0.189175
28 9 0.185715
28 8 0.189316
28 6 0.195301
28 7 0.197933
28 14 0.248223
28 32 0.238557
28 16 0.255472
28 12 0.259821
28 11 0.260849
28 22 0.259785
28 30 0.251718
28 20 0.264155
28 18 0.266584
28 26 0.258238
28 42 0.241230
28 28 0.257110
28 19 0.267976
28 41 0.242936
28 36 0.250901
28 35 0.253366
28 13 0.279337
28 31 0.262388
28 15 0.279709
28 38 0.254253
28 50 0.241710
28 29 0.266155
28 40 0.253960
28 49 0.246782
28 48 0.250789
28 43 0.257498
28 33 0.269751
28 27 0.276789
28 21 0.284582
28 46 0.258064
28 44 0.260050
28 23 0.284237
28 17 0.291335
28 25 0.284276
28 54 0.253995
28 24 0.287545
28 45 0.265921
28 37 0.275935
28 51 0.260384
28 34 0.279951
28 39 0.275238
28 47 0.267035
28 52 0.262516
28 53 0.263002
29 0 0.146936
29 1 0.175800
29 3 0.187694
29 8 0.191828
29 10 0.192397
29 5 0.197437
29 2 0.223575
29 4 0.222900
29 7 0.226850
29 6 0.252182
29 11 0.280073
29 9 0.281881
29 13 0.280735
29 12 0.293152
29 51 0.257360
29 34 0.276829
29 29 0.281823
29 14 0.305408
29 31 0.288501
29 24 0.297439
29 40 0.283890
29 46 0.280225
29 37 0.288151
29 26 0.300977
29 38 0.290777
29 22 0.308894
29 28 0.306443
29 32 0.302942
29 33 0.303607
29 54 0.282606
29 19 0.320271
29 53 0.285542
29 30 0.310627
29 15 0.326382
29 25 0.321060
29 23 0.328228
29 39 0.311756
29 44 0.307632
29 20 0.332991
29 17 0.336759
29 42 0.314226
29 27 0.329984
29 41 0.316221
29 52 0.305684
29 35 0.326281
29 49 0.311568
29 16 0.346958
29 18 0.349185
29 43 0.325891
29 47 0.325304
29 50 0.329846
29 21 0.363722
29 48 0.337748
29 36 0.350021
29 45 0.342227
30 0 0.129586
30 1 0.144938
30 4 0.151797
30 2 0.183196
30 5 0.185099
30 10 0.186123
30 8 0.192163
30 9 0.191748
30 3 0.196689
30 7 0.203420
30 11 0.258583
30 12 0.261535
30 30 0.252954
30 33 0.259615
30 44 0.249656
30 6 0.290516
30 17 0.283618
30 34 0.265354
30 28 0.272534
30 13 0.291067
30 32 0.272045
30 20 0.285368
30 38 0.270272
30 31 0.278944
30 29 0.281903
30 19 0.292372
30 50 0.258300
30 24 0.288913
30 18 0.296124
30 35 0.278004
30 21 0.293009
30 14 0.302254
30 36 0.281520
30 16 0.303652
30 39 0.280574
30 41 0.283642
30 54 0.268768
30 45 0.283160
30 23 0.308440
30 47 0.281851
30 46 0.284104
30 43 0.288591
30 49 0.281977
30 25 0.312079
30 22 0.315085
30 37 0.300050
30 53 0.281822
30 27 0.312391
30 26 0.313644
30 42 0.295429
30 52 0.285891
30 15 0.327794
30 40 0.301639
30 51 0.289167
30 48 0.297397
31 0 0.152047
31 1 0.165609
31 3 0.177897
31 2 0.178947
31 6 0.182357
31 9 0.180291
31 8 0.187473
31 10 0.189249
31 4 0.202645
31 5 0.208764
31 12 0.221635
31 7 0.231998
31 17 0.254905
31 28 0.259313
31 21 0.268420
31 25 0.265537
31 29 0.261173
31 20 0.271374
31 13 0.278630
31 37 0.253828
31 22 0.271629
31 33 0.261646
31 11 0.283485
31 50 0.243733
31 27 0.270769
31 23 0.276275
31 30 0.268358
31 24 0.276244
31 46 0.252614
31 34 0.266523
31 38 0.261892
31 14 0.287996
31 54 0.249268
31 44 0.261387
31 19 0.287956
31 35 0.271588
31 26 0.282229
31 39 0.269943
31 31 0.278976
31 42 0.268097
31 47 0.265330
31 49 0.263085
31 41 0.272295
31 32 0.285242
31 15 0.303308
31 16 0.304699
31 51 0.276235
31 36 0.293524
31 18 0.315643
31 53 0.284610
31 45 0.296295
31 43 0.303573
31 48 0.298438
31 52 0.294149
31 40 0.309936
32 1 0.129108
32 0 0.154244
32 2 0.163931
32 7 0.162128
32 5 0.189890
32 4 0.201868
32 14 0.137835
32 3 0.227704
32 13 0.156471
32 6 0.229423
32 11 0.201113
32 9 0.205856
32 12 0.207738
32 10 0.212357
32 8 0.241714
32 15 0.201163
32 17 0.203198
32 19 0.202476
32 20 0.202257
32 21 0.205671
32 23 0.226601
32 16 0.255673
32 22 0.259162
32 18 0.265013
32 28 0.210443
32 30 0.211433
32 31 0.210486
32 27 0.228356
32 25 0.245656
32 32 0.197504
32 26 0.269256
32 33 0.234475
32 24 0.295272
32 35 0.251933
32 29 0.288085
32 43 0.221546
32 45 0.219358
32 52 0.180415
32 37 0.263502
32 48 0.205338
32 49 0.192249
32 41 0.261981
32 47 0.213655
32 39 0.271074
32 34 0.282505
32 46 0.219849
32 53 0.201412
32 51 0.207390
32 50 0.210911
32 38 0.284091
32 44 0.255210
32 36 0.297136
32 40 0.287531
32 42 0.276357
32 54 0.228573
33 0 0.190771
33 5 0.196688
33 4 0.202330
33 2 0.206573
33 8 0.213068
33 10 0.232496
33 31 0.270212
33 14 0.305404
33 12 0.311665
33 24 0.300638
33 1 0.322087
33 27 0.304724
33 6 0.327746
33 43 0.294269
33 19 0.320263
33 29 0.315197
33 22 0.324003
33 52 0.291224
33 46 0.300099
33 54 0.290364
33 33 0.312459
33 45 0.301857
33 30 0.317543
33 9 0.339520
33 3 0.346308
33 20 0.332974
33 47 0.311961
33 11 0.349548
33 7 0.352907
33 44 0.317449
33 26 0.335407
33 32 0.330321
33 16 0.347803
33 17 0.347230
33 48 0.317277
33 28 0.338451
33 25 0.342063
33 50 0.315685
33 23 0.349838
33 13 0.365597
33 38 0.339969
33 34 0.356269
33 18 0.379355
33 41 0.359444
33 36 0.365840
33 42 0.364131
33 37 0.370209
33 39 0.371552
33 49 0.361285
33 51 0.360973
33 40 0.375064
33 53 0.360747
33 15 0.404811
33 21 0.411277
33 35 0.395674
34 0 0.123805
34 1 0.164983
34 2 0.181176
34 10 0.152660
34 3 0.191811
34 5 0.173463
34 9 0.170912
34 7 0.178130
34 6 0.185693
34 8 0.183776
34 4 0.212298
34 14 0.111202
34 11 0.175262
34 13 0.150922
34 15 0.111080
34 12 0.165804
34 20 0.126278
34 21 0.125014
34 16 0.161533
34 24 0.143705
34 22 0.151945
34 17 0.166528
34 26 0.153977
34 18 0.184684
34 29 0.195952
34 33 0.198014
34 19 0.238732
34 27 0.222326
34 47 0.193159
34 43 0.203282
34 34 0.217752
34 52 0.202828
34 36 0.223956
34 49 0.213789
34 41 0.224312
34 30 0.243833
34 25 0.265655
34 39 0.232036
34 44 0.228324
34 23 0.272370
34 35 0.241959
34 42 0.238450
34 50 0.231292
34 51 0.234170
34 37 0.252093
34 45 0.242883
34 32 0.261808
34 53 0.237749
34 38 0.255238
34 46 0.246836
34 28 0.282147
34 40 0.261082
34 54 0.248818
34 48 0.258673
34 31 0.279527
35 0 0.202954
35 9 0.204741
35 2 0.218450
35 4 0.225595
35 3 0.233760
35 1 0.246771
35 5 0.266671
35 12 0.270680
35 44 0.255306
35 8 0.297262
35 30 0.289784
35 14 0.315186
35 33 0.299647
35 13 0.327987
35 32 0.316940
35 6 0.345158
35 10 0.343467
35 36 0.322777
35 15 0.346414
35 28 0.332503
35 48 0.308937
35 39 0.321328
35 22 0.344960
35 31 0.341047
35 43 0.326363
35 11 0.362479
35 20 0.357430
35 50 0.323149
35 45 0.329921
35 26 0.352728
35 7 0.373888
35 51 0.326892
35 18 0.374430
35 38 0.352577
35 29 0.364821
35 41 0.351674
35 49 0.345900
35 40 0.358459
35 25 0.381078
35 54 0.349715
35 34 0.376308
35 27 0.383999
35 42 0.367815
35 17 0.397587
35 46 0.367846
35 23 0.396758
35 19 0.403819
35 52 0.365046
35 24 0.403536
35 21 0.406327
35 47 0.378184
35 37 0.388996
35 35 0.394305
35 53 0.376292
35 16 0.421273
36 13 0.183737
36 0 0.196421
36 16 0.266498
36 32 0.256378
36 14 0.271242
36 4 0.278973
36 34 0.276323
36 10 0.299003
36 23 0.298462
36 9 0.309405
36 31 0.292942
36 25 0.297734
36 15 0.307625
36 29 0.297404
36 42 0.288992
36 21 0.306116
36 30 0.303977
36 1 0.325987
36 8 0.321911
36 6 0.328541
36 11 0.325693
36 5 0.333028
36 19 0.324196
36 28 0.318118
36 35 0.314619
36 2 0.339857
36 20 0.327428
36 3 0.345026
36 41 0.317410
36 33 0.324324
36 44 0.316056
36 50 0.312586
36 47 0.317963
36 36 0.328730
36 12 0.348480
36 27 0.340238
36 39 0.330960
36 17 0.349025
36 51 0.319704
36 43 0.331013
36 18 0.351490
36 40 0.337011
36 52 0.323119
36 22 0.352678
36 46 0.334197
36 53 0.324752
36 38 0.345444
36 37 0.346988
36 24 0.358070
36 45 0.344309
36 26 0.361595
36 7 0.376212
36 49 0.342462
36 48 0.343791
36 54 0.338147
37 0 0.177858
37 8 0.191361
37 6 0.193558
37 3 0.199609
37 4 0.203207
37 7 0.223778
37 2 0.244865
37 1 0.255267
37 5 0.256842
37 12 0.260985
37 13 0.281627
37 11 0.283422
37 10 0.284592
37 9 0.285649
37 33 0.262596
37 29 0.269144
37 31 0.268351
37 30 0.275337
37 25 0.289097
37 14 0.301289
37 44 0.273627
37 27 0.292733
37 32 0.300055
37 17 0.315722
37 53 0.278869
37 26 0.310712
37 15 0.325212
37 16 0.327849
37 24 0.330736
37 48 0.305438
37 28 0.329685
37 52 0.304839
37 19 0.342653
37 47 0.315504
37 37 0.330713
37 35 0.336250
37 45 0.331062
37 51 0.325887
37 40 0.338775
37 39 0.340656
37 46 0.336722
37 34 0.350415
37 23 0.364815
37 21 0.367016
37 41 0.345404
37 42 0.348568
37 54 0.335726
37 18 0.376061
37 20 0.374136
37 38 0.357081
37 43 0.353873
37 36 0.362302
37 50 0.347813
37 22 0.383391
37 49 0.365225
38 0 0.175090
38 9 0.146148
38 8 0.176985
38 3 0.203742
38 1 0.211070
38 10 0.169891
38 7 0.204458
38 11 0.182704
38 2 0.258063
38 5 0.236800
38 12 0.203596
38 14 0.214200
38 13 0.228094
38 4 0.278074
38 6 0.274270
38 15 0.276154
38 16 0.245736
38 18 0.189097
38 17 0.207253
38 28 0.167983
38 32 0.250779
38 23 0.279562
38 33 0.250596
38 29 0.271677
38 21 0.299672
38 22 0.289547
38 31 0.255809
38 19 0.317851
38 26 0.278756
38 27 0.294790
38 44 0.250008
38 43 0.260839
38 53 0.243367
38 30 0.310404
38 49 0.263511
38 39 0.295965
38 45 0.279496
38 51 0.267343
38 20 0.369409
38 41 0.297224
38 47 0.292978
38 35 0.332386
38 40 0.318336
38 34 0.341805
38 54 0.294604
38 37 0.342988
38 48 0.315932
38 25 0.385536
38 36 0.362648
38 52 0.317442
38 24 0.402209
38 50 0.338657
38 46 0.350678
38 42 0.362683
38 38 0.380473
39 0 0.184410
39 1 0.214710
39 3 0.226654
39 6 0.231335
39 5 0.239865
39 8 0.241032
39 9 0.240585
39 10 0.245414
39 13 0.266740
39 4 0.279721
39 14 0.273038
39 11 0.290509
39 17 0.285700
39 12 0.290215
39 30 0.300704
39 32 0.299434
39 2 0.326218
39 28 0.303365
39 33 0.305495
39 23 0.324121
39 44 0.304212
39 20 0.328395
39 48 0.300673
39 40 0.315420
39 18 0.339247
39 29 0.328779
39 21 0.336948
39 45 0.314543
39 31 0.330599
39 43 0.319720
39 46 0.316788
39 16 0.350782
39 41 0.328238
39 39 0.332449
39 34 0.341411
39 24 0.354374
39 25 0.355835
39 54 0.325962
39 53 0.329592
39 42 0.343545
39 7 0.378365
39 15 0.371826
39 19 0.370747
39 51 0.341886
39 49 0.345828
39 36 0.359808
39 22 0.377021
39 50 0.354628
39 37 0.370368
39 27 0.386056
39 47 0.369954
39 38 0.379510
39 26 0.394484
39 52 0.369611
39 35 0.401384
40 0 0.174887
40 3 0.183899
40 4 0.188083
40 1 0.192973
40 8 0.197075
40 6 0.199392
40 5 0.203614
40 10 0.201718
40 11 0.202008
40 9 0.210851
40 2 0.251727
40 13 0.267101
40 17 0.289301
40 33 0.271352
40 21 0.287674
40 19 0.298749
40 14 0.316919
40 31 0.302903
40 29 0.311239
40 23 0.322087
40 51 0.293652
40 7 0.348288
40 36 0.323207
40 26 0.337514
40 32 0.346158
40 12 0.366385
40 18 0.364983
40 28 0.355112
40 37 0.346445
40 42 0.341043
40 47 0.335655
40 53 0.329581
40 25 0.364503
40 54 0.334026
40 41 0.354181
40 44 0.353023
40 22 0.380440
40 43 0.361586
40 30 0.378169
40 39 0.368459
40 45 0.362649
40 34 0.374731
40 48 0.359982
40 16 0.398535
40 38 0.384893
40 40 0.389165
40 20 0.415387
40 24 0.412744
40 46 0.388328
40 49 0.387195
40 35 0.403101
40 27 0.415439
40 15 0.427890
40 52 0.391925
40 50 0.400599
41 0 0.196977
41 5 0.198121
41 10 0.198846
41 11 0.198750
41 8 0.206749
41 6 0.216600
41 4 0.223967
41 3 0.238929
41 9 0.275041
41 13 0.272354
41 2 0.287962
41 44 0.258233
41 32 0.278504
41 29 0.284892
41 14 0.311571
41 30 0.295392
41 33 0.292128
41 16 0.338052
41 28 0.326951
41 12 0.346165
41 1 0.359084
41 46 0.316028
41 20 0.348893
41 54 0.318996
41 43 0.334935
41 31 0.351313
41 7 0.374915
41 27 0.358041
41 36 0.351148
41 38 0.349243
41 34 0.360636
41 48 0.352023
41 18 0.386396
41 23 0.383512
41 19 0.391751
41 22 0.390297
41 26 0.386468
41 15 0.397330
41 35 0.379800
41 39 0.377808
41 51 0.371128
41 42 0.385909
41 21 0.411764
41 41 0.391170
41 17 0.423069
41 47 0.391338
41 45 0.399688
41 53 0.391726
41 25 0.425630
41 40 0.411914
41 37 0.416343
41 24 0.432002
41 52 0.401590
41 49 0.407113
41 50 0.410685
42 0 0.180295
42 9 0.197208
42 3 0.202073
42 10 0.203640
42 1 0.230114
42 4 0.251764
42 2 0.258293
42 12 0.276018
42 13 0.276136
42 29 0.262050
42 32 0.260835
42 20 0.280771
42 44 0.256869
42 34 0.269766
42 5 0.300014
42 7 0.303174
42 33 0.279384
42 8 0.307294
42 31 0.286062
42 30 0.288686
42 17 0.303313
42 28 0.291942
42 16 0.334399
42 21 0.330447
42 11 0.339783
42 24 0.331212
42 26 0.331980
42 35 0.322783
42 52 0.307047
42 51 0.312819
42 14 0.352457
42 19 0.350708
42 36 0.341346
42 37 0.342081
42 23 0.358657
42 38 0.342092
42 15 0.368067
42 27 0.357590
42 6 0.377017
42 22 0.365758
42 18 0.373074
42 25 0.368128
42 46 0.346146
42 43 0.348344
42 40 0.353407
42 47 0.347688
42 53 0.342020
42 39 0.355009
42 49 0.351414
42 48 0.352879
42 50 0.357155
42 41 0.367782
42 42 0.372737
42 54 0.370863
42 45 0.391059
43 5 0.195473
43 10 0.199650
43 8 0.202065
43 0 0.219121
43 1 0.234090
43 29 0.270811
43 11 0.290998
43 13 0.317155
43 7 0.322320
43 30 0.302248
43 3 0.326009
43 2 0.327176
43 9 0.322066
43 14 0.323175
43 12 0.326404
43 31 0.308532
43 6 0.331657
43 28 0.314431
43 44 0.302396
43 32 0.332281
43 47 0.346191
43 19 0.376005
43 51 0.341548
43 33 0.361304
43 21 0.377729
43 17 0.389531
43 4 0.399409
43 16 0.393728
43 15 0.398210
43 20 0.398866
43 48 0.370195
43 34 0.384203
43 39 0.378902
43 50 0.370397
43 23 0.406655
43 45 0.387117
43 38 0.394961
43 26 0.409268
43 52 0.381308
43 18 0.424000
43 24 0.418644
43 40 0.406627
43 43 0.408569
43 42 0.410175
43 35 0.418582
43 54 0.398276
43 53 0.401560
43 27 0.431958
43 49 0.408566
43 46 0.418468
43 22 0.455111
43 41 0.437795
43 37 0.449069
43 36 0.458749
43 25 0.472672
44 11 0.209509
44 9 0.218772
44 8 0.220939
44 10 0.295444
44 13 0.333486
44 3 0.343109
44 6 0.352457
44 1 0.359568
44 29 0.327326
44 44 0.304115
44 33 0.331749
44 30 0.351743
44 7 0.391189
44 5 0.395602
44 31 0.362192
44 51 0.368119
44 40 0.380465
44 36 0.391104
44 0 0.458596
44 28 0.434203
44 2 0.470550
44 15 0.480378
44 23 0.498995
44 47 0.462457
44 35 0.479030
44 53 0.457102
44 19 0.506123
44 26 0.498056
44 12 0.516926
44 21 0.509685
44 20 0.511684
44 14 0.522114
44 39 0.491378
44 49 0.487512
44 18 0.532343
44 17 0.550937
44 41 0.512152
44 32 0.537146
44 16 0.565057
44 50 0.523075
44 25 0.568395
44 4 0.602674
44 54 0.545287
44 48 0.565831
44 52 0.571533
44 42 0.589194
44 37 0.607695
44 38 0.607535
44 46 0.605895
44 43 0.609056
44 24 0.645849
44 27 0.650174
44 45 0.619899
44 22 0.659986
44 34 0.650872
45 12 0.216580
45 11 0.228940
45 10 0.264756
45 8 0.290122
45 9 0.314900
45 14 0.299674
45 4 0.331183
45 0 0.335172
45 13 0.304137
45 2 0.339868
45 6 0.372970
45 3 0.379872
45 1 0.383283
45 7 0.392385
45 5 0.481915
45 20 0.400546
45 30 0.216206
45 22 0.398515
45 33 0.189735
45 29 0.251852
45 17 0.469711
45 28 0.267854
45 16 0.477387
45 19 0.481923
45 18 0.500767
45 44 0.232938
45 15 0.570310
45 21 0.560344
45 24 0.536070
45 26 0.417192
45 31 0.375814
45 32 0.375842
45 37 0.397931
45 38 0.389477
45 25 0.518585
45 46 0.372579
45 48 0.374002
45 23 0.645519
45 43 0.389135
45 34 0.429454
45 47 0.384077
45 50 0.386419
45 42 0.403414
45 27 0.503292
45 35 0.441473
45 40 0.416844
45 36 0.445251
45 41 0.428884
45 52 0.401854
45 54 0.396751
45 49 0.449680
45 53 0.449358
45 45 0.465936
45 39 0.500323
45 51 0.469238
46 8 0.168215
46 12 0.090585
46 14 0.105774
46 9 0.203001
46 10 0.143306
46 1 0.247794
46 4 0.248674
46 13 0.154429
46 11 0.158842
46 7 0.253291
46 0 0.261548
46 2 0.263531
46 6 0.265768
46 3 0.271808
46 5 0.277117
46 15 0.288957
46 30 0.239038
46 31 0.244448
46 33 0.257403
46 19 0.288086
46 17 0.294671
46 20 0.291617
46 28 0.284407
46 29 0.293577
46 41 0.308975
46 26 0.327002
46 38 0.314896
46 44 0.307502
46 18 0.350232
46 32 0.334999
46 21 0.345675
46 25 0.343638
46 49 0.316019
46 16 0.376389
46 47 0.341252
46 42 0.349873
46 36 0.360389
46 24 0.372364
46 34 0.363854
46 46 0.354261
46 23 0.385022
46 35 0.374644
46 52 0.360156
46 40 0.377993
46 51 0.365942
46 43 0.377002
46 53 0.365837
46 27 0.407520
46 45 0.386676
46 39 0.407386
46 37 0.416649
46 48 0.401378
46 22 0.433160
46 50 0.402794
46 54 0.408617
47 9 0.217188
47 11 0.227494
47 8 0.234570
47 0 0.251887
47 4 0.281704
47 31 0.270968
47 13 0.299669
47 1 0.311106
47 12 0.306828
47 33 0.286168
47 2 0.317240
47 10 0.360107
47 3 0.365767
47 7 0.365283
47 5 0.369339
47 30 0.347967
47 24 0.357855
47 6 0.374982
47 14 0.370296
47 28 0.360419
47 27 0.373872
47 32 0.372545
47 29 0.376747
47 44 0.363161
47 22 0.395644
47 15 0.404849
47 16 0.410724
47 23 0.409276
47 26 0.412567
47 18 0.434319
47 21 0.433428
47 41 0.411085
47 17 0.439050
47 19 0.437363
47 53 0.403579
47 46 0.411427
47 40 0.423113
47 49 0.416572
47 25 0.446196
47 39 0.432111
47 36 0.438634
47 35 0.441203
47 48 0.435453
47 51 0.433134
47 20 0.470651
47 38 0.457583
47 34 0.472045
47 52 0.459404
47 47 0.465469
47 54 0.460489
47 43 0.477423
47 37 0.486326
47 45 0.481020
47 50 0.479601
47 42 0.518840
48 10 0.232628
48 9 0.234153
48 3 0.239348
48 8 0.240433
48 4 0.261794
48 1 0.323639
48 11 0.318652
48 5 0.324419
48 0 0.328334
48 28 0.308425
48 13 0.341598
48 7 0.346395
48 33 0.321951
48 2 0.351461
48 31 0.328857
48 14 0.376336
48 30 0.364473
48 44 0.375727
48 15 0.414726
48 54 0.380894
48 29 0.418761
48 18 0.431025
48 12 0.435908
48 24 0.441027
48 45 0.419023
48 53 0.412779
48 27 0.443264
48 26 0.456281
48 32 0.458265
48 23 0.470500
48 6 0.489160
48 17 0.489978
48 50 0.453925
48 35 0.473379
48 25 0.487509
48 20 0.498613
48 40 0.478232
48 47 0.476433
48 51 0.473479
48 22 0.510108
48 21 0.514689
48 19 0.519712
48 16 0.524618
48 38 0.500648
48 52 0.497277
48 36 0.518900
48 49 0.508619
48 34 0.534509
48 46 0.530873
48 39 0.540621
48 37 0.556317
48 43 0.556898
48 42 0.562897
48 48 0.566301
48 41 0.584261
49 8 0.202360
49 2 0.283447
49 11 0.357067
49 10 0.358065
49 0 0.367720
49 30 0.355132
49 5 0.391773
49 6 0.391316
49 4 0.394135
49 33 0.366312
49 44 0.355871
49 12 0.409783
49 15 0.426892
49 1 0.440338
49 9 0.433417
49 18 0.425365
49 32 0.415415
49 22 0.453108
49 28 0.449015
49 29 0.450637
49 17 0.464640
49 34 0.459691
49 13 0.487776
49 43 0.457240
49 3 0.511855
49 46 0.468958
49 38 0.477052
49 23 0.493220
49 53 0.466750
49 25 0.497229
49 41 0.482407
49 20 0.506414
49 26 0.501266
49 31 0.500039
49 14 0.518858
49 51 0.491852
49 50 0.495491
49 27 0.523703
49 36 0.516647
49 54 0.505866
49 16 0.545631
49 42 0.518506
49 48 0.521659
49 7 0.566762
49 21 0.558040
49 24 0.564192
49 19 0.584105
49 52 0.554083
49 49 0.559430
49 45 0.568391
49 40 0.581336
49 47 0.585237
49 35 0.599139
49 39 0.606220
49 37 0.618670
50 9 0.199607
50 8 0.226516
50 10 0.249517
50 12 0.306853
50 44 0.274944
50 3 0.314465
50 5 0.313403
50 14 0.307117
50 2 0.316378
50 31 0.290280
50 1 0.317715
50 4 0.316270
50 33 0.310247
50 13 0.330680
50 30 0.313980
50 7 0.338928
50 0 0.365948
50 11 0.379667
50 6 0.389064
50 29 0.397233
50 32 0.398497
50 28 0.421009
50 19 0.443583
50 24 0.440607
50 16 0.448960
50 23 0.447536
50 54 0.415729
50 22 0.452275
50 40 0.432968
50 18 0.457815
50 37 0.438909
50 52 0.433566
50 41 0.445609
50 50 0.441979
50 36 0.459218
50 21 0.480759
50 27 0.481974
50 26 0.487005
50 20 0.496636
50 17 0.499869
50 51 0.476499
50 15 0.514983
50 42 0.497470
50 46 0.498776
50 53 0.494173
50 47 0.501156
50 45 0.506666
50 34 0.529987
50 39 0.523927
50 48 0.515176
50 49 0.525745
50 25 0.553477
50 35 0.552919
50 38 0.562342
50 43 0.564121
51 8 0.216015
51 9 0.221556
51 11 0.304236
51 0 0.323101
51 3 0.326902
51 28 0.307425
51 5 0.327124
51 1 0.331166
51 13 0.329737
51 30 0.319260
51 2 0.350792
51 4 0.389830
51 10 0.393173
51 31 0.386059
51 15 0.439068
51 6 0.450978
51 14 0.445768
51 29 0.431197
51 44 0.414683
51 32 0.454439
51 12 0.484855
51 33 0.470714
51 51 0.452095
51 54 0.455607
51 50 0.460905
51 34 0.477931
51 19 0.496056
51 22 0.493571
51 39 0.480113
51 27 0.504789
51 7 0.528543
51 20 0.525724
51 46 0.499785
51 36 0.512850
51 47 0.513985
51 40 0.535989
51 42 0.533317
51 24 0.554310
51 21 0.560309
51 23 0.559529
51 17 0.573602
51 41 0.550968
51 43 0.559561
51 37 0.575064
51 35 0.577139
51 26 0.591428
51 25 0.593348
51 38 0.583498
51 52 0.569016
51 45 0.589984
51 18 0.632993
51 49 0.604001
51 16 0.640117
51 53 0.600701
51 48 0.613174
52 0 0.256763
52 1 0.260539
52 4 0.259141
52 10 0.280868
52 9 0.294633
52 8 0.298454
52 2 0.340995
52 7 0.354010
52 5 0.369172
52 12 0.362775
52 32 0.340060
52 33 0.339572
52 14 0.362643
52 28 0.347640
52 30 0.360908
52 3 0.390884
52 11 0.383590
52 51 0.340143
52 24 0.397302
52 29 0.409584
52 31 0.411545
52 47 0.400379
52 6 0.466039
52 17 0.454879
52 53 0.415020
52 13 0.460965
52 37 0.439597
52 44 0.436628
52 23 0.465819
52 50 0.437161
52 20 0.479796
52 36 0.467393
52 16 0.496422
52 54 0.454755
52 18 0.494922
52 21 0.507759
52 19 0.514469
52 38 0.493735
52 52 0.479790
52 22 0.512086
52 27 0.508184
52 25 0.519963
52 42 0.509248
52 40 0.516515
52 35 0.526851
52 26 0.538174
52 41 0.521590
52 43 0.524387
52 15 0.569054
52 45 0.537693
52 49 0.539765
52 39 0.553404
52 34 0.567436
52 48 0.559313
52 46 0.562167
53 9 0.224334
53 8 0.228933
53 3 0.306859
53 1 0.308477
53 28 0.306760
53 10 0.325032
53 31 0.305904
53 14 0.336339
53 29 0.322707
53 32 0.320158
53 5 0.356826
53 30 0.357613
53 0 0.386625
53 12 0.390330
53 2 0.419399
53 11 0.428456
53 7 0.431858
53 4 0.452041
53 13 0.446693
53 33 0.427015
53 17 0.471064
53 44 0.447486
53 21 0.480440
53 25 0.484716
53 24 0.493353
53 22 0.501032
53 19 0.504154
53 20 0.503602
53 50 0.478638
53 15 0.516080
53 26 0.518614
53 27 0.525572
53 54 0.500222
53 40 0.516284
53 36 0.532711
53 41 0.543231
53 34 0.559464
53 42 0.554850
53 49 0.554153
53 18 0.592832
53 6 0.606926
53 53 0.562686
53 35 0.586385
53 45 0.584905
53 46 0.586166
53 43 0.594893
53 52 0.587765
53 51 0.594122
53 23 0.627960
53 39 0.613275
53 37 0.618104
53 47 0.607921
53 16 0.658520
53 48 0.627810
53 38 0.641943
54 8 0.296182
54 0 0.321664
54 2 0.320107
54 13 0.312971
54 10 0.315970
54 14 0.329226
54 9 0.334767
54 29 0.324664
54 11 0.344873
54 32 0.328230
54 4 0.381898
54 3 0.385668
54 28 0.385435
54 6 0.406414
54 31 0.384466
54 33 0.394680
54 7 0.436262
54 44 0.404792
54 17 0.434769
54 20 0.440003
54 12 0.457090
54 30 0.443718
54 52 0.419640
54 1 0.479091
54 5 0.476159
54 50 0.432007
54 40 0.444971
54 21 0.499990
54 19 0.503990
54 18 0.512812
54 36 0.497619
54 37 0.500184
54 27 0.513243
54 46 0.499499
54 48 0.504102
54 51 0.506358
54 35 0.530147
54 54 0.521043
54 26 0.555827
54 34 0.551207
54 39 0.545125
54 15 0.576315
54 42 0.550707
54 24 0.574045
54 38 0.560962
54 16 0.588287
54 49 0.555129
54 22 0.591534
54 53 0.558482
54 25 0.600862
54 43 0.583401
54 41 0.587745
54 47 0.584969
54 45 0.610115
54 23 0.652457
55 9 0.247944
55 8 0.264732
55 0 0.306389
55 10 0.313955
55 14 0.336263
55 32 0.318491
55 30 0.336923
55 28 0.339617
55 29 0.359676
55 44 0.347589
55 12 0.381899
55 3 0.403512
55 5 0.403044
55 13 0.411386
55 7 0.433612
55 4 0.447851
55 31 0.423610
55 2 0.451561
55 6 0.483079
55 17 0.476826
55 43 0.467737
55 11 0.507796
55 1 0.515930
55 26 0.495121
55 33 0.494747
55 52 0.481669
55 47 0.493985
55 38 0.513448
55 54 0.502174
55 16 0.547952
55 53 0.513475
55 19 0.556312
55 40 0.539847
55 34 0.549971
55 51 0.535602
55 35 0.568075
55 49 0.561451
55 23 0.591922
55 24 0.591370
55 20 0.598531
55 41 0.581492
55 18 0.609045
55 25 0.605089
55 50 0.578316
55 36 0.601316
55 22 0.620730
55 15 0.630484
55 46 0.604871
55 27 0.630065
55 45 0.610261
55 39 0.624450
55 42 0.626374
55 37 0.640383
55 21 0.669135
55 48 0.646943
56 20 0.202667
56 10 0.217350
56 11 0.225586
56 28 0.221150
56 9 0.249109
56 31 0.282791
56 5 0.306846
56 32 0.282673
56 26 0.288717
56 0 0.312637
56 1 0.312139
56 8 0.307308
56 14 0.302940
56 13 0.303968
56 27 0.296343
56 30 0.300486
56 12 0.319985
56 24 0.318537
56 3 0.341219
56 19 0.330635
56 25 0.342552
56 29 0.345535
56 33 0.353277
56 22 0.364834
56 15 0.372673
56 21 0.374252
56 2 0.402748
56 16 0.393322
56 17 0.393447
56 6 0.402429
56 34 0.400307
56 18 0.426506
56 4 0.445749
56 23 0.430460
56 44 0.231623
56 7 0.469788
56 35 0.357715
56 38 0.355709
56 40 0.350252
56 54 0.242601
56 37 0.386528
56 51 0.280283
56 36 0.409055
56 49 0.309150
56 42 0.363066
56 52 0.313167
56 41 0.393621
56 53 0.295033
56 43 0.354815
56 46 0.349678
56 50 0.342757
56 47 0.355084
56 48 0.369773
56 45 0.380465
56 39 0.459121
57 3 0.242956
57 8 0.242493
57 10 0.234708
57 12 0.194541
57 9 0.264775
57 11 0.216825
57 13 0.199974
57 0 0.346792
57 14 0.227182
57 5 0.378289
57 1 0.403188
57 4 0.409604
57 2 0.428061
57 7 0.437968
57 6 0.479714
57 16 0.398646
57 28 0.238409
57 18 0.418608
57 15 0.459068
57 30 0.293541
57 29 0.296631
57 32 0.317459
57 44 0.292362
57 33 0.346842
57 22 0.397593
57 17 0.532263
57 19 0.475150
57 26 0.425657
57 24 0.486870
57 52 0.445208
57 54 0.448839
57 31 0.517097
57 23 0.547441
57 43 0.493619
57 48 0.502601
57 25 0.578828
57 38 0.541706
57 50 0.504841
57 35 0.564191
57 34 0.572619
57 36 0.566956
57 40 0.562339
57 21 0.660419
57 51 0.543996
57 27 0.620258
57 53 0.548649
57 47 0.581557
57 45 0.593649
57 20 0.712489
57 49 0.585700
57 39 0.624040
57 46 0.625421
57 42 0.640978
57 37 0.683759
57 41 0.712701
58 8 0.208902
58 9 0.224997
58 11 0.275343
58 12 0.345636
58 10 0.353299
58 5 0.396428
58 7 0.403453
58 13 0.387825
58 3 0.425251
58 2 0.503008
58 6 0.497713
58 14 0.457386
58 4 0.511026
58 1 0.538834
58 29 0.312014
58 28 0.331386
58 33 0.220805
58 31 0.262372
58 0 0.568047
58 30 0.314707
58 15 0.634106
58 16 0.661018
58 20 0.599873
58 32 0.419117
58 19 0.642964
58 23 0.663020
58 17 0.719439
58 27 0.623749
58 26 0.641096
58 21 0.728030
58 25 0.655248
58 44 0.396426
58 36 0.484690
58 39 0.486724
58 18 0.796753
58 34 0.551855
58 24 0.771908
58 52 0.412163
58 43 0.474858
58 35 0.583157
58 22 0.864764
58 54 0.444480
58 53 0.454153
58 41 0.514070
58 40 0.607180
58 47 0.530254
58 45 0.534660
58 48 0.531161
58 46 0.539048
58 38 0.652685
58 42 0.578355
58 37 0.658861
58 49 0.548854
58 51 0.564110
58 50 0.569758
59 8 0.197152
59 1 0.338506
59 10 0.236547
59 2 0.374077
59 12 0.274109
59 0 0.394666
59 11 0.281187
59 5 0.406104
59 4 0.419133
59 13 0.317558
59 9 0.330351
59 17 0.307893
59 3 0.447933
59 14 0.342587
59 7 0.457915
59 6 0.464886
59 16 0.392555
59 30 0.152057
59 15 0.429803
59 29 0.169971
59 31 0.227181
59 18 0.501598
59 33 0.242616
59 22 0.552106
59 23 0.566196
59 21 0.616793
59 24 0.592551
59 25 0.497261
59 28 0.447833
59 20 0.665731
59 32 0.419218
59 27 0.463419
59 44 0.379020
59 43 0.388827
59 26 0.501867
59 53 0.381555
59 19 0.737621
59 51 0.398626
59 40 0.448476
59 36 0.480771
59 35 0.484448
59 47 0.466832
59 41 0.489723
59 46 0.487016
59 54 0.453962
59 52 0.476315
59 49 0.503585
59 45 0.521006
59 42 0.532441
59 38 0.547097
59 34 0.556890
59 50 0.521986
59 37 0.582394
59 48 0.563010
59 39 0.585811
60 10 0.228783
60 9 0.230521
60 8 0.261393
60 11 0.238821
60 5 0.358477
60 3 0.380179
60 12 0.309137
60 0 0.413747
60 14 0.318127
60 13 0.338307
60 1 0.461198
60 7 0.438307
60 2 0.508657
60 15 0.476197
60 16 0.477924
60 4 0.567494
60 28 0.301564
60 6 0.607260
60 31 0.323020
60 23 0.504852
60 30 0.351383
60 17 0.590924
60 20 0.556281
60 32 0.373005
60 33 0.381820
60 18 0.645896
60 39 0.388723
60 21 0.631150
60 19 0.649080
60 44 0.390549
60 35 0.427505
60 29 0.472283
60 25 0.638411
60 45 0.427032
60 48 0.432974
60 26 0.679637
60 22 0.767763
60 36 0.543933
60 24 0.774772
60 54 0.515984
60 37 0.571072
60 27 0.682485
60 43 0.573972
60 40 0.589597
60 53 0.549544
60 47 0.575143
60 51 0.565304
60 49 0.574866
60 42 0.609863
60 34 0.653698
60 41 0.625181
60 46 0.603822
60 52 0.629774
60 38 0.693661
60 50 0.695430
61 10 0.314478
61 8 0.324103
61 12 0.355001
61 4 0.423004
61 1 0.444740
61 0 0.448992
61 2 0.478400
61 44 0.446472
61 5 0.500805
61 3 0.513268
61 30 0.496457
61 14 0.521638
61 7 0.551998
61 28 0.528547
61 6 0.560629
61 13 0.560466
61 29 0.536688
61 33 0.586540
61 45 0.573740
61 36 0.596456
61 38 0.600953
61 20 0.649251
61 32 0.636119
61 22 0.663483
61 9 0.680295
61 31 0.676752
61 42 0.668383
61 11 0.721129
61 18 0.715759
61 40 0.683496
61 52 0.682249
61 50 0.700632
61 48 0.717465
61 26 0.752059
61 24 0.780614
61 16 0.801784
61 51 0.758190
61 46 0.762989
61 43 0.772549
61 41 0.779218
61 34 0.789268
61 19 0.813959
61 54 0.774493
61 39 0.816546
61 49 0.836415
61 53 0.843613
61 15 0.895667
61 37 0.866574
61 17 0.907065
61 25 0.913353
61 47 0.885268
61 27 0.927502
61 23 0.947774
61 35 0.927609
61 21 0.965501
62 5 0.227012
62 1 0.251511
62 3 0.249174
62 9 0.320015
62 11 0.323349
62 13 0.335821
62 8 0.347850
62 12 0.344219
62 4 0.364050
62 0 0.370244
62 10 0.366662
62 14 0.369887
62 7 0.401909
62 2 0.447958
62 6 0.484097
62 29 0.494317
62 16 0.566580
62 15 0.575258
62 21 0.573710
62 33 0.531521
62 19 0.624746
62 31 0.606709
62 17 0.647195
62 51 0.512052
62 44 0.548268
62 45 0.593219
62 25 0.689478
62 28 0.695045
62 27 0.709119
62 32 0.692322
62 53 0.578363
62 22 0.742737
62 49 0.621027
62 30 0.719740
62 23 0.743174
62 43 0.655613
62 54 0.616167
62 47 0.655981
62 48 0.658942
62 50 0.681178
62 52 0.674063
62 18 0.823280
62 35 0.760386
62 41 0.733883
62 40 0.744284
62 37 0.781209
62 39 0.769385
62 26 0.844899
62 36 0.795131
62 20 0.870264
62 46 0.768842
62 34 0.827767
62 42 0.802955
62 24 0.920797
62 38 0.909224
63 9 0.186116
63 11 0.253871
63 10 0.305402
63 8 0.312317
63 2 0.341253
63 4 0.352168
63 5 0.353524
63 3 0.396832
63 1 0.409751
63 0 0.423572
63 7 0.416115
63 13 0.341957
63 14 0.318538
63 12 0.366639
63 6 0.473694
63 15 0.366006
63 16 0.351795
63 32 0.181700
63 29 0.201373
63 28 0.233397
63 31 0.219917
63 33 0.211845
63 18 0.433911
63 30 0.342726
63 22 0.410038
63 20 0.448373
63 34 0.311930
63 17 0.544229
63 25 0.416922
63 27 0.414957
63 19 0.520529
63 21 0.484582
63 26 0.456890
63 23 0.471686
63 35 0.385653
63 44 0.353881
63 24 0.527608
63 53 0.361767
63 52 0.385908
63 54 0.383310
63 43 0.478413
63 42 0.504302
63 50 0.453097
63 45 0.514319
63 40 0.545948
63 51 0.478324
63 38 0.582188
63 46 0.549413
63 48 0.522778
63 36 0.600876
63 49 0.522858
63 39 0.592718
63 37 0.616163
63 47 0.549844
63 41 0.607038
64 8 0.255773
64 12 0.218251
64 9 0.270738
64 13 0.245390
64 10 0.288507
64 3 0.353397
64 1 0.388083
64 11 0.306411
64 14 0.343755
64 0 0.448009
64 5 0.436566
64 4 0.467297
64 7 0.480034
64 6 0.528813
64 29 0.215038
64 15 0.502904
64 31 0.234103
64 30 0.239476
64 2 0.627790
64 33 0.291935
64 17 0.572837
64 28 0.386753
64 25 0.415320
64 19 0.534244
64 44 0.292061
64 21 0.489704
64 16 0.662494
64 32 0.423240
64 22 0.520701
64 27 0.483659
64 23 0.503924
64 24 0.516765
64 20 0.577179
64 35 0.471913
64 36 0.479007
64 18 0.743879
64 45 0.455647
64 26 0.611802
64 40 0.524828
64 39 0.565783
64 47 0.514732
64 41 0.580560
64 51 0.479301
64 34 0.606792
64 53 0.472381
64 38 0.613810
64 54 0.469935
64 42 0.605983
64 43 0.609981
64 52 0.545788
64 48 0.598537
64 50 0.583649
64 49 0.597025
64 37 0.721326
64 46 0.664846
65 8 0.334944
65 13 0.348350
65 5 0.358131
65 3 0.360151
65 1 0.364335
65 12 0.356330
65 10 0.366091
65 7 0.427421
65 11 0.424497
65 4 0.444528
65 2 0.475041
65 0 0.510891
65 28 0.474918
65 14 0.499952
65 9 0.505840
65 38 0.462780
65 22 0.490542
65 31 0.476210
65 36 0.512906
65 16 0.549969
65 54 0.498985
65 18 0.600814
65 29 0.586598
65 46 0.560339
65 42 0.564973
65 32 0.597843
65 20 0.624174
65 30 0.612476
65 50 0.575612
65 24 0.630625
65 44 0.596032
65 33 0.637306
65 26 0.657559
65 17 0.677162
65 48 0.630677
65 52 0.627404
65 49 0.639365
65 43 0.665042
65 6 0.724929
65 45 0.675848
65 34 0.694802
65 41 0.710387
65 47 0.707702
65 39 0.726241
65 35 0.734604
65 25 0.756236
65 27 0.774107
65 23 0.790188
65 19 0.809261
65 53 0.758114
65 40 0.789601
65 51 0.784632
65 15 0.853540
65 37 0.860009
65 21 0.909235
66 9 0.183438
66 8 0.195822
66 1 0.290766
66 11 0.213924
66 0 0.302413
66 10 0.298782
66 4 0.373560
66 12 0.288130
66 14 0.286471
66 3 0.418482
66 13 0.327647
66 6 0.407872
66 2 0.465286
66 7 0.447524
66 16 0.398614
66 15 0.401319
66 20 0.413819
66 5 0.576431
66 19 0.482314
66 30 0.366357
66 18 0.487316
66 28 0.446866
66 21 0.509240
66 29 0.472588
66 17 0.552447
66 33 0.405959
66 31 0.446632
66 22 0.572177
66 44 0.320704
66 32 0.446268
66 25 0.613757
66 53 0.370041
66 27 0.648858
66 24 0.684219
66 23 0.690108
66 51 0.395792
66 41 0.478773
66 43 0.482579
66 35 0.577896
66 45 0.490412
66 36 0.532047
66 49 0.480470
66 39 0.548509
66 52 0.488934
66 40 0.564443
66 26 0.785113
66 48 0.538283
66 50 0.512863
66 47 0.563118
66 37 0.606564
66 38 0.607145
66 54 0.544417
66 42 0.610089
66 34 0.706136
66 46 0.601648
67 8 0.270085
67 10 0.280251
67 11 0.340756
67 3 0.393128
67 13 0.364629
67 14 0.369061
67 9 0.388927
67 12 0.411186
67 30 0.476597
67 31 0.524028
67 0 0.647052
67 28 0.592157
67 16 0.651839
67 54 0.608982
67 21 0.648204
67 5 0.708392
67 35 0.657504
67 32 0.664507
67 6 0.729663
67 4 0.734598
67 44 0.662162
67 2 0.773354
67 52 0.723591
67 18 0.779924
67 34 0.755452
67 7 0.811952
67 1 0.831735
67 25 0.773970
67 41 0.760321
67 27 0.780812
67 40 0.768206
67 29 0.796203
67 15 0.827431
67 53 0.774470
67 22 0.817047
67 20 0.825141
67 48 0.795874
67 33 0.831432
67 19 0.858268
67 36 0.835668
67 17 0.971133
67 24 0.955219
67 49 0.925209
67 46 0.928619
67 50 0.925397
67 38 0.938361
67 42 0.934739
67 45 0.932336
67 26 0.958156
67 51 0.940456
67 47 0.966116
67 39 0.982381
67 23 1.016575
67 43 1.017840
67 37 1.054902
68 8 0.296517
68 9 0.372235
68 10 0.367795
68 11 0.360486
68 12 0.383969
68 13 0.366854
68 2 0.452823
68 6 0.454908
68 4 0.466926
68 14 0.454026
68 0 0.509635
68 1 0.520009
68 3 0.552398
68 5 0.555813
68 7 0.558596
68 19 0.528273
68 28 0.595630
68 20 0.613252
68 30 0.595580
68 31 0.557218
68 29 0.603062
68 25 0.630963
68 15 0.659481
68 23 0.669125
68 27 0.679062
68 35 0.608145
68 24 0.694778
68 21 0.710115
68 22 0.720193
68 17 0.738939
68 26 0.730604
68 44 0.630694
68 16 0.788010
68 32 0.724257
68 34 0.716816
68 52 0.649020
68 45 0.720289
68 33 0.762768
68 51 0.676558
68 18 0.874891
68 39 0.770840
68 37 0.785314
68 50 0.726129
68 42 0.791019
68 46 0.766730
68 53 0.723727
68 38 0.814906
68 47 0.792689
68 41 0.837018
68 49 0.789053
68 43 0.848867
68 48 0.810264
68 54 0.788276
68 36 0.893022
68 40 0.886149
69 8 0.283641
69 4 0.358128
69 9 0.352387
69 11 0.415585
69 10 0.418538
69 13 0.415442
69 14 0.414915
69 12 0.417584
69 6 0.512551
69 5 0.533095
69 0 0.569224
69 30 0.509920
69 2 0.595597
69 32 0.536798
69 31 0.540994
69 33 0.546212
69 1 0.610153
69 7 0.604719
69 44 0.563738
69 40 0.656281
69 28 0.690899
69 24 0.707055
69 22 0.710775
69 15 0.729911
69 47 0.667448
69 3 0.760854
69 29 0.705262
69 49 0.678178
69 41 0.699495
69 16 0.772432
69 48 0.712213
69 17 0.780888
69 36 0.747376
69 54 0.729971
69 39 0.746958
69 21 0.814444
69 20 0.820363
69 45 0.777804
69 18 0.831409
69 23 0.822618
69 38 0.796745
69 53 0.783040
69 34 0.829925
69 26 0.862052
69 35 0.863738
69 37 0.862612
69 52 0.850273
69 50 0.854096
69 46 0.862807
69 42 0.880783
69 51 0.878070
69 25 0.927852
69 27 0.918359
69 19 0.967856
69 43 0.959579
70 8 0.265302
70 9 0.276763
70 11 0.259804
70 12 0.244559
70 3 0.423610
70 13 0.306856
70 10 0.387155
70 4 0.425936
70 0 0.489326
70 14 0.292156
70 5 0.438522
70 2 0.469132
70 7 0.474244
70 1 0.576689
70 6 0.535984
70 29 0.217177
70 28 0.267745
70 31 0.232275
70 21 0.455031
70 19 0.518571
70 15 0.582465
70 44 0.356302
70 33 0.378573
70 30 0.394601
70 17 0.654174
70 23 0.586671
70 26 0.611563
70 18 0.741237
70 32 0.541490
70 45 0.511523
70 27 0.613371
70 42 0.537399
70 25 0.649946
70 16 0.819621
70 50 0.543741
70 22 0.722661
70 40 0.577485
70 43 0.576487
70 54 0.563193
70 51 0.567805
70 37 0.610759
70 36 0.615135
70 47 0.602949
70 48 0.610928
70 34 0.636466
70 38 0.637716
70 53 0.631118
70 24 0.755262
70 46 0.646056
70 49 0.653873
70 52 0.659492
70 20 0.864020
70 41 0.701584
70 39 0.724333
70 35 0.750435
71 8 0.334713
71 10 0.389247
71 11 0.389381
71 13 0.412513
71 12 0.428056
71 3 0.519505
71 2 0.520604
71 1 0.521999
71 14 0.522213
71 5 0.589891
71 9 0.621744
71 4 0.646556
71 32 0.531677
71 7 0.654521
71 6 0.677442
71 28 0.616910
71 15 0.702193
71 16 0.702464
71 30 0.648526
71 19 0.721977
71 33 0.642758
71 18 0.740329
71 17 0.742487
71 0 0.798155
71 20 0.751764
71 21 0.778729
71 29 0.723866
71 31 0.726114
71 26 0.817741
71 44 0.572035
71 25 0.836263
71 22 0.852954
71 23 0.851996
71 27 0.888514
71 47 0.546919
71 38 0.820622
71 24 0.916629
71 42 0.782506
71 36 0.914115
71 51 0.585268
71 40 0.873690
71 35 0.942343
71 37 0.940623
71 50 0.601594
71 39 0.945301
71 48 0.690077
71 34 0.987863
71 52 0.630142
71 45 0.790878
71 46 0.729254
71 54 0.633698
71 49 0.716035
71 43 0.868345
71 53 0.664748
71 41 0.944166
72 3 0.366039
72 2 0.377561
72 0 0.379374
72 5 0.375337
72 9 0.372448
72 20 0.358915
72 1 0.381772
72 30 0.356308
72 11 0.382439
72 13 0.417535
72 31 0.412860
72 28 0.432973
72 54 0.423633
72 33 0.486242
72 15 0.535435
72 22 0.528099
72 44 0.503249
72 25 0.526397
72 6 0.550461
72 12 0.552520
72 8 0.557968
72 27 0.536718
72 29 0.538813
72 17 0.561995
72 14 0.566065
72 10 0.590673
72 7 0.608154
72 51 0.555851
72 39 0.577568
72 32 0.616053
72 26 0.624534
72 24 0.628925
72 52 0.611665
72 40 0.628059
72 4 0.682094
72 45 0.639964
72 23 0.670635
72 36 0.656250
72 50 0.645561
72 46 0.651389
72 35 0.664991
72 18 0.691856
72 53 0.654655
72 48 0.668778
72 19 0.711459
72 41 0.688213
72 38 0.695016
72 16 0.756110
72 47 0.727826
72 42 0.745431
72 37 0.754502
72 34 0.764375
72 43 0.786186
72 21 0.823720
72 49 0.832347
73 8 0.245159
73 9 0.264960
73 11 0.276179
73 10 0.283108
73 13 0.298494
73 14 0.317356
73 2 0.487455
73 12 0.373551
73 0 0.554363
73 3 0.602140
73 1 0.622830
73 5 0.609115
73 6 0.621393
73 7 0.623923
73 31 0.249644
73 28 0.305905
73 4 0.734231
73 16 0.602600
73 30 0.352948
73 29 0.360869
73 32 0.347620
73 18 0.603457
73 33 0.418277
73 42 0.327851
73 44 0.311900
73 26 0.535205
73 17 0.777007
73 21 0.635377
73 25 0.614691
73 27 0.629342
73 20 0.745540
73 23 0.676477
73 15 0.924012
73 35 0.585392
73 36 0.597843
73 22 0.740571
73 50 0.389287
73 19 0.882235
73 34 0.683412
73 43 0.526781
73 39 0.584387
73 37 0.680683
73 45 0.501596
73 48 0.513996
73 51 0.496697
73 24 0.839786
73 52 0.503550
73 40 0.662030
73 54 0.524172
73 41 0.648328
73 46 0.577012
73 49 0.609063
73 38 0.759596
73 47 0.687440
73 53 0.675364
74 10 0.400447
74 11 0.446887
74 13 0.445627
74 31 0.455702
74 29 0.460746
74 2 0.490793
74 9 0.511351
74 16 0.516895
74 3 0.531514
74 1 0.553840
74 5 0.563459
74 33 0.564956
74 8 0.624602
74 7 0.635132
74 18 0.629806
74 12 0.637061
74 27 0.621520
74 43 0.591169
74 50 0.610806
74 32 0.645335
74 21 0.719717
74 6 0.741964
74 37 0.724006
74 19 0.755579
74 17 0.766666
74 0 0.784767
74 51 0.718799
74 25 0.775848
74 14 0.803953
74 34 0.781270
74 30 0.795511
74 44 0.767631
74 47 0.769042
74 15 0.823337
74 4 0.840346
74 28 0.853103
74 39 0.856467
74 42 0.854776
74 53 0.846135
74 46 0.862688
74 24 0.906313
74 20 0.917096
74 52 0.869334
74 40 0.924628
74 48 0.913044
74 45 0.922944
74 23 0.961656
74 26 0.959684
74 54 0.913901
74 49 0.922883
74 22 0.968930
74 38 0.951197
74 41 0.944500
74 35 0.986259
74 36 1.083930
75 12 0.303613
75 9 0.404980
75 10 0.424555
75 11 0.512641
75 8 0.520555
75 44 0.469080
75 1 0.556753
75 30 0.540062
75 3 0.631909
75 0 0.642470
75 2 0.679721
75 14 0.689867
75 29 0.719246
75 6 0.783564
75 32 0.749031
75 33 0.748359
75 13 0.824466
75 4 0.853893
75 5 0.860686
75 7 0.859193
75 18 0.851458
75 20 0.858472
75 28 0.854897
75 23 0.894844
75 41 0.858679
75 31 0.919683
75 42 0.908208
75 46 0.930634
75 54 0.931966
75 43 0.973166
75 35 0.992673
75 36 1.005881
75 48 0.991844
75 19 1.061516
75 16 1.077003
75 34 1.043205
75 52 1.020148
75 17 1.095346
75 40 1.037673
75 15 1.120249
75 49 1.049987
75 37 1.070667
75 47 1.106050
75 22 1.164377
75 24 1.176597
75 51 1.129881
75 26 1.192980
75 38 1.161051
75 50 1.167809
75 53 1.171807
75 21 1.239079
75 39 1.213003
75 25 1.253090
75 45 1.217531
75 27 1.294534
76 11 0.357318
76 9 0.384778
76 31 0.395972
76 44 0.492576
76 3 0.568860
76 1 0.595956
76 30 0.561305
76 33 0.612884
76 13 0.668128
76 0 0.725671
76 54 0.742966
76 15 0.848784
76 5 0.863135
76 51 0.826573
76 49 0.842431
76 10 0.888381
76 19 0.893548
76 28 0.895744
76 8 0.921003
76 45 0.901462
76 21 0.938261
76 7 0.955341
76 52 0.931527
76 17 0.973007
76 25 0.967641
76 32 0.975699
76 22 0.994792
76 37 1.009727
76 48 1.022447
76 47 1.031009
76 14 1.076685
76 12 1.078704
76 35 1.055405
76 23 1.070018
76 41 1.067941
76 29 1.089728
76 42 1.085477
76 4 1.138524
76 40 1.109016
76 27 1.130938
76 36 1.142548
76 39 1.160945
76 43 1.164224
76 6 1.231953
76 2 1.248770
76 26 1.272078
76 18 1.295786
76 34 1.292091
76 53 1.295900
76 46 1.316453
76 38 1.330032
76 24 1.378725
76 16 1.403438
76 50 1.385154
76 20 1.483141
77 14 0.385520
77 10 0.395525
77 12 0.459868
77 29 0.513309
77 30 0.522758
77 8 0.646291
77 1 0.686640
77 11 0.680257
77 35 0.647092
77 9 0.697353
77 28 0.679655
77 42 0.664538
77 2 0.882174
77 32 0.838108
77 7 0.879707
77 31 0.842234
77 44 0.824841
77 19 0.872263
77 4 0.891485
77 5 0.891486
77 49 0.849685
77 13 0.924234
77 41 0.879483
77 6 0.940942
77 33 0.902021
77 18 0.931944
77 0 0.968006
77 46 0.924772
77 38 0.938393
77 39 0.948500
77 25 0.976682
77 17 1.024298
77 50 0.983359
77 36 1.008958
77 24 1.036251
77 45 1.016824
77 23 1.074862
77 37 1.078747
77 40 1.079301
77 3 1.144140
77 20 1.132429
77 54 1.070676
77 47 1.099604
77 26 1.189165
77 43 1.169809
77 16 1.217056
77 53 1.172887
77 34 1.211428
77 15 1.243838
77 27 1.230675
77 52 1.186017
77 22 1.248095
77 48 1.203164
77 21 1.270908
77 51 1.250698
78 9 0.333421
78 3 0.522218
78 12 0.533052
78 1 0.545929
78 29 0.564905
78 44 0.548044
78 6 0.617902
78 14 0.613354
78 2 0.651488
78 13 0.675845
78 8 0.688108
78 48 0.679049
78 5 0.731658
78 31 0.717948
78 4 0.743900
78 32 0.735176
78 18 0.751371
78 20 0.781117
78 33 0.766723
78 10 0.791225
78 11 0.799369
78 27 0.802031
78 28 0.802260
78 7 0.827664
78 46 0.787967
78 0 0.855249
78 25 0.842438
78 45 0.865033
78 40 0.890854
78 30 0.911985
78 24 0.925228
78 22 0.947143
78 26 0.950529
78 54 0.918121
78 15 0.967939
78 51 0.944420
78 52 0.952617
78 34 0.981269
78 19 1.004729
78 39 0.989154
78 36 0.993401
78 41 0.987352
78 21 1.029471
78 23 1.044877
78 43 1.026669
78 35 1.042685
78 47 1.063250
78 37 1.076187
78 17 1.104314
78 49 1.096285
78 16 1.159550
78 42 1.166737
78 53 1.161810
78 38 1.236753
78 50 1.235702
79 8 0.345603
79 11 0.306954
79 12 0.328257
79 10 0.413173
79 14 0.430493
79 9 0.503719
79 3 0.629509
79 7 0.699073
79 13 0.647594
79 2 0.737923
79 5 0.717373
79 1 0.752065
79 0 0.763956
79 4 0.747559
79 24 0.418583
79 6 0.781784
79 28 0.410487
79 32 0.358354
79 30 0.438430
79 27 0.533381
79 21 0.622162
79 16 0.866194
79 17 0.861108
79 29 0.593675
79 44 0.425997
79 22 0.678104
79 20 0.769301
79 23 0.671410
79 15 0.938623
79 18 0.878516
79 36 0.554991
79 31 0.614235
79 26 0.717952
79 33 0.602070
79 34 0.606267
79 19 0.930009
79 40 0.606476
79 38 0.678848
79 25 0.884967
79 45 0.690080
79 42 0.722515
79 46 0.693010
79 35 0.821059
79 54 0.609849
79 52 0.627323
79 43 0.788868
79 48 0.731410
79 47 0.735096
79 41 0.813072
79 49 0.744239
79 39 0.859111
79 50 0.767143
79 37 0.919351
79 53 0.775306
79 51 0.827871
80 12 0.458037
80 14 0.468826
80 9 0.669114
80 4 0.704129
80 1 0.733788
80 10 0.727828
80 0 0.758729
80 8 0.811243
80 3 0.815280
80 5 0.815514
80 13 0.850457
80 7 0.864432
80 33 0.842123
80 53 0.854847
80 29 0.935737
80 2 0.991160
80 44 0.983329
80 16 1.018048
80 31 1.002175
80 11 1.041016
80 21 1.032329
80 32 1.038237
80 28 1.082607
80 30 1.081664
80 19 1.094737
80 24 1.139828
80 18 1.181371
80 6 1.202997
80 54 1.160409
80 22 1.215570
80 35 1.235058
80 26 1.245641
80 47 1.228331
80 43 1.233687
80 38 1.251987
80 15 1.311714
80 20 1.345403
80 50 1.317908
80 17 1.365499
80 25 1.371808
80 48 1.356867
80 39 1.401256
80 51 1.397354
80 45 1.412003
80 42 1.417544
80 52 1.439049
80 37 1.466504
80 36 1.475338
80 41 1.483075
80 40 1.492974
80 27 1.524177
80 34 1.516542
80 23 1.543533
80 46 1.526390
80 49 1.627638
81 8 0.369011
81 10 0.371411
81 9 0.490557
81 13 0.514240
81 11 0.543184
81 5 0.554892
81 1 0.565613
81 0 0.587220
81 32 0.598301
81 14 0.702498
81 29 0.686242
81 4 0.728134
81 3 0.755937
81 44 0.695329
81 33 0.804749
81 30 0.819834
81 28 0.822406
81 2 0.866038
81 12 0.856634
81 54 0.787110
81 7 0.882008
81 6 0.906261
81 42 0.854887
81 31 0.875259
81 16 0.943959
81 43 0.915756
81 27 1.048757
81 19 1.065934
81 41 1.031277
81 38 1.037322
81 23 1.067042
81 51 1.025558
81 52 1.060242
81 37 1.105762
81 47 1.095792
81 20 1.155559
81 15 1.183660
81 17 1.179448
81 35 1.156058
81 53 1.125196
81 50 1.146120
81 45 1.158006
81 40 1.172407
81 36 1.189441
81 46 1.194019
81 21 1.245730
81 25 1.241352
81 18 1.267598
81 24 1.276305
81 26 1.271944
81 22 1.297449
81 49 1.251140
81 34 1.292118
81 48 1.303878
81 39 1.348658
82 12 0.394607
82 10 0.413255
82 28 0.501683
82 14 0.537199
82 0 0.553560
82 3 0.559738
82 8 0.606038
82 1 0.616683
82 6 0.630591
82 13 0.656699
82 11 0.678983
82 5 0.744820
82 32 0.750134
82 4 0.811437
82 44 0.756962
82 33 0.770303
82 9 0.809377
82 36 0.768553
82 2 0.824740
82 30 0.791723
82 25 0.937135
82 40 0.916047
82 22 0.969804
82 29 0.966478
82 19 0.999927
82 31 0.977290
82 51 0.977311
82 24 1.013940
82 34 1.006281
82 48 1.019592
82 20 1.066620
82 18 1.081003
82 21 1.082059
82 39 1.066963
82 16 1.135645
82 17 1.147902
82 38 1.119014
82 26 1.151145
82 42 1.131916
82 53 1.121465
82 46 1.157866
82 7 1.234657
82 49 1.182378
82 27 1.223294
82 45 1.201880
82 35 1.219419
82 54 1.201732
82 37 1.221507
82 23 1.249958
82 47 1.224262
82 15 1.277434
82 50 1.238645
82 52 1.248293
82 41 1.280927
82 43 1.321643
83 9 0.318968
83 11 0.461106
83 12 0.473885
83 5 0.521757
83 7 0.552926
83 33 0.584597
83 1 0.640467
83 32 0.595750
83 4 0.648819
83 16 0.682615
83 13 0.685903
83 15 0.765533
83 14 0.766726
83 8 0.812146
83 2 0.820488
83 41 0.807554
83 29 0.827635
83 31 0.840787
83 3 0.894515
83 49 0.821859
83 44 0.835408
83 42 0.841393
83 30 0.890358
83 54 0.861216
83 40 0.876566
83 21 0.956214
83 10 0.984983
83 28 0.964486
83 22 1.008955
83 34 0.999590
83 0 1.074503
83 53 0.996992
83 6 1.076388
83 43 1.017203
83 45 1.020958
83 18 1.070769
83 24 1.061191
83 38 1.030501
83 19 1.086603
83 35 1.062399
83 27 1.082120
83 52 1.049905
83 17 1.109912
83 26 1.096732
83 51 1.065895
83 23 1.117849
83 25 1.113393
83 47 1.083209
83 37 1.133883
83 20 1.177602
83 39 1.148419
83 36 1.164819
83 48 1.200500
83 50 1.214742
83 46 1.293462
84 8 0.419132
84 10 0.438061
84 33 0.533585
84 29 0.638273
84 13 0.666841
84 11 0.677606
84 12 0.677646
84 5 0.711171
84 0 0.715314
84 6 0.774343
84 9 0.777833
84 30 0.781247
84 20 0.794502
84 32 0.784226
84 38 0.803100
84 14 0.840385
84 23 0.842815
84 28 0.850656
84 48 0.835268
84 36 0.863949
84 31 0.899874
84 46 0.887070
84 25 0.912945
84 2 0.946903
84 44 0.904858
84 1 0.951198
84 27 0.953595
84 47 0.934024
84 43 0.939989
84 18 0.988014
84 51 0.954319
84 21 0.989778
84 40 0.986237
84 54 0.996615
84 41 1.018005
84 22 1.105000
84 39 1.085398
84 15 1.129591
84 34 1.111082
84 24 1.125854
84 19 1.133809
84 37 1.117910
84 50 1.110075
84 42 1.122725
84 53 1.113051
84 4 1.165181
84 16 1.168201
84 3 1.201031
84 26 1.182206
84 45 1.165417
84 7 1.212556
84 35 1.186570
84 17 1.227616
84 49 1.194781
84 52 1.194022
85 9 0.439671
85 12 0.456746
85 3 0.495994
85 14 0.632168
85 33 0.614426
85 5 0.639780
85 11 0.664225
85 1 0.714887
85 31 0.728700
85 8 0.759505
85 28 0.783864
85 24 0.805755
85 40 0.791471
85 38 0.817880
85 0 0.852677
85 32 0.874953
85 17 0.891083
85 29 0.935172
85 13 0.953456
85 54 0.922229
85 35 0.979988
85 43 0.971840
85 44 0.990431
85 37 1.023656
85 45 1.031856
85 7 1.092240
85 47 1.059410
85 10 1.097694
85 30 1.089418
85 27 1.093246
85 34 1.086861
85 19 1.118040
85 15 1.135697
85 42 1.125962
85 22 1.164818
85 26 1.166628
85 49 1.144924
85 4 1.188175
85 25 1.171213
85 6 1.194688
85 51 1.166487
85 53 1.164368
85 23 1.221339
85 20 1.254373
85 46 1.239291
85 16 1.292351
85 41 1.276120
85 36 1.307534
85 21 1.335695
85 18 1.364420
85 2 1.404845
85 50 1.384691
85 48 1.415904
85 39 1.432277
85 52 1.427108
86 10 0.346003
86 8 0.358927
86 13 0.394298
86 14 0.501875
86 12 0.507172
86 9 0.535098
86 29 0.467516
86 28 0.514613
86 0 0.727659
86 11 0.724971
86 5 0.780366
86 32 0.602545
86 20 0.756669
86 2 0.833876
86 7 0.832257
86 3 0.839432
86 6 0.841425
86 30 0.687276
86 31 0.690267
86 4 0.892433
86 33 0.683743
86 18 0.927228
86 22 0.969718
86 17 0.981936
86 25 0.994085
86 44 0.525364
86 16 1.026217
86 19 1.024894
86 15 1.059905
86 26 1.011455
86 1 1.141317
86 21 1.083553
86 36 0.798907
86 27 1.123494
86 24 1.171371
86 38 0.829214
86 45 0.702673
86 23 1.201281
86 46 0.714555
86 37 0.874825
86 34 1.035373
86 47 0.781328
86 35 1.052076
86 41 0.950935
86 40 0.996122
86 42 0.897058
86 39 1.049074
86 48 0.850343
86 52 0.749945
86 49 0.880539
86 43 0.973468
86 54 0.744081
86 51 0.802453
86 53 0.788143
86 50 0.835469
87 8 0.299690
87 9 0.341797
87 11 0.400759
87 14 0.297079
87 12 0.353270
87 10 0.454397
87 13 0.403657
87 1 0.712150
87 3 0.713859
87 6 0.680020
87 2 0.767884
87 0 0.797554
87 4 0.769586
87 5 0.790185
87 29 0.363122
87 28 0.409464
87 7 0.892243
87 15 0.682527
87 30 0.445872
87 33 0.415987
87 32 0.446194
87 19 0.619461
87 22 0.651064
87 27 0.568186
87 21 0.667905
87 25 0.623706
87 24 0.647017
87 31 0.595360
87 16 0.845058
87 17 0.796895
87 44 0.490602
87 23 0.811320
87 26 0.777220
87 34 0.657519
87 36 0.637737
87 37 0.654782
87 18 0.916843
87 20 0.967349
87 40 0.712056
87 35 0.740512
87 38 0.748787
87 46 0.692159
87 45 0.708336
87 47 0.740521
87 51 0.753597
87 48 0.781852
87 42 0.822114
87 53 0.770949
87 39 0.869123
87 49 0.809590
87 52 0.806346
87 50 0.823355
87 43 0.869674
87 41 0.892237
87 54 0.865343
88 8 0.423231
88 9 0.426241
88 11 0.443557
88 30 0.429604
88 44 0.476708
88 33 0.516687
88 28 0.587409
88 29 0.618582
88 31 0.617113
88 2 0.682858
88 32 0.681731
88 10 0.751861
88 12 0.793548
88 14 0.839180
88 54 0.800678
88 13 0.875329
88 5 0.934693
88 4 0.940129
88 3 0.947888
88 0 0.988184
88 18 1.016041
88 52 0.979694
88 51 0.994365
88 6 1.061551
88 47 1.055364
88 21 1.092909
88 24 1.114488
88 16 1.146052
88 53 1.137334
88 40 1.156330
88 1 1.202834
88 45 1.198611
88 7 1.259939
88 41 1.227208
88 26 1.249415
88 19 1.262128
88 48 1.230445
88 20 1.262763
88 49 1.239189
88 27 1.265814
88 23 1.311062
88 17 1.324473
88 37 1.302501
88 15 1.337758
88 36 1.316436
88 43 1.310565
88 35 1.333075
88 34 1.337867
88 50 1.322119
88 42 1.331337
88 38 1.359603
88 25 1.380440
88 22 1.421034
88 39 1.445412
88 46 1.449840
89 8 0.388182
89 11 0.392070
89 9 0.431054
89 14 0.459876
89 13 0.501213
89 1 0.657003
89 3 0.666249
89 10 0.696312
89 5 0.768976
89 12 0.758342
89 0 0.799958
89 32 0.771605
89 28 0.801807
89 4 0.891965
89 33 0.851336
89 31 0.860848
89 7 0.922177
89 6 0.989273
89 44 0.983737
89 2 1.094548
89 30 1.119071
89 16 1.147573
89 29 1.140023
89 15 1.216142
89 27 1.332899
89 22 1.351419
89 17 1.364362
89 35 1.348509
89 54 1.297487
89 34 1.362983
89 26 1.375024
89 21 1.388660
89 48 1.333468
89 53 1.344926
89 51 1.354237
89 52 1.358957
89 19 1.434325
89 40 1.415980
89 20 1.448919
89 43 1.427473
89 49 1.433394
89 47 1.446142
89 38 1.482941
89 41 1.493550
89 36 1.506598
89 50 1.470823
89 39 1.524833
89 25 1.554348
89 45 1.537726
89 18 1.597047
89 24 1.595899
89 46 1.565105
89 23 1.607679
89 42 1.610859
89 37 1.672961
90 12 0.398377
90 10 0.510705
90 18 0.641263
90 13 0.675687
90 11 0.690709
90 43 0.666777
90 33 0.688732
90 31 0.703897
90 14 0.770452
90 28 0.780442
90 36 0.767297
90 8 0.815493
90 6 0.821603
90 16 0.811019
90 44 0.801047
90 2 0.855044
90 30 0.828908
90 32 0.853620
90 5 0.918315
90 34 0.911166
90 20 0.932666
90 1 0.985460
90 4 1.002120
90 9 1.019198
90 54 0.962424
90 3 1.035052
90 24 1.017562
90 0 1.048732
90 27 1.060146
90 46 1.082001
90 26 1.115953
90 29 1.113298
90 37 1.130518
90 47 1.133057
90 22 1.169518
90 40 1.154203
90 41 1.153691
90 48 1.158791
90 19 1.196499
90 45 1.170065
90 25 1.204008
90 53 1.174753
90 51 1.178449
90 38 1.193490
90 42 1.204368
90 21 1.231311
90 52 1.201839
90 17 1.278506
90 7 1.308151
90 49 1.334449
90 50 1.350934
90 35 1.372508
90 39 1.368714
90 15 1.443981
90 23 1.459921
91 13 0.410204
91 31 0.500652
91 1 0.637504
91 5 0.638864
91 12 0.643644
91 8 0.662043
91 7 0.693992
91 2 0.750714
91 30 0.777965
91 10 0.797754
91 0 0.839796
91 43 0.816781
91 29 0.857020
91 11 0.876796
91 19 0.871723
91 14 0.883582
91 28 0.917768
91 15 0.930761
91 32 0.924703
91 44 0.912108
91 9 0.948168
91 3 0.988339
91 49 0.940599
91 33 0.996507
91 24 1.016693
91 53 1.016868
91 35 1.162986
91 47 1.201931
91 6 1.261052
91 37 1.229044
91 17 1.261983
91 20 1.282225
91 38 1.267741
91 21 1.287429
91 54 1.264520
91 23 1.313352
91 46 1.293361
91 4 1.345008
91 22 1.335918
91 41 1.321610
91 27 1.347567
91 51 1.323577
91 18 1.358260
91 40 1.335025
91 45 1.330494
91 36 1.345834
91 42 1.340100
91 16 1.400614
91 34 1.388867
91 52 1.391348
91 50 1.400138
91 39 1.434426
91 48 1.473045
91 25 1.521475
91 26 1.549219
92 8 0.434688
92 10 0.530517
92 14 0.661587
92 12 0.687711
92 2 0.699191
92 31 0.757282
92 3 0.818630
92 9 0.815877
92 19 0.908738
92 0 0.923631
92 4 0.921544
92 33 0.895944
92 28 0.958471
92 30 0.957725
92 40 1.006185
92 32 1.036719
92 11 1.101018
92 46 1.095556
92 42 1.150360
92 21 1.185287
92 39 1.163373
92 41 1.250082
92 34 1.268752
92 29 1.296224
92 5 1.327745
92 49 1.301974
92 44 1.308877
92 35 1.342238
92 50 1.325994
92 7 1.411886
92 13 1.415871
92 20 1.417832
92 6 1.437866
92 17 1.450487
92 24 1.451479
92 16 1.474139
92 22 1.493944
92 43 1.481049
92 25 1.528529
92 36 1.528806
92 51 1.519711
92 38 1.543231
92 18 1.580842
92 26 1.610908
92 52 1.598389
92 45 1.612995
92 15 1.648842
92 54 1.611942
92 1 1.673788
92 47 1.634996
92 37 1.666527
92 53 1.664838
92 48 1.703764
92 27 1.772776
92 23 1.990142
93 8 0.517205
93 11 0.560377
93 21 0.573994
93 19 0.701152
93 31 0.793635
93 20 0.848228
93 1 1.050333
93 9 1.044908
93 14 1.065492
93 30 1.048769
93 12 1.068305
93 44 1.035129
93 5 1.104495
93 10 1.114175
93 32 1.124257
93 13 1.175898
93 54 1.134953
93 45 1.154859
93 29 1.209257
93 36 1.201438
93 33 1.211948
93 0 1.270492
93 3 1.284440
93 42 1.263328
93 48 1.278177
93 28 1.314028
93 2 1.356322
93 37 1.464357
93 7 1.503840
93 43 1.481166
93 41 1.516760
93 24 1.587360
93 16 1.604236
93 6 1.638101
93 47 1.604434
93 26 1.636299
93 4 1.665373
93 53 1.650538
93 39 1.675486
93 18 1.785213
93 15 1.787750
93 40 1.761785
93 25 1.778238
93 52 1.748715
93 51 1.750800
93 35 1.777763
93 22 1.824008
93 50 1.801346
93 46 1.806972
93 17 1.848319
93 34 1.837857
93 49 1.823142
93 23 1.876335
93 27 1.887486
93 38 1.897952
94 9 0.463064
94 10 0.476014
94 31 0.508009
94 11 0.815112
94 8 0.865879
94 3 0.905595
94 2 0.922361
94 13 0.915290
94 1 0.925472
94 0 0.953713
94 6 0.950009
94 28 0.933473
94 45 0.943840
94 33 0.960160
94 40 1.012424
94 30 1.027257
94 14 1.079860
94 44 1.069336
94 20 1.097884
94 36 1.125207
94 29 1.152704
94 16 1.204314
94 32 1.206136
94 12 1.235889
94 7 1.240781
94 47 1.213853
94 5 1.267785
94 35 1.267643
94 34 1.292824
94 38 1.357503
94 21 1.404448
94 15 1.420268
94 51 1.390032
94 50 1.401359
94 4 1.455621
94 24 1.451125
94 23 1.470549
94 17 1.483449
94 43 1.463482
94 22 1.519739
94 54 1.484077
94 37 1.511794
94 52 1.496642
94 27 1.533384
94 25 1.555021
94 26 1.563229
94 53 1.533442
94 46 1.541417
94 48 1.549869
94 19 1.583555
94 49 1.648269
94 41 1.656693
94 18 1.684817
94 42 1.674995
94 39 1.703357
95 9 0.540873
95 0 0.763820
95 8 0.758739
95 32 0.771156
95 28 0.775956
95 10 0.831838
95 33 0.839754
95 14 0.879195
95 5 0.892573
95 2 0.899244
95 44 0.895912
95 3 0.936087
95 29 0.950549
95 12 1.007182
95 20 1.058828
95 6 1.084851
95 31 1.083714
95 23 1.114451
95 30 1.141929
95 35 1.173042
95 11 1.199202
95 37 1.172412
95 7 1.204890
95 25 1.199617
95 13 1.212068
95 51 1.207900
95 41 1.227851
95 16 1.261762
95 45 1.231465
95 1 1.296111
95 21 1.312660
95 15 1.337213
95 17 1.342202
95 54 1.303003
95 4 1.381044
95 38 1.353686
95 53 1.339779
95 43 1.383886
95 40 1.402316
95 36 1.412202
95 24 1.434937
95 27 1.440805
95 39 1.427219
95 18 1.465620
95 26 1.462780
95 52 1.446769
95 47 1.457688
95 34 1.489856
95 22 1.520276
95 19 1.529966
95 42 1.505148
95 46 1.509778
95 48 1.520705
95 50 1.520813
95 49 1.559115
96 9 0.472818
96 8 0.554802
96 14 0.548797
96 11 0.562262
96 10 0.650904
96 13 0.660379
96 3 0.713088
96 12 0.719577
96 6 0.729030
96 0 0.762052
96 32 0.735966
96 5 0.846284
96 4 0.858376
96 30 0.821689
96 28 0.880749
96 1 0.944654
96 44 0.887831
96 33 0.909028
96 15 0.956695
96 2 1.010553
96 42 0.952771
96 31 0.985075
96 50 0.980616
96 38 1.009368
96 29 1.039912
96 52 1.017891
96 51 1.052205
96 7 1.164727
96 54 1.080771
96 18 1.156414
96 36 1.113727
96 20 1.172248
96 45 1.141484
96 47 1.149386
96 16 1.242751
96 24 1.241057
96 48 1.196259
96 17 1.269541
96 26 1.272527
96 46 1.249411
96 43 1.260773
96 40 1.266780
96 34 1.283950
96 25 1.330919
96 23 1.337199
96 21 1.353694
96 53 1.301680
96 19 1.415285
96 22 1.405402
96 27 1.403759
96 35 1.386542
96 49 1.369077
96 39 1.399819
96 37 1.410152
96 41 1.492258
97 9 0.384037
97 10 0.519181
97 21 0.568131
97 5 0.689243
97 14 0.690537
97 1 0.706684
97 19 0.709035
97 29 0.731637
97 12 0.788606
97 39 0.760349
97 3 0.817374
97 8 0.884836
97 32 0.875521
97 7 0.924457
97 13 0.932142
97 30 0.948304
97 11 1.015480
97 44 0.988552
97 0 1.034786
97 40 1.011318
97 37 1.065731
97 41 1.078919
97 28 1.118403
97 33 1.131282
97 31 1.137605
97 2 1.163697
97 49 1.146691
97 16 1.184319
97 42 1.176200
97 18 1.206391
97 26 1.199204
97 48 1.197277
97 6 1.289398
97 34 1.272739
97 20 1.288803
97 23 1.285973
97 53 1.264358
97 24 1.311087
97 4 1.341760
97 51 1.297327
97 46 1.321277
97 54 1.322976
97 47 1.335302
97 17 1.384607
97 27 1.387300
97 35 1.389259
97 15 1.424999
97 45 1.406356
97 36 1.451650
97 25 1.492071
97 22 1.510321
97 43 1.526425
97 52 1.539139
97 38 1.566828
97 50 1.605485
98 11 0.582676
98 12 0.915413
98 8 0.919143
98 3 0.924163
98 1 0.925933
98 30 0.898212
98 0 0.927711
98 29 0.942733
98 31 0.940697
98 13 1.067551
98 10 1.163415
98 2 1.205601
98 27 1.182513
98 51 1.151170
98 50 1.193538
98 6 1.291706
98 7 1.291453
98 32 1.335608
98 44 1.319799
98 21 1.417175
98 38 1.395225
98 48 1.384044
98 14 1.425472
98 9 1.475662
98 28 1.456562
98 40 1.455644
98 4 1.509708
98 20 1.499074
98 35 1.490583
98 34 1.613177
98 23 1.644516
98 17 1.665555
98 52 1.630508
98 33 1.671554
98 43 1.687314
98 5 1.740836
98 39 1.723361
98 42 1.731221
98 45 1.738843
98 47 1.748465
98 53 1.738514
98 54 1.757908
98 18 1.807092
98 24 1.836261
98 22 1.850620
98 16 1.894480
98 26 1.894267
98 25 1.907022
98 19 1.935260
98 36 2.032097
98 15 2.079976
98 49 2.056342
98 46 2.091832
98 41 2.108996
98 37 2.114549
99 11 0.502777
99 10 0.590303
99 9 0.592237
99 44 0.724170
99 29 0.818130
99 32 0.866141
99 8 1.003494
99 3 1.058292
99 1 1.078289
99 0 1.081591
99 47 1.054732
99 5 1.149904
99 4 1.151005
99 38 1.117457
99 15 1.196562
99 30 1.247320
99 31 1.246388
99 7 1.271857
99 28 1.376143
99 40 1.358019
99 6 1.398843
99 12 1.395136
99 2 1.403524
99 14 1.404448
99 13 1.421734
99 33 1.397804
99 19 1.418642
99 48 1.392866
99 45 1.415618
99 16 1.472230
99 35 1.481527
99 25 1.642928
99 20 1.673307
99 36 1.665027
99 24 1.707084
99 21 1.723851
99 17 1.731335
99 49 1.701165
99 37 1.745960
99 26 1.764211
99 54 1.721226
99 41 1.740194
99 34 1.789542
99 50 1.779502
99 27 1.816522
99 42 1.805526
99 52 1.790977
99 43 1.804808
99 23 1.861569
99 18 1.891939
99 53 1.853985
99 22 1.901553
99 46 1.903842
99 51 1.914975
99 39 1.953096
100 32 0.366145
100 8 0.419245
100 29 0.538618
100 10 0.605609
100 14 0.616179
100 0 0.639382
100 28 0.618772
100 2 0.690305
100 30 0.658139
100 44 0.651380
100 3 0.778292
100 9 0.803466
100 12 0.930984
100 1 0.967541
100 25 0.950567
100 52 0.951690
100 54 0.960226
100 31 1.026058
100 13 1.071025
100 5 1.080244
100 11 1.075531
100 27 1.058106
100 42 1.054103
100 16 1.087778
100 33 1.075653
100 49 1.071527
100 24 1.098572
100 38 1.118780
100 4 1.164809
100 6 1.194213
100 40 1.172172
100 51 1.200779
100 21 1.262543
100 39 1.266514
100 17 1.313437
100 18 1.325681
100 50 1.301379
100 36 1.329731
100 26 1.365605
100 34 1.365473
100 7 1.413524
100 45 1.387452
100 35 1.401135
100 48 1.392179
100 47 1.414226
100 20 1.448380
100 22 1.448277
100 19 1.456690
100 15 1.496634
100 23 1.485495
100 37 1.475742
100 46 1.472328
100 43 1.492625
100 53 1.500725
100 41 1.517521
101 9 0.429599
101 8 0.495641
101 11 0.497354
101 5 0.599764
101 30 0.827948
101 2 0.886528
101 13 0.879532
101 3 0.886810
101 29 0.863749
101 0 0.890776
101 10 0.884179
101 20 0.877067
101 12 0.887438
101 1 0.895870
101 4 0.894151
101 14 0.887879
101 7 0.893207
101 28 0.874051
101 48 0.887044
101 6 0.963536
101 45 0.922716
101 54 0.937021
101 31 0.984232
101 16 1.020694
101 44 0.989640
101 19 1.046919
101 50 1.044355
101 49 1.064734
101 33 1.084617
101 39 1.077889
101 32 1.115017
101 40 1.232371
101 36 1.237025
101 21 1.256916
101 51 1.220448
101 53 1.230751
101 47 1.249291
101 35 1.274597
101 15 1.299762
101 42 1.299567
101 17 1.330544
101 43 1.300138
101 27 1.330512
101 38 1.328202
101 25 1.366019
101 23 1.370549
101 52 1.337011
101 41 1.359863
101 37 1.376061
101 46 1.386695
101 34 1.442089
101 18 1.548933
101 24 1.552178
101 22 1.567135
101 26 1.605080
102 3 0.661726
102 0 0.674521
102 31 0.629671
102 11 0.677544
102 4 0.715292
102 8 0.712797
102 2 0.744403
102 28 0.733215
102 13 0.754906
102 10 0.775520
102 14 0.766760
102 6 0.845939
102 12 0.836754
102 40 0.860997
102 52 0.850046
102 33 0.872291
102 45 0.888175
102 9 0.991747
102 51 0.932757
102 44 0.953187
102 32 0.977750
102 16 1.004260
102 30 0.988319
102 5 1.028820
102 24 0.995974
102 29 0.991357
102 49 0.994445
102 26 1.035678
102 36 1.024974
102 46 1.038995
102 37 1.049638
102 34 1.100261
102 35 1.142458
102 7 1.191175
102 1 1.197535
102 54 1.130201
102 22 1.190424
102 19 1.212464
102 50 1.184356
102 20 1.248469
102 53 1.233743
102 38 1.264622
102 18 1.293662
102 42 1.265940
102 23 1.300876
102 17 1.342075
102 47 1.327351
102 43 1.336599
102 25 1.391590
102 41 1.379171
102 27 1.396949
102 15 1.417640
102 39 1.400728
102 21 1.434189
102 48 1.450531
103 8 0.449502
103 9 0.449435
103 28 0.450682
103 11 0.612181
103 0 0.747351
103 6 0.798922
103 31 0.775406
103 7 0.861258
103 13 0.857554
103 14 0.858984
103 3 0.884880
103 44 0.843996
103 29 0.883318
103 10 0.941935
103 15 0.954925
103 2 0.982608
103 5 0.981507
103 20 0.971053
103 4 0.983791
103 23 1.018328
103 12 1.041723
103 33 1.079193
103 32 1.194976
103 42 1.183490
103 40 1.185866
103 41 1.185251
103 45 1.181090
103 35 1.193246
103 30 1.200817
103 1 1.241091
103 27 1.256684
103 50 1.261485
103 48 1.265235
103 18 1.315587
103 26 1.327118
103 34 1.330334
103 39 1.344111
103 19 1.380138
103 16 1.394742
103 21 1.390429
103 37 1.371842
103 17 1.417474
103 51 1.386645
103 52 1.386438
103 47 1.395174
103 36 1.418182
103 43 1.431519
103 25 1.471659
103 49 1.471736
103 53 1.497128
103 22 1.537079
103 46 1.509983
103 54 1.532135
103 24 1.610345
103 38 1.710910
104 28 0.572981
104 9 0.613463
104 8 0.615328
104 44 0.559455
104 12 0.612082
104 31 0.574430
104 10 0.615529
104 11 0.615374
104 14 0.612092
104 13 0.618427
104 32 0.613962
104 0 0.714558
104 2 0.716817
104 33 0.700175
104 4 0.831042
104 3 0.852655
104 30 0.841935
104 5 0.911940
104 36 0.878005
104 29 0.902982
104 54 0.877931
104 18 0.946092
104 6 0.962779
104 46 0.973569
104 37 0.984481
104 48 0.978167
104 21 1.057527
104 7 1.094433
104 19 1.104456
104 53 1.054840
104 47 1.061865
104 50 1.069241
104 26 1.109772
104 1 1.146339
104 38 1.096943
104 20 1.203948
104 15 1.225164
104 16 1.228741
104 34 1.231205
104 43 1.221578
104 22 1.264105
104 51 1.234912
104 52 1.239249
104 49 1.253534
104 45 1.257773
104 17 1.308167
104 42 1.276648
104 40 1.280506
104 39 1.303883
104 23 1.351607
104 41 1.323381
104 25 1.360417
104 24 1.389852
104 27 1.434178
104 35 1.425199
105 9 0.393998
105 8 0.420869
105 13 0.491840
105 11 0.536786
105 12 0.535670
105 14 0.574462
105 0 0.646207
105 10 0.623250
105 44 0.754338
105 3 0.858764
105 5 0.857638
105 1 0.869075
105 28 0.849856
105 6 0.948282
105 31 0.907967
105 29 0.950321
105 33 0.946180
105 4 1.019487
105 7 1.040520
105 2 1.207192
105 32 1.162963
105 30 1.165588
105 15 1.187393
105 51 1.196946
105 17 1.256950
105 40 1.315231
105 45 1.387361
105 20 1.477041
105 38 1.470513
105 36 1.481098
105 47 1.460654
105 41 1.477557
105 43 1.476689
105 35 1.504889
105 54 1.463010
105 50 1.511985
105 49 1.519148
105 23 1.567902
105 34 1.554692
105 48 1.537106
105 46 1.548784
105 52 1.539490
105 25 1.595159
105 19 1.608917
105 16 1.619843
105 53 1.565585
105 37 1.621581
105 39 1.649724
105 18 1.685201
105 26 1.695245
105 24 1.702298
105 21 1.748124
105 27 1.753192
105 42 1.733801
105 22 1.773701
106 11 0.486861
106 8 0.507627
106 10 0.576934
106 9 0.672688
106 30 0.715319
106 29 0.728876
106 3 0.932346
106 44 0.903637
106 14 0.936211
106 2 0.971823
106 0 0.974263
106 28 0.952538
106 12 0.969777
106 4 0.977625
106 6 1.016693
106 54 1.000001
106 31 1.070946
106 32 1.083899
106 22 1.146488
106 33 1.253262
106 53 1.229964
106 34 1.252938
106 13 1.288512
106 36 1.265236
106 43 1.284781
106 5 1.337359
106 1 1.380743
106 40 1.353723
106 20 1.419508
106 17 1.431967
106 15 1.448745
106 39 1.445965
106 16 1.478409
106 46 1.464635
106 19 1.503254
106 41 1.489017
106 21 1.511584
106 51 1.491895
106 26 1.531681
106 37 1.518892
106 45 1.526169
106 47 1.533641
106 23 1.564702
106 18 1.575999
106 38 1.556959
106 48 1.552749
106 49 1.559374
106 7 1.620983
106 42 1.593773
106 24 1.623130
106 50 1.601270
106 35 1.620069
106 52 1.606814
106 27 1.660941
106 25 1.752643
107 9 0.471586
107 3 0.641262
107 1 0.793746
107 10 0.813228
107 29 0.914531
107 4 0.952883
107 5 0.956287
107 14 0.975138
107 45 0.998200
107 11 1.054517
107 13 1.054585
107 32 1.080867
107 12 1.104794
107 44 1.135432
107 38 1.142559
107 24 1.161612
107 7 1.189794
107 28 1.168831
107 33 1.163415
107 51 1.182827
107 43 1.224541
107 30 1.241254
107 2 1.310016
107 31 1.307622
107 18 1.324484
107 8 1.358546
107 0 1.378375
107 39 1.338848
107 47 1.341460
107 22 1.382717
107 27 1.388013
107 16 1.402455
107 25 1.464656
107 54 1.439112
107 41 1.454997
107 6 1.514743
107 48 1.481186
107 23 1.510817
107 37 1.521951
107 34 1.526817
107 49 1.528929
107 36 1.561975
107 53 1.551879
107 26 1.673734
107 50 1.646660
107 52 1.643631
107 40 1.657788
107 15 1.729290
107 46 1.692156
107 42 1.734332
107 21 1.786300
107 35 1.776497
107 19 1.798457
107 20 1.857246
107 17 1.892386
108 9 0.515587
108 8 0.517446
108 29 0.646438
108 44 0.733005
108 32 0.775557
108 10 0.861253
108 7 0.970568
108 28 0.987382
108 0 1.033286
108 11 1.024376
108 2 1.042778
108 31 1.029515
108 12 1.084187
108 13 1.105994
108 5 1.130624
108 4 1.150123
108 14 1.142128
108 15 1.157767
108 40 1.172344
108 33 1.243142
108 30 1.274348
108 51 1.277071
108 52 1.295137
108 27 1.347243
108 22 1.417022
108 41 1.411788
108 23 1.549720
108 50 1.534859
108 39 1.557224
108 36 1.613106
108 1 1.655035
108 18 1.645661
108 35 1.637616
108 53 1.622790
108 34 1.655350
108 45 1.647816
108 26 1.668850
108 49 1.682118
108 3 1.760508
108 25 1.747928
108 54 1.764639
108 42 1.793673
108 6 1.847603
108 16 1.837917
108 43 1.812896
108 21 1.880743
108 46 1.886172
108 37 1.904751
108 24 1.961020
108 20 2.012720
108 48 1.997909
108 17 2.078543
108 38 2.080753
108 47 2.074073
108 19 2.135106
109 8 0.498446
109 10 0.553844
109 14 0.558705
109 12 0.647729
109 13 0.685543
109 2 0.734039
109 9 0.725106
109 0 0.744843
109 4 0.782987
109 1 0.826766
109 3 0.832222
109 11 0.874525
109 6 0.897495
109 32 0.852598
109 7 0.929739
109 44 0.856428
109 16 1.013834
109 18 1.046343
109 33 1.029550
109 22 1.061815
109 29 1.088544
109 28 1.105697
109 30 1.112680
109 15 1.161089
109 5 1.179197
109 31 1.135646
109 19 1.233707
109 24 1.333154
109 40 1.307514
109 42 1.335419
109 34 1.373701
109 26 1.413289
109 52 1.269114
109 17 1.492541
109 43 1.449129
109 53 1.233648
109 54 1.195107
109 48 1.415982
109 27 1.517831
109 47 1.430941
109 25 1.532916
109 46 1.440817
109 39 1.507316
109 51 1.390777
109 36 1.531869
109 50 1.434098
109 41 1.527854
109 20 1.590920
109 49 1.464723
109 37 1.562719
109 35 1.580213
109 23 1.611431
109 38 1.589463
109 45 1.544279
109 21 1.652847
110 12 0.543453
110 8 0.559773
110 28 0.643089
110 10 0.708049
110 11 0.739596
110 44 0.851669
110 0 0.920008
110 9 0.934659
110 4 0.997094
110 30 1.024516
110 29 1.036907
110 14 1.122642
110 20 1.131448
110 33 1.122841
110 18 1.155448
110 6 1.165488
110 13 1.229148
110 40 1.199909
110 1 1.240234
110 42 1.212449
110 51 1.234256
110 16 1.275037
110 47 1.253271
110 2 1.299418
110 31 1.275398
110 39 1.282277
110 26 1.297801
110 32 1.315829
110 46 1.337189
110 17 1.421827
110 3 1.452019
110 22 1.450012
110 38 1.431105
110 50 1.435597
110 53 1.494119
110 45 1.503591
110 37 1.512521
110 48 1.510717
110 35 1.526436
110 24 1.547176
110 19 1.555226
110 49 1.563594
110 5 1.618676
110 27 1.617019
110 36 1.613923
110 54 1.619186
110 34 1.654449
110 25 1.686088
110 7 1.709383
110 52 1.675852
110 23 1.717764
110 21 1.738472
110 41 1.744729
110 15 1.782548
110 43 1.763603
111 13 0.425795
111 5 0.510821
111 9 0.655526
111 2 0.682049
111 11 0.673967
111 8 0.715911
111 7 0.813598
111 31 0.799356
111 1 0.830592
111 44 0.785591
111 33 0.820990
111 29 0.833405
111 3 0.861365
111 14 0.872159
111 10 0.876279
111 19 0.910518
111 21 0.913816
111 34 0.932526
111 53 0.929004
111 30 0.962612
111 12 0.995308
111 17 1.026056
111 38 1.014046
111 15 1.041994
111 49 1.035221
111 28 1.086429
111 18 1.100832
111 37 1.090158
111 25 1.113782
111 45 1.091638
111 41 1.096955
111 39 1.101740
111 54 1.103290
111 22 1.164611
111 0 1.206994
111 27 1.181056
111 32 1.192970
111 4 1.223436
111 6 1.238544
111 40 1.203380
111 51 1.282887
111 47 1.287960
111 23 1.316059
111 24 1.316397
111 36 1.305040
111 52 1.292251
111 42 1.304595
111 20 1.337256
111 43 1.328219
111 48 1.343889
111 16 1.390663
111 50 1.410203
111 35 1.443988
111 26 1.454936
111 46 1.446294
112 8 0.574313
112 10 0.608407
112 9 0.679317
112 31 0.839300
112 29 0.978174
112 28 0.981483
112 12 0.999912
112 33 0.977104
112 1 1.010571
112 0 1.011869
112 3 1.131242
112 6 1.129689
112 2 1.133034
112 4 1.226301
112 11 1.221990
112 30 1.305441
112 13 1.326772
112 14 1.326509
112 7 1.332215
112 44 1.290320
112 51 1.371437
112 24 1.424176
112 26 1.439996
112 25 1.462367
112 34 1.520840
112 32 1.524899
112 17 1.583307
112 53 1.552352
112 20 1.680558
112 46 1.668776
112 15 1.725743
112 48 1.703481
112 27 1.730970
112 39 1.733104
112 45 1.830098
112 41 1.836484
112 23 1.862263
112 47 1.830849
112 40 1.853498
112 5 1.893177
112 22 1.878526
112 36 1.859645
112 19 1.883478
112 49 1.846639
112 50 1.857866
112 54 1.866323
112 38 1.886800
112 52 1.884966
112 43 1.895309
112 42 1.910635
112 37 1.953045
112 35 1.971025
112 18 2.007694
112 16 2.038886
112 21 2.072212
113 11 0.485533
113 9 0.511314
113 13 0.572110
113 10 0.605602
113 0 0.802396
113 1 0.825830
113 29 0.782191
113 3 0.834692
113 5 0.858722
113 4 0.879942
113 2 0.890687
113 6 0.974535
113 28 0.942133
113 8 0.982658
113 31 0.951437
113 7 0.999664
113 30 0.981736
113 14 1.012706
113 12 1.051394
113 15 1.056564
113 17 1.076134
113 21 1.108982
113 33 1.112983
113 32 1.179483
113 44 1.145710
113 16 1.288130
113 36 1.272056
113 41 1.247665
113 19 1.386569
113 43 1.326886
113 23 1.410402
113 35 1.433003
113 20 1.484396
113 45 1.411143
113 39 1.458450
113 25 1.516196
113 42 1.459657
113 38 1.502278
113 26 1.551205
113 51 1.448393
113 50 1.482104
113 40 1.569117
113 54 1.439138
113 18 1.638334
113 22 1.677100
113 49 1.568366
113 27 1.684865
113 52 1.569306
113 47 1.616689
113 53 1.597321
113 48 1.647376
113 37 1.736406
113 34 1.772792
113 24 1.812407
113 46 1.734832
114 14 0.634967
114 12 0.638033
114 8 0.724256
114 9 0.759102
114 10 0.790491
114 28 0.787698
114 0 0.874520
114 44 0.794904
114 30 0.896306
114 32 0.913236
114 5 0.999005
114 1 1.020465
114 51 0.912905
114 31 1.127735
114 45 1.162118
114 13 1.240197
114 11 1.266776
114 29 1.262204
114 2 1.345816
114 26 1.324671
114 18 1.346556
114 6 1.359558
114 52 1.308164
114 40 1.343538
114 16 1.435721
114 53 1.350731
114 25 1.433480
114 4 1.488307
114 33 1.460314
114 50 1.415999
114 24 1.511450
114 42 1.479303
114 36 1.497060
114 15 1.573832
114 35 1.529658
114 39 1.530256
114 49 1.504754
114 48 1.514267
114 3 1.624828
114 19 1.611737
114 22 1.608844
114 46 1.559631
114 38 1.590544
114 54 1.570833
114 43 1.688941
114 23 1.779525
114 34 1.753619
114 7 1.887833
114 37 1.827379
114 20 1.896244
114 27 1.872882
114 41 1.904020
114 21 1.964861
114 47 2.035053
114 17 2.122613
115 9 0.413069
115 10 0.456631
115 8 0.711385
115 33 0.685239
115 3 0.808921
115 1 0.827862
115 11 0.852853
115 14 0.851485
115 2 0.879078
115 30 0.852581
115 26 0.879258
115 13 0.931506
115 44 0.926494
115 18 0.958886
115 5 0.988418
115 22 0.974646
115 51 0.944720
115 53 0.944367
115 29 0.973025
115 39 0.977196
115 12 1.052933
115 0 1.062877
115 28 1.038206
115 45 1.018369
115 32 1.095373
115 4 1.139185
115 35 1.131758
115 47 1.119398
115 31 1.139278
115 6 1.176908
115 38 1.221293
115 49 1.230283
115 19 1.266622
115 24 1.284333
115 36 1.278049
115 43 1.291834
115 34 1.311649
115 21 1.353889
115 41 1.351495
115 17 1.387285
115 48 1.368055
115 15 1.415609
115 16 1.416460
115 7 1.428442
115 46 1.412444
115 23 1.457962
115 37 1.445853
115 27 1.468642
115 25 1.472445
115 40 1.468422
115 52 1.457431
115 20 1.524779
115 50 1.497102
115 54 1.494881
115 42 1.529878
116 8 0.485272
116 9 0.679921
116 14 0.681585
116 13 0.797368
116 29 0.805971
116 5 0.901202
116 0 0.904962
116 44 0.943762
116 31 0.974181
116 7 1.022815
116 30 1.004172
116 32 1.019012
116 52 0.997284
116 51 1.050438
116 4 1.098994
116 38 1.068181
116 10 1.098440
116 33 1.126681
116 54 1.102578
116 28 1.137449
116 36 1.184142
116 45 1.173745
116 50 1.172435
116 1 1.228602
116 11 1.307817
116 12 1.352436
116 21 1.407883
116 49 1.375241
116 34 1.452797
116 27 1.478265
116 47 1.455295
116 2 1.602010
116 37 1.568667
116 41 1.564912
116 42 1.564492
116 40 1.566617
116 6 1.602676
116 23 1.620202
116 3 1.679138
116 26 1.671985
116 35 1.671865
116 18 1.692247
116 19 1.702963
116 46 1.672033
116 22 1.700887
116 25 1.698003
116 15 1.718905
116 53 1.676496
116 39 1.692585
116 24 1.754539
116 16 1.763557
116 48 1.735476
116 17 1.773781
116 20 1.820468
116 43 1.824216
117 11 0.588251
117 9 0.590150
117 31 0.616302
117 10 0.704874
117 8 0.975901
117 32 1.125360
117 3 1.271324
117 5 1.270973
117 28 1.432358
117 4 1.457332
117 29 1.432436
117 22 1.521000
117 15 1.567516
117 6 1.575047
117 12 1.740333
117 34 1.840704
117 44 1.829366
117 36 1.867496
117 16 1.894656
117 1 2.024414
117 7 2.021673
117 13 2.111118
117 30 2.091963
117 14 2.186639
117 33 2.163920
117 50 2.142964
117 2 2.198814
117 35 2.283264
117 18 2.307329
117 48 2.278815
117 37 2.293470
117 21 2.315012
117 24 2.313015
117 51 2.276660
117 40 2.292804
117 26 2.311926
117 19 2.322102
117 42 2.294425
117 54 2.297329
117 43 2.313998
117 20 2.345097
117 25 2.357471
117 52 2.321692
117 53 2.324518
117 38 2.353180
117 27 2.393860
117 47 2.428591
117 0 2.482505
117 45 2.456983
117 17 2.514675
117 39 2.489251
117 23 2.614697
117 46 2.598853
117 41 2.621435
117 49 2.703933
118 9 0.510951
118 11 0.510603
118 8 0.536170
118 12 0.599480
118 33 0.652639
118 14 0.727168
118 5 1.065414
118 0 1.116497
118 4 1.115202
118 29 1.154216
118 2 1.182338
118 31 1.470620
118 28 1.475222
118 44 1.456697
118 30 1.475324
118 1 1.505164
118 34 1.472333
118 7 1.502250
118 26 1.487525
118 42 1.466445
118 6 1.508720
118 18 1.500373
118 32 1.482234
118 53 1.450571
118 17 1.503488
118 40 1.474554
118 22 1.501163
118 10 1.531446
118 24 1.533110
118 23 1.549740
118 13 1.562132
118 16 1.615245
118 50 1.572867
118 37 1.604025
118 20 1.675510
118 25 1.684542
118 15 1.721892
118 39 1.764860
118 46 1.772033
118 21 1.818215
118 3 1.866464
118 48 1.832010
118 36 1.848646
118 54 1.821513
118 51 1.875445
118 27 1.920782
118 49 1.932358
118 52 1.924037
118 38 1.947294
118 43 1.991829
118 35 2.016006
118 47 2.001369
118 45 2.052644
118 19 2.110379
118 41 2.082705
119 29 0.655911
119 33 0.708764
119 9 0.750818
119 31 0.759135
119 13 0.893460
119 0 0.943042
119 11 0.935996
119 7 1.000964
119 3 1.037544
119 32 1.012677
119 44 0.998872
119 8 1.110562
119 1 1.116331
119 40 1.098219
119 30 1.144497
119 14 1.225486
119 4 1.345537
119 10 1.341894
119 28 1.416747
119 12 1.508704
119 5 1.614060
119 34 1.589440
119 49 1.607956
119 21 1.758715
119 27 1.786527
119 19 1.829830
119 2 1.923254
119 20 1.937881
119 42 1.919762
119 48 1.924356
119 37 1.954692
119 41 1.969502
119 23 2.000225
119 54 2.001026
119 53 2.009048
119 15 2.064356
119 6 2.091470
119 52 2.052132
119 43 2.074391
119 51 2.073232
119 36 2.098351
119 24 2.126339
119 26 2.131517
119 17 2.141780
119 46 2.115116
119 25 2.140404
119 39 2.169253
119 18 2.222677
119 16 2.232388
119 35 2.235942
119 45 2.233473
119 50 2.241262
119 38 2.260406
119 22 2.312512
119 47 2.359150
120 9 0.623129
120 10 0.724593
120 8 0.727613
120 11 0.919248
120 33 1.043009
120 28 1.080112
120 1 1.164546
120 0 1.198289
120 4 1.195804
120 3 1.312873
120 13 1.324584
120 5 1.331242
120 22 1.444349
120 2 1.471024
120 7 1.464583
120 12 1.462215
120 42 1.481126
120 15 1.554794
120 49 1.496512
120 44 1.522828
120 30 1.550161
120 14 1.633539
120 25 1.655049
120 37 1.634376
120 54 1.605993
120 50 1.642530
120 31 1.679417
120 29 1.822132
120 21 1.832958
120 34 1.811322
120 43 1.795732
120 45 1.793207
120 32 1.842223
120 35 1.859905
120 16 1.958149
120 23 1.969695
120 6 2.010739
120 27 1.987215
120 52 1.941648
120 39 1.964365
120 47 1.998376
120 41 2.033600
120 53 2.014037
120 17 2.097782
120 40 2.079037
120 26 2.125331
120 19 2.156479
120 48 2.138211
120 46 2.145796
120 18 2.311144
120 24 2.301791
120 36 2.278898
120 51 2.273721
120 38 2.333622
120 20 2.454110
