21 0 0.086892
21 2 0.127645
21 1 0.133159
21 8 0.107888
21 7 0.124310
21 3 0.136380
21 5 0.131632
21 9 0.153510
21 13 0.126354
21 11 0.139873
21 4 0.179116
21 10 0.151199
21 12 0.143808
21 14 0.133561
21 20 0.127270
21 16 0.139947
21 15 0.142034
21 6 0.201358
21 21 0.145533
21 17 0.178689
21 18 0.178759
21 19 0.176852
21 25 0.130266
21 24 0.139610
21 23 0.166650
21 28 0.134601
21 29 0.177315
21 47 0.126824
21 33 0.163500
21 45 0.134640
21 43 0.137073
21 22 0.224873
21 26 0.193732
21 37 0.156458
21 48 0.136508
21 36 0.158560
21 39 0.153550
21 31 0.176081
21 40 0.153482
21 44 0.144551
21 30 0.192042
21 35 0.161348
21 41 0.149919
21 32 0.185468
21 34 0.182486
21 38 0.168855
21 50 0.149578
21 42 0.160206
21 46 0.155448
21 27 0.211245
21 49 0.159883
22 0 0.125045
22 2 0.158129
22 1 0.160573
22 3 0.160986
22 4 0.165451
22 7 0.166586
22 6 0.168886
22 8 0.208218
22 12 0.227991
22 5 0.249967
22 14 0.243405
22 10 0.249098
22 9 0.255252
22 33 0.235274
22 11 0.260398
22 44 0.222944
22 28 0.253980
22 42 0.234287
22 13 0.271235
22 20 0.263467
22 19 0.266310
22 17 0.268730
22 26 0.258563
22 37 0.247271
22 32 0.254966
22 23 0.268040
22 27 0.266165
22 30 0.265395
22 50 0.239218
22 18 0.281136
22 25 0.272730
22 41 0.256692
22 39 0.260345
22 36 0.265762
22 49 0.247024
22 15 0.290155
22 43 0.255757
22 35 0.270125
22 16 0.292755
22 29 0.278333
22 31 0.277532
22 48 0.254600
22 47 0.256336
22 40 0.270130
22 46 0.259563
22 34 0.278612
22 21 0.293764
22 45 0.265481
22 22 0.296041
22 24 0.297225
22 38 0.282111
23 1 0.142605
23 8 0.144010
23 2 0.152766
23 6 0.159027
23 3 0.162171
23 4 0.164037
23 0 0.175882
23 7 0.206954
23 12 0.231905
23 5 0.240652
23 10 0.236469
23 11 0.236289
23 29 0.221138
23 31 0.220957
23 14 0.238307
23 13 0.240055
23 32 0.221117
23 42 0.211497
23 35 0.219455
23 28 0.226479
23 9 0.246255
23 20 0.245433
23 33 0.233162
23 19 0.248039
23 38 0.230724
23 23 0.246525
23 16 0.254554
23 44 0.227482
23 21 0.252559
23 18 0.257664
23 25 0.250355
23 30 0.247003
23 50 0.225826
23 17 0.264066
23 22 0.260371
23 15 0.269159
23 39 0.245792
23 47 0.237936
23 26 0.260804
23 34 0.253095
23 40 0.248854
23 48 0.238536
23 43 0.245796
23 24 0.265499
23 46 0.244846
23 37 0.255300
23 27 0.265790
23 36 0.258349
23 45 0.249921
23 49 0.248076
23 41 0.258672
24 0 0.106729
24 5 0.117776
24 2 0.138000
24 3 0.147564
24 1 0.153871
24 4 0.153523
24 6 0.153564
24 10 0.164589
24 8 0.199915
24 9 0.216535
24 14 0.218211
24 20 0.216581
24 29 0.217924
24 13 0.237625
24 17 0.238214
24 28 0.230604
24 12 0.247383
24 39 0.223538
24 31 0.233103
24 32 0.232747
24 15 0.250181
24 37 0.228933
24 25 0.241425
24 34 0.232318
24 44 0.222754
24 33 0.233906
24 30 0.237763
24 24 0.244973
24 11 0.256660
24 23 0.246128
24 38 0.231689
24 48 0.220459
24 46 0.225427
24 27 0.245499
24 21 0.252335
24 18 0.255750
24 7 0.266823
24 26 0.252405
24 50 0.227801
24 42 0.236725
24 19 0.260612
24 49 0.230918
24 22 0.259545
24 41 0.239970
24 36 0.245371
24 47 0.234021
24 16 0.266251
24 40 0.243717
24 45 0.239154
24 43 0.242746
24 35 0.253601
25 0 0.130706
25 3 0.136240
25 5 0.144954
25 6 0.157677
25 1 0.165966
25 4 0.163942
25 2 0.168920
25 10 0.201944
25 9 0.231406
25 14 0.237930
25 20 0.234393
25 28 0.247457
25 44 0.231255
25 33 0.250297
25 27 0.256432
25 19 0.263757
25 11 0.273064
25 21 0.264930
25 13 0.272118
25 8 0.277098
25 32 0.255706
25 38 0.251099
25 7 0.282164
25 31 0.261057
25 34 0.258781
25 47 0.245414
25 29 0.264309
25 24 0.269434
25 43 0.249894
25 22 0.272582
25 12 0.281455
25 40 0.254983
25 18 0.277586
25 48 0.248824
25 41 0.257853
25 36 0.264144
25 37 0.263274
25 30 0.271160
25 42 0.259240
25 26 0.279244
25 35 0.272066
25 46 0.260710
25 15 0.293510
25 23 0.286611
25 39 0.270384
25 17 0.293591
25 16 0.295180
25 45 0.266694
25 25 0.289831
25 49 0.265346
25 50 0.266280
26 3 0.106632
26 1 0.115324
26 2 0.125416
26 0 0.142212
26 9 0.139214
26 6 0.142343
26 4 0.160429
26 7 0.160242
26 5 0.188140
26 8 0.194865
26 14 0.204052
26 20 0.211235
26 19 0.215782
26 10 0.224800
26 21 0.216203
26 11 0.235065
26 22 0.229402
26 34 0.218566
26 13 0.243981
26 23 0.234359
26 28 0.228303
26 17 0.243154
26 32 0.225429
26 38 0.220729
26 12 0.249701
26 33 0.227846
26 42 0.219801
26 29 0.233877
26 41 0.221067
26 44 0.217094
26 24 0.241329
26 31 0.232698
26 39 0.225671
26 26 0.239951
26 50 0.212376
26 16 0.252858
26 49 0.214498
26 18 0.251089
26 47 0.217405
26 46 0.218669
26 25 0.245695
26 30 0.239438
26 48 0.219246
26 37 0.233978
26 15 0.260378
26 43 0.231007
26 27 0.248358
26 35 0.245995
26 36 0.246384
26 45 0.237435
26 40 0.247101
27 0 0.120062
27 1 0.133170
27 2 0.141272
27 8 0.149111
27 9 0.150363
27 4 0.161515
27 5 0.163509
27 3 0.165812
27 7 0.225999
27 21 0.227702
27 27 0.221904
27 11 0.240586
27 6 0.245038
27 18 0.236064
27 10 0.243618
27 14 0.240743
27 24 0.231581
27 34 0.222178
27 22 0.235779
27 50 0.205718
27 12 0.247482
27 42 0.218691
27 38 0.222849
27 28 0.233383
27 13 0.250756
27 19 0.246162
27 20 0.245784
27 25 0.240087
27 16 0.253151
27 15 0.254719
27 33 0.237310
27 32 0.239091
27 31 0.241607
27 30 0.242481
27 47 0.225636
27 44 0.230133
27 46 0.230732
27 37 0.240515
27 23 0.255926
27 17 0.263615
27 26 0.254777
27 29 0.250894
27 39 0.241605
27 48 0.230922
27 40 0.244029
27 43 0.242370
27 41 0.245140
27 35 0.251295
27 45 0.240899
27 49 0.239736
27 36 0.255541
28 0 0.120434
28 1 0.142012
28 8 0.150549
28 2 0.155826
28 3 0.162401
28 4 0.164307
28 5 0.166455
28 10 0.222225
28 9 0.235914
28 7 0.237968
28 11 0.242238
28 13 0.241162
28 41 0.215560
28 18 0.240253
28 12 0.250489
28 44 0.219070
28 33 0.231805
28 20 0.246274
28 15 0.251587
28 35 0.231969
28 29 0.241622
28 31 0.239030
28 32 0.238477
28 21 0.250657
28 22 0.250812
28 16 0.258089
28 30 0.244586
28 27 0.248009
28 37 0.238744
28 6 0.270232
28 24 0.255111
28 14 0.265773
28 40 0.239970
28 39 0.242643
28 45 0.239320
28 28 0.258405
28 17 0.270250
28 25 0.261951
28 49 0.236838
28 23 0.264922
28 43 0.244811
28 36 0.253886
28 26 0.264482
28 19 0.274086
28 47 0.244742
28 50 0.241298
28 38 0.255149
28 42 0.251094
28 46 0.250536
28 48 0.253063
28 34 0.269681
29 0 0.112124
29 4 0.143664
29 9 0.148954
29 1 0.174571
29 3 0.175114
29 7 0.182922
29 2 0.190160
29 5 0.196128
29 8 0.226803
29 13 0.242819
29 11 0.247084
29 12 0.252442
29 33 0.233517
29 30 0.238620
29 29 0.248798
29 15 0.271049
29 10 0.277656
29 22 0.273733
29 20 0.279852
29 28 0.270998
29 6 0.291811
29 44 0.254827
29 40 0.259663
29 16 0.289516
29 34 0.271680
29 31 0.275407
29 47 0.261037
29 21 0.289785
29 14 0.296992
29 37 0.274882
29 32 0.279813
29 23 0.295081
29 43 0.273908
29 45 0.277447
29 18 0.307893
29 39 0.286277
29 35 0.291524
29 17 0.313268
29 46 0.282635
29 25 0.307436
29 27 0.307491
29 48 0.285196
29 24 0.314206
29 38 0.300103
29 50 0.288991
29 26 0.319818
29 49 0.295411
29 19 0.329289
29 36 0.312630
29 41 0.307249
29 42 0.310020
30 0 0.128752
30 2 0.153533
30 10 0.151460
30 3 0.159867
30 4 0.167325
30 5 0.169973
30 1 0.176925
30 11 0.267168
30 9 0.269182
30 7 0.271016
30 33 0.247110
30 13 0.267120
30 12 0.267988
30 15 0.269323
30 21 0.263540
30 19 0.266453
30 28 0.257314
30 44 0.241470
30 8 0.278638
30 20 0.269573
30 17 0.272728
30 6 0.282110
30 14 0.276212
30 22 0.269507
30 27 0.265025
30 42 0.249630
30 32 0.260383
30 38 0.254561
30 41 0.253540
30 39 0.256865
30 43 0.253761
30 18 0.283884
30 25 0.276669
30 40 0.261111
30 26 0.277649
30 30 0.273567
30 31 0.273008
30 46 0.258662
30 37 0.269457
30 29 0.278444
30 23 0.284869
30 24 0.285114
30 16 0.293511
30 35 0.280805
30 47 0.268577
30 50 0.264779
30 34 0.287553
30 49 0.273729
30 48 0.275205
30 36 0.289307
30 45 0.281933
31 3 0.172568
31 2 0.205117
31 6 0.193409
31 5 0.217098
31 1 0.235725
31 8 0.195325
31 0 0.257587
31 4 0.248100
31 11 0.104602
31 13 0.119359
31 7 0.254513
31 14 0.128138
31 10 0.136739
31 12 0.134149
31 9 0.258595
31 17 0.114279
31 24 0.104522
31 15 0.184510
31 18 0.156658
31 22 0.149755
31 23 0.149898
31 16 0.182288
31 20 0.160613
31 21 0.170704
31 19 0.181841
31 25 0.169649
31 28 0.161360
31 30 0.153925
31 33 0.175516
31 31 0.178750
31 29 0.210672
31 26 0.222026
31 46 0.163479
31 49 0.159788
31 34 0.191316
31 42 0.174990
31 38 0.185037
31 41 0.179132
31 27 0.232405
31 44 0.173748
31 37 0.187921
31 35 0.192422
31 47 0.172796
31 32 0.207031
31 39 0.195383
31 48 0.178209
31 45 0.190184
31 43 0.196546
31 50 0.185522
31 40 0.225487
31 36 0.236418
32 0 0.175441
32 1 0.177107
32 2 0.181366
32 8 0.196927
32 4 0.202465
32 5 0.216191
32 6 0.220258
32 3 0.238209
32 7 0.238664
32 14 0.275794
32 10 0.282752
32 11 0.286705
32 32 0.266408
32 12 0.294378
32 28 0.275505
32 13 0.297360
32 18 0.296685
32 44 0.268627
32 15 0.302063
32 36 0.280251
32 24 0.296103
32 31 0.290527
32 17 0.309349
32 19 0.308715
32 40 0.288503
32 50 0.278176
32 29 0.299827
32 43 0.285319
32 47 0.282169
32 41 0.296097
32 30 0.305656
32 23 0.314465
32 16 0.325038
32 38 0.308222
32 33 0.314243
32 25 0.323847
32 9 0.346886
32 35 0.324838
32 20 0.344990
32 34 0.329992
32 45 0.318734
32 48 0.330248
32 37 0.342165
32 39 0.344633
32 26 0.360723
32 46 0.340658
32 42 0.346061
32 27 0.361858
32 21 0.369166
32 22 0.371341
32 49 0.347634
33 0 0.161730
33 9 0.155282
33 8 0.162804
33 2 0.171715
33 4 0.172605
33 3 0.205482
33 1 0.207546
33 5 0.207803
33 10 0.246473
33 12 0.247765
33 14 0.252453
33 11 0.261642
33 7 0.278090
33 33 0.255464
33 28 0.261011
33 29 0.260818
33 18 0.276111
33 30 0.270948
33 17 0.296633
33 34 0.279098
33 21 0.294075
33 27 0.287472
33 31 0.283546
33 25 0.291391
33 44 0.270459
33 13 0.304809
33 32 0.285717
33 19 0.305173
33 45 0.275830
33 20 0.305629
33 39 0.284989
33 6 0.319588
33 22 0.306060
33 37 0.293764
33 16 0.318185
33 15 0.319390
33 49 0.285023
33 24 0.316450
33 43 0.298616
33 42 0.301762
33 23 0.323447
33 35 0.313805
33 41 0.306574
33 26 0.324632
33 46 0.301592
33 38 0.317394
33 36 0.322669
33 48 0.307688
33 50 0.306687
33 40 0.320059
33 47 0.317040
34 0 0.171057
34 2 0.175190
34 3 0.175141
34 1 0.182207
34 5 0.180178
34 4 0.181351
34 7 0.220136
34 8 0.241966
34 10 0.244148
34 9 0.258772
34 29 0.245636
34 28 0.252927
34 12 0.268055
34 6 0.284245
34 11 0.283556
34 32 0.265407
34 16 0.289771
34 43 0.263357
34 17 0.289434
34 14 0.293034
34 30 0.278294
34 24 0.284838
34 23 0.286268
34 46 0.260105
34 35 0.275702
34 31 0.279603
34 27 0.284798
34 21 0.290641
34 26 0.286694
34 40 0.275082
34 22 0.292693
34 19 0.298243
34 33 0.288086
34 15 0.308189
34 18 0.305579
34 42 0.283143
34 49 0.274511
34 48 0.276048
34 20 0.307586
34 44 0.284584
34 34 0.298562
34 13 0.319074
34 39 0.296390
34 38 0.302558
34 41 0.300487
34 47 0.290483
34 36 0.305514
34 50 0.289902
34 37 0.307694
34 45 0.304033
34 25 0.326507
35 0 0.179672
35 5 0.182560
35 4 0.207600
35 3 0.214368
35 1 0.228288
35 10 0.256052
35 2 0.264389
35 32 0.241119
35 14 0.265334
35 8 0.272346
35 31 0.252829
35 7 0.276077
35 12 0.272462
35 9 0.275453
35 13 0.280194
35 11 0.296930
35 28 0.281485
35 33 0.276232
35 30 0.281619
35 17 0.303246
35 38 0.281745
35 44 0.278389
35 29 0.295748
35 6 0.316327
35 19 0.308326
35 15 0.314875
35 46 0.285786
35 21 0.314178
35 41 0.293448
35 20 0.317537
35 26 0.313744
35 24 0.320794
35 35 0.314642
35 47 0.301052
35 23 0.328646
35 42 0.310536
35 18 0.336923
35 37 0.322182
35 36 0.323283
35 50 0.313398
35 39 0.326396
35 22 0.345015
35 40 0.328451
35 27 0.342136
35 16 0.355852
35 43 0.330796
35 34 0.342410
35 25 0.355674
35 48 0.332019
35 49 0.332245
35 45 0.342204
36 0 0.161651
36 1 0.169694
36 8 0.179151
36 2 0.189740
36 4 0.237823
36 14 0.235487
36 7 0.250310
36 19 0.239535
36 6 0.255842
36 10 0.252424
36 3 0.259969
36 12 0.251537
36 34 0.226246
36 24 0.242328
36 13 0.260534
36 37 0.233310
36 18 0.258201
36 22 0.252662
36 9 0.268092
36 15 0.263776
36 26 0.251077
36 11 0.268495
36 21 0.258160
36 28 0.253492
36 27 0.254913
36 36 0.245812
36 29 0.255765
36 17 0.273068
36 20 0.272145
36 25 0.271394
36 38 0.269054
36 30 0.282920
36 31 0.282297
36 23 0.293532
36 32 0.284893
36 5 0.320330
36 16 0.310019
36 44 0.176087
36 33 0.302801
36 50 0.167432
36 35 0.302010
36 42 0.191514
36 46 0.177665
36 43 0.195080
36 39 0.311881
36 47 0.188042
36 49 0.187583
36 41 0.214617
36 48 0.189789
36 45 0.201242
36 40 0.321489
37 0 0.172692
37 10 0.178097
37 5 0.194941
37 2 0.199250
37 4 0.208258
37 1 0.224442
37 3 0.236660
37 8 0.255266
37 9 0.263844
37 12 0.272283
37 13 0.273834
37 30 0.260078
37 6 0.292129
37 33 0.269957
37 28 0.298756
37 32 0.297098
37 14 0.315484
37 31 0.301618
37 15 0.320896
37 29 0.308309
37 11 0.325855
37 44 0.295250
37 17 0.322331
37 16 0.326125
37 25 0.321540
37 39 0.311320
37 37 0.313551
37 22 0.330286
37 23 0.330406
37 26 0.328447
37 19 0.336546
37 18 0.338153
37 42 0.314776
37 46 0.311079
37 34 0.322668
37 40 0.323731
37 21 0.343165
37 7 0.355133
37 24 0.340193
37 38 0.330451
37 27 0.344147
37 43 0.332967
37 50 0.324998
37 45 0.332210
37 47 0.329464
37 20 0.359972
37 36 0.346688
37 48 0.344031
37 35 0.366818
37 41 0.362682
37 49 0.358565
38 3 0.203312
38 2 0.218885
38 0 0.227544
38 5 0.249377
38 11 0.246537
38 4 0.256017
38 6 0.255915
38 13 0.268621
38 30 0.252515
38 28 0.257135
38 32 0.252568
38 29 0.264595
38 33 0.263592
38 10 0.298931
38 1 0.314013
38 12 0.311545
38 8 0.315065
38 9 0.322893
38 31 0.309846
38 15 0.326367
38 14 0.333855
38 7 0.345258
38 44 0.308663
38 21 0.343057
38 48 0.312976
38 34 0.332230
38 23 0.345242
38 26 0.349255
38 24 0.355826
38 27 0.355034
38 25 0.360057
38 20 0.365656
38 18 0.367886
38 16 0.374632
38 40 0.350249
38 42 0.351685
38 39 0.358204
38 47 0.351104
38 37 0.366622
38 36 0.369511
38 45 0.356920
38 43 0.359351
38 17 0.392483
38 49 0.356887
38 22 0.391955
38 41 0.379976
38 46 0.373409
38 19 0.406113
38 35 0.393877
38 50 0.376619
38 38 0.398543
39 0 0.160343
39 11 0.179419
39 5 0.190123
39 1 0.208237
39 3 0.207027
39 6 0.215791
39 2 0.218824
39 9 0.246389
39 4 0.256137
39 13 0.260652
39 8 0.267073
39 20 0.260497
39 12 0.278306
39 21 0.273606
39 14 0.280656
39 28 0.270952
39 17 0.283372
39 33 0.268827
39 44 0.259137
39 10 0.293404
39 31 0.278848
39 30 0.280744
39 29 0.286152
39 32 0.289306
39 36 0.288533
39 39 0.286752
39 27 0.301356
39 48 0.284897
39 24 0.313099
39 23 0.316696
39 18 0.325143
39 26 0.319507
39 7 0.339090
39 19 0.332682
39 40 0.320501
39 37 0.323261
39 49 0.310924
39 42 0.318775
39 43 0.320540
39 38 0.328884
39 46 0.320644
39 50 0.319804
39 25 0.347280
39 45 0.326556
39 22 0.355027
39 41 0.336162
39 16 0.364945
39 15 0.366847
39 35 0.346058
39 34 0.349899
39 47 0.342975
40 5 0.163002
40 8 0.165814
40 0 0.186541
40 3 0.188385
40 1 0.214861
40 4 0.213520
40 6 0.231467
40 2 0.245388
40 19 0.261225
40 13 0.265917
40 17 0.275361
40 11 0.280220
40 9 0.284863
40 28 0.273015
40 29 0.275516
40 21 0.285189
40 16 0.291818
40 14 0.296388
40 31 0.282854
40 34 0.281083
40 23 0.294599
40 32 0.285585
40 30 0.288259
40 44 0.276892
40 33 0.290302
40 10 0.317762
40 24 0.312715
40 37 0.299931
40 40 0.297075
40 12 0.328695
40 38 0.310728
40 7 0.340369
40 43 0.311045
40 25 0.329483
40 47 0.307284
40 45 0.313367
40 27 0.336603
40 22 0.342744
40 15 0.352221
40 18 0.350734
40 20 0.350219
40 35 0.341583
40 46 0.330686
40 49 0.332209
40 26 0.362113
40 42 0.346770
40 41 0.350252
40 50 0.340365
40 39 0.354686
40 48 0.350969
40 36 0.366840
41 6 0.200427
41 5 0.205849
41 0 0.210166
41 4 0.225791
41 10 0.239040
41 3 0.244930
41 33 0.224122
41 9 0.255126
41 11 0.265738
41 8 0.268590
41 12 0.265588
41 1 0.313146
41 7 0.309178
41 2 0.313346
41 13 0.305305
41 32 0.287737
41 14 0.307040
41 44 0.275505
41 29 0.293443
41 30 0.293090
41 16 0.307361
41 39 0.287133
41 28 0.310402
41 31 0.311042
41 18 0.325797
41 46 0.297712
41 35 0.311927
41 43 0.304135
41 21 0.332262
41 48 0.311946
41 24 0.341025
41 22 0.346616
41 40 0.327887
41 36 0.332334
41 23 0.349803
41 37 0.334143
41 15 0.359095
41 19 0.363075
41 20 0.363334
41 27 0.365624
41 45 0.346533
41 41 0.354566
41 25 0.378204
41 17 0.386318
41 47 0.355196
41 49 0.355665
41 34 0.372869
41 42 0.368204
41 38 0.375488
41 50 0.362489
41 26 0.394257
42 2 0.223004
42 0 0.229260
42 1 0.268100
42 3 0.266926
42 4 0.292032
42 10 0.290429
42 8 0.292453
42 20 0.283064
42 12 0.299620
42 31 0.284227
42 5 0.309318
42 9 0.308925
42 33 0.285433
42 13 0.317323
42 7 0.324527
42 34 0.298395
42 44 0.288237
42 14 0.325791
42 29 0.312193
42 46 0.292717
42 37 0.303204
42 22 0.320379
42 23 0.326827
42 38 0.312839
42 24 0.329487
42 30 0.325853
42 41 0.314402
42 28 0.334575
42 32 0.332543
42 36 0.334281
42 11 0.362320
42 48 0.322073
42 35 0.340467
42 17 0.361499
42 18 0.362514
42 25 0.360210
42 6 0.379604
42 45 0.340449
42 26 0.362617
42 21 0.369542
42 39 0.350755
42 40 0.358949
42 47 0.353482
42 49 0.349968
42 27 0.381248
42 15 0.396895
42 42 0.367534
42 43 0.368695
42 50 0.359443
42 16 0.401812
42 19 0.399638
43 8 0.216618
43 10 0.215922
43 5 0.238759
43 1 0.268956
43 3 0.276803
43 2 0.408682
43 13 0.405920
43 29 0.379262
43 11 0.409251
43 9 0.411084
43 0 0.420462
43 19 0.404761
43 47 0.360463
43 33 0.379277
43 18 0.408185
43 31 0.383452
43 15 0.412206
43 39 0.373723
43 7 0.425711
43 45 0.379834
43 37 0.398676
43 12 0.442947
43 23 0.431571
43 43 0.398429
43 42 0.402353
43 38 0.411049
43 44 0.402391
43 4 0.459894
43 16 0.449153
43 14 0.452462
43 27 0.435398
43 30 0.427783
43 25 0.441767
43 49 0.400599
43 32 0.428585
43 40 0.418795
43 20 0.462690
43 6 0.478329
43 28 0.447617
43 48 0.420752
43 21 0.476653
43 46 0.438572
43 35 0.470124
43 50 0.456196
43 17 0.536467
43 36 0.508235
43 34 0.514735
43 41 0.503586
43 22 0.547795
43 26 0.544823
43 24 0.546870
44 10 0.242414
44 0 0.250927
44 8 0.273339
44 3 0.277678
44 14 0.278421
44 2 0.295348
44 1 0.303212
44 30 0.279946
44 13 0.300471
44 9 0.324054
44 12 0.329074
44 11 0.330284
44 4 0.342245
44 44 0.306291
44 32 0.324116
44 28 0.363736
44 6 0.416359
44 17 0.419899
44 5 0.434991
44 7 0.435385
44 29 0.416945
44 46 0.403133
44 31 0.420772
44 18 0.434010
44 45 0.407036
44 37 0.421755
44 20 0.443060
44 19 0.449930
44 50 0.419072
44 43 0.433997
44 25 0.452313
44 33 0.447750
44 16 0.465427
44 34 0.453689
44 40 0.448830
44 23 0.481222
44 27 0.481702
44 21 0.495021
44 36 0.485433
44 48 0.470776
44 24 0.498113
44 15 0.507257
44 49 0.475420
44 26 0.506239
44 35 0.501978
44 41 0.496351
44 22 0.522716
44 38 0.524515
44 47 0.512563
44 39 0.544583
44 42 0.543242
45 0 0.293415
45 9 0.257736
45 3 0.312020
45 4 0.332023
45 8 0.325324
45 11 0.196692
45 5 0.369576
45 1 0.382588
45 10 0.290119
45 14 0.159614
45 12 0.207765
45 6 0.394707
45 7 0.386457
45 2 0.432865
45 13 0.282562
45 15 0.344441
45 20 0.289053
45 32 0.211012
45 30 0.232508
45 17 0.374739
45 16 0.398771
45 33 0.257299
45 22 0.326071
45 31 0.275339
45 18 0.403978
45 26 0.307501
45 23 0.354200
45 21 0.390962
45 19 0.411310
45 28 0.316356
45 24 0.378865
45 44 0.261108
45 27 0.378361
45 29 0.390996
45 36 0.369947
45 39 0.376890
45 38 0.383835
45 25 0.462355
45 34 0.414877
45 37 0.414328
45 35 0.427977
45 46 0.369912
45 43 0.390222
45 47 0.373969
45 40 0.445246
45 41 0.449997
45 49 0.392103
45 48 0.399721
45 50 0.407791
45 42 0.457532
45 45 0.430712
46 8 0.263413
46 0 0.282915
46 4 0.287447
46 5 0.302153
46 33 0.280431
46 9 0.322895
46 13 0.357783
46 2 0.368029
46 14 0.357873
46 29 0.342218
46 32 0.340378
46 47 0.325782
46 3 0.382804
46 11 0.380227
46 6 0.385746
46 1 0.389484
46 7 0.386399
46 49 0.341672
46 44 0.346523
46 31 0.376665
46 12 0.409354
46 37 0.385471
46 41 0.391152
46 10 0.437939
46 17 0.436937
46 30 0.437428
46 38 0.432244
46 46 0.429169
46 26 0.459113
46 28 0.459451
46 19 0.476303
46 15 0.484149
46 40 0.462238
46 22 0.488051
46 25 0.483056
46 39 0.468620
46 45 0.463773
46 36 0.477488
46 18 0.505381
46 24 0.505114
46 20 0.515951
46 34 0.506273
46 42 0.515448
46 50 0.515455
46 27 0.540589
46 21 0.553897
46 23 0.557410
46 35 0.543327
46 48 0.532507
46 16 0.574057
46 43 0.564224
47 0 0.259359
47 10 0.290672
47 4 0.299163
47 14 0.306287
47 12 0.309635
47 5 0.316439
47 2 0.321922
47 13 0.351172
47 28 0.349934
47 8 0.369179
47 26 0.353955
47 32 0.346981
47 30 0.356591
47 31 0.368336
47 41 0.380725
47 22 0.407537
47 48 0.378867
47 24 0.406546
47 11 0.418463
47 7 0.421913
47 1 0.427115
47 15 0.418010
47 9 0.422840
47 3 0.429036
47 29 0.422239
47 44 0.407806
47 33 0.419589
47 19 0.442949
47 16 0.452125
47 34 0.436540
47 17 0.462395
47 40 0.443560
47 21 0.466150
47 23 0.467126
47 27 0.463608
47 37 0.456060
47 18 0.486382
47 25 0.480190
47 45 0.461104
47 6 0.499584
47 47 0.461582
47 39 0.473039
47 42 0.470158
47 36 0.476939
47 20 0.495628
47 46 0.471206
47 49 0.467671
47 50 0.469031
47 35 0.488902
47 43 0.508920
47 38 0.517892
48 8 0.196744
48 4 0.214233
48 10 0.280620
48 2 0.293078
48 0 0.302177
48 11 0.307260
48 12 0.307287
48 31 0.291222
48 29 0.294414
48 44 0.277338
48 3 0.318239
48 33 0.299973
48 32 0.319308
48 7 0.349570
48 28 0.339824
48 9 0.359869
48 5 0.381434
48 14 0.378639
48 6 0.388341
48 13 0.390937
48 30 0.395450
48 1 0.423107
48 15 0.413507
48 18 0.412740
48 20 0.422367
48 17 0.428512
48 25 0.435020
48 16 0.450943
48 26 0.459962
48 43 0.442847
48 19 0.479585
48 35 0.462365
48 40 0.464277
48 22 0.483994
48 36 0.471351
48 46 0.463722
48 34 0.478691
48 24 0.489403
48 47 0.471538
48 27 0.496397
48 45 0.485926
48 41 0.495213
48 42 0.493099
48 37 0.500448
48 21 0.517856
48 50 0.488660
48 23 0.526761
48 48 0.500594
48 38 0.518837
48 39 0.523103
48 49 0.521186
49 8 0.197331
49 12 0.147797
49 9 0.288536
49 3 0.327152
49 0 0.337252
49 5 0.317519
49 2 0.341860
49 1 0.345717
49 10 0.223651
49 11 0.234898
49 4 0.352449
49 13 0.231350
49 7 0.344542
49 14 0.231910
49 6 0.395747
49 16 0.291873
49 18 0.291872
49 23 0.414270
49 33 0.336188
49 15 0.507121
49 30 0.344836
49 26 0.349822
49 29 0.347415
49 32 0.345822
49 21 0.436184
49 28 0.352232
49 17 0.481191
49 24 0.403572
49 31 0.351315
49 19 0.471389
49 44 0.282282
49 20 0.465573
49 22 0.433879
49 25 0.391539
49 36 0.371114
49 40 0.350906
49 37 0.391658
49 42 0.359616
49 43 0.364117
49 27 0.436275
49 35 0.410574
49 34 0.420952
49 38 0.410623
49 39 0.404653
49 45 0.382939
49 41 0.406705
49 47 0.445192
49 50 0.453466
49 49 0.458966
49 48 0.463600
49 46 0.486646
50 13 0.229359
50 9 0.253569
50 12 0.237157
50 3 0.310124
50 5 0.317160
50 7 0.328931
50 11 0.327189
50 4 0.368380
50 1 0.376523
50 14 0.304958
50 10 0.372345
50 8 0.407433
50 0 0.439116
50 2 0.440513
50 30 0.272458
50 28 0.281882
50 6 0.454666
50 29 0.289794
50 27 0.348739
50 15 0.443997
50 22 0.435875
50 44 0.199262
50 17 0.485339
50 19 0.470485
50 23 0.463038
50 31 0.387351
50 20 0.497028
50 16 0.523672
50 33 0.353187
50 24 0.473107
50 21 0.536561
50 26 0.483814
50 32 0.423564
50 18 0.581881
50 35 0.461083
50 45 0.361537
50 49 0.360239
50 41 0.405455
50 34 0.477424
50 43 0.382259
50 25 0.591703
50 37 0.437900
50 38 0.447238
50 50 0.392268
50 48 0.399098
50 46 0.410279
50 36 0.521544
50 42 0.464154
50 40 0.470506
50 39 0.487988
50 47 0.441512
51 10 0.204202
51 5 0.285444
51 14 0.328359
51 12 0.355459
51 0 0.365510
51 8 0.381425
51 4 0.394440
51 11 0.389973
51 28 0.375932
51 2 0.415123
51 30 0.402838
51 44 0.393159
51 32 0.419866
51 37 0.428596
51 3 0.467265
51 1 0.486131
51 47 0.446438
51 26 0.475996
51 43 0.461301
51 7 0.499282
51 9 0.497533
51 13 0.496232
51 25 0.484960
51 33 0.475260
51 6 0.508980
51 16 0.501484
51 18 0.503673
51 34 0.493656
51 29 0.501707
51 46 0.484859
51 40 0.491378
51 19 0.531580
51 31 0.518255
51 42 0.520528
51 21 0.547523
51 20 0.566422
51 23 0.566778
51 22 0.569964
51 36 0.566178
51 41 0.571045
51 50 0.563701
51 48 0.570843
51 24 0.596211
51 39 0.580370
51 15 0.626151
51 35 0.607356
51 45 0.601763
51 38 0.623367
51 49 0.624469
51 27 0.651413
51 17 0.663640
52 1 0.246805
52 7 0.244702
52 10 0.241791
52 4 0.250021
52 5 0.250848
52 6 0.248864
52 3 0.256363
52 11 0.242193
52 8 0.253210
52 9 0.261666
52 0 0.321371
52 12 0.312845
52 14 0.300640
52 13 0.346978
52 2 0.345696
52 15 0.463185
52 17 0.442440
52 24 0.431146
52 26 0.456364
52 29 0.450710
52 31 0.449270
52 27 0.462131
52 23 0.468671
52 20 0.472831
52 25 0.469091
52 28 0.463801
52 38 0.464692
52 18 0.507147
52 33 0.480227
52 19 0.509382
52 30 0.495447
52 32 0.496011
52 21 0.512037
52 44 0.429831
52 16 0.578605
52 22 0.597767
52 41 0.526058
52 50 0.430406
52 35 0.594515
52 36 0.597389
52 45 0.497098
52 42 0.546786
52 47 0.476691
52 43 0.541154
52 39 0.602448
52 46 0.503056
52 49 0.475845
52 40 0.610103
52 48 0.511876
52 34 0.664037
52 37 0.661778
53 28 0.268201
53 14 0.284333
53 9 0.288689
53 1 0.324226
53 11 0.322252
53 33 0.324965
53 10 0.352697
53 31 0.334222
53 0 0.363734
53 2 0.363110
53 8 0.362487
53 13 0.381465
53 5 0.402224
53 30 0.393572
53 4 0.416834
53 44 0.381576
53 32 0.403368
53 12 0.425113
53 29 0.417751
53 18 0.448573
53 36 0.441137
53 15 0.463175
53 20 0.480089
53 3 0.494542
53 24 0.478816
53 34 0.469461
53 27 0.481638
53 19 0.497823
53 25 0.495235
53 23 0.508504
53 6 0.529166
53 45 0.497299
53 7 0.540592
53 35 0.533917
53 42 0.531326
53 40 0.534119
53 50 0.525293
53 21 0.558033
53 39 0.539205
53 22 0.557924
53 38 0.547868
53 17 0.574005
53 49 0.542779
53 41 0.552540
53 48 0.549609
53 16 0.587979
53 43 0.560202
53 46 0.556864
53 37 0.573445
53 26 0.586085
53 47 0.575978
54 31 0.317488
54 1 0.346575
54 11 0.339161
54 13 0.372612
54 33 0.352094
54 5 0.380152
54 9 0.377471
54 3 0.382389
54 0 0.470958
54 12 0.462631
54 7 0.467185
54 2 0.471051
54 14 0.462044
54 28 0.446882
54 8 0.467880
54 29 0.447088
54 15 0.464292
54 6 0.473916
54 4 0.479110
54 19 0.468376
54 47 0.454906
54 44 0.466860
54 20 0.493496
54 39 0.474684
54 27 0.496043
54 10 0.519770
54 36 0.494502
54 30 0.503144
54 23 0.518156
54 17 0.524259
54 22 0.534275
54 32 0.527213
54 43 0.516910
54 35 0.529685
54 21 0.552558
54 18 0.558247
54 24 0.565754
54 25 0.571817
54 50 0.546994
54 48 0.551452
54 45 0.558808
54 42 0.565493
54 41 0.569612
54 46 0.572612
54 49 0.571663
54 38 0.591055
54 26 0.605626
54 37 0.604427
54 40 0.606106
54 34 0.622826
54 16 0.650095
55 8 0.232770
55 11 0.272518
55 10 0.325706
55 14 0.323202
55 30 0.296660
55 12 0.328827
55 0 0.368211
55 2 0.389344
55 4 0.388604
55 33 0.374568
55 13 0.421966
55 7 0.429687
55 9 0.459662
55 1 0.470064
55 22 0.460749
55 28 0.450989
55 16 0.474922
55 47 0.421476
55 36 0.460422
55 18 0.492079
55 38 0.463951
55 29 0.496127
55 31 0.495227
55 32 0.494723
55 25 0.505582
55 6 0.533271
55 40 0.511720
55 50 0.495182
55 5 0.570604
55 26 0.560392
55 24 0.566892
55 45 0.527778
55 20 0.575347
55 23 0.575950
55 42 0.554487
55 44 0.546906
55 49 0.544896
55 48 0.549327
55 34 0.579706
55 35 0.590325
55 3 0.651617
55 37 0.604462
55 43 0.591889
55 39 0.609854
55 46 0.617371
55 27 0.654572
55 41 0.637129
55 15 0.702828
55 17 0.707329
55 21 0.714217
55 19 0.743207
56 9 0.224743
56 10 0.253636
56 1 0.281783
56 8 0.277394
56 11 0.272850
56 5 0.284651
56 3 0.287617
56 13 0.279952
56 20 0.259413
56 6 0.329757
56 0 0.336832
56 12 0.322643
56 17 0.428546
56 25 0.408277
56 15 0.456372
56 22 0.424757
56 7 0.480004
56 4 0.483163
56 14 0.469516
56 31 0.402991
56 28 0.408526
56 29 0.408162
56 33 0.398021
56 44 0.328752
56 2 0.494032
56 23 0.452821
56 21 0.476926
56 27 0.455035
56 34 0.449239
56 19 0.493859
56 26 0.476425
56 24 0.487870
56 32 0.493889
56 16 0.553504
56 18 0.534095
56 30 0.510991
56 41 0.465357
56 46 0.452292
56 50 0.438410
56 42 0.493027
56 35 0.547452
56 38 0.518980
56 43 0.509696
56 48 0.492181
56 37 0.543437
56 39 0.543293
56 49 0.498246
56 40 0.554777
56 47 0.530024
56 36 0.625853
56 45 0.572649
57 3 0.327998
57 9 0.329602
57 8 0.330653
57 29 0.310049
57 13 0.355688
57 44 0.350306
57 10 0.388925
57 5 0.407054
57 31 0.381165
57 11 0.403763
57 4 0.436453
57 1 0.442274
57 32 0.448443
57 0 0.488954
57 14 0.479268
57 28 0.481389
57 43 0.464304
57 15 0.495289
57 25 0.500494
57 34 0.493625
57 12 0.517967
57 39 0.513016
57 18 0.540512
57 30 0.545819
57 38 0.548830
57 26 0.571455
57 2 0.601206
57 33 0.573720
57 24 0.589881
57 16 0.601907
57 6 0.625719
57 40 0.609760
57 7 0.647069
57 47 0.610813
57 50 0.613572
57 27 0.647580
57 19 0.658856
57 22 0.662285
57 36 0.654488
57 45 0.652036
57 41 0.657061
57 17 0.687696
57 35 0.680607
57 23 0.698415
57 42 0.677225
57 48 0.672914
57 20 0.711566
57 37 0.693553
57 49 0.685965
57 46 0.735239
57 21 0.790848
58 28 0.320561
58 32 0.320022
58 10 0.341724
58 14 0.340069
58 3 0.365201
58 30 0.369807
58 0 0.420090
58 12 0.438082
58 8 0.456494
58 29 0.443795
58 1 0.486534
58 4 0.484773
58 2 0.521425
58 44 0.491214
58 16 0.520183
58 9 0.536854
58 7 0.570057
58 5 0.594244
58 13 0.592892
58 31 0.586853
58 18 0.607228
58 6 0.619685
58 33 0.602629
58 11 0.629707
58 24 0.619497
58 34 0.609723
58 17 0.628173
58 48 0.609993
58 43 0.630563
58 38 0.642517
58 22 0.683532
58 21 0.689689
58 27 0.699626
58 46 0.687387
58 15 0.718601
58 25 0.726039
58 40 0.714205
58 36 0.718876
58 23 0.733538
58 42 0.725597
58 19 0.753597
58 39 0.738432
58 41 0.736936
58 26 0.753999
58 20 0.762511
58 50 0.756965
58 45 0.765471
58 37 0.778723
58 35 0.814195
58 49 0.806700
58 47 0.821500
59 10 0.258917
59 9 0.277110
59 13 0.313213
59 11 0.320719
59 1 0.348525
59 5 0.345251
59 28 0.317002
59 4 0.364297
59 12 0.365028
59 3 0.373532
59 30 0.337102
59 32 0.359591
59 8 0.415717
59 33 0.370722
59 14 0.437588
59 2 0.458822
59 7 0.461776
59 34 0.428651
59 29 0.446050
59 43 0.424107
59 16 0.487784
59 31 0.491559
59 18 0.522522
59 17 0.528726
59 25 0.529267
59 0 0.570170
59 21 0.555758
59 23 0.553169
59 15 0.576437
59 26 0.563047
59 37 0.551081
59 44 0.537220
59 22 0.600644
59 39 0.571404
59 36 0.583884
59 6 0.663189
59 40 0.617488
59 41 0.641615
59 49 0.440523
59 45 0.550064
59 27 0.715927
59 42 0.681876
59 20 0.735541
59 35 0.718838
59 47 0.570175
59 19 0.758709
59 38 0.731005
59 24 0.756054
59 48 0.573758
59 46 0.647646
59 50 0.576004
60 8 0.277247
60 10 0.304784
60 13 0.357538
60 28 0.346143
60 44 0.323885
60 3 0.414400
60 0 0.425255
60 14 0.430350
60 1 0.466408
60 30 0.457428
60 5 0.508528
60 12 0.540438
60 45 0.494034
60 9 0.556973
60 33 0.521567
60 40 0.530604
60 32 0.563172
60 18 0.593515
60 4 0.611713
60 6 0.638476
60 39 0.594143
60 11 0.641251
60 7 0.650590
60 50 0.596287
60 38 0.632305
60 48 0.615685
60 42 0.632093
60 29 0.662713
60 36 0.649513
60 2 0.706042
60 24 0.680211
60 15 0.699970
60 31 0.681946
60 43 0.667125
60 26 0.706457
60 20 0.723489
60 16 0.758177
60 46 0.748027
60 22 0.797804
60 34 0.789291
60 21 0.814011
60 23 0.816826
60 35 0.805050
60 41 0.799770
60 47 0.798918
60 17 0.868852
60 19 0.899352
60 37 0.865071
60 49 0.856345
60 25 0.907808
60 27 0.910637
61 9 0.265001
61 11 0.269394
61 10 0.277500
61 8 0.279682
61 13 0.301967
61 14 0.366460
61 4 0.469954
61 0 0.490356
61 44 0.401161
61 5 0.498010
61 6 0.501584
61 2 0.513889
61 12 0.502599
61 31 0.472270
61 3 0.545902
61 7 0.542829
61 15 0.536801
61 1 0.557245
61 19 0.545766
61 18 0.571068
61 33 0.543064
61 29 0.570910
61 30 0.623694
61 28 0.634840
61 43 0.609956
61 40 0.653565
61 32 0.674997
61 35 0.689184
61 46 0.678036
61 34 0.734264
61 23 0.761437
61 25 0.765066
61 21 0.784486
61 24 0.778994
61 37 0.758592
61 47 0.731944
61 16 0.821454
61 38 0.789861
61 27 0.824708
61 45 0.776577
61 39 0.798363
61 22 0.842909
61 49 0.781560
61 20 0.863992
61 36 0.827413
61 26 0.893101
61 17 0.918257
61 42 0.855539
61 48 0.848502
61 50 0.850252
61 41 0.876254
62 0 0.291892
62 5 0.301371
62 3 0.306206
62 8 0.301198
62 12 0.300628
62 1 0.330970
62 13 0.353026
62 2 0.369627
62 10 0.358891
62 6 0.608700
62 9 0.605821
62 30 0.546371
62 32 0.543796
62 7 0.610811
62 44 0.495627
62 11 0.606154
62 14 0.602567
62 28 0.555586
62 36 0.535500
62 4 0.620822
62 16 0.604137
62 18 0.628304
62 33 0.589299
62 40 0.555160
62 20 0.620608
62 34 0.603306
62 29 0.619495
62 22 0.655886
62 26 0.659860
62 31 0.657813
62 46 0.620409
62 24 0.714403
62 38 0.700079
62 15 0.785987
62 23 0.761597
62 47 0.685381
62 42 0.702705
62 48 0.691686
62 21 0.791674
62 50 0.705958
62 25 0.780933
62 35 0.765897
62 45 0.730289
62 19 0.815019
62 17 0.845461
62 39 0.778871
62 43 0.784100
62 37 0.826973
62 41 0.808506
62 49 0.800293
62 27 0.882602
63 11 0.355007
63 12 0.361032
63 4 0.367971
63 2 0.396211
63 3 0.407165
63 33 0.378866
63 0 0.434060
63 28 0.425096
63 5 0.448588
63 13 0.442842
63 9 0.446578
63 10 0.463066
63 31 0.448527
63 1 0.478729
63 29 0.459431
63 7 0.483926
63 43 0.459129
63 44 0.514669
63 8 0.553488
63 14 0.548877
63 15 0.547881
63 32 0.533193
63 18 0.553043
63 30 0.549373
63 50 0.553291
63 34 0.600009
63 22 0.622921
63 26 0.622417
63 24 0.625552
63 36 0.613644
63 6 0.648332
63 37 0.631627
63 25 0.647466
63 21 0.660113
63 16 0.668227
63 35 0.656499
63 40 0.652339
63 38 0.656897
63 20 0.691816
63 42 0.668973
63 39 0.674984
63 45 0.671898
63 48 0.674141
63 47 0.682690
63 27 0.711214
63 17 0.733640
63 19 0.737129
63 23 0.738325
63 46 0.733667
63 49 0.736188
63 41 0.770173
64 13 0.326754
64 8 0.360379
64 33 0.360724
64 3 0.417795
64 30 0.423825
64 0 0.462516
64 12 0.456289
64 1 0.525732
64 28 0.501793
64 9 0.529415
64 29 0.548874
64 32 0.547786
64 5 0.600935
64 6 0.600153
64 2 0.612620
64 14 0.603558
64 10 0.606739
64 31 0.592471
64 11 0.619047
64 38 0.603342
64 43 0.607818
64 19 0.634164
64 44 0.615198
64 23 0.644214
64 40 0.641574
64 42 0.648560
64 50 0.655899
64 45 0.670691
64 27 0.696734
64 39 0.688612
64 21 0.708455
64 25 0.704731
64 35 0.697825
64 17 0.718308
64 16 0.723624
64 47 0.691285
64 48 0.700236
64 26 0.739878
64 4 0.770893
64 20 0.773328
64 15 0.784479
64 36 0.766929
64 22 0.783521
64 49 0.762140
64 24 0.808609
64 7 0.823302
64 46 0.784770
64 41 0.804652
64 37 0.819288
64 34 0.822203
64 18 0.879665
65 8 0.304174
65 5 0.312857
65 3 0.326314
65 13 0.349802
65 9 0.363856
65 0 0.387893
65 11 0.391198
65 1 0.401366
65 14 0.391341
65 28 0.380520
65 31 0.379307
65 29 0.403431
65 25 0.462301
65 30 0.462851
65 44 0.456042
65 27 0.479267
65 18 0.495947
65 4 0.509030
65 33 0.479246
65 47 0.461295
65 39 0.481776
65 23 0.506730
65 38 0.494373
65 32 0.508535
65 34 0.506828
65 7 0.546057
65 50 0.504590
65 15 0.549378
65 16 0.567858
65 48 0.527985
65 42 0.544790
65 20 0.576279
65 12 0.585193
65 36 0.558383
65 45 0.550179
65 35 0.572412
65 26 0.586843
65 41 0.571797
65 6 0.610399
65 10 0.612755
65 24 0.612494
65 22 0.620224
65 37 0.609397
65 2 0.662109
65 43 0.630028
65 17 0.672328
65 40 0.662417
65 49 0.657546
65 46 0.679103
65 19 0.749584
65 21 0.779062
66 8 0.196562
66 10 0.230456
66 0 0.265770
66 9 0.276299
66 1 0.298257
66 11 0.278656
66 4 0.305457
66 13 0.291380
66 12 0.517227
66 30 0.451646
66 16 0.504689
66 5 0.530404
66 18 0.501625
66 14 0.513941
66 20 0.505424
66 7 0.535151
66 2 0.546070
66 6 0.545858
66 3 0.570815
66 29 0.504560
66 19 0.556658
66 28 0.554015
66 17 0.602272
66 32 0.586269
66 15 0.649168
66 44 0.576983
66 33 0.605395
66 31 0.617823
66 22 0.653896
66 24 0.658377
66 41 0.642623
66 21 0.699805
66 40 0.653806
66 39 0.656241
66 43 0.661610
66 27 0.697248
66 26 0.704939
66 37 0.695080
66 34 0.713171
66 35 0.727518
66 49 0.700173
66 38 0.747021
66 45 0.740301
66 36 0.764840
66 48 0.743507
66 46 0.761741
66 50 0.739093
66 23 0.821114
66 42 0.787474
66 25 0.835000
66 47 0.816613
67 31 0.343610
67 3 0.375111
67 13 0.390183
67 33 0.393725
67 1 0.463650
67 5 0.470381
67 11 0.461111
67 9 0.463538
67 32 0.469713
67 29 0.473335
67 35 0.558268
67 41 0.598055
67 19 0.628115
67 28 0.633429
67 7 0.674465
67 14 0.683345
67 49 0.647764
67 44 0.662715
67 25 0.684212
67 0 0.711516
67 15 0.705412
67 45 0.701593
67 30 0.722070
67 8 0.743801
67 21 0.731486
67 27 0.727295
67 17 0.751552
67 39 0.731777
67 20 0.751739
67 47 0.729875
67 43 0.740580
67 4 0.809004
67 10 0.812717
67 37 0.792072
67 12 0.817686
67 42 0.793131
67 40 0.828745
67 23 0.851740
67 18 0.857139
67 50 0.836712
67 24 0.870569
67 36 0.873959
67 26 0.931154
67 46 0.928591
67 16 0.965748
67 6 0.988250
67 2 0.998205
67 38 0.964008
67 48 0.958494
67 34 0.992936
67 22 1.034728
68 8 0.265608
68 12 0.366786
68 11 0.423655
68 2 0.433201
68 9 0.456136
68 10 0.496691
68 6 0.500299
68 0 0.539190
68 5 0.540242
68 32 0.507083
68 44 0.501086
68 22 0.549589
68 20 0.556317
68 14 0.572139
68 34 0.538740
68 30 0.566579
68 28 0.584941
68 4 0.634435
68 24 0.646201
68 26 0.649102
68 13 0.704205
68 38 0.671328
68 42 0.667489
68 50 0.651581
68 31 0.693963
68 46 0.665931
68 29 0.706023
68 18 0.730747
68 40 0.704711
68 25 0.727911
68 35 0.720696
68 48 0.697233
68 39 0.720061
68 33 0.733464
68 3 0.812783
68 49 0.740908
68 16 0.803050
68 36 0.772419
68 19 0.807883
68 17 0.830834
68 7 0.859055
68 15 0.863567
68 27 0.845254
68 23 0.857544
68 47 0.814969
68 1 0.895824
68 21 0.872453
68 41 0.879524
68 45 0.872046
68 37 0.920203
68 43 0.947473
69 8 0.360732
69 11 0.369877
69 7 0.416061
69 9 0.431778
69 13 0.435491
69 14 0.464603
69 33 0.425741
69 5 0.482052
69 29 0.452472
69 17 0.481927
69 12 0.511674
69 31 0.493170
69 0 0.554078
69 1 0.553753
69 47 0.510605
69 39 0.519211
69 3 0.590275
69 10 0.601606
69 44 0.539595
69 6 0.647105
69 49 0.572628
69 4 0.651360
69 19 0.643057
69 41 0.605570
69 15 0.676309
69 2 0.699350
69 46 0.622622
69 30 0.659493
69 43 0.647772
69 28 0.673305
69 27 0.676922
69 26 0.682663
69 32 0.680328
69 23 0.701566
69 40 0.676143
69 37 0.686038
69 25 0.710043
69 48 0.690950
69 21 0.753171
69 35 0.734072
69 38 0.738613
69 45 0.751290
69 36 0.801807
69 24 0.831235
69 50 0.796348
69 16 0.863241
69 42 0.815369
69 34 0.834726
69 20 0.865494
69 22 0.887091
69 18 0.905596
70 8 0.336472
70 10 0.365826
70 12 0.366031
70 9 0.397314
70 14 0.400574
70 2 0.492199
70 44 0.411955
70 6 0.513606
70 0 0.549929
70 3 0.549442
70 1 0.557483
70 28 0.539943
70 13 0.580854
70 4 0.615454
70 31 0.566924
70 32 0.581010
70 11 0.676848
70 30 0.647136
70 29 0.681120
70 33 0.686067
70 36 0.700025
70 24 0.742510
70 16 0.780461
70 40 0.733772
70 48 0.720714
70 7 0.826719
70 5 0.833801
70 42 0.762717
70 26 0.814516
70 21 0.838893
70 20 0.852947
70 38 0.810299
70 46 0.792268
70 18 0.869851
70 25 0.866725
70 27 0.872837
70 50 0.812984
70 35 0.875566
70 45 0.851653
70 37 0.879065
70 34 0.889748
70 22 0.926044
70 49 0.877514
70 19 0.968699
70 15 1.004557
70 41 0.945738
70 43 0.949701
70 39 0.988783
70 47 0.977210
70 23 1.072718
70 17 1.097376
71 9 0.335659
71 10 0.424044
71 29 0.432742
71 14 0.466424
71 8 0.475745
71 13 0.493448
71 0 0.518575
71 3 0.526911
71 12 0.532252
71 1 0.589134
71 15 0.637400
71 6 0.675218
71 11 0.672720
71 31 0.637564
71 4 0.686886
71 7 0.684365
71 2 0.718769
71 28 0.675838
71 16 0.703733
71 48 0.653964
71 44 0.672683
71 30 0.704867
71 32 0.723853
71 33 0.733128
71 5 0.790463
71 47 0.720981
71 39 0.750327
71 26 0.784351
71 35 0.774012
71 42 0.764403
71 43 0.774985
71 46 0.771630
71 21 0.849694
71 36 0.823124
71 25 0.856999
71 37 0.830790
71 38 0.848728
71 23 0.887305
71 20 0.911833
71 19 0.933922
71 50 0.879075
71 18 0.948755
71 40 0.904070
71 22 0.946894
71 17 0.961138
71 45 0.903574
71 27 0.956511
71 41 0.934490
71 24 0.975497
71 49 0.928183
71 34 0.984165
72 8 0.234123
72 11 0.377816
72 1 0.424098
72 3 0.422991
72 14 0.417038
72 29 0.397818
72 0 0.449401
72 30 0.419124
72 31 0.422441
72 10 0.465651
72 7 0.471697
72 20 0.447499
72 9 0.469443
72 2 0.497144
72 5 0.495275
72 27 0.461869
72 39 0.467917
72 28 0.483118
72 33 0.504422
72 12 0.554439
72 35 0.532996
72 15 0.574528
72 43 0.538199
72 13 0.601528
72 17 0.598115
72 4 0.625473
72 25 0.595229
72 6 0.633782
72 44 0.585592
72 50 0.586796
72 45 0.599564
72 32 0.627804
72 23 0.645522
72 47 0.630612
72 21 0.667243
72 37 0.663866
72 26 0.691038
72 48 0.666488
72 46 0.678049
72 22 0.719709
72 24 0.718255
72 16 0.732781
72 41 0.705312
72 19 0.739796
72 42 0.731589
72 36 0.741153
72 38 0.738779
72 18 0.772898
72 49 0.746112
72 34 0.770890
72 40 0.797212
73 8 0.300564
73 10 0.302194
73 12 0.341813
73 9 0.426864
73 14 0.426734
73 11 0.586136
73 13 0.581931
73 2 0.609832
73 31 0.529656
73 30 0.531416
73 5 0.601035
73 0 0.685652
73 6 0.659100
73 3 0.672495
73 44 0.597285
73 1 0.711085
73 4 0.699974
73 29 0.693801
73 28 0.711191
73 16 0.777007
73 7 0.800355
73 40 0.746694
73 42 0.752070
73 36 0.778650
73 26 0.807205
73 50 0.780021
73 15 0.855132
73 32 0.821261
73 43 0.809070
73 33 0.829003
73 39 0.845129
73 48 0.886648
73 45 0.915132
73 17 0.998614
73 35 0.953233
73 34 0.961633
73 25 0.996879
73 46 0.983055
73 19 1.047166
73 18 1.058854
73 41 1.001214
73 38 1.017025
73 47 1.006510
73 27 1.044164
73 23 1.057032
73 21 1.080110
73 20 1.096282
73 37 1.084297
73 49 1.071862
73 24 1.116773
73 22 1.155801
74 10 0.292802
74 11 0.368238
74 9 0.380263
74 31 0.505545
74 33 0.537420
74 29 0.550002
74 15 0.592990
74 5 0.612339
74 12 0.599575
74 1 0.629999
74 3 0.635660
74 7 0.665587
74 8 0.713194
74 16 0.701276
74 2 0.727825
74 28 0.710418
74 32 0.723642
74 13 0.777962
74 14 0.778353
74 19 0.770605
74 37 0.737493
74 23 0.774282
74 4 0.827413
74 44 0.761698
74 17 0.820365
74 27 0.803809
74 39 0.794718
74 22 0.833841
74 26 0.824448
74 18 0.858502
74 30 0.828911
74 25 0.842912
74 47 0.821491
74 21 0.870656
74 6 0.946477
74 43 0.871819
74 50 0.879504
74 0 0.988193
74 38 0.909365
74 45 0.906333
74 34 0.925477
74 41 0.917920
74 46 0.917465
74 42 0.932086
74 49 0.926311
74 40 0.937342
74 35 0.947786
74 36 0.986064
74 20 1.068813
74 48 1.040221
74 24 1.100869
75 12 0.282087
75 10 0.343102
75 13 0.365288
75 8 0.420034
75 14 0.440788
75 9 0.554044
75 44 0.514344
75 11 0.614810
75 0 0.647779
75 2 0.682674
75 32 0.627568
75 30 0.640407
75 17 0.751594
75 5 0.777700
75 3 0.796634
75 4 0.813066
75 29 0.769241
75 33 0.758191
75 1 0.837871
75 28 0.794539
75 20 0.813738
75 7 0.847205
75 22 0.868512
75 40 0.839024
75 31 0.873303
75 6 0.961079
75 16 0.947543
75 18 0.966317
75 35 0.962141
75 49 0.915639
75 42 0.950895
75 36 0.998929
75 46 0.959739
75 26 1.041254
75 43 1.009002
75 34 1.044575
75 38 1.051490
75 24 1.090831
75 15 1.116665
75 50 1.025046
75 19 1.117979
75 39 1.083398
75 48 1.051299
75 45 1.081218
75 25 1.160405
75 23 1.167688
75 41 1.134821
75 37 1.145820
75 21 1.202271
75 27 1.213072
75 47 1.160546
76 9 0.390607
76 8 0.401831
76 12 0.317323
76 14 0.381236
76 3 0.568685
76 1 0.590350
76 31 0.258853
76 10 0.511692
76 0 0.625798
76 7 0.634425
76 5 0.638552
76 11 0.542858
76 6 0.673302
76 29 0.376144
76 13 0.603481
76 15 0.609943
76 2 0.756551
76 30 0.454085
76 4 0.795892
76 28 0.554786
76 33 0.351056
76 44 0.266997
76 32 0.489930
76 22 0.790641
76 19 0.840648
76 17 0.855241
76 18 0.854243
76 23 0.865125
76 21 0.902720
76 25 0.919400
76 16 0.979683
76 20 1.016212
76 24 1.016234
76 26 1.002028
76 34 0.698761
76 27 1.021963
76 37 0.706822
76 47 0.646086
76 40 0.698492
76 35 0.780079
76 38 0.746500
76 49 0.685255
76 41 0.731199
76 45 0.726847
76 36 0.812776
76 43 0.731566
76 46 0.734134
76 39 0.763725
76 42 0.774407
76 50 0.767313
76 48 0.792371
77 8 0.371702
77 10 0.371393
77 9 0.413045
77 14 0.419633
77 12 0.441863
77 44 0.497290
77 11 0.638532
77 5 0.671364
77 28 0.630657
77 13 0.733242
77 2 0.830460
77 31 0.791619
77 36 0.791507
77 0 0.916117
77 7 0.917218
77 16 0.900930
77 37 0.838682
77 6 0.924373
77 3 0.942926
77 32 0.866834
77 15 0.933430
77 40 0.837265
77 18 0.939420
77 17 0.944789
77 1 0.974846
77 29 0.942221
77 4 1.013280
77 35 0.926463
77 30 0.944102
77 42 0.889597
77 25 0.965532
77 33 0.930535
77 50 0.903234
77 45 0.921204
77 46 0.930222
77 38 0.974005
77 49 0.956020
77 43 0.982239
77 23 1.074233
77 24 1.096581
77 20 1.113275
77 47 1.023622
77 27 1.143933
77 21 1.175076
77 26 1.177296
77 39 1.120438
77 48 1.128701
77 19 1.246264
77 41 1.181654
77 34 1.247023
77 22 1.320059
78 3 0.415293
78 11 0.431607
78 8 0.448249
78 9 0.456441
78 25 0.471982
78 1 0.498821
78 13 0.512277
78 31 0.513472
78 44 0.497044
78 0 0.655320
78 29 0.632506
78 20 0.657846
78 10 0.679987
78 27 0.699340
78 14 0.726156
78 33 0.737294
78 6 0.801254
78 32 0.770995
78 5 0.802978
78 4 0.804364
78 30 0.774627
78 7 0.834828
78 28 0.820675
78 2 0.852675
78 12 0.886322
78 40 0.867164
78 34 0.900697
78 39 0.904763
78 17 0.936773
78 24 0.953401
78 18 0.967585
78 36 0.947922
78 47 0.939113
78 43 0.950460
78 22 0.997371
78 23 1.011948
78 46 1.003934
78 26 1.037510
78 48 1.018311
78 35 1.037340
78 15 1.071489
78 50 1.036334
78 45 1.076441
78 41 1.090812
78 38 1.094326
78 21 1.114792
78 37 1.121811
78 49 1.145130
78 19 1.188955
78 16 1.207201
78 42 1.197086
79 28 0.445111
79 11 0.470611
79 9 0.480684
79 24 0.584771
79 14 0.600663
79 44 0.567380
79 10 0.624921
79 8 0.641863
79 22 0.684223
79 13 0.725758
79 2 0.772301
79 40 0.720227
79 0 0.781596
79 12 0.771445
79 6 0.785014
79 4 0.789761
79 32 0.797808
79 30 0.803460
79 27 0.817242
79 29 0.818136
79 34 0.823701
79 3 0.872691
79 45 0.821508
79 33 0.845595
79 20 0.881945
79 1 0.916403
79 31 0.886034
79 35 0.945531
79 21 0.967632
79 36 0.958237
79 18 0.990411
79 16 0.997809
79 41 0.967312
79 49 0.956766
79 26 0.996633
79 42 0.997287
79 7 1.068627
79 50 1.008231
79 17 1.065832
79 23 1.084228
79 25 1.093301
79 5 1.121381
79 15 1.111965
79 43 1.072684
79 38 1.080451
79 48 1.067435
79 39 1.111283
79 46 1.122343
79 37 1.140365
79 47 1.124618
79 19 1.269438
80 9 0.445161
80 14 0.543210
80 11 0.631361
80 31 0.612374
80 33 0.709404
80 32 0.723358
80 29 0.744864
80 39 0.766140
80 3 0.799964
80 13 0.827005
80 8 0.831474
80 28 0.813777
80 17 0.826661
80 15 0.964212
80 47 0.927501
80 30 0.949277
80 5 0.973764
80 44 0.932903
80 7 0.973740
80 1 0.997362
80 10 1.009409
80 37 0.983971
80 19 1.015164
80 25 1.009164
80 18 1.028020
80 12 1.070663
80 36 1.056422
80 16 1.090660
80 0 1.157105
80 43 1.115120
80 20 1.164934
80 48 1.163400
80 50 1.160242
80 21 1.224500
80 26 1.237289
80 2 1.290436
80 4 1.318523
80 40 1.294076
80 34 1.309946
80 6 1.337682
80 35 1.332308
80 38 1.354597
80 27 1.378460
80 42 1.374539
80 49 1.389404
80 23 1.427568
80 41 1.441247
80 24 1.470046
80 45 1.454516
80 46 1.463346
80 22 1.508822
81 8 0.392021
81 12 0.403058
81 28 0.468912
81 14 0.559071
81 0 0.576390
81 5 0.590986
81 10 0.606297
81 29 0.590981
81 1 0.650740
81 32 0.622815
81 3 0.677287
81 31 0.672799
81 44 0.665211
81 33 0.706478
81 9 0.749562
81 30 0.767528
81 42 0.765208
81 13 0.828147
81 11 0.831593
81 47 0.773688
81 7 0.854318
81 2 0.868273
81 37 0.831095
81 35 0.879863
81 45 0.864016
81 4 0.938099
81 6 0.944432
81 20 0.925200
81 22 0.938546
81 46 0.938024
81 36 0.956857
81 24 0.982466
81 38 0.965615
81 16 1.014655
81 19 1.011925
81 23 1.008817
81 50 0.984722
81 18 1.040506
81 21 1.044216
81 26 1.055108
81 34 1.096907
81 17 1.131856
81 15 1.138870
81 39 1.116726
81 43 1.114397
81 40 1.144647
81 27 1.173359
81 25 1.197057
81 49 1.182968
81 48 1.186313
81 41 1.242081
82 8 0.436441
82 12 0.452407
82 10 0.470759
82 11 0.481228
82 9 0.486836
82 0 0.563214
82 44 0.506104
82 3 0.568970
82 1 0.690559
82 28 0.660619
82 4 0.729046
82 5 0.729312
82 14 0.738441
82 33 0.704210
82 13 0.808171
82 6 0.832791
82 30 0.797850
82 32 0.814813
82 29 0.854584
82 25 0.937016
82 34 0.926167
82 45 0.930075
82 31 0.956730
82 2 1.001510
82 22 0.969171
82 21 1.005966
82 38 0.991256
82 41 0.996570
82 7 1.108079
82 36 1.066973
82 47 1.063094
82 27 1.109854
82 15 1.158699
82 18 1.161851
82 50 1.114585
82 23 1.146008
82 46 1.145170
82 42 1.155151
82 43 1.160135
82 40 1.169115
82 20 1.202986
82 24 1.192470
82 17 1.219489
82 37 1.186729
82 49 1.205173
82 19 1.258047
82 35 1.243011
82 16 1.293120
82 26 1.277381
82 48 1.259583
82 39 1.306158
83 9 0.401045
83 13 0.540578
83 29 0.504287
83 11 0.543553
83 8 0.546969
83 5 0.553620
83 7 0.549254
83 3 0.558926
83 33 0.529901
83 1 0.663753
83 14 0.681495
83 41 0.718998
83 43 0.728241
83 39 0.740549
83 40 0.739466
83 12 0.793660
83 18 0.780952
83 19 0.777987
83 49 0.765251
83 31 0.787095
83 10 0.852917
83 45 0.807558
83 32 0.834691
83 2 0.890620
83 27 0.861100
83 25 0.870253
83 23 0.877978
83 30 0.901283
83 44 0.886260
83 42 0.893030
83 37 0.905721
83 0 0.987824
83 28 0.944635
83 50 0.945005
83 21 0.989010
83 4 1.026658
83 6 1.028701
83 17 1.026399
83 47 0.994537
83 16 1.097125
83 48 1.058449
83 36 1.078234
83 38 1.077118
83 15 1.158338
83 46 1.110889
83 20 1.148719
83 22 1.157755
83 34 1.162461
83 35 1.160932
83 26 1.176723
83 24 1.200017
84 13 0.459112
84 10 0.508531
84 44 0.487442
84 14 0.527922
84 8 0.557763
84 12 0.586576
84 31 0.576171
84 11 0.610939
84 30 0.599337
84 5 0.662130
84 32 0.662364
84 9 0.707806
84 0 0.726290
84 33 0.751348
84 29 0.775051
84 23 0.802617
84 28 0.830842
84 34 0.824801
84 49 0.806878
84 38 0.840776
84 27 0.855810
84 1 0.883285
84 4 0.886116
84 37 0.913216
84 6 0.952242
84 45 0.914640
84 47 0.918635
84 24 0.953461
84 42 0.937795
84 36 0.954007
84 2 0.989325
84 39 0.958815
84 22 0.979953
84 17 0.992525
84 7 1.003168
84 26 0.988566
84 48 0.971497
84 25 1.006128
84 40 0.993589
84 16 1.023442
84 41 1.002735
84 18 1.042676
84 20 1.041805
84 3 1.069163
84 50 1.026621
84 19 1.068131
84 21 1.078503
84 43 1.067254
84 35 1.079782
84 46 1.065831
84 15 1.211840
85 9 0.370203
85 11 0.430590
85 29 0.442069
85 3 0.504248
85 30 0.541138
85 5 0.578900
85 13 0.617703
85 8 0.693670
85 24 0.693920
85 4 0.718810
85 33 0.745164
85 27 0.760671
85 0 0.788374
85 1 0.796757
85 32 0.774374
85 28 0.804414
85 31 0.808589
85 44 0.818988
85 14 0.852302
85 10 0.894971
85 7 0.913478
85 15 0.913819
85 19 0.920817
85 25 0.915793
85 37 0.919822
85 12 0.953773
85 34 0.941867
85 38 0.952027
85 6 1.016802
85 36 0.996205
85 23 1.019647
85 45 1.034221
85 17 1.083838
85 22 1.099998
85 35 1.130215
85 47 1.117928
85 49 1.122531
85 48 1.147420
85 46 1.158709
85 2 1.202001
85 43 1.178004
85 40 1.182493
85 21 1.211845
85 41 1.207109
85 39 1.214265
85 20 1.252552
85 26 1.251971
85 42 1.234097
85 16 1.289272
85 18 1.307890
85 50 1.277893
86 8 0.391362
86 10 0.395723
86 12 0.425444
86 14 0.505003
86 31 0.509376
86 32 0.529265
86 28 0.575494
86 13 0.675603
86 11 0.680037
86 29 0.653701
86 9 0.724826
86 30 0.715076
86 5 0.820844
86 46 0.778821
86 44 0.782441
86 6 0.859557
86 37 0.831490
86 20 0.861538
86 33 0.843327
86 0 0.913042
86 4 0.920666
86 2 0.956225
86 15 1.013960
86 36 1.001591
86 21 1.050717
86 38 1.033844
86 47 1.033056
86 40 1.055207
86 45 1.055442
86 3 1.161718
86 7 1.192044
86 24 1.173286
86 1 1.203849
86 34 1.166519
86 22 1.191266
86 18 1.209011
86 42 1.180003
86 16 1.222534
86 35 1.196627
86 48 1.198496
86 43 1.223378
86 26 1.251119
86 39 1.234916
86 25 1.255616
86 27 1.269260
86 41 1.262841
86 23 1.286542
86 19 1.300338
86 50 1.291117
86 49 1.296419
86 17 1.384086
87 8 0.375589
87 13 0.445667
87 12 0.457700
87 11 0.484690
87 31 0.466695
87 9 0.522868
87 29 0.558497
87 33 0.627957
87 10 0.726237
87 44 0.717361
87 7 0.841263
87 5 0.846319
87 1 0.871154
87 6 0.881754
87 21 0.858743
87 15 0.886978
87 0 0.905374
87 14 0.890297
87 25 0.881884
87 28 0.887607
87 19 0.932638
87 40 0.884698
87 27 0.930285
87 3 0.992686
87 32 0.953244
87 30 0.969207
87 37 0.978486
87 47 1.001222
87 39 1.024517
87 2 1.111414
87 35 1.044104
87 45 1.036231
87 36 1.092120
87 24 1.141040
87 42 1.109064
87 41 1.118592
87 26 1.163740
87 17 1.190578
87 48 1.109918
87 4 1.212785
87 46 1.150749
87 38 1.171603
87 23 1.217904
87 34 1.195050
87 50 1.174949
87 43 1.211411
87 22 1.292974
87 18 1.336925
87 16 1.349112
87 49 1.318693
87 20 1.482130
88 9 0.415196
88 8 0.443586
88 10 0.441207
88 14 0.589079
88 3 0.680497
88 2 0.695776
88 4 0.751815
88 12 0.745097
88 44 0.682852
88 0 0.807766
88 5 0.817558
88 13 0.825455
88 7 0.838152
88 32 0.779951
88 28 0.803041
88 30 0.802403
88 1 0.892090
88 33 0.874332
88 31 0.901851
88 6 1.010080
88 18 0.998296
88 15 1.043975
88 11 1.084646
88 29 1.039218
88 16 1.177254
88 40 1.128607
88 43 1.183018
88 46 1.190390
88 36 1.219326
88 38 1.265407
88 21 1.336371
88 24 1.335765
88 49 1.288441
88 19 1.364884
88 50 1.292126
88 42 1.315499
88 17 1.390803
88 45 1.322209
88 25 1.366824
88 34 1.352917
88 48 1.356605
88 39 1.380124
88 35 1.409824
88 26 1.435786
88 20 1.472327
88 22 1.474962
88 41 1.429048
88 47 1.425803
88 27 1.472553
88 37 1.486976
88 23 1.601568
89 13 0.475946
89 31 0.450632
89 33 0.534868
89 29 0.550108
89 9 0.603051
89 12 0.636287
89 14 0.658438
89 8 0.669178
89 11 0.779113
89 1 0.809664
89 5 0.807356
89 10 0.904863
89 7 0.943233
89 44 0.893430
89 3 0.961147
89 35 0.972243
89 32 0.990139
89 17 1.074375
89 0 1.127278
89 30 1.073711
89 28 1.082638
89 2 1.204979
89 6 1.211800
89 40 1.176751
89 4 1.258326
89 45 1.192091
89 41 1.211222
89 24 1.246993
89 43 1.222129
89 36 1.252799
89 49 1.251427
89 46 1.266030
89 19 1.308317
89 22 1.328957
89 21 1.338712
89 37 1.312091
89 50 1.313151
89 18 1.365128
89 27 1.345594
89 23 1.362980
89 15 1.383818
89 34 1.360784
89 47 1.352561
89 26 1.411484
89 16 1.493848
89 42 1.458589
89 20 1.507376
89 25 1.503662
89 38 1.487149
89 39 1.569934
89 48 1.637582
90 12 0.455890
90 8 0.467365
90 32 0.455667
90 10 0.523507
90 14 0.677575
90 30 0.687947
90 29 0.727551
90 31 0.744641
90 20 0.759221
90 40 0.753672
90 5 0.806546
90 6 0.806971
90 1 0.831667
90 13 0.824847
90 4 0.831864
90 44 0.792861
90 46 0.814454
90 28 0.838090
90 11 0.859616
90 33 0.840172
90 38 0.854695
90 0 0.896821
90 18 0.892725
90 16 0.916682
90 43 0.918161
90 9 0.997404
90 7 1.013876
90 3 1.016984
90 2 1.025192
90 24 1.034849
90 35 1.037754
90 26 1.086009
90 47 1.103864
90 25 1.136044
90 22 1.139872
90 21 1.149735
90 34 1.145632
90 45 1.141440
90 36 1.161811
90 27 1.188326
90 39 1.182622
90 19 1.243932
90 17 1.251036
90 37 1.237791
90 50 1.229684
90 42 1.242445
90 41 1.246055
90 48 1.251768
90 49 1.276610
90 23 1.385604
90 15 1.393893
91 9 0.417453
91 8 0.475524
91 33 0.484296
91 5 0.615923
91 29 0.602180
91 1 0.642820
91 11 0.631326
91 13 0.650528
91 7 0.659133
91 30 0.685134
91 4 0.771896
91 44 0.741708
91 28 0.768680
91 31 0.784998
91 3 0.824715
91 14 0.837791
91 32 0.842139
91 10 0.889379
91 35 0.893686
91 19 0.910597
91 12 0.928280
91 17 0.955856
91 37 0.935674
91 23 0.973859
91 0 1.055134
91 15 1.049769
91 45 1.022238
91 21 1.077507
91 47 1.063971
91 2 1.119757
91 40 1.093162
91 43 1.087943
91 22 1.127244
91 18 1.149659
91 38 1.161035
91 41 1.174434
91 16 1.207794
91 46 1.182086
91 6 1.230404
91 49 1.189300
91 34 1.228821
91 20 1.257222
91 24 1.262546
91 39 1.255067
91 25 1.288263
91 42 1.275577
91 50 1.319586
91 26 1.422280
91 36 1.421353
91 27 1.442484
91 48 1.441242
92 44 0.549947
92 32 0.566359
92 28 0.637598
92 30 0.636595
92 9 0.691623
92 10 0.694044
92 2 0.734015
92 12 0.727751
92 31 0.712575
92 29 0.725464
92 11 0.775946
92 3 0.793413
92 8 0.852061
92 21 0.851045
92 14 0.875523
92 33 0.900812
92 0 0.953070
92 4 0.951302
92 40 0.931905
92 6 0.967272
92 13 0.977357
92 42 1.030509
92 49 1.127196
92 27 1.199881
92 50 1.191255
92 39 1.216773
92 16 1.252954
92 19 1.279484
92 26 1.282579
92 18 1.354579
92 38 1.350999
92 23 1.377241
92 1 1.403928
92 5 1.419298
92 24 1.404735
92 22 1.425504
92 17 1.431950
92 7 1.439939
92 43 1.413707
92 35 1.444366
92 46 1.445965
92 45 1.447195
92 25 1.473995
92 20 1.488309
92 15 1.502695
92 41 1.473066
92 36 1.502780
92 37 1.504199
92 34 1.527486
92 48 1.540060
92 47 1.554203
93 11 0.425407
93 21 0.473752
93 44 0.464246
93 13 0.541079
93 14 0.635981
93 31 0.697706
93 9 0.760389
93 19 0.918681
93 3 0.963792
93 29 0.968068
93 28 0.993445
93 8 1.013368
93 1 1.018803
93 33 0.995259
93 7 1.033473
93 30 1.025487
93 12 1.136107
93 2 1.155516
93 0 1.167142
93 5 1.166617
93 15 1.187452
93 20 1.183458
93 26 1.230982
93 37 1.234190
93 10 1.271779
93 32 1.262116
93 18 1.290175
93 17 1.317377
93 49 1.287282
93 46 1.302191
93 50 1.371763
93 35 1.415417
93 24 1.459297
93 25 1.469546
93 4 1.488219
93 41 1.478816
93 22 1.515033
93 47 1.510011
93 36 1.536349
93 45 1.551094
93 27 1.583607
93 42 1.575110
93 40 1.605389
93 23 1.671866
93 39 1.664707
93 43 1.668408
93 16 1.743627
93 34 1.741998
93 48 1.764710
93 6 1.875390
93 38 1.943526
94 11 0.540704
94 44 0.570251
94 14 0.602999
94 10 0.621790
94 12 0.621400
94 30 0.647261
94 9 0.720572
94 20 0.785476
94 35 0.871345
94 29 0.909748
94 36 0.903916
94 32 0.910342
94 8 0.979837
94 0 0.986267
94 26 0.973564
94 33 0.990053
94 7 1.051137
94 13 1.048808
94 22 1.107018
94 1 1.172585
94 31 1.147499
94 5 1.171527
94 28 1.166504
94 47 1.174982
94 3 1.220841
94 27 1.213155
94 4 1.272355
94 6 1.271271
94 2 1.288649
94 24 1.283826
94 34 1.314580
94 40 1.311351
94 16 1.346660
94 25 1.350035
94 45 1.342065
94 37 1.364486
94 17 1.422541
94 50 1.399015
94 46 1.405050
94 18 1.436073
94 48 1.413699
94 39 1.427364
94 23 1.478601
94 38 1.475321
94 21 1.493525
94 41 1.473185
94 42 1.483601
94 15 1.579407
94 43 1.616939
94 19 1.658297
94 49 1.791281
95 13 0.519795
95 9 0.624655
95 3 0.629998
95 11 0.636184
95 28 0.647978
95 5 0.668985
95 33 0.720485
95 31 0.792149
95 10 0.847266
95 15 0.873395
95 14 0.924339
95 8 0.967159
95 6 1.000920
95 2 1.018438
95 43 0.977818
95 1 1.020513
95 18 1.035154
95 19 1.035414
95 32 1.045867
95 7 1.068179
95 12 1.064994
95 47 1.050516
95 27 1.074580
95 37 1.080228
95 30 1.099756
95 35 1.092362
95 0 1.136335
95 29 1.122086
95 23 1.145784
95 50 1.116474
95 38 1.137194
95 4 1.172151
95 40 1.136538
95 25 1.179100
95 44 1.165265
95 21 1.193437
95 46 1.173813
95 45 1.175930
95 48 1.208531
95 34 1.250559
95 16 1.367688
95 26 1.371821
95 42 1.353428
95 49 1.352102
95 22 1.444924
95 17 1.469561
95 20 1.472869
95 24 1.477421
95 36 1.473359
95 39 1.513246
95 41 1.524339
96 9 0.455611
96 11 0.476900
96 10 0.576254
96 8 0.618181
96 33 0.577193
96 28 0.745117
96 32 0.748551
96 7 0.794811
96 12 0.790297
96 14 0.787559
96 42 0.733149
96 30 0.761640
96 50 0.722268
96 6 0.820698
96 0 0.825931
96 38 0.815596
96 5 0.877444
96 47 0.819317
96 16 0.879153
96 2 0.902717
96 29 0.888300
96 13 0.912907
96 46 0.862354
96 31 0.895596
96 1 0.974193
96 44 0.920782
96 18 0.993862
96 45 0.950978
96 4 1.032172
96 23 1.022283
96 24 1.041600
96 40 1.036797
96 36 1.053053
96 43 1.046227
96 3 1.119013
96 39 1.075949
96 20 1.136609
96 26 1.130021
96 15 1.157343
96 25 1.168972
96 35 1.160764
96 34 1.162395
96 17 1.207392
96 37 1.187563
96 48 1.187883
96 27 1.267797
96 19 1.281197
96 21 1.280070
96 22 1.323039
96 49 1.281842
96 41 1.317011
97 19 0.484206
97 3 0.626963
97 11 0.645278
97 1 0.669675
97 9 0.664865
97 6 0.669453
97 5 0.670688
97 33 0.676653
97 29 0.770875
97 13 0.801784
97 32 0.785567
97 30 0.789010
97 2 0.853801
97 31 0.832757
97 28 0.879444
97 44 0.871876
97 37 0.899469
97 7 0.943369
97 46 0.918033
97 25 0.964797
97 12 0.975360
97 14 0.974585
97 39 0.976578
97 36 0.981650
97 10 1.032836
97 21 1.033787
97 24 1.042588
97 8 1.084531
97 48 1.054490
97 26 1.096158
97 16 1.112130
97 23 1.170808
97 0 1.218212
97 20 1.222115
97 22 1.245038
97 27 1.332062
97 4 1.350845
97 35 1.324413
97 50 1.309529
97 15 1.345874
97 43 1.318049
97 45 1.316843
97 49 1.313382
97 17 1.346899
97 47 1.323287
97 34 1.338218
97 41 1.360949
97 42 1.370462
97 38 1.382394
97 40 1.402331
97 18 1.461967
98 10 0.536286
98 8 0.572696
98 9 0.607455
98 31 0.648074
98 14 0.753985
98 44 0.713064
98 0 0.766782
98 3 0.798427
98 30 0.784526
98 28 0.845911
98 12 0.888247
98 11 0.919707
98 33 0.966307
98 32 1.032425
98 4 1.196395
98 16 1.226298
98 2 1.272784
98 42 1.238362
98 6 1.390852
98 29 1.372291
98 24 1.379797
98 13 1.394053
98 18 1.388137
98 20 1.386337
98 26 1.378961
98 50 1.380771
98 47 1.474565
98 5 1.528194
98 36 1.505322
98 19 1.532123
98 21 1.529064
98 1 1.567229
98 23 1.545535
98 27 1.572634
98 49 1.559031
98 40 1.570085
98 46 1.578760
98 38 1.626983
98 45 1.636526
98 34 1.650324
98 41 1.725511
98 48 1.745634
98 43 1.751979
98 17 1.804798
98 25 1.794847
98 35 1.780496
98 22 1.816235
98 7 1.898300
98 15 2.008653
98 37 1.989781
98 39 2.077760
99 14 0.610255
99 11 0.670740
99 9 0.673461
99 31 0.637759
99 29 0.836635
99 33 0.865159
99 1 1.033998
99 4 1.096943
99 3 1.098413
99 10 1.160256
99 24 1.167184
99 5 1.227410
99 28 1.290024
99 41 1.271114
99 38 1.302091
99 6 1.353192
99 12 1.409040
99 0 1.420320
99 30 1.376079
99 8 1.415254
99 45 1.346202
99 32 1.374579
99 27 1.406131
99 44 1.405856
99 40 1.421658
99 35 1.451086
99 13 1.492379
99 43 1.450868
99 15 1.526400
99 48 1.492247
99 25 1.566140
99 46 1.519425
99 42 1.551843
99 18 1.709827
99 2 1.727042
99 49 1.643821
99 16 1.715316
99 20 1.708386
99 47 1.648336
99 39 1.674955
99 17 1.732259
99 7 1.742873
99 37 1.778995
99 50 1.748187
99 22 1.845810
99 26 1.836705
99 23 1.879520
99 36 1.869035
99 34 1.889774
99 19 1.937764
99 21 1.964765
100 8 0.360721
100 9 0.360061
100 12 0.445807
100 10 0.495414
100 14 0.519920
100 28 0.488151
100 29 0.521623
100 32 0.543554
100 0 0.641618
100 3 0.701751
100 44 0.565588
100 2 0.725904
100 11 0.714996
100 13 0.741187
100 30 0.701375
100 31 0.765773
100 5 0.868350
100 1 0.910901
100 4 0.950171
100 33 0.877988
100 42 0.914856
100 6 1.040750
100 27 1.003649
100 16 1.058183
100 7 1.097870
100 25 1.057253
100 20 1.094004
100 48 0.994974
100 21 1.105371
100 22 1.139584
100 17 1.152115
100 50 1.039105
100 24 1.152867
100 38 1.144427
100 40 1.130078
100 39 1.155442
100 26 1.208437
100 19 1.232736
100 49 1.140879
100 43 1.172701
100 41 1.213226
100 34 1.256835
100 45 1.218466
100 18 1.321822
100 15 1.342172
100 23 1.326760
100 47 1.254271
100 36 1.347601
100 35 1.362074
100 46 1.306235
100 37 1.415980
101 9 0.463214
101 29 0.506486
101 13 0.523353
101 32 0.606998
101 3 0.635297
101 5 0.636132
101 28 0.646031
101 45 0.624339
101 1 0.702408
101 12 0.772582
101 30 0.755364
101 20 0.814035
101 2 0.829792
101 11 0.851761
101 33 0.873027
101 48 0.855508
101 7 0.935789
101 42 0.899262
101 10 0.937195
101 47 0.916639
101 39 0.954852
101 44 0.953946
101 8 1.053228
101 14 1.050818
101 31 1.032745
101 22 1.061227
101 0 1.093844
101 37 1.183505
101 21 1.205056
101 35 1.187116
101 19 1.208026
101 16 1.211472
101 50 1.171692
101 41 1.201217
101 4 1.239673
101 15 1.249396
101 25 1.255131
101 36 1.244628
101 17 1.269376
101 6 1.292830
101 40 1.258682
101 38 1.293819
101 49 1.297713
101 43 1.307460
101 46 1.331210
101 27 1.367532
101 24 1.416466
101 18 1.470365
101 26 1.472291
101 34 1.495676
101 23 1.556092
102 9 0.412740
102 10 0.428872
102 12 0.438506
102 13 0.497938
102 28 0.488771
102 33 0.512734
102 0 0.609931
102 1 0.617093
102 4 0.708526
102 8 0.728417
102 7 0.747099
102 32 0.725936
102 5 0.768957
102 44 0.751289
102 24 0.810829
102 14 0.838722
102 6 0.850678
102 40 0.804717
102 30 0.830528
102 42 0.830389
102 11 0.999358
102 39 0.963580
102 47 0.955950
102 50 0.952797
102 31 0.973651
102 29 0.977507
102 2 1.017689
102 26 1.001293
102 36 0.999694
102 49 1.016245
102 46 1.038216
102 22 1.064736
102 16 1.084628
102 3 1.106305
102 43 1.052040
102 23 1.084416
102 21 1.097057
102 15 1.119190
102 17 1.114245
102 27 1.131776
102 45 1.122925
102 37 1.146573
102 18 1.169662
102 35 1.152963
102 25 1.187238
102 19 1.209826
102 41 1.186278
102 48 1.187478
102 20 1.250686
102 38 1.251408
102 34 1.267069
103 32 0.437879
103 29 0.479184
103 28 0.535362
103 8 0.569187
103 6 0.703744
103 0 0.733376
103 2 0.732362
103 12 0.815722
103 10 0.817890
103 4 0.825333
103 14 0.836701
103 9 0.841137
103 1 0.880196
103 36 0.845234
103 5 0.893987
103 44 0.867524
103 39 0.908141
103 16 0.937491
103 31 0.919504
103 35 0.914741
103 40 0.925506
103 17 0.987706
103 26 0.994079
103 11 1.008715
103 13 1.023944
103 20 1.083866
103 7 1.095545
103 30 1.088564
103 19 1.164077
103 33 1.162724
103 50 1.142271
103 24 1.191849
103 22 1.195425
103 25 1.210330
103 41 1.188522
103 21 1.230024
103 46 1.228951
103 45 1.259349
103 3 1.320659
103 38 1.285332
103 34 1.292532
103 27 1.317053
103 42 1.298354
103 43 1.315933
103 18 1.362547
103 23 1.388574
103 49 1.368848
103 15 1.557592
103 37 1.530499
103 47 1.518186
103 48 1.518452
104 9 0.525028
104 33 0.527430
104 44 0.577303
104 11 0.636466
104 8 0.647894
104 30 0.633570
104 12 0.661878
104 13 0.677371
104 10 0.691166
104 0 0.788930
104 29 0.769885
104 14 0.787347
104 32 0.776152
104 1 0.812697
104 2 0.813512
104 39 0.806981
104 28 0.850816
104 43 0.856380
104 18 0.886637
104 31 0.885803
104 5 0.944306
104 35 0.917888
104 48 0.904478
104 46 0.907678
104 25 0.940429
104 19 0.985675
104 45 0.971934
104 40 0.977611
104 38 0.994480
104 15 1.103410
104 24 1.093729
104 34 1.096395
104 22 1.117377
104 41 1.096004
104 3 1.153246
104 49 1.111417
104 47 1.120932
104 36 1.141233
104 23 1.156703
104 42 1.140538
104 7 1.186130
104 21 1.173449
104 4 1.213062
104 37 1.184032
104 26 1.197521
104 17 1.214955
104 27 1.224946
104 16 1.268298
104 6 1.288223
104 50 1.314049
104 20 1.387004
105 10 0.476027
105 29 0.457214
105 0 0.543947
105 8 0.627426
105 12 0.639976
105 9 0.701170
105 13 0.744676
105 31 0.751728
105 11 0.808166
105 14 0.829349
105 5 0.857729
105 4 0.883904
105 28 0.844356
105 40 0.831646
105 32 0.922350
105 44 0.923456
105 3 0.983297
105 30 0.947489
105 33 0.989134
105 7 1.062796
105 43 1.051202
105 45 1.050598
105 1 1.178975
105 2 1.204265
105 24 1.174427
105 37 1.202342
105 27 1.264766
105 19 1.295624
105 35 1.277815
105 22 1.308869
105 6 1.340815
105 47 1.294422
105 18 1.350418
105 42 1.349307
105 15 1.406463
105 41 1.368457
105 36 1.381853
105 16 1.429302
105 38 1.428278
105 34 1.440176
105 17 1.473139
105 20 1.483628
105 26 1.485238
105 48 1.481154
105 23 1.520833
105 46 1.509839
105 21 1.549919
105 39 1.537982
105 25 1.644155
105 50 1.657246
105 49 1.666782
106 8 0.451256
106 9 0.466987
106 10 0.482852
106 14 0.567865
106 44 0.579807
106 30 0.698065
106 31 0.779859
106 1 0.815735
106 2 0.837487
106 28 0.814942
106 11 0.874255
106 32 0.865280
106 0 0.926738
106 4 0.924903
106 12 0.920293
106 5 0.991472
106 13 0.986755
106 29 0.970573
106 3 1.051044
106 43 1.011806
106 40 1.088669
106 33 1.125219
106 6 1.183699
106 18 1.210576
106 36 1.200968
106 19 1.222487
106 21 1.266745
106 16 1.283521
106 34 1.278138
106 26 1.294137
106 42 1.297039
106 20 1.333583
106 22 1.332256
106 17 1.350857
106 24 1.345394
106 38 1.350262
106 45 1.354934
106 15 1.414649
106 7 1.434179
106 39 1.400876
106 47 1.393318
106 35 1.429441
106 37 1.445108
106 49 1.470899
106 48 1.485534
106 25 1.532939
106 50 1.518495
106 27 1.569594
106 46 1.558627
106 23 1.599227
106 41 1.600925
107 8 0.424353
107 11 0.422341
107 12 0.609356
107 9 0.612549
107 32 0.589037
107 3 0.702087
107 13 0.741014
107 14 0.755676
107 10 0.778599
107 30 0.776153
107 29 0.816347
107 33 0.842306
107 31 0.846638
107 0 0.934658
107 1 0.984113
107 28 0.994843
107 2 1.079511
107 39 1.086824
107 4 1.128197
107 19 1.142974
107 6 1.154337
107 44 1.128808
107 7 1.172334
107 21 1.194914
107 43 1.180949
107 36 1.218969
107 15 1.257502
107 5 1.279400
107 35 1.258967
107 45 1.291583
107 40 1.312172
107 41 1.312661
107 37 1.330315
107 16 1.374500
107 23 1.393844
107 42 1.370670
107 26 1.419057
107 18 1.441825
107 38 1.415679
107 27 1.459345
107 48 1.432521
107 25 1.476018
107 47 1.449118
107 24 1.493112
107 49 1.488030
107 17 1.553930
107 46 1.545787
107 50 1.566270
107 22 1.623863
107 34 1.607895
107 20 1.707678
108 10 0.592929
108 8 0.662474
108 29 0.801002
108 14 0.815821
108 12 0.817870
108 13 0.817619
108 32 0.800286
108 28 0.804915
108 9 0.860107
108 30 0.912953
108 2 0.982237
108 0 0.990467
108 31 0.991052
108 44 1.055572
108 7 1.127539
108 5 1.197072
108 16 1.205855
108 36 1.210548
108 11 1.243694
108 26 1.230974
108 24 1.288130
108 33 1.304698
108 18 1.334818
108 35 1.322839
108 3 1.379120
108 27 1.406532
108 37 1.406827
108 22 1.438591
108 40 1.424352
108 4 1.460796
108 45 1.436991
108 34 1.477571
108 1 1.539939
108 43 1.533036
108 25 1.561873
108 38 1.547078
108 41 1.560170
108 15 1.611244
108 6 1.669314
108 50 1.636333
108 49 1.690515
108 20 1.737371
108 46 1.766558
108 23 1.799503
108 48 1.814395
108 42 1.849328
108 19 1.942607
108 39 1.927541
108 47 1.919299
108 17 2.028375
108 21 2.035579
109 44 0.594782
109 13 0.629469
109 33 0.645360
109 29 0.651276
109 32 0.659238
109 31 0.676862
109 28 0.688517
109 3 0.754371
109 9 0.751771
109 11 0.764866
109 1 0.772754
109 10 0.847183
109 12 0.875675
109 14 0.904981
109 5 0.912684
109 30 0.925221
109 8 0.964829
109 0 1.020336
109 7 1.026753
109 40 1.003976
109 34 1.037646
109 43 1.038062
109 4 1.143404
109 17 1.134609
109 42 1.107587
109 38 1.135748
109 20 1.165460
109 19 1.167124
109 46 1.144270
109 37 1.159047
109 15 1.198573
109 48 1.173007
109 27 1.198963
109 2 1.245940
109 39 1.221094
109 26 1.238412
109 16 1.256665
109 25 1.266552
109 22 1.277124
109 18 1.283775
109 50 1.256005
109 23 1.287301
109 6 1.327070
109 45 1.297145
109 21 1.378385
109 47 1.356834
109 24 1.391687
109 35 1.389659
109 36 1.423940
109 41 1.454663
109 49 1.586324
110 9 0.613989
110 11 0.660562
110 31 0.667985
110 8 0.706448
110 32 0.711452
110 12 0.753777
110 30 0.735656
110 13 0.784163
110 29 0.868912
110 10 1.003177
110 44 1.018108
110 28 1.037066
110 33 1.031925
110 14 1.142825
110 0 1.153059
110 42 1.112325
110 47 1.108879
110 2 1.202695
110 7 1.199873
110 1 1.204512
110 5 1.202180
110 39 1.211884
110 38 1.214359
110 49 1.230193
110 3 1.278013
110 43 1.273918
110 17 1.306121
110 4 1.343139
110 37 1.310512
110 20 1.446155
110 45 1.417584
110 23 1.445186
110 16 1.452691
110 15 1.462325
110 21 1.457036
110 41 1.433047
110 46 1.428611
110 25 1.453259
110 48 1.428108
110 6 1.507218
110 35 1.478297
110 50 1.473265
110 40 1.519828
110 36 1.535895
110 19 1.595900
110 27 1.597076
110 34 1.600014
110 24 1.624082
110 18 1.659912
110 22 1.759736
110 26 1.769438
111 8 0.390018
111 9 0.452485
111 12 0.502624
111 3 0.542381
111 10 0.597061
111 11 0.627896
111 4 0.647374
111 13 0.639047
111 32 0.628121
111 2 0.672668
111 44 0.622406
111 28 0.644143
111 14 0.672304
111 31 0.742505
111 30 0.759329
111 0 0.831960
111 18 0.817329
111 21 0.814904
111 29 0.831570
111 5 0.863581
111 19 0.898571
111 33 0.926853
111 1 0.983357
111 17 0.987184
111 47 0.986247
111 6 1.047657
111 23 1.029112
111 7 1.060968
111 15 1.052638
111 43 1.037846
111 42 1.050638
111 34 1.070073
111 38 1.067615
111 22 1.107613
111 16 1.125310
111 37 1.097879
111 20 1.134886
111 26 1.136896
111 41 1.124904
111 24 1.169116
111 40 1.178823
111 25 1.209119
111 39 1.188957
111 46 1.199576
111 45 1.209839
111 36 1.259517
111 48 1.246445
111 27 1.298177
111 35 1.292236
111 50 1.275977
111 49 1.305024
112 8 0.503678
112 9 0.549543
112 11 0.554125
112 14 0.698864
112 13 0.721710
112 12 0.907315
112 0 1.050121
112 32 0.907440
112 10 1.067213
112 6 1.074810
112 30 1.003674
112 1 1.100334
112 33 0.959096
112 3 1.161770
112 7 1.228135
112 5 1.301183
112 44 0.686759
112 28 1.336515
112 31 1.417886
112 15 1.519102
112 20 1.493815
112 4 1.547134
112 2 1.550021
112 27 1.474627
112 26 1.499467
112 21 1.516111
112 16 1.543499
112 19 1.543591
112 29 1.515173
112 17 1.592290
112 35 1.398809
112 23 1.584539
112 25 1.579631
112 18 1.625910
112 22 1.630322
112 36 1.489706
112 40 1.251381
112 24 1.779735
112 42 1.293020
112 41 1.298979
112 37 1.421746
112 38 1.404407
112 43 1.286488
112 39 1.424098
112 34 1.723696
112 45 1.242072
112 49 1.282547
112 47 1.319529
112 48 1.335030
112 46 1.411653
112 50 1.342539
113 12 0.475654
113 30 0.479499
113 10 0.567734
113 14 0.620957
113 8 0.747570
113 32 0.771633
113 33 0.791158
113 2 0.882663
113 28 0.883228
113 0 0.960487
113 31 0.983578
113 11 1.032505
113 29 1.036924
113 13 1.061871
113 44 1.030072
113 4 1.100385
113 38 1.079392
113 47 1.101894
113 6 1.143124
113 16 1.154721
113 42 1.146548
113 9 1.183383
113 49 1.178171
113 36 1.229829
113 3 1.281882
113 1 1.291502
113 34 1.262522
113 20 1.296878
113 48 1.277255
113 21 1.313040
113 18 1.324435
113 27 1.326783
113 40 1.309173
113 22 1.375186
113 7 1.410737
113 24 1.408173
113 46 1.406616
113 17 1.455352
113 15 1.465259
113 50 1.438646
113 5 1.509495
113 41 1.516566
113 45 1.520010
113 23 1.572806
113 19 1.590899
113 37 1.576617
113 43 1.580532
113 35 1.607596
113 39 1.670574
113 26 1.710705
113 25 1.759131
114 44 0.580270
114 9 0.662891
114 8 0.676645
114 30 0.684274
114 11 0.741864
114 31 0.774541
114 0 0.832715
114 29 0.812197
114 10 0.843082
114 13 0.853654
114 3 0.879567
114 14 0.875825
114 28 0.924077
114 1 0.952348
114 33 0.969424
114 32 1.024946
114 12 1.108223
114 2 1.162969
114 5 1.217967
114 43 1.173109
114 7 1.263316
114 26 1.264379
114 4 1.430684
114 35 1.416384
114 45 1.435782
114 16 1.509381
114 40 1.514416
114 25 1.555270
114 34 1.549770
114 39 1.552836
114 42 1.563007
114 27 1.591485
114 37 1.587245
114 6 1.624181
114 20 1.614236
114 41 1.608929
114 15 1.760353
114 24 1.750575
114 46 1.721641
114 36 1.734824
114 48 1.719583
114 47 1.722186
114 49 1.719504
114 38 1.735911
114 19 1.769269
114 18 1.790702
114 50 1.755685
114 22 1.837095
114 23 1.844081
114 21 1.874186
114 17 1.886252
115 8 0.502857
115 9 0.524357
115 30 0.532062
115 10 0.554921
115 32 0.593931
115 12 0.634253
115 31 0.637322
115 28 0.665772
115 1 0.736542
115 14 0.726959
115 45 0.732560
115 11 0.803541
115 13 0.854919
115 29 0.883375
115 39 0.870180
115 33 0.878818
115 2 0.949088
115 0 0.951512
115 26 0.925998
115 36 0.912646
115 5 0.958069
115 20 0.979954
115 22 0.977778
115 42 0.952059
115 44 0.954136
115 4 1.012973
115 49 0.976832
115 48 1.021628
115 43 1.028606
115 19 1.063659
115 16 1.067815
115 21 1.091394
115 18 1.111304
115 41 1.080789
115 15 1.115866
115 3 1.126872
115 27 1.148717
115 6 1.201145
115 25 1.184037
115 34 1.180823
115 23 1.210140
115 17 1.231078
115 47 1.205071
115 7 1.254786
115 40 1.241446
115 46 1.245879
115 38 1.257741
115 50 1.255255
115 24 1.316112
115 35 1.365015
115 37 1.386851
116 13 0.477435
116 33 0.593701
116 11 0.647034
116 30 0.683740
116 12 0.758332
116 9 0.807682
116 44 0.807580
116 10 0.890438
116 32 0.884480
116 3 0.925108
116 5 0.976003
116 28 0.958805
116 14 0.972970
116 38 1.024584
116 42 1.060987
116 31 1.079604
116 4 1.102718
116 47 1.114148
116 37 1.173220
116 48 1.157803
116 29 1.187468
116 7 1.227927
116 23 1.230996
116 1 1.265714
116 49 1.229365
116 8 1.289275
116 24 1.390920
116 40 1.371216
116 36 1.376574
116 45 1.365964
116 15 1.401675
116 34 1.381550
116 17 1.418350
116 46 1.398890
116 41 1.408085
116 43 1.407205
116 35 1.430564
116 26 1.444789
116 2 1.476706
116 21 1.474964
116 19 1.522564
116 50 1.512441
116 22 1.551036
116 27 1.548939
116 6 1.578280
116 25 1.564611
116 16 1.602192
116 0 1.614536
116 20 1.623528
116 39 1.644043
116 18 1.700744
117 12 0.537100
117 8 0.716677
117 9 0.716655
117 10 0.783937
117 28 0.810629
117 14 0.899187
117 0 1.004611
117 29 0.980951
117 30 0.982752
117 4 1.067532
117 5 1.068889
117 13 1.127765
117 2 1.181191
117 20 1.249993
117 44 1.253128
117 26 1.281905
117 6 1.298778
117 32 1.273490
117 19 1.338514
117 31 1.351553
117 1 1.379021
117 37 1.344599
117 11 1.393416
117 42 1.374774
117 23 1.503803
117 27 1.500131
117 40 1.479477
117 34 1.490529
117 39 1.481484
117 33 1.497878
117 49 1.539638
117 16 1.597853
117 3 1.619196
117 36 1.642534
117 50 1.649068
117 41 1.673884
117 24 1.716289
117 38 1.712769
117 25 1.732438
117 18 1.754285
117 47 1.715208
117 21 1.770106
117 45 1.738259
117 22 1.784699
117 46 1.795838
117 35 1.815312
117 48 1.808132
117 15 1.890020
117 43 1.884652
117 7 2.026392
117 17 2.021175
118 11 0.478589
118 8 0.544099
118 9 0.543967
118 32 0.615472
118 13 0.675144
118 31 0.708898
118 10 0.867487
118 12 0.882035
118 28 0.913016
118 33 0.921836
118 1 0.966603
118 0 0.982835
118 34 0.955393
118 29 0.994785
118 3 1.039343
118 5 1.047755
118 30 1.110717
118 14 1.185802
118 6 1.192056
118 44 1.154497
118 7 1.210933
118 16 1.291157
118 25 1.377761
118 21 1.398192
118 22 1.397821
118 26 1.423012
118 37 1.427885
118 50 1.438771
118 24 1.490174
118 18 1.496007
118 38 1.497227
118 4 1.529598
118 39 1.508829
118 35 1.527909
118 48 1.539425
118 36 1.606069
118 2 1.657667
118 42 1.631814
118 20 1.754990
118 45 1.726301
118 47 1.726208
118 23 1.756860
118 40 1.736779
118 43 1.732888
118 19 1.762168
118 17 1.764519
118 15 1.766196
118 46 1.731599
118 41 1.739010
118 49 1.743102
118 27 1.810852
119 8 0.543746
119 9 0.865584
119 28 0.889190
119 2 0.931620
119 10 0.942720
119 0 1.012126
119 44 1.011617
119 29 1.044391
119 1 1.100893
119 30 1.185045
119 45 1.173524
119 5 1.219744
119 12 1.223871
119 33 1.236251
119 40 1.224837
119 11 1.294287
119 14 1.303682
119 23 1.313879
119 31 1.306782
119 7 1.330923
119 13 1.350212
119 6 1.373301
119 48 1.324408
119 42 1.351010
119 17 1.385130
119 32 1.376010
119 46 1.380975
119 35 1.422834
119 3 1.498135
119 24 1.487307
119 4 1.524649
119 38 1.564138
119 39 1.600417
119 18 1.637056
119 41 1.617621
119 19 1.660784
119 16 1.675472
119 25 1.675991
119 21 1.689966
119 22 1.695871
119 34 1.684020
119 49 1.673883
119 26 1.736453
119 37 1.736060
119 15 1.792007
119 36 1.774489
119 20 1.881840
119 27 1.888176
119 43 1.872300
119 50 1.870660
119 47 1.967935
120 8 0.635846
120 9 0.698688
120 10 0.666113
120 12 0.686359
120 11 0.719998
120 14 0.701441
120 13 0.732341
120 0 1.184263
120 5 1.379521
120 33 0.689973
120 32 0.693627
120 3 1.388466
120 2 1.389644
120 1 1.390897
120 4 1.439197
120 7 1.471589
120 28 0.835189
120 30 0.883921
120 6 1.567463
120 29 0.928658
120 22 1.179443
120 15 1.348029
120 17 1.301106
120 31 0.971441
120 19 1.377030
120 16 1.459904
120 24 1.287593
120 44 0.972279
120 21 1.542802
120 26 1.300510
120 25 1.397613
120 23 1.439378
120 18 1.594738
120 20 1.602589
120 36 1.253260
120 27 1.381958
120 35 1.478773
120 34 1.488830
120 45 1.253187
120 40 1.365617
120 38 1.422393
120 49 1.246035
120 37 1.476528
120 43 1.360259
120 50 1.288962
120 41 1.397932
120 39 1.467247
120 47 1.341528
120 42 1.569179
120 48 1.474685
120 46 1.516265
