21 2 0.167791
21 3 0.167848
21 0 0.173999
21 8 0.119585
21 4 0.169560
21 1 0.175257
21 7 0.172689
21 5 0.178119
21 6 0.179293
21 9 0.163635
21 10 0.161684
21 11 0.153900
21 12 0.089725
21 13 0.106893
21 15 0.131184
21 14 0.134933
21 16 0.145524
21 19 0.151108
21 17 0.161701
21 20 0.183403
21 30 0.204373
21 48 0.176003
21 50 0.172152
21 29 0.206841
21 26 0.212673
21 18 0.223126
21 44 0.187672
21 53 0.179339
21 25 0.222031
21 51 0.184048
21 21 0.230347
21 52 0.185781
21 23 0.229629
21 28 0.261844
21 27 0.264207
21 56 0.220752
21 40 0.244439
21 41 0.243341
21 31 0.261122
21 22 0.273958
21 32 0.265012
21 47 0.240426
21 55 0.228023
21 46 0.241999
21 54 0.231062
21 49 0.239515
21 33 0.268108
21 45 0.246688
21 43 0.248928
21 42 0.252205
21 34 0.289058
21 24 0.300031
21 36 0.300654
21 39 0.373975
21 38 0.473685
21 35 0.484532
21 37 0.502533
22 1 0.112001
22 2 0.114439
22 0 0.117702
22 3 0.170866
22 4 0.186151
22 5 0.193601
22 6 0.219841
22 7 0.220000
22 8 0.235121
22 9 0.232730
22 11 0.247298
22 13 0.282058
22 31 0.258582
22 33 0.259434
22 47 0.260859
22 17 0.284080
22 22 0.291264
22 27 0.293381
22 41 0.275303
22 24 0.297012
22 16 0.310790
22 29 0.294118
22 46 0.276215
22 23 0.304742
22 45 0.277899
22 12 0.321438
22 19 0.314345
22 48 0.280434
22 56 0.273531
22 53 0.280587
22 18 0.328066
22 43 0.297174
22 10 0.337543
22 28 0.318666
22 32 0.313880
22 15 0.339646
22 14 0.340830
22 51 0.295295
22 30 0.321500
22 25 0.330482
22 50 0.300859
22 55 0.292670
22 40 0.316947
22 26 0.338121
22 49 0.312767
22 42 0.320886
22 21 0.348092
22 54 0.304828
22 20 0.354374
22 44 0.325660
22 52 0.315675
22 36 0.341716
22 34 0.379503
22 39 0.406277
22 38 0.439530
22 37 0.484300
22 35 0.487724
23 6 0.209043
23 2 0.217230
23 21 0.210457
23 24 0.226959
23 12 0.262810
23 8 0.277011
23 29 0.264210
23 32 0.263983
23 14 0.280188
23 5 0.289649
23 10 0.289176
23 18 0.285068
23 22 0.283192
23 3 0.301838
23 11 0.307125
23 30 0.294140
23 56 0.270197
23 40 0.286690
23 7 0.314173
23 41 0.286749
23 4 0.316899
23 48 0.284008
23 0 0.323556
23 26 0.304864
23 31 0.300923
23 20 0.310796
23 16 0.314414
23 33 0.301585
23 19 0.313817
23 28 0.306097
23 47 0.289053
23 9 0.321796
23 25 0.310253
23 27 0.308759
23 50 0.288805
23 23 0.313646
23 44 0.295232
23 15 0.320271
23 13 0.321714
23 53 0.286758
23 17 0.320167
23 43 0.298986
23 45 0.297266
23 46 0.299340
23 55 0.294836
23 51 0.300642
23 52 0.300260
23 1 0.342906
23 49 0.303677
23 54 0.298626
23 42 0.310681
23 34 0.353498
23 36 0.360731
23 39 0.430639
23 38 0.483506
23 37 0.505202
23 35 0.532236
24 14 0.178678
24 0 0.191614
24 1 0.217745
24 5 0.227360
24 22 0.230154
24 20 0.251099
24 17 0.265708
24 13 0.270566
24 32 0.257203
24 11 0.274565
24 18 0.272397
24 8 0.285838
24 29 0.289531
24 45 0.275589
24 10 0.305051
24 54 0.269593
24 33 0.290836
24 12 0.306996
24 16 0.304701
24 44 0.282974
24 9 0.310534
24 25 0.299562
24 3 0.316486
24 4 0.316101
24 7 0.314715
24 48 0.281588
24 40 0.290787
24 24 0.303480
24 31 0.298360
24 28 0.300730
24 30 0.300715
24 15 0.312082
24 52 0.281113
24 43 0.291324
24 50 0.283902
24 51 0.283013
24 53 0.281939
24 26 0.306789
24 42 0.295728
24 23 0.312095
24 47 0.291524
24 56 0.281719
24 19 0.315621
24 27 0.309796
24 21 0.315494
24 49 0.291094
24 46 0.294525
24 55 0.285696
24 2 0.330579
24 41 0.301585
24 6 0.328796
24 36 0.332578
24 34 0.348558
24 39 0.404120
24 38 0.462942
24 35 0.560734
24 37 0.568419
25 1 0.207128
25 3 0.216596
25 2 0.219886
25 13 0.225392
25 12 0.253777
25 9 0.281717
25 14 0.282434
25 10 0.291255
25 17 0.289241
25 30 0.278497
25 6 0.305945
25 16 0.299179
25 28 0.285912
25 15 0.304655
25 26 0.296647
25 40 0.281483
25 33 0.288489
25 11 0.307909
25 0 0.319639
25 18 0.309133
25 8 0.318835
25 52 0.276645
25 19 0.322399
25 50 0.291140
25 5 0.335694
25 4 0.336717
25 20 0.326094
25 32 0.314220
25 29 0.317282
25 54 0.293120
25 48 0.301464
25 51 0.299460
25 44 0.306704
25 21 0.332099
25 47 0.307294
25 46 0.308865
25 41 0.315248
25 55 0.301718
25 31 0.327302
25 22 0.339881
25 23 0.341176
25 24 0.338743
25 42 0.322323
25 49 0.317544
25 45 0.322366
25 56 0.313215
25 43 0.330387
25 27 0.348258
25 25 0.351643
25 36 0.342709
25 53 0.326084
25 7 0.371275
25 34 0.373812
25 39 0.450746
25 38 0.466363
25 35 0.590625
25 37 0.595497
26 3 0.090981
26 5 0.119406
26 4 0.127798
26 6 0.126920
26 7 0.141745
26 9 0.167315
26 10 0.167197
26 8 0.189437
26 11 0.170709
26 13 0.170435
26 0 0.224773
26 1 0.218110
26 2 0.212048
26 17 0.171119
26 12 0.183107
26 14 0.189180
26 16 0.201256
26 20 0.189014
26 22 0.195376
26 21 0.217304
26 19 0.220952
26 23 0.216054
26 18 0.233327
26 28 0.192392
26 15 0.249896
26 24 0.227180
26 26 0.227514
26 30 0.216198
26 52 0.146985
26 32 0.213646
26 40 0.195550
26 48 0.161373
26 53 0.148008
26 45 0.184746
26 33 0.235975
26 49 0.184926
26 29 0.253154
26 42 0.220314
26 44 0.214384
26 25 0.291310
26 46 0.206801
26 43 0.217846
26 47 0.203228
26 27 0.277659
26 54 0.181665
26 31 0.254627
26 50 0.195658
26 36 0.256442
26 55 0.186874
26 56 0.186491
26 51 0.214053
26 41 0.257052
26 34 0.306376
26 39 0.397675
26 38 0.398746
26 35 0.540380
26 37 0.560400
27 1 0.181339
27 21 0.187640
27 3 0.204563
27 2 0.220918
27 8 0.217118
27 4 0.220247
27 18 0.215719
27 19 0.217452
27 5 0.227973
27 14 0.238237
27 0 0.248212
27 20 0.237487
27 6 0.259991
27 16 0.259869
27 17 0.264746
27 13 0.267932
27 7 0.294958
27 11 0.308721
27 53 0.201605
27 40 0.239867
27 27 0.287089
27 9 0.321095
27 25 0.289877
27 23 0.301323
27 29 0.285078
27 31 0.273463
27 49 0.235636
27 43 0.256658
27 15 0.334788
27 51 0.233106
27 45 0.250834
27 41 0.265790
27 47 0.252392
27 44 0.274482
27 22 0.350878
27 33 0.304863
27 10 0.363105
27 26 0.334482
27 48 0.273923
27 56 0.256522
27 24 0.351527
27 55 0.266629
27 12 0.380182
27 50 0.281494
27 30 0.339462
27 46 0.298075
27 52 0.280531
27 42 0.314737
27 54 0.280608
27 32 0.344647
27 28 0.365500
27 36 0.365888
27 34 0.420379
27 39 0.499322
27 38 0.515350
27 37 0.684634
27 35 0.702327
28 7 0.151432
28 8 0.155153
28 6 0.164057
28 5 0.176048
28 1 0.190666
28 3 0.181244
28 9 0.188247
28 0 0.220177
28 10 0.202248
28 4 0.213783
28 12 0.206639
28 11 0.215886
28 2 0.241732
28 14 0.236675
28 13 0.286496
28 48 0.227300
28 18 0.306157
28 17 0.307736
28 19 0.298937
28 32 0.271077
28 49 0.233579
28 20 0.296418
28 16 0.313263
28 30 0.279497
28 40 0.256110
28 44 0.264662
28 15 0.319623
28 23 0.293535
28 28 0.281488
28 42 0.263354
28 22 0.294023
28 52 0.239786
28 46 0.276059
28 56 0.227060
28 26 0.323060
28 47 0.291978
28 21 0.344531
28 31 0.326455
28 54 0.254174
28 41 0.309643
28 55 0.258573
28 29 0.350361
28 50 0.293891
28 43 0.323652
28 33 0.345320
28 27 0.359112
28 45 0.325587
28 25 0.364929
28 53 0.289314
28 24 0.371775
28 51 0.307345
28 34 0.384198
28 36 0.385481
28 39 0.526117
28 38 0.647810
28 35 0.684042
28 37 0.704782
29 0 0.150366
29 3 0.188367
29 7 0.166945
29 9 0.165682
29 4 0.198726
29 10 0.184825
29 11 0.185215
29 2 0.226281
29 1 0.237241
29 5 0.235896
29 8 0.220257
29 12 0.214589
29 13 0.206404
29 14 0.231830
29 6 0.277302
29 15 0.256480
29 16 0.257527
29 17 0.261199
29 20 0.261918
29 18 0.274400
29 23 0.304827
29 22 0.317689
29 29 0.282362
29 50 0.199169
29 21 0.329934
29 31 0.279262
29 33 0.266253
29 19 0.342644
29 25 0.315613
29 27 0.311153
29 44 0.250101
29 49 0.234981
29 45 0.245024
29 41 0.261900
29 53 0.228750
29 28 0.333400
29 24 0.361430
29 47 0.266973
29 36 0.300386
29 55 0.249276
29 30 0.346626
29 56 0.265352
29 46 0.293594
29 51 0.290162
29 42 0.315843
29 32 0.368621
29 26 0.400405
29 40 0.330601
29 48 0.306909
29 43 0.330419
29 54 0.304883
29 52 0.326332
29 38 0.392130
29 34 0.427060
29 39 0.475759
29 35 0.679842
29 37 0.708729
30 0 0.103612
30 1 0.150954
30 2 0.146924
30 8 0.150967
30 9 0.149748
30 7 0.162472
30 4 0.168062
30 6 0.167737
30 11 0.154960
30 5 0.171482
30 3 0.185106
30 10 0.168768
30 12 0.203801
30 13 0.204298
30 14 0.203185
30 15 0.220982
30 19 0.198938
30 21 0.212025
30 16 0.253183
30 17 0.235070
30 28 0.181952
30 27 0.183517
30 22 0.218590
30 18 0.227366
30 20 0.241110
30 26 0.213071
30 23 0.248419
30 29 0.245220
30 33 0.243729
30 31 0.283013
30 32 0.282185
30 45 0.226520
30 40 0.234456
30 50 0.220508
30 43 0.232785
30 54 0.213505
30 30 0.295236
30 51 0.223273
30 48 0.229474
30 49 0.229439
30 24 0.313402
30 25 0.309291
30 46 0.247268
30 53 0.240712
30 52 0.243987
30 42 0.270122
30 56 0.247286
30 47 0.266068
30 41 0.284931
30 44 0.281731
30 55 0.281362
30 34 0.379659
30 36 0.385097
30 39 0.445408
30 35 0.682064
30 37 0.678513
30 38 0.695685
31 0 0.152946
31 2 0.147738
31 3 0.141565
31 1 0.191861
31 6 0.124864
31 5 0.172795
31 8 0.138938
31 4 0.201230
31 11 0.109642
31 13 0.133550
31 12 0.136798
31 7 0.191180
31 10 0.148103
31 9 0.164934
31 14 0.144026
31 21 0.168893
31 20 0.225288
31 48 0.191717
31 50 0.192887
31 18 0.242855
31 52 0.204225
31 30 0.255503
31 26 0.269436
31 16 0.287306
31 32 0.269973
31 28 0.276868
31 19 0.289204
31 54 0.234547
31 44 0.255519
31 33 0.270164
31 42 0.258871
31 24 0.285913
31 17 0.310152
31 29 0.293663
31 53 0.254405
31 22 0.304120
31 23 0.304028
31 47 0.267276
31 40 0.282650
31 31 0.299615
31 27 0.306872
31 43 0.286349
31 25 0.312731
31 51 0.273723
31 45 0.284585
31 15 0.331042
31 46 0.288643
31 36 0.313893
31 56 0.286544
31 49 0.314028
31 41 0.338567
31 55 0.314654
31 34 0.359833
31 38 0.368242
31 39 0.556008
31 35 0.704137
31 37 0.753148
32 12 0.224901
32 4 0.238124
32 8 0.243955
32 7 0.249017
32 3 0.259699
32 2 0.265528
32 11 0.267066
32 9 0.272708
32 6 0.278808
32 5 0.288455
32 1 0.324674
32 13 0.295502
32 0 0.339617
32 14 0.303942
32 10 0.339905
32 20 0.261889
32 16 0.318663
32 15 0.326811
32 17 0.330097
32 21 0.286499
32 18 0.315423
32 19 0.302249
32 23 0.300294
32 22 0.325136
32 25 0.301126
32 30 0.220116
32 29 0.236891
32 24 0.336459
32 27 0.297223
32 33 0.235721
32 31 0.290422
32 46 0.228488
32 56 0.190801
32 53 0.208245
32 48 0.218352
32 32 0.297611
32 28 0.334235
32 44 0.244971
32 43 0.274165
32 26 0.405734
32 45 0.248829
32 49 0.234572
32 52 0.235617
32 40 0.310835
32 50 0.259306
32 51 0.264315
32 41 0.331097
32 54 0.254473
32 47 0.291931
32 42 0.350449
32 34 0.372252
32 55 0.280547
32 36 0.391834
32 39 0.519476
32 35 0.789733
32 37 0.782376
32 38 0.814522
33 4 0.186713
33 9 0.189711
33 1 0.218628
33 8 0.195646
33 2 0.217778
33 10 0.196999
33 7 0.201927
33 11 0.195165
33 0 0.236723
33 12 0.209472
33 3 0.243152
33 13 0.231276
33 5 0.247291
33 6 0.247380
33 14 0.236941
33 15 0.270309
33 28 0.241384
33 18 0.286888
33 29 0.255730
33 31 0.262668
33 21 0.305558
33 19 0.319455
33 25 0.298224
33 24 0.315986
33 23 0.330466
33 33 0.299739
33 17 0.362266
33 20 0.362634
33 22 0.360950
33 30 0.340722
33 16 0.390932
33 26 0.358151
33 49 0.241862
33 40 0.360720
33 32 0.381462
33 45 0.330177
33 53 0.254627
33 41 0.359751
33 27 0.394207
33 47 0.302033
33 43 0.337671
33 46 0.335226
33 51 0.274758
33 42 0.376524
33 50 0.290941
33 48 0.324687
33 52 0.300227
33 44 0.383882
33 54 0.317839
33 56 0.328286
33 34 0.454747
33 55 0.332271
33 36 0.470784
33 39 0.593238
33 37 0.828812
33 38 0.856898
33 35 0.889848
34 4 0.149787
34 8 0.140080
34 1 0.177790
34 11 0.137017
34 12 0.131686
34 7 0.180259
34 6 0.186388
34 2 0.203564
34 0 0.206150
34 3 0.202963
34 5 0.197159
34 9 0.181644
34 10 0.199352
34 13 0.169633
34 15 0.168865
34 14 0.191014
34 17 0.129390
34 16 0.147203
34 18 0.154854
34 19 0.159584
34 20 0.217135
34 24 0.211559
34 32 0.220382
34 28 0.236052
34 50 0.203788
34 30 0.232006
34 42 0.214746
34 22 0.259158
34 26 0.250751
34 48 0.215111
34 44 0.220391
34 46 0.223902
34 33 0.240672
34 54 0.217838
34 25 0.277087
34 52 0.229952
34 21 0.287169
34 31 0.275068
34 29 0.280337
34 49 0.277417
34 23 0.325360
34 51 0.277178
34 41 0.293478
34 27 0.321432
34 53 0.287327
34 47 0.297032
34 55 0.288269
34 45 0.302996
34 40 0.312325
34 56 0.296226
34 43 0.312275
34 36 0.325861
34 34 0.391496
34 39 0.485904
34 38 0.658804
34 35 0.803817
34 37 0.824086
35 5 0.206414
35 11 0.167273
35 4 0.230113
35 10 0.181900
35 2 0.244815
35 13 0.176450
35 12 0.204935
35 8 0.248500
35 6 0.283776
35 7 0.289662
35 3 0.308087
35 0 0.332458
35 9 0.271046
35 1 0.344314
35 15 0.194914
35 16 0.172136
35 19 0.172639
35 14 0.255868
35 18 0.205452
35 21 0.198602
35 28 0.195898
35 30 0.196048
35 23 0.252569
35 17 0.279216
35 20 0.274798
35 33 0.229048
35 31 0.233853
35 25 0.265752
35 43 0.281661
35 47 0.271739
35 41 0.289759
35 53 0.255655
35 45 0.281817
35 51 0.260945
35 22 0.348254
35 24 0.345982
35 49 0.268055
35 27 0.330318
35 29 0.326014
35 26 0.338252
35 50 0.279408
35 32 0.332218
35 48 0.294246
35 40 0.324795
35 44 0.315567
35 52 0.298461
35 54 0.302464
35 42 0.343735
35 56 0.317961
35 46 0.352733
35 55 0.344572
35 36 0.446435
35 34 0.465219
35 39 0.556169
35 38 0.909817
35 35 0.953179
35 37 0.949042
36 1 0.128370
36 9 0.161686
36 6 0.166951
36 11 0.163076
36 0 0.199435
36 2 0.189075
36 7 0.191756
36 13 0.179585
36 3 0.206303
36 4 0.206083
36 5 0.205838
36 10 0.193859
36 12 0.185253
36 14 0.183184
36 18 0.159387
36 8 0.222941
36 15 0.192677
36 16 0.192546
36 20 0.196455
36 19 0.202865
36 21 0.203455
36 24 0.159223
36 17 0.258589
36 29 0.167495
36 27 0.211688
36 23 0.262466
36 28 0.223357
36 32 0.202310
36 25 0.239238
36 30 0.207420
36 33 0.207259
36 40 0.194885
36 52 0.187008
36 45 0.217218
36 49 0.212515
36 22 0.333342
36 26 0.286141
36 31 0.256425
36 44 0.231004
36 41 0.243053
36 54 0.219723
36 51 0.226683
36 53 0.229911
36 48 0.246025
36 42 0.260342
36 43 0.259985
36 50 0.245371
36 56 0.240779
36 55 0.256393
36 46 0.274506
36 47 0.280549
36 36 0.390553
36 34 0.429096
36 39 0.579851
36 38 0.836418
36 35 0.931710
36 37 0.935941
37 1 0.194866
37 2 0.198510
37 4 0.209898
37 0 0.215163
37 10 0.227114
37 6 0.259567
37 12 0.256734
37 8 0.269542
37 11 0.267356
37 13 0.264801
37 7 0.272740
37 9 0.277694
37 14 0.281186
37 5 0.294549
37 17 0.327589
37 28 0.294759
37 3 0.383988
37 22 0.351617
37 24 0.353924
37 20 0.358454
37 15 0.377091
37 16 0.375529
37 30 0.335100
37 18 0.360788
37 26 0.343328
37 32 0.342565
37 21 0.411212
37 33 0.375918
37 27 0.392858
37 31 0.386987
37 29 0.394405
37 23 0.413522
37 50 0.287736
37 19 0.437588
37 44 0.353051
37 40 0.388375
37 42 0.365574
37 48 0.347486
37 25 0.474685
37 49 0.362090
37 51 0.360640
37 43 0.394201
37 45 0.391369
37 52 0.359036
37 53 0.370393
37 56 0.361943
37 46 0.401923
37 47 0.400400
37 54 0.386406
37 41 0.468190
37 55 0.407668
37 36 0.528891
37 34 0.541271
37 39 0.740111
37 38 1.028861
37 35 1.050704
37 37 1.082232
38 3 0.269313
38 11 0.269652
38 12 0.279409
38 2 0.298608
38 5 0.302820
38 1 0.305358
38 21 0.310047
38 10 0.331061
38 22 0.326279
38 7 0.339480
38 6 0.359369
38 13 0.361079
38 18 0.358393
38 8 0.370189
38 4 0.375063
38 19 0.371647
38 20 0.374984
38 14 0.379188
38 15 0.378797
38 17 0.385260
38 9 0.392251
38 29 0.428791
38 30 0.416556
38 31 0.408373
38 16 0.459200
38 0 0.471860
38 23 0.461889
38 28 0.449658
38 33 0.425467
38 50 0.352124
38 27 0.477976
38 25 0.482462
38 49 0.384936
38 42 0.430436
38 55 0.369382
38 24 0.524828
38 41 0.450424
38 47 0.438711
38 45 0.449132
38 54 0.411382
38 26 0.558069
38 40 0.493295
38 32 0.537443
38 53 0.446776
38 46 0.506923
38 43 0.521104
38 51 0.502017
38 52 0.495453
38 44 0.526573
38 56 0.464737
38 48 0.527218
38 34 0.629477
38 36 0.684210
38 39 0.805293
38 35 1.278723
38 37 1.272739
38 38 1.259436
39 5 0.175406
39 8 0.163383
39 1 0.197203
39 0 0.214322
39 6 0.186308
39 9 0.163616
39 10 0.133475
39 7 0.208706
39 4 0.221071
39 2 0.234278
39 3 0.226275
39 13 0.111309
39 11 0.131414
39 14 0.115099
39 12 0.155397
39 17 0.166010
39 21 0.157787
39 20 0.173391
39 15 0.240129
39 19 0.235431
39 33 0.226020
39 24 0.250241
39 31 0.239047
39 45 0.217397
39 30 0.254460
39 18 0.285355
39 16 0.291365
39 22 0.285165
39 46 0.239508
39 27 0.325520
39 51 0.274808
39 49 0.278979
39 42 0.290235
39 53 0.277479
39 32 0.314556
39 29 0.324856
39 28 0.334345
39 26 0.352041
39 23 0.357782
39 54 0.298681
39 25 0.362277
39 41 0.323331
39 43 0.330864
39 50 0.326537
39 52 0.329317
39 40 0.372493
39 47 0.361664
39 48 0.376610
39 55 0.375403
39 56 0.378624
39 36 0.421647
39 44 0.413039
39 34 0.514097
39 39 0.602130
39 38 0.734773
39 35 1.019280
39 37 1.043819
40 6 0.142582
40 10 0.151458
40 9 0.200528
40 8 0.211177
40 11 0.209666
40 5 0.263346
40 7 0.274667
40 3 0.280087
40 13 0.231507
40 0 0.297158
40 12 0.259629
40 4 0.294465
40 1 0.299022
40 2 0.301134
40 15 0.281496
40 17 0.281709
40 14 0.295894
40 21 0.276025
40 16 0.307106
40 19 0.305937
40 18 0.316336
40 28 0.289720
40 22 0.350448
40 26 0.335471
40 30 0.323111
40 32 0.309125
40 24 0.342279
40 23 0.364654
40 36 0.302242
40 20 0.391209
40 29 0.350332
40 38 0.297424
40 50 0.231121
40 27 0.376903
40 40 0.300274
40 25 0.383174
40 33 0.349280
40 31 0.367307
40 44 0.292995
40 48 0.287593
40 46 0.309285
40 42 0.341244
40 49 0.300615
40 53 0.280641
40 47 0.305813
40 51 0.308930
40 52 0.304277
40 41 0.379280
40 43 0.371738
40 45 0.350289
40 56 0.314672
40 54 0.321596
40 55 0.324136
40 34 0.540710
40 39 0.771283
40 35 1.216668
40 37 1.222995
41 11 0.218564
41 8 0.230707
41 9 0.238021
41 13 0.233425
41 10 0.243747
41 6 0.250669
41 3 0.262864
41 1 0.266660
41 0 0.268747
41 12 0.259754
41 5 0.268845
41 2 0.273741
41 4 0.272471
41 14 0.270471
41 7 0.301612
41 17 0.402896
41 33 0.347683
41 31 0.377345
41 29 0.380816
41 45 0.342799
41 19 0.422408
41 49 0.336855
41 21 0.412909
41 25 0.406002
41 43 0.366909
41 16 0.440770
41 41 0.364884
41 52 0.341781
41 15 0.465146
41 27 0.432242
41 18 0.467526
41 20 0.466072
41 23 0.465171
41 32 0.437402
41 50 0.396530
41 30 0.448549
41 53 0.377347
41 47 0.414557
41 28 0.461430
41 26 0.489982
41 22 0.509620
41 54 0.413079
41 51 0.426160
41 36 0.486863
41 55 0.434930
41 40 0.491504
41 42 0.494413
41 48 0.489951
41 46 0.495460
41 24 0.556936
41 56 0.460525
41 44 0.507201
41 34 0.595811
41 38 0.686836
41 39 0.694223
41 35 1.093424
41 37 1.138120
42 0 0.172836
42 9 0.197215
42 8 0.208388
42 2 0.239717
42 3 0.247407
42 11 0.224963
42 1 0.269025
42 10 0.238225
42 13 0.258915
42 12 0.261840
42 5 0.287242
42 7 0.290268
42 14 0.279357
42 17 0.311487
42 6 0.337187
42 4 0.342613
42 15 0.343862
42 20 0.326973
42 16 0.348913
42 21 0.340032
42 23 0.331721
42 31 0.285449
42 28 0.293376
42 30 0.320561
42 19 0.398419
42 25 0.360651
42 22 0.379916
42 29 0.365467
42 24 0.405041
42 18 0.440048
42 33 0.350288
42 40 0.327341
42 26 0.391563
42 43 0.342723
42 27 0.407628
42 32 0.409944
42 45 0.320890
42 47 0.326802
42 41 0.378774
42 49 0.336576
42 46 0.350717
42 54 0.315046
42 42 0.402293
42 44 0.377328
42 51 0.344079
42 50 0.350024
42 53 0.347652
42 55 0.343457
42 52 0.363612
42 48 0.408097
42 56 0.386627
42 36 0.544213
42 34 0.606243
42 39 0.774887
42 37 1.146553
42 35 1.237749
42 38 1.230558
43 3 0.205419
43 0 0.236964
43 8 0.242273
43 12 0.247222
43 9 0.278028
43 4 0.284957
43 10 0.278916
43 11 0.277903
43 1 0.296306
43 5 0.294413
43 2 0.303185
43 13 0.300592
43 14 0.305569
43 6 0.329626
43 7 0.345184
43 18 0.401247
43 16 0.405123
43 50 0.302546
43 15 0.434219
43 28 0.409706
43 20 0.432717
43 31 0.416748
43 19 0.454031
43 24 0.459779
43 22 0.473785
43 23 0.474958
43 32 0.452728
43 33 0.453605
43 46 0.425731
43 26 0.495103
43 44 0.444567
43 25 0.512375
43 21 0.520978
43 54 0.387635
43 29 0.505257
43 30 0.505100
43 56 0.394761
43 42 0.486522
43 17 0.565659
43 48 0.479687
43 51 0.454459
43 40 0.514348
43 52 0.466328
43 45 0.507934
43 53 0.464663
43 49 0.517379
43 43 0.543271
43 41 0.567261
43 47 0.554928
43 27 0.628204
43 55 0.505250
43 36 0.626030
43 34 0.704787
43 39 0.890932
43 38 1.301644
43 37 1.369078
43 35 1.453776
44 9 0.179220
44 11 0.193052
44 0 0.247181
44 10 0.230501
44 12 0.224541
44 13 0.222241
44 1 0.257442
44 8 0.241994
44 4 0.269894
44 14 0.251653
44 3 0.296332
44 2 0.302620
44 7 0.307270
44 5 0.316385
44 6 0.344685
44 28 0.310857
44 17 0.361502
44 29 0.325799
44 15 0.397418
44 18 0.415972
44 16 0.418341
44 31 0.363252
44 33 0.376568
44 30 0.390092
44 19 0.439740
44 32 0.416957
44 22 0.466105
44 25 0.489732
44 24 0.497996
44 50 0.345767
44 20 0.521368
44 21 0.526811
44 26 0.521405
44 23 0.535685
44 27 0.551673
44 51 0.433566
44 49 0.455943
44 41 0.544209
44 43 0.510789
44 53 0.455737
44 47 0.499775
44 45 0.508224
44 46 0.512976
44 52 0.485522
44 55 0.453059
44 40 0.600891
44 48 0.520848
44 42 0.581297
44 44 0.556087
44 56 0.468933
44 54 0.500491
44 36 0.665995
44 34 0.729355
44 39 0.965853
44 35 1.365992
44 37 1.389393
44 38 1.482216
45 8 0.189628
45 11 0.199051
45 13 0.189071
45 10 0.231059
45 9 0.240366
45 4 0.300725
45 3 0.303229
45 0 0.346001
45 5 0.334263
45 1 0.380827
45 6 0.376755
45 17 0.341894
45 12 0.382183
45 31 0.130176
45 14 0.364223
45 15 0.371354
45 2 0.481695
45 7 0.475706
45 16 0.448399
45 29 0.243965
45 33 0.244011
45 32 0.245484
45 28 0.269907
45 30 0.289463
45 19 0.427821
45 20 0.385397
45 18 0.465188
45 27 0.318442
45 25 0.345275
45 22 0.375301
45 23 0.353531
45 24 0.360089
45 21 0.423331
45 50 0.185154
45 26 0.393821
45 43 0.333658
45 40 0.414034
45 52 0.323346
45 46 0.373058
45 42 0.402137
45 45 0.378848
45 53 0.341804
45 44 0.393625
45 41 0.407961
45 47 0.388081
45 48 0.392166
45 51 0.362881
45 56 0.286737
45 54 0.289967
45 49 0.373921
45 34 0.572289
45 36 0.561087
45 55 0.344432
45 39 0.782573
45 35 1.304744
45 37 1.354178
45 38 1.383524
46 10 0.193475
46 0 0.230472
46 1 0.255789
46 11 0.238968
46 8 0.249363
46 9 0.249516
46 2 0.269910
46 13 0.247513
46 12 0.250544
46 4 0.297314
46 14 0.278244
46 3 0.319733
46 6 0.333568
46 7 0.388716
46 5 0.399569
46 30 0.362429
46 16 0.404073
46 28 0.380163
46 19 0.427513
46 20 0.425504
46 44 0.362191
46 18 0.457920
46 50 0.368074
46 32 0.428982
46 15 0.487997
46 17 0.512623
46 48 0.416731
46 22 0.509256
46 31 0.500765
46 46 0.451206
46 42 0.472131
46 40 0.482455
46 53 0.442018
46 29 0.526082
46 52 0.449096
46 23 0.558389
46 49 0.480412
46 27 0.562463
46 54 0.478396
46 56 0.485725
46 33 0.576286
46 25 0.605581
46 55 0.518467
46 24 0.622884
46 21 0.636513
46 51 0.543402
46 41 0.581826
46 47 0.563861
46 26 0.652512
46 36 0.633134
46 45 0.598617
46 43 0.626152
46 34 0.705938
46 39 1.063634
46 38 1.437467
46 35 1.665757
46 37 1.681323
47 9 0.169804
47 8 0.227514
47 1 0.280045
47 0 0.293726
47 12 0.137250
47 2 0.317850
47 14 0.170741
47 4 0.336707
47 3 0.344250
47 7 0.337040
47 13 0.185732
47 11 0.201260
47 10 0.229683
47 5 0.384093
47 15 0.302451
47 6 0.472294
47 17 0.322258
47 23 0.297607
47 25 0.293403
47 19 0.346443
47 29 0.289726
47 31 0.274392
47 50 0.242256
47 20 0.377925
47 18 0.394255
47 27 0.320755
47 16 0.437667
47 33 0.311512
47 21 0.444750
47 49 0.346066
47 28 0.409043
47 30 0.403193
47 45 0.380917
47 26 0.441562
47 22 0.497792
47 32 0.411983
47 41 0.403041
47 44 0.400496
47 53 0.391746
47 55 0.403416
47 24 0.500150
47 43 0.427144
47 42 0.439704
47 46 0.434335
47 47 0.445316
47 51 0.452174
47 54 0.454026
47 52 0.469770
47 40 0.493409
47 48 0.496715
47 56 0.499309
47 36 0.586154
47 34 0.649896
47 39 0.848797
47 37 1.484537
47 38 1.487814
47 35 1.495124
48 12 0.226930
48 3 0.252331
48 5 0.253067
48 9 0.247795
48 11 0.248812
48 4 0.281274
48 10 0.285046
48 8 0.307640
48 1 0.316204
48 13 0.271943
48 2 0.322906
48 7 0.344093
48 14 0.311905
48 0 0.369321
48 6 0.416351
48 17 0.347890
48 18 0.371783
48 15 0.395269
48 20 0.325591
48 30 0.195719
48 33 0.174527
48 28 0.223348
48 16 0.461475
48 24 0.352600
48 50 0.243634
48 23 0.374908
48 21 0.487440
48 27 0.369833
48 25 0.371922
48 22 0.411942
48 32 0.319893
48 29 0.387871
48 26 0.410406
48 19 0.578709
48 40 0.394617
48 31 0.412734
48 42 0.384152
48 46 0.382253
48 48 0.404306
48 51 0.398758
48 56 0.386453
48 49 0.418736
48 44 0.434251
48 52 0.427204
48 53 0.431083
48 41 0.490036
48 54 0.458881
48 55 0.460381
48 45 0.495194
48 47 0.511716
48 43 0.525046
48 34 0.604625
48 36 0.616435
48 39 0.894604
48 38 1.417603
48 37 1.455581
48 35 1.613016
49 9 0.158470
49 8 0.269592
49 10 0.174183
49 5 0.291328
49 11 0.168010
49 1 0.301107
49 12 0.157138
49 13 0.164284
49 3 0.313907
49 4 0.322364
49 14 0.180828
49 6 0.343726
49 2 0.355473
49 0 0.368525
49 7 0.363575
49 15 0.267332
49 30 0.234648
49 31 0.260158
49 17 0.360692
49 29 0.297808
49 28 0.302399
49 23 0.331430
49 22 0.338996
49 19 0.366350
49 24 0.347075
49 33 0.323476
49 16 0.449494
49 25 0.375135
49 21 0.399416
49 27 0.377991
49 18 0.463861
49 49 0.385990
49 32 0.443295
49 55 0.399551
49 53 0.415098
49 43 0.440953
49 50 0.430725
49 51 0.438950
49 26 0.492551
49 41 0.463597
49 45 0.460817
49 47 0.462912
49 46 0.479502
49 40 0.508670
49 42 0.508171
49 44 0.520975
49 20 0.586655
49 56 0.512483
49 54 0.526674
49 48 0.542507
49 52 0.554103
49 34 0.592672
49 36 0.670279
49 39 0.922898
49 38 1.478249
49 35 1.547240
49 37 1.639194
50 9 0.210345
50 8 0.262174
50 12 0.274991
50 4 0.310371
50 13 0.323143
50 2 0.336194
50 10 0.329236
50 0 0.341537
50 3 0.341380
50 7 0.338287
50 11 0.335739
50 5 0.354720
50 14 0.369762
50 1 0.421146
50 32 0.434676
50 6 0.488514
50 28 0.446634
50 30 0.443136
50 19 0.506992
50 50 0.426392
50 22 0.497151
50 15 0.525485
50 16 0.527142
50 46 0.507197
50 20 0.579361
50 42 0.535044
50 56 0.504500
50 24 0.630398
50 40 0.603865
50 44 0.588616
50 48 0.600282
50 23 0.668466
50 47 0.604038
50 52 0.599053
50 31 0.653757
50 29 0.658725
50 25 0.668149
50 26 0.670283
50 55 0.594034
50 33 0.665790
50 54 0.615755
50 51 0.629410
50 41 0.666799
50 17 0.727314
50 18 0.728904
50 27 0.730562
50 21 0.767012
50 43 0.724943
50 45 0.722808
50 53 0.714845
50 49 0.722732
50 36 0.774871
50 34 0.815179
50 39 1.221227
50 38 1.826407
50 37 1.907778
50 35 1.938087
51 8 0.192319
51 5 0.237186
51 9 0.211619
51 11 0.184946
51 3 0.300607
51 0 0.320181
51 1 0.322883
51 13 0.209460
51 12 0.214785
51 10 0.245350
51 14 0.229066
51 7 0.354079
51 2 0.398583
51 4 0.408365
51 6 0.443401
51 15 0.356715
51 29 0.199632
51 30 0.173472
51 16 0.386518
51 28 0.253608
51 19 0.382173
51 18 0.417859
51 21 0.380836
51 17 0.462024
51 32 0.265598
51 33 0.277802
51 27 0.363638
51 25 0.374225
51 22 0.387560
51 31 0.332520
51 23 0.389629
51 20 0.489818
51 41 0.350721
51 50 0.307420
51 24 0.476605
51 26 0.499968
51 46 0.406449
51 43 0.443279
51 48 0.434384
51 52 0.384706
51 40 0.489661
51 49 0.446991
51 53 0.400483
51 51 0.443019
51 44 0.502625
51 42 0.522305
51 45 0.496033
51 56 0.381262
51 47 0.502434
51 54 0.440458
51 36 0.605069
51 55 0.421696
51 34 0.677740
51 39 0.932617
51 35 1.616639
51 37 1.663293
51 38 1.645383
52 11 0.189964
52 8 0.224246
52 4 0.234134
52 0 0.238239
52 12 0.208951
52 6 0.239284
52 1 0.262079
52 3 0.280813
52 14 0.222846
52 10 0.257051
52 7 0.291317
52 9 0.285965
52 5 0.312822
52 2 0.319181
52 28 0.301796
52 30 0.298930
52 26 0.343132
52 24 0.403445
52 22 0.410581
52 31 0.374492
52 33 0.300617
52 13 0.459616
52 17 0.433501
52 16 0.435181
52 25 0.406217
52 29 0.391030
52 27 0.406408
52 15 0.485560
52 32 0.407189
52 18 0.522989
52 19 0.522699
52 20 0.522547
52 50 0.271970
52 23 0.527998
52 42 0.384915
52 21 0.571489
52 41 0.426244
52 48 0.373716
52 40 0.476871
52 51 0.379821
52 49 0.401030
52 53 0.325638
52 46 0.431461
52 45 0.437009
52 47 0.442603
52 56 0.348922
52 44 0.457775
52 43 0.459843
52 52 0.391508
52 55 0.393442
52 54 0.403683
52 34 0.713433
52 36 0.758329
52 39 1.045991
52 35 1.746940
52 38 1.758774
52 37 1.810292
53 8 0.200508
53 13 0.209689
53 1 0.285584
53 9 0.252269
53 14 0.272807
53 10 0.278541
53 12 0.279222
53 3 0.325308
53 0 0.344757
53 2 0.343581
53 11 0.337252
53 4 0.375525
53 5 0.395426
53 6 0.413491
53 15 0.398891
53 18 0.425798
53 28 0.238383
53 29 0.263830
53 7 0.540442
53 24 0.403512
53 17 0.484714
53 23 0.416289
53 19 0.499503
53 33 0.247668
53 16 0.512604
53 21 0.469392
53 32 0.291983
53 30 0.303418
53 25 0.412142
53 22 0.503003
53 31 0.342530
53 20 0.568780
53 27 0.441136
53 26 0.488262
53 50 0.344645
53 51 0.389345
53 46 0.412224
53 54 0.399248
53 47 0.450103
53 45 0.460584
53 43 0.474115
53 41 0.500460
53 42 0.479863
53 49 0.451216
53 40 0.523498
53 56 0.447754
53 53 0.459200
53 48 0.483612
53 44 0.509573
53 55 0.465878
53 52 0.503365
53 34 0.620240
53 36 0.773342
53 39 1.073517
53 37 1.822166
53 38 1.856567
53 35 1.959035
54 8 0.216458
54 9 0.216146
54 3 0.305432
54 10 0.173270
54 0 0.320257
54 11 0.177285
54 2 0.325103
54 12 0.187262
54 1 0.356468
54 13 0.223833
54 7 0.379513
54 6 0.380866
54 14 0.272853
54 4 0.463173
54 5 0.447552
54 28 0.208843
54 15 0.360137
54 29 0.227711
54 17 0.346434
54 20 0.319580
54 16 0.392437
54 31 0.292161
54 32 0.310900
54 18 0.427958
54 24 0.373327
54 19 0.433897
54 22 0.407135
54 30 0.377361
54 27 0.418754
54 21 0.457774
54 23 0.456384
54 25 0.461121
54 33 0.443779
54 50 0.357373
54 26 0.473277
54 54 0.358626
54 46 0.458926
54 48 0.441271
54 41 0.498023
54 42 0.510393
54 44 0.513737
54 40 0.542487
54 52 0.450649
54 43 0.544470
54 45 0.537949
54 49 0.497717
54 56 0.446507
54 55 0.478474
54 53 0.499528
54 34 0.647628
54 47 0.590841
54 51 0.548415
54 36 0.704683
54 39 1.103380
54 38 1.755049
54 35 1.849944
54 37 1.918804
55 8 0.270691
55 12 0.292880
55 2 0.316342
55 11 0.301675
55 1 0.341089
55 0 0.347169
55 9 0.335207
55 4 0.351413
55 14 0.320473
55 13 0.374038
55 10 0.389402
55 3 0.413334
55 5 0.446619
55 7 0.443196
55 15 0.415873
55 6 0.450362
55 28 0.464954
55 29 0.465326
55 16 0.491142
55 18 0.511333
55 30 0.481701
55 31 0.473286
55 32 0.469127
55 22 0.566941
55 20 0.572174
55 26 0.575484
55 24 0.591693
55 25 0.587910
55 33 0.558941
55 17 0.658471
55 50 0.344720
55 21 0.677148
55 23 0.675348
55 27 0.668810
55 19 0.698653
55 44 0.478127
55 40 0.621284
55 41 0.627953
55 53 0.457775
55 49 0.480543
55 48 0.489952
55 46 0.540071
55 42 0.638529
55 51 0.503247
55 56 0.468294
55 52 0.536900
55 55 0.506537
55 54 0.514429
55 43 0.651872
55 47 0.561301
55 45 0.627286
55 36 0.804155
55 34 0.821797
55 39 1.329121
55 38 1.954855
55 35 2.100830
55 37 2.159859
56 11 0.229637
56 8 0.239691
56 3 0.290043
56 12 0.279243
56 0 0.295892
56 9 0.282988
56 10 0.283099
56 13 0.281136
56 5 0.293275
56 14 0.294938
56 20 0.287648
56 4 0.330974
56 1 0.422299
56 19 0.391142
56 29 0.366543
56 2 0.458516
56 7 0.451568
56 22 0.422618
56 6 0.457909
56 24 0.430279
56 25 0.444356
56 28 0.438233
56 17 0.462904
56 15 0.481602
56 21 0.462997
56 33 0.430819
56 27 0.473678
56 23 0.492265
56 31 0.492816
56 47 0.527087
56 30 0.594332
56 50 0.530685
56 32 0.585923
56 26 0.604527
56 55 0.514778
56 52 0.534506
56 43 0.569187
56 45 0.557535
56 40 0.586679
56 42 0.585222
56 49 0.562575
56 46 0.589040
56 16 0.691793
56 53 0.574464
56 51 0.593954
56 41 0.638060
56 56 0.593744
56 54 0.610944
56 18 0.741251
56 44 0.679060
56 48 0.671085
56 36 0.857240
56 34 0.904828
56 39 1.217794
56 38 2.015768
56 37 2.054189
56 35 2.067837
57 12 0.287190
57 8 0.338393
57 11 0.315124
57 3 0.364178
57 13 0.281081
57 9 0.363666
57 5 0.389676
57 0 0.405051
57 14 0.308390
57 2 0.423534
57 1 0.426760
57 10 0.395014
57 4 0.436497
57 7 0.469701
57 6 0.480328
57 15 0.473023
57 31 0.205483
57 30 0.207365
57 16 0.484869
57 29 0.356129
57 28 0.371586
57 27 0.426235
57 19 0.550710
57 20 0.539331
57 33 0.439805
57 22 0.497142
57 18 0.593224
57 50 0.412032
57 24 0.523681
57 32 0.495491
57 21 0.589328
57 26 0.535812
57 40 0.517538
57 25 0.594859
57 23 0.657433
57 46 0.567769
57 17 0.758889
57 48 0.603715
57 54 0.596858
57 43 0.616532
57 41 0.636152
57 52 0.618804
57 49 0.647126
57 56 0.637164
57 45 0.657174
57 55 0.651309
57 53 0.678356
57 51 0.688648
57 47 0.696533
57 44 0.706180
57 34 0.745992
57 42 0.724563
57 36 0.909606
57 39 1.249653
57 37 2.084020
57 35 2.116471
57 38 2.143720
58 9 0.391277
58 3 0.398490
58 10 0.395851
58 29 0.371916
58 12 0.394897
58 8 0.401037
58 4 0.432153
58 50 0.372787
58 33 0.398893
58 5 0.472620
58 14 0.464219
58 1 0.490347
58 7 0.568144
58 0 0.606698
58 30 0.573602
58 11 0.655788
58 13 0.656048
58 2 0.668075
58 31 0.645343
58 41 0.634454
58 19 0.665922
58 28 0.669815
58 25 0.694168
58 24 0.695965
58 21 0.722484
58 17 0.743466
58 49 0.705833
58 32 0.730868
58 43 0.728052
58 51 0.732608
58 23 0.779818
58 56 0.734699
58 44 0.771415
58 6 0.831694
58 55 0.780920
58 15 0.850043
58 45 0.818193
58 54 0.810740
58 27 0.853306
58 22 0.873752
58 20 0.883004
58 53 0.863156
58 47 0.878208
58 16 0.944785
58 46 0.911006
58 18 0.954503
58 26 0.942009
58 42 0.944678
58 48 0.941121
58 52 0.938849
58 40 0.967670
58 34 1.060555
58 36 1.236870
58 39 1.553667
58 37 2.362291
58 35 2.592585
58 38 2.679979
59 8 0.251944
59 11 0.279080
59 13 0.281076
59 10 0.322685
59 12 0.304660
59 0 0.354149
59 1 0.364997
59 4 0.352059
59 9 0.380703
59 5 0.384971
59 2 0.421494
59 3 0.418240
59 14 0.372496
59 16 0.401433
59 6 0.474065
59 30 0.177757
59 17 0.432905
59 29 0.191009
59 7 0.514434
59 28 0.220463
59 20 0.480744
59 15 0.525020
59 18 0.538012
59 32 0.272727
59 31 0.318340
59 21 0.606165
59 19 0.661890
59 50 0.345718
59 23 0.674437
59 49 0.398338
59 33 0.453027
59 26 0.553041
59 24 0.644720
59 27 0.563667
59 22 0.781314
59 40 0.510398
59 48 0.484053
59 25 0.652426
59 42 0.527420
59 43 0.530520
59 52 0.496456
59 51 0.507625
59 44 0.532970
59 46 0.522006
59 56 0.512408
59 36 0.597289
59 47 0.567595
59 54 0.587768
59 45 0.608434
59 53 0.613397
59 41 0.655546
59 55 0.605676
59 34 0.883192
59 39 1.281339
59 38 1.365066
59 37 2.143076
59 35 2.205037
60 9 0.236829
60 8 0.327979
60 10 0.335414
60 3 0.367726
60 5 0.424262
60 11 0.437521
60 1 0.472386
60 0 0.476149
60 12 0.440333
60 14 0.434762
60 13 0.445148
60 2 0.515366
60 7 0.507291
60 31 0.195735
60 4 0.593219
60 6 0.616219
60 29 0.317671
60 17 0.572681
60 28 0.422441
60 23 0.580345
60 15 0.647056
60 19 0.668238
60 30 0.426211
60 33 0.384564
60 16 0.715128
60 22 0.680791
60 20 0.703216
60 25 0.664879
60 32 0.421711
60 27 0.567438
60 26 0.626811
60 24 0.709821
60 18 0.744152
60 50 0.374131
60 21 0.785536
60 45 0.443881
60 42 0.460385
60 51 0.438707
60 41 0.492762
60 54 0.417767
60 46 0.577498
60 49 0.582665
60 53 0.563612
60 40 0.656921
60 48 0.639625
60 47 0.649422
60 52 0.625893
60 43 0.677453
60 36 0.749606
60 44 0.680713
60 56 0.603354
60 55 0.615529
60 34 0.834069
60 39 1.052407
60 37 1.711673
60 38 1.900190
60 35 1.973754
61 13 0.231089
61 9 0.239414
61 8 0.255362
61 10 0.249041
61 14 0.271081
61 4 0.381441
61 0 0.423928
61 12 0.327343
61 3 0.458131
61 5 0.444815
61 6 0.404262
61 11 0.373503
61 1 0.535440
61 2 0.553963
61 28 0.446150
61 7 0.531049
61 15 0.512983
61 30 0.453041
61 16 0.531891
61 18 0.544906
61 32 0.421389
61 20 0.651194
61 31 0.557646
61 22 0.660795
61 19 0.699064
61 24 0.658975
61 29 0.656545
61 33 0.534582
61 26 0.685011
61 50 0.429905
61 21 0.740635
61 17 0.756326
61 27 0.720822
61 25 0.744194
61 23 0.766861
61 46 0.560703
61 51 0.514125
61 43 0.615451
61 44 0.647103
61 41 0.668670
61 40 0.710522
61 42 0.714090
61 45 0.695031
61 54 0.632193
61 49 0.676799
61 34 0.779020
61 52 0.664253
61 48 0.705060
61 53 0.677505
61 47 0.763855
61 56 0.634218
61 36 0.818574
61 55 0.681291
61 39 1.201409
61 38 1.946615
61 37 2.060311
61 35 2.213054
62 5 0.260055
62 3 0.271758
62 1 0.284380
62 0 0.307238
62 4 0.363448
62 8 0.253330
62 14 0.220268
62 2 0.412101
62 7 0.343509
62 10 0.254405
62 11 0.251002
62 9 0.278945
62 12 0.250765
62 13 0.246984
62 6 0.445833
62 20 0.400010
62 16 0.454866
62 21 0.402635
62 33 0.268297
62 28 0.329465
62 18 0.442295
62 15 0.513556
62 19 0.463071
62 30 0.375400
62 29 0.387006
62 17 0.549071
62 24 0.466955
62 26 0.455901
62 32 0.445606
62 22 0.583527
62 25 0.525747
62 23 0.578034
62 31 0.475158
62 50 0.387014
62 27 0.538953
62 41 0.472328
62 51 0.457302
62 42 0.549670
62 46 0.512876
62 40 0.610296
62 52 0.543519
62 54 0.564884
62 49 0.583089
62 48 0.589225
62 53 0.579741
62 44 0.643031
62 45 0.640055
62 43 0.661536
62 56 0.585230
62 55 0.602833
62 47 0.631002
62 36 0.779564
62 34 0.830520
62 39 1.163569
62 37 1.908656
62 35 1.981347
62 38 2.067388
63 9 0.208049
63 11 0.296738
63 10 0.298264
63 13 0.309344
63 5 0.376950
63 8 0.377046
63 7 0.460271
63 14 0.431461
63 2 0.478995
63 12 0.472916
63 4 0.499302
63 0 0.503972
63 1 0.505347
63 6 0.505364
63 15 0.471949
63 3 0.525105
63 16 0.455102
63 28 0.270413
63 31 0.277610
63 19 0.580615
63 17 0.640295
63 29 0.399899
63 33 0.402422
63 21 0.616917
63 30 0.446002
63 20 0.635301
63 27 0.466815
63 22 0.553871
63 40 0.383164
63 25 0.536214
63 18 0.748471
63 32 0.515625
63 41 0.444036
63 23 0.662317
63 50 0.391093
63 26 0.620210
63 43 0.542293
63 24 0.714868
63 49 0.515378
63 42 0.609768
63 48 0.564911
63 46 0.584218
63 45 0.599284
63 53 0.553697
63 51 0.584003
63 56 0.575804
63 47 0.633311
63 44 0.681902
63 54 0.592002
63 34 0.774934
63 55 0.603563
63 52 0.631072
63 36 0.772527
63 39 1.195325
63 38 1.683184
63 35 2.173874
63 37 2.163239
64 8 0.257207
64 11 0.220798
64 9 0.283432
64 12 0.216887
64 10 0.300105
64 13 0.221565
64 14 0.236100
64 3 0.367502
64 5 0.373840
64 1 0.398806
64 0 0.466993
64 4 0.462937
64 6 0.462112
64 7 0.564716
64 28 0.297913
64 29 0.296767
64 30 0.319374
64 15 0.516667
64 2 0.664925
64 17 0.514470
64 31 0.366389
64 16 0.566129
64 19 0.551093
64 32 0.457086
64 22 0.509264
64 25 0.519154
64 18 0.611439
64 24 0.535274
64 21 0.573911
64 27 0.544245
64 50 0.473933
64 20 0.633598
64 33 0.565100
64 26 0.625838
64 41 0.575859
64 51 0.550672
64 42 0.606054
64 40 0.630248
64 46 0.611497
64 23 0.720779
64 53 0.605372
64 48 0.664072
64 44 0.678083
64 45 0.679808
64 49 0.682893
64 54 0.690714
64 43 0.739581
64 56 0.698657
64 47 0.760121
64 55 0.780789
64 34 0.856614
64 52 0.824574
64 36 0.930351
64 39 1.146645
64 38 2.142681
64 37 2.173863
64 35 2.226393
65 3 0.251135
65 1 0.372329
65 5 0.487942
65 9 0.485013
65 30 0.472247
65 29 0.473161
65 13 0.489548
65 2 0.501886
65 0 0.504317
65 7 0.501452
65 11 0.496705
65 33 0.478062
65 10 0.529316
65 8 0.542666
65 18 0.589290
65 25 0.584010
65 6 0.607022
65 51 0.583612
65 4 0.652280
65 17 0.640300
65 12 0.648384
65 40 0.616198
65 53 0.631975
65 28 0.664482
65 48 0.650515
65 42 0.663213
65 50 0.668286
65 31 0.698392
65 15 0.728137
65 32 0.712642
65 14 0.733436
65 52 0.697667
65 56 0.708993
65 41 0.726818
65 26 0.750930
65 23 0.762666
65 19 0.792478
65 22 0.808784
65 44 0.784965
65 45 0.818959
65 54 0.814134
65 49 0.827225
65 27 0.861090
65 20 0.870989
65 43 0.846018
65 24 0.872603
65 16 0.890134
65 21 0.889377
65 46 0.865988
65 47 0.885167
65 34 0.904744
65 55 0.933285
65 36 1.021369
65 39 1.381146
65 37 2.279534
65 35 2.313866
65 38 2.553213
66 8 0.254483
66 1 0.274858
66 9 0.257953
66 10 0.250911
66 0 0.297592
66 4 0.352923
66 13 0.322230
66 2 0.417291
66 11 0.381219
66 14 0.374274
66 7 0.425492
66 6 0.429499
66 12 0.413736
66 5 0.479011
66 30 0.452117
66 16 0.497400
66 20 0.499081
66 19 0.528530
66 32 0.507637
66 18 0.532135
66 3 0.622923
66 21 0.537221
66 15 0.610938
66 22 0.604966
66 25 0.602624
66 28 0.610786
66 31 0.608691
66 50 0.296008
66 26 0.638460
66 27 0.638141
66 17 0.663524
66 33 0.609417
66 24 0.671351
66 29 0.674078
66 23 0.704640
66 49 0.496264
66 55 0.425816
66 42 0.641892
66 51 0.509107
66 40 0.667505
66 43 0.659208
66 41 0.663093
66 47 0.585596
66 46 0.590593
66 45 0.699641
66 52 0.575775
66 54 0.510072
66 36 0.837444
66 48 0.630975
66 44 0.759541
66 56 0.556756
66 34 0.910453
66 53 0.586928
66 39 1.324074
66 38 1.679933
66 37 2.135621
66 35 2.169885
67 8 0.325970
67 9 0.361215
67 10 0.459499
67 3 0.500611
67 5 0.605674
67 4 0.606663
67 6 0.605381
67 11 0.598202
67 1 0.617241
67 0 0.618811
67 12 0.653308
67 30 0.696349
67 14 0.728581
67 7 0.760368
67 2 0.770178
67 15 0.727587
67 21 0.711767
67 33 0.699709
67 28 0.705850
67 18 0.795838
67 47 0.766706
67 24 0.802049
67 32 0.831808
67 50 0.803934
67 51 0.808415
67 55 0.840651
67 31 0.879688
67 17 0.908401
67 13 0.929404
67 42 0.888266
67 49 0.894715
67 46 0.908256
67 26 0.943124
67 29 0.949549
67 27 0.977543
67 41 0.993288
67 44 1.009968
67 23 1.052087
67 40 1.033591
67 53 1.018511
67 19 1.082349
67 20 1.083404
67 54 1.034799
67 52 1.049321
67 36 1.086952
67 16 1.124647
67 56 1.062498
67 34 1.106438
67 48 1.091994
67 45 1.125284
67 25 1.194460
67 43 1.190987
67 22 1.229055
67 39 1.822046
67 38 2.462536
67 37 2.660544
67 35 2.788082
68 8 0.190976
68 10 0.241189
68 12 0.270736
68 11 0.299195
68 6 0.400899
68 14 0.354659
68 9 0.402309
68 0 0.432442
68 2 0.432102
68 13 0.389820
68 3 0.475829
68 4 0.504397
68 5 0.504107
68 19 0.420876
68 20 0.451970
68 15 0.526390
68 21 0.482863
68 17 0.523904
68 25 0.423994
68 1 0.680172
68 22 0.547059
68 7 0.678585
68 31 0.302212
68 28 0.398942
68 30 0.325792
68 24 0.542551
68 32 0.318659
68 33 0.307816
68 23 0.561290
68 29 0.360528
68 26 0.460532
68 18 0.683570
68 16 0.713150
68 27 0.510376
68 50 0.355922
68 40 0.431682
68 41 0.467749
68 48 0.453702
68 56 0.477981
68 42 0.548610
68 43 0.555430
68 51 0.521957
68 53 0.543348
68 47 0.570179
68 45 0.592458
68 44 0.607274
68 49 0.574171
68 52 0.567202
68 46 0.598775
68 54 0.564636
68 55 0.612260
68 36 0.848359
68 34 0.891242
68 39 1.302385
68 35 2.297596
68 38 2.390878
68 37 2.438637
69 14 0.295136
69 10 0.393883
69 4 0.405232
69 8 0.401843
69 30 0.375712
69 0 0.491121
69 32 0.460675
69 6 0.530879
69 13 0.521466
69 15 0.550938
69 11 0.567813
69 17 0.559649
69 2 0.583794
69 44 0.514433
69 50 0.507630
69 7 0.600719
69 27 0.603209
69 47 0.567818
69 25 0.610799
69 54 0.569754
69 22 0.622494
69 9 0.666432
69 12 0.663815
69 23 0.661365
69 19 0.674207
69 1 0.706084
69 18 0.686934
69 46 0.644600
69 31 0.687727
69 20 0.705827
69 28 0.693226
69 41 0.704230
69 16 0.747296
69 3 0.774752
69 24 0.769853
69 45 0.730297
69 33 0.753738
69 29 0.765005
69 48 0.748466
69 55 0.742953
69 43 0.778735
69 52 0.768687
69 51 0.775649
69 26 0.821280
69 5 0.851806
69 53 0.794604
69 56 0.791057
69 40 0.831948
69 42 0.844514
69 21 0.938754
69 49 0.897935
69 36 0.939552
69 34 0.970680
69 39 1.696580
69 38 2.255673
69 35 2.390655
69 37 2.531541
70 9 0.318685
70 10 0.350472
70 11 0.350765
70 12 0.366120
70 13 0.441989
70 8 0.465701
70 14 0.447998
70 2 0.507526
70 6 0.510912
70 5 0.513111
70 3 0.541985
70 0 0.548650
70 1 0.564487
70 4 0.590361
70 19 0.583646
70 7 0.687525
70 31 0.255227
70 30 0.307486
70 32 0.341969
70 21 0.698178
70 29 0.380382
70 15 0.784007
70 24 0.738370
70 50 0.334343
70 28 0.560225
70 16 0.820061
70 33 0.466332
70 17 0.838038
70 25 0.781162
70 18 0.850443
70 27 0.718141
70 20 0.857555
70 22 0.850578
70 23 0.857640
70 26 0.865603
70 51 0.516410
70 49 0.567923
70 42 0.603877
70 46 0.588832
70 48 0.589862
70 52 0.600308
70 43 0.644051
70 44 0.656431
70 56 0.606888
70 47 0.636375
70 41 0.673276
70 45 0.656822
70 53 0.652011
70 55 0.646741
70 54 0.697011
70 40 0.788828
70 36 0.906450
70 34 0.989958
70 39 1.412814
70 38 2.515460
70 37 2.546331
70 35 2.580094
71 10 0.268732
71 9 0.293652
71 11 0.297469
71 8 0.330767
71 12 0.328521
71 1 0.538371
71 0 0.547586
71 13 0.407019
71 2 0.545575
71 5 0.500343
71 14 0.430546
71 3 0.583304
71 4 0.633764
71 28 0.452533
71 29 0.444022
71 7 0.623899
71 6 0.695840
71 20 0.608974
71 32 0.438955
71 30 0.491736
71 16 0.709528
71 33 0.504180
71 26 0.700552
71 18 0.774097
71 22 0.760867
71 15 0.829176
71 31 0.655352
71 50 0.410215
71 24 0.795820
71 23 0.809395
71 19 0.835558
71 17 0.852584
71 27 0.772261
71 44 0.527902
71 21 0.894974
71 25 0.896161
71 53 0.560217
71 56 0.574276
71 48 0.667639
71 54 0.637327
71 49 0.706642
71 40 0.798991
71 42 0.768239
71 52 0.671819
71 41 0.805840
71 45 0.727494
71 43 0.768171
71 46 0.745164
71 51 0.758756
71 36 0.953735
71 47 0.816760
71 55 0.748318
71 34 0.991660
71 39 1.481226
71 37 2.465061
71 35 2.503115
71 38 2.643636
72 8 0.278408
72 2 0.323950
72 3 0.339650
72 5 0.356646
72 0 0.370085
72 9 0.371386
72 1 0.439896
72 13 0.415856
72 29 0.564344
72 7 0.600048
72 11 0.590963
72 14 0.592442
72 33 0.608955
72 28 0.618544
72 12 0.644002
72 10 0.668013
72 45 0.658882
72 49 0.680793
72 31 0.704966
72 46 0.710974
72 50 0.711916
72 42 0.723476
72 41 0.750980
72 25 0.774670
72 20 0.784867
72 24 0.829308
72 30 0.825300
72 15 0.867452
72 6 0.913243
72 32 0.884593
72 16 0.909583
72 26 0.918563
72 51 0.885370
72 54 0.880829
72 47 0.892537
72 55 0.890036
72 18 0.943149
72 23 0.954470
72 53 0.925953
72 4 1.005509
72 21 0.982932
72 22 0.990772
72 17 1.003449
72 44 0.971046
72 43 0.972274
72 19 1.029387
72 36 1.011462
72 48 1.004455
72 27 1.053968
72 52 1.029152
72 56 1.026149
72 40 1.091530
72 34 1.343965
72 39 1.523725
72 35 2.750121
72 37 2.753910
72 38 2.889930
73 8 0.313109
73 9 0.312830
73 10 0.324007
73 13 0.324088
73 11 0.331311
73 14 0.351946
73 12 0.359097
73 0 0.482155
73 32 0.507853
73 2 0.633584
73 29 0.621834
73 28 0.650921
73 7 0.727086
73 48 0.662820
73 50 0.661487
73 30 0.726938
73 26 0.763859
73 4 0.854426
73 52 0.757566
73 46 0.778161
73 56 0.776737
73 33 0.850234
73 25 0.906616
73 44 0.854943
73 18 0.936311
73 42 0.878897
73 6 0.965481
73 31 0.918754
73 51 0.868910
73 41 0.905536
73 16 0.969826
73 3 1.001002
73 15 0.995621
73 43 0.939721
73 54 0.916884
73 40 1.035685
73 5 1.133075
73 1 1.154560
73 20 1.130420
73 22 1.137744
73 36 1.104577
73 45 1.087403
73 24 1.154159
73 23 1.164257
73 21 1.175997
73 55 1.104810
73 27 1.196648
73 49 1.137226
73 47 1.166338
73 19 1.255257
73 17 1.296323
73 53 1.218478
73 34 1.315237
73 39 2.003728
73 37 2.980084
73 38 3.040883
73 35 3.136960
74 10 0.240025
74 11 0.313369
74 8 0.378420
74 2 0.487387
74 9 0.457847
74 14 0.434534
74 7 0.499069
74 4 0.510857
74 3 0.518518
74 6 0.514618
74 13 0.466151
74 1 0.536391
74 0 0.538719
74 18 0.443315
74 5 0.574442
74 15 0.513581
74 12 0.592392
74 19 0.584386
74 33 0.259383
74 29 0.376446
74 30 0.410965
74 17 0.687561
74 32 0.408298
74 16 0.711213
74 28 0.460508
74 25 0.625360
74 31 0.457287
74 21 0.718632
74 22 0.725845
74 26 0.673579
74 23 0.731487
74 27 0.623645
74 20 0.807015
74 40 0.419270
74 50 0.398477
74 43 0.486835
74 48 0.465215
74 49 0.470389
74 44 0.541379
74 56 0.498235
74 52 0.542645
74 24 0.969746
74 54 0.553047
74 45 0.583204
74 46 0.597943
74 53 0.587559
74 42 0.686458
74 36 0.726932
74 51 0.673949
74 55 0.664504
74 41 0.748240
74 47 0.726408
74 34 0.853155
74 39 1.546414
74 35 2.527280
74 37 2.537025
74 38 2.554373
75 12 0.244983
75 9 0.304723
75 8 0.360758
75 13 0.363523
75 14 0.366604
75 11 0.435188
75 10 0.483939
75 1 0.554718
75 2 0.658815
75 0 0.670907
75 32 0.333877
75 28 0.408107
75 6 0.796982
75 31 0.396969
75 29 0.461555
75 5 0.834393
75 3 0.849426
75 4 0.849250
75 7 0.846282
75 17 0.807914
75 30 0.573185
75 33 0.561012
75 19 0.897820
75 21 0.873739
75 18 0.919594
75 16 0.944625
75 20 0.926652
75 15 0.984509
75 24 0.826297
75 22 0.939717
75 50 0.358780
75 23 0.975985
75 27 0.834866
75 25 0.883379
75 26 0.868751
75 42 0.662125
75 41 0.696069
75 47 0.595707
75 46 0.681418
75 51 0.604373
75 40 0.808814
75 43 0.787327
75 44 0.791963
75 55 0.592305
75 45 0.804980
75 49 0.721084
75 52 0.689015
75 54 0.642296
75 53 0.683511
75 56 0.652425
75 48 0.780355
75 36 1.044888
75 34 1.162455
75 39 1.620637
75 38 2.912101
75 37 3.162575
75 35 3.185224
76 9 0.388225
76 8 0.452322
76 10 0.541954
76 1 0.568827
76 14 0.592058
76 0 0.646543
76 2 0.654266
76 6 0.638896
76 7 0.664386
76 13 0.663700
76 29 0.652951
76 11 0.703183
76 4 0.733512
76 50 0.766418
76 32 0.816167
76 12 0.862680
76 28 0.891838
76 31 0.946007
76 18 0.976055
76 30 0.974603
76 43 0.958957
76 33 0.988944
76 5 1.028470
76 41 0.986753
76 3 1.068524
76 53 1.079220
76 15 1.134521
76 22 1.166075
76 52 1.170449
76 54 1.197062
76 40 1.220880
76 56 1.225442
76 16 1.282806
76 49 1.258949
76 25 1.306105
76 21 1.321732
76 17 1.331435
76 46 1.304762
76 48 1.356898
76 19 1.394102
76 51 1.366604
76 44 1.375739
76 42 1.389111
76 23 1.432244
76 47 1.413489
76 45 1.424707
76 27 1.473410
76 26 1.474902
76 55 1.451282
76 24 1.496001
76 20 1.520460
76 36 1.546883
76 34 1.630095
76 39 2.094865
76 37 3.426479
76 38 3.569611
76 35 3.636720
77 11 0.398502
77 13 0.418309
77 9 0.454257
77 8 0.613697
77 33 0.598135
77 52 0.571889
77 41 0.626181
77 0 0.687814
77 5 0.723567
77 50 0.674707
77 29 0.714714
77 53 0.675307
77 12 0.771331
77 31 0.765257
77 42 0.757385
77 10 0.812596
77 51 0.752295
77 7 0.849417
77 15 0.840843
77 21 0.850384
77 28 0.839838
77 30 0.840525
77 32 0.857685
77 1 0.899152
77 45 0.838901
77 49 0.836730
77 3 0.916166
77 19 0.894861
77 14 0.911845
77 46 0.922715
77 56 0.981110
77 18 1.051254
77 43 1.031729
77 47 1.038570
77 44 1.051081
77 40 1.076441
77 48 1.065807
77 16 1.135235
77 25 1.127172
77 17 1.147222
77 55 1.087445
77 2 1.172605
77 34 1.145479
77 22 1.171758
77 27 1.170797
77 24 1.194418
77 23 1.210694
77 26 1.236230
77 6 1.268996
77 54 1.199188
77 4 1.287506
77 20 1.302301
77 36 1.516149
77 39 2.184029
77 38 3.298876
77 35 3.357423
77 37 3.439761
78 10 0.352954
78 3 0.473841
78 1 0.475559
78 50 0.429491
78 0 0.516583
78 13 0.593294
78 22 0.600490
78 8 0.611755
78 6 0.660182
78 20 0.651367
78 2 0.697762
78 9 0.693339
78 11 0.704944
78 33 0.756200
78 51 0.735609
78 42 0.760301
78 40 0.764677
78 7 0.813476
78 29 0.802780
78 28 0.831707
78 45 0.825643
78 14 0.882106
78 24 0.878481
78 12 0.923872
78 26 0.912554
78 17 0.944688
78 31 0.931696
78 53 0.930074
78 32 0.973237
78 30 0.983679
78 18 1.020530
78 52 0.988982
78 54 0.994615
78 4 1.058564
78 27 1.076872
78 15 1.088954
78 25 1.085792
78 46 1.079421
78 21 1.117700
78 49 1.116883
78 16 1.162230
78 19 1.177339
78 5 1.193758
78 56 1.154455
78 48 1.191102
78 23 1.226883
78 44 1.205572
78 43 1.218354
78 47 1.246503
78 41 1.308291
78 55 1.367747
78 36 1.441133
78 34 1.585835
78 39 2.082506
78 35 3.278050
78 37 3.334181
78 38 3.671037
79 9 0.322329
79 11 0.319921
79 10 0.444338
79 13 0.373036
79 12 0.413529
79 8 0.483171
79 14 0.477195
79 3 0.600570
79 1 0.684459
79 5 0.682613
79 0 0.746414
79 4 0.787632
79 28 0.365723
79 6 0.785862
79 2 0.800844
79 29 0.395239
79 22 0.652117
79 24 0.561605
79 7 0.897104
79 16 0.802671
79 31 0.436472
79 32 0.466807
79 27 0.570076
79 30 0.499188
79 23 0.733540
79 21 0.805707
79 15 0.924466
79 19 0.827382
79 17 0.892227
79 20 0.836115
79 33 0.596370
79 50 0.430232
79 18 0.977273
79 46 0.554197
79 25 0.909995
79 26 0.862020
79 40 0.687940
79 42 0.737867
79 51 0.680335
79 44 0.731952
79 48 0.700995
79 53 0.700744
79 55 0.705807
79 47 0.726459
79 43 0.789450
79 52 0.719186
79 41 0.817075
79 56 0.676134
79 45 0.760118
79 49 0.758194
79 54 0.792173
79 34 1.093195
79 36 1.159540
79 39 1.793914
79 35 3.057926
79 37 3.174237
79 38 3.236993
80 8 0.417674
80 9 0.539777
80 11 0.564078
80 13 0.582268
80 33 0.618691
80 4 0.753483
80 0 0.774620
80 32 0.757662
80 1 0.819018
80 3 0.862632
80 10 0.857939
80 2 0.915398
80 14 0.907824
80 21 0.916690
80 7 0.957423
80 29 0.937459
80 31 1.005880
80 6 1.072381
80 28 1.052563
80 30 1.139123
80 17 1.175325
80 53 1.136603
80 40 1.191809
80 12 1.222676
80 54 1.195655
80 51 1.239914
80 50 1.260918
80 49 1.293738
80 48 1.304493
80 5 1.364822
80 43 1.328014
80 45 1.347865
80 15 1.387109
80 19 1.446758
80 46 1.436560
80 16 1.468642
80 25 1.468602
80 20 1.474894
80 27 1.476310
80 18 1.488461
80 56 1.463207
80 52 1.488154
80 41 1.501027
80 44 1.513351
80 26 1.567190
80 36 1.583073
80 47 1.579310
80 23 1.623738
80 34 1.617869
80 42 1.611278
80 55 1.628529
80 24 1.663527
80 22 1.736539
80 39 2.798586
80 38 4.035624
80 35 4.092643
80 37 4.250041
81 8 0.294410
81 10 0.342018
81 13 0.349633
81 9 0.368168
81 12 0.426486
81 11 0.433535
81 3 0.486006
81 14 0.458425
81 0 0.574618
81 5 0.652555
81 30 0.622565
81 7 0.726385
81 50 0.594328
81 31 0.691654
81 1 0.798147
81 2 0.817523
81 4 0.818808
81 29 0.746698
81 16 0.813491
81 32 0.799926
81 28 0.843717
81 17 0.887749
81 19 0.886871
81 33 0.826512
81 6 0.971789
81 24 0.989830
81 20 1.018893
81 22 1.012248
81 27 1.037767
81 15 1.080976
81 18 1.081099
81 43 1.036171
81 44 1.039850
81 26 1.122488
81 53 0.922580
81 25 1.153941
81 48 1.143571
81 46 1.151157
81 42 1.175699
81 23 1.264417
81 41 1.222281
81 45 1.191935
81 49 1.179530
81 56 1.044147
81 52 1.091907
81 21 1.332260
81 40 1.274340
81 51 1.196263
81 47 1.285266
81 55 1.134294
81 54 1.216093
81 34 1.484557
81 36 1.615581
81 39 2.188664
81 37 3.655918
81 38 3.755151
81 35 3.816055
82 9 0.391886
82 11 0.417448
82 8 0.421458
82 13 0.415923
82 14 0.467483
82 3 0.554584
82 50 0.579803
82 33 0.611272
82 1 0.720188
82 28 0.703786
82 4 0.745800
82 0 0.768783
82 6 0.764666
82 10 0.769915
82 15 0.870823
82 5 0.895643
82 29 0.876918
82 31 0.884345
82 19 0.909497
82 12 0.963666
82 30 0.935174
82 2 0.981019
82 32 0.969372
82 53 0.992601
82 43 1.023445
82 23 1.085704
82 44 1.080830
82 17 1.136124
82 27 1.119762
82 54 1.097286
82 51 1.102685
82 7 1.171047
82 56 1.137010
82 55 1.138686
82 49 1.174379
82 48 1.190952
82 16 1.244090
82 40 1.211363
82 22 1.259078
82 45 1.234088
82 21 1.265599
82 18 1.282059
82 24 1.284366
82 46 1.261269
82 25 1.289942
82 42 1.294841
82 26 1.329936
82 47 1.311100
82 52 1.311750
82 20 1.387907
82 41 1.365033
82 36 1.413993
82 34 1.811774
82 39 2.220625
82 38 4.124219
82 35 4.208663
82 37 4.312329
83 9 0.282710
83 11 0.407960
83 3 0.515071
83 12 0.492354
83 8 0.501322
83 1 0.635659
83 4 0.595479
83 10 0.580993
83 5 0.588870
83 14 0.573420
83 2 0.605029
83 7 0.589404
83 0 0.661750
83 13 0.624751
83 28 0.724987
83 6 0.769256
83 33 0.749862
83 30 0.755721
83 29 0.779825
83 32 0.800026
83 31 0.851881
83 18 0.940261
83 21 0.958975
83 23 0.963291
83 19 0.967901
83 15 1.003356
83 22 1.005907
83 25 0.999137
83 50 0.909448
83 24 1.045542
83 16 1.102794
83 17 1.136165
83 49 1.046383
83 27 1.158317
83 45 1.115487
83 55 0.926803
83 47 1.157215
83 51 1.096063
83 41 1.225179
83 20 1.278744
83 56 0.979663
83 44 1.240357
83 42 1.257049
83 46 1.245184
83 48 1.222412
83 43 1.305662
83 40 1.329472
83 54 1.127125
83 26 1.371909
83 53 1.191162
83 52 1.200826
83 36 1.636407
83 34 1.706991
83 39 2.335441
83 37 3.720568
83 38 3.724431
83 35 3.772569
84 9 0.368133
84 8 0.386463
84 10 0.413560
84 12 0.471599
84 13 0.498510
84 14 0.502388
84 11 0.608096
84 30 0.570742
84 5 0.716565
84 28 0.691702
84 29 0.763911
84 0 0.819527
84 1 0.859255
84 50 0.784277
84 6 0.928716
84 22 0.932569
84 32 0.926750
84 7 0.976233
84 51 0.908588
84 54 0.897171
84 18 0.966155
84 2 1.001485
84 46 0.942042
84 33 0.964286
84 52 0.955857
84 41 0.983597
84 44 1.007395
84 4 1.098596
84 31 1.059509
84 40 1.073413
84 42 1.074646
84 53 1.062884
84 55 1.098940
84 16 1.178769
84 15 1.189738
84 3 1.211262
84 48 1.146013
84 20 1.202883
84 24 1.208187
84 17 1.250215
84 21 1.246617
84 23 1.249750
84 26 1.241986
84 45 1.225410
84 47 1.227578
84 34 1.261947
84 56 1.231938
84 27 1.301375
84 19 1.323903
84 25 1.319276
84 43 1.300877
84 49 1.342024
84 36 1.588839
84 39 2.343417
84 37 3.580623
84 35 3.830090
84 38 3.887939
85 3 0.495425
85 10 0.528780
85 8 0.554902
85 5 0.602279
85 7 0.731699
85 9 0.748468
85 1 0.796949
85 11 0.804857
85 33 0.819694
85 31 0.828722
85 28 0.845087
85 19 0.896726
85 29 0.927105
85 13 0.942300
85 43 0.932902
85 24 0.955605
85 27 0.978303
85 25 1.009745
85 46 0.988468
85 30 1.023170
85 45 1.005843
85 50 1.069477
85 12 1.127268
85 23 1.128302
85 21 1.133226
85 6 1.162092
85 14 1.166266
85 32 1.158245
85 15 1.175332
85 54 1.157875
85 53 1.165078
85 18 1.205465
85 56 1.163768
85 0 1.232102
85 48 1.240976
85 4 1.291686
85 49 1.267538
85 52 1.276905
85 17 1.339763
85 44 1.310682
85 22 1.341307
85 40 1.341508
85 51 1.346062
85 55 1.347637
85 2 1.411114
85 42 1.386443
85 41 1.396341
85 26 1.419790
85 20 1.499022
85 47 1.523961
85 16 1.588015
85 36 1.660721
85 34 1.715775
85 39 2.088121
85 35 3.651403
85 37 3.696802
85 38 3.809909
86 50 0.458770
86 10 0.524308
86 30 0.508694
86 11 0.556840
86 8 0.697371
86 29 0.692890
86 5 0.837324
86 13 0.846105
86 12 0.848529
86 3 0.875601
86 14 0.899802
86 31 0.887992
86 53 0.898152
86 43 0.909393
86 9 0.982327
86 28 0.964518
86 32 0.994271
86 18 1.013153
86 0 1.045153
86 6 1.042916
86 22 1.026793
86 33 1.061740
86 1 1.101123
86 42 1.082137
86 49 1.076450
86 4 1.150288
86 54 1.100188
86 26 1.129756
86 47 1.174892
86 41 1.191399
86 21 1.245238
86 20 1.253639
86 17 1.257363
86 23 1.262467
86 34 1.289516
86 2 1.332978
86 52 1.276546
86 40 1.294661
86 56 1.289024
86 7 1.383775
86 36 1.353342
86 51 1.342988
86 46 1.356192
86 55 1.383937
86 16 1.433120
86 15 1.486700
86 24 1.498860
86 45 1.485383
86 19 1.531509
86 44 1.507306
86 25 1.534671
86 27 1.543802
86 48 1.588624
86 39 2.322369
86 35 3.982267
86 38 4.175681
86 37 4.182604
87 9 0.249746
87 10 0.332785
87 11 0.333335
87 8 0.381737
87 14 0.365795
87 13 0.389504
87 12 0.429169
87 2 0.704321
87 1 0.738471
87 29 0.320106
87 6 0.727200
87 0 0.783228
87 7 0.754107
87 3 0.791533
87 15 0.819607
87 21 0.690976
87 4 0.907892
87 31 0.482687
87 32 0.482290
87 28 0.541798
87 22 0.703618
87 16 0.867860
87 24 0.669691
87 5 0.961375
87 30 0.581874
87 18 0.901683
87 17 0.916290
87 19 0.867900
87 23 0.813231
87 50 0.503527
87 33 0.627646
87 27 0.689641
87 25 0.772559
87 26 0.740742
87 44 0.727997
87 46 0.723757
87 20 1.073634
87 42 0.790767
87 40 0.819307
87 43 0.817418
87 52 0.672069
87 41 0.873023
87 45 0.870080
87 53 0.751802
87 51 0.827024
87 47 0.969188
87 48 0.973797
87 56 0.805823
87 55 0.821081
87 49 0.993878
87 54 0.884918
87 36 1.098653
87 34 1.125639
87 39 1.768479
87 37 3.199935
87 38 3.283236
87 35 3.378421
88 8 0.348762
88 10 0.425219
88 14 0.442717
88 9 0.453805
88 12 0.448558
88 11 0.477422
88 13 0.609719
88 3 0.713255
88 5 0.715555
88 31 0.676254
88 1 0.742316
88 2 0.739734
88 4 0.756588
88 0 0.835668
88 18 0.929903
88 30 0.903614
88 16 0.936561
88 29 0.934489
88 28 0.948873
88 6 0.995448
88 50 0.924717
88 32 1.004803
88 21 1.088951
88 15 1.109953
88 33 1.079081
88 7 1.130578
88 17 1.151322
88 46 1.106185
88 20 1.221481
88 49 1.284786
88 56 1.280092
88 19 1.370764
88 23 1.393138
88 48 1.369844
88 24 1.433846
88 53 1.377608
88 22 1.469508
88 40 1.428801
88 51 1.415017
88 55 1.448103
88 41 1.486260
88 42 1.537275
88 27 1.581248
88 44 1.540161
88 47 1.563637
88 26 1.627281
88 45 1.609274
88 52 1.598072
88 54 1.598087
88 25 1.671007
88 43 1.628569
88 36 1.814837
88 34 1.821582
88 39 2.670867
88 35 4.114305
88 37 4.160996
88 38 4.263740
89 8 0.302046
89 9 0.316491
89 10 0.328499
89 11 0.367468
89 13 0.404158
89 14 0.511337
89 3 0.592977
89 12 0.548775
89 1 0.634733
89 5 0.686751
89 29 0.371732
89 0 0.829061
89 30 0.407627
89 31 0.370733
89 2 0.855025
89 32 0.451136
89 7 0.903290
89 28 0.534961
89 6 0.962700
89 4 1.016349
89 15 0.979888
89 33 0.513166
89 16 1.045384
89 22 0.791295
89 18 1.055120
89 50 0.486234
89 17 1.144155
89 24 0.913126
89 20 0.964840
89 27 0.924471
89 21 0.981420
89 25 0.955325
89 26 0.961745
89 19 1.211094
89 23 1.038726
89 41 0.811213
89 40 0.904572
89 46 0.925477
89 42 1.014970
89 44 0.966401
89 49 0.959263
89 56 0.924098
89 48 1.028636
89 51 1.011986
89 47 1.044859
89 53 0.992948
89 45 1.123603
89 43 1.185313
89 55 1.032345
89 52 1.095231
89 54 1.064535
89 36 1.278140
89 34 1.372425
89 39 2.113391
89 38 3.718019
89 37 3.832789
89 35 3.954875
90 10 0.355492
90 8 0.387273
90 11 0.384977
90 9 0.513559
90 14 0.507777
90 13 0.510015
90 12 0.512216
90 3 0.549830
90 0 0.683325
90 1 0.761701
90 7 0.778865
90 4 0.841112
90 6 0.831857
90 33 0.799175
90 20 0.823226
90 32 0.853231
90 2 0.920641
90 16 0.879972
90 5 0.928656
90 30 0.901376
90 44 0.899778
90 18 0.951170
90 31 0.944878
90 50 0.935467
90 53 0.931620
90 29 0.994837
90 22 1.029503
90 25 1.110706
90 46 1.073606
90 28 1.146983
90 49 1.136269
90 21 1.211988
90 17 1.222091
90 42 1.183903
90 27 1.218577
90 19 1.291084
90 40 1.265670
90 24 1.337856
90 23 1.352522
90 41 1.325458
90 56 1.301541
90 48 1.332683
90 45 1.343967
90 52 1.340026
90 51 1.348208
90 15 1.420062
90 43 1.376713
90 26 1.467294
90 54 1.417971
90 55 1.463887
90 47 1.515189
90 36 1.613042
90 34 1.704832
90 39 2.482263
90 38 3.952108
90 37 4.418512
90 35 4.431589
91 9 0.440971
91 10 0.455685
91 8 0.465303
91 13 0.517645
91 5 0.650342
91 31 0.609053
91 50 0.643989
91 7 0.710600
91 11 0.704638
91 29 0.683039
91 3 0.777686
91 41 0.737310
91 1 0.836356
91 12 0.838325
91 15 0.886934
91 33 0.895715
91 53 0.886426
91 17 0.981008
91 23 0.975504
91 2 1.024607
91 28 0.980141
91 0 1.044883
91 52 0.972382
91 14 1.039290
91 43 1.021166
91 49 1.016475
91 4 1.082709
91 21 1.069403
91 32 1.080203
91 30 1.095336
91 19 1.145143
91 16 1.198878
91 22 1.198873
91 6 1.310778
91 24 1.281563
91 46 1.256753
91 55 1.250146
91 44 1.315407
91 27 1.341734
91 45 1.323485
91 18 1.390208
91 47 1.378784
91 48 1.383216
91 20 1.421792
91 40 1.403793
91 25 1.478861
91 56 1.458496
91 42 1.496724
91 54 1.527081
91 51 1.540277
91 26 1.681771
91 36 1.789647
91 34 1.860883
91 39 2.516391
91 37 4.380431
91 38 4.429190
91 35 4.447240
92 9 0.436657
92 12 0.460579
92 8 0.627398
92 14 0.759814
92 30 0.771811
92 21 0.794515
92 28 0.934972
92 7 0.955149
92 0 0.960324
92 4 0.958398
92 50 0.931489
92 6 1.039209
92 10 1.091165
92 13 1.114208
92 31 1.136026
92 18 1.152389
92 22 1.197438
92 1 1.252556
92 2 1.252768
92 52 1.204687
92 25 1.235881
92 15 1.257439
92 17 1.256923
92 19 1.255914
92 27 1.246418
92 48 1.241416
92 24 1.279348
92 29 1.284571
92 5 1.307625
92 20 1.307665
92 26 1.311485
92 32 1.305485
92 11 1.338350
92 33 1.317167
92 47 1.338832
92 44 1.403749
92 55 1.401413
92 53 1.405464
92 56 1.418790
92 16 1.509005
92 3 1.550695
92 51 1.520854
92 46 1.545778
92 41 1.578598
92 45 1.581925
92 40 1.627271
92 49 1.629349
92 42 1.724372
92 54 1.734317
92 36 1.822428
92 34 1.834365
92 43 1.834569
92 23 1.878776
92 39 2.916276
92 35 4.518339
92 37 4.832105
92 38 4.928227
93 10 0.605525
93 8 0.746839
93 12 0.744933
93 50 0.703331
93 13 0.745385
93 11 0.747201
93 19 0.742245
93 9 0.789180
93 32 0.814564
93 31 0.816993
93 0 0.974484
93 2 1.007358
93 21 0.995258
93 3 1.008757
93 33 1.043006
93 14 1.088285
93 1 1.159259
93 28 1.138479
93 7 1.184542
93 29 1.253633
93 20 1.293378
93 30 1.283872
93 6 1.306625
93 4 1.348791
93 5 1.361167
93 41 1.374245
93 55 1.392840
93 40 1.517232
93 46 1.509398
93 43 1.552147
93 48 1.555955
93 49 1.556898
93 53 1.595627
93 42 1.628338
93 52 1.625572
93 56 1.636023
93 51 1.668117
93 23 1.739985
93 54 1.740262
93 16 1.792218
93 24 1.810582
93 27 1.844848
93 26 1.856915
93 15 1.874658
93 45 1.840537
93 22 1.872162
93 17 1.884101
93 18 1.883958
93 47 1.867614
93 34 1.909410
93 44 1.920020
93 25 1.993102
93 36 2.015495
93 39 3.205993
93 35 4.650610
93 38 4.781255
93 37 5.044347
94 11 0.481439
94 9 0.598605
94 10 0.600432
94 12 0.599822
94 7 0.758035
94 0 0.800969
94 1 0.860771
94 5 0.892841
94 3 0.923620
94 28 1.017488
94 50 0.988415
94 6 1.038097
94 32 1.059390
94 8 1.083590
94 29 1.124071
94 42 1.118086
94 13 1.220540
94 51 1.196272
94 40 1.211939
94 26 1.243311
94 4 1.299079
94 43 1.291878
94 31 1.311466
94 33 1.307951
94 24 1.378741
94 52 1.345269
94 14 1.426831
94 30 1.412042
94 53 1.381861
94 2 1.450323
94 45 1.466536
94 18 1.502501
94 41 1.520549
94 55 1.516625
94 20 1.594433
94 44 1.584481
94 22 1.626627
94 25 1.641078
94 17 1.657324
94 23 1.653706
94 16 1.661082
94 27 1.660128
94 19 1.698866
94 54 1.687739
94 15 1.749865
94 49 1.716503
94 48 1.730683
94 34 1.760039
94 21 1.799230
94 46 1.775553
94 56 1.789393
94 47 1.850051
94 36 1.897879
94 39 3.009852
94 38 4.515803
94 37 4.674322
94 35 4.820221
95 9 0.504782
95 8 0.571658
95 12 0.600250
95 10 0.603814
95 5 0.643975
95 32 0.643499
95 14 0.700757
95 11 0.755932
95 3 0.777209
95 1 0.858751
95 30 0.850310
95 6 0.893883
95 4 0.918260
95 28 0.898344
95 2 0.920899
95 13 0.941600
95 50 0.926005
95 31 1.002378
95 33 1.109612
95 0 1.164567
95 7 1.193865
95 26 1.209337
95 16 1.238657
95 29 1.251968
95 54 1.236338
95 18 1.340435
95 49 1.321322
95 24 1.355349
95 44 1.336232
95 45 1.342567
95 56 1.340569
95 52 1.361074
95 22 1.394953
95 40 1.393736
95 46 1.393868
95 43 1.422523
95 53 1.418677
95 21 1.454031
95 17 1.466249
95 23 1.494295
95 20 1.503855
95 51 1.493328
95 48 1.502727
95 25 1.563161
95 15 1.589082
95 41 1.568116
95 19 1.611859
95 42 1.601801
95 27 1.623882
95 55 1.640885
95 47 1.659115
95 34 1.679456
95 36 1.737630
95 39 2.860909
95 37 4.653529
95 38 4.962478
95 35 4.996397
96 14 0.497167
96 12 0.509509
96 8 0.614478
96 10 0.652740
96 5 0.677711
96 0 0.700825
96 31 0.671039
96 3 0.725362
96 7 0.735883
96 6 0.759990
96 32 0.714918
96 2 0.793819
96 9 0.801110
96 44 0.783910
96 11 0.914726
96 1 0.934140
96 48 0.907744
96 30 0.949231
96 56 0.918643
96 50 0.939866
96 13 1.020814
96 28 1.104474
96 29 1.104293
96 51 1.076773
96 33 1.150600
96 53 1.114217
96 4 1.225730
96 54 1.135829
96 42 1.159833
96 40 1.165784
96 17 1.245312
96 20 1.244161
96 26 1.242647
96 18 1.262063
96 16 1.297910
96 43 1.246914
96 49 1.271899
96 46 1.281757
96 52 1.298454
96 55 1.306658
96 15 1.407898
96 45 1.362842
96 24 1.414159
96 41 1.414774
96 23 1.468933
96 22 1.489687
96 25 1.484023
96 21 1.501139
96 47 1.453181
96 19 1.550447
96 27 1.571485
96 36 1.685963
96 34 1.722226
96 39 2.738360
96 37 4.331621
96 35 4.419708
96 38 4.441509
97 9 0.262668
97 14 0.557531
97 10 0.570207
97 0 0.718317
97 1 0.750653
97 19 0.783170
97 11 0.801223
97 28 0.788321
97 21 0.795991
97 29 0.850478
97 54 0.854229
97 4 0.908909
97 32 0.952948
97 5 1.025518
97 41 1.009446
97 17 1.040071
97 13 1.044816
97 8 1.069237
97 3 1.074223
97 24 1.059586
97 33 1.052505
97 50 1.031931
97 31 1.084339
97 30 1.131850
97 12 1.191005
97 2 1.252094
97 7 1.266173
97 56 1.216576
97 42 1.242419
97 53 1.232541
97 23 1.311839
97 22 1.384170
97 40 1.377480
97 46 1.378420
97 48 1.389778
97 45 1.393712
97 44 1.416227
97 15 1.488739
97 55 1.445758
97 43 1.463199
97 25 1.494876
97 20 1.499834
97 51 1.472501
97 6 1.527270
97 27 1.529284
97 52 1.537311
97 16 1.583192
97 49 1.557334
97 47 1.584990
97 18 1.624616
97 26 1.661484
97 36 1.714411
97 34 1.886254
97 39 2.980094
97 38 4.433729
97 37 4.613408
97 35 4.783059
98 11 0.561050
98 50 0.604938
98 8 0.691151
98 0 0.785999
98 1 0.843272
98 14 0.878860
98 3 0.911598
98 13 0.906751
98 30 0.944031
98 5 0.969449
98 10 1.020630
98 28 1.004070
98 31 1.018959
98 9 1.067685
98 16 1.274115
98 7 1.303214
98 26 1.286181
98 33 1.295153
98 4 1.392356
98 41 1.415668
98 29 1.432115
98 12 1.458981
98 40 1.476110
98 56 1.540404
98 32 1.573584
98 19 1.590702
98 44 1.606602
98 15 1.688413
98 43 1.670636
98 24 1.765144
98 2 1.797104
98 21 1.784776
98 45 1.768191
98 27 1.790211
98 52 1.855872
98 6 1.906496
98 48 1.862773
98 42 1.871118
98 25 1.891830
98 17 1.900972
98 53 1.858960
98 46 1.879621
98 23 1.939245
98 22 1.997908
98 54 1.959425
98 34 1.984587
98 20 2.022494
98 51 1.996605
98 18 2.046970
98 49 2.030324
98 55 2.077893
98 47 2.153530
98 36 2.347150
98 39 2.936974
98 35 5.354405
98 37 5.656244
98 38 6.085585
99 12 0.536409
99 11 0.712111
99 9 0.715031
99 10 0.714641
99 29 0.696619
99 31 0.863252
99 13 0.901845
99 1 1.040307
99 3 1.156146
99 33 1.125546
99 4 1.156935
99 48 1.106875
99 0 1.160900
99 17 1.153619
99 8 1.168562
99 5 1.295067
99 49 1.245168
99 7 1.294936
99 50 1.262085
99 53 1.303201
99 14 1.354007
99 46 1.346373
99 47 1.381754
99 30 1.464419
99 21 1.510035
99 28 1.501135
99 2 1.546311
99 24 1.544613
99 32 1.533448
99 52 1.506114
99 20 1.553092
99 22 1.621544
99 45 1.620370
99 41 1.654639
99 43 1.681762
99 16 1.716769
99 40 1.739973
99 44 1.748265
99 27 1.773880
99 54 1.768073
99 15 1.874552
99 55 1.823756
99 51 1.916407
99 25 1.953666
99 42 1.929934
99 19 1.962124
99 23 1.973678
99 18 1.993558
99 26 1.998895
99 56 1.957451
99 6 2.068542
99 34 2.408798
99 36 2.520661
99 39 3.581053
99 37 5.364402
99 38 5.745480
99 35 5.970368
100 8 0.346803
100 9 0.379561
100 10 0.416370
100 11 0.470553
100 3 0.554622
100 0 0.591964
100 14 0.550970
100 12 0.567980
100 1 0.650171
100 2 0.685426
100 13 0.638854
100 5 0.793931
100 28 0.442363
100 32 0.376233
100 29 0.427830
100 31 0.446457
100 30 0.517998
100 7 0.917046
100 33 0.459245
100 4 0.998923
100 16 1.034910
100 20 1.050537
100 21 1.055862
100 50 0.507410
100 6 1.143576
100 25 1.012467
100 17 1.165011
100 18 1.156687
100 22 1.132554
100 23 1.153573
100 19 1.181254
100 15 1.248226
100 24 1.167458
100 26 1.098723
100 27 1.033775
100 48 0.771578
100 56 0.738205
100 45 0.871087
100 54 0.843958
100 53 0.908536
100 47 0.986291
100 40 1.052846
100 44 1.024086
100 41 1.035588
100 42 1.045378
100 46 1.015724
100 55 0.969096
100 49 1.015568
100 51 1.011552
100 43 1.197580
100 52 1.148697
100 36 1.399934
100 34 1.427480
100 39 2.388341
100 38 4.479501
100 35 4.603212
100 37 4.697776
101 9 0.535282
101 13 0.611191
101 10 0.697625
101 5 0.825531
101 29 0.849756
101 20 1.080525
101 3 1.228446
101 4 1.228282
101 12 1.222916
101 28 1.207056
101 11 1.224587
101 6 1.243632
101 7 1.245100
101 8 1.357875
101 0 1.365228
101 51 1.307463
101 42 1.320574
101 31 1.337121
101 14 1.410484
101 30 1.394221
101 33 1.404806
101 1 1.435949
101 2 1.477180
101 52 1.420688
101 53 1.422313
101 25 1.464763
101 55 1.445915
101 50 1.471963
101 32 1.531431
101 54 1.554048
101 45 1.566019
101 21 1.649866
101 26 1.644361
101 17 1.673684
101 41 1.642026
101 56 1.676281
101 48 1.709915
101 27 1.763644
101 19 1.824241
101 43 1.802720
101 47 1.843318
101 46 1.883929
101 49 1.897361
101 23 2.029129
101 16 2.046880
101 44 2.012583
101 24 2.145856
101 40 2.124816
101 15 2.156495
101 18 2.186645
101 22 2.182565
101 34 2.326991
101 36 2.347646
101 39 3.603599
101 37 5.777450
101 38 5.954228
101 35 6.035870
102 8 0.525583
102 14 0.528151
102 12 0.531908
102 13 0.531077
102 11 0.727640
102 30 0.774117
102 9 0.819834
102 0 0.890392
102 3 0.886151
102 10 0.889101
102 1 0.931109
102 4 0.983050
102 6 1.013964
102 28 1.175572
102 32 1.208616
102 52 1.188223
102 17 1.266121
102 50 1.287148
102 23 1.329349
102 56 1.308681
102 55 1.342001
102 15 1.428715
102 16 1.427630
102 29 1.427557
102 31 1.451506
102 26 1.459140
102 33 1.459438
102 24 1.474864
102 43 1.468815
102 40 1.475527
102 22 1.514853
102 48 1.528683
102 44 1.550264
102 51 1.557502
102 41 1.569950
102 42 1.572470
102 54 1.589200
102 45 1.615800
102 5 1.679813
102 19 1.653026
102 18 1.655848
102 2 1.720212
102 7 1.748613
102 46 1.692131
102 47 1.710524
102 25 1.776283
102 20 1.799216
102 27 1.796047
102 21 1.810410
102 49 1.843392
102 53 1.875906
102 34 2.143053
102 36 2.186361
102 39 3.114587
102 35 5.270365
102 38 5.429740
102 37 5.563331
103 9 0.622642
103 12 0.621064
103 11 0.677268
103 10 0.678799
103 28 0.719635
103 50 0.806204
103 29 0.894415
103 13 0.945835
103 31 0.961952
103 30 1.013600
103 21 1.044879
103 19 1.049188
103 7 1.085911
103 32 1.181161
103 3 1.208434
103 45 1.167731
103 51 1.160803
103 14 1.203321
103 49 1.164657
103 33 1.240693
103 25 1.254594
103 1 1.290090
103 8 1.329888
103 42 1.367551
103 56 1.352132
103 2 1.438958
103 5 1.470450
103 16 1.480479
103 55 1.453989
103 17 1.519896
103 18 1.529948
103 6 1.594476
103 46 1.604738
103 22 1.685293
103 23 1.696027
103 27 1.708961
103 4 1.765961
103 40 1.743490
103 41 1.753863
103 0 1.793809
103 15 1.795393
103 53 1.772799
103 48 1.796613
103 20 1.859606
103 43 1.853602
103 52 1.863164
103 24 1.926267
103 54 1.907780
103 44 1.950558
103 26 2.047246
103 47 2.136600
103 34 2.326131
103 36 2.392191
103 39 3.769182
103 37 5.457895
103 35 5.497201
103 38 5.546462
104 10 0.487977
104 14 0.496097
104 9 0.539037
104 28 0.836205
104 0 0.990406
104 31 0.967917
104 50 0.978571
104 2 1.056815
104 29 1.028817
104 8 1.089612
104 32 1.114494
104 13 1.184163
104 22 1.200128
104 4 1.283616
104 12 1.308075
104 33 1.315376
104 5 1.400512
104 30 1.382954
104 54 1.364272
104 43 1.381677
104 42 1.384169
104 53 1.373931
104 11 1.472323
104 26 1.458615
104 45 1.437784
104 6 1.503749
104 18 1.505632
104 7 1.526456
104 55 1.480855
104 19 1.527492
104 49 1.518077
104 21 1.555478
104 44 1.529708
104 1 1.586498
104 3 1.590232
104 41 1.560542
104 56 1.566835
104 16 1.631510
104 48 1.641498
104 52 1.642631
104 27 1.704641
104 47 1.727146
104 17 1.765485
104 20 1.824580
104 40 1.807439
104 24 1.827363
104 46 1.802240
104 51 1.803717
104 23 1.866927
104 15 2.130366
104 25 2.136175
104 34 2.161156
104 36 2.357304
104 39 3.675543
104 38 5.439245
104 37 5.847435
104 35 6.079994
105 8 0.470200
105 10 0.499960
105 13 0.616111
105 12 0.618226
105 0 0.640070
105 9 0.732488
105 11 0.732579
105 6 0.748183
105 14 0.729228
105 31 0.849477
105 3 1.113861
105 33 1.086452
105 28 1.092102
105 1 1.161142
105 5 1.201977
105 29 1.261864
105 4 1.314809
105 15 1.315079
105 7 1.376067
105 32 1.399953
105 30 1.418893
105 20 1.454230
105 46 1.419879
105 17 1.459025
105 50 1.411343
105 2 1.508646
105 52 1.441036
105 43 1.502125
105 16 1.589116
105 22 1.630460
105 44 1.684150
105 45 1.688445
105 42 1.702109
105 48 1.691916
105 23 1.734094
105 53 1.751957
105 40 1.823462
105 24 1.849475
105 51 1.833206
105 18 1.911428
105 41 1.905994
105 56 1.897484
105 47 1.963098
105 49 1.978630
105 55 1.977818
105 54 1.992072
105 19 2.118249
105 27 2.118754
105 25 2.121294
105 21 2.152146
105 36 2.170202
105 26 2.386156
105 34 2.395520
105 39 3.579650
105 37 5.743722
105 35 5.824111
105 38 5.979958
106 10 0.591903
106 11 0.654672
106 29 0.685241
106 9 0.706740
106 28 0.714466
106 8 0.820415
106 32 0.830561
106 1 1.054980
106 13 1.070952
106 33 1.069557
106 30 1.083172
106 7 1.270697
106 3 1.312983
106 5 1.312128
106 0 1.350835
106 20 1.336915
106 31 1.359588
106 51 1.337206
106 25 1.367674
106 50 1.393531
106 12 1.441401
106 56 1.490536
106 46 1.616072
106 49 1.622962
106 21 1.701429
106 45 1.694797
106 14 1.731850
106 40 1.705134
106 52 1.722870
106 16 1.774204
106 44 1.745737
106 18 1.786173
106 15 1.820324
106 53 1.801106
106 2 1.860842
106 22 1.892304
106 27 1.909265
106 54 1.894587
106 48 1.943803
106 17 2.014358
106 6 2.029512
106 47 2.024319
106 4 2.105426
106 55 2.076195
106 41 2.105185
106 23 2.143696
106 43 2.126225
106 42 2.146729
106 24 2.216021
106 19 2.298086
106 26 2.312640
106 34 2.547450
106 36 2.570416
106 39 3.777115
106 37 5.718932
106 38 6.267096
106 35 6.280511
107 10 0.566994
107 8 0.660202
107 11 0.677270
107 50 0.733699
107 33 0.896648
107 3 0.946421
107 28 1.006151
107 29 1.055994
107 9 1.075248
107 14 1.085957
107 47 1.232391
107 31 1.286610
107 6 1.350715
107 1 1.355161
107 44 1.362162
107 46 1.360588
107 16 1.414314
107 4 1.476877
107 0 1.479851
107 32 1.456113
107 19 1.499823
107 13 1.531873
107 12 1.533963
107 5 1.539230
107 7 1.597457
107 30 1.618347
107 24 1.745034
107 2 1.792419
107 56 1.841037
107 49 1.848955
107 26 1.877960
107 54 1.844260
107 27 1.918296
107 55 1.894895
107 25 1.944028
107 17 1.962976
107 18 1.974406
107 43 2.007184
107 48 2.021278
107 53 2.023862
107 45 2.108669
107 23 2.197807
107 41 2.187258
107 42 2.195983
107 51 2.208681
107 40 2.255922
107 52 2.253905
107 22 2.305233
107 15 2.322204
107 21 2.386311
107 20 2.396130
107 36 2.387350
107 34 2.741170
107 39 4.091214
107 38 6.437412
107 35 6.675094
107 37 6.691091
108 11 0.605352
108 10 0.640856
108 9 0.667285
108 8 0.730545
108 29 0.935774
108 28 0.996276
108 32 1.118760
108 41 1.211478
108 30 1.258813
108 5 1.322953
108 2 1.331571
108 14 1.388625
108 0 1.413466
108 25 1.404395
108 12 1.429252
108 33 1.434035
108 1 1.478883
108 13 1.514218
108 50 1.538448
108 6 1.648914
108 31 1.661211
108 27 1.667789
108 43 1.680590
108 51 1.709070
108 46 1.780434
108 15 1.878328
108 52 1.896831
108 48 1.942391
108 16 2.018216
108 47 1.998472
108 55 2.074667
108 24 2.127330
108 45 2.135897
108 56 2.137320
108 4 2.246411
108 22 2.253605
108 7 2.297185
108 26 2.286715
108 40 2.298421
108 3 2.357235
108 18 2.434684
108 53 2.431192
108 17 2.530513
108 21 2.527515
108 49 2.500109
108 42 2.520341
108 23 2.599757
108 20 2.639917
108 54 2.626369
108 44 2.692640
108 34 2.836315
108 19 2.872918
108 36 2.930838
108 39 3.873983
108 38 6.518551
108 37 7.046689
108 35 7.080825
109 8 0.577482
109 11 0.619703
109 12 0.627088
109 10 0.644405
109 13 0.641936
109 14 0.878637
109 2 0.925799
109 50 0.865502
109 28 0.913336
109 4 0.996943
109 6 1.019629
109 31 1.035291
109 32 1.145105
109 7 1.228874
109 9 1.259904
109 0 1.319586
109 27 1.300246
109 40 1.282926
109 29 1.303261
109 54 1.393112
109 5 1.491197
109 24 1.473956
109 3 1.541794
109 33 1.497175
109 22 1.515827
109 56 1.508337
109 19 1.581389
109 16 1.631567
109 46 1.589520
109 30 1.655071
109 15 1.728230
109 47 1.743296
109 18 1.795222
109 44 1.767184
109 21 1.808287
109 48 1.781869
109 53 1.784623
109 1 1.872098
109 52 1.806620
109 20 1.940496
109 42 1.910386
109 51 1.902333
109 25 1.936794
109 26 1.936231
109 45 1.908927
109 43 1.911283
109 23 1.940586
109 49 1.955033
109 17 2.010771
109 41 1.992652
109 55 2.046803
109 34 2.324336
109 36 2.484936
109 39 3.926054
109 35 6.607964
109 38 6.615026
109 37 7.053580
110 11 0.509077
110 8 0.639357
110 33 0.714919
110 13 1.031287
110 32 1.035637
110 56 1.262380
110 6 1.386146
110 1 1.428796
110 9 1.423881
110 7 1.425707
110 2 1.472941
110 28 1.547139
110 31 1.560884
110 50 1.595120
110 30 1.691348
110 3 1.742125
110 0 1.754705
110 47 1.740117
110 10 1.782578
110 46 1.753835
110 17 1.822439
110 43 1.799438
110 20 1.830939
110 27 1.824677
110 41 1.809302
110 12 1.886766
110 14 1.885960
110 16 1.885706
110 55 1.839959
110 29 1.873283
110 18 1.900311
110 5 1.959179
110 51 1.947545
110 52 1.946795
110 4 1.999445
110 44 1.966899
110 53 2.057731
110 24 2.143926
110 26 2.151905
110 48 2.151334
110 21 2.194929
110 40 2.199783
110 49 2.218177
110 15 2.323357
110 45 2.295318
110 19 2.341970
110 22 2.383595
110 34 2.435011
110 54 2.454436
110 25 2.592098
110 23 2.652969
110 42 2.636729
110 36 2.936166
110 39 4.306856
110 38 6.539294
110 37 7.012030
110 35 7.204895
111 8 0.441432
111 50 0.573572
111 32 0.674207
111 10 0.722414
111 12 0.769715
111 4 0.776713
111 28 0.758162
111 5 0.790310
111 3 0.845388
111 19 0.840728
111 30 0.863007
111 18 0.971584
111 2 0.994301
111 33 0.993696
111 6 1.040113
111 14 1.035508
111 29 1.045932
111 44 1.051068
111 53 1.052963
111 17 1.145559
111 47 1.131163
111 16 1.164617
111 15 1.201003
111 13 1.228217
111 7 1.232974
111 0 1.248359
111 22 1.233420
111 9 1.266006
111 11 1.266721
111 31 1.265983
111 43 1.336217
111 26 1.403503
111 51 1.398935
111 40 1.421306
111 21 1.450354
111 45 1.438530
111 52 1.439690
111 42 1.457860
111 56 1.460456
111 54 1.469156
111 1 1.576196
111 46 1.555146
111 49 1.558567
111 20 1.603244
111 48 1.579039
111 24 1.605578
111 23 1.623532
111 55 1.669768
111 41 1.697677
111 25 1.735515
111 27 1.774712
111 36 2.406685
111 34 2.516449
111 39 3.567259
111 38 6.249288
111 35 6.341591
111 37 6.404884
112 8 0.581479
112 9 0.707072
112 11 0.759722
112 10 0.848699
112 31 0.829038
112 30 1.170170
112 14 1.301153
112 13 1.366265
112 29 1.369173
112 6 1.435927
112 51 1.453330
112 22 1.597872
112 5 1.670746
112 2 1.673370
112 53 1.705613
112 45 1.718858
112 44 1.721819
112 15 1.802741
112 28 1.847689
112 50 1.833541
112 16 1.904705
112 33 1.881037
112 12 1.940954
112 54 1.882630
112 7 2.016466
112 32 1.989270
112 18 2.010699
112 46 2.045711
112 47 2.177626
112 40 2.204955
112 42 2.218891
112 27 2.261346
112 4 2.313443
112 1 2.332922
112 55 2.282345
112 26 2.351435
112 25 2.401096
112 23 2.471951
112 52 2.467167
112 24 2.610913
112 41 2.579398
112 3 2.628258
112 17 2.618656
112 0 2.643368
112 49 2.623875
112 48 2.625534
112 56 2.627095
112 43 2.664535
112 19 2.797375
112 20 2.818468
112 21 2.904897
112 36 3.037283
112 34 3.070954
112 39 4.719903
112 35 6.900702
112 37 7.299355
112 38 7.998103
113 8 0.585756
113 32 0.727761
113 9 0.818052
113 12 0.985865
113 13 0.999772
113 7 1.027863
113 6 1.218971
113 33 1.219839
113 11 1.282921
113 30 1.293323
113 10 1.331611
113 14 1.437361
113 50 1.486049
113 0 1.563511
113 1 1.589388
113 41 1.565677
113 52 1.615269
113 29 1.669783
113 26 1.705309
113 45 1.684143
113 31 1.700716
113 22 1.715992
113 2 1.756915
113 51 1.694272
113 43 1.737071
113 28 1.754453
113 25 1.793558
113 4 1.827331
113 18 1.815899
113 55 1.769068
113 27 1.906250
113 40 1.924161
113 19 1.962742
113 46 1.971249
113 54 1.961887
113 5 2.033674
113 47 2.008456
113 3 2.075084
113 42 2.038685
113 21 2.067779
113 48 2.039829
113 20 2.094885
113 56 2.053580
113 53 2.165648
113 17 2.220352
113 49 2.218619
113 24 2.286976
113 23 2.294947
113 44 2.270900
113 15 2.355583
113 16 2.391097
113 36 2.613544
113 34 2.704988
113 39 4.576300
113 37 6.962031
113 38 7.561085
113 35 7.580742
114 9 0.597615
114 8 0.634379
114 12 0.648337
114 10 0.673395
114 28 0.649257
114 11 0.708818
114 1 0.980490
114 33 1.000495
114 3 1.057400
114 0 1.104149
114 50 1.166644
114 2 1.259410
114 13 1.254454
114 30 1.242316
114 32 1.251353
114 14 1.392313
114 5 1.559090
114 7 1.573081
114 4 1.590953
114 29 1.603911
114 48 1.614594
114 31 1.636235
114 42 1.645520
114 51 1.637550
114 15 1.727712
114 25 1.804345
114 18 1.830311
114 16 1.837338
114 24 1.904508
114 52 1.890182
114 49 1.899198
114 19 1.994861
114 21 1.998526
114 46 1.969918
114 27 1.998608
114 40 2.030077
114 26 2.057706
114 22 2.102711
114 45 2.090461
114 6 2.153696
114 17 2.198976
114 43 2.171975
114 56 2.153596
114 55 2.175838
114 54 2.300447
114 47 2.361365
114 34 2.417124
114 20 2.464177
114 53 2.432315
114 41 2.471805
114 23 2.522581
114 44 2.744787
114 36 2.833217
114 39 4.226276
114 38 6.777263
114 35 7.094750
114 37 7.250717
115 10 0.572370
115 8 0.574664
115 11 0.602424
115 12 0.616022
115 9 0.843680
115 29 0.855594
115 33 0.853412
115 0 0.915087
115 28 0.910967
115 32 0.987878
115 13 1.051785
115 50 1.487775
115 25 1.517998
115 14 1.529382
115 7 1.535224
115 4 1.538313
115 5 1.538398
115 2 1.541315
115 30 1.515687
115 1 1.543635
115 54 1.490508
115 3 1.543490
115 51 1.495624
115 42 1.507327
115 31 1.520052
115 23 1.531098
115 21 1.533920
115 19 1.536404
115 47 1.504567
115 6 1.547223
115 46 1.508273
115 44 1.537031
115 53 1.540471
115 40 1.564373
115 55 1.608910
115 17 1.675458
115 15 1.677296
115 24 1.689747
115 45 1.686590
115 43 1.753876
115 49 1.757895
115 16 1.795735
115 20 1.800249
115 27 1.794986
115 22 1.802078
115 52 1.790044
115 26 1.836038
115 18 1.853095
115 56 1.824342
115 36 1.866550
115 48 1.943201
115 41 2.078917
115 34 2.240521
115 39 4.207185
115 35 6.318907
115 37 6.611722
115 38 6.827099
116 28 0.708974
116 11 0.776261
116 12 0.806004
116 8 0.909759
116 29 0.947361
116 30 0.982020
116 50 0.957847
116 13 1.055078
116 4 1.134946
116 15 1.250776
116 0 1.332748
116 3 1.356664
116 14 1.376118
116 5 1.390233
116 16 1.465136
116 33 1.446068
116 9 1.477718
116 7 1.479893
116 48 1.471721
116 10 1.516036
116 17 1.550774
116 31 1.535905
116 32 1.577994
116 2 1.643309
116 44 1.598792
116 22 1.629861
116 1 1.767700
116 41 1.752744
116 23 1.808495
116 6 1.872015
116 19 1.918968
116 26 1.921834
116 56 1.907124
116 47 1.951496
116 55 1.973958
116 20 2.076190
116 42 2.061270
116 51 2.052426
116 40 2.075468
116 25 2.152324
116 53 2.134351
116 24 2.266702
116 45 2.239111
116 54 2.229075
116 46 2.238696
116 18 2.275912
116 43 2.277366
116 21 2.326951
116 52 2.317541
116 49 2.357125
116 27 2.397711
116 34 2.754963
116 36 2.848616
116 39 4.438695
116 38 7.569875
116 37 7.638485
116 35 7.866490
117 8 0.622004
117 11 0.830846
117 10 0.832106
117 9 0.833309
117 12 0.831423
117 29 0.873925
117 28 0.995945
117 31 1.381871
117 1 1.450402
117 41 1.536631
117 5 1.613362
117 27 1.592331
117 25 1.595564
117 33 1.634869
117 32 1.636786
117 2 1.668540
117 30 1.662092
117 50 1.650232
117 40 1.704048
117 56 1.742878
117 13 1.840809
117 0 1.925125
117 7 1.920522
117 6 1.921689
117 47 1.878091
117 14 2.034218
117 16 2.033630
117 15 2.034842
117 42 2.003328
117 22 2.028156
117 43 2.043259
117 4 2.166045
117 3 2.197640
117 18 2.215187
117 21 2.251056
117 45 2.221495
117 24 2.295951
117 20 2.352484
117 19 2.388008
117 48 2.365765
117 26 2.393416
117 52 2.396615
117 44 2.444670
117 23 2.488262
117 53 2.469873
117 51 2.490248
117 49 2.557297
117 46 2.605790
117 55 2.620305
117 54 2.638487
117 17 2.802571
117 34 2.872283
117 36 2.928387
117 39 4.707945
117 37 6.854339
117 35 6.946723
117 38 7.742341
118 11 0.648737
118 8 0.683679
118 29 0.824089
118 10 0.859971
118 13 0.942046
118 33 0.932684
118 12 0.995485
118 30 1.237972
118 9 1.329039
118 28 1.340239
118 50 1.310092
118 14 1.402556
118 4 1.411618
118 1 1.602457
118 6 1.599762
118 49 1.707333
118 31 1.748230
118 52 1.717325
118 32 1.769854
118 23 1.833640
118 40 1.817568
118 41 1.855031
118 20 1.902870
118 0 2.059673
118 54 1.995504
118 5 2.058694
118 47 2.011076
118 42 2.018848
118 17 2.052294
118 56 1.996299
118 45 2.031471
118 15 2.137681
118 26 2.205406
118 48 2.176131
118 3 2.293845
118 24 2.313629
118 22 2.339216
118 25 2.347342
118 7 2.450013
118 2 2.484175
118 21 2.500687
118 43 2.481978
118 46 2.528839
118 19 2.578710
118 53 2.543249
118 27 2.585965
118 18 2.633091
118 16 2.697952
118 44 2.677640
118 55 2.674684
118 51 2.703841
118 36 2.813465
118 34 3.000890
118 39 4.643684
118 35 7.732142
118 37 7.867647
118 38 8.112322
119 8 0.610065
119 12 0.625845
119 9 0.652668
119 30 0.683313
119 50 0.682462
119 31 1.076370
119 14 1.176874
119 52 1.249727
119 13 1.316257
119 29 1.331834
119 54 1.302193
119 3 1.398301
119 43 1.400747
119 0 1.441982
119 4 1.550196
119 10 1.580430
119 32 1.588872
119 5 1.674064
119 11 1.703238
119 33 1.722253
119 28 1.728891
119 6 1.773059
119 25 1.758215
119 1 1.787997
119 7 1.886234
119 2 1.931503
119 48 1.939484
119 19 2.016354
119 47 2.013819
119 17 2.063278
119 27 2.160672
119 45 2.162430
119 56 2.178189
119 46 2.207831
119 20 2.260980
119 21 2.267271
119 55 2.239315
119 51 2.254646
119 53 2.298445
119 42 2.325142
119 16 2.363129
119 41 2.343140
119 24 2.362904
119 26 2.392939
119 22 2.403969
119 44 2.386216
119 49 2.431521
119 40 2.451104
119 15 2.545181
119 18 2.578277
119 23 2.659985
119 36 2.781811
119 34 2.808167
119 39 3.977248
119 38 7.447494
119 37 8.015875
119 35 8.096292
120 11 0.876983
120 10 0.948892
120 8 1.016743
120 13 1.067161
120 14 1.265349
120 9 1.285844
120 12 1.283910
120 33 1.399008
120 31 1.404273
120 28 1.628591
120 0 1.767986
120 3 1.820546
120 29 1.771198
120 4 1.943378
120 17 1.932195
120 6 1.953031
120 22 2.042933
120 30 2.055279
120 5 2.108740
120 2 2.135700
120 21 2.097678
120 7 2.132053
120 26 2.132265
120 50 1.977666
120 32 2.120201
120 16 2.189921
120 42 2.260074
120 24 2.387866
120 18 2.404494
120 25 2.417079
120 47 2.376182
120 1 2.568281
120 49 2.543724
120 44 2.728432
120 19 2.826714
120 48 2.715289
120 56 2.341355
120 27 2.967859
120 40 2.960816
120 52 2.775331
120 46 2.942958
120 23 3.024915
120 51 2.894796
120 15 3.132090
120 45 3.061905
120 55 2.729566
120 54 2.791694
120 20 3.206074
120 53 2.971464
120 43 3.199736
120 41 3.236155
120 36 3.359990
120 34 4.088352
120 39 6.326631
120 38 9.027503
120 35 9.322673
120 37 9.856113
