21 0 0.132857
21 2 0.143581
21 4 0.162970
21 5 0.188268
21 8 0.181340
21 12 0.075179
21 10 0.176354
21 1 0.211813
21 9 0.184740
21 3 0.213727
21 6 0.213100
21 7 0.220082
21 13 0.061106
21 11 0.185401
21 16 0.074203
21 15 0.097836
21 14 0.143699
21 17 0.135123
21 20 0.138252
21 26 0.138178
21 23 0.164192
21 28 0.176846
21 19 0.202842
21 30 0.175570
21 51 0.156088
21 34 0.181676
21 54 0.161741
21 31 0.195900
21 48 0.170147
21 24 0.210449
21 29 0.202836
21 46 0.181619
21 21 0.217565
21 52 0.172469
21 25 0.216875
21 22 0.222519
21 18 0.240830
21 38 0.217886
21 45 0.208862
21 33 0.225836
21 49 0.202976
21 32 0.228355
21 50 0.203794
21 47 0.212243
21 40 0.220885
21 43 0.217651
21 41 0.219686
21 27 0.242748
21 39 0.227226
21 44 0.221959
21 36 0.233450
21 35 0.236996
21 53 0.213427
21 42 0.231561
21 37 0.246730
22 0 0.132312
22 2 0.171256
22 9 0.166621
22 8 0.173339
22 4 0.182345
22 1 0.190555
22 7 0.186816
22 10 0.203029
22 3 0.264624
22 13 0.262120
22 12 0.272750
22 31 0.252879
22 17 0.276996
22 15 0.281919
22 41 0.255911
22 25 0.273486
22 21 0.277069
22 27 0.273360
22 33 0.266825
22 19 0.282134
22 47 0.255642
22 32 0.275482
22 42 0.268884
22 37 0.273686
22 11 0.301384
22 45 0.266837
22 39 0.275299
22 23 0.291856
22 29 0.286775
22 5 0.310665
22 49 0.268563
22 51 0.265399
22 35 0.285163
22 53 0.264472
22 14 0.308854
22 28 0.294364
22 44 0.283038
22 30 0.297103
22 20 0.308207
22 40 0.289988
22 34 0.296050
22 24 0.309914
22 18 0.317190
22 38 0.296858
22 43 0.292580
22 22 0.313665
22 54 0.279746
22 36 0.302000
22 16 0.324009
22 52 0.284058
22 48 0.293708
22 50 0.289680
22 26 0.316772
22 6 0.337247
22 46 0.300233
23 3 0.144936
23 0 0.149045
23 6 0.157558
23 5 0.161466
23 4 0.166085
23 1 0.171423
23 2 0.171085
23 10 0.219195
23 8 0.239897
23 11 0.239085
23 12 0.242071
23 9 0.245823
23 33 0.234446
23 21 0.250972
23 32 0.238864
23 28 0.244841
23 50 0.224305
23 29 0.246024
23 7 0.272178
23 23 0.258338
23 44 0.238837
23 38 0.245708
23 31 0.256107
23 40 0.249285
23 19 0.271463
23 30 0.260033
23 15 0.275706
23 47 0.243171
23 14 0.277459
23 22 0.269486
23 18 0.274621
23 13 0.278750
23 20 0.273342
23 16 0.277711
23 39 0.255263
23 17 0.280432
23 42 0.256138
23 36 0.262779
23 37 0.262738
23 35 0.265504
23 46 0.255138
23 27 0.276449
23 24 0.281201
23 34 0.271537
23 26 0.280999
23 45 0.261573
23 25 0.285161
23 52 0.258657
23 49 0.262168
23 54 0.256884
23 43 0.268866
23 53 0.260277
23 48 0.266740
23 51 0.266290
23 41 0.277334
24 0 0.114752
24 5 0.129335
24 3 0.143714
24 4 0.158679
24 2 0.161694
24 1 0.164323
24 6 0.165769
24 8 0.182311
24 10 0.240439
24 9 0.247038
24 17 0.241292
24 20 0.240641
24 11 0.248672
24 39 0.226984
24 14 0.252599
24 33 0.234584
24 13 0.255895
24 29 0.247874
24 12 0.271253
24 23 0.261769
24 15 0.269633
24 28 0.257044
24 7 0.276452
24 48 0.238984
24 21 0.268095
24 40 0.253365
24 30 0.263622
24 44 0.250334
24 35 0.259366
24 49 0.245493
24 26 0.270836
24 36 0.260813
24 42 0.255425
24 46 0.251560
24 37 0.260863
24 16 0.282826
24 25 0.274769
24 22 0.278081
24 31 0.268963
24 32 0.270329
24 45 0.258165
24 50 0.252477
24 24 0.280795
24 34 0.270259
24 47 0.257777
24 38 0.267975
24 18 0.289006
24 54 0.252476
24 41 0.268345
24 53 0.254775
24 51 0.256860
24 52 0.256242
24 19 0.291176
24 27 0.286982
24 43 0.274247
25 0 0.105241
25 1 0.133222
25 6 0.142734
25 4 0.145220
25 9 0.141855
25 8 0.145078
25 3 0.150436
25 2 0.158969
25 14 0.253798
25 20 0.249025
25 5 0.262784
25 7 0.267883
25 32 0.245604
25 12 0.270138
25 10 0.278300
25 42 0.246539
25 28 0.263574
25 16 0.278101
25 40 0.252432
25 45 0.247674
25 54 0.242610
25 38 0.260768
25 22 0.279068
25 24 0.280532
25 48 0.254493
25 37 0.267353
25 30 0.275828
25 26 0.279986
25 35 0.270908
25 52 0.256571
25 17 0.308616
25 11 0.313647
25 49 0.276145
25 31 0.297361
25 44 0.282931
25 46 0.280882
25 19 0.313076
25 33 0.299323
25 13 0.328688
25 29 0.318210
25 47 0.303714
25 39 0.316357
25 51 0.304531
25 18 0.343946
25 27 0.334535
25 36 0.325387
25 34 0.328564
25 41 0.321059
25 53 0.309478
25 21 0.344606
25 50 0.313274
25 25 0.341051
25 23 0.343021
25 43 0.322058
25 15 0.358418
26 0 0.131382
26 3 0.141759
26 5 0.142799
26 6 0.149317
26 4 0.171759
26 1 0.178680
26 10 0.211423
26 8 0.221643
26 2 0.229331
26 19 0.248758
26 21 0.247143
26 20 0.248138
26 22 0.249390
26 13 0.257877
26 17 0.254311
26 9 0.261829
26 11 0.274363
26 14 0.280257
26 49 0.245729
26 31 0.267739
26 37 0.262885
26 28 0.271754
26 7 0.291996
26 33 0.267941
26 29 0.272817
26 44 0.259016
26 38 0.267198
26 12 0.292424
26 27 0.278580
26 34 0.272552
26 15 0.292015
26 41 0.266021
26 46 0.258074
26 48 0.256460
26 54 0.251065
26 39 0.270066
26 47 0.258406
26 23 0.286456
26 36 0.273982
26 32 0.277936
26 25 0.285403
26 42 0.268877
26 30 0.280427
26 16 0.297207
26 53 0.257627
26 24 0.290373
26 50 0.261652
26 45 0.269685
26 40 0.277794
26 51 0.262896
26 52 0.264024
26 18 0.301900
26 26 0.293759
26 43 0.280700
26 35 0.292311
27 0 0.121498
27 1 0.141682
27 6 0.150420
27 5 0.155071
27 4 0.167321
27 2 0.169675
27 3 0.169966
27 8 0.224182
27 9 0.226024
27 7 0.263175
27 24 0.248742
27 21 0.253135
27 38 0.250695
27 27 0.251846
27 16 0.259866
27 42 0.251050
27 34 0.265810
27 12 0.290947
27 13 0.288926
27 47 0.253654
27 23 0.278592
27 10 0.292852
27 19 0.286093
27 14 0.291215
27 50 0.252772
27 11 0.294237
27 31 0.276390
27 33 0.275057
27 22 0.286907
27 36 0.274061
27 26 0.285184
27 20 0.292138
27 30 0.280874
27 41 0.270424
27 17 0.296825
27 25 0.288923
27 18 0.298256
27 28 0.287489
27 15 0.301363
27 44 0.271424
27 43 0.273072
27 46 0.269942
27 32 0.286343
27 48 0.269183
27 39 0.282190
27 29 0.292723
27 37 0.285993
27 53 0.267450
27 40 0.285948
27 35 0.291490
27 51 0.273557
27 49 0.276562
27 45 0.281214
27 54 0.274024
27 52 0.278070
28 0 0.133786
28 3 0.155537
28 9 0.151530
28 5 0.156784
28 4 0.166246
28 1 0.169943
28 2 0.173318
28 7 0.174705
28 10 0.210305
28 8 0.223522
28 12 0.248448
28 14 0.262712
28 20 0.261434
28 22 0.260639
28 49 0.233584
28 28 0.259159
28 17 0.270673
28 50 0.236199
28 42 0.246958
28 6 0.283483
28 35 0.257748
28 11 0.283170
28 41 0.255261
28 44 0.252013
28 25 0.273599
28 46 0.251480
28 33 0.267256
28 15 0.285224
28 34 0.270099
28 40 0.262185
28 27 0.276998
28 19 0.285060
28 29 0.275827
28 31 0.275857
28 16 0.291389
28 30 0.277721
28 26 0.282427
28 18 0.291994
28 23 0.287653
28 38 0.271075
28 21 0.289900
28 32 0.279644
28 13 0.299278
28 54 0.257659
28 45 0.271236
28 48 0.268406
28 52 0.265258
28 53 0.264313
28 36 0.284409
28 37 0.282819
28 43 0.278849
28 47 0.275397
28 24 0.300921
28 51 0.272310
28 39 0.284955
29 1 0.130774
29 4 0.158411
29 0 0.172387
29 3 0.185203
29 2 0.189339
29 5 0.193574
29 6 0.195212
29 8 0.211570
29 9 0.228467
29 7 0.247821
29 33 0.232812
29 11 0.266987
29 28 0.250540
29 13 0.268026
29 44 0.246487
29 14 0.293926
29 24 0.294516
29 43 0.275380
29 26 0.300230
29 31 0.296091
29 51 0.274750
29 12 0.316638
29 18 0.313173
29 30 0.300722
29 15 0.317421
29 38 0.293707
29 29 0.304403
29 23 0.312315
29 20 0.316553
29 32 0.303478
29 10 0.325340
29 22 0.315173
29 39 0.299408
29 34 0.305823
29 53 0.285262
29 37 0.304356
29 16 0.326727
29 17 0.328554
29 27 0.319306
29 49 0.299019
29 19 0.332174
29 25 0.328543
29 41 0.311076
29 36 0.318116
29 54 0.301132
29 52 0.304429
29 45 0.312336
29 40 0.318718
29 47 0.313106
29 48 0.315231
29 35 0.329453
29 50 0.313594
29 21 0.345872
29 42 0.323595
29 46 0.321359
30 5 0.136236
30 0 0.142593
30 4 0.140806
30 9 0.156210
30 3 0.170249
30 7 0.169426
30 1 0.176379
30 2 0.178718
30 6 0.219974
30 10 0.220996
30 8 0.239994
30 12 0.255997
30 14 0.261090
30 28 0.252820
30 21 0.262635
30 11 0.274594
30 13 0.276333
30 32 0.258263
30 25 0.268511
30 44 0.247337
30 29 0.266057
30 30 0.270591
30 24 0.277576
30 31 0.270597
30 40 0.260113
30 33 0.270895
30 23 0.283011
30 15 0.291042
30 16 0.291045
30 41 0.265662
30 51 0.254516
30 48 0.259118
30 45 0.266215
30 38 0.274054
30 39 0.278647
30 50 0.265901
30 22 0.298913
30 18 0.303480
30 46 0.273320
30 19 0.305058
30 35 0.287857
30 53 0.269288
30 20 0.308829
30 34 0.296769
30 42 0.289602
30 26 0.308737
30 54 0.277271
30 47 0.285535
30 49 0.284055
30 17 0.320510
30 52 0.283395
30 43 0.294436
30 27 0.314580
30 36 0.304025
30 37 0.302972
31 6 0.141101
31 10 0.154381
31 1 0.170578
31 0 0.174524
31 2 0.173717
31 5 0.175788
31 3 0.187491
31 4 0.197963
31 9 0.225459
31 7 0.272634
31 8 0.272727
31 17 0.271927
31 20 0.269419
31 19 0.270511
31 28 0.261927
31 33 0.257921
31 26 0.266047
31 14 0.278317
31 24 0.268827
31 32 0.260193
31 25 0.269741
31 38 0.256656
31 13 0.282613
31 37 0.258075
31 42 0.253546
31 46 0.249590
31 44 0.252654
31 21 0.280064
31 31 0.269161
31 47 0.255376
31 29 0.276134
31 50 0.255291
31 34 0.274414
31 22 0.288490
31 11 0.298012
31 30 0.280630
31 12 0.301001
31 27 0.298501
31 15 0.311885
31 48 0.276234
31 23 0.305492
31 45 0.282464
31 36 0.295050
31 49 0.280075
31 16 0.317068
31 39 0.293257
31 40 0.294825
31 54 0.279517
31 18 0.319513
31 41 0.297211
31 53 0.286986
31 35 0.307411
31 43 0.303447
31 52 0.294854
31 51 0.297599
32 1 0.126708
32 0 0.165804
32 3 0.143494
32 2 0.162441
32 5 0.167552
32 4 0.206201
32 10 0.115776
32 9 0.132948
32 6 0.224167
32 7 0.191081
32 11 0.151716
32 14 0.145044
32 13 0.148034
32 12 0.153322
32 16 0.178686
32 8 0.226653
32 17 0.237477
32 18 0.289837
32 33 0.258658
32 19 0.289136
32 51 0.233051
32 36 0.255663
32 45 0.241204
32 27 0.325862
32 15 0.346010
32 35 0.313018
32 49 0.287189
32 47 0.291935
32 52 0.285795
32 32 0.316004
32 31 0.320074
32 29 0.320210
32 20 0.344234
32 44 0.303435
32 28 0.338258
32 53 0.298859
32 24 0.349558
32 48 0.309803
32 30 0.340040
32 34 0.331464
32 23 0.355644
32 50 0.311383
32 38 0.325108
32 37 0.331281
32 22 0.362296
32 25 0.376664
32 43 0.342528
32 39 0.346666
32 21 0.387043
32 46 0.348549
32 41 0.358181
32 54 0.349801
32 42 0.370421
32 40 0.374825
32 26 0.411847
33 0 0.189420
33 2 0.203314
33 4 0.205754
33 7 0.203940
33 6 0.221691
33 5 0.237629
33 8 0.241610
33 1 0.251683
33 9 0.256985
33 12 0.305703
33 32 0.281416
33 28 0.285438
33 30 0.283870
33 14 0.326922
33 16 0.332612
33 18 0.328097
33 26 0.318046
33 10 0.339750
33 22 0.327382
33 52 0.287412
33 11 0.342717
33 43 0.302904
33 39 0.310722
33 36 0.318173
33 34 0.320452
33 20 0.345568
33 38 0.328083
33 47 0.321657
33 48 0.315658
33 25 0.346798
33 19 0.355461
33 33 0.341055
33 15 0.368310
33 31 0.349404
33 24 0.358555
33 3 0.383926
33 44 0.338534
33 13 0.380113
33 41 0.346432
33 29 0.359579
33 42 0.345848
33 45 0.347552
33 54 0.334410
33 50 0.351965
33 37 0.374036
33 53 0.360128
33 51 0.364251
33 27 0.395744
33 35 0.387466
33 40 0.383560
33 46 0.378796
33 17 0.417519
33 21 0.415311
33 49 0.385568
33 23 0.431790
34 3 0.148043
34 1 0.154293
34 5 0.172882
34 6 0.174999
34 4 0.177024
34 0 0.186644
34 2 0.185871
34 7 0.227731
34 8 0.231653
34 10 0.248347
34 11 0.264464
34 9 0.267171
34 13 0.268361
34 12 0.281337
34 15 0.282168
34 33 0.263775
34 19 0.279542
34 16 0.286163
34 28 0.274906
34 26 0.279505
34 17 0.293437
34 14 0.296407
34 34 0.277461
34 18 0.298279
34 23 0.293634
34 44 0.272195
34 25 0.292939
34 31 0.287719
34 20 0.300628
34 40 0.281149
34 29 0.293598
34 21 0.301539
34 30 0.292883
34 47 0.275029
34 32 0.293076
34 48 0.277356
34 41 0.285356
34 38 0.289613
34 22 0.310136
34 45 0.288874
34 51 0.282782
34 53 0.284889
34 35 0.305835
34 49 0.292068
34 50 0.290786
34 36 0.306995
34 43 0.300189
34 37 0.306596
34 42 0.303931
34 39 0.307360
34 52 0.294632
34 54 0.292688
34 24 0.325153
34 27 0.324136
34 46 0.304633
35 8 0.161721
35 0 0.175174
35 5 0.183411
35 1 0.203514
35 3 0.206390
35 4 0.223175
35 2 0.235588
35 7 0.262836
35 10 0.260911
35 6 0.264100
35 30 0.249916
35 14 0.280265
35 12 0.285449
35 32 0.265636
35 28 0.270793
35 11 0.287906
35 13 0.312866
35 21 0.309686
35 31 0.299717
35 29 0.302660
35 9 0.327002
35 17 0.321089
35 33 0.306325
35 44 0.295023
35 35 0.308286
35 50 0.294734
35 19 0.331483
35 15 0.335355
35 42 0.311947
35 49 0.303198
35 47 0.305585
35 38 0.316409
35 25 0.331131
35 26 0.332112
35 39 0.323074
35 43 0.318627
35 48 0.315411
35 23 0.345253
35 22 0.347953
35 53 0.314845
35 16 0.360879
35 18 0.360227
35 20 0.358855
35 51 0.329511
35 24 0.363854
35 54 0.336141
35 41 0.351392
35 40 0.353076
35 45 0.347603
35 46 0.346667
35 36 0.358621
35 27 0.371556
35 37 0.363439
35 52 0.351349
35 34 0.373316
36 8 0.139577
36 1 0.148164
36 0 0.154695
36 6 0.162662
36 2 0.172880
36 4 0.173229
36 5 0.174000
36 3 0.178568
36 7 0.180893
36 9 0.206264
36 13 0.112140
36 10 0.120111
36 14 0.117585
36 12 0.124207
36 11 0.127948
36 19 0.138986
36 21 0.127123
36 15 0.152009
36 16 0.156210
36 17 0.159280
36 22 0.123674
36 18 0.162505
36 20 0.152765
36 23 0.170238
36 29 0.191478
36 24 0.202747
36 28 0.196107
36 25 0.206288
36 33 0.195592
36 34 0.196684
36 26 0.214347
36 51 0.183544
36 30 0.212246
36 27 0.222071
36 32 0.212298
36 42 0.205145
36 44 0.203494
36 38 0.214635
36 37 0.218112
36 31 0.224061
36 50 0.199829
36 46 0.206429
36 39 0.222545
36 41 0.219374
36 47 0.211248
36 52 0.207193
36 49 0.213207
36 45 0.220202
36 40 0.225876
36 36 0.232780
36 48 0.217424
36 43 0.224593
36 53 0.212296
36 54 0.210316
36 35 0.239839
37 8 0.176436
37 1 0.182687
37 0 0.185309
37 4 0.192871
37 2 0.213468
37 7 0.219048
37 3 0.227487
37 6 0.228789
37 5 0.234040
37 10 0.236046
37 9 0.259419
37 13 0.258511
37 14 0.271047
37 12 0.273264
37 33 0.254643
37 11 0.279675
37 44 0.265334
37 25 0.290617
37 28 0.295966
37 26 0.299908
37 17 0.310808
37 30 0.299994
37 29 0.302563
37 31 0.306492
37 37 0.300091
37 24 0.318085
37 47 0.299263
37 39 0.310749
37 53 0.297881
37 23 0.330201
37 43 0.310164
37 20 0.336265
37 51 0.302951
37 42 0.320675
37 15 0.349238
37 34 0.328719
37 32 0.331667
37 19 0.346740
37 22 0.348103
37 16 0.354609
37 35 0.342320
37 46 0.333776
37 18 0.364064
37 21 0.365902
37 45 0.343859
37 48 0.341297
37 27 0.364962
37 52 0.339244
37 38 0.355229
37 49 0.347698
37 50 0.347518
37 40 0.363835
37 36 0.368633
37 54 0.352094
37 41 0.383857
38 0 0.175161
38 3 0.188377
38 9 0.179655
38 8 0.222275
38 10 0.229789
38 11 0.234199
38 6 0.245991
38 5 0.248348
38 13 0.225645
38 7 0.248242
38 1 0.265540
38 14 0.246869
38 12 0.253948
38 4 0.321869
38 15 0.290302
38 2 0.343297
38 18 0.290390
38 20 0.302754
38 16 0.327346
38 25 0.290046
38 17 0.342589
38 19 0.342225
38 24 0.310866
38 23 0.319425
38 21 0.352023
38 31 0.256138
38 33 0.249528
38 26 0.386694
38 32 0.293612
38 28 0.344898
38 22 0.432005
38 27 0.369042
38 29 0.318586
38 30 0.319277
38 44 0.281252
38 43 0.297989
38 34 0.321627
38 42 0.320444
38 47 0.264729
38 37 0.329710
38 41 0.327812
38 49 0.267236
38 40 0.330492
38 46 0.313274
38 35 0.348609
38 53 0.270045
38 38 0.351168
38 39 0.352586
38 50 0.289347
38 54 0.273330
38 36 0.365987
38 52 0.296526
38 45 0.348976
38 51 0.305991
38 48 0.315730
39 0 0.186907
39 11 0.179831
39 5 0.204218
39 3 0.228639
39 1 0.234882
39 10 0.284977
39 2 0.294405
39 31 0.271551
39 17 0.292633
39 30 0.283156
39 8 0.311624
39 19 0.304671
39 28 0.297951
39 4 0.328524
39 54 0.289660
39 9 0.338610
39 6 0.341420
39 7 0.340907
39 26 0.325362
39 33 0.319821
39 20 0.335017
39 27 0.328111
39 25 0.332010
39 14 0.343836
39 45 0.314150
39 37 0.324201
39 50 0.312352
39 32 0.333000
39 51 0.317609
39 12 0.358208
39 13 0.359081
39 48 0.324995
39 49 0.325495
39 43 0.333207
39 34 0.344589
39 29 0.353998
39 44 0.339003
39 39 0.347595
39 21 0.366844
39 16 0.373473
39 38 0.363117
39 23 0.380387
39 18 0.387410
39 46 0.359070
39 22 0.391736
39 35 0.378722
39 40 0.376025
39 41 0.381941
39 42 0.381122
39 36 0.388160
39 24 0.401736
39 47 0.384331
39 52 0.380439
39 15 0.426968
39 53 0.391404
40 8 0.166574
40 6 0.168303
40 0 0.183542
40 5 0.182536
40 1 0.187321
40 3 0.186138
40 4 0.207363
40 2 0.226482
40 10 0.231152
40 19 0.262313
40 12 0.282673
40 17 0.295123
40 14 0.300234
40 9 0.305311
40 28 0.290103
40 7 0.312046
40 21 0.303319
40 33 0.295399
40 16 0.315001
40 29 0.303588
40 44 0.287509
40 11 0.334697
40 24 0.326606
40 13 0.336810
40 31 0.320269
40 37 0.317317
40 40 0.322382
40 45 0.319945
40 30 0.337699
40 18 0.352640
40 42 0.327145
40 23 0.349051
40 43 0.330783
40 32 0.343175
40 35 0.340044
40 34 0.341802
40 41 0.336906
40 15 0.364750
40 49 0.329052
40 54 0.324168
40 22 0.366517
40 26 0.362896
40 47 0.341773
40 20 0.372856
40 38 0.354390
40 51 0.345075
40 36 0.365580
40 25 0.383258
40 46 0.360547
40 48 0.358032
40 53 0.353460
40 27 0.385302
40 50 0.360193
40 39 0.373379
40 52 0.367584
41 1 0.232412
41 8 0.222971
41 6 0.227188
41 13 0.222444
41 10 0.251817
41 2 0.275544
41 9 0.263808
41 0 0.300065
41 12 0.263646
41 5 0.290167
41 14 0.266217
41 7 0.289225
41 3 0.302680
41 11 0.293202
41 4 0.336984
41 18 0.272088
41 16 0.314298
41 15 0.360428
41 21 0.321883
41 24 0.299589
41 25 0.306008
41 20 0.345677
41 19 0.347822
41 32 0.184444
41 26 0.315507
41 17 0.376650
41 28 0.327150
41 30 0.247526
41 22 0.395353
41 27 0.360932
41 34 0.244625
41 31 0.279872
41 23 0.414979
41 29 0.354534
41 33 0.282806
41 44 0.225291
41 35 0.248353
41 43 0.249581
41 39 0.270772
41 48 0.224430
41 46 0.252623
41 40 0.279654
41 36 0.286369
41 37 0.289940
41 38 0.298091
41 49 0.247712
41 50 0.251764
41 45 0.301130
41 47 0.283170
41 54 0.242796
41 41 0.316781
41 51 0.260681
41 42 0.327873
41 52 0.271497
41 53 0.273985
42 0 0.201969
42 2 0.252069
42 1 0.271555
42 5 0.268779
42 10 0.282978
42 4 0.288652
42 13 0.289424
42 3 0.297994
42 12 0.291180
42 9 0.294247
42 29 0.275555
42 32 0.275469
42 30 0.287111
42 8 0.322584
42 23 0.312777
42 6 0.332853
42 21 0.320779
42 48 0.296410
42 34 0.316455
42 11 0.346164
42 19 0.346306
42 27 0.338457
42 7 0.360459
42 17 0.353617
42 35 0.335852
42 42 0.329431
42 16 0.369220
42 49 0.336021
42 44 0.342415
42 28 0.359151
42 53 0.333428
42 15 0.374247
42 20 0.370546
42 37 0.354488
42 31 0.360974
42 54 0.336243
42 40 0.352830
42 14 0.381684
42 33 0.366315
42 22 0.382449
42 24 0.381723
42 46 0.365624
42 25 0.393589
42 39 0.380127
42 45 0.377309
42 47 0.377280
42 52 0.371408
42 26 0.400190
42 51 0.377254
42 41 0.396542
42 43 0.395325
42 38 0.402389
42 18 0.423471
42 36 0.415792
42 50 0.406276
43 3 0.223944
43 1 0.225728
43 5 0.222686
43 2 0.242747
43 7 0.272228
43 10 0.273182
43 4 0.293729
43 6 0.292079
43 12 0.292765
43 9 0.295769
43 14 0.305823
43 8 0.312285
43 29 0.302652
43 32 0.321499
43 30 0.323579
43 0 0.352131
43 38 0.318484
43 28 0.330345
43 11 0.351684
43 31 0.352401
43 39 0.345575
43 13 0.389059
43 44 0.359509
43 15 0.389717
43 16 0.390748
43 33 0.374213
43 48 0.357402
43 20 0.388829
43 18 0.391888
43 43 0.368172
43 25 0.409048
43 54 0.376864
43 27 0.408689
43 22 0.416795
43 47 0.390290
43 24 0.415981
43 26 0.413919
43 37 0.404228
43 51 0.388372
43 42 0.399797
43 35 0.407867
43 21 0.428544
43 19 0.442200
43 17 0.448005
43 23 0.445508
43 49 0.416700
43 50 0.416831
43 41 0.432297
43 40 0.434192
43 53 0.419518
43 52 0.420958
43 34 0.443741
43 45 0.433273
43 36 0.443097
43 46 0.433096
44 9 0.148697
44 10 0.192975
44 8 0.212917
44 11 0.210715
44 14 0.189650
44 0 0.253600
44 13 0.216841
44 3 0.260903
44 12 0.231879
44 1 0.281413
44 4 0.281568
44 2 0.302660
44 5 0.354042
44 6 0.371161
44 15 0.332096
44 7 0.386253
44 16 0.358204
44 17 0.375346
44 18 0.404282
44 31 0.242452
44 33 0.249812
44 28 0.279400
44 29 0.290631
44 19 0.437428
44 30 0.290923
44 23 0.378541
44 21 0.420348
44 20 0.459320
44 25 0.358552
44 26 0.370220
44 32 0.336107
44 37 0.376390
44 24 0.484564
44 40 0.385490
44 35 0.416338
44 22 0.517934
44 44 0.390565
44 51 0.321344
44 27 0.473723
44 36 0.445324
44 45 0.385079
44 34 0.456170
44 53 0.336294
44 38 0.453586
44 50 0.367386
44 43 0.444076
44 47 0.387019
44 54 0.365788
44 39 0.489726
44 49 0.405873
44 48 0.408267
44 41 0.487846
44 42 0.494885
44 52 0.418392
44 46 0.450877
45 8 0.195802
45 10 0.125590
45 9 0.189351
45 12 0.152052
45 14 0.150213
45 0 0.313507
45 11 0.188486
45 13 0.176450
45 2 0.334928
45 1 0.339861
45 4 0.340374
45 3 0.371856
45 6 0.377361
45 5 0.400624
45 7 0.430699
45 32 0.238302
45 20 0.323186
45 28 0.285262
45 30 0.281042
45 44 0.267205
45 33 0.292841
45 25 0.324424
45 16 0.430475
45 18 0.405391
45 29 0.344903
45 24 0.389591
45 22 0.422250
45 26 0.394430
45 35 0.382813
45 21 0.437488
45 51 0.367939
45 31 0.416287
45 23 0.459193
45 38 0.419043
45 40 0.420562
45 15 0.591543
45 17 0.545250
45 42 0.426745
45 48 0.427070
45 47 0.433484
45 34 0.454199
45 52 0.440335
45 46 0.461985
45 36 0.476629
45 39 0.480418
45 53 0.463670
45 43 0.490399
45 41 0.496316
45 19 0.608393
45 45 0.498479
45 37 0.518097
45 27 0.559440
45 49 0.525640
45 54 0.532635
45 50 0.540868
46 9 0.218200
46 8 0.222588
46 0 0.238280
46 10 0.283913
46 4 0.308257
46 13 0.303561
46 5 0.311441
46 3 0.313954
46 2 0.318089
46 30 0.294865
46 32 0.296125
46 1 0.330172
46 6 0.330105
46 11 0.326819
46 29 0.317288
46 28 0.318626
46 33 0.329760
46 14 0.348263
46 31 0.333160
46 12 0.355208
46 7 0.361554
46 44 0.344511
46 51 0.350272
46 41 0.369337
46 50 0.385624
46 21 0.417118
46 26 0.417233
46 47 0.399271
46 17 0.440549
46 36 0.427650
46 42 0.423071
46 38 0.428976
46 15 0.455019
46 49 0.427247
46 20 0.461522
46 19 0.466392
46 16 0.470332
46 54 0.435757
46 53 0.444666
46 37 0.467760
46 46 0.464531
46 35 0.479285
46 34 0.481629
46 43 0.471064
46 52 0.465013
46 40 0.479783
46 39 0.481437
46 22 0.501608
46 24 0.509757
46 27 0.506931
46 23 0.515377
46 45 0.493061
46 48 0.496056
46 25 0.524254
46 18 0.550289
47 9 0.222672
47 8 0.242477
47 4 0.266752
47 10 0.244311
47 2 0.284852
47 11 0.229030
47 0 0.320219
47 3 0.325125
47 12 0.251660
47 5 0.330402
47 7 0.329707
47 1 0.380359
47 13 0.274357
47 14 0.207782
47 6 0.455199
47 28 0.193926
47 23 0.230420
47 22 0.230954
47 24 0.227599
47 32 0.197856
47 16 0.285189
47 25 0.263604
47 29 0.243313
47 20 0.280769
47 15 0.343229
47 30 0.243383
47 31 0.245876
47 26 0.324069
47 18 0.367075
47 44 0.225120
47 21 0.352386
47 19 0.371607
47 17 0.404459
47 33 0.356965
47 27 0.410943
47 36 0.380459
47 34 0.390922
47 40 0.346169
47 35 0.390741
47 41 0.344293
47 48 0.284775
47 39 0.391430
47 53 0.251188
47 37 0.415052
47 49 0.306968
47 42 0.395536
47 38 0.430548
47 43 0.401675
47 46 0.338927
47 51 0.281160
47 52 0.287277
47 45 0.378944
47 47 0.362065
47 54 0.310210
47 50 0.371572
48 3 0.235329
48 8 0.237964
48 9 0.245831
48 4 0.294570
48 7 0.292499
48 10 0.312231
48 1 0.330992
48 14 0.324696
48 28 0.311375
48 5 0.336067
48 11 0.334286
48 13 0.333449
48 30 0.359081
48 33 0.369465
48 53 0.373429
48 12 0.419922
48 0 0.431412
48 6 0.428599
48 2 0.438423
48 29 0.425688
48 31 0.423903
48 24 0.432374
48 32 0.424456
48 44 0.411305
48 18 0.447047
48 52 0.413242
48 22 0.447298
48 25 0.444749
48 15 0.455018
48 27 0.459229
48 16 0.474362
48 19 0.475355
48 54 0.440364
48 21 0.478123
48 20 0.480470
48 48 0.450729
48 23 0.483320
48 17 0.491927
48 51 0.460504
48 40 0.477263
48 42 0.474866
48 36 0.484083
48 39 0.486699
48 35 0.493956
48 43 0.489475
48 46 0.508171
48 26 0.538878
48 47 0.515175
48 45 0.522611
48 34 0.540537
48 38 0.538253
48 50 0.526707
48 41 0.549819
48 49 0.543852
48 37 0.568214
49 10 0.209252
49 8 0.224087
49 11 0.308431
49 3 0.323961
49 2 0.325565
49 9 0.322781
49 5 0.329116
49 33 0.296172
49 13 0.323206
49 12 0.341702
49 6 0.384175
49 1 0.401951
49 14 0.388646
49 29 0.400733
49 7 0.430478
49 28 0.428151
49 31 0.436277
49 4 0.486234
49 23 0.463937
49 43 0.443232
49 51 0.432711
49 48 0.452280
49 0 0.517548
49 50 0.473656
49 53 0.471434
49 18 0.522664
49 20 0.534388
49 15 0.543920
49 19 0.538900
49 47 0.501467
49 21 0.537174
49 35 0.520685
49 30 0.528288
49 40 0.528188
49 16 0.570408
49 37 0.553967
49 17 0.582092
49 41 0.557010
49 44 0.555459
49 45 0.549740
49 25 0.579623
49 32 0.569609
49 46 0.552264
49 38 0.565083
49 27 0.603559
49 52 0.572314
49 24 0.618297
49 42 0.599631
49 54 0.607901
49 39 0.639051
49 22 0.664771
49 26 0.664256
49 36 0.652481
49 34 0.656903
49 49 0.662040
50 10 0.313444
50 0 0.330933
50 2 0.339271
50 12 0.334342
50 9 0.385997
50 32 0.363874
50 30 0.366545
50 14 0.384758
50 54 0.355112
50 6 0.402007
50 1 0.418676
50 29 0.394986
50 8 0.416168
50 5 0.418923
50 13 0.415852
50 44 0.388398
50 31 0.409299
50 49 0.404302
50 4 0.449292
50 21 0.437073
50 36 0.421351
50 22 0.439079
50 28 0.438458
50 19 0.452687
50 3 0.467203
50 18 0.455510
50 16 0.464307
50 33 0.452216
50 23 0.475270
50 42 0.462926
50 15 0.497311
50 11 0.502368
50 52 0.467562
50 51 0.485121
50 45 0.499184
50 17 0.533835
50 26 0.535777
50 41 0.525427
50 53 0.516596
50 38 0.536762
50 35 0.544711
50 34 0.549956
50 7 0.578885
50 48 0.541834
50 20 0.570871
50 40 0.553696
50 24 0.579303
50 47 0.557662
50 27 0.577891
50 37 0.573363
50 50 0.563316
50 43 0.583603
50 25 0.605773
50 39 0.595575
50 46 0.594789
51 13 0.341300
51 3 0.350433
51 1 0.352443
51 9 0.346436
51 10 0.346055
51 8 0.347957
51 14 0.347449
51 0 0.385509
51 12 0.375260
51 4 0.384147
51 7 0.396405
51 2 0.411772
51 28 0.411391
51 5 0.433595
51 31 0.408864
51 6 0.478479
51 11 0.485987
51 44 0.461594
51 33 0.476203
51 15 0.494816
51 29 0.481244
51 30 0.487345
51 52 0.465483
51 19 0.500953
51 22 0.505385
51 32 0.494529
51 16 0.514932
51 17 0.531697
51 35 0.514205
51 25 0.533263
51 41 0.525466
51 37 0.531250
51 51 0.524669
51 18 0.560435
51 26 0.567475
51 36 0.557830
51 43 0.553802
51 54 0.542620
51 46 0.554523
51 45 0.561996
51 48 0.560305
51 42 0.566163
51 24 0.587418
51 39 0.573418
51 40 0.575976
51 23 0.601214
51 47 0.596460
51 53 0.591498
51 27 0.622772
51 21 0.630095
51 34 0.618232
51 50 0.612758
51 49 0.616940
51 38 0.641060
51 20 0.668282
52 3 0.210399
52 1 0.215168
52 4 0.215027
52 0 0.225480
52 9 0.191960
52 5 0.224566
52 6 0.220264
52 2 0.247772
52 11 0.231843
52 13 0.241081
52 12 0.242626
52 14 0.241206
52 8 0.270010
52 10 0.282822
52 7 0.361590
52 28 0.332000
52 29 0.348649
52 31 0.349500
52 17 0.392727
52 30 0.372634
52 15 0.439321
52 26 0.425744
52 25 0.427303
52 22 0.442769
52 33 0.418329
52 27 0.450030
52 23 0.468806
52 20 0.486041
52 21 0.487886
52 24 0.502059
52 19 0.522215
52 18 0.523973
52 44 0.405337
52 51 0.384392
52 37 0.513276
52 53 0.394975
52 32 0.550448
52 16 0.618874
52 35 0.566111
52 49 0.455959
52 40 0.560653
52 47 0.466542
52 50 0.463449
52 41 0.563809
52 54 0.437867
52 45 0.485449
52 38 0.585393
52 52 0.477064
52 36 0.605148
52 46 0.488283
52 43 0.559706
52 39 0.595115
52 42 0.585335
52 34 0.631232
52 48 0.551793
53 8 0.196125
53 13 0.299010
53 1 0.310382
53 9 0.308064
53 3 0.328683
53 11 0.333740
53 12 0.333118
53 28 0.330925
53 31 0.341393
53 29 0.346287
53 5 0.384409
53 14 0.387078
53 2 0.398524
53 6 0.431000
53 32 0.437228
53 18 0.454249
53 7 0.477958
53 0 0.499616
53 17 0.487426
53 42 0.461784
53 15 0.490952
53 24 0.484882
53 30 0.479261
53 10 0.500018
53 36 0.473617
53 22 0.490150
53 21 0.492622
53 48 0.467691
53 26 0.496115
53 44 0.486620
53 23 0.511282
53 33 0.509291
53 4 0.541930
53 40 0.520450
53 20 0.542274
53 45 0.519988
53 54 0.519099
53 53 0.527194
53 47 0.553732
53 41 0.565016
53 25 0.587178
53 19 0.593887
53 49 0.563536
53 51 0.563370
53 34 0.587370
53 43 0.578502
53 52 0.570183
53 37 0.590087
53 39 0.588456
53 50 0.586613
53 27 0.627634
53 16 0.652900
53 35 0.637196
53 46 0.644264
53 38 0.663562
54 8 0.281811
54 9 0.314910
54 28 0.306254
54 11 0.330426
54 5 0.367012
54 14 0.370323
54 3 0.388930
54 2 0.420964
54 4 0.419797
54 12 0.431738
54 29 0.421468
54 6 0.451763
54 17 0.447549
54 32 0.436640
54 1 0.466773
54 20 0.451365
54 19 0.459612
54 0 0.489208
54 50 0.443742
54 10 0.487539
54 44 0.452711
54 34 0.467981
54 26 0.480694
54 16 0.494063
54 22 0.494875
54 24 0.493076
54 7 0.512507
54 15 0.511895
54 13 0.519578
54 31 0.503728
54 43 0.490929
54 36 0.507395
54 33 0.514722
54 42 0.510719
54 46 0.506915
54 23 0.535819
54 41 0.519219
54 40 0.526431
54 48 0.521985
54 30 0.546644
54 39 0.546052
54 38 0.552118
54 18 0.577355
54 27 0.584294
54 54 0.555795
54 52 0.560273
54 45 0.572341
54 37 0.604235
54 49 0.591977
54 47 0.620445
54 35 0.637559
54 51 0.621685
54 25 0.655094
54 21 0.666702
54 53 0.652922
55 8 0.198406
55 10 0.203039
55 0 0.306903
55 14 0.299490
55 11 0.314005
55 32 0.296761
55 2 0.333217
55 12 0.326145
55 1 0.340356
55 31 0.313508
55 9 0.374674
55 3 0.382723
55 4 0.387795
55 5 0.395785
55 13 0.447728
55 7 0.452711
55 16 0.448634
55 43 0.420158
55 15 0.470246
55 29 0.455697
55 33 0.457941
55 22 0.471720
55 26 0.467656
55 25 0.473436
55 44 0.456014
55 30 0.474080
55 20 0.485313
55 24 0.483474
55 28 0.487632
55 18 0.529070
55 51 0.497194
55 6 0.556874
55 47 0.516324
55 21 0.548145
55 38 0.532575
55 36 0.540392
55 23 0.557212
55 52 0.529328
55 37 0.549616
55 34 0.554780
55 17 0.575640
55 40 0.566348
55 45 0.565425
55 35 0.576680
55 46 0.567829
55 27 0.593236
55 49 0.584910
55 53 0.585131
55 50 0.591661
55 42 0.610648
55 41 0.614080
55 54 0.603851
55 39 0.623286
55 19 0.658872
55 48 0.645835
56 20 0.271617
56 0 0.289315
56 9 0.283871
56 11 0.283182
56 5 0.300043
56 3 0.312776
56 1 0.315112
56 33 0.296716
56 10 0.319483
56 8 0.333644
56 2 0.340519
56 31 0.318915
56 13 0.337881
56 14 0.339790
56 30 0.341554
56 12 0.358793
56 24 0.348460
56 26 0.350413
56 6 0.369419
56 25 0.359821
56 27 0.385373
56 28 0.385028
56 29 0.385080
56 32 0.382726
56 17 0.408031
56 44 0.381412
56 4 0.436533
56 15 0.443445
56 23 0.438027
56 50 0.418425
56 34 0.455998
56 37 0.452452
56 18 0.476506
56 7 0.488897
56 52 0.448571
56 51 0.461996
56 42 0.476085
56 54 0.466548
56 47 0.475637
56 22 0.503190
56 19 0.509825
56 49 0.480729
56 46 0.492199
56 35 0.504327
56 41 0.504587
56 16 0.531196
56 21 0.526885
56 40 0.508501
56 43 0.513541
56 53 0.504343
56 38 0.525501
56 45 0.534476
56 36 0.556997
56 48 0.550842
56 39 0.566620
57 3 0.236217
57 10 0.241728
57 8 0.300653
57 30 0.312230
57 12 0.344711
57 32 0.328310
57 14 0.346779
57 11 0.387355
57 1 0.402877
57 2 0.402872
57 0 0.407189
57 29 0.399532
57 4 0.429313
57 9 0.441433
57 31 0.466716
57 6 0.490348
57 28 0.521834
57 44 0.504207
57 42 0.512786
57 22 0.539305
57 13 0.548035
57 7 0.553265
57 33 0.541838
57 18 0.570405
57 5 0.610890
57 25 0.593822
57 26 0.601604
57 43 0.587463
57 35 0.604454
57 24 0.619680
57 23 0.622874
57 16 0.632757
57 51 0.597443
57 45 0.606870
57 37 0.620091
57 50 0.608361
57 19 0.644014
57 39 0.633701
57 15 0.660189
57 38 0.637303
57 27 0.652611
57 21 0.659705
57 40 0.644439
57 54 0.631378
57 53 0.645234
57 52 0.650232
57 48 0.661312
57 34 0.677679
57 41 0.670552
57 36 0.701357
57 49 0.691958
57 47 0.706877
57 46 0.708676
57 17 0.758106
57 20 0.790399
58 8 0.333511
58 9 0.359086
58 13 0.360351
58 32 0.368015
58 1 0.402240
58 5 0.421375
58 12 0.420465
58 10 0.426434
58 4 0.449840
58 30 0.439288
58 7 0.468236
58 31 0.466218
58 28 0.476958
58 44 0.462180
58 11 0.500308
58 3 0.552885
58 33 0.530046
58 15 0.602650
58 47 0.589927
58 29 0.617983
58 21 0.629601
58 34 0.638197
58 37 0.635941
58 17 0.659459
58 49 0.620933
58 20 0.663174
58 43 0.639435
58 52 0.635672
58 14 0.689290
58 45 0.656731
58 0 0.713848
58 19 0.710200
58 54 0.678236
58 2 0.739584
58 39 0.709829
58 22 0.733859
58 51 0.707581
58 24 0.745748
58 25 0.745325
58 6 0.777574
58 27 0.755826
58 16 0.785374
58 41 0.762515
58 26 0.780121
58 23 0.802267
58 36 0.797938
58 53 0.779086
58 40 0.801356
58 18 0.826109
58 35 0.821701
58 48 0.831568
58 42 0.857160
58 46 0.854947
58 50 0.871382
58 38 0.902639
59 8 0.213835
59 9 0.212979
59 3 0.315490
59 12 0.186997
59 4 0.342206
59 10 0.237769
59 13 0.210542
59 11 0.258835
59 5 0.378690
59 0 0.392092
59 1 0.393987
59 2 0.401963
59 14 0.286360
59 7 0.487698
59 16 0.282015
59 6 0.544789
59 17 0.343745
59 28 0.265439
59 30 0.258375
59 18 0.360052
59 29 0.266575
59 15 0.413610
59 33 0.306050
59 26 0.372796
59 32 0.325669
59 22 0.419869
59 23 0.409571
59 20 0.475320
59 21 0.475257
59 31 0.397444
59 25 0.435502
59 19 0.504809
59 44 0.389682
59 38 0.491266
59 24 0.560854
59 37 0.509770
59 43 0.466483
59 35 0.526945
59 27 0.584254
59 53 0.431852
59 34 0.555330
59 40 0.561588
59 51 0.484155
59 52 0.502208
59 39 0.590022
59 54 0.487993
59 41 0.578009
59 36 0.627420
59 45 0.564534
59 47 0.560798
59 50 0.543480
59 46 0.569949
59 42 0.600690
59 49 0.559666
59 48 0.584398
60 9 0.294835
60 8 0.330434
60 3 0.364187
60 10 0.351248
60 0 0.441677
60 11 0.425898
60 12 0.424849
60 13 0.420568
60 14 0.445316
60 15 0.463084
60 7 0.506258
60 1 0.542249
60 2 0.543336
60 6 0.531048
60 31 0.268948
60 4 0.576889
60 5 0.598176
60 29 0.398760
60 30 0.387497
60 16 0.672106
60 17 0.661180
60 44 0.234946
60 28 0.493263
60 20 0.657971
60 21 0.672222
60 35 0.403968
60 23 0.652181
60 24 0.637441
60 19 0.699963
60 22 0.706917
60 18 0.747829
60 33 0.467303
60 27 0.604069
60 25 0.672962
60 32 0.517834
60 39 0.461324
60 36 0.474359
60 48 0.422066
60 45 0.453667
60 54 0.419717
60 26 0.749961
60 37 0.563002
60 51 0.502979
60 40 0.568334
60 52 0.492337
60 38 0.591105
60 43 0.549073
60 41 0.600888
60 49 0.552384
60 50 0.560785
60 34 0.711140
60 42 0.580846
60 47 0.580341
60 53 0.542269
60 46 0.588902
61 11 0.304374
61 14 0.317180
61 3 0.435071
61 10 0.422264
61 0 0.444765
61 8 0.441985
61 2 0.465518
61 13 0.458199
61 9 0.488948
61 28 0.510310
61 5 0.566621
61 15 0.540508
61 32 0.511830
61 44 0.480988
61 4 0.572324
61 18 0.564205
61 12 0.579246
61 30 0.555956
61 36 0.547563
61 54 0.529181
61 26 0.601688
61 21 0.614910
61 20 0.623596
61 1 0.667917
61 24 0.624264
61 37 0.607450
61 46 0.601288
61 7 0.697354
61 6 0.703963
61 19 0.676689
61 31 0.655631
61 33 0.654113
61 50 0.623252
61 23 0.696385
61 29 0.688645
61 34 0.680627
61 43 0.674006
61 39 0.698207
61 35 0.711841
61 45 0.689900
61 16 0.769391
61 49 0.702222
61 51 0.703945
61 52 0.707280
61 42 0.740324
61 40 0.744434
61 22 0.802070
61 38 0.769437
61 53 0.733255
61 48 0.747688
61 47 0.777764
61 27 0.838914
61 25 0.850468
61 17 0.883469
61 41 0.870569
62 5 0.252141
62 1 0.279957
62 0 0.297604
62 11 0.281818
62 3 0.309920
62 13 0.314051
62 9 0.325424
62 10 0.336080
62 8 0.353031
62 12 0.349842
62 2 0.394015
62 4 0.387416
62 7 0.387355
62 14 0.371317
62 15 0.461933
62 6 0.493636
62 33 0.408427
62 29 0.478375
62 20 0.519117
62 28 0.516289
62 19 0.602331
62 18 0.608553
62 21 0.599981
62 36 0.533597
62 16 0.630317
62 31 0.591726
62 17 0.696923
62 32 0.618983
62 23 0.685336
62 37 0.615273
62 35 0.619536
62 30 0.669853
62 24 0.690862
62 45 0.613917
62 22 0.729171
62 27 0.718456
62 34 0.657297
62 54 0.489675
62 26 0.743542
62 44 0.656533
62 53 0.524886
62 25 0.790751
62 52 0.572565
62 49 0.616625
62 51 0.601016
62 48 0.652586
62 43 0.732289
62 42 0.740208
62 40 0.752080
62 41 0.748913
62 50 0.617935
62 38 0.771316
62 47 0.733447
62 46 0.760760
62 39 0.848827
63 9 0.202780
63 12 0.325697
63 13 0.330386
63 10 0.352830
63 8 0.354950
63 2 0.381488
63 14 0.376217
63 4 0.384312
63 11 0.388572
63 0 0.424507
63 6 0.441524
63 32 0.409604
63 28 0.432398
63 30 0.445210
63 18 0.539400
63 31 0.535232
63 16 0.563162
63 44 0.521331
63 5 0.577933
63 3 0.586173
63 27 0.580321
63 17 0.595310
63 52 0.555526
63 15 0.611091
63 21 0.599857
63 20 0.603081
63 38 0.577948
63 34 0.595265
63 36 0.604453
63 23 0.629237
63 43 0.601347
63 54 0.586505
63 33 0.618855
63 29 0.641671
63 51 0.614900
63 25 0.661403
63 7 0.693893
63 26 0.670842
63 24 0.693030
63 45 0.669957
63 22 0.708406
63 40 0.683120
63 49 0.688819
63 53 0.698562
63 50 0.704996
63 41 0.721203
63 39 0.741809
63 1 0.797347
63 35 0.756725
63 42 0.746896
63 47 0.785959
63 48 0.791218
63 19 0.836503
63 37 0.817217
63 46 0.818821
64 8 0.271234
64 10 0.266015
64 13 0.255447
64 9 0.295429
64 3 0.311872
64 11 0.286521
64 12 0.296378
64 1 0.353665
64 0 0.407331
64 5 0.467505
64 4 0.494204
64 14 0.449487
64 6 0.521148
64 30 0.258720
64 15 0.588202
64 29 0.308338
64 7 0.662317
64 17 0.593957
64 31 0.336569
64 2 0.706051
64 16 0.678034
64 19 0.613817
64 18 0.688572
64 26 0.448193
64 28 0.441662
64 21 0.511788
64 24 0.490882
64 32 0.409266
64 33 0.428092
64 23 0.529391
64 20 0.623193
64 27 0.509020
64 22 0.550656
64 44 0.380049
64 35 0.525788
64 25 0.618061
64 36 0.552683
64 45 0.492860
64 34 0.607619
64 38 0.619315
64 40 0.564377
64 51 0.436988
64 39 0.587291
64 54 0.404559
64 53 0.444161
64 41 0.591798
64 43 0.599831
64 42 0.616523
64 47 0.591911
64 37 0.719015
64 49 0.626705
64 48 0.631959
64 46 0.654976
64 50 0.583715
64 52 0.592451
65 10 0.289027
65 9 0.304954
65 3 0.355349
65 13 0.347007
65 1 0.370241
65 12 0.375690
65 0 0.412120
65 7 0.430077
65 8 0.439325
65 2 0.451294
65 54 0.408516
65 11 0.476430
65 14 0.501349
65 16 0.505060
65 38 0.473678
65 6 0.521462
65 28 0.503054
65 22 0.527943
65 5 0.555424
65 45 0.502103
65 30 0.546018
65 42 0.533986
65 39 0.551153
65 32 0.563790
65 4 0.612014
65 29 0.578210
65 44 0.555598
65 35 0.575850
65 26 0.596319
65 52 0.569223
65 49 0.581640
65 31 0.610844
65 36 0.608154
65 25 0.637330
65 34 0.640524
65 33 0.650281
65 20 0.675307
65 40 0.656569
65 23 0.694459
65 18 0.709636
65 50 0.660838
65 48 0.668446
65 24 0.716282
65 51 0.680720
65 27 0.726110
65 37 0.719475
65 47 0.709869
65 43 0.724569
65 53 0.721899
65 46 0.739296
65 17 0.790052
65 19 0.785887
65 15 0.805084
65 41 0.785263
65 21 0.848833
66 8 0.162155
66 0 0.276667
66 1 0.282867
66 10 0.219580
66 11 0.236266
66 13 0.237370
66 14 0.234109
66 12 0.266909
66 9 0.275624
66 4 0.360210
66 7 0.338948
66 5 0.490677
66 3 0.528463
66 2 0.532900
66 6 0.470917
66 15 0.503779
66 31 0.329706
66 29 0.362003
66 16 0.557136
66 21 0.409890
66 19 0.458136
66 33 0.355088
66 17 0.568943
66 22 0.453061
66 18 0.532929
66 25 0.473500
66 20 0.486182
66 30 0.474492
66 27 0.512232
66 28 0.516217
66 32 0.494986
66 51 0.442539
66 44 0.467794
66 23 0.562959
66 26 0.583022
66 35 0.569266
66 45 0.546093
66 43 0.555052
66 36 0.594440
66 24 0.657855
66 39 0.590230
66 40 0.598795
66 53 0.560415
66 34 0.620796
66 52 0.568402
66 49 0.584665
66 37 0.616748
66 50 0.598630
66 48 0.613291
66 42 0.631790
66 46 0.629716
66 54 0.605962
66 41 0.651046
66 38 0.697397
66 47 0.705262
67 10 0.302932
67 11 0.317893
67 8 0.374659
67 9 0.389164
67 14 0.448854
67 12 0.511057
67 7 0.535607
67 31 0.514257
67 2 0.576597
67 29 0.557531
67 44 0.548106
67 6 0.612731
67 3 0.688738
67 0 0.698899
67 4 0.704199
67 30 0.695497
67 38 0.689824
67 32 0.695288
67 28 0.703534
67 20 0.715166
67 18 0.720457
67 51 0.696080
67 35 0.751610
67 5 0.794209
67 47 0.752762
67 52 0.754379
67 42 0.776947
67 26 0.803839
67 22 0.811062
67 40 0.819171
67 19 0.852638
67 21 0.848877
67 1 0.881828
67 41 0.839932
67 13 0.879503
67 36 0.851025
67 33 0.861566
67 48 0.883691
67 54 0.912711
67 46 0.925221
67 49 0.921904
67 34 0.947514
67 53 0.934311
67 23 0.978628
67 27 0.978504
67 16 1.003587
67 43 0.968805
67 45 0.975124
67 17 1.017603
67 24 1.007084
67 15 1.030493
67 39 1.000070
67 25 1.032493
67 37 1.024247
67 50 1.027150
68 8 0.199135
68 9 0.297325
68 11 0.321105
68 2 0.400127
68 12 0.332970
68 1 0.480493
68 13 0.411672
68 0 0.483139
68 10 0.429304
68 14 0.333745
68 7 0.482646
68 5 0.502520
68 6 0.513064
68 3 0.608615
68 15 0.460607
68 4 0.603704
68 19 0.412714
68 30 0.241804
68 29 0.265059
68 31 0.265461
68 17 0.548840
68 28 0.281929
68 25 0.338925
68 23 0.415326
68 20 0.514937
68 18 0.571852
68 22 0.466294
68 35 0.294907
68 21 0.521260
68 24 0.448368
68 33 0.384386
68 32 0.401332
68 16 0.683395
68 27 0.446724
68 44 0.352290
68 26 0.475743
68 34 0.482182
68 36 0.482861
68 42 0.468112
68 37 0.508343
68 39 0.512664
68 50 0.475981
68 52 0.457658
68 45 0.502066
68 53 0.464809
68 38 0.545946
68 51 0.492776
68 47 0.532927
68 46 0.540681
68 40 0.601323
68 49 0.563558
68 48 0.573592
68 54 0.543046
68 43 0.612135
68 41 0.637763
69 8 0.315927
69 4 0.355084
69 9 0.360932
69 10 0.404969
69 11 0.439076
69 0 0.454582
69 7 0.451100
69 14 0.445765
69 1 0.482534
69 3 0.488627
69 6 0.529019
69 12 0.563720
69 28 0.566200
69 2 0.650802
69 15 0.663145
69 48 0.599072
69 40 0.620105
69 32 0.634094
69 29 0.664746
69 30 0.664098
69 5 0.701505
69 47 0.636491
69 17 0.733021
69 52 0.667275
69 45 0.685067
69 42 0.697250
69 36 0.709203
69 38 0.736614
69 53 0.705229
69 13 0.786968
69 20 0.783265
69 18 0.821370
69 33 0.798983
69 34 0.798393
69 44 0.781361
69 22 0.824947
69 54 0.777143
69 41 0.818769
69 24 0.851891
69 50 0.804235
69 25 0.854874
69 49 0.807148
69 26 0.855757
69 51 0.806256
69 46 0.820934
69 31 0.851973
69 39 0.843478
69 16 0.902503
69 43 0.884933
69 23 0.925443
69 21 0.939357
69 27 0.933069
69 19 0.951727
69 37 0.944541
69 35 0.966921
70 8 0.318016
70 13 0.372289
70 9 0.379318
70 14 0.402037
70 10 0.435201
70 3 0.461107
70 11 0.477797
70 31 0.469554
70 7 0.515325
70 1 0.524171
70 6 0.516843
70 4 0.558574
70 44 0.541147
70 0 0.589093
70 28 0.560163
70 12 0.582448
70 5 0.597608
70 21 0.584348
70 19 0.587575
70 33 0.587924
70 29 0.597841
70 32 0.635147
70 45 0.633099
70 15 0.682119
70 53 0.650780
70 16 0.719056
70 25 0.741963
70 30 0.740807
70 18 0.756584
70 2 0.776322
70 47 0.745863
70 40 0.753158
70 50 0.742620
70 36 0.778826
70 41 0.776522
70 46 0.776129
70 37 0.808943
70 54 0.791340
70 39 0.828975
70 52 0.818728
70 38 0.840295
70 23 0.866151
70 42 0.865342
70 34 0.877648
70 49 0.873084
70 26 0.905521
70 17 0.916786
70 43 0.889602
70 24 0.913956
70 48 0.897673
70 27 0.929594
70 51 0.913484
70 35 0.948185
70 20 0.971011
70 22 0.976082
71 8 0.317915
71 14 0.344624
71 12 0.388030
71 13 0.403442
71 1 0.498183
71 5 0.510038
71 3 0.531102
71 0 0.539015
71 9 0.524572
71 2 0.538444
71 11 0.515225
71 10 0.549902
71 28 0.269201
71 4 0.743255
71 21 0.597410
71 29 0.293562
71 7 0.750063
71 15 0.715771
71 17 0.681188
71 16 0.687915
71 30 0.337689
71 20 0.673629
71 31 0.394605
71 19 0.716307
71 18 0.767832
71 33 0.395348
71 32 0.400102
71 6 0.887761
71 44 0.353636
71 23 0.742632
71 22 0.801557
71 24 0.786689
71 38 0.510777
71 27 0.678794
71 47 0.493969
71 25 0.728801
71 26 0.732340
71 39 0.633222
71 50 0.575727
71 40 0.651222
71 42 0.633052
71 51 0.591027
71 37 0.670031
71 45 0.628788
71 48 0.613378
71 34 0.680058
71 35 0.682905
71 43 0.640742
71 36 0.686515
71 54 0.599913
71 46 0.663599
71 41 0.681238
71 52 0.631292
71 49 0.661977
71 53 0.671131
72 0 0.366783
72 8 0.474267
72 5 0.477745
72 9 0.474761
72 1 0.482772
72 10 0.474591
72 39 0.439502
72 29 0.450883
72 4 0.513654
72 25 0.486741
72 7 0.524989
72 17 0.515883
72 11 0.523933
72 3 0.543539
72 6 0.563310
72 13 0.556963
72 43 0.529550
72 33 0.551944
72 2 0.591819
72 30 0.603568
72 47 0.606693
72 48 0.627312
72 35 0.641720
72 54 0.623031
72 20 0.673211
72 15 0.691827
72 27 0.697583
72 51 0.688222
72 44 0.718934
72 21 0.743872
72 42 0.721695
72 14 0.758111
72 24 0.751139
72 46 0.729794
72 38 0.743138
72 12 0.777389
72 18 0.783839
72 23 0.779685
72 28 0.783897
72 31 0.791481
72 37 0.803981
72 26 0.815065
72 52 0.796074
72 16 0.840361
72 32 0.825208
72 49 0.816180
72 19 0.857772
72 50 0.829680
72 41 0.845024
72 22 0.887387
72 45 0.880863
72 53 0.920241
72 34 0.962925
72 40 0.960710
72 36 0.973498
73 8 0.275288
73 12 0.262575
73 9 0.314990
73 10 0.337429
73 11 0.394283
73 14 0.422837
73 0 0.567439
73 5 0.569986
73 3 0.593131
73 1 0.609990
73 13 0.581448
73 30 0.278851
73 7 0.700349
73 2 0.714080
73 28 0.435884
73 16 0.739325
73 29 0.500729
73 4 0.824852
73 18 0.776549
73 31 0.480249
73 6 0.887256
73 17 0.832295
73 32 0.512371
73 15 0.880989
73 26 0.654159
73 25 0.685894
73 21 0.725375
73 19 0.794540
73 33 0.508830
73 44 0.413680
73 22 0.782738
73 24 0.801703
73 20 0.858024
73 42 0.488921
73 50 0.447714
73 23 0.864933
73 36 0.631160
73 35 0.649853
73 27 0.805560
73 40 0.616482
73 34 0.750994
73 51 0.575741
73 45 0.645267
73 43 0.659087
73 54 0.604876
73 38 0.700378
73 52 0.622695
73 41 0.685137
73 48 0.653273
73 47 0.695600
73 39 0.720069
73 46 0.704910
73 37 0.775735
73 49 0.709090
73 53 0.695766
74 9 0.307872
74 31 0.419823
74 11 0.443670
74 30 0.423139
74 29 0.440439
74 33 0.437678
74 14 0.500832
74 3 0.525732
74 8 0.526059
74 28 0.520316
74 1 0.558511
74 10 0.551519
74 13 0.557243
74 5 0.567095
74 7 0.586246
74 44 0.552453
74 6 0.605596
74 52 0.569095
74 12 0.622998
74 43 0.631423
74 19 0.673699
74 16 0.687220
74 42 0.666285
74 0 0.724996
74 32 0.688165
74 50 0.680273
74 37 0.702383
74 18 0.734313
74 27 0.727671
74 48 0.729915
74 15 0.774006
74 2 0.797278
74 39 0.758549
74 25 0.778379
74 34 0.772667
74 51 0.757544
74 4 0.814210
74 17 0.805845
74 21 0.837160
74 22 0.840769
74 53 0.802600
74 46 0.814068
74 23 0.842813
74 26 0.847881
74 20 0.858874
74 54 0.828810
74 47 0.844632
74 38 0.859339
74 40 0.875690
74 45 0.927405
74 36 0.943590
74 41 0.942678
74 24 0.968945
74 35 0.955438
74 49 0.998582
75 12 0.396933
75 32 0.441363
75 5 0.521952
75 9 0.532333
75 8 0.560968
75 29 0.581023
75 13 0.600134
75 1 0.622897
75 31 0.634751
75 44 0.656721
75 2 0.705917
75 6 0.717644
75 33 0.690513
75 10 0.734089
75 14 0.731068
75 46 0.733752
75 28 0.770917
75 0 0.800951
75 18 0.783373
75 3 0.801033
75 7 0.816244
75 22 0.827004
75 11 0.846686
75 36 0.840865
75 30 0.847712
75 45 0.839840
75 24 0.868062
75 49 0.868710
75 43 0.896530
75 42 0.989408
75 34 0.997477
75 54 0.971118
75 4 1.030120
75 48 0.983920
75 50 0.982035
75 37 1.005753
75 15 1.031677
75 38 1.016335
75 39 1.021019
75 16 1.054372
75 17 1.069006
75 19 1.092019
75 51 1.057105
75 35 1.080011
75 41 1.074793
75 40 1.076365
75 21 1.146135
75 20 1.150544
75 23 1.149739
75 52 1.118293
75 25 1.156904
75 53 1.125670
75 27 1.166884
75 47 1.146426
75 26 1.188128
76 8 0.332308
76 11 0.325704
76 12 0.327746
76 9 0.357757
76 13 0.389641
76 10 0.417633
76 14 0.441628
76 5 0.537127
76 0 0.565861
76 28 0.176720
76 3 0.593421
76 7 0.592233
76 6 0.597610
76 4 0.639495
76 2 0.679827
76 31 0.324166
76 29 0.413422
76 30 0.406076
76 15 0.806588
76 1 0.907696
76 44 0.329958
76 17 0.914487
76 16 0.919039
76 33 0.566500
76 32 0.574604
76 18 0.988062
76 22 0.718562
76 19 1.008596
76 23 0.752248
76 20 0.969219
76 26 0.813143
76 21 0.853577
76 40 0.655046
76 24 0.866922
76 54 0.596944
76 25 0.877788
76 34 0.793672
76 27 0.861158
76 41 0.764720
76 38 0.778952
76 37 0.782363
76 52 0.700155
76 51 0.707065
76 39 0.787157
76 43 0.794337
76 47 0.794291
76 53 0.768532
76 46 0.805716
76 35 0.946371
76 49 0.813888
76 36 0.934441
76 42 0.920786
76 50 0.871936
76 45 0.908299
76 48 0.914848
77 9 0.430187
77 14 0.429194
77 10 0.463381
77 12 0.464782
77 8 0.525190
77 13 0.561306
77 28 0.603698
77 3 0.648728
77 1 0.668485
77 5 0.679671
77 11 0.728383
77 30 0.728801
77 15 0.794123
77 32 0.751883
77 0 0.813432
77 7 0.883140
77 29 0.854674
77 31 0.865254
77 2 0.971785
77 6 0.970573
77 37 0.933186
77 33 0.955164
77 16 1.013996
77 35 0.978705
77 39 0.972606
77 45 0.966230
77 25 1.031414
77 36 1.022242
77 44 1.007906
77 49 0.998186
77 47 1.018694
77 19 1.099641
77 24 1.100632
77 40 1.060027
77 46 1.054777
77 43 1.099111
77 17 1.172213
77 41 1.115949
77 34 1.135454
77 27 1.162618
77 21 1.180620
77 48 1.129884
77 38 1.174586
77 26 1.221974
77 4 1.257665
77 54 1.147660
77 23 1.238739
77 50 1.169202
77 51 1.195466
77 22 1.276715
77 42 1.236017
77 18 1.331097
77 52 1.278263
77 53 1.284630
77 20 1.519212
78 31 0.382748
78 8 0.439689
78 44 0.405134
78 30 0.449225
78 32 0.461623
78 1 0.492164
78 29 0.466598
78 24 0.495738
78 0 0.516981
78 14 0.507568
78 20 0.564861
78 9 0.608995
78 28 0.645010
78 22 0.677138
78 33 0.667861
78 10 0.692663
78 5 0.764776
78 34 0.736899
78 19 0.765299
78 12 0.772188
78 3 0.819115
78 17 0.808771
78 13 0.834017
78 43 0.811053
78 26 0.852130
78 2 0.881872
78 50 0.832855
78 38 0.885206
78 18 0.918501
78 6 0.956626
78 42 0.920999
78 25 0.946484
78 27 0.945082
78 39 0.952816
78 11 0.989046
78 45 0.954738
78 4 1.007616
78 48 0.962947
78 52 0.974462
78 54 0.979583
78 23 1.022958
78 51 0.995999
78 46 1.015297
78 16 1.078536
78 36 1.067018
78 47 1.073560
78 37 1.108963
78 49 1.110833
78 40 1.132420
78 35 1.144844
78 21 1.172705
78 41 1.176093
78 15 1.287931
78 53 1.256405
78 7 1.310971
79 11 0.422515
79 12 0.453909
79 13 0.474443
79 10 0.542398
79 3 0.737797
79 24 0.731186
79 44 0.698068
79 9 0.765365
79 22 0.755018
79 1 0.786217
79 21 0.804422
79 7 0.845723
79 8 0.860375
79 15 0.857689
79 32 0.866222
79 17 0.887157
79 25 0.899300
79 33 0.904482
79 29 0.911188
79 31 0.908771
79 42 0.890656
79 28 0.921785
79 14 0.942301
79 43 0.898734
79 27 0.931991
79 19 0.970537
79 23 0.984531
79 38 0.967583
79 18 1.000377
79 6 1.016411
79 20 1.004095
79 4 1.042293
79 52 0.966237
79 37 1.011178
79 45 1.022514
79 30 1.057851
79 16 1.085785
79 49 1.053938
79 47 1.073565
79 41 1.096357
79 5 1.162356
79 53 1.083452
79 35 1.138910
79 34 1.146579
79 40 1.155692
79 36 1.191465
79 2 1.257863
79 50 1.179531
79 0 1.263165
79 39 1.251814
79 26 1.272379
79 54 1.226018
79 51 1.238195
79 46 1.267386
79 48 1.284470
80 8 0.364765
80 11 0.569368
80 10 0.631559
80 33 0.637415
80 30 0.689973
80 4 0.743145
80 29 0.747975
80 0 0.775629
80 13 0.765447
80 7 0.814165
80 2 0.848987
80 35 0.818896
80 31 0.843891
80 44 0.876868
80 50 0.892478
80 19 0.943048
80 12 0.989219
80 28 1.005477
80 6 1.026703
80 1 1.061203
80 14 1.051232
80 40 1.025326
80 27 1.077143
80 24 1.084296
80 48 1.073516
80 3 1.144324
80 9 1.141644
80 22 1.143320
80 16 1.150210
80 32 1.175726
80 25 1.240247
80 18 1.259241
80 15 1.270170
80 53 1.234918
80 26 1.313913
80 38 1.312202
80 42 1.315985
80 34 1.326069
80 39 1.344081
80 54 1.330599
80 23 1.378718
80 51 1.366605
80 43 1.390875
80 49 1.399272
80 21 1.441908
80 46 1.413042
80 36 1.433978
80 17 1.463144
80 20 1.474268
80 47 1.464430
80 5 1.515186
80 52 1.463024
80 41 1.488011
80 37 1.508713
80 45 1.544699
81 11 0.482625
81 9 0.484586
81 8 0.485737
81 29 0.455832
81 12 0.503659
81 3 0.493516
81 1 0.539989
81 28 0.505582
81 13 0.564471
81 5 0.572414
81 0 0.608291
81 31 0.565375
81 10 0.685080
81 14 0.705457
81 47 0.669057
81 30 0.782490
81 33 0.792240
81 4 0.866890
81 25 0.924881
81 32 0.913024
81 35 0.911597
81 38 0.908107
81 7 0.958303
81 15 0.967072
81 44 0.929401
81 45 0.927414
81 51 0.921485
81 50 0.959349
81 19 1.011001
81 53 0.958688
81 23 1.013897
81 37 0.997382
81 20 1.025717
81 6 1.071440
81 54 1.028388
81 39 1.054730
81 41 1.059772
81 46 1.057554
81 40 1.114607
81 42 1.113192
81 2 1.185738
81 17 1.168781
81 16 1.172823
81 27 1.161231
81 36 1.158646
81 52 1.147299
81 24 1.197845
81 49 1.185908
81 43 1.199521
81 21 1.235314
81 34 1.218204
81 22 1.274540
81 26 1.313602
81 18 1.339656
81 48 1.364306
82 10 0.419515
82 8 0.452436
82 1 0.518829
82 11 0.490791
82 9 0.708887
82 6 0.715101
82 14 0.701788
82 0 0.736670
82 3 0.756442
82 31 0.730788
82 32 0.730359
82 28 0.734900
82 47 0.748160
82 24 0.771784
82 2 0.841127
82 7 0.877121
82 12 0.887562
82 34 0.887237
82 38 0.952494
82 36 0.960092
82 42 0.954902
82 20 1.001686
82 40 0.986999
82 33 1.004043
82 17 1.038883
82 4 1.069711
82 5 1.069373
82 29 1.043027
82 53 1.026730
82 22 1.085858
82 44 1.069479
82 30 1.088186
82 26 1.116066
82 13 1.143081
82 50 1.103504
82 27 1.134629
82 54 1.130763
82 16 1.209843
82 52 1.174057
82 46 1.188539
82 45 1.195994
82 25 1.238581
82 51 1.214412
82 18 1.257195
82 43 1.260942
82 15 1.304932
82 41 1.290714
82 49 1.297248
82 21 1.331860
82 23 1.330588
82 35 1.334868
82 48 1.386069
82 19 1.416574
82 39 1.450882
82 37 1.458448
83 9 0.265192
83 11 0.408108
83 8 0.413171
83 14 0.444600
83 5 0.481730
83 3 0.487515
83 7 0.548236
83 2 0.572531
83 1 0.585424
83 0 0.589518
83 32 0.578460
83 33 0.648682
83 41 0.658860
83 13 0.731857
83 10 0.755483
83 6 0.761606
83 29 0.731165
83 12 0.771039
83 30 0.733822
83 4 0.818552
83 31 0.816004
83 19 0.846222
83 49 0.828197
83 43 0.863187
83 51 0.857068
83 54 0.861636
83 34 0.906756
83 20 0.940730
83 44 0.930728
83 28 0.963681
83 27 0.971022
83 25 0.981412
83 24 1.007934
83 50 0.989702
83 16 1.046382
83 39 1.036675
83 53 1.020445
83 23 1.077935
83 15 1.097931
83 45 1.063177
83 18 1.113339
83 52 1.059755
83 22 1.110945
83 42 1.084290
83 17 1.127351
83 35 1.108895
83 26 1.149678
83 46 1.127729
83 37 1.151755
83 40 1.156081
83 48 1.163081
83 36 1.193723
83 21 1.230414
83 47 1.198390
83 38 1.327348
84 9 0.311297
84 8 0.402461
84 10 0.408427
84 12 0.617198
84 13 0.625044
84 14 0.650181
84 31 0.623168
84 11 0.675426
84 28 0.665829
84 0 0.752340
84 5 0.762799
84 2 0.785864
84 4 0.794216
84 6 0.828031
84 32 0.802109
84 3 0.896047
84 44 0.826979
84 47 0.887474
84 30 0.964567
84 29 0.969882
84 46 0.937902
84 16 1.020356
84 36 0.987281
84 27 1.011978
84 42 0.984124
84 50 0.982576
84 38 1.017024
84 15 1.084675
84 23 1.074275
84 40 1.063808
84 48 1.044584
84 18 1.125198
84 34 1.085328
84 33 1.091864
84 24 1.125194
84 22 1.136295
84 7 1.173029
84 19 1.157051
84 51 1.080438
84 45 1.104528
84 25 1.176700
84 20 1.191335
84 35 1.165153
84 1 1.266461
84 52 1.198415
84 54 1.201034
84 26 1.270483
84 39 1.238867
84 41 1.252579
84 53 1.252066
84 49 1.264748
84 21 1.342990
84 17 1.357461
84 37 1.327046
84 43 1.364971
85 9 0.354224
85 10 0.416919
85 32 0.407789
85 3 0.469672
85 14 0.461208
85 33 0.444495
85 44 0.456070
85 5 0.544884
85 29 0.564616
85 12 0.650595
85 13 0.658139
85 30 0.661585
85 45 0.725883
85 6 0.768022
85 1 0.787231
85 34 0.762309
85 2 0.794527
85 36 0.761482
85 11 0.807340
85 15 0.845853
85 28 0.850142
85 0 0.877739
85 8 0.872953
85 4 0.876363
85 22 0.885989
85 37 0.868745
85 31 0.894684
85 39 0.925315
85 25 1.032963
85 24 1.035115
85 19 1.041109
85 27 1.032183
85 23 1.038117
85 17 1.046813
85 38 1.029937
85 53 1.013106
85 47 1.021269
85 41 1.057505
85 54 1.090492
85 46 1.107124
85 18 1.140813
85 51 1.122055
85 7 1.176615
85 26 1.187891
85 42 1.176546
85 40 1.183592
85 48 1.186387
85 52 1.188090
85 16 1.245950
85 21 1.248364
85 35 1.239927
85 43 1.236044
85 20 1.264351
85 49 1.241023
85 50 1.280501
86 9 0.342666
86 10 0.432859
86 11 0.502892
86 8 0.520883
86 44 0.580753
86 12 0.672487
86 0 0.745313
86 28 0.714697
86 32 0.748456
86 30 0.751394
86 45 0.888827
86 1 0.938007
86 20 0.922154
86 4 0.943746
86 38 0.904356
86 14 0.934772
86 33 0.933758
86 6 0.968384
86 3 0.999240
86 35 0.996621
86 7 1.055979
86 31 1.051372
86 13 1.075950
86 49 1.034312
86 47 1.051161
86 46 1.071023
86 54 1.073627
86 29 1.102405
86 23 1.128690
86 2 1.155460
86 24 1.129693
86 48 1.116170
86 5 1.214590
86 19 1.203650
86 52 1.183921
86 36 1.212279
86 15 1.243959
86 26 1.229031
86 42 1.213793
86 37 1.224173
86 25 1.254552
86 27 1.264689
86 41 1.284344
86 34 1.323302
86 40 1.317384
86 21 1.338067
86 51 1.321928
86 18 1.370909
86 16 1.398389
86 53 1.366856
86 50 1.378412
86 17 1.446092
86 22 1.457267
86 39 1.453042
86 43 1.487196
87 13 0.343612
87 8 0.352533
87 14 0.395745
87 10 0.434805
87 9 0.460218
87 11 0.508552
87 1 0.663014
87 0 0.700034
87 12 0.589168
87 29 0.523361
87 31 0.517242
87 4 0.721696
87 32 0.533904
87 7 0.711013
87 33 0.566219
87 5 0.790779
87 3 0.810051
87 6 0.784276
87 2 0.827710
87 30 0.639679
87 28 0.682637
87 15 0.785218
87 25 0.806912
87 44 0.425238
87 19 0.847108
87 26 0.886249
87 27 0.892118
87 21 0.962539
87 22 0.992999
87 17 1.037734
87 34 0.804276
87 36 0.735161
87 24 1.062227
87 46 0.583488
87 23 1.083724
87 37 0.725231
87 35 0.835722
87 18 1.134017
87 40 0.758513
87 38 0.772194
87 43 0.771810
87 16 1.193935
87 41 0.828699
87 39 0.845582
87 47 0.734834
87 45 0.738091
87 42 0.867390
87 20 1.318230
87 50 0.715465
87 49 0.716428
87 53 0.715088
87 51 0.736907
87 48 0.825371
87 52 0.754829
87 54 0.770133
88 9 0.429545
88 8 0.431090
88 11 0.443331
88 10 0.449938
88 32 0.496970
88 28 0.537219
88 44 0.576412
88 2 0.629468
88 14 0.659304
88 3 0.681638
88 31 0.681300
88 4 0.723685
88 13 0.723109
88 30 0.704142
88 12 0.726199
88 0 0.764807
88 16 0.860544
88 7 0.880868
88 1 0.895351
88 43 0.931647
88 21 0.993399
88 54 0.994109
88 53 0.998809
88 29 1.028647
88 33 1.032369
88 36 1.045063
88 40 1.063386
88 50 1.063223
88 18 1.122813
88 5 1.144377
88 52 1.098602
88 34 1.117568
88 26 1.146036
88 15 1.174720
88 35 1.155950
88 49 1.149360
88 19 1.187549
88 51 1.199917
88 20 1.268389
88 24 1.288569
88 41 1.273929
88 6 1.329952
88 48 1.290921
88 42 1.306297
88 37 1.319533
88 45 1.318112
88 22 1.377352
88 23 1.376963
88 39 1.361522
88 38 1.362364
88 47 1.368640
88 27 1.410129
88 17 1.467882
88 25 1.460775
88 46 1.478605
89 10 0.401648
89 12 0.440717
89 8 0.457725
89 11 0.446904
89 9 0.471184
89 13 0.458417
89 3 0.654950
89 1 0.671011
89 14 0.625558
89 28 0.692132
89 29 0.770192
89 5 0.851570
89 32 0.838908
89 4 0.938390
89 31 0.887542
89 2 0.998660
89 0 1.032302
89 7 1.056677
89 44 0.965983
89 33 1.046858
89 20 1.110702
89 18 1.156728
89 30 1.185673
89 22 1.238284
89 15 1.275956
89 35 1.252972
89 21 1.309852
89 17 1.323902
89 23 1.317760
89 24 1.320805
89 6 1.414212
89 54 1.266091
89 26 1.393309
89 50 1.317494
89 36 1.391146
89 49 1.346319
89 52 1.355689
89 34 1.450279
89 51 1.382700
89 25 1.473748
89 45 1.434745
89 27 1.495410
89 40 1.470162
89 53 1.414192
89 16 1.534604
89 43 1.475174
89 41 1.495171
89 19 1.565289
89 47 1.487297
89 38 1.551211
89 48 1.539886
89 39 1.591413
89 42 1.588387
89 46 1.580939
89 37 1.643569
90 13 0.304491
90 8 0.393799
90 11 0.430677
90 31 0.518427
90 10 0.587601
90 12 0.586865
90 30 0.576633
90 14 0.617701
90 1 0.643769
90 44 0.587250
90 9 0.648899
90 33 0.728291
90 29 0.753948
90 7 0.785979
90 16 0.809581
90 0 0.833367
90 36 0.785818
90 32 0.792032
90 18 0.807102
90 2 0.835946
90 28 0.813862
90 20 0.824136
90 43 0.817403
90 3 0.911734
90 5 0.908417
90 4 0.910204
90 6 0.934220
90 47 0.889061
90 38 0.924282
90 17 1.004570
90 54 0.967485
90 25 1.028260
90 45 1.020380
90 40 1.068884
90 26 1.109658
90 37 1.103244
90 34 1.108425
90 51 1.098137
90 21 1.150913
90 35 1.136766
90 22 1.161677
90 27 1.162864
90 46 1.146878
90 19 1.202198
90 42 1.187859
90 24 1.233195
90 48 1.211280
90 53 1.212036
90 39 1.251863
90 50 1.256717
90 23 1.292114
90 41 1.293540
90 15 1.334221
90 49 1.293986
90 52 1.289077
91 8 0.371881
91 13 0.507093
91 5 0.604307
91 29 0.614036
91 1 0.712086
91 2 0.716987
91 9 0.774022
91 11 0.771404
91 6 0.846771
91 46 0.814295
91 31 0.838884
91 7 0.904003
91 53 0.879747
91 30 0.934799
91 41 0.929172
91 33 0.952250
91 32 0.953834
91 44 0.954056
91 28 0.999392
91 3 1.055568
91 35 1.028650
91 10 1.060126
91 19 1.062931
91 4 1.083676
91 12 1.088729
91 0 1.103410
91 14 1.104041
91 15 1.127685
91 17 1.139523
91 20 1.157458
91 23 1.164617
91 37 1.165654
91 24 1.187029
91 45 1.166947
91 34 1.188159
91 47 1.196215
91 43 1.228858
91 48 1.238836
91 21 1.271788
91 22 1.278608
91 16 1.290079
91 50 1.281660
91 40 1.305216
91 52 1.306441
91 54 1.307783
91 49 1.316969
91 42 1.366296
91 27 1.387488
91 39 1.376433
91 51 1.370688
91 18 1.413012
91 38 1.405466
91 25 1.461830
91 26 1.496392
91 36 1.523458
92 8 0.437306
92 30 0.604552
92 19 0.627282
92 32 0.708237
92 10 0.729927
92 13 0.728150
92 2 0.759152
92 31 0.755194
92 3 0.796380
92 11 0.805134
92 9 0.807605
92 14 0.861620
92 28 0.848919
92 0 0.940581
92 29 0.916190
92 1 0.940842
92 17 1.009551
92 12 1.014051
92 44 0.870202
92 4 1.053010
92 21 1.108180
92 18 1.112029
92 7 1.120718
92 34 1.095980
92 15 1.154759
92 36 1.144074
92 33 1.161356
92 16 1.229250
92 5 1.400664
92 37 1.379884
92 6 1.424904
92 39 1.403130
92 38 1.411358
92 42 1.310795
92 25 1.474702
92 40 1.468728
92 24 1.492838
92 22 1.515215
92 26 1.518179
92 27 1.531539
92 52 0.934138
92 50 0.962574
92 41 1.542261
92 43 1.462625
92 49 1.150123
92 23 1.625595
92 35 1.612650
92 45 1.307599
92 51 1.055164
92 54 1.012915
92 53 1.035569
92 46 1.345374
92 48 1.284562
92 47 1.357694
92 20 1.792584
93 9 0.593703
93 11 0.758606
93 4 0.946310
93 3 0.981259
93 1 1.017799
93 0 1.026893
93 14 1.017098
93 32 0.999098
93 5 1.118766
93 44 1.104140
93 20 1.130855
93 35 1.180662
93 41 1.201449
93 2 1.241028
93 6 1.278604
93 10 1.275190
93 23 1.321508
93 19 1.329143
93 21 1.327204
93 29 1.331390
93 7 1.353372
93 46 1.313325
93 28 1.349945
93 16 1.365166
93 30 1.350200
93 31 1.350600
93 37 1.355894
93 13 1.383430
93 52 1.360163
93 8 1.416359
93 33 1.415364
93 51 1.388909
93 49 1.403770
93 12 1.473992
93 50 1.437988
93 53 1.544783
93 15 1.613491
93 45 1.602128
93 18 1.677837
93 42 1.657026
93 26 1.709317
93 27 1.727586
93 17 1.747524
93 34 1.737942
93 36 1.776254
93 25 1.801888
93 43 1.847257
93 38 1.865958
93 54 1.862794
93 40 1.886251
93 39 1.973206
93 47 1.975002
93 22 2.002835
93 48 1.987681
93 24 2.040714
94 9 0.424902
94 10 0.477744
94 14 0.547207
94 44 0.556547
94 29 0.681261
94 1 0.773458
94 0 0.786327
94 5 0.855818
94 12 0.899457
94 30 0.906352
94 2 0.930501
94 11 0.966154
94 33 0.945883
94 4 0.999430
94 8 1.048165
94 31 1.028390
94 13 1.094456
94 28 1.081076
94 46 1.061519
94 38 1.082107
94 23 1.121387
94 32 1.123535
94 54 1.120507
94 24 1.195406
94 20 1.244270
94 21 1.290288
94 36 1.285932
94 7 1.314418
94 15 1.317138
94 26 1.305954
94 18 1.315993
94 48 1.295349
94 27 1.320257
94 35 1.324228
94 51 1.334095
94 17 1.416059
94 19 1.427701
94 34 1.418870
94 6 1.453552
94 45 1.424593
94 40 1.456087
94 47 1.469814
94 43 1.474482
94 22 1.497303
94 16 1.519151
94 52 1.496279
94 3 1.564243
94 25 1.553477
94 37 1.625075
94 53 1.638693
94 42 1.680150
94 39 1.762572
94 49 1.760116
94 50 1.807806
94 41 1.890355
95 9 0.408587
95 10 0.420002
95 33 0.517126
95 29 0.629110
95 11 0.662976
95 44 0.758883
95 12 0.791784
95 32 0.772851
95 8 0.796670
95 3 0.849778
95 13 0.868053
95 5 0.895549
95 14 0.895620
95 31 0.932297
95 21 0.984947
95 51 0.983861
95 25 1.043944
95 43 1.048493
95 50 1.048229
95 7 1.092936
95 35 1.092370
95 28 1.137506
95 6 1.159234
95 27 1.155346
95 30 1.176976
95 1 1.265675
95 49 1.231696
95 2 1.283731
95 16 1.274387
95 0 1.288417
95 54 1.241270
95 15 1.285212
95 53 1.259925
95 17 1.309237
95 48 1.285170
95 41 1.300120
95 36 1.325353
95 34 1.339405
95 46 1.327119
95 4 1.395333
95 37 1.369748
95 19 1.391341
95 26 1.390604
95 23 1.401318
95 24 1.412988
95 22 1.423982
95 40 1.414937
95 52 1.410727
95 18 1.455329
95 38 1.442680
95 47 1.457903
95 42 1.469270
95 45 1.498367
95 39 1.535696
95 20 1.588620
96 8 0.414181
96 10 0.458279
96 11 0.470749
96 14 0.466939
96 12 0.482522
96 13 0.502194
96 0 0.647388
96 7 0.710075
96 6 0.736195
96 44 0.690206
96 1 0.846998
96 2 0.907132
96 16 0.884222
96 9 0.895716
96 20 0.913608
96 30 0.893975
96 28 0.919350
96 38 0.907820
96 4 0.976660
96 42 0.905383
96 32 0.929432
96 33 0.935011
96 5 1.000637
96 50 0.937949
96 15 1.036322
96 18 1.054595
96 23 1.066988
96 3 1.112442
96 17 1.085262
96 31 1.067302
96 47 1.039194
96 52 1.043892
96 29 1.122708
96 24 1.140199
96 36 1.122815
96 54 1.101939
96 39 1.151396
96 46 1.156101
96 48 1.192222
96 45 1.209549
96 40 1.241499
96 25 1.311550
96 22 1.331133
96 37 1.316263
96 43 1.333703
96 51 1.309451
96 35 1.344525
96 26 1.382372
96 53 1.369654
96 34 1.444089
96 27 1.476997
96 21 1.522260
96 49 1.468834
96 41 1.498644
96 19 1.585066
97 8 0.467502
97 10 0.516406
97 30 0.536949
97 9 0.627682
97 21 0.636929
97 0 0.686511
97 1 0.686703
97 32 0.662923
97 5 0.756349
97 3 0.796102
97 44 0.759459
97 13 0.791174
97 29 0.784150
97 31 0.857569
97 11 0.903896
97 19 0.898857
97 38 0.971657
97 33 0.988621
97 24 1.036059
97 2 1.063200
97 22 1.049548
97 51 1.016525
97 28 1.073158
97 27 1.084250
97 7 1.122641
97 14 1.237972
97 48 1.207763
97 41 1.215570
97 6 1.248775
97 47 1.211546
97 40 1.218832
97 12 1.245998
97 36 1.224447
97 16 1.244011
97 50 1.212173
97 15 1.250277
97 39 1.227845
97 49 1.225642
97 23 1.254010
97 54 1.236596
97 17 1.310919
97 43 1.297667
97 4 1.333607
97 53 1.312458
97 52 1.345276
97 20 1.388904
97 46 1.362107
97 45 1.379317
97 35 1.454122
97 25 1.494409
97 34 1.491383
97 18 1.516916
97 37 1.527140
97 42 1.534097
97 26 1.557858
98 9 0.503356
98 31 0.684863
98 12 0.750462
98 0 0.788291
98 11 0.805652
98 3 0.841139
98 34 0.854951
98 44 0.896074
98 6 0.934732
98 13 1.008849
98 8 1.012624
98 5 1.081144
98 2 1.176078
98 16 1.225089
98 45 1.193337
98 10 1.263573
98 50 1.219664
98 30 1.280427
98 32 1.387979
98 28 1.393246
98 51 1.384869
98 29 1.439401
98 43 1.435122
98 14 1.467053
98 22 1.460968
98 49 1.426944
98 27 1.456296
98 46 1.435219
98 33 1.449797
98 54 1.438829
98 42 1.506352
98 35 1.527319
98 47 1.529528
98 1 1.575539
98 53 1.621971
98 26 1.656825
98 48 1.628641
98 40 1.642186
98 24 1.692875
98 7 1.717297
98 39 1.687395
98 25 1.741734
98 18 1.761547
98 17 1.772362
98 52 1.817858
98 4 1.869402
98 38 1.857311
98 37 1.870081
98 23 1.904759
98 20 1.918218
98 36 1.937017
98 19 2.020987
98 41 2.004874
98 21 2.043013
98 15 2.124422
99 9 0.562745
99 13 0.600478
99 8 0.617329
99 10 0.619351
99 11 0.873709
99 32 0.962404
99 28 0.986819
99 44 0.961718
99 3 1.094113
99 1 1.096320
99 0 1.133430
99 5 1.161569
99 47 1.147391
99 37 1.164779
99 31 1.174390
99 30 1.265991
99 41 1.251495
99 2 1.297267
99 38 1.293629
99 50 1.298065
99 33 1.398636
99 4 1.465160
99 35 1.450354
99 29 1.494320
99 12 1.514695
99 22 1.505847
99 42 1.499244
99 39 1.507055
99 53 1.501435
99 21 1.575905
99 14 1.597030
99 23 1.587671
99 24 1.620239
99 20 1.653785
99 19 1.677127
99 52 1.683021
99 46 1.691583
99 6 1.756206
99 27 1.760173
99 17 1.785947
99 49 1.766856
99 43 1.798448
99 18 1.848809
99 15 1.872283
99 45 1.841808
99 48 1.840515
99 26 1.981242
99 34 1.971063
99 7 2.002551
99 40 1.965550
99 16 1.997505
99 54 1.986308
99 51 2.002832
99 25 2.052293
99 36 2.063590
100 8 0.317048
100 13 0.422225
100 11 0.464313
100 9 0.510057
100 10 0.496510
100 3 0.573945
100 12 0.499403
100 0 0.646459
100 14 0.466172
100 5 0.682586
100 1 0.755290
100 2 0.792872
100 28 0.345613
100 29 0.342665
100 7 0.875759
100 31 0.319044
100 4 0.906007
100 30 0.356537
100 33 0.397229
100 32 0.406095
100 44 0.404688
100 16 0.893268
100 19 0.856508
100 25 0.684198
100 21 0.847617
100 17 0.970523
100 20 0.935126
100 27 0.795193
100 22 0.886921
100 18 1.010858
100 15 1.155448
100 6 1.339501
100 24 0.861907
100 26 0.856896
100 23 0.892506
100 50 0.637466
100 42 0.723016
100 39 0.849375
100 51 0.719410
100 48 0.761217
100 54 0.686956
100 38 0.908570
100 41 0.866188
100 35 0.932569
100 40 0.911238
100 52 0.773438
100 49 0.853228
100 47 0.856135
100 43 0.916545
100 34 1.069400
100 45 0.962489
100 36 1.043014
100 53 0.881247
100 37 1.090072
100 46 1.147951
101 9 0.401495
101 8 0.440047
101 11 0.494150
101 5 0.641981
101 31 0.680866
101 1 0.720123
101 12 0.713892
101 28 0.748899
101 4 0.845608
101 0 0.849580
101 30 0.823887
101 13 0.842514
101 44 0.808227
101 6 0.848122
101 14 0.843134
101 2 0.851781
101 3 1.013517
101 19 1.003083
101 40 0.976723
101 39 0.981318
101 54 0.968648
101 32 1.010358
101 49 1.045749
101 33 1.068909
101 25 1.081652
101 29 1.107528
101 10 1.127207
101 48 1.089507
101 7 1.146695
101 43 1.157211
101 45 1.167444
101 46 1.230924
101 36 1.244036
101 38 1.251291
101 47 1.243401
101 42 1.260716
101 20 1.291108
101 51 1.275147
101 18 1.325047
101 52 1.310731
101 41 1.331002
101 53 1.334506
101 50 1.364017
101 16 1.404567
101 37 1.393846
101 35 1.411621
101 24 1.457557
101 21 1.463917
101 22 1.482488
101 27 1.485431
101 23 1.584839
101 26 1.579820
101 17 1.592355
101 15 1.593985
101 34 1.573121
102 13 0.382677
102 8 0.470299
102 11 0.467924
102 10 0.469515
102 9 0.481019
102 14 0.513861
102 12 0.516254
102 0 0.640167
102 1 0.640548
102 3 0.696393
102 44 0.609957
102 4 0.701315
102 2 0.735241
102 28 0.760458
102 29 0.788600
102 7 0.856782
102 5 0.873850
102 6 0.869261
102 32 0.828584
102 17 0.896985
102 30 0.960284
102 18 1.007842
102 26 1.034664
102 54 0.991558
102 38 1.034976
102 31 1.048024
102 33 1.051881
102 15 1.132899
102 20 1.131600
102 21 1.131579
102 36 1.115748
102 45 1.147309
102 43 1.196343
102 46 1.202754
102 42 1.213727
102 34 1.240393
102 22 1.273581
102 23 1.271406
102 24 1.269812
102 47 1.227916
102 52 1.217049
102 49 1.222892
102 25 1.293825
102 40 1.273368
102 50 1.267021
102 39 1.302809
102 16 1.364661
102 48 1.313103
102 51 1.330468
102 53 1.330666
102 37 1.370365
102 41 1.366703
102 35 1.374744
102 27 1.415484
102 19 1.483280
103 9 0.454985
103 13 0.497770
103 10 0.542449
103 44 0.546025
103 11 0.603284
103 32 0.643720
103 29 0.699636
103 0 0.727135
103 3 0.765767
103 8 0.779446
103 2 0.784390
103 19 0.807524
103 7 0.866535
103 1 0.871120
103 12 0.981478
103 31 1.024105
103 30 1.050748
103 45 1.034156
103 6 1.088365
103 43 1.070195
103 28 1.087253
103 41 1.073532
103 5 1.223388
103 36 1.194934
103 23 1.209455
103 20 1.214395
103 27 1.205419
103 14 1.220452
103 35 1.198835
103 33 1.201578
103 16 1.249848
103 15 1.272908
103 4 1.291796
103 21 1.279126
103 48 1.249647
103 24 1.287509
103 42 1.278714
103 53 1.274179
103 37 1.307953
103 54 1.299785
103 18 1.386960
103 22 1.397484
103 40 1.390644
103 46 1.385516
103 25 1.419336
103 17 1.444109
103 26 1.448973
103 34 1.450789
103 51 1.440672
103 52 1.440619
103 50 1.467857
103 49 1.480265
103 39 1.512003
103 47 1.556225
103 38 1.647078
104 10 0.458296
104 8 0.551667
104 9 0.597270
104 12 0.574007
104 0 0.666670
104 14 0.616569
104 1 0.683962
104 3 0.714405
104 11 0.674395
104 4 0.745975
104 6 0.777117
104 5 0.790868
104 2 0.797797
104 7 0.838526
104 13 0.794490
104 28 0.526252
104 33 0.439312
104 29 0.597300
104 31 0.519685
104 30 0.569150
104 17 0.952667
104 19 0.952385
104 16 1.003603
104 21 1.010059
104 18 1.057889
104 24 1.074847
104 32 0.711555
104 44 0.449828
104 22 1.118081
104 23 1.159087
104 26 1.157548
104 15 1.303909
104 25 1.248661
104 20 1.312931
104 27 1.178638
104 51 0.635789
104 37 0.832081
104 38 0.722941
104 36 0.853264
104 43 0.722810
104 47 0.720391
104 45 0.739373
104 48 0.717208
104 40 0.748089
104 34 0.943153
104 52 0.733531
104 53 0.736409
104 35 0.968245
104 41 0.800765
104 42 0.801111
104 54 0.764157
104 50 0.769697
104 39 0.822459
104 49 0.813225
104 46 0.857444
105 11 0.440558
105 0 0.496748
105 9 0.456727
105 10 0.493157
105 8 0.506517
105 12 0.505757
105 14 0.526891
105 13 0.664767
105 1 0.729101
105 3 0.857347
105 6 0.834208
105 30 0.777072
105 4 0.911168
105 2 0.923554
105 32 0.827205
105 29 0.857220
105 31 0.851887
105 5 0.967762
105 16 1.053826
105 44 0.675086
105 28 1.016973
105 18 1.108666
105 15 1.144107
105 7 1.162843
105 33 1.107140
105 17 1.190751
105 36 1.115532
105 51 0.732410
105 40 0.956530
105 22 1.326743
105 20 1.375032
105 24 1.407177
105 34 1.395520
105 26 1.456092
105 19 1.519179
105 25 1.484358
105 45 1.114441
105 35 1.489493
105 21 1.571742
105 43 1.265760
105 53 1.034305
105 54 1.044049
105 48 1.186841
105 37 1.516354
105 23 1.608568
105 39 1.421632
105 38 1.482912
105 47 1.223359
105 52 1.186270
105 46 1.237457
105 41 1.375596
105 27 1.650292
105 42 1.386944
105 50 1.297899
105 49 1.381784
106 8 0.537729
106 11 0.590963
106 9 0.594245
106 10 0.779268
106 14 0.776822
106 29 0.862401
106 28 0.905827
106 12 0.930588
106 51 0.880294
106 7 0.945308
106 4 0.987353
106 2 1.024196
106 6 1.022209
106 44 1.038720
106 1 1.082256
106 31 1.055050
106 3 1.118077
106 13 1.172361
106 32 1.195864
106 33 1.207550
106 16 1.233202
106 40 1.233741
106 5 1.272145
106 30 1.265213
106 53 1.230535
106 47 1.243809
106 38 1.370722
106 21 1.404310
106 19 1.421355
106 0 1.456783
106 17 1.463570
106 23 1.459106
106 52 1.425796
106 20 1.493798
106 50 1.490414
106 25 1.541955
106 54 1.503778
106 24 1.551309
106 36 1.535927
106 42 1.546857
106 18 1.582190
106 27 1.601091
106 49 1.590867
106 46 1.607259
106 43 1.624887
106 48 1.619623
106 15 1.665134
106 22 1.698144
106 35 1.692171
106 26 1.711681
106 34 1.708912
106 37 1.723545
106 45 1.722262
106 39 1.731621
106 41 1.744291
107 9 0.531639
107 29 0.527391
107 13 0.575845
107 32 0.696018
107 1 0.756435
107 0 0.775129
107 5 0.850279
107 44 0.843058
107 30 0.910548
107 11 0.983807
107 31 0.982213
107 43 0.997846
107 12 1.052569
107 14 1.052117
107 4 1.061501
107 10 1.090365
107 49 1.044962
107 41 1.058968
107 39 1.075843
107 28 1.115285
107 2 1.207641
107 35 1.176218
107 15 1.199004
107 8 1.244782
107 3 1.249219
107 40 1.211554
107 33 1.220535
107 51 1.199087
107 25 1.247058
107 20 1.265650
107 42 1.329105
107 23 1.374753
107 7 1.459430
107 53 1.421374
107 19 1.466547
107 17 1.481681
107 38 1.469209
107 26 1.607756
107 50 1.576290
107 47 1.580150
107 6 1.628173
107 54 1.572230
107 45 1.584836
107 36 1.599086
107 16 1.621869
107 34 1.601851
107 52 1.578622
107 48 1.595214
107 22 1.655687
107 37 1.662050
107 21 1.696231
107 18 1.700097
107 24 1.717443
107 27 1.714223
107 46 1.717513
108 10 0.453144
108 9 0.469155
108 11 0.465830
108 8 0.517570
108 13 0.525274
108 12 0.553100
108 14 0.559402
108 32 0.700508
108 2 0.978325
108 3 1.004575
108 30 0.955424
108 4 1.056865
108 5 1.051258
108 0 1.095367
108 29 1.188119
108 31 1.219697
108 44 1.270482
108 1 1.368819
108 7 1.439190
108 26 1.429141
108 6 1.465943
108 43 1.407209
108 25 1.451804
108 40 1.433207
108 18 1.459150
108 15 1.482598
108 28 1.475484
108 52 1.427533
108 41 1.480344
108 54 1.452240
108 51 1.489619
108 24 1.573378
108 36 1.567083
108 53 1.528867
108 33 1.594084
108 16 1.622686
108 35 1.681891
108 46 1.675813
108 22 1.742213
108 45 1.728705
108 20 1.804886
108 27 1.811336
108 47 1.782525
108 48 1.789808
108 50 1.843971
108 37 1.886199
108 34 1.897195
108 49 1.911516
108 19 1.991854
108 21 2.002423
108 17 2.021323
108 23 2.056867
108 39 2.060468
108 38 2.195427
108 42 2.203183
109 10 0.610028
109 30 0.627473
109 11 0.686346
109 44 0.719137
109 3 0.787483
109 8 0.807767
109 6 0.828045
109 31 0.815692
109 13 0.856866
109 9 0.879577
109 5 0.893033
109 0 0.914476
109 28 0.924471
109 29 0.931655
109 50 0.905996
109 40 0.967280
109 21 0.987484
109 32 1.046084
109 33 1.101305
109 7 1.145073
109 4 1.150569
109 27 1.143633
109 14 1.175400
109 47 1.159985
109 12 1.210628
109 2 1.231699
109 43 1.217467
109 46 1.214816
109 1 1.280677
109 22 1.308259
109 38 1.308548
109 49 1.300039
109 53 1.296291
109 42 1.317987
109 34 1.327287
109 51 1.346552
109 18 1.395943
109 26 1.398710
109 45 1.384819
109 16 1.421210
109 48 1.386254
109 15 1.424654
109 35 1.409699
109 23 1.429833
109 52 1.396575
109 36 1.419425
109 39 1.420689
109 17 1.466293
109 37 1.463417
109 25 1.486950
109 24 1.500275
109 20 1.508951
109 41 1.500556
109 54 1.491732
109 19 1.561465
110 10 0.563730
110 29 0.689767
110 44 0.722776
110 0 0.869342
110 33 0.860567
110 13 0.893601
110 32 0.934626
110 9 0.965110
110 42 0.950591
110 6 0.985677
110 30 1.064755
110 12 1.082558
110 4 1.112377
110 31 1.089219
110 8 1.111089
110 50 1.067093
110 14 1.138928
110 11 1.141299
110 28 1.126398
110 46 1.190772
110 52 1.182311
110 1 1.236033
110 54 1.249484
110 5 1.323093
110 15 1.361119
110 45 1.343013
110 25 1.378670
110 2 1.407273
110 47 1.375580
110 36 1.397623
110 27 1.439514
110 20 1.449281
110 48 1.423309
110 18 1.469460
110 16 1.491706
110 37 1.470718
110 3 1.523079
110 21 1.520775
110 7 1.555034
110 26 1.562691
110 24 1.578705
110 34 1.567361
110 40 1.568852
110 41 1.590482
110 17 1.625319
110 39 1.602453
110 49 1.599750
110 43 1.610857
110 22 1.633912
110 35 1.652532
110 38 1.659743
110 51 1.642566
110 53 1.641769
110 23 1.739425
110 19 1.776339
111 10 0.643284
111 3 0.649228
111 14 0.641346
111 9 0.645945
111 2 0.661274
111 31 0.711288
111 7 0.767211
111 0 0.788308
111 5 0.795687
111 1 0.843741
111 4 0.875313
111 6 0.874264
111 28 0.855194
111 33 0.873087
111 29 0.918908
111 54 0.885473
111 25 0.941261
111 11 0.972381
111 13 1.014416
111 21 1.018322
111 41 1.005204
111 30 1.037497
111 44 1.024118
111 12 1.059012
111 34 1.061095
111 8 1.113551
111 32 1.109668
111 53 1.080649
111 17 1.175538
111 15 1.184459
111 19 1.220504
111 47 1.194266
111 18 1.246761
111 22 1.257211
111 38 1.251490
111 16 1.303060
111 42 1.296834
111 23 1.318604
111 43 1.312040
111 39 1.326145
111 46 1.320606
111 52 1.313435
111 45 1.331767
111 49 1.334454
111 51 1.332876
111 20 1.431808
111 35 1.422657
111 27 1.432142
111 36 1.443606
111 50 1.429107
111 48 1.472052
111 26 1.503107
111 37 1.527667
111 24 1.548086
111 40 1.547789
112 8 0.506871
112 11 0.586328
112 9 0.597325
112 13 0.811269
112 14 0.866704
112 31 0.903916
112 30 0.934122
112 10 0.995357
112 5 1.189995
112 2 1.192630
112 40 1.187898
112 6 1.254143
112 12 1.249563
112 29 1.231202
112 25 1.274829
112 7 1.311319
112 45 1.336659
112 28 1.410047
112 52 1.375781
112 32 1.453267
112 44 1.440669
112 33 1.520736
112 0 1.558305
112 50 1.498167
112 38 1.518518
112 39 1.520581
112 26 1.556078
112 17 1.623997
112 1 1.651376
112 51 1.589981
112 42 1.704800
112 48 1.694416
112 23 1.735416
112 47 1.696498
112 54 1.689404
112 4 1.768055
112 27 1.744085
112 3 1.782836
112 46 1.728609
112 15 1.787371
112 22 1.781662
112 35 1.787485
112 43 1.789935
112 37 1.863522
112 49 1.860063
112 19 1.919253
112 41 1.889194
112 24 1.929405
112 34 1.914908
112 53 1.902554
112 36 1.953261
112 20 2.002372
112 18 2.030465
112 16 2.033994
112 21 2.253554
113 9 0.508395
113 8 0.672413
113 14 0.701338
113 11 0.722052
113 33 0.728145
113 31 0.749714
113 7 0.828618
113 29 0.826552
113 3 0.870305
113 1 0.884335
113 13 0.913777
113 10 0.964714
113 41 0.965003
113 49 1.051480
113 48 1.086403
113 28 1.116371
113 32 1.143886
113 39 1.152912
113 44 1.168038
113 12 1.201565
113 40 1.205665
113 0 1.274563
113 5 1.270850
113 35 1.241693
113 30 1.256811
113 17 1.322617
113 51 1.293275
113 52 1.308989
113 54 1.318060
113 45 1.341070
113 21 1.371301
113 19 1.380197
113 42 1.358849
113 4 1.405385
113 24 1.402399
113 37 1.395954
113 15 1.459302
113 2 1.494213
113 6 1.497820
113 50 1.468589
113 27 1.506301
113 26 1.570731
113 47 1.564916
113 53 1.574709
113 16 1.632295
113 36 1.621561
113 22 1.654028
113 18 1.671551
113 34 1.662369
113 43 1.658632
113 23 1.735456
113 38 1.731156
113 20 1.753581
113 25 1.763986
113 46 1.770833
114 10 0.438425
114 8 0.505932
114 11 0.534277
114 14 0.554353
114 13 0.571322
114 12 0.624762
114 0 0.669668
114 9 0.664031
114 3 0.748030
114 1 0.810308
114 32 0.829974
114 5 0.909766
114 31 0.911733
114 2 1.025317
114 44 0.932116
114 29 1.017483
114 7 1.075289
114 28 1.084420
114 4 1.196880
114 16 1.176412
114 33 1.138803
114 6 1.253887
114 30 1.308001
114 18 1.350919
114 15 1.433716
114 40 1.375683
114 24 1.461749
114 46 1.405218
114 48 1.427855
114 19 1.522174
114 51 1.424949
114 22 1.541257
114 37 1.567742
114 53 1.526427
114 36 1.646198
114 26 1.680873
114 54 1.539678
114 34 1.666782
114 45 1.645505
114 21 1.708471
114 17 1.725611
114 43 1.664980
114 39 1.690090
114 25 1.739164
114 52 1.661573
114 35 1.764797
114 50 1.710878
114 20 1.840728
114 27 1.846457
114 23 1.860788
114 49 1.782369
114 42 1.819892
114 47 1.852698
114 41 1.907987
114 38 2.063608
115 9 0.409738
115 8 0.444343
115 13 0.532062
115 31 0.613279
115 44 0.620809
115 29 0.652406
115 32 0.668228
115 28 0.698453
115 33 0.743526
115 2 0.780776
115 1 0.847674
115 5 0.856283
115 25 0.843338
115 14 0.854224
115 11 0.857464
115 3 0.863577
115 20 0.895092
115 39 0.968868
115 40 0.990584
115 21 1.025813
115 10 1.048887
115 47 1.072997
115 19 1.112925
115 51 1.075195
115 45 1.102995
115 30 1.119928
115 43 1.130007
115 27 1.147628
115 17 1.168901
115 53 1.137700
115 49 1.143489
115 12 1.237123
115 34 1.247626
115 7 1.280985
115 52 1.247883
115 46 1.267576
115 23 1.302325
115 36 1.287587
115 38 1.296006
115 37 1.315924
115 6 1.355384
115 41 1.323629
115 15 1.351037
115 24 1.355451
115 26 1.353493
115 48 1.328710
115 35 1.346367
115 42 1.347692
115 16 1.384886
115 54 1.342281
115 22 1.391020
115 4 1.411625
115 0 1.417003
115 18 1.421638
115 50 1.407530
116 8 0.541284
116 14 0.560488
116 44 0.520586
116 30 0.612434
116 13 0.661095
116 10 0.663973
116 9 0.812533
116 12 0.850033
116 6 0.855708
116 33 0.827439
116 0 0.863445
116 11 0.981850
116 2 0.990929
116 28 1.008185
116 4 1.113668
116 43 1.071044
116 32 1.089696
116 31 1.104917
116 3 1.149908
116 16 1.184460
116 51 1.164986
116 23 1.249197
116 26 1.294851
116 29 1.305983
116 41 1.316549
116 20 1.362183
116 5 1.375434
116 46 1.326929
116 42 1.337379
116 39 1.458071
116 52 1.438511
116 25 1.478856
116 48 1.445172
116 53 1.439547
116 38 1.472841
116 34 1.478598
116 47 1.460167
116 7 1.535285
116 40 1.509548
116 17 1.541362
116 54 1.501665
116 22 1.557318
116 37 1.551198
116 24 1.581045
116 1 1.622593
116 36 1.587575
116 50 1.578498
116 35 1.619475
116 49 1.609514
116 15 1.738608
116 19 1.746305
116 21 1.762834
116 18 1.778445
116 27 1.767489
116 45 1.775433
117 28 0.546139
117 8 0.668210
117 10 0.711863
117 44 0.950394
117 13 1.082389
117 14 1.082842
117 29 1.139661
117 4 1.166759
117 6 1.166236
117 5 1.175122
117 3 1.252372
117 31 1.224120
117 1 1.254767
117 9 1.250151
117 7 1.252422
117 12 1.291335
117 33 1.286798
117 11 1.312626
117 30 1.413278
117 37 1.409090
117 42 1.404213
117 32 1.491640
117 53 1.497706
117 54 1.520617
117 50 1.535528
117 27 1.585587
117 48 1.580486
117 35 1.617487
117 0 1.653623
117 45 1.619074
117 41 1.749545
117 52 1.735254
117 51 1.737341
117 46 1.743067
117 2 1.794782
117 22 1.832801
117 20 1.836074
117 49 1.815757
117 24 1.852028
117 19 1.898169
117 26 1.888329
117 38 1.889754
117 21 1.910436
117 15 1.934163
117 39 1.920941
117 34 1.927152
117 25 1.954637
117 18 1.966777
117 47 1.938073
117 23 2.006499
117 43 2.007559
117 17 2.094534
117 40 2.066523
117 36 2.192996
117 16 2.218903
118 8 0.511368
118 11 0.509768
118 12 0.525417
118 9 0.595605
118 10 0.595325
118 13 0.919530
118 30 1.197834
118 0 1.226343
118 3 1.225279
118 44 1.183037
118 28 1.204065
118 32 1.198388
118 6 1.245085
118 33 1.252797
118 5 1.282142
118 29 1.359582
118 38 1.349109
118 47 1.334661
118 16 1.377425
118 25 1.401864
118 14 1.413850
118 54 1.360599
118 41 1.405150
118 31 1.459931
118 51 1.431461
118 50 1.434344
118 4 1.508620
118 1 1.562753
118 48 1.524299
118 36 1.545001
118 2 1.607266
118 46 1.583459
118 18 1.640710
118 34 1.620070
118 43 1.635169
118 27 1.669185
118 23 1.689881
118 49 1.655568
118 26 1.724415
118 7 1.755461
118 53 1.711959
118 21 1.771874
118 22 1.783872
118 17 1.823329
118 52 1.785975
118 20 1.832593
118 37 1.835593
118 45 1.824856
118 39 1.848897
118 40 1.871754
118 35 1.878034
118 24 1.893281
118 42 1.882133
118 15 1.949660
118 19 2.082031
119 11 0.616467
119 31 0.820272
119 8 0.886943
119 30 0.873476
119 44 0.910990
119 0 0.970487
119 14 0.962717
119 3 1.011892
119 13 1.043725
119 32 1.033753
119 7 1.105328
119 9 1.122774
119 29 1.146930
119 5 1.168584
119 40 1.149493
119 21 1.213772
119 39 1.202473
119 48 1.255242
119 52 1.280081
119 1 1.361563
119 51 1.310003
119 10 1.356701
119 41 1.350923
119 33 1.364393
119 27 1.381004
119 25 1.383692
119 15 1.395065
119 12 1.439769
119 28 1.425407
119 24 1.468908
119 49 1.457110
119 19 1.534080
119 46 1.503305
119 42 1.537625
119 6 1.580736
119 45 1.587138
119 35 1.603772
119 4 1.640844
119 17 1.645944
119 2 1.661484
119 36 1.677650
119 23 1.699227
119 54 1.701094
119 38 1.723754
119 22 1.772186
119 53 1.735011
119 47 1.745065
119 18 1.788563
119 43 1.774314
119 26 1.808523
119 37 1.797307
119 50 1.807191
119 34 1.835065
119 20 1.857133
119 16 1.927098
120 9 0.652056
120 10 0.704233
120 11 0.713604
120 8 0.760175
120 12 0.867099
120 13 0.966857
120 14 0.969134
120 0 1.204966
120 31 1.151845
120 3 1.283756
120 32 1.232219
120 4 1.377695
120 7 1.477652
120 6 1.532323
120 16 1.609682
120 28 1.578995
120 22 1.592526
120 25 1.668218
120 34 1.718849
120 29 1.725746
120 40 1.722414
120 1 1.789912
120 21 1.786311
120 45 1.738951
120 24 1.805801
120 35 1.789467
120 30 1.822784
120 33 1.818766
120 2 1.897515
120 44 1.822012
120 15 1.905867
120 23 1.901187
120 20 1.930535
120 5 1.958529
120 41 1.991549
120 42 1.989416
120 52 1.925814
120 49 2.019775
120 17 2.091996
120 47 2.046336
120 37 2.089195
120 26 2.129755
120 27 2.146293
120 36 2.133803
120 38 2.150350
120 18 2.213590
120 54 2.002061
120 50 2.163326
120 51 2.168719
120 39 2.230496
120 19 2.287619
120 43 2.258106
120 48 2.281061
120 53 2.224544
120 46 2.382095
