21 1 0.181314
21 0 0.184712
21 4 0.206665
21 3 0.228317
21 2 0.229733
21 5 0.223701
21 6 0.233372
21 9 0.158927
21 7 0.223989
21 8 0.186832
21 10 0.086503
21 11 0.078325
21 12 0.068390
21 13 0.090693
21 14 0.133518
21 18 0.109213
21 15 0.133566
21 17 0.149393
21 19 0.154644
21 21 0.148805
21 24 0.157302
21 22 0.166065
21 20 0.213115
21 29 0.197228
21 53 0.170166
21 33 0.195308
21 25 0.216803
21 49 0.183220
21 51 0.188633
21 32 0.212677
21 28 0.229922
21 26 0.240984
21 47 0.211878
21 50 0.209587
21 27 0.241558
21 46 0.215160
21 30 0.236003
21 55 0.207605
21 23 0.251550
21 45 0.231497
21 31 0.245890
21 42 0.239413
21 48 0.225077
21 52 0.219494
21 56 0.221866
21 16 0.274095
21 43 0.240486
21 44 0.247042
21 36 0.265140
21 40 0.262254
21 41 0.261513
21 54 0.250970
21 34 0.296451
21 39 0.359519
21 35 0.462863
21 37 0.469404
21 38 0.473744
22 3 0.129878
22 0 0.137740
22 2 0.158126
22 1 0.175497
22 4 0.176513
22 5 0.176528
22 6 0.190056
22 9 0.199280
22 8 0.201233
22 7 0.206299
22 11 0.206000
22 10 0.219017
22 14 0.225510
22 15 0.255246
22 17 0.273900
22 33 0.260065
22 32 0.261501
22 31 0.264662
22 12 0.295619
22 18 0.290064
22 25 0.280015
22 54 0.238148
22 19 0.291520
22 21 0.288307
22 27 0.281293
22 29 0.275270
22 44 0.266295
22 47 0.263095
22 23 0.302071
22 52 0.256379
22 48 0.265170
22 24 0.303828
22 30 0.294990
22 50 0.263674
22 28 0.301488
22 55 0.258450
22 43 0.279337
22 16 0.325353
22 41 0.288790
22 53 0.266936
22 13 0.330411
22 56 0.266774
22 42 0.299834
22 46 0.294003
22 45 0.296668
22 22 0.332867
22 51 0.286124
22 40 0.309606
22 20 0.339569
22 49 0.295449
22 26 0.332042
22 36 0.330845
22 34 0.355624
22 39 0.382275
22 38 0.399559
22 37 0.461698
22 35 0.471720
23 0 0.143557
23 2 0.142350
23 4 0.147464
23 5 0.154149
23 3 0.174390
23 6 0.185045
23 1 0.197275
23 9 0.194702
23 7 0.200909
23 10 0.208263
23 14 0.240931
23 8 0.246136
23 29 0.231835
23 11 0.250029
23 13 0.269638
23 12 0.271799
23 28 0.260147
23 32 0.257923
23 31 0.259050
23 48 0.239283
23 18 0.277182
23 30 0.264568
23 50 0.243549
23 45 0.249024
23 52 0.242793
23 16 0.282895
23 21 0.278772
23 20 0.280823
23 41 0.257159
23 15 0.285799
23 26 0.275067
23 56 0.241854
23 22 0.279807
23 19 0.283468
23 25 0.277605
23 23 0.279553
23 17 0.286332
23 33 0.269684
23 27 0.276068
23 42 0.259886
23 49 0.254988
23 53 0.253595
23 40 0.268741
23 46 0.262152
23 44 0.265499
23 47 0.262121
23 43 0.267837
23 54 0.257127
23 24 0.291211
23 51 0.261982
23 55 0.267949
23 36 0.307499
23 34 0.333819
23 39 0.378255
23 38 0.461259
23 37 0.470126
23 35 0.474457
24 0 0.141965
24 1 0.141585
24 2 0.148977
24 3 0.150132
24 7 0.138447
24 4 0.172035
24 6 0.143272
24 8 0.160198
24 5 0.176760
24 12 0.136422
24 13 0.145727
24 14 0.146936
24 15 0.162474
24 17 0.126871
24 16 0.177431
24 10 0.198713
24 9 0.220137
24 11 0.201506
24 19 0.164996
24 23 0.161100
24 20 0.185835
24 18 0.190760
24 24 0.168141
24 45 0.163174
24 31 0.200476
24 33 0.203383
24 28 0.213736
24 43 0.192137
24 53 0.173211
24 55 0.181525
24 50 0.188755
24 49 0.193815
24 41 0.210999
24 25 0.244899
24 21 0.268953
24 47 0.199692
24 22 0.271091
24 29 0.244333
24 27 0.247580
24 32 0.243408
24 51 0.201932
24 54 0.199177
24 30 0.249875
24 48 0.211916
24 46 0.214516
24 44 0.219174
24 52 0.205178
24 56 0.211276
24 40 0.244392
24 26 0.276015
24 42 0.255122
24 36 0.293564
24 34 0.321895
24 39 0.337078
24 38 0.419138
24 35 0.490341
24 37 0.498591
25 16 0.153915
25 12 0.198352
25 13 0.200011
25 3 0.211080
25 9 0.210309
25 8 0.211734
25 7 0.223245
25 0 0.231775
25 14 0.220956
25 2 0.237593
25 15 0.231068
25 11 0.248915
25 1 0.265477
25 10 0.262210
25 6 0.273765
25 5 0.276395
25 17 0.255963
25 20 0.244647
25 4 0.315825
25 18 0.284009
25 42 0.240321
25 50 0.189770
25 48 0.215087
25 26 0.308339
25 22 0.337867
25 23 0.325593
25 52 0.199351
25 25 0.324969
25 46 0.247608
25 19 0.362137
25 54 0.203822
25 33 0.292546
25 45 0.256359
25 29 0.319629
25 27 0.328501
25 30 0.303617
25 28 0.328977
25 40 0.285451
25 32 0.309367
25 24 0.347865
25 31 0.312129
25 51 0.227450
25 21 0.380586
25 47 0.273727
25 49 0.252561
25 44 0.292449
25 53 0.247649
25 36 0.341805
25 56 0.260169
25 43 0.330376
25 55 0.270378
25 41 0.335723
25 34 0.361885
25 38 0.452510
25 39 0.454832
25 35 0.585331
25 37 0.594556
26 3 0.084714
26 5 0.082442
26 1 0.114342
26 0 0.119842
26 2 0.127444
26 6 0.131255
26 8 0.159426
26 7 0.161893
26 4 0.179911
26 9 0.173319
26 10 0.172139
26 11 0.181939
26 12 0.175018
26 13 0.192801
26 17 0.194822
26 14 0.208280
26 20 0.203605
26 21 0.202628
26 19 0.212301
26 16 0.222067
26 22 0.217047
26 15 0.232512
26 23 0.209019
26 33 0.209608
26 29 0.224564
26 27 0.232507
26 31 0.233284
26 25 0.242029
26 48 0.169721
26 53 0.157498
26 43 0.196052
26 45 0.181354
26 47 0.183071
26 18 0.299139
26 24 0.286166
26 41 0.235364
26 52 0.193993
26 26 0.287603
26 30 0.282038
26 32 0.280855
26 50 0.203545
26 54 0.195491
26 40 0.245898
26 44 0.222178
26 28 0.290986
26 49 0.228515
26 56 0.213822
26 46 0.238762
26 42 0.266581
26 55 0.221563
26 51 0.242764
26 36 0.319468
26 34 0.327904
26 39 0.402362
26 38 0.426167
26 37 0.539921
26 35 0.573102
27 6 0.128158
27 3 0.144059
27 0 0.154660
27 5 0.146274
27 2 0.148829
27 1 0.168304
27 7 0.165800
27 4 0.186921
27 8 0.196681
27 10 0.192961
27 11 0.184742
27 9 0.207725
27 14 0.179480
27 12 0.190478
27 18 0.165979
27 13 0.194116
27 15 0.186226
27 17 0.185992
27 19 0.197978
27 16 0.212384
27 22 0.202163
27 20 0.209804
27 21 0.207378
27 23 0.200683
27 26 0.155645
27 25 0.169185
27 24 0.194695
27 27 0.171042
27 28 0.171571
27 32 0.199612
27 40 0.161938
27 53 0.133281
27 44 0.149391
27 29 0.203611
27 56 0.141684
27 52 0.152974
27 31 0.222046
27 49 0.160258
27 48 0.164440
27 33 0.218517
27 42 0.189646
27 46 0.173489
27 50 0.167694
27 47 0.177372
27 51 0.177693
27 30 0.259123
27 41 0.223226
27 36 0.245458
27 43 0.219246
27 54 0.199285
27 45 0.217414
27 55 0.200522
27 34 0.314156
27 38 0.404606
27 39 0.438699
27 35 0.595869
27 37 0.621902
28 1 0.158856
28 5 0.157216
28 0 0.174011
28 2 0.184653
28 3 0.198711
28 4 0.210512
28 6 0.218824
28 11 0.221295
28 9 0.343091
28 19 0.332401
28 29 0.314276
28 7 0.345939
28 17 0.337062
28 31 0.313547
28 47 0.292817
28 20 0.334576
28 21 0.334381
28 27 0.322399
28 48 0.297545
28 49 0.296366
28 41 0.308635
28 13 0.350045
28 23 0.334650
28 51 0.295588
28 22 0.339417
28 8 0.356113
28 33 0.323337
28 55 0.291690
28 14 0.354648
28 10 0.357356
28 45 0.310047
28 30 0.330095
28 15 0.356836
28 42 0.316375
28 43 0.315391
28 25 0.338316
28 16 0.357099
28 32 0.330918
28 44 0.316529
28 12 0.361397
28 18 0.353586
28 53 0.301328
28 28 0.336279
28 26 0.339369
28 50 0.313792
28 46 0.319996
28 52 0.313512
28 40 0.331973
28 24 0.355317
28 56 0.322409
28 54 0.334279
28 36 0.415139
28 34 0.426806
28 39 0.492583
28 35 0.661281
28 37 0.710227
28 38 0.775890
29 0 0.107616
29 1 0.154813
29 4 0.140735
29 3 0.145888
29 8 0.145762
29 2 0.179078
29 10 0.155211
29 9 0.162842
29 5 0.193904
29 11 0.185094
29 12 0.183485
29 6 0.205419
29 13 0.187776
29 7 0.211047
29 14 0.195749
29 16 0.222213
29 15 0.227701
29 17 0.250970
29 18 0.253714
29 20 0.248988
29 24 0.252996
29 22 0.258392
29 28 0.243588
29 30 0.249090
29 26 0.281571
29 50 0.202149
29 32 0.251503
29 19 0.335245
29 21 0.319103
29 46 0.215100
29 27 0.300221
29 44 0.237702
29 33 0.273041
29 54 0.221995
29 40 0.251459
29 52 0.226683
29 29 0.311842
29 23 0.347351
29 42 0.250087
29 31 0.290299
29 48 0.240157
29 45 0.266619
29 43 0.274392
29 25 0.364000
29 49 0.267324
29 53 0.268977
29 36 0.306658
29 47 0.287832
29 51 0.282372
29 55 0.284257
29 41 0.312783
29 56 0.286383
29 34 0.344159
29 38 0.347827
29 39 0.434742
29 37 0.669939
29 35 0.698188
30 0 0.161756
30 2 0.169082
30 1 0.171951
30 8 0.182532
30 7 0.189913
30 3 0.197840
30 11 0.205522
30 4 0.215598
30 12 0.206983
30 9 0.212280
30 10 0.232124
30 13 0.249816
30 14 0.247022
30 6 0.262980
30 5 0.270178
30 19 0.253665
30 20 0.255714
30 15 0.272161
30 23 0.287811
30 21 0.297228
30 16 0.305783
30 25 0.297811
30 29 0.293754
30 31 0.284939
30 33 0.283952
30 27 0.299239
30 22 0.332276
30 43 0.285196
30 53 0.233621
30 41 0.302105
30 47 0.267354
30 49 0.262005
30 45 0.275698
30 51 0.260042
30 18 0.366961
30 50 0.266991
30 17 0.371859
30 28 0.348454
30 55 0.242900
30 46 0.284480
30 32 0.340548
30 30 0.351787
30 42 0.314360
30 48 0.292019
30 24 0.373710
30 44 0.311210
30 40 0.350249
30 52 0.285048
30 26 0.390162
30 54 0.289693
30 56 0.279120
30 36 0.419996
30 34 0.463500
30 39 0.499539
30 35 0.707714
30 37 0.752866
30 38 0.774750
31 2 0.130378
31 0 0.143335
31 1 0.174036
31 7 0.166452
31 4 0.205428
31 3 0.214886
31 6 0.197837
31 5 0.244436
31 8 0.181958
31 11 0.145738
31 9 0.174812
31 13 0.150099
31 10 0.196192
31 12 0.173593
31 19 0.168921
31 14 0.176348
31 20 0.187467
31 41 0.246666
31 27 0.275652
31 21 0.283149
31 45 0.239260
31 52 0.228163
31 48 0.232418
31 50 0.234138
31 17 0.292783
31 24 0.291681
31 23 0.307712
31 33 0.295990
31 44 0.267955
31 25 0.307367
31 28 0.305062
31 47 0.262875
31 53 0.256719
31 42 0.275695
31 36 0.293800
31 55 0.271502
31 31 0.319115
31 40 0.300264
31 30 0.321065
31 32 0.319878
31 26 0.327838
31 43 0.294277
31 46 0.286819
31 15 0.341598
31 49 0.284431
31 56 0.282036
31 16 0.351552
31 29 0.344467
31 18 0.356507
31 22 0.357891
31 54 0.304099
31 51 0.322502
31 34 0.377930
31 38 0.408232
31 39 0.535830
31 37 0.688517
31 35 0.773436
32 1 0.148662
32 7 0.164170
32 0 0.190981
32 10 0.156074
32 2 0.210171
32 6 0.191993
32 9 0.192552
32 14 0.163912
32 13 0.171445
32 5 0.222799
32 11 0.183093
32 4 0.228688
32 8 0.216719
32 12 0.192068
32 3 0.243170
32 15 0.208780
32 16 0.237942
32 17 0.229364
32 18 0.212021
32 19 0.205613
32 21 0.199969
32 25 0.236155
32 23 0.239791
32 33 0.207419
32 27 0.232649
32 50 0.191906
32 31 0.218201
32 29 0.222019
32 20 0.261497
32 22 0.265848
32 51 0.205411
32 24 0.282869
32 52 0.224122
32 41 0.238603
32 43 0.234160
32 44 0.235390
32 46 0.231328
32 40 0.246263
32 32 0.257741
32 26 0.293168
32 30 0.267770
32 28 0.293031
32 56 0.255965
32 48 0.270498
32 53 0.274296
32 42 0.289527
32 49 0.285902
32 55 0.279411
32 45 0.294074
32 54 0.285967
32 47 0.298147
32 34 0.346009
32 36 0.399848
32 39 0.528418
32 38 0.754223
32 35 0.804155
32 37 0.802033
33 2 0.172868
33 1 0.187567
33 3 0.201261
33 0 0.209234
33 11 0.200896
33 9 0.207328
33 4 0.222718
33 10 0.221253
33 5 0.227721
33 6 0.231147
33 8 0.231344
33 7 0.244487
33 13 0.241686
33 12 0.245434
33 14 0.248776
33 30 0.262790
33 16 0.315762
33 20 0.341352
33 18 0.345197
33 28 0.320277
33 26 0.322068
33 15 0.369833
33 22 0.347285
33 24 0.341842
33 32 0.330819
33 40 0.317310
33 46 0.304884
33 51 0.303697
33 21 0.379746
33 31 0.355196
33 43 0.337681
33 52 0.312199
33 19 0.396377
33 54 0.289842
33 29 0.372728
33 50 0.323679
33 33 0.375617
33 55 0.285786
33 48 0.344054
33 17 0.410898
33 49 0.345551
33 41 0.371590
33 47 0.365342
33 27 0.429914
33 25 0.432604
33 42 0.413478
33 45 0.403906
33 23 0.458526
33 44 0.422453
33 56 0.352725
33 53 0.394894
33 36 0.442362
33 34 0.502801
33 39 0.637572
33 38 0.815650
33 35 0.853656
33 37 0.857342
34 1 0.161710
34 3 0.167314
34 2 0.172594
34 5 0.190179
34 6 0.190432
34 0 0.211239
34 7 0.184329
34 4 0.215298
34 9 0.191804
34 14 0.102371
34 8 0.204346
34 11 0.120260
34 12 0.112411
34 13 0.111728
34 15 0.123255
34 10 0.172964
34 17 0.153173
34 16 0.173180
34 26 0.153446
34 21 0.164029
34 25 0.163747
34 20 0.179688
34 23 0.181578
34 22 0.189440
34 24 0.197972
34 29 0.234724
34 19 0.263527
34 31 0.235065
34 27 0.263444
34 53 0.183296
34 33 0.219231
34 18 0.292668
34 30 0.288949
34 51 0.228831
34 44 0.243461
34 32 0.266534
34 49 0.232413
34 40 0.249707
34 28 0.304712
34 50 0.236220
34 42 0.251188
34 52 0.236461
34 46 0.244964
34 43 0.255993
34 54 0.239042
34 47 0.257125
34 41 0.272485
34 48 0.263180
34 45 0.277049
34 56 0.270865
34 55 0.281282
34 34 0.335273
34 36 0.331796
34 39 0.480015
34 38 0.738042
34 35 0.755233
34 37 0.803725
35 1 0.159364
35 0 0.167501
35 4 0.184666
35 12 0.133766
35 11 0.161804
35 2 0.269625
35 5 0.235643
35 3 0.261772
35 8 0.202365
35 10 0.200539
35 17 0.154342
35 14 0.189233
35 6 0.287836
35 9 0.258584
35 7 0.269331
35 18 0.199693
35 13 0.214996
35 19 0.245430
35 21 0.232722
35 16 0.272174
35 15 0.274657
35 23 0.240550
35 22 0.244140
35 20 0.250694
35 24 0.252182
35 31 0.179038
35 29 0.192172
35 30 0.195593
35 25 0.276782
35 28 0.250783
35 26 0.283002
35 32 0.245616
35 50 0.191068
35 41 0.263087
35 48 0.245012
35 44 0.253833
35 33 0.326616
35 43 0.256375
35 27 0.379220
35 40 0.293380
35 56 0.179338
35 52 0.221327
35 54 0.208271
35 42 0.284378
35 46 0.278365
35 51 0.277682
35 47 0.307805
35 53 0.265954
35 55 0.263011
35 45 0.334189
35 49 0.329273
35 34 0.417899
35 36 0.472462
35 39 0.527176
35 38 0.824010
35 35 0.887010
35 37 0.899008
36 1 0.082488
36 0 0.094478
36 9 0.137816
36 2 0.212226
36 8 0.169573
36 5 0.204557
36 3 0.229260
36 10 0.174167
36 11 0.173498
36 12 0.177266
36 6 0.186241
36 13 0.177209
36 4 0.247198
36 14 0.195095
36 7 0.217362
36 19 0.206602
36 18 0.216300
36 21 0.215695
36 15 0.233674
36 17 0.241870
36 16 0.248831
36 20 0.248629
36 23 0.226356
36 28 0.177213
36 22 0.255317
36 24 0.246491
36 25 0.233106
36 26 0.223407
36 29 0.201999
36 27 0.226600
36 31 0.203549
36 33 0.204798
36 50 0.196011
36 43 0.218216
36 54 0.188918
36 30 0.276757
36 52 0.199205
36 45 0.227626
36 47 0.222406
36 41 0.231806
36 44 0.230594
36 32 0.283977
36 55 0.198073
36 51 0.210786
36 53 0.212820
36 49 0.230880
36 48 0.243349
36 40 0.257774
36 56 0.216248
36 42 0.268210
36 46 0.265211
36 34 0.395316
36 36 0.380226
36 39 0.541245
36 38 0.867127
36 37 0.944581
36 35 0.989520
37 1 0.231409
37 8 0.217388
37 2 0.236820
37 3 0.240283
37 4 0.242294
37 10 0.229114
37 0 0.253587
37 7 0.244552
37 11 0.238490
37 13 0.235620
37 9 0.249759
37 6 0.266490
37 12 0.260882
37 5 0.291893
37 14 0.259782
37 17 0.288723
37 15 0.312807
37 25 0.283433
37 18 0.309623
37 16 0.317349
37 28 0.279187
37 24 0.300848
37 26 0.297960
37 20 0.317669
37 31 0.268629
37 22 0.331513
37 19 0.358499
37 27 0.363302
37 32 0.301764
37 23 0.424293
37 29 0.379613
37 43 0.273270
37 52 0.267495
37 21 0.446393
37 45 0.283928
37 40 0.302268
37 30 0.395609
37 51 0.277549
37 54 0.270592
37 46 0.294983
37 33 0.377030
37 48 0.289207
37 50 0.295875
37 47 0.321820
37 53 0.311664
37 42 0.338656
37 55 0.311088
37 44 0.343506
37 49 0.334181
37 56 0.326250
37 41 0.373436
37 34 0.483750
37 36 0.485730
37 39 0.605032
37 38 0.957464
37 35 1.018317
37 37 1.023919
38 3 0.196753
38 1 0.232996
38 0 0.246397
38 4 0.245785
38 2 0.252166
38 5 0.255792
38 13 0.219605
38 10 0.241341
38 9 0.371106
38 6 0.387547
38 12 0.370134
38 11 0.376732
38 18 0.316720
38 15 0.349255
38 8 0.383185
38 14 0.356418
38 7 0.389598
38 21 0.305065
38 17 0.380458
38 22 0.312139
38 16 0.409491
38 32 0.217126
38 28 0.248645
38 19 0.365272
38 29 0.258901
38 33 0.232264
38 20 0.342217
38 25 0.356141
38 30 0.284769
38 23 0.384173
38 24 0.363645
38 26 0.359886
38 27 0.342299
38 31 0.308461
38 50 0.175701
38 43 0.273269
38 46 0.232029
38 36 0.427950
38 41 0.290647
38 45 0.240799
38 42 0.291684
38 54 0.207840
38 51 0.245230
38 49 0.268222
38 48 0.273146
38 44 0.281901
38 52 0.275255
38 40 0.347575
38 34 0.488235
38 47 0.291782
38 55 0.254866
38 53 0.282737
38 56 0.293899
38 39 0.621088
38 38 0.996727
38 35 1.071184
38 37 1.074986
39 0 0.143720
39 5 0.153792
39 1 0.248116
39 2 0.265261
39 13 0.139602
39 6 0.268181
39 10 0.153461
39 12 0.161475
39 3 0.299730
39 14 0.171446
39 9 0.219454
39 7 0.311850
39 4 0.354381
39 11 0.227784
39 8 0.283467
39 16 0.225107
39 20 0.243253
39 18 0.273776
39 50 0.266026
39 30 0.318659
39 24 0.331704
39 22 0.335566
39 28 0.325232
39 26 0.328077
39 46 0.286655
39 19 0.345618
39 32 0.327848
39 21 0.346510
39 52 0.286003
39 23 0.372868
39 48 0.320251
39 42 0.339328
39 33 0.361486
39 25 0.378593
39 17 0.392968
39 15 0.427880
39 31 0.383730
39 54 0.313503
39 40 0.367371
39 44 0.355969
39 45 0.354257
39 36 0.390044
39 29 0.399157
39 47 0.366420
39 51 0.355880
39 43 0.398120
39 27 0.447473
39 49 0.397825
39 56 0.377958
39 53 0.386020
39 55 0.382830
39 41 0.440251
39 34 0.493921
39 38 0.695156
39 39 0.710975
39 37 1.111892
39 35 1.128596
40 5 0.168170
40 1 0.211127
40 3 0.210190
40 0 0.263589
40 17 0.188745
40 11 0.244413
40 10 0.256271
40 4 0.268310
40 6 0.265817
40 13 0.221297
40 8 0.264857
40 12 0.253657
40 9 0.280340
40 7 0.284745
40 2 0.297295
40 14 0.229641
40 16 0.237742
40 19 0.184158
40 21 0.175364
40 22 0.188018
40 18 0.236310
40 15 0.329915
40 24 0.251328
40 31 0.242270
40 30 0.248321
40 25 0.266221
40 27 0.264057
40 33 0.238450
40 49 0.218387
40 36 0.238043
40 28 0.300696
40 52 0.253063
40 32 0.279592
40 43 0.264979
40 20 0.379698
40 26 0.313133
40 46 0.272994
40 51 0.268208
40 38 0.294103
40 50 0.274993
40 55 0.269353
40 42 0.285854
40 40 0.300379
40 48 0.288703
40 23 0.362580
40 29 0.338160
40 45 0.313429
40 41 0.339281
40 44 0.337630
40 47 0.341301
40 54 0.335807
40 56 0.339980
40 53 0.345368
40 34 0.489957
40 39 0.696371
40 35 1.116612
40 37 1.172050
41 3 0.182734
41 8 0.204557
41 9 0.196792
41 6 0.215608
41 5 0.234848
41 1 0.244647
41 0 0.275825
41 2 0.267329
41 12 0.145694
41 10 0.240716
41 13 0.144311
41 4 0.295961
41 11 0.256730
41 7 0.321659
41 14 0.169041
41 16 0.186450
41 15 0.217699
41 19 0.187832
41 17 0.198203
41 28 0.203749
41 20 0.231435
41 18 0.249088
41 25 0.304198
41 23 0.307548
41 26 0.303893
41 50 0.246696
41 30 0.297851
41 32 0.293384
41 21 0.326010
41 36 0.313754
41 33 0.324798
41 44 0.296604
41 48 0.297611
41 52 0.296133
41 42 0.325999
41 40 0.333869
41 29 0.364418
41 46 0.320906
41 27 0.372947
41 31 0.381554
41 55 0.326480
41 43 0.358595
41 45 0.357814
41 49 0.351072
41 47 0.364206
41 41 0.389553
41 53 0.360898
41 22 0.433902
41 24 0.443205
41 51 0.385915
41 34 0.440254
41 54 0.402240
41 56 0.414212
41 39 0.626580
41 38 0.634302
41 35 1.085469
41 37 1.135812
42 1 0.219622
42 0 0.246348
42 2 0.257533
42 12 0.229640
42 4 0.256588
42 8 0.262457
42 7 0.270060
42 6 0.277724
42 9 0.276191
42 16 0.237854
42 14 0.266503
42 3 0.303950
42 10 0.310337
42 13 0.290629
42 5 0.329526
42 11 0.341506
42 20 0.221199
42 17 0.298727
42 15 0.350122
42 23 0.241952
42 24 0.269124
42 22 0.272497
42 28 0.169239
42 19 0.304827
42 21 0.294475
42 31 0.187658
42 30 0.189911
42 25 0.259224
42 18 0.366522
42 29 0.256767
42 32 0.303525
42 26 0.360147
42 33 0.303178
42 40 0.251953
42 27 0.337757
42 47 0.249919
42 41 0.277283
42 45 0.263949
42 53 0.239451
42 48 0.260769
42 51 0.265186
42 42 0.304021
42 56 0.245934
42 50 0.290930
42 52 0.280956
42 43 0.325453
42 54 0.288652
42 46 0.321978
42 49 0.310613
42 44 0.335824
42 55 0.296043
42 36 0.432457
42 34 0.464963
42 39 0.698172
42 38 1.096962
42 35 1.139022
42 37 1.145581
43 1 0.212284
43 0 0.214957
43 3 0.246948
43 5 0.232457
43 8 0.159553
43 13 0.115447
43 9 0.149769
43 7 0.222921
43 2 0.290763
43 10 0.132271
43 4 0.288874
43 14 0.120517
43 12 0.157770
43 11 0.164170
43 6 0.287308
43 15 0.269915
43 29 0.197626
43 18 0.251160
43 28 0.210162
43 17 0.266177
43 19 0.270017
43 31 0.224184
43 21 0.269536
43 16 0.296281
43 32 0.245970
43 20 0.305683
43 23 0.307505
43 33 0.267147
43 25 0.312078
43 22 0.345833
43 30 0.341771
43 26 0.375134
43 50 0.294018
43 27 0.387496
43 24 0.421214
43 44 0.338438
43 40 0.364175
43 45 0.363997
43 49 0.343652
43 53 0.322039
43 48 0.350014
43 51 0.342839
43 41 0.385858
43 47 0.370858
43 42 0.394444
43 46 0.384875
43 43 0.405997
43 56 0.333107
43 52 0.369036
43 54 0.374076
43 55 0.397708
43 36 0.481677
43 34 0.531618
43 39 0.668718
43 37 1.180306
43 38 1.187385
43 35 1.210451
44 8 0.147175
44 0 0.240436
44 1 0.235476
44 9 0.161860
44 2 0.241895
44 4 0.243235
44 6 0.245842
44 3 0.263888
44 11 0.159013
44 5 0.311555
44 10 0.221124
44 14 0.125946
44 12 0.185278
44 13 0.194001
44 7 0.370044
44 15 0.330258
44 30 0.275914
44 16 0.329274
44 28 0.383558
44 20 0.419447
44 24 0.409998
44 26 0.402483
44 17 0.427330
44 32 0.390260
44 33 0.416205
44 22 0.420076
44 23 0.414920
44 18 0.430510
44 31 0.396871
44 27 0.410228
44 29 0.405908
44 25 0.440230
44 50 0.374663
44 19 0.426928
44 42 0.436668
44 46 0.440556
44 48 0.438200
44 51 0.443212
44 40 0.475410
44 21 0.533681
44 52 0.464553
44 44 0.496296
44 43 0.512546
44 54 0.488952
44 45 0.540824
44 49 0.532864
44 41 0.562884
44 53 0.542783
44 56 0.544075
44 34 0.601043
44 55 0.569097
44 47 0.595182
44 36 0.643940
44 39 1.034609
44 38 1.434948
44 35 1.461509
44 37 1.514119
45 10 0.151708
45 9 0.171148
45 8 0.238232
45 12 0.146933
45 4 0.316667
45 11 0.175506
45 0 0.337784
45 3 0.342457
45 6 0.353452
45 5 0.356813
45 13 0.197350
45 1 0.384953
45 2 0.409234
45 14 0.262687
45 7 0.433458
45 15 0.357784
45 28 0.198381
45 31 0.209691
45 20 0.276264
45 32 0.208727
45 30 0.247772
45 18 0.341157
45 29 0.260259
45 16 0.397463
45 33 0.251028
45 17 0.371229
45 21 0.366701
45 22 0.376744
45 26 0.341479
45 24 0.362977
45 23 0.376059
45 25 0.370648
45 19 0.445701
45 27 0.407392
45 50 0.314787
45 41 0.418617
45 40 0.433975
45 45 0.435005
45 49 0.408769
45 53 0.403592
45 47 0.443593
45 52 0.419790
45 42 0.473996
45 43 0.477453
45 51 0.437189
45 46 0.481097
45 44 0.489683
45 48 0.476214
45 55 0.420200
45 36 0.528923
45 54 0.441879
45 34 0.568862
45 56 0.460542
45 39 0.834797
45 35 1.232706
45 37 1.286318
45 38 1.311376
46 8 0.196165
46 0 0.242971
46 14 0.224920
46 12 0.227241
46 1 0.285913
46 9 0.260664
46 2 0.294072
46 13 0.260679
46 10 0.273742
46 11 0.268513
46 4 0.307469
46 5 0.327527
46 3 0.341337
46 7 0.336181
46 6 0.342598
46 16 0.401900
46 15 0.403423
46 30 0.164385
46 20 0.317490
46 28 0.179798
46 21 0.360458
46 29 0.210701
46 19 0.415780
46 17 0.440893
46 32 0.215016
46 18 0.433894
46 31 0.237751
46 22 0.357671
46 33 0.239316
46 50 0.252305
46 24 0.369131
46 26 0.386752
46 25 0.392592
46 53 0.304331
46 23 0.487085
46 44 0.350737
46 47 0.347679
46 55 0.316107
46 27 0.420586
46 52 0.336550
46 56 0.334027
46 42 0.402166
46 41 0.407192
46 48 0.385740
46 51 0.381583
46 43 0.431131
46 45 0.438865
46 46 0.449726
46 40 0.477674
46 54 0.437407
46 49 0.461682
46 36 0.521707
46 34 0.550183
46 39 0.875615
46 38 1.314481
46 35 1.401426
46 37 1.450930
47 0 0.256280
47 8 0.207865
47 10 0.206418
47 1 0.269366
47 2 0.268237
47 9 0.290984
47 4 0.316860
47 3 0.330787
47 7 0.300681
47 12 0.203768
47 14 0.210064
47 11 0.247015
47 13 0.233822
47 5 0.382274
47 6 0.395471
47 20 0.333331
47 18 0.339356
47 16 0.347923
47 15 0.351492
47 19 0.339085
47 28 0.246740
47 22 0.305834
47 26 0.277372
47 25 0.288018
47 24 0.289016
47 30 0.237083
47 32 0.232111
47 21 0.347569
47 33 0.288019
47 27 0.366120
47 17 0.455053
47 31 0.336546
47 50 0.232009
47 29 0.386678
47 23 0.448043
47 45 0.320726
47 54 0.293138
47 49 0.341952
47 41 0.383599
47 40 0.397611
47 47 0.354936
47 52 0.352970
47 46 0.375692
47 42 0.408926
47 43 0.410149
47 55 0.339517
47 44 0.392426
47 53 0.370707
47 51 0.402614
47 48 0.415354
47 56 0.378423
47 36 0.501336
47 34 0.517877
47 39 0.807803
47 35 1.434604
47 38 1.443225
47 37 1.500752
48 3 0.233078
48 14 0.312570
48 7 0.327665
48 11 0.347596
48 1 0.373211
48 9 0.375730
48 13 0.372628
48 30 0.378273
48 33 0.387389
48 31 0.395349
48 8 0.433136
48 4 0.450074
48 15 0.440728
48 6 0.450037
48 5 0.452892
48 28 0.461291
48 51 0.414026
48 20 0.499033
48 53 0.433348
48 41 0.465570
48 16 0.517090
48 49 0.455447
48 0 0.535227
48 32 0.498745
48 17 0.542815
48 2 0.584894
48 27 0.567210
48 25 0.574273
48 54 0.509805
48 44 0.566704
48 55 0.555253
48 29 0.617782
48 42 0.590345
48 50 0.570951
48 12 0.640677
48 10 0.655659
48 47 0.612638
48 46 0.616010
48 23 0.668769
48 43 0.630134
48 19 0.690669
48 56 0.614028
48 21 0.710583
48 18 0.716941
48 24 0.712037
48 48 0.664650
48 45 0.674970
48 26 0.728087
48 40 0.707706
48 22 0.765566
48 52 0.703864
48 34 0.743845
48 36 0.825268
48 39 0.997915
48 38 1.635991
48 37 1.667743
48 35 1.675335
49 8 0.161511
49 10 0.245438
49 11 0.253517
49 1 0.281262
49 9 0.268143
49 2 0.280834
49 12 0.252288
49 13 0.249438
49 4 0.303492
49 0 0.315411
49 6 0.310322
49 14 0.291349
49 5 0.331466
49 30 0.286261
49 33 0.273631
49 3 0.416423
49 7 0.414814
49 32 0.291781
49 15 0.383416
49 28 0.369791
49 16 0.417094
49 20 0.438901
49 29 0.400559
49 31 0.381810
49 17 0.451167
49 22 0.462536
49 19 0.495661
49 18 0.504100
49 26 0.497605
49 24 0.519630
49 23 0.548167
49 21 0.618623
49 25 0.600608
49 50 0.322267
49 27 0.597191
49 42 0.433870
49 43 0.460534
49 44 0.477650
49 36 0.609040
49 48 0.474258
49 40 0.524098
49 49 0.441507
49 51 0.442360
49 34 0.642504
49 41 0.523969
49 46 0.526046
49 52 0.463490
49 54 0.447906
49 53 0.449390
49 56 0.448436
49 55 0.453966
49 45 0.558684
49 47 0.565534
49 39 0.943048
49 38 1.530581
49 37 1.584345
49 35 1.661768
50 13 0.166477
50 9 0.180782
50 10 0.193969
50 5 0.253540
50 7 0.272753
50 3 0.288126
50 0 0.300765
50 4 0.283042
50 8 0.271323
50 12 0.250163
50 14 0.240680
50 11 0.257521
50 1 0.352565
50 2 0.393900
50 17 0.323007
50 6 0.414915
50 15 0.369907
50 31 0.238119
50 16 0.449966
50 28 0.285138
50 21 0.362470
50 24 0.341917
50 30 0.328555
50 27 0.349166
50 23 0.364971
50 33 0.327092
50 22 0.402118
50 50 0.299960
50 20 0.409956
50 25 0.387458
50 29 0.381127
50 19 0.493476
50 18 0.546588
50 46 0.396282
50 49 0.390921
50 45 0.414067
50 51 0.411911
50 32 0.452558
50 40 0.435551
50 55 0.413983
50 42 0.459085
50 41 0.485252
50 44 0.493525
50 53 0.474886
50 26 0.548625
50 52 0.489274
50 43 0.513107
50 48 0.509567
50 54 0.503380
50 47 0.529774
50 56 0.541325
50 36 0.680084
50 34 0.735167
50 39 0.958910
50 37 1.646087
50 38 1.655880
50 35 1.669609
51 11 0.143227
51 5 0.275019
51 9 0.248555
51 1 0.306602
51 0 0.336283
51 12 0.227720
51 8 0.296485
51 10 0.250055
51 13 0.240289
51 7 0.327319
51 3 0.343428
51 2 0.357392
51 4 0.350990
51 14 0.249689
51 6 0.367826
51 15 0.358063
51 16 0.430648
51 30 0.227399
51 18 0.392674
51 29 0.233654
51 17 0.446890
51 32 0.230530
51 21 0.395469
51 22 0.393648
51 28 0.332069
51 50 0.294100
51 24 0.391815
51 20 0.484291
51 19 0.513238
51 27 0.431662
51 52 0.370046
51 41 0.422456
51 46 0.423053
51 40 0.438279
51 54 0.422000
51 49 0.436193
51 31 0.478054
51 44 0.455248
51 33 0.485509
51 48 0.472362
51 23 0.589607
51 56 0.473658
51 45 0.495481
51 43 0.506586
51 53 0.489525
51 55 0.496210
51 42 0.527204
51 26 0.602809
51 25 0.612398
51 47 0.554031
51 51 0.545827
51 34 0.628065
51 36 0.737079
51 39 1.010306
51 35 1.677570
51 38 1.686267
51 37 1.755200
52 0 0.202049
52 6 0.194532
52 3 0.224804
52 1 0.262762
52 2 0.265551
52 7 0.230913
52 9 0.217266
52 10 0.243108
52 8 0.248791
52 4 0.474769
52 14 0.447890
52 25 0.439318
52 22 0.443765
52 13 0.454701
52 5 0.480372
52 33 0.427804
52 12 0.457762
52 17 0.452599
52 11 0.460869
52 15 0.455889
52 24 0.446922
52 31 0.437479
52 20 0.499677
52 28 0.491143
52 29 0.498659
52 23 0.529531
52 19 0.534982
52 27 0.534136
52 18 0.550562
52 21 0.553425
52 50 0.493245
52 30 0.541682
52 51 0.530775
52 32 0.599089
52 45 0.575357
52 46 0.578944
52 41 0.593429
52 43 0.587351
52 47 0.577753
52 26 0.627685
52 16 0.669760
52 48 0.616048
52 56 0.597756
52 52 0.627227
52 55 0.621362
52 40 0.666992
52 44 0.660971
52 42 0.681378
52 54 0.649184
52 53 0.674319
52 49 0.697755
52 34 0.827949
52 36 0.901911
52 39 1.153087
52 37 1.886220
52 35 1.958750
52 38 2.006829
53 12 0.263558
53 11 0.266751
53 14 0.262531
53 9 0.290004
53 8 0.300777
53 13 0.268280
53 4 0.314937
53 3 0.317031
53 0 0.340317
53 1 0.348484
53 10 0.325704
53 2 0.353932
53 5 0.393425
53 7 0.426280
53 6 0.438818
53 28 0.168605
53 15 0.519665
53 17 0.418938
53 18 0.363582
53 31 0.262787
53 30 0.286155
53 16 0.486606
53 21 0.370161
53 20 0.376190
53 24 0.381008
53 22 0.405839
53 32 0.416403
53 27 0.422579
53 33 0.416696
53 50 0.383103
53 23 0.439943
53 19 0.496989
53 55 0.434204
53 40 0.460379
53 29 0.516359
53 47 0.489654
53 45 0.497571
53 41 0.511375
53 49 0.512498
53 51 0.508388
53 48 0.517091
53 52 0.523147
53 42 0.547862
53 56 0.532877
53 54 0.538973
53 25 0.596687
53 26 0.601150
53 43 0.583736
53 44 0.592010
53 46 0.591844
53 34 0.632485
53 53 0.629493
53 36 0.695655
53 39 1.246954
53 38 1.975874
53 35 2.049224
53 37 2.112652
54 10 0.237847
54 2 0.375722
54 0 0.380004
54 3 0.375973
54 1 0.401122
54 4 0.412419
54 8 0.398352
54 5 0.426881
54 11 0.270546
54 13 0.204488
54 9 0.416592
54 12 0.250492
54 6 0.461427
54 14 0.200646
54 7 0.547640
54 15 0.284572
54 17 0.323825
54 50 0.237651
54 29 0.341489
54 18 0.472054
54 24 0.449432
54 22 0.460367
54 25 0.443920
54 48 0.391359
54 31 0.428150
54 19 0.479281
54 16 0.520263
54 33 0.427682
54 46 0.406627
54 21 0.487935
54 54 0.413898
54 32 0.465438
54 20 0.530824
54 42 0.465735
54 28 0.513185
54 45 0.488055
54 40 0.495466
54 30 0.517839
54 53 0.496384
54 23 0.576428
54 44 0.526836
54 27 0.565203
54 52 0.507447
54 56 0.509973
54 26 0.597782
54 49 0.559704
54 41 0.600067
54 55 0.592108
54 51 0.604342
54 43 0.634342
54 47 0.644099
54 36 0.750820
54 34 0.757824
54 39 1.216149
54 38 1.758913
54 37 1.848880
54 35 1.867591
55 9 0.323648
55 14 0.268665
55 0 0.389223
55 11 0.360628
55 5 0.388069
55 2 0.393771
55 8 0.401814
55 13 0.334465
55 4 0.431195
55 3 0.436145
55 12 0.386483
55 7 0.431654
55 1 0.442640
55 6 0.436706
55 10 0.447454
55 15 0.459850
55 17 0.485302
55 29 0.206303
55 19 0.498903
55 16 0.518121
55 20 0.492016
55 18 0.509880
55 30 0.249461
55 21 0.541985
55 31 0.303107
55 32 0.282025
55 25 0.406650
55 33 0.300556
55 28 0.356289
55 22 0.554286
55 26 0.428454
55 27 0.431621
55 23 0.523917
55 24 0.530745
55 50 0.353274
55 41 0.407516
55 49 0.424020
55 44 0.445759
55 53 0.447050
55 51 0.459095
55 42 0.484994
55 40 0.488640
55 55 0.466044
55 47 0.513876
55 54 0.502965
55 56 0.513501
55 46 0.538174
55 52 0.523059
55 48 0.536808
55 43 0.570831
55 45 0.617093
55 34 0.650816
55 36 0.740513
55 39 1.142315
55 38 1.835352
55 37 1.914446
55 35 1.950246
56 13 0.207339
56 8 0.256518
56 11 0.260204
56 10 0.292865
56 0 0.340108
56 1 0.340702
56 3 0.337053
56 14 0.286450
56 5 0.349734
56 9 0.345205
56 12 0.299624
56 6 0.371944
56 7 0.381771
56 20 0.209439
56 15 0.380883
56 4 0.457230
56 2 0.483016
56 17 0.398927
56 19 0.349260
56 23 0.290694
56 22 0.339355
56 33 0.267393
56 18 0.501626
56 25 0.303722
56 16 0.527228
56 30 0.281223
56 24 0.307141
56 27 0.306085
56 29 0.293990
56 50 0.259311
56 21 0.438912
56 32 0.331645
56 28 0.361906
56 26 0.374710
56 31 0.372677
56 40 0.379435
56 47 0.388539
56 52 0.369188
56 48 0.395029
56 55 0.386776
56 44 0.430628
56 56 0.389370
56 46 0.446327
56 49 0.459340
56 45 0.478485
56 41 0.492162
56 42 0.497621
56 43 0.501298
56 51 0.473208
56 53 0.480498
56 54 0.518449
56 36 0.659046
56 34 0.697040
56 39 1.130772
56 35 1.834628
56 38 1.873390
56 37 1.955376
57 3 0.228654
57 12 0.205421
57 11 0.230072
57 9 0.247490
57 10 0.254343
57 14 0.230360
57 8 0.289032
57 0 0.354088
57 13 0.327874
57 1 0.459436
57 4 0.457664
57 2 0.487809
57 5 0.488545
57 7 0.509825
57 6 0.565817
57 16 0.455956
57 15 0.496880
57 29 0.291991
57 28 0.360666
57 17 0.532929
57 18 0.475496
57 31 0.366211
57 25 0.438427
57 32 0.404680
57 30 0.415330
57 33 0.444672
57 19 0.532720
57 26 0.503492
57 23 0.548984
57 22 0.560127
57 50 0.408420
57 27 0.544054
57 21 0.584338
57 20 0.638455
57 40 0.630143
57 24 0.708187
57 49 0.588709
57 45 0.656936
57 44 0.679344
57 41 0.699037
57 53 0.595347
57 42 0.711213
57 54 0.600528
57 43 0.711057
57 51 0.656614
57 47 0.681738
57 46 0.686758
57 48 0.689305
57 56 0.608405
57 55 0.631826
57 34 0.797766
57 52 0.702429
57 36 1.022007
57 39 1.317951
57 35 2.056204
57 37 2.134653
57 38 2.184655
58 8 0.232541
58 10 0.220621
58 9 0.248957
58 11 0.285605
58 3 0.337441
58 12 0.315130
58 13 0.325503
58 14 0.329579
58 5 0.369052
58 2 0.390122
58 0 0.397727
58 1 0.403530
58 4 0.518480
58 32 0.187049
58 29 0.204477
58 6 0.536983
58 7 0.537627
58 15 0.537186
58 31 0.315359
58 30 0.317798
58 18 0.469424
58 16 0.550108
58 33 0.338270
58 17 0.602246
58 20 0.529532
58 22 0.551475
58 50 0.280175
58 21 0.575843
58 23 0.573809
58 27 0.516290
58 24 0.551634
58 28 0.520767
58 19 0.669754
58 25 0.646920
58 46 0.541504
58 41 0.614783
58 42 0.619767
58 45 0.586370
58 44 0.625624
58 52 0.513953
58 49 0.548822
58 47 0.610063
58 53 0.544492
58 48 0.583082
58 51 0.555581
58 40 0.721290
58 26 0.806284
58 54 0.577358
58 43 0.733631
58 55 0.618355
58 56 0.634823
58 36 0.811721
58 34 0.847894
58 39 1.290604
58 38 2.332308
58 35 2.413781
58 37 2.458177
59 9 0.221120
59 11 0.251403
59 8 0.270513
59 10 0.276318
59 3 0.349365
59 1 0.358493
59 0 0.359672
59 12 0.301118
59 4 0.372499
59 5 0.377437
59 14 0.315232
59 17 0.327014
59 13 0.391845
59 2 0.471168
59 6 0.457043
59 30 0.176994
59 18 0.377245
59 28 0.223138
59 16 0.411613
59 7 0.554624
59 31 0.244997
59 32 0.239898
59 29 0.298861
59 15 0.520118
59 33 0.346720
59 20 0.488219
59 19 0.554534
59 23 0.476336
59 22 0.481365
59 26 0.452952
59 25 0.468447
59 24 0.492852
59 21 0.578080
59 50 0.356938
59 49 0.401118
59 36 0.517591
59 27 0.627543
59 40 0.558906
59 46 0.501849
59 47 0.510878
59 42 0.527843
59 48 0.513257
59 44 0.541001
59 55 0.486840
59 53 0.512476
59 56 0.493419
59 51 0.552174
59 52 0.530396
59 45 0.573620
59 41 0.620227
59 43 0.594758
59 34 0.718915
59 54 0.573329
59 38 1.360152
59 39 1.416609
59 37 2.120398
59 35 2.270635
60 8 0.309423
60 9 0.314596
60 11 0.407306
60 14 0.407036
60 3 0.422429
60 5 0.423077
60 10 0.415993
60 12 0.413341
60 0 0.483805
60 13 0.468546
60 1 0.514018
60 7 0.510258
60 2 0.578794
60 32 0.563045
60 15 0.616107
60 29 0.613085
60 51 0.569163
60 17 0.677943
60 33 0.654028
60 6 0.727538
60 27 0.708519
60 54 0.687600
60 28 0.752087
60 21 0.772826
60 45 0.730440
60 30 0.761463
60 19 0.786262
60 4 0.812711
60 26 0.787607
60 42 0.756242
60 41 0.771428
60 53 0.781385
60 31 0.828682
60 25 0.938618
60 47 0.890053
60 49 0.887624
60 24 0.941609
60 20 0.948504
60 50 0.888438
60 23 0.944643
60 44 0.915506
60 36 0.945367
60 52 0.921811
60 43 0.946022
60 40 0.961061
60 46 0.949541
60 55 0.932500
60 18 1.030008
60 22 1.064064
60 16 1.077804
60 56 0.998679
60 48 1.064506
60 34 1.192061
60 39 1.250180
60 37 2.188914
60 35 2.210629
60 38 2.297225
61 8 0.314647
61 12 0.359985
61 9 0.363808
61 3 0.383921
61 11 0.375824
61 0 0.411986
61 4 0.438763
61 2 0.478375
61 32 0.443737
61 28 0.473785
61 5 0.505372
61 1 0.511474
61 14 0.510836
61 10 0.547710
61 6 0.559364
61 31 0.542215
61 30 0.586832
61 16 0.670594
61 50 0.612789
61 19 0.699102
61 13 0.721528
61 25 0.717739
61 17 0.736668
61 29 0.714749
61 22 0.749092
61 21 0.750354
61 18 0.758692
61 26 0.748845
61 15 0.762886
61 7 0.768940
61 51 0.712495
61 54 0.713280
61 52 0.729618
61 33 0.824573
61 24 0.847011
61 53 0.783630
61 46 0.811805
61 42 0.836365
61 44 0.839197
61 41 0.862371
61 20 0.901271
61 56 0.820824
61 40 0.880333
61 36 0.896999
61 49 0.870413
61 48 0.912401
61 23 0.977813
61 27 1.001402
61 43 0.974813
61 45 0.967739
61 55 0.946080
61 47 1.010245
61 34 1.049307
61 39 1.420609
61 38 2.220986
61 35 2.339833
61 37 2.376071
62 1 0.223644
62 8 0.260533
62 5 0.281790
62 3 0.294937
62 11 0.260996
62 10 0.268022
62 12 0.259514
62 0 0.325352
62 13 0.269818
62 9 0.317268
62 4 0.357098
62 2 0.365665
62 7 0.365755
62 14 0.341794
62 6 0.441787
62 28 0.231015
62 30 0.229908
62 29 0.240229
62 15 0.458172
62 19 0.361224
62 16 0.490533
62 18 0.455315
62 20 0.417374
62 21 0.425490
62 17 0.542361
62 32 0.368356
62 33 0.400185
62 26 0.431046
62 31 0.437813
62 23 0.486500
62 25 0.510704
62 22 0.539709
62 27 0.526617
62 24 0.573535
62 50 0.476001
62 46 0.490040
62 51 0.480572
62 49 0.534917
62 40 0.567808
62 43 0.573051
62 42 0.593810
62 45 0.589809
62 41 0.607522
62 47 0.581311
62 55 0.523217
62 48 0.591461
62 44 0.656460
62 54 0.619232
62 52 0.655000
62 56 0.589351
62 53 0.661991
62 36 0.789393
62 34 0.821108
62 39 1.118864
62 38 1.921010
62 35 1.948591
62 37 2.000584
63 9 0.240540
63 8 0.286935
63 11 0.266182
63 10 0.328976
63 12 0.337049
63 5 0.371760
63 0 0.387249
63 3 0.405980
63 13 0.366321
63 1 0.420812
63 4 0.421910
63 2 0.433293
63 7 0.425416
63 14 0.352263
63 15 0.377570
63 6 0.511109
63 16 0.414519
63 32 0.221785
63 18 0.429895
63 29 0.271027
63 33 0.251677
63 28 0.292819
63 31 0.284986
63 17 0.541047
63 22 0.475734
63 21 0.523857
63 24 0.490061
63 27 0.450524
63 26 0.501626
63 19 0.587651
63 20 0.572357
63 30 0.453144
63 25 0.538143
63 50 0.362869
63 40 0.451704
63 49 0.451482
63 23 0.655418
63 41 0.529342
63 46 0.563365
63 53 0.553829
63 43 0.598668
63 44 0.603025
63 48 0.600209
63 56 0.547901
63 45 0.613197
63 54 0.579496
63 42 0.659001
63 51 0.605358
63 36 0.722631
63 52 0.643362
63 34 0.746949
63 55 0.632618
63 47 0.674937
63 39 1.290537
63 38 1.533276
63 35 2.052334
63 37 2.103899
64 13 0.244859
64 12 0.266280
64 8 0.304866
64 11 0.284543
64 10 0.297059
64 1 0.363326
64 9 0.331545
64 5 0.379731
64 3 0.433103
64 0 0.456978
64 14 0.392060
64 4 0.470153
64 7 0.483951
64 6 0.526007
64 29 0.361677
64 28 0.375485
64 30 0.386330
64 31 0.333191
64 17 0.576369
64 32 0.355366
64 33 0.379148
64 19 0.621351
64 2 0.703641
64 16 0.645234
64 15 0.666576
64 25 0.577861
64 26 0.571963
64 21 0.634424
64 23 0.623275
64 22 0.662854
64 24 0.651690
64 20 0.743455
64 27 0.635294
64 50 0.334133
64 18 0.854584
64 46 0.497281
64 51 0.457642
64 42 0.570826
64 40 0.580098
64 41 0.582037
64 44 0.558320
64 49 0.542836
64 45 0.591950
64 53 0.492658
64 48 0.571487
64 47 0.585299
64 56 0.484940
64 55 0.503688
64 34 0.778155
64 54 0.529199
64 43 0.677786
64 52 0.587852
64 36 0.919885
64 39 1.206695
64 38 2.093315
64 35 2.134437
64 37 2.237450
65 8 0.239911
65 9 0.293106
65 5 0.308634
65 10 0.308933
65 3 0.334508
65 11 0.322453
65 13 0.318183
65 12 0.347423
65 14 0.345377
65 4 0.434295
65 0 0.461598
65 6 0.491529
65 16 0.449838
65 2 0.526863
65 7 0.502239
65 18 0.472083
65 1 0.565177
65 17 0.541087
65 22 0.387340
65 30 0.297993
65 23 0.392561
65 25 0.400784
65 29 0.335886
65 32 0.341774
65 26 0.397313
65 20 0.536479
65 31 0.378253
65 28 0.397461
65 27 0.416063
65 33 0.448516
65 15 0.728727
65 50 0.369462
65 19 0.766309
65 24 0.604649
65 56 0.351141
65 48 0.454145
65 44 0.504678
65 40 0.552349
65 54 0.437140
65 42 0.573843
65 53 0.461583
65 51 0.502845
65 41 0.606004
65 49 0.545970
65 45 0.581511
65 43 0.612230
65 52 0.536957
65 47 0.578259
65 21 0.818497
65 46 0.609220
65 55 0.571262
65 36 0.767165
65 34 0.798604
65 39 1.281220
65 37 2.110025
65 35 2.120423
65 38 2.237538
66 8 0.249880
66 0 0.270982
66 9 0.272303
66 11 0.278593
66 13 0.301474
66 1 0.386856
66 33 0.377100
66 7 0.424920
66 14 0.421932
66 12 0.423754
66 3 0.437389
66 4 0.500331
66 5 0.536994
66 19 0.516453
66 21 0.553988
66 15 0.596764
66 32 0.569832
66 29 0.579530
66 41 0.572680
66 31 0.593452
66 17 0.649511
66 2 0.700748
66 51 0.623647
66 49 0.631747
66 25 0.696084
66 23 0.707843
66 46 0.660066
66 10 0.730604
66 6 0.750751
66 42 0.684218
66 30 0.708555
66 16 0.739164
66 47 0.687514
66 56 0.679242
66 50 0.690630
66 55 0.686764
66 45 0.722250
66 53 0.711566
66 28 0.755452
66 27 0.765399
66 20 0.795876
66 43 0.762713
66 18 0.825752
66 52 0.813529
66 26 0.908054
66 54 0.861108
66 48 0.876725
66 22 0.934206
66 24 0.933408
66 40 0.921729
66 36 0.941276
66 44 0.937476
66 34 1.149500
66 39 1.305499
66 38 1.841274
66 37 2.262053
66 35 2.298725
67 13 0.245604
67 12 0.341000
67 10 0.359745
67 14 0.336266
67 11 0.382434
67 8 0.389726
67 3 0.423963
67 5 0.501851
67 1 0.505938
67 9 0.498204
67 0 0.510088
67 4 0.509632
67 6 0.605323
67 28 0.536427
67 30 0.583028
67 31 0.603045
67 7 0.678757
67 32 0.599834
67 2 0.701213
67 16 0.665814
67 19 0.667841
67 21 0.675229
67 15 0.706049
67 20 0.735120
67 50 0.364239
67 23 0.737475
67 24 0.737722
67 26 0.749577
67 17 0.762396
67 33 0.736881
67 29 0.770930
67 18 0.786083
67 42 0.749455
67 27 0.864201
67 46 0.717874
67 44 0.812906
67 43 0.838342
67 22 0.973234
67 25 0.983002
67 47 0.780600
67 40 0.906186
67 51 0.651211
67 55 0.594162
67 45 0.898958
67 54 0.603376
67 53 0.674157
67 49 0.761463
67 41 0.958784
67 48 0.843803
67 52 0.706085
67 34 1.052926
67 56 0.673081
67 36 1.087683
67 39 1.742900
67 38 2.533987
67 35 2.614299
67 37 2.689250
68 11 0.277996
68 9 0.306214
68 8 0.322956
68 14 0.305059
68 12 0.333300
68 10 0.357297
68 13 0.354804
68 1 0.474482
68 4 0.496006
68 0 0.519298
68 3 0.543172
68 5 0.553048
68 7 0.551010
68 2 0.576915
68 6 0.580161
68 15 0.559413
68 19 0.490878
68 32 0.257620
68 20 0.455897
68 30 0.284716
68 17 0.581051
68 31 0.313754
68 23 0.396272
68 29 0.338363
68 25 0.384252
68 33 0.343429
68 21 0.505544
68 22 0.499239
68 24 0.451803
68 26 0.423228
68 28 0.410938
68 27 0.441797
68 50 0.200507
68 16 0.776651
68 18 0.729309
68 40 0.381673
68 48 0.342500
68 41 0.385772
68 42 0.428556
68 44 0.456512
68 56 0.358416
68 43 0.485225
68 51 0.442549
68 45 0.507119
68 52 0.439867
68 53 0.461114
68 55 0.474234
68 49 0.550288
68 47 0.587189
68 46 0.587862
68 54 0.495437
68 34 0.827601
68 36 0.810340
68 39 1.283214
68 37 2.248763
68 35 2.341087
68 38 2.424549
69 4 0.304057
69 8 0.301344
69 7 0.341708
69 14 0.363258
69 0 0.438923
69 10 0.422935
69 12 0.398065
69 13 0.395011
69 6 0.446521
69 17 0.389811
69 2 0.469687
69 9 0.483738
69 3 0.529552
69 5 0.528342
69 11 0.486216
69 18 0.525202
69 1 0.650407
69 16 0.609805
69 32 0.240045
69 15 0.661687
69 20 0.574306
69 28 0.414463
69 26 0.481247
69 24 0.484474
69 22 0.523579
69 33 0.381551
69 30 0.391258
69 19 0.743133
69 27 0.511818
69 31 0.477739
69 40 0.471820
69 41 0.476909
69 21 0.651075
69 54 0.373588
69 29 0.560497
69 45 0.483998
69 23 0.683924
69 51 0.456542
69 46 0.492124
69 50 0.463733
69 53 0.422614
69 44 0.514117
69 25 0.678514
69 47 0.553956
69 55 0.474176
69 42 0.600570
69 36 0.676264
69 49 0.588227
69 52 0.568826
69 43 0.650988
69 56 0.590968
69 48 0.667036
69 34 0.882307
69 39 1.349724
69 37 2.066963
69 38 2.087037
69 35 2.340699
70 9 0.307857
70 4 0.445556
70 3 0.468894
70 12 0.276618
70 11 0.317041
70 10 0.345923
70 2 0.490807
70 6 0.428879
70 8 0.378431
70 1 0.507108
70 5 0.448195
70 0 0.513732
70 13 0.277133
70 14 0.293255
70 7 0.455217
70 31 0.281852
70 32 0.316708
70 28 0.332935
70 16 0.588991
70 33 0.448715
70 21 0.508654
70 18 0.566913
70 24 0.534575
70 26 0.564454
70 51 0.552037
70 50 0.571404
70 42 0.579372
70 52 0.583766
70 48 0.597405
70 56 0.590838
70 30 0.639814
70 55 0.603128
70 29 0.651874
70 19 0.704024
70 53 0.625936
70 49 0.636497
70 22 0.696256
70 46 0.644930
70 25 0.711947
70 20 0.748960
70 43 0.698395
70 17 0.830526
70 23 0.765637
70 44 0.723679
70 45 0.745016
70 15 0.971832
70 27 0.817509
70 40 0.813509
70 47 0.844226
70 41 0.861325
70 54 0.875505
70 36 0.976731
70 34 1.243073
70 39 1.469798
70 38 2.700698
70 37 2.759236
70 35 2.945122
71 8 0.324466
71 9 0.324587
71 12 0.287275
71 14 0.306623
71 10 0.341938
71 0 0.488804
71 1 0.501292
71 13 0.380823
71 11 0.387191
71 2 0.528293
71 3 0.592428
71 7 0.627570
71 4 0.664308
71 5 0.634734
71 32 0.234498
71 28 0.257318
71 6 0.729246
71 15 0.643488
71 29 0.316589
71 16 0.735096
71 20 0.485007
71 17 0.690209
71 30 0.400391
71 31 0.417295
71 19 0.541160
71 33 0.442791
71 23 0.539825
71 18 0.657507
71 21 0.601617
71 24 0.573241
71 25 0.559587
71 22 0.639008
71 27 0.602880
71 50 0.324607
71 26 0.632107
71 44 0.434706
71 43 0.517527
71 53 0.378865
71 41 0.553923
71 46 0.512341
71 45 0.524303
71 42 0.587358
71 48 0.557448
71 51 0.537372
71 40 0.636968
71 54 0.454249
71 52 0.492001
71 56 0.480418
71 49 0.604114
71 47 0.643061
71 34 0.854015
71 55 0.572894
71 36 0.850754
71 39 1.287123
71 35 2.318582
71 37 2.511651
71 38 2.587138
72 3 0.271600
72 8 0.284210
72 5 0.293418
72 2 0.330688
72 10 0.325589
72 14 0.393654
72 11 0.421158
72 9 0.430695
72 1 0.439548
72 0 0.455335
72 20 0.416413
72 4 0.532716
72 31 0.484970
72 6 0.532620
72 12 0.513162
72 22 0.549385
72 13 0.620258
72 17 0.608886
72 32 0.609068
72 29 0.631891
72 7 0.683238
72 18 0.665818
72 24 0.661447
72 44 0.651732
72 26 0.699503
72 16 0.717839
72 42 0.708562
72 54 0.700673
72 40 0.720387
72 28 0.755871
72 50 0.743203
72 30 0.778679
72 52 0.763753
72 23 0.807162
72 25 0.826323
72 56 0.792901
72 48 0.811945
72 33 0.838477
72 46 0.841841
72 51 0.840664
72 49 0.857754
72 41 0.873549
72 45 0.876164
72 43 0.891533
72 15 0.929219
72 27 0.922062
72 21 0.942942
72 55 0.909281
72 53 0.933878
72 47 0.950025
72 36 0.971495
72 34 0.988695
72 19 1.030843
72 39 1.813222
72 38 2.642676
72 37 2.656593
72 35 3.029376
73 8 0.287368
73 10 0.298650
73 9 0.305766
73 12 0.322645
73 11 0.385383
73 13 0.353853
73 14 0.433482
73 1 0.576146
73 0 0.582634
73 3 0.577890
73 5 0.571331
73 6 0.613044
73 2 0.635061
73 31 0.287322
73 7 0.657936
73 4 0.685185
73 29 0.359760
73 30 0.346396
73 16 0.627693
73 28 0.411027
73 33 0.374632
73 21 0.549400
73 32 0.446594
73 18 0.604056
73 15 0.809476
73 17 0.733603
73 50 0.311404
73 25 0.652063
73 26 0.665531
73 19 0.738709
73 56 0.382300
73 48 0.431770
73 20 0.799180
73 23 0.797552
73 27 0.773029
73 24 0.823428
73 42 0.522438
73 51 0.538246
73 22 0.897570
73 41 0.645541
73 54 0.552731
73 52 0.567267
73 49 0.587520
73 45 0.596042
73 47 0.625359
73 46 0.636272
73 40 0.735696
73 53 0.651990
73 43 0.674778
73 55 0.688582
73 36 0.879447
73 44 0.710767
73 34 0.975096
73 39 1.598333
73 35 2.738969
73 38 2.753877
73 37 2.799827
74 11 0.265337
74 8 0.270627
74 10 0.285534
74 9 0.307621
74 12 0.306505
74 13 0.361964
74 2 0.475910
74 16 0.485210
74 7 0.519158
74 0 0.547971
74 3 0.576519
74 1 0.582601
74 5 0.573699
74 15 0.557722
74 6 0.584145
74 14 0.605371
74 4 0.653270
74 18 0.632596
74 30 0.591835
74 28 0.633327
74 32 0.627958
74 31 0.668662
74 29 0.699991
74 33 0.716817
74 50 0.626530
74 17 0.773864
74 21 0.768372
74 20 0.787588
74 26 0.780401
74 27 0.780530
74 19 0.814691
74 22 0.797025
74 25 0.800013
74 49 0.713086
74 52 0.676304
74 56 0.659726
74 44 0.810384
74 48 0.789294
74 23 0.912600
74 40 0.890346
74 46 0.860558
74 43 0.901861
74 45 0.876252
74 54 0.749105
74 53 0.793591
74 51 0.869219
74 42 0.986603
74 24 1.036843
74 36 1.020214
74 34 1.087854
74 47 1.047841
74 41 1.130393
74 55 0.983467
74 39 1.841801
74 37 2.900577
74 38 2.948969
74 35 2.958818
75 9 0.277835
75 12 0.286136
75 10 0.342343
75 8 0.358016
75 13 0.425435
75 11 0.432541
75 14 0.438581
75 1 0.491824
75 5 0.546288
75 3 0.603578
75 0 0.611750
75 2 0.652093
75 28 0.567104
75 6 0.737718
75 31 0.647185
75 50 0.481335
75 30 0.717741
75 32 0.730426
75 4 0.879739
75 17 0.836340
75 7 0.877569
75 18 0.852267
75 33 0.800847
75 29 0.890024
75 15 0.979208
75 21 0.963870
75 23 0.962649
75 26 0.961056
75 19 0.991058
75 20 1.015130
75 16 1.036591
75 24 1.030011
75 22 1.088745
75 25 1.099993
75 55 0.831937
75 52 0.909635
75 27 1.142773
75 42 0.954401
75 43 0.960214
75 54 0.915080
75 40 1.074772
75 46 0.975882
75 51 0.977262
75 41 1.048216
75 53 0.980240
75 45 0.995072
75 44 1.003133
75 47 1.016502
75 48 1.060798
75 49 1.078792
75 56 1.006929
75 36 1.435329
75 34 1.569577
75 39 1.992789
75 38 3.431996
75 37 3.526484
75 35 3.565573
76 13 0.465751
76 28 0.487165
76 11 0.523056
76 3 0.583628
76 1 0.619935
76 0 0.621414
76 32 0.627097
76 9 0.706842
76 31 0.700843
76 50 0.680871
76 4 0.744007
76 33 0.750653
76 29 0.899722
76 46 0.892952
76 48 0.894242
76 43 0.901244
76 30 0.932026
76 12 1.034563
76 7 1.039341
76 5 1.041709
76 54 1.022329
76 14 1.066542
76 45 1.059339
76 16 1.091302
76 8 1.105638
76 17 1.100401
76 53 1.060677
76 25 1.099648
76 10 1.114496
76 41 1.098317
76 6 1.163218
76 27 1.171607
76 19 1.186154
76 15 1.195964
76 40 1.170365
76 49 1.201095
76 22 1.241075
76 2 1.316000
76 55 1.271443
76 18 1.334091
76 47 1.314712
76 24 1.354147
76 23 1.362012
76 56 1.331419
76 52 1.342687
76 42 1.359394
76 21 1.383209
76 20 1.394961
76 26 1.431670
76 44 1.445422
76 51 1.453183
76 34 1.610667
76 36 1.703697
76 39 2.126577
76 37 3.360674
76 35 3.514477
76 38 3.631690
77 10 0.295320
77 12 0.344495
77 11 0.395605
77 8 0.442795
77 13 0.359647
77 9 0.470574
77 14 0.335934
77 3 0.686163
77 5 0.699593
77 0 0.778910
77 2 0.798120
77 1 0.807128
77 30 0.330845
77 4 0.863380
77 7 0.847326
77 6 0.855542
77 28 0.454111
77 29 0.465579
77 17 0.737912
77 16 0.747959
77 32 0.481919
77 33 0.520557
77 24 0.646786
77 31 0.590211
77 18 0.859150
77 21 0.772756
77 23 0.730739
77 15 0.951007
77 27 0.733238
77 20 0.908671
77 25 0.808010
77 43 0.556017
77 50 0.368024
77 19 0.963240
77 41 0.726504
77 26 0.860341
77 44 0.611934
77 48 0.570964
77 42 0.656314
77 22 0.975650
77 40 0.813209
77 52 0.469742
77 51 0.502657
77 46 0.687940
77 56 0.564771
77 53 0.603274
77 45 0.794474
77 47 0.762031
77 55 0.644206
77 54 0.692130
77 49 0.820421
77 34 1.096800
77 36 1.132949
77 39 1.697431
77 35 3.036911
77 38 3.126156
77 37 3.201823
78 9 0.407773
78 10 0.443577
78 13 0.510856
78 0 0.521164
78 1 0.521163
78 12 0.557071
78 3 0.575658
78 31 0.597960
78 27 0.601978
78 50 0.617887
78 25 0.698567
78 17 0.727185
78 28 0.746708
78 22 0.754938
78 5 0.768294
78 52 0.745170
78 4 0.795472
78 30 0.773547
78 7 0.794284
78 33 0.770266
78 32 0.795465
78 11 0.817864
78 29 0.804314
78 45 0.880046
78 42 0.901811
78 53 0.901685
78 8 0.957271
78 14 0.965217
78 20 0.969826
78 2 1.021290
78 41 0.996760
78 40 1.039263
78 49 1.032690
78 24 1.070658
78 16 1.106614
78 21 1.107821
78 26 1.118750
78 19 1.133241
78 51 1.102260
78 46 1.143906
78 6 1.192501
78 54 1.148999
78 56 1.156260
78 15 1.223154
78 18 1.229490
78 43 1.213841
78 23 1.255331
78 55 1.235655
78 47 1.257364
78 44 1.300081
78 48 1.320960
78 36 1.356199
78 34 1.582471
78 39 2.237768
78 37 3.432941
78 38 3.595383
78 35 3.604793
79 10 0.429380
79 8 0.439245
79 11 0.444096
79 13 0.478654
79 9 0.488381
79 6 0.539358
79 14 0.526129
79 12 0.533484
79 3 0.595836
79 1 0.613174
79 4 0.660820
79 0 0.697446
79 2 0.696358
79 22 0.575488
79 5 0.810235
79 31 0.321424
79 21 0.693799
79 30 0.393507
79 16 0.779498
79 28 0.483791
79 24 0.645300
79 33 0.368308
79 27 0.582955
79 29 0.423784
79 18 0.800365
79 7 0.938092
79 23 0.826084
79 15 0.968514
79 17 0.940733
79 20 0.921034
79 32 0.577870
79 26 0.796406
79 50 0.406132
79 19 0.980583
79 25 0.895708
79 42 0.625597
79 41 0.649827
79 46 0.570899
79 40 0.669471
79 43 0.674227
79 52 0.596293
79 44 0.728936
79 49 0.647381
79 51 0.643305
79 48 0.680467
79 45 0.761872
79 53 0.689360
79 54 0.701995
79 56 0.692923
79 47 0.755837
79 55 0.747087
79 34 0.988605
79 36 1.021983
79 39 1.651886
79 35 3.068947
79 38 3.026570
79 37 3.137666
80 12 0.416189
80 11 0.539886
80 10 0.663720
80 8 0.665606
80 28 0.688530
80 4 0.746642
80 33 0.736750
80 3 0.803536
80 7 0.801780
80 32 0.821370
80 2 0.901962
80 5 0.900932
80 1 0.904194
80 0 0.935198
80 13 0.926646
80 30 0.966758
80 50 0.971811
80 6 1.025395
80 41 0.985014
80 9 1.053208
80 29 1.033964
80 49 1.007469
80 54 1.028823
80 24 1.272204
80 31 1.260729
80 14 1.282971
80 46 1.243171
80 25 1.273345
80 53 1.279382
80 52 1.290490
80 17 1.369133
80 26 1.367739
80 45 1.373621
80 15 1.461026
80 16 1.469262
80 56 1.417282
80 18 1.476277
80 20 1.482187
80 19 1.505548
80 22 1.510708
80 47 1.487274
80 48 1.486587
80 40 1.510030
80 21 1.540542
80 27 1.538151
80 51 1.511263
80 44 1.559958
80 43 1.561495
80 23 1.597338
80 36 1.583783
80 42 1.698747
80 55 1.711318
80 34 1.877274
80 39 2.527645
80 37 4.147238
80 35 4.240001
80 38 4.279960
81 10 0.332491
81 11 0.382199
81 12 0.411518
81 8 0.446788
81 9 0.490908
81 14 0.518027
81 3 0.652083
81 5 0.648580
81 1 0.657290
81 13 0.628564
81 0 0.737151
81 4 0.734828
81 30 0.595087
81 2 0.748065
81 7 0.839108
81 29 0.757887
81 32 0.711068
81 31 0.774112
81 15 0.885388
81 6 0.960222
81 33 0.793004
81 28 0.888362
81 17 0.945417
81 24 0.930248
81 16 0.972616
81 18 0.971520
81 22 0.979991
81 20 0.997842
81 19 1.043471
81 26 1.012209
81 50 0.473806
81 25 1.078224
81 27 1.079705
81 21 1.124317
81 23 1.123233
81 44 0.782660
81 53 0.598467
81 46 0.813994
81 41 0.927912
81 49 0.790980
81 48 0.795334
81 51 0.739498
81 42 0.958986
81 56 0.648963
81 43 0.963259
81 40 1.010768
81 52 0.789804
81 47 0.884545
81 45 1.010520
81 34 1.338980
81 54 0.845308
81 55 0.816647
81 36 1.460238
81 39 1.872087
81 37 3.590344
81 38 3.598313
81 35 3.785624
82 8 0.400607
82 0 0.525789
82 3 0.579088
82 32 0.545289
82 9 0.605825
82 1 0.614651
82 29 0.592841
82 50 0.634673
82 6 0.696621
82 11 0.721152
82 13 0.739718
82 28 0.799513
82 5 0.837833
82 14 0.837261
82 7 0.925628
82 33 0.901220
82 17 0.929823
82 10 0.968686
82 24 0.948192
82 45 0.937206
82 22 0.975676
82 27 0.973805
82 30 0.983935
82 12 1.015603
82 4 1.060838
82 2 1.063037
82 53 0.996711
82 56 1.074028
82 43 1.090317
82 51 1.080681
82 49 1.088825
82 31 1.116075
82 23 1.150751
82 21 1.160006
82 19 1.214872
82 47 1.224530
82 25 1.272701
82 41 1.262612
82 44 1.278021
82 20 1.328711
82 15 1.339031
82 42 1.329568
82 46 1.331617
82 55 1.321593
82 54 1.328139
82 40 1.345143
82 16 1.393582
82 48 1.362516
82 26 1.409370
82 18 1.461454
82 52 1.421871
82 36 1.531852
82 34 1.640094
82 39 2.322603
82 38 3.992416
82 37 4.024184
82 35 4.102704
83 14 0.372046
83 5 0.492878
83 3 0.496144
83 9 0.487362
83 13 0.506723
83 7 0.582520
83 2 0.614056
83 29 0.635728
83 10 0.704804
83 12 0.726806
83 15 0.734678
83 16 0.891710
83 1 0.915317
83 8 0.906671
83 31 0.857936
83 50 0.836787
83 47 0.841434
83 6 0.914099
83 0 0.920570
83 32 0.859792
83 28 0.865437
83 30 0.899153
83 4 1.010420
83 18 1.007938
83 25 1.005448
83 55 0.971933
83 54 0.986006
83 49 0.992045
83 33 1.013256
83 11 1.068785
83 46 1.007332
83 17 1.057930
83 24 1.060109
83 56 1.048637
83 45 1.063870
83 20 1.114828
83 40 1.090109
83 26 1.114640
83 19 1.155624
83 22 1.147622
83 44 1.139484
83 53 1.136261
83 42 1.160114
83 27 1.201777
83 41 1.211717
83 48 1.208681
83 51 1.234072
83 23 1.274505
83 52 1.264485
83 21 1.343260
83 43 1.321438
83 34 1.528920
83 36 1.540131
83 39 2.396317
83 38 3.444899
83 37 3.739430
83 35 3.785504
84 8 0.294095
84 9 0.287851
84 12 0.294659
84 10 0.332766
84 11 0.348452
84 13 0.353617
84 14 0.432504
84 5 0.655208
84 1 0.759773
84 3 0.783991
84 7 0.785637
84 4 0.855828
84 6 0.851520
84 30 0.522315
84 17 0.668507
84 32 0.530808
84 31 0.539010
84 33 0.549489
84 2 0.946796
84 28 0.595520
84 24 0.638247
84 29 0.598090
84 0 0.979037
84 16 0.801831
84 15 0.870162
84 20 0.692707
84 26 0.663173
84 22 0.696156
84 23 0.782490
84 25 0.761092
84 27 0.740292
84 50 0.594108
84 19 0.895077
84 21 0.907923
84 18 0.998690
84 44 0.854139
84 53 0.663666
84 51 0.830529
84 40 0.974177
84 54 0.751996
84 45 0.941594
84 42 0.973676
84 47 0.886870
84 43 0.986898
84 48 0.895523
84 55 0.757982
84 56 0.759594
84 41 1.031772
84 52 0.858776
84 46 0.976731
84 49 0.989681
84 34 1.306179
84 36 1.364912
84 39 2.099256
84 37 3.343871
84 35 3.406714
84 38 3.493645
85 12 0.460709
85 10 0.462702
85 14 0.606560
85 5 0.631472
85 8 0.643739
85 13 0.651430
85 29 0.663981
85 4 0.742871
85 6 0.765067
85 0 0.783185
85 42 0.753159
85 52 0.797184
85 33 0.842028
85 32 0.855240
85 31 0.919093
85 16 0.946230
85 20 0.943788
85 1 1.014932
85 15 1.028159
85 21 1.023595
85 9 1.053698
85 11 1.062978
85 30 1.046114
85 24 1.086149
85 7 1.101258
85 44 1.062605
85 46 1.076674
85 28 1.099370
85 27 1.109514
85 50 1.113691
85 51 1.113225
85 23 1.175100
85 40 1.182102
85 53 1.193031
85 22 1.251770
85 17 1.262101
85 26 1.255023
85 3 1.279672
85 2 1.293426
85 25 1.274555
85 48 1.261856
85 55 1.262136
85 56 1.292672
85 54 1.313275
85 18 1.385839
85 47 1.376761
85 34 1.405172
85 43 1.393631
85 49 1.393007
85 19 1.429616
85 45 1.400811
85 41 1.427016
85 36 1.443312
85 39 2.526642
85 35 3.681512
85 38 3.716783
85 37 3.748873
86 10 0.357574
86 9 0.389907
86 11 0.387976
86 8 0.394696
86 12 0.439892
86 50 0.449608
86 30 0.779950
86 32 0.778047
86 4 0.835270
86 14 0.803879
86 3 0.837675
86 52 0.792069
86 42 0.845732
86 29 0.880181
86 33 0.904353
86 28 0.943653
86 2 0.998894
86 1 1.026342
86 6 1.021056
86 21 0.981697
86 0 1.043824
86 13 1.024704
86 51 0.971525
86 16 1.071519
86 24 1.068192
86 31 1.108653
86 44 1.098790
86 56 1.079346
86 5 1.230188
86 43 1.209828
86 20 1.244536
86 18 1.254053
86 46 1.239997
86 41 1.271323
86 26 1.299500
86 27 1.307601
86 17 1.336318
86 45 1.328159
86 15 1.370814
86 22 1.370484
86 40 1.376215
86 36 1.385637
86 54 1.358618
86 7 1.443471
86 19 1.409705
86 23 1.447455
86 48 1.431775
86 25 1.473119
86 53 1.443262
86 55 1.454862
86 49 1.518180
86 34 1.541582
86 47 1.568960
86 39 2.598160
86 35 3.758027
86 38 3.962315
86 37 4.211349
87 9 0.348380
87 11 0.437084
87 10 0.495067
87 8 0.518212
87 14 0.485211
87 12 0.524678
87 13 0.529353
87 1 0.705046
87 3 0.736092
87 28 0.244701
87 4 0.793437
87 7 0.788357
87 2 0.814724
87 29 0.265464
87 0 0.855199
87 6 0.833379
87 5 0.870967
87 33 0.268130
87 32 0.375126
87 15 0.862044
87 31 0.440365
87 19 0.749738
87 21 0.685186
87 16 0.976388
87 24 0.618845
87 30 0.552043
87 25 0.616228
87 27 0.642076
87 26 0.653696
87 17 1.047928
87 50 0.383355
87 22 0.727330
87 18 1.004786
87 23 0.791485
87 46 0.591414
87 43 0.679598
87 20 1.024193
87 52 0.603666
87 40 0.751082
87 41 0.748432
87 42 0.752664
87 53 0.672135
87 51 0.682716
87 44 0.764774
87 48 0.778366
87 55 0.739360
87 56 0.743251
87 54 0.764551
87 49 0.786714
87 45 0.850267
87 47 0.830882
87 36 1.012489
87 34 1.104905
87 39 1.636125
87 37 3.117335
87 38 3.293563
87 35 3.406215
88 8 0.334598
88 9 0.372055
88 10 0.400844
88 11 0.389914
88 12 0.362219
88 13 0.401926
88 14 0.442995
88 1 0.635410
88 4 0.694229
88 3 0.720119
88 2 0.751862
88 5 0.752960
88 28 0.374037
88 0 0.793779
88 31 0.370042
88 30 0.450436
88 29 0.454251
88 7 0.884699
88 32 0.467440
88 18 0.766198
88 16 0.794208
88 50 0.450168
88 6 1.050531
88 33 0.666892
88 15 1.033547
88 19 1.090333
88 21 0.978043
88 22 1.006218
88 20 1.139051
88 26 1.014307
88 24 1.068404
88 46 0.920538
88 27 1.076296
88 49 0.948153
88 41 1.043135
88 48 0.994896
88 25 1.170635
88 40 1.086592
88 56 0.964264
88 17 1.400206
88 45 1.120570
88 23 1.307477
88 51 1.108400
88 43 1.183671
88 53 1.119812
88 42 1.216919
88 44 1.203847
88 55 1.099268
88 47 1.177980
88 54 1.120667
88 52 1.164213
88 36 1.344304
88 34 1.405883
88 39 2.368541
88 38 3.821402
88 35 3.906009
88 37 3.993721
89 8 0.374409
89 9 0.388486
89 11 0.419793
89 10 0.429188
89 3 0.658226
89 1 0.697196
89 5 0.740067
89 33 0.700776
89 14 0.753529
89 4 0.864526
89 29 0.823559
89 12 0.871671
89 13 0.871431
89 0 0.943505
89 30 0.862818
89 50 0.974938
89 6 1.091601
89 31 1.036927
89 15 1.065890
89 2 1.148904
89 7 1.149817
89 28 1.108170
89 32 1.151841
89 16 1.224377
89 21 1.248436
89 20 1.252693
89 46 1.317218
89 25 1.381126
89 22 1.394103
89 41 1.364863
89 23 1.410155
89 26 1.414151
89 49 1.365285
89 47 1.399111
89 55 1.384942
89 53 1.421080
89 18 1.504388
89 56 1.422046
89 19 1.516961
89 48 1.469298
89 40 1.496839
89 17 1.554297
89 45 1.576755
89 51 1.565082
89 42 1.596215
89 52 1.570734
89 44 1.614480
89 27 1.661073
89 24 1.678853
89 36 1.728066
89 43 1.720995
89 54 1.693802
89 34 1.920508
89 39 2.693416
89 35 4.197003
89 37 4.242848
89 38 4.249638
90 9 0.454768
90 10 0.486834
90 13 0.484519
90 12 0.495156
90 14 0.519037
90 8 0.587985
90 5 0.593643
90 33 0.700751
90 3 0.751183
90 11 0.767258
90 7 0.775599
90 28 0.802914
90 4 0.850453
90 2 0.852122
90 6 0.877201
90 30 0.838638
90 32 0.842725
90 31 0.891196
90 50 0.921066
90 18 0.993570
90 20 1.014719
90 16 1.024589
90 43 0.990285
90 44 1.014195
90 52 1.007208
90 0 1.092975
90 1 1.099821
90 29 1.082054
90 45 1.094432
90 53 1.091563
90 19 1.151881
90 26 1.150277
90 51 1.140690
90 49 1.194883
90 21 1.236329
90 17 1.272740
90 41 1.266994
90 46 1.271162
90 22 1.301277
90 42 1.280260
90 24 1.312841
90 56 1.291632
90 55 1.305641
90 48 1.321987
90 40 1.341934
90 47 1.349459
90 27 1.391801
90 15 1.416710
90 54 1.396200
90 25 1.449321
90 23 1.504717
90 36 1.748435
90 34 1.774348
90 39 2.779740
90 38 3.967414
90 37 4.400166
90 35 4.533587
91 8 0.388262
91 9 0.396270
91 11 0.431299
91 10 0.508145
91 14 0.541904
91 13 0.638008
91 3 0.661104
91 7 0.654374
91 12 0.646145
91 1 0.671759
91 5 0.732236
91 29 0.775713
91 28 0.795982
91 4 0.829885
91 0 0.865716
91 31 0.843287
91 15 0.881424
91 33 0.869358
91 2 0.947597
91 22 0.936110
91 32 0.986779
91 17 1.039305
91 6 1.070426
91 23 1.087484
91 43 1.051490
91 16 1.154929
91 30 1.147813
91 50 1.093414
91 19 1.231457
91 21 1.238091
91 49 1.189202
91 47 1.234760
91 52 1.221960
91 44 1.271038
91 53 1.229033
91 41 1.302789
91 18 1.365722
91 51 1.284431
91 55 1.296754
91 25 1.432413
91 24 1.446841
91 27 1.449377
91 42 1.426269
91 20 1.501914
91 45 1.442908
91 46 1.448087
91 26 1.514784
91 56 1.387380
91 40 1.492739
91 48 1.510641
91 54 1.481927
91 34 1.847640
91 36 2.011611
91 39 2.707136
91 37 4.593117
91 38 4.685647
91 35 4.716182
92 12 0.472921
92 10 0.617092
92 8 0.655775
92 14 0.812225
92 11 0.848574
92 50 0.839423
92 1 0.905844
92 3 0.913231
92 6 0.943833
92 4 0.961312
92 28 0.941424
92 31 1.056568
92 16 1.084388
92 21 1.106013
92 33 1.103729
92 51 1.082603
92 48 1.088028
92 5 1.141262
92 9 1.190178
92 46 1.153122
92 30 1.172910
92 55 1.144190
92 29 1.174938
92 23 1.229096
92 53 1.276009
92 13 1.320867
92 32 1.313824
92 45 1.299394
92 2 1.351673
92 44 1.333404
92 54 1.321942
92 34 1.347254
92 18 1.365655
92 43 1.393795
92 19 1.423203
92 22 1.428764
92 52 1.416039
92 0 1.476800
92 49 1.439220
92 7 1.503652
92 20 1.494914
92 47 1.483705
92 27 1.568504
92 56 1.542620
92 24 1.581210
92 41 1.576506
92 42 1.576350
92 40 1.643611
92 15 1.694151
92 17 1.708240
92 25 1.709916
92 26 1.715932
92 36 2.131724
92 39 2.940324
92 38 4.585211
92 37 4.670339
92 35 4.673928
93 10 0.538130
93 13 0.602010
93 21 0.621614
93 11 0.731715
93 9 0.810576
93 8 0.858794
93 20 0.881446
93 19 0.921107
93 32 0.906970
93 50 0.898135
93 29 0.946326
93 1 0.971654
93 2 0.971799
93 30 0.984450
93 31 1.033050
93 17 1.178874
93 49 1.186849
93 51 1.228282
93 7 1.276245
93 41 1.277950
93 55 1.277059
93 52 1.292812
93 45 1.340152
93 46 1.343910
93 6 1.408439
93 12 1.404025
93 47 1.418849
93 14 1.456036
93 33 1.471401
93 5 1.507543
93 28 1.488751
93 18 1.500867
93 43 1.529074
93 24 1.604698
93 15 1.623152
93 4 1.642392
93 22 1.643721
93 54 1.632002
93 40 1.678690
93 16 1.713845
93 27 1.716532
93 3 1.772059
93 0 1.783442
93 26 1.770635
93 56 1.757939
93 44 1.813611
93 48 1.930117
93 53 1.939889
93 25 1.980468
93 42 2.047136
93 23 2.153969
93 36 2.177018
93 34 2.278374
93 39 3.062936
93 35 4.580364
93 38 4.947925
93 37 5.003213
94 13 0.515452
94 11 0.570059
94 12 0.649127
94 29 0.703368
94 8 0.764556
94 42 0.860246
94 5 0.953110
94 2 0.955764
94 32 0.928400
94 3 0.967466
94 33 0.951220
94 50 0.932404
94 30 0.989270
94 28 0.999139
94 20 1.061776
94 6 1.113433
94 41 1.136214
94 31 1.189461
94 18 1.205551
94 9 1.212406
94 46 1.206327
94 10 1.246182
94 40 1.215792
94 44 1.211105
94 4 1.252532
94 16 1.256505
94 0 1.268559
94 51 1.234738
94 7 1.304222
94 1 1.311284
94 14 1.335501
94 53 1.479383
94 21 1.569686
94 49 1.583636
94 34 1.616955
94 26 1.646443
94 24 1.658056
94 25 1.657728
94 27 1.666741
94 23 1.680816
94 22 1.691214
94 48 1.661398
94 54 1.656021
94 17 1.725557
94 19 1.741959
94 43 1.740783
94 15 1.780143
94 52 1.759690
94 45 1.815164
94 55 1.810233
94 56 1.838682
94 47 1.944586
94 36 2.169458
94 39 3.203904
94 37 4.384987
94 35 4.617487
94 38 4.910656
95 8 0.473118
95 11 0.505296
95 29 0.608376
95 13 0.715193
95 3 0.733237
95 9 0.766806
95 32 0.741782
95 33 0.749738
95 31 0.787244
95 1 0.851557
95 5 0.921770
95 0 0.953532
95 10 0.974610
95 12 0.984560
95 7 1.132122
95 49 1.094916
95 45 1.099991
95 41 1.105998
95 23 1.180919
95 20 1.209608
95 15 1.214307
95 28 1.198066
95 14 1.216317
95 16 1.215113
95 30 1.197108
95 43 1.186159
95 50 1.212139
95 24 1.319345
95 56 1.296505
95 47 1.315192
95 52 1.329325
95 51 1.340359
95 18 1.388092
95 53 1.354056
95 25 1.393963
95 27 1.394071
95 6 1.421561
95 40 1.397657
95 19 1.426164
95 17 1.490664
95 55 1.484427
95 2 1.548042
95 26 1.527092
95 22 1.544276
95 44 1.528861
95 4 1.586194
95 46 1.563533
95 42 1.574127
95 54 1.572948
95 48 1.603131
95 21 1.644488
95 36 2.000108
95 34 2.036379
95 39 2.625071
95 38 4.610562
95 37 4.624329
95 35 4.766224
96 12 0.403831
96 11 0.520509
96 0 0.642438
96 8 0.656637
96 10 0.664455
96 5 0.679207
96 3 0.711681
96 6 0.738000
96 7 0.752297
96 14 0.785263
96 31 0.808066
96 4 0.840661
96 2 0.866504
96 32 0.866661
96 9 0.918024
96 1 0.946500
96 30 0.933650
96 28 0.977418
96 20 0.987557
96 48 0.971728
96 50 0.986918
96 53 1.047692
96 45 1.084870
96 56 1.074796
96 33 1.126896
96 17 1.159698
96 16 1.186187
96 46 1.178222
96 29 1.207633
96 13 1.228480
96 51 1.229465
96 15 1.275312
96 42 1.245491
96 25 1.315693
96 18 1.330057
96 41 1.308639
96 44 1.325526
96 24 1.380926
96 26 1.410097
96 49 1.386080
96 40 1.408001
96 43 1.416726
96 22 1.463413
96 27 1.467598
96 19 1.503810
96 52 1.471205
96 54 1.469615
96 23 1.510238
96 21 1.529648
96 55 1.545515
96 47 1.559179
96 34 1.808745
96 36 1.882583
96 39 2.899098
96 38 4.448277
96 37 4.581774
96 35 4.583727
97 9 0.307415
97 3 0.548473
97 8 0.594109
97 1 0.638299
97 0 0.678051
97 32 0.670463
97 5 0.719376
97 31 0.731846
97 6 0.801821
97 23 0.838388
97 29 0.904468
97 10 0.943099
97 13 0.943630
97 11 0.978118
97 21 0.976980
97 50 0.972613
97 33 1.021879
97 7 1.046848
97 19 1.038111
97 30 1.026585
97 28 1.035938
97 40 1.061652
97 45 1.103837
97 12 1.150388
97 4 1.167743
97 51 1.128981
97 14 1.195637
97 48 1.172054
97 54 1.210590
97 46 1.279555
97 20 1.318711
97 17 1.330320
97 24 1.355178
97 43 1.345124
97 22 1.378090
97 16 1.409784
97 41 1.388155
97 53 1.413564
97 25 1.456258
97 49 1.451175
97 56 1.443097
97 15 1.489994
97 42 1.475830
97 2 1.537151
97 26 1.546640
97 27 1.551291
97 44 1.546506
97 55 1.556794
97 52 1.572809
97 18 1.649282
97 47 1.673035
97 36 1.712583
97 34 1.938278
97 39 2.801903
97 38 4.596731
97 37 4.605652
97 35 4.776236
98 11 0.569840
98 8 0.626931
98 1 0.800519
98 12 0.843093
98 3 0.868520
98 30 0.844107
98 6 0.915692
98 10 0.957812
98 0 0.965836
98 14 0.984761
98 32 1.013069
98 17 1.086577
98 31 1.135112
98 4 1.180207
98 2 1.206718
98 24 1.220602
98 5 1.254996
98 40 1.305320
98 13 1.421816
98 28 1.453833
98 9 1.473848
98 33 1.450093
98 7 1.477014
98 23 1.464396
98 48 1.435682
98 19 1.469431
98 50 1.471437
98 29 1.526991
98 15 1.556439
98 26 1.632743
98 53 1.698717
98 56 1.696951
98 25 1.793108
98 46 1.802068
98 51 1.809496
98 27 1.866059
98 41 1.850849
98 21 1.883159
98 22 1.883319
98 20 1.944421
98 42 1.931190
98 16 1.959802
98 49 1.934494
98 52 1.932000
98 54 1.960889
98 18 2.043747
98 45 2.025051
98 47 2.024085
98 44 2.049999
98 34 2.082298
98 43 2.113170
98 55 2.169189
98 36 2.566482
98 39 3.549273
98 35 5.227171
98 37 5.508715
98 38 5.941173
99 8 0.484818
99 10 0.491153
99 13 0.572624
99 11 0.580697
99 14 0.702666
99 12 0.829661
99 9 0.844700
99 28 0.878014
99 16 1.049529
99 32 0.666264
99 19 1.129643
99 29 1.015228
99 3 1.142304
99 31 0.953540
99 0 1.145367
99 20 1.131628
99 33 0.707357
99 30 1.054219
99 18 1.218722
99 17 1.220100
99 24 1.295539
99 1 1.332193
99 2 1.331855
99 4 1.366045
99 27 1.346925
99 23 1.370132
99 15 1.378236
99 21 1.392828
99 25 1.422656
99 22 1.442265
99 50 0.540147
99 7 1.535619
99 5 1.551601
99 41 0.952000
99 6 1.640118
99 44 1.069861
99 26 1.803037
99 47 1.006680
99 40 1.244189
99 53 0.903681
99 48 1.063664
99 55 0.872302
99 46 1.118534
99 52 0.970985
99 42 1.307020
99 43 1.294154
99 49 1.155239
99 56 0.923261
99 45 1.280769
99 54 1.128951
99 51 1.253289
99 34 1.738225
99 36 1.852537
99 39 3.133418
99 37 5.131643
99 38 5.227772
99 35 5.400173
100 9 0.244552
100 8 0.280008
100 11 0.422064
100 13 0.445836
100 12 0.460110
100 10 0.468515
100 3 0.602712
100 1 0.622403
100 0 0.647392
100 14 0.555640
100 2 0.803857
100 5 0.757235
100 28 0.276106
100 31 0.276645
100 32 0.263421
100 7 0.788802
100 29 0.345620
100 4 0.962139
100 33 0.516035
100 25 0.704927
100 30 0.577319
100 16 0.947806
100 17 0.948961
100 19 0.898192
100 18 0.950002
100 6 1.135997
100 50 0.427523
100 15 1.038569
100 27 0.805133
100 23 0.944354
100 21 0.998151
100 22 1.002172
100 20 1.035630
100 24 0.964127
100 48 0.741211
100 26 0.978527
100 45 0.798950
100 56 0.682598
100 44 0.890573
100 54 0.804272
100 42 0.976391
100 40 1.037475
100 41 1.038427
100 53 0.868744
100 46 0.986959
100 49 0.959059
100 47 1.008123
100 55 0.877979
100 51 1.009661
100 52 1.096846
100 43 1.232223
100 36 1.329857
100 34 1.467197
100 39 2.516901
100 37 4.498825
100 38 4.507995
100 35 4.618185
101 8 0.532028
101 9 0.610355
101 10 0.610024
101 31 0.591965
101 3 0.729712
101 32 0.822187
101 5 0.847694
101 12 0.876496
101 0 0.895639
101 14 1.006921
101 50 1.025251
101 13 1.156149
101 33 1.166667
101 29 1.171501
101 42 1.184983
101 1 1.225307
101 19 1.213523
101 6 1.268500
101 16 1.261804
101 43 1.315911
101 18 1.345737
101 53 1.305462
101 51 1.307997
101 48 1.312081
101 25 1.362833
101 55 1.454019
101 20 1.495658
101 30 1.485156
101 11 1.504870
101 28 1.488379
101 52 1.461102
101 7 1.554279
101 56 1.516529
101 2 1.608731
101 45 1.603689
101 47 1.612695
101 23 1.653263
101 54 1.617955
101 15 1.697731
101 4 1.764684
101 27 1.765841
101 46 1.785617
101 44 1.797010
101 24 1.822216
101 40 1.861592
101 49 1.867242
101 26 1.904034
101 41 1.887078
101 22 1.950613
101 21 1.968600
101 17 2.011714
101 36 2.328582
101 34 2.448511
101 39 3.972245
101 37 5.906885
101 38 6.006587
101 35 6.243595
102 11 0.465911
102 10 0.614262
102 9 0.658257
102 1 0.849466
102 28 0.826052
102 13 0.913213
102 33 0.911486
102 5 0.962709
102 29 0.924542
102 8 0.996837
102 7 1.041180
102 50 1.056628
102 25 1.094306
102 51 1.094272
102 32 1.118830
102 30 1.150719
102 17 1.203035
102 19 1.219037
102 0 1.298622
102 15 1.288319
102 27 1.275139
102 21 1.334652
102 12 1.397601
102 56 1.354651
102 3 1.430284
102 48 1.418626
102 31 1.446454
102 14 1.486818
102 40 1.494987
102 4 1.567407
102 47 1.537536
102 6 1.621082
102 23 1.596880
102 55 1.566857
102 20 1.646110
102 2 1.689015
102 24 1.688097
102 41 1.673808
102 45 1.685320
102 18 1.720769
102 26 1.714731
102 44 1.694680
102 49 1.703373
102 43 1.717816
102 46 1.731930
102 52 1.736684
102 42 1.776751
102 22 1.808663
102 53 1.812206
102 54 1.834430
102 16 1.915594
102 36 2.095618
102 34 2.276014
102 39 3.132692
102 37 5.487186
102 35 5.525901
102 38 5.784367
103 10 0.524423
103 12 0.551241
103 9 0.597682
103 11 0.598054
103 8 0.611562
103 50 0.659583
103 28 0.705515
103 31 0.804176
103 6 0.989703
103 30 1.029246
103 19 1.045530
103 4 1.124756
103 51 1.116414
103 7 1.164922
103 1 1.169539
103 32 1.142226
103 5 1.168114
103 29 1.190622
103 0 1.233676
103 23 1.219351
103 13 1.245778
103 49 1.402311
103 18 1.440107
103 33 1.455257
103 14 1.515684
103 54 1.473061
103 20 1.538802
103 22 1.557734
103 16 1.577870
103 42 1.550966
103 21 1.771919
103 46 1.742633
103 3 1.786124
103 47 1.742451
103 2 1.787721
103 17 1.789976
103 15 1.802639
103 44 1.802568
103 45 1.801923
103 25 1.855472
103 43 1.892163
103 24 1.937279
103 55 1.948292
103 27 1.990998
103 52 1.997435
103 26 2.050617
103 40 2.042448
103 41 2.053777
103 56 2.047956
103 48 2.071387
103 36 2.126174
103 53 2.116234
103 34 2.352735
103 39 3.701746
103 35 5.371149
103 37 5.448409
103 38 5.555096
104 9 0.446812
104 13 0.651710
104 11 0.665074
104 10 0.700105
104 14 0.808337
104 12 0.919015
104 29 0.907847
104 2 0.948164
104 0 0.950688
104 33 0.952220
104 1 1.027305
104 8 1.020586
104 28 0.995787
104 3 1.066870
104 32 1.055443
104 5 1.106686
104 30 1.128348
104 50 1.151710
104 44 1.247554
104 31 1.300751
104 53 1.327279
104 6 1.405651
104 17 1.403492
104 56 1.356007
104 23 1.446418
104 51 1.414482
104 48 1.418037
104 24 1.450880
104 45 1.440316
104 42 1.461094
104 4 1.521563
104 52 1.464573
104 54 1.512576
104 7 1.575537
104 27 1.551542
104 22 1.601448
104 15 1.629123
104 25 1.624619
104 43 1.664381
104 21 1.695388
104 47 1.671199
104 40 1.688452
104 41 1.724778
104 46 1.728763
104 26 1.752157
104 19 1.770791
104 16 1.817909
104 18 1.859785
104 55 1.832379
104 49 1.854210
104 20 1.993816
104 36 2.317404
104 34 2.375109
104 39 3.464327
104 38 5.465609
104 35 5.711651
104 37 5.735393
105 10 0.524296
105 8 0.546313
105 14 0.542966
105 11 0.624382
105 32 0.629783
105 13 0.726870
105 0 0.747340
105 9 0.754896
105 30 0.795119
105 12 0.947095
105 28 1.051747
105 29 1.076006
105 3 1.128703
105 33 1.094955
105 31 1.137986
105 1 1.186259
105 50 1.149326
105 2 1.212519
105 6 1.210760
105 4 1.240869
105 53 1.194061
105 20 1.345133
105 46 1.329854
105 44 1.390404
105 23 1.488444
105 48 1.493104
105 56 1.495438
105 43 1.509160
105 7 1.623178
105 5 1.685068
105 45 1.638061
105 15 1.682615
105 41 1.735496
105 42 1.772999
105 52 1.791545
105 47 1.865270
105 54 1.865720
105 49 1.876417
105 34 1.901155
105 22 1.944773
105 17 1.973436
105 40 1.951692
105 16 1.995879
105 24 1.987198
105 51 1.959630
105 18 2.030736
105 27 2.056372
105 25 2.058851
105 55 2.092157
105 21 2.171026
105 19 2.209988
105 26 2.267563
105 36 2.257302
105 39 3.394610
105 35 5.381026
105 37 5.737377
105 38 6.213085
106 11 0.617028
106 9 0.698441
106 31 0.919242
106 12 0.964470
106 33 0.944936
106 1 1.070133
106 50 1.068825
106 3 1.157484
106 4 1.307844
106 10 1.311464
106 7 1.315853
106 18 1.365482
106 13 1.376834
106 29 1.412305
106 30 1.453783
106 2 1.527881
106 28 1.506484
106 51 1.524540
106 0 1.597078
106 14 1.607679
106 32 1.590843
106 6 1.752201
106 40 1.719102
106 8 1.752584
106 19 1.745128
106 53 1.717707
106 42 1.750852
106 27 1.791329
106 46 1.801134
106 5 1.843774
106 43 1.816580
106 54 1.816087
106 25 1.850735
106 15 1.861248
106 17 1.947440
106 48 1.919441
106 21 1.951836
106 16 1.966553
106 23 1.977509
106 20 1.988810
106 47 2.019868
106 41 2.069532
106 55 2.080826
106 56 2.087105
106 22 2.163489
106 52 2.148088
106 45 2.232818
106 36 2.253004
106 34 2.274716
106 26 2.294401
106 49 2.305992
106 44 2.321862
106 24 2.365563
106 39 3.993869
106 37 6.192478
106 38 6.200614
106 35 6.584930
107 13 0.569686
107 9 0.712471
107 50 0.782603
107 3 0.871497
107 14 0.863581
107 32 0.966283
107 8 1.007493
107 29 0.989738
107 1 1.058400
107 12 1.105783
107 55 1.143561
107 28 1.177840
107 11 1.195724
107 30 1.209870
107 31 1.209024
107 16 1.276074
107 25 1.334957
107 49 1.414027
107 43 1.422401
107 33 1.475101
107 45 1.529501
107 44 1.572902
107 7 1.613741
107 6 1.615603
107 27 1.641661
107 10 1.660201
107 0 1.667683
107 40 1.628312
107 20 1.665496
107 46 1.776836
107 5 1.840469
107 51 1.801136
107 18 1.852743
107 4 1.899392
107 53 1.887929
107 19 1.936751
107 54 1.931894
107 41 1.956762
107 2 2.022509
107 47 1.984801
107 23 2.047241
107 22 2.089727
107 15 2.114831
107 26 2.121475
107 42 2.111846
107 17 2.194690
107 48 2.167140
107 52 2.219180
107 21 2.288892
107 56 2.271789
107 24 2.362019
107 34 2.725695
107 36 2.990725
107 39 3.614175
107 37 6.387839
107 38 6.748438
107 35 6.840023
108 11 0.601446
108 8 0.636499
108 13 0.648680
108 30 0.802016
108 31 0.881602
108 28 0.968139
108 32 1.075837
108 14 1.127339
108 5 1.246862
108 4 1.269153
108 12 1.260705
108 9 1.303755
108 29 1.303552
108 7 1.403068
108 10 1.478721
108 51 1.498380
108 2 1.616654
108 18 1.612661
108 50 1.622793
108 47 1.675260
108 6 1.739001
108 52 1.694144
108 48 1.777856
108 33 1.838070
108 16 1.885814
108 3 1.987929
108 43 1.949858
108 56 1.992238
108 0 2.059931
108 24 2.042169
108 46 2.052663
108 41 2.096861
108 36 2.174762
108 40 2.176021
108 45 2.185812
108 27 2.227544
108 22 2.275511
108 25 2.299723
108 55 2.302236
108 19 2.356913
108 15 2.368410
108 26 2.360618
108 1 2.414991
108 34 2.385176
108 17 2.409960
108 42 2.477775
108 44 2.514139
108 54 2.555879
108 20 2.603843
108 49 2.590614
108 21 2.712914
108 23 2.737864
108 53 2.798016
108 39 4.373632
108 35 6.573186
108 37 6.929187
108 38 7.186797
109 11 0.742565
109 9 0.898921
109 7 1.047447
109 1 1.136459
109 29 1.134256
109 32 1.134439
109 2 1.183942
109 10 1.226835
109 28 1.236771
109 33 1.238246
109 43 1.256429
109 18 1.292853
109 4 1.321332
109 25 1.302841
109 50 1.305758
109 53 1.335072
109 14 1.377206
109 31 1.367952
109 13 1.406286
109 22 1.406128
109 8 1.420780
109 30 1.443595
109 5 1.495733
109 45 1.456277
109 12 1.492022
109 24 1.481043
109 23 1.505569
109 47 1.496243
109 17 1.538860
109 0 1.594498
109 56 1.537450
109 21 1.586845
109 51 1.599268
109 26 1.639499
109 27 1.696653
109 3 1.730933
109 54 1.716222
109 40 1.823926
109 6 1.875004
109 49 1.845465
109 42 1.858311
109 52 1.872609
109 55 1.878166
109 44 1.898885
109 16 2.002212
109 15 2.011965
109 19 2.013770
109 48 2.006616
109 46 2.024169
109 41 2.045317
109 20 2.075429
109 34 2.498265
109 36 2.687345
109 39 3.587992
109 37 6.615668
109 35 6.880964
109 38 7.000151
110 8 0.632104
110 12 0.638258
110 30 0.741126
110 9 0.887152
110 10 0.921896
110 14 0.934477
110 13 1.163805
110 32 1.196866
110 11 1.265095
110 29 1.288982
110 1 1.367835
110 28 1.347512
110 33 1.387241
110 56 1.414954
110 31 1.490599
110 52 1.466679
110 24 1.525736
110 2 1.566916
110 42 1.617833
110 20 1.680500
110 50 1.646213
110 0 1.695768
110 43 1.742013
110 3 1.800847
110 46 1.831274
110 17 1.875648
110 18 1.875766
110 26 1.882168
110 5 1.912066
110 54 1.934089
110 25 1.978648
110 21 2.004216
110 48 2.018696
110 19 2.071064
110 4 2.112105
110 47 2.083116
110 55 2.085333
110 36 2.161502
110 6 2.220124
110 44 2.194898
110 16 2.234578
110 45 2.240308
110 41 2.336036
110 7 2.394983
110 53 2.357748
110 27 2.397960
110 49 2.396266
110 51 2.425851
110 15 2.534343
110 23 2.552697
110 40 2.598713
110 22 2.691309
110 34 2.802253
110 39 4.303642
110 35 6.752974
110 37 6.931427
110 38 7.195344
111 12 0.494961
111 11 0.532206
111 50 0.519358
111 3 0.595862
111 5 0.620824
111 13 0.686845
111 2 0.812315
111 9 0.837223
111 17 0.910421
111 15 0.912338
111 10 0.936377
111 28 0.920673
111 32 0.916774
111 0 0.950077
111 31 0.919226
111 19 0.939570
111 30 0.981704
111 53 1.006590
111 49 1.046779
111 8 1.099272
111 1 1.133531
111 29 1.128451
111 21 1.139513
111 14 1.146475
111 6 1.166421
111 22 1.200285
111 33 1.206472
111 4 1.245154
111 51 1.214433
111 44 1.258925
111 25 1.296964
111 40 1.329785
111 7 1.371621
111 46 1.423197
111 55 1.413904
111 43 1.443291
111 16 1.489010
111 56 1.454214
111 27 1.488885
111 52 1.544423
111 26 1.575576
111 54 1.544259
111 23 1.580428
111 18 1.585244
111 41 1.560116
111 45 1.556770
111 20 1.607080
111 42 1.590669
111 48 1.585600
111 47 1.644529
111 24 1.779229
111 36 2.206111
111 34 2.285600
111 39 3.658812
111 38 6.193475
111 35 6.282335
111 37 6.288461
112 10 0.742762
112 8 1.040905
112 12 1.043802
112 13 1.043534
112 11 1.233198
112 33 1.307895
112 9 1.354104
112 6 1.440135
112 1 1.512769
112 3 1.534909
112 27 1.581267
112 5 1.692922
112 48 1.642933
112 2 1.697414
112 31 1.669250
112 7 1.783776
112 29 1.838270
112 25 1.843236
112 50 1.822863
112 51 1.845086
112 30 1.974886
112 16 2.092710
112 32 2.074768
112 47 2.090439
112 28 2.117198
112 54 2.082923
112 18 2.132271
112 23 2.182242
112 49 2.165965
112 14 2.211515
112 42 2.273607
112 0 2.437812
112 15 2.426954
112 46 2.388371
112 43 2.392691
112 24 2.418569
112 52 2.443312
112 44 2.455980
112 22 2.537402
112 17 2.542859
112 34 2.548895
112 26 2.569948
112 41 2.567192
112 53 2.580192
112 20 2.658532
112 4 2.684051
112 55 2.623128
112 40 2.673970
112 56 2.815938
112 19 2.896541
112 45 2.892373
112 36 3.088655
112 21 3.129096
112 39 4.850834
112 37 7.145306
112 35 7.388497
112 38 7.453565
113 9 0.709430
113 31 0.726272
113 13 0.767881
113 8 0.819892
113 50 0.795394
113 11 0.919528
113 28 1.049802
113 12 1.246441
113 30 1.257844
113 1 1.301879
113 32 1.260633
113 5 1.320769
113 29 1.297371
113 33 1.386909
113 51 1.411145
113 3 1.477680
113 42 1.489149
113 45 1.616016
113 47 1.654566
113 14 1.701454
113 23 1.691933
113 0 1.732368
113 41 1.672655
113 56 1.678784
113 10 1.755991
113 21 1.749214
113 55 1.710969
113 43 1.754484
113 44 1.759599
113 19 1.870866
113 6 1.896140
113 25 1.895161
113 15 1.931238
113 27 1.938932
113 26 1.963652
113 16 1.989590
113 49 2.045963
113 17 2.112312
113 46 2.100917
113 7 2.159445
113 40 2.127013
113 48 2.188206
113 4 2.252183
113 52 2.194702
113 2 2.303561
113 18 2.333059
113 24 2.355386
113 22 2.381511
113 20 2.408633
113 53 2.376389
113 54 2.376032
113 36 2.684199
113 34 3.107308
113 39 3.915645
113 38 6.846800
113 35 7.197264
113 37 7.529386
114 9 0.672668
114 50 0.643549
114 14 0.902570
114 32 0.921773
114 8 0.949186
114 29 0.994202
114 10 1.031948
114 5 1.238696
114 3 1.297177
114 26 1.293191
114 56 1.262458
114 13 1.354817
114 1 1.446588
114 12 1.453883
114 0 1.465672
114 4 1.463470
114 30 1.444348
114 54 1.446842
114 43 1.493695
114 28 1.608391
114 11 1.668656
114 31 1.711466
114 20 1.743102
114 24 1.741049
114 25 1.753207
114 55 1.758699
114 42 1.773143
114 2 1.837634
114 33 1.834631
114 22 1.847682
114 46 1.890633
114 51 1.997308
114 16 2.041392
114 40 2.036947
114 48 2.056216
114 18 2.130265
114 49 2.101991
114 27 2.163798
114 7 2.275325
114 41 2.252773
114 6 2.296274
114 52 2.282731
114 47 2.363494
114 15 2.404162
114 45 2.387041
114 23 2.411003
114 21 2.468534
114 17 2.500096
114 34 2.505079
114 19 2.550965
114 53 2.531649
114 44 2.716248
114 36 2.781737
114 39 4.076986
114 35 7.048216
114 38 7.251335
114 37 7.546785
115 9 0.465411
115 11 0.497865
115 10 0.632356
115 28 0.728567
115 0 0.891935
115 13 0.901450
115 33 0.892964
115 29 1.053330
115 30 1.095255
115 3 1.141011
115 2 1.191442
115 8 1.189173
115 4 1.192581
115 32 1.167372
115 40 1.157597
115 54 1.145771
115 23 1.180687
115 5 1.257063
115 50 1.213194
115 51 1.213526
115 14 1.293377
115 46 1.274191
115 55 1.445278
115 12 1.514998
115 42 1.483528
115 53 1.473736
115 26 1.515162
115 45 1.513782
115 31 1.530533
115 15 1.576866
115 21 1.572513
115 27 1.578512
115 7 1.606086
115 18 1.611907
115 48 1.599815
115 1 1.655802
115 25 1.657321
115 49 1.675686
115 44 1.717881
115 6 1.765573
115 24 1.764429
115 47 1.745446
115 19 1.809402
115 22 1.846718
115 17 1.858594
115 16 1.875029
115 56 1.850020
115 43 1.893673
115 41 1.936542
115 20 2.023191
115 36 2.016433
115 52 2.019794
115 34 2.403903
115 39 3.988391
115 38 6.468956
115 35 6.703732
115 37 6.749421
116 9 0.587171
116 12 0.631510
116 11 0.633239
116 8 0.653585
116 13 0.676990
116 14 0.895238
116 31 0.892172
116 33 0.961837
116 30 1.073168
116 29 1.110314
116 2 1.163492
116 50 1.188816
116 0 1.307524
116 28 1.282370
116 10 1.301721
116 6 1.305906
116 7 1.440895
116 5 1.443820
116 3 1.447775
116 54 1.636019
116 32 1.663968
116 53 1.638105
116 48 1.684200
116 46 1.688358
116 52 1.761119
116 49 1.793429
116 41 1.887995
116 17 1.923580
116 40 1.980679
116 55 1.976799
116 26 2.014725
116 43 2.007882
116 18 2.042432
116 56 2.002648
116 51 2.021007
116 4 2.095938
116 22 2.106622
116 47 2.086575
116 44 2.090814
116 23 2.157086
116 45 2.159352
116 1 2.219911
116 27 2.217241
116 15 2.302112
116 20 2.308067
116 25 2.316324
116 42 2.305032
116 19 2.395251
116 16 2.440707
116 21 2.445335
116 24 2.466209
116 36 2.754174
116 34 3.174176
116 39 4.584856
116 37 7.412759
116 35 7.831015
116 38 7.904148
117 8 0.644010
117 11 0.702296
117 9 0.736646
117 13 0.917787
117 12 1.022980
117 14 1.100784
117 30 1.165897
117 32 1.181301
117 28 1.225174
117 31 1.338925
117 19 1.354292
117 0 1.469580
117 1 1.483907
117 33 1.454818
117 27 1.628059
117 29 1.664002
117 4 1.706303
117 2 1.708479
117 55 1.649877
117 3 1.738381
117 26 1.719764
117 44 1.740340
117 50 1.799127
117 10 1.847951
117 56 1.794278
117 6 1.884443
117 46 1.840475
117 16 1.915280
117 21 1.976070
117 23 2.074725
117 40 2.080971
117 20 2.169581
117 25 2.307494
117 41 2.303013
117 22 2.340946
117 52 2.317224
117 24 2.413383
117 48 2.478224
117 18 2.517544
117 45 2.482998
117 43 2.486125
117 54 2.472701
117 53 2.487202
117 5 2.556557
117 15 2.550305
117 47 2.537780
117 51 2.557375
117 42 2.598258
117 7 2.654155
117 49 2.672988
117 17 2.779768
117 36 3.300003
117 34 3.330335
117 39 4.543991
117 35 6.667403
117 38 7.173123
117 37 7.276082
118 8 0.627015
118 11 0.673149
118 10 0.817365
118 13 0.816494
118 30 0.942385
118 29 1.004819
118 12 1.029473
118 33 1.037986
118 28 1.334053
118 14 1.383371
118 52 1.480736
118 0 1.580202
118 2 1.579889
118 6 1.577700
118 3 1.587105
118 32 1.563631
118 5 1.608254
118 50 1.564118
118 4 1.612190
118 22 1.709097
118 31 1.700208
118 9 1.787270
118 26 1.827240
118 21 1.867905
118 27 1.876120
118 1 1.920475
118 43 1.881464
118 23 1.955711
118 56 1.933002
118 51 1.960732
118 18 2.015894
118 40 2.013560
118 16 2.099312
118 20 2.130428
118 24 2.330281
118 45 2.321419
118 44 2.360242
118 54 2.361300
118 48 2.458745
118 19 2.507184
118 46 2.544904
118 7 2.585356
118 25 2.582984
118 49 2.555776
118 42 2.602697
118 41 2.629359
118 55 2.633941
118 36 2.668942
118 53 2.659686
118 17 2.715817
118 15 2.814391
118 47 2.779201
118 34 3.479793
118 39 4.900477
118 37 7.720620
118 38 7.987452
118 35 8.169747
119 8 0.667546
119 10 0.732848
119 30 0.731106
119 29 0.924030
119 28 1.177934
119 52 1.166688
119 11 1.357405
119 43 1.369239
119 3 1.419336
119 50 1.405997
119 31 1.427640
119 0 1.556493
119 4 1.563359
119 32 1.664282
119 46 1.680392
119 12 1.716262
119 7 1.792678
119 1 1.798414
119 20 1.808948
119 14 1.816377
119 49 1.832795
119 33 1.861127
119 56 1.842301
119 51 1.922501
119 9 1.965805
119 13 1.963806
119 44 1.948807
119 27 1.978971
119 54 1.983150
119 22 2.018787
119 42 2.029901
119 2 2.100344
119 21 2.094244
119 17 2.113480
119 41 2.223518
119 15 2.265692
119 5 2.290122
119 47 2.311929
119 55 2.305039
119 45 2.360347
119 48 2.418674
119 24 2.467893
119 25 2.499610
119 16 2.544691
119 19 2.543123
119 26 2.563490
119 6 2.613510
119 23 2.644101
119 18 2.658366
119 40 2.656585
119 53 2.647516
119 34 2.732853
119 36 3.186054
119 39 4.843618
119 37 7.486689
119 35 7.576715
119 38 8.121799
120 11 0.849241
120 12 1.023405
120 8 1.032990
120 13 1.023967
120 14 1.101781
120 9 1.215613
120 29 1.233643
120 28 1.353840
120 33 1.541849
120 30 1.680240
120 0 1.874141
120 6 1.869214
120 3 1.874035
120 10 1.870768
120 2 2.042608
120 16 2.106470
120 17 2.123846
120 19 2.127898
120 23 2.143699
120 48 1.817562
120 50 1.706882
120 25 2.265430
120 44 2.275555
120 31 2.379131
120 7 2.514983
120 32 2.461694
120 20 2.488157
120 51 1.917594
120 18 2.547855
120 15 2.738084
120 56 1.917268
120 49 2.365510
120 4 2.798016
120 47 2.532812
120 53 2.229228
120 1 2.918492
120 22 2.882284
120 24 2.879739
120 26 2.929879
120 42 2.937952
120 27 3.036868
120 5 3.110170
120 21 3.078408
120 52 2.503511
120 40 3.140710
120 46 2.893353
120 36 3.178321
120 41 3.290825
120 55 2.541069
120 45 3.174825
120 54 2.562850
120 43 3.247776
120 34 3.587449
120 39 6.385628
120 35 9.185709
120 38 9.458807
120 37 10.090395
