21 0 0.091521
21 2 0.090751
21 1 0.096200
21 3 0.099705
21 4 0.109677
21 5 0.120539
21 7 0.099256
21 6 0.149202
21 8 0.107483
21 11 0.103535
21 9 0.106994
21 12 0.117322
21 13 0.123054
21 10 0.128474
21 18 0.128960
21 19 0.138438
21 17 0.141558
21 15 0.148869
21 20 0.151315
21 14 0.169752
21 16 0.164453
21 21 0.165662
21 23 0.162460
21 22 0.178230
21 24 0.176472
21 26 0.189705
21 32 0.191984
21 50 0.156774
21 48 0.159954
21 27 0.209750
21 30 0.205478
21 54 0.159845
21 46 0.172066
21 28 0.216145
21 51 0.168357
21 33 0.206408
21 25 0.247929
21 29 0.220251
21 44 0.191960
21 52 0.183889
21 47 0.193565
21 42 0.206945
21 56 0.181465
21 41 0.210067
21 53 0.192329
21 49 0.201557
21 31 0.242735
21 40 0.232702
21 43 0.233254
21 45 0.232887
21 55 0.217837
21 34 0.268826
21 36 0.267773
21 39 0.322991
21 35 0.435793
21 38 0.432248
21 37 0.434571
22 0 0.144629
22 4 0.144144
22 1 0.158423
22 3 0.175984
22 5 0.183653
22 2 0.188529
22 8 0.187832
22 6 0.204406
22 7 0.215780
22 9 0.215795
22 10 0.217705
22 12 0.215364
22 11 0.233879
22 13 0.252225
22 15 0.291563
22 21 0.283710
22 17 0.292584
22 31 0.271040
22 29 0.275644
22 25 0.284544
22 47 0.253351
22 32 0.287982
22 49 0.267307
22 41 0.262954
22 52 0.249522
22 23 0.291550
22 55 0.248525
22 27 0.289683
22 16 0.305288
22 51 0.256689
22 24 0.315760
22 19 0.296227
22 43 0.286731
22 28 0.283481
22 33 0.304732
22 45 0.289917
22 14 0.336779
22 18 0.336179
22 30 0.317241
22 50 0.289917
22 46 0.298319
22 20 0.337256
22 56 0.288461
22 48 0.301598
22 54 0.294715
22 42 0.312386
22 40 0.316730
22 44 0.311102
22 26 0.338925
22 22 0.347511
22 53 0.304359
22 34 0.340587
22 36 0.339385
22 39 0.386831
22 38 0.430545
22 37 0.471532
22 35 0.516461
23 1 0.103373
23 0 0.107691
23 4 0.161004
23 3 0.175370
23 5 0.189715
23 2 0.198744
23 8 0.200011
23 7 0.206483
23 6 0.232010
23 9 0.248241
23 32 0.236771
23 12 0.260631
23 10 0.264589
23 31 0.245128
23 50 0.236605
23 48 0.240466
23 14 0.278745
23 18 0.276026
23 20 0.274242
23 44 0.250926
23 29 0.273667
23 28 0.277066
23 40 0.265809
23 21 0.286373
23 16 0.291358
23 26 0.281099
23 22 0.291401
23 11 0.301148
23 56 0.256582
23 30 0.282748
23 24 0.290403
23 19 0.298985
23 27 0.291572
23 52 0.267087
23 13 0.308233
23 41 0.280009
23 49 0.272190
23 42 0.279313
23 33 0.289420
23 23 0.304550
23 51 0.275711
23 53 0.274897
23 46 0.282560
23 54 0.278611
23 15 0.319545
23 17 0.318424
23 55 0.281593
23 45 0.292215
23 25 0.314331
23 43 0.298525
23 47 0.297107
23 36 0.327463
23 34 0.331169
23 39 0.405761
23 38 0.476598
23 37 0.487677
23 35 0.499626
24 0 0.097098
24 1 0.093432
24 2 0.130819
24 5 0.090838
24 3 0.150625
24 6 0.134567
24 4 0.161729
24 7 0.116954
24 14 0.080085
24 17 0.100695
24 12 0.123615
24 13 0.126911
24 16 0.132769
24 18 0.140399
24 19 0.123606
24 15 0.153183
24 9 0.178589
24 20 0.131870
24 8 0.188470
24 11 0.176030
24 10 0.193493
24 21 0.174986
24 24 0.166280
24 22 0.179843
24 23 0.179394
24 25 0.184545
24 27 0.197266
24 29 0.199359
24 28 0.206651
24 30 0.207285
24 47 0.175805
24 53 0.163344
24 51 0.192096
24 33 0.233163
24 26 0.246653
24 31 0.255120
24 32 0.255540
24 54 0.204611
24 56 0.209138
24 50 0.222445
24 48 0.227070
24 46 0.231261
24 52 0.217051
24 40 0.252873
24 49 0.225988
24 55 0.213350
24 43 0.245417
24 36 0.263459
24 42 0.255422
24 44 0.251253
24 41 0.260611
24 45 0.254128
24 34 0.296268
24 39 0.360977
24 38 0.418664
24 37 0.498181
24 35 0.548650
25 3 0.095940
25 0 0.128015
25 6 0.123748
25 5 0.148332
25 1 0.182925
25 2 0.181004
25 4 0.177088
25 7 0.157522
25 12 0.083409
25 13 0.086291
25 10 0.111016
25 8 0.151620
25 14 0.101093
25 9 0.161244
25 15 0.128026
25 11 0.174233
25 17 0.136888
25 19 0.148009
25 16 0.166019
25 21 0.160294
25 23 0.159454
25 25 0.174854
25 22 0.199891
25 28 0.201030
25 33 0.195898
25 18 0.233063
25 50 0.168021
25 44 0.202053
25 29 0.235525
25 20 0.283379
25 31 0.260931
25 55 0.209085
25 52 0.222565
25 24 0.287479
25 49 0.230986
25 30 0.267471
25 46 0.238703
25 27 0.280619
25 45 0.239958
25 48 0.233699
25 43 0.243153
25 53 0.223681
25 51 0.228762
25 32 0.268033
25 40 0.250680
25 26 0.286940
25 42 0.251613
25 54 0.237991
25 41 0.266728
25 56 0.233366
25 36 0.289549
25 47 0.277595
25 34 0.323354
25 39 0.388689
25 38 0.413686
25 37 0.497453
25 35 0.527836
26 1 0.087405
26 3 0.101288
26 0 0.129642
26 5 0.141164
26 7 0.148054
26 11 0.078030
26 4 0.177050
26 2 0.190714
26 6 0.192374
26 9 0.151731
26 10 0.154624
26 8 0.170255
26 16 0.129731
26 13 0.134794
26 17 0.110967
26 14 0.144318
26 12 0.148985
26 20 0.099487
26 19 0.103443
26 15 0.160861
26 21 0.109331
26 18 0.154442
26 22 0.138059
26 23 0.141240
26 24 0.163709
26 30 0.181253
26 25 0.192157
26 26 0.226856
26 53 0.158532
26 31 0.218656
26 45 0.175894
26 33 0.210232
26 29 0.223163
26 47 0.175035
26 43 0.188198
26 27 0.230128
26 28 0.231662
26 32 0.233527
26 41 0.219168
26 52 0.190038
26 55 0.182449
26 51 0.193332
26 54 0.190644
26 44 0.217075
26 48 0.207129
26 40 0.234628
26 56 0.186980
26 49 0.212082
26 42 0.238909
26 36 0.249679
26 50 0.222118
26 46 0.231717
26 34 0.320746
26 39 0.381205
26 38 0.395515
26 37 0.519652
26 35 0.527387
27 4 0.087729
27 1 0.099975
27 3 0.113377
27 2 0.139826
27 0 0.148163
27 6 0.152736
27 9 0.157305
27 16 0.103564
27 11 0.124401
27 8 0.171516
27 10 0.138996
27 5 0.223277
27 7 0.208950
27 19 0.143791
27 14 0.152818
27 12 0.166994
27 22 0.139659
27 15 0.172901
27 18 0.175697
27 13 0.183582
27 17 0.179515
27 21 0.160005
27 25 0.146470
27 24 0.152890
27 23 0.164416
27 20 0.181176
27 26 0.164951
27 27 0.172976
27 30 0.216096
27 32 0.213779
27 48 0.159299
27 44 0.177998
27 43 0.181627
27 28 0.258914
27 50 0.189727
27 52 0.185442
27 33 0.238859
27 45 0.195542
27 53 0.185828
27 51 0.190664
27 46 0.197186
27 31 0.254617
27 41 0.206875
27 29 0.260800
27 54 0.186525
27 49 0.197642
27 40 0.215609
27 42 0.218372
27 47 0.211424
27 56 0.200731
27 36 0.239791
27 55 0.227902
27 34 0.312051
27 39 0.398832
27 38 0.422594
27 35 0.613558
27 37 0.611821
28 3 0.124104
28 2 0.137104
28 0 0.175714
28 1 0.183290
28 4 0.169307
28 5 0.148851
28 8 0.120900
28 10 0.124156
28 9 0.128541
28 6 0.163325
28 12 0.133918
28 11 0.144520
28 14 0.148160
28 7 0.182806
28 13 0.177449
28 15 0.208725
28 29 0.240183
28 19 0.260309
28 47 0.222818
28 21 0.263993
28 51 0.224568
28 32 0.253803
28 42 0.244626
28 20 0.329749
28 28 0.312461
28 17 0.333454
28 48 0.295952
28 26 0.317555
28 50 0.286773
28 18 0.344754
28 22 0.329298
28 49 0.288765
28 53 0.284862
28 30 0.314474
28 33 0.305014
28 31 0.317958
28 25 0.328719
28 55 0.280715
28 23 0.335441
28 16 0.349769
28 24 0.334695
28 40 0.314100
28 44 0.311101
28 43 0.312613
28 54 0.299531
28 52 0.302536
28 27 0.340065
28 41 0.326187
28 45 0.323771
28 56 0.315106
28 46 0.334487
28 34 0.361307
28 36 0.391110
28 39 0.462721
28 35 0.614604
28 38 0.633776
28 37 0.638032
29 0 0.108153
29 1 0.130365
29 2 0.151668
29 13 0.209356
29 9 0.217211
29 11 0.216846
29 4 0.230401
29 3 0.233702
29 8 0.224093
29 5 0.233094
29 12 0.241328
29 6 0.253726
29 22 0.243954
29 20 0.247649
29 10 0.264166
29 7 0.267288
29 18 0.287166
29 15 0.304620
29 21 0.298944
29 14 0.321200
29 16 0.329161
29 32 0.283227
29 26 0.354206
29 31 0.297137
29 28 0.315971
29 19 0.377367
29 36 0.282751
29 17 0.390484
29 24 0.375310
29 51 0.247462
29 42 0.278796
29 48 0.263166
29 40 0.297306
29 44 0.296228
29 33 0.338066
29 45 0.297301
29 23 0.417420
29 25 0.414405
29 50 0.292597
29 30 0.363179
29 29 0.368766
29 52 0.299621
29 49 0.313542
29 46 0.332397
29 38 0.363089
29 54 0.326113
29 27 0.440023
29 55 0.323045
29 53 0.329954
29 56 0.326021
29 41 0.375573
29 43 0.374827
29 47 0.371656
29 34 0.415274
29 39 0.554056
29 35 0.764392
29 37 0.767788
30 1 0.151897
30 2 0.162144
30 5 0.189526
30 4 0.190770
30 6 0.189695
30 0 0.228263
30 7 0.223819
30 10 0.220527
30 8 0.224137
30 3 0.232945
30 11 0.233976
30 9 0.246035
30 13 0.245316
30 12 0.253504
30 14 0.273267
30 15 0.277734
30 21 0.270759
30 17 0.303648
30 23 0.290224
30 19 0.304148
30 20 0.302849
30 16 0.314962
30 29 0.297101
30 31 0.300824
30 25 0.322859
30 27 0.319729
30 55 0.213666
30 50 0.238551
30 41 0.293089
30 45 0.259826
30 47 0.261453
30 43 0.291328
30 51 0.242646
30 28 0.364507
30 22 0.381851
30 24 0.379676
30 33 0.360337
30 18 0.395340
30 52 0.238991
30 32 0.371461
30 42 0.310493
30 30 0.378260
30 44 0.310948
30 46 0.292288
30 48 0.282326
30 26 0.400651
30 40 0.340300
30 56 0.253517
30 49 0.284214
30 54 0.265838
30 53 0.274608
30 34 0.470689
30 36 0.468693
30 39 0.520316
30 35 0.733473
30 37 0.733673
30 38 0.757496
31 0 0.152816
31 6 0.140422
31 9 0.145211
31 10 0.162169
31 7 0.182872
31 8 0.187675
31 5 0.201241
31 1 0.216614
31 3 0.219261
31 12 0.169313
31 2 0.232786
31 11 0.203207
31 4 0.243475
31 13 0.197604
31 14 0.176210
31 15 0.143548
31 17 0.115189
31 20 0.107088
31 19 0.134254
31 16 0.177143
31 18 0.157325
31 28 0.123722
31 22 0.134122
31 23 0.140823
31 27 0.143021
31 25 0.173314
31 26 0.186196
31 50 0.153536
31 24 0.209272
31 48 0.167039
31 36 0.190598
31 29 0.205068
31 52 0.169523
31 44 0.180432
31 31 0.210202
31 56 0.170990
31 40 0.197207
31 33 0.206799
31 32 0.217814
31 30 0.230606
31 54 0.198776
31 21 0.251586
31 53 0.205376
31 42 0.228261
31 46 0.219060
31 43 0.235633
31 45 0.239411
31 51 0.236519
31 47 0.240084
31 49 0.243289
31 41 0.258698
31 55 0.237686
31 34 0.323275
31 38 0.323084
31 39 0.441595
31 37 0.684611
31 35 0.687426
32 3 0.186555
32 0 0.190386
32 2 0.195094
32 4 0.211736
32 1 0.238336
32 8 0.159725
32 5 0.258897
32 6 0.258787
32 7 0.272508
32 10 0.141542
32 12 0.136255
32 9 0.175602
32 11 0.154920
32 14 0.165683
32 17 0.167960
32 15 0.176828
32 16 0.175822
32 13 0.194234
32 20 0.236647
32 21 0.236610
32 23 0.227941
32 19 0.252158
32 25 0.236649
32 24 0.254310
32 29 0.237460
32 30 0.239375
32 31 0.287608
32 33 0.292004
32 27 0.317110
32 22 0.347967
32 49 0.256412
32 50 0.249383
32 41 0.293857
32 53 0.241861
32 45 0.276132
32 18 0.380827
32 43 0.293351
32 47 0.275263
32 48 0.275977
32 32 0.330678
32 28 0.341726
32 26 0.355234
32 52 0.264229
32 44 0.302660
32 51 0.273562
32 40 0.329404
32 55 0.280983
32 46 0.325438
32 56 0.293662
32 54 0.304060
32 42 0.361025
32 34 0.425506
32 36 0.442579
32 39 0.552180
32 38 0.767038
32 37 0.806652
32 35 0.835711
33 0 0.139516
33 2 0.201354
33 14 0.198792
33 13 0.199633
33 12 0.201529
33 10 0.206267
33 1 0.224885
33 3 0.237248
33 4 0.245656
33 15 0.238356
33 5 0.248066
33 8 0.275668
33 17 0.269510
33 16 0.278107
33 42 0.309446
33 11 0.398049
33 9 0.401270
33 26 0.369698
33 30 0.353193
33 50 0.301076
33 32 0.350238
33 22 0.381958
33 28 0.362569
33 40 0.325509
33 23 0.382150
33 44 0.316133
33 55 0.295137
33 53 0.297410
33 33 0.346771
33 24 0.382182
33 7 0.410169
33 31 0.357934
33 19 0.400402
33 20 0.393196
33 46 0.317940
33 6 0.413876
33 48 0.324589
33 18 0.414003
33 29 0.375577
33 25 0.423468
33 49 0.352867
33 51 0.354375
33 27 0.426268
33 21 0.442105
33 43 0.380299
33 54 0.365754
33 41 0.389455
33 45 0.388402
33 36 0.419411
33 47 0.397093
33 52 0.383603
33 56 0.391315
33 34 0.448729
33 39 0.620406
33 38 0.815951
33 37 0.861480
33 35 0.903120
34 1 0.127589
34 7 0.118735
34 5 0.121063
34 3 0.149455
34 2 0.159074
34 4 0.188253
34 0 0.211033
34 6 0.199579
34 8 0.201031
34 9 0.181593
34 12 0.118024
34 10 0.137803
34 13 0.125353
34 11 0.135095
34 14 0.136897
34 15 0.159206
34 20 0.165470
34 51 0.252718
34 17 0.307787
34 19 0.318620
34 49 0.277993
34 23 0.319482
34 29 0.310996
34 31 0.306959
34 53 0.274460
34 27 0.314622
34 25 0.317440
34 43 0.292566
34 21 0.328103
34 33 0.305956
34 46 0.292676
34 28 0.322779
34 47 0.296070
34 52 0.288372
34 18 0.344363
34 30 0.324945
34 42 0.306869
34 16 0.348679
34 50 0.295406
34 24 0.334357
34 32 0.323517
34 54 0.291270
34 22 0.343271
34 48 0.301117
34 45 0.305497
34 41 0.313837
34 40 0.323893
34 55 0.300106
34 26 0.346985
34 44 0.322069
34 56 0.311450
34 36 0.352115
34 34 0.430974
34 39 0.542445
34 38 0.705804
34 35 0.828222
34 37 0.830933
35 1 0.172194
35 2 0.189011
35 11 0.168921
35 10 0.198224
35 0 0.228251
35 4 0.230855
35 6 0.228954
35 8 0.226170
35 7 0.234304
35 5 0.243743
35 12 0.212435
35 9 0.232598
35 13 0.189369
35 3 0.262590
35 14 0.212052
35 32 0.215844
35 15 0.372687
35 16 0.370194
35 21 0.310202
35 22 0.309428
35 23 0.294593
35 18 0.316304
35 27 0.265133
35 17 0.345076
35 28 0.263480
35 20 0.315581
35 31 0.238799
35 19 0.318831
35 29 0.261338
35 30 0.251892
35 25 0.288888
35 26 0.295541
35 24 0.312722
35 33 0.238631
35 48 0.252302
35 50 0.230033
35 47 0.288721
35 44 0.299369
35 41 0.308003
35 43 0.307025
35 42 0.310628
35 40 0.318181
35 49 0.289038
35 45 0.303726
35 46 0.316771
35 52 0.147221
35 55 0.152226
35 56 0.130635
35 51 0.197970
35 34 0.397436
35 54 0.174749
35 53 0.200685
35 36 0.418493
35 39 0.558879
35 37 0.868293
35 35 0.874111
35 38 0.878611
36 1 0.160714
36 2 0.171526
36 11 0.139476
36 9 0.196481
36 0 0.218180
36 4 0.220822
36 8 0.232625
36 10 0.224546
36 5 0.257187
36 6 0.256605
36 3 0.261385
36 7 0.262393
36 13 0.136238
36 12 0.165944
36 14 0.148411
36 15 0.167555
36 16 0.172972
36 17 0.177173
36 21 0.161789
36 20 0.175922
36 19 0.187083
36 23 0.203092
36 33 0.166930
36 31 0.183833
36 29 0.186700
36 32 0.181582
36 28 0.190950
36 22 0.220404
36 18 0.241590
36 30 0.199954
36 24 0.224303
36 27 0.216347
36 25 0.223333
36 26 0.278674
36 43 0.253643
36 52 0.213815
36 40 0.299121
36 41 0.296651
36 42 0.295083
36 50 0.231893
36 53 0.211837
36 49 0.237043
36 56 0.179920
36 54 0.217985
36 47 0.253043
36 44 0.276868
36 48 0.248226
36 55 0.195396
36 45 0.277469
36 51 0.250828
36 36 0.365702
36 46 0.291639
36 34 0.416918
36 39 0.589480
36 38 0.858501
36 35 0.933375
36 37 0.938298
37 0 0.176216
37 4 0.236102
37 10 0.234376
37 14 0.233595
37 1 0.247323
37 2 0.252104
37 5 0.268647
37 6 0.270768
37 3 0.275556
37 7 0.272925
37 13 0.271931
37 11 0.294029
37 8 0.363619
37 18 0.356869
37 50 0.274151
37 15 0.369759
37 12 0.394483
37 30 0.353086
37 22 0.381540
37 17 0.402384
37 20 0.412572
37 24 0.402221
37 40 0.359875
37 52 0.333529
37 46 0.347785
37 16 0.427393
37 28 0.388448
37 32 0.381939
37 44 0.353615
37 48 0.348298
37 26 0.399186
37 42 0.355989
37 54 0.377723
37 43 0.411889
37 53 0.391496
37 51 0.411337
37 49 0.424278
37 31 0.461138
37 45 0.430738
37 23 0.488204
37 27 0.476189
37 9 0.519229
37 47 0.454414
37 56 0.430793
37 41 0.471488
37 29 0.498760
37 33 0.492459
37 19 0.541523
37 25 0.528192
37 34 0.500329
37 36 0.502930
37 55 0.462377
37 21 0.567569
37 39 0.667959
37 38 1.035440
37 37 1.059693
37 35 1.066825
38 1 0.192704
38 3 0.218958
38 12 0.186615
38 9 0.218718
38 6 0.232255
38 4 0.238269
38 8 0.231156
38 2 0.242956
38 11 0.228163
38 5 0.266839
38 13 0.210342
38 10 0.256268
38 0 0.295905
38 7 0.296037
38 14 0.189493
38 15 0.234472
38 25 0.223775
38 22 0.229392
38 29 0.229703
38 17 0.286506
38 19 0.270294
38 21 0.266486
38 50 0.215826
38 33 0.268722
38 28 0.283183
38 51 0.278566
38 47 0.287474
38 45 0.292153
38 18 0.361988
38 40 0.311468
38 27 0.340516
38 16 0.407853
38 41 0.318687
38 26 0.361344
38 43 0.329381
38 49 0.329871
38 32 0.363344
38 20 0.400350
38 30 0.377675
38 23 0.395902
38 46 0.358004
38 24 0.414471
38 31 0.398249
38 54 0.379171
38 44 0.419380
38 42 0.421683
38 48 0.421793
38 52 0.421193
38 55 0.425300
38 36 0.460276
38 53 0.442983
38 56 0.442836
38 34 0.522628
38 39 0.616282
38 38 0.969340
38 35 0.991364
38 37 1.014706
39 0 0.146360
39 3 0.188150
39 8 0.206593
39 2 0.243752
39 13 0.197868
39 5 0.256086
39 4 0.258234
39 12 0.215272
39 14 0.222540
39 9 0.271967
39 20 0.131296
39 11 0.245601
39 6 0.298310
39 1 0.309495
39 10 0.256354
39 18 0.242980
39 7 0.336478
39 16 0.297325
39 21 0.188105
39 19 0.237102
39 23 0.194969
39 15 0.326756
39 24 0.191605
39 17 0.335084
39 22 0.251360
39 25 0.214794
39 28 0.193898
39 33 0.161673
39 30 0.182522
39 32 0.184039
39 31 0.200191
39 29 0.247504
39 54 0.163307
39 50 0.178788
39 26 0.317694
39 52 0.203949
39 42 0.252662
39 27 0.324398
39 46 0.236568
39 47 0.230771
39 45 0.249695
39 55 0.228385
39 56 0.242791
39 40 0.299146
39 44 0.296177
39 51 0.270995
39 53 0.269636
39 36 0.337628
39 43 0.319395
39 48 0.293592
39 49 0.299741
39 41 0.346832
39 34 0.442733
39 38 0.589628
39 39 0.610799
39 35 0.972124
39 37 0.993366
40 0 0.172117
40 1 0.185407
40 8 0.174945
40 3 0.210480
40 6 0.199595
40 2 0.235091
40 4 0.231623
40 5 0.229311
40 9 0.241299
40 10 0.208835
40 13 0.131206
40 12 0.136507
40 7 0.283320
40 11 0.162037
40 17 0.154861
40 14 0.175800
40 31 0.249455
40 49 0.247325
40 18 0.344160
40 19 0.347820
40 51 0.281670
40 21 0.347247
40 53 0.281649
40 33 0.319066
40 25 0.338458
40 15 0.369920
40 38 0.311344
40 23 0.346818
40 50 0.297840
40 45 0.311055
40 44 0.320648
40 46 0.318787
40 29 0.351828
40 30 0.350796
40 28 0.355040
40 22 0.378657
40 52 0.316142
40 54 0.316748
40 16 0.397763
40 24 0.379176
40 36 0.354357
40 32 0.365860
40 40 0.356966
40 41 0.355248
40 47 0.347569
40 20 0.420653
40 48 0.360905
40 43 0.385806
40 26 0.422336
40 27 0.429551
40 42 0.410849
40 55 0.399500
40 56 0.402990
40 34 0.532037
40 39 0.680045
40 37 1.066104
40 35 1.112673
41 8 0.172653
41 0 0.211204
41 10 0.164331
41 9 0.184978
41 2 0.222824
41 6 0.197907
41 1 0.234110
41 13 0.168335
41 5 0.213216
41 3 0.233804
41 11 0.193912
41 12 0.198473
41 14 0.169401
41 7 0.264649
41 4 0.313465
41 16 0.190134
41 17 0.214401
41 15 0.271553
41 18 0.191653
41 19 0.205538
41 28 0.252905
41 20 0.264840
41 32 0.244477
41 21 0.265277
41 50 0.225299
41 33 0.243394
41 25 0.263271
41 31 0.247984
41 45 0.266460
41 23 0.304043
41 26 0.300801
41 52 0.269523
41 54 0.271836
41 48 0.287053
41 29 0.316001
41 46 0.295389
41 30 0.316625
41 44 0.300358
41 40 0.309118
41 56 0.292645
41 24 0.373495
41 42 0.349484
41 22 0.391629
41 27 0.389993
41 51 0.352901
41 43 0.364983
41 36 0.375981
41 47 0.367278
41 49 0.382191
41 41 0.398121
41 53 0.381799
41 55 0.384813
41 34 0.485390
41 38 0.527500
41 39 0.701537
41 35 1.039238
41 37 1.041579
42 0 0.215515
42 2 0.233925
42 3 0.255294
42 1 0.281805
42 8 0.156466
42 9 0.172684
42 10 0.202491
42 13 0.198768
42 7 0.216491
42 12 0.210785
42 14 0.209187
42 4 0.323893
42 6 0.244355
42 11 0.235280
42 5 0.256408
42 20 0.238826
42 17 0.260886
42 21 0.274158
42 16 0.301554
42 19 0.298393
42 29 0.274772
42 18 0.322458
42 23 0.308823
42 22 0.316831
42 30 0.267906
42 15 0.351464
42 25 0.308135
42 33 0.259253
42 28 0.303321
42 32 0.273093
42 26 0.327643
42 24 0.353020
42 27 0.370749
42 31 0.357096
42 50 0.244677
42 43 0.324559
42 52 0.273103
42 45 0.301632
42 40 0.367197
42 47 0.294839
42 41 0.358626
42 53 0.291540
42 55 0.280899
42 54 0.299007
42 46 0.349392
42 49 0.347816
42 48 0.352483
42 51 0.349559
42 44 0.391495
42 42 0.412146
42 56 0.339804
42 34 0.522361
42 36 0.526663
42 39 0.766294
42 37 1.114926
42 35 1.180630
42 38 1.187215
43 1 0.191867
43 10 0.256603
43 8 0.266505
43 11 0.262782
43 4 0.281278
43 12 0.257720
43 7 0.302338
43 2 0.312451
43 3 0.318665
43 5 0.317470
43 9 0.329614
43 13 0.213112
43 0 0.366348
43 14 0.175860
43 6 0.361839
43 18 0.272791
43 29 0.262846
43 16 0.348018
43 19 0.337264
43 15 0.365233
43 21 0.412240
43 22 0.412390
43 17 0.422396
43 48 0.347222
43 44 0.354645
43 20 0.417190
43 50 0.366427
43 49 0.368185
43 23 0.433928
43 33 0.409858
43 26 0.420668
43 47 0.372211
43 30 0.415128
43 25 0.427885
43 46 0.377853
43 24 0.436458
43 51 0.376499
43 53 0.383328
43 28 0.436474
43 27 0.446442
43 32 0.437203
43 31 0.448037
43 42 0.427986
43 52 0.423261
43 40 0.447688
43 55 0.424960
43 45 0.449114
43 56 0.456767
43 43 0.491754
43 41 0.497408
43 54 0.487932
43 34 0.588127
43 36 0.593376
43 39 0.812215
43 37 1.263667
43 38 1.270505
43 35 1.347766
44 9 0.189748
44 11 0.243476
44 8 0.248675
44 0 0.264991
44 4 0.267319
44 10 0.260135
44 1 0.270769
44 12 0.260651
44 13 0.269819
44 5 0.297904
44 14 0.293024
44 3 0.335699
44 2 0.339657
44 7 0.335916
44 6 0.340863
44 28 0.398697
44 15 0.443082
44 29 0.398281
44 31 0.392511
44 17 0.438455
44 33 0.379176
44 18 0.468754
44 16 0.493015
44 19 0.495868
44 20 0.509219
44 22 0.515519
44 23 0.534213
44 21 0.544155
44 25 0.531994
44 32 0.507983
44 27 0.528813
44 30 0.553223
44 24 0.564765
44 26 0.598546
44 50 0.451033
44 41 0.548903
44 43 0.550100
44 49 0.486570
44 52 0.445792
44 46 0.529262
44 51 0.467904
44 44 0.587349
44 53 0.488604
44 55 0.468476
44 45 0.600689
44 48 0.561687
44 54 0.490494
44 47 0.575073
44 42 0.655133
44 40 0.662887
44 56 0.520853
44 36 0.699817
44 34 0.789746
44 39 1.058717
44 35 1.445458
44 37 1.474697
44 38 1.473099
45 0 0.293403
45 1 0.295145
45 2 0.313570
45 12 0.159344
45 3 0.300000
45 11 0.164908
45 9 0.177920
45 8 0.187670
45 10 0.201041
45 4 0.335554
45 6 0.292815
45 7 0.305963
45 13 0.201212
45 14 0.176749
45 5 0.344341
45 32 0.284472
45 20 0.368922
45 15 0.415181
45 24 0.360760
45 18 0.390479
45 30 0.355122
45 16 0.397636
45 17 0.395441
45 21 0.409129
45 50 0.353976
45 23 0.407749
45 25 0.406760
45 33 0.420393
45 26 0.437945
45 52 0.400903
45 49 0.443967
45 28 0.486257
45 54 0.435106
45 22 0.494771
45 31 0.485600
45 29 0.507121
45 43 0.488935
45 19 0.548887
45 27 0.526035
45 41 0.502987
45 44 0.508521
45 46 0.512006
45 45 0.527872
45 47 0.549528
45 40 0.586532
45 48 0.578559
45 55 0.579300
45 56 0.580667
45 42 0.617388
45 51 0.597726
45 36 0.636409
45 53 0.599199
45 34 0.691721
45 39 1.028176
45 35 1.353153
45 38 1.356144
45 37 1.447638
46 12 0.143888
46 8 0.171997
46 1 0.236949
46 13 0.173564
46 9 0.197829
46 10 0.190142
46 0 0.258144
46 14 0.194903
46 4 0.256283
46 2 0.268878
46 3 0.266241
46 7 0.244862
46 11 0.226814
46 6 0.292810
46 5 0.303449
46 15 0.347571
46 30 0.248520
46 18 0.347366
46 21 0.288183
46 19 0.301070
46 31 0.271800
46 29 0.293877
46 26 0.312026
46 33 0.295966
46 27 0.322685
46 23 0.365702
46 25 0.363516
46 17 0.470794
46 55 0.314278
46 22 0.405074
46 20 0.417311
46 47 0.354447
46 53 0.341367
46 50 0.352696
46 28 0.405614
46 46 0.377053
46 41 0.388901
46 32 0.412956
46 16 0.527946
46 49 0.384513
46 24 0.444519
46 51 0.398199
46 43 0.420819
46 44 0.445844
46 52 0.449972
46 48 0.466155
46 54 0.462657
46 56 0.462952
46 42 0.496241
46 40 0.526650
46 45 0.521314
46 34 0.612406
46 36 0.622533
46 39 0.839856
46 38 1.321868
46 35 1.373320
46 37 1.417209
47 4 0.194938
47 0 0.235225
47 1 0.235902
47 8 0.198234
47 3 0.255554
47 9 0.188637
47 10 0.194539
47 12 0.165158
47 11 0.176604
47 5 0.326692
47 14 0.195515
47 2 0.358499
47 7 0.331130
47 13 0.200656
47 6 0.433811
47 15 0.324038
47 28 0.249350
47 23 0.272238
47 18 0.380525
47 20 0.375721
47 26 0.330250
47 32 0.321364
47 25 0.338602
47 22 0.353801
47 16 0.417206
47 17 0.468804
47 29 0.382062
47 33 0.367691
47 24 0.400611
47 31 0.407186
47 47 0.358278
47 54 0.344186
47 30 0.423407
47 19 0.493329
47 50 0.368749
47 40 0.403482
47 49 0.390254
47 21 0.508469
47 46 0.399674
47 41 0.422619
47 27 0.483845
47 42 0.421782
47 55 0.388061
47 44 0.427282
47 45 0.449196
47 52 0.443253
47 51 0.447534
47 53 0.459004
47 43 0.498938
47 56 0.462735
47 48 0.524891
47 36 0.575537
47 34 0.581922
47 39 0.915837
47 38 1.422683
47 35 1.540623
47 37 1.601096
48 3 0.199384
48 9 0.200663
48 8 0.210965
48 1 0.264387
48 5 0.245621
48 2 0.270013
48 10 0.216161
48 12 0.163363
48 0 0.304911
48 4 0.292625
48 7 0.281830
48 11 0.226468
48 13 0.171658
48 14 0.181307
48 6 0.396628
48 15 0.381485
48 17 0.363696
48 20 0.351615
48 16 0.379334
48 19 0.367766
48 22 0.360140
48 29 0.338778
48 21 0.387976
48 33 0.343216
48 25 0.370744
48 50 0.344067
48 31 0.384105
48 27 0.425892
48 40 0.393243
48 32 0.436807
48 30 0.447095
48 49 0.410923
48 26 0.482350
48 45 0.438162
48 41 0.447573
48 18 0.526651
48 53 0.443878
48 51 0.465090
48 28 0.516365
48 23 0.543013
48 44 0.492734
48 42 0.500411
48 52 0.494561
48 47 0.500389
48 56 0.487955
48 43 0.510015
48 48 0.517484
48 24 0.577623
48 46 0.524604
48 54 0.551823
48 55 0.580499
48 36 0.668276
48 34 0.745893
48 39 0.995680
48 35 1.549046
48 37 1.614307
48 38 1.678920
49 10 0.178819
49 8 0.196154
49 1 0.219827
49 9 0.200761
49 11 0.211428
49 3 0.248706
49 0 0.259118
49 13 0.221614
49 14 0.233867
49 12 0.272550
49 6 0.300491
49 2 0.334273
49 4 0.334785
49 5 0.352662
49 16 0.325273
49 15 0.385005
49 7 0.418603
49 28 0.259647
49 30 0.250237
49 32 0.249370
49 18 0.390745
49 17 0.433660
49 20 0.391879
49 24 0.373095
49 26 0.413938
49 22 0.438444
49 19 0.496508
49 21 0.470005
49 50 0.244653
49 31 0.387071
49 25 0.457125
49 33 0.379053
49 42 0.383465
49 23 0.533381
49 27 0.516002
49 44 0.398249
49 29 0.487776
49 49 0.393544
49 48 0.403061
49 46 0.464567
49 54 0.389285
49 56 0.390443
49 40 0.496323
49 45 0.491098
49 43 0.503751
49 53 0.411536
49 52 0.416535
49 47 0.438573
49 51 0.444798
49 55 0.430275
49 41 0.544524
49 34 0.600769
49 36 0.682876
49 39 0.920364
49 35 1.462395
49 38 1.476790
49 37 1.501719
50 8 0.260230
50 14 0.277821
50 9 0.300762
50 12 0.301743
50 13 0.304659
50 3 0.322501
50 10 0.321564
50 0 0.338348
50 4 0.338818
50 1 0.350973
50 6 0.365155
50 2 0.369731
50 5 0.399125
50 7 0.413790
50 11 0.426641
50 32 0.487910
50 16 0.532579
50 28 0.507396
50 30 0.503275
50 50 0.475778
50 18 0.554683
50 40 0.532945
50 23 0.576038
50 26 0.574825
50 48 0.537649
50 20 0.601825
50 44 0.554325
50 15 0.626190
50 27 0.612022
50 49 0.564623
50 31 0.622413
50 29 0.632653
50 22 0.649355
50 42 0.610098
50 52 0.600780
50 54 0.598590
50 33 0.653173
50 46 0.633265
50 56 0.606658
50 51 0.617503
50 25 0.742786
50 17 0.769635
50 36 0.732700
50 43 0.715908
50 24 0.772688
50 47 0.722066
50 21 0.781396
50 55 0.701410
50 53 0.707172
50 41 0.748402
50 19 0.803602
50 45 0.746095
50 34 0.838022
50 39 1.086006
50 38 1.750612
50 35 1.984138
50 37 1.977094
51 0 0.294756
51 9 0.291316
51 13 0.219744
51 8 0.299148
51 11 0.275065
51 1 0.316293
51 2 0.320855
51 12 0.282510
51 7 0.322452
51 10 0.317102
51 14 0.193171
51 5 0.387171
51 6 0.386988
51 3 0.403670
51 4 0.589492
51 16 0.401544
51 15 0.418146
51 18 0.398496
51 29 0.316145
51 19 0.369952
51 31 0.358949
51 17 0.496188
51 21 0.416717
51 33 0.400454
51 32 0.401600
51 24 0.423077
51 22 0.425976
51 27 0.413932
51 20 0.435397
51 30 0.428728
51 28 0.442995
51 25 0.448551
51 23 0.488251
51 50 0.435763
51 54 0.502487
51 45 0.525111
51 51 0.525322
51 41 0.549310
51 49 0.537837
51 43 0.552530
51 53 0.542599
51 26 0.601572
51 52 0.558279
51 42 0.596885
51 40 0.605354
51 46 0.600655
51 47 0.600663
51 56 0.584019
51 55 0.598803
51 44 0.624299
51 48 0.626878
51 34 0.781308
51 36 0.807915
51 39 1.090671
51 37 1.731775
51 35 1.755359
51 38 1.774642
52 6 0.233882
52 8 0.231841
52 10 0.233861
52 11 0.234662
52 0 0.249447
52 4 0.261861
52 1 0.266878
52 3 0.263888
52 5 0.275156
52 2 0.280884
52 9 0.280250
52 7 0.292227
52 14 0.304711
52 12 0.375674
52 30 0.374218
52 28 0.379506
52 13 0.418466
52 22 0.440932
52 32 0.418794
52 50 0.387658
52 17 0.468182
52 26 0.466560
52 48 0.449166
52 24 0.497767
52 20 0.540378
52 46 0.497681
52 42 0.502422
52 25 0.546927
52 18 0.561377
52 29 0.549164
52 53 0.504966
52 16 0.592054
52 43 0.547869
52 52 0.530421
52 40 0.558207
52 31 0.596427
52 44 0.575890
52 55 0.565441
52 33 0.622794
52 27 0.647237
52 19 0.670849
52 41 0.649100
52 15 0.719982
52 56 0.634802
52 45 0.695010
52 23 0.741868
52 49 0.696139
52 51 0.694854
52 47 0.701147
52 21 0.781749
52 54 0.736491
52 36 0.789916
52 34 0.814954
52 39 1.273418
52 38 1.842586
52 35 2.019489
52 37 2.034793
53 9 0.230326
53 13 0.220137
53 0 0.275775
53 8 0.269624
53 10 0.279732
53 12 0.283175
53 14 0.282192
53 1 0.331636
53 11 0.292074
53 3 0.345039
53 5 0.385625
53 2 0.393356
53 7 0.401147
53 4 0.418300
53 6 0.419909
53 28 0.360007
53 29 0.372989
53 33 0.327635
53 21 0.420322
53 15 0.440585
53 17 0.471000
53 31 0.401934
53 30 0.444554
53 20 0.515798
53 32 0.460511
53 18 0.555034
53 25 0.547493
53 19 0.574861
53 23 0.571013
53 50 0.314467
53 16 0.598931
53 22 0.580044
53 27 0.553331
53 26 0.579032
53 24 0.613447
53 51 0.434168
53 46 0.504532
53 42 0.525565
53 40 0.529055
53 48 0.510472
53 45 0.539096
53 49 0.517072
53 55 0.501792
53 54 0.508184
53 56 0.505146
53 41 0.557472
53 52 0.520990
53 53 0.529571
53 47 0.562626
53 44 0.586035
53 43 0.590937
53 34 0.771698
53 36 0.891327
53 39 1.110266
53 38 1.891126
53 35 1.931886
53 37 1.945517
54 8 0.253174
54 2 0.279827
54 10 0.270500
54 12 0.287825
54 11 0.297463
54 9 0.317953
54 3 0.322325
54 14 0.322996
54 1 0.362483
54 13 0.365532
54 4 0.418571
54 0 0.426311
54 6 0.442099
54 5 0.458189
54 7 0.466386
54 28 0.441863
54 17 0.472178
54 30 0.460902
54 31 0.462496
54 29 0.505435
54 33 0.503990
54 32 0.506359
54 20 0.552233
54 16 0.565055
54 50 0.446694
54 18 0.577118
54 19 0.576119
54 15 0.584297
54 22 0.586240
54 26 0.583936
54 25 0.601367
54 24 0.640668
54 21 0.659247
54 27 0.651379
54 46 0.620122
54 52 0.578572
54 56 0.546440
54 54 0.567776
54 48 0.629980
54 40 0.677347
54 23 0.759145
54 53 0.628714
54 43 0.720598
54 42 0.735028
54 44 0.727014
54 41 0.755441
54 51 0.679623
54 47 0.738114
54 45 0.749130
54 49 0.726656
54 55 0.699924
54 36 0.853409
54 34 0.872157
54 39 1.218280
54 35 1.908716
54 38 1.904553
54 37 2.045500
55 8 0.165663
55 1 0.300744
55 9 0.218521
55 11 0.203811
55 0 0.334769
55 10 0.213939
55 12 0.208296
55 2 0.350701
55 4 0.387177
55 7 0.355236
55 14 0.194241
55 13 0.234912
55 3 0.407287
55 5 0.446197
55 6 0.447890
55 15 0.351849
55 30 0.232842
55 31 0.232526
55 32 0.240939
55 16 0.381559
55 17 0.384559
55 28 0.302221
55 29 0.317632
55 33 0.349992
55 18 0.428618
55 22 0.418724
55 25 0.410243
55 50 0.320173
55 19 0.445169
55 27 0.420768
55 24 0.450034
55 20 0.474606
55 21 0.475786
55 23 0.549119
55 41 0.503490
55 26 0.540961
55 44 0.498075
55 55 0.481852
55 53 0.498415
55 46 0.509274
55 49 0.515331
55 51 0.513475
55 54 0.520025
55 45 0.536904
55 43 0.558510
55 52 0.542915
55 40 0.602492
55 56 0.543817
55 48 0.570884
55 42 0.627698
55 47 0.600526
55 36 0.756076
55 34 0.763606
55 39 1.174619
55 38 1.804405
55 37 1.897285
55 35 1.907587
56 0 0.253893
56 20 0.162127
56 3 0.254416
56 8 0.229275
56 11 0.225873
56 10 0.255168
56 2 0.306677
56 14 0.253529
56 5 0.302279
56 4 0.309235
56 1 0.327939
56 12 0.290225
56 9 0.304323
56 6 0.339444
56 13 0.313727
56 15 0.315952
56 17 0.338645
56 24 0.227339
56 7 0.451910
56 16 0.422619
56 25 0.238722
56 29 0.213794
56 22 0.316691
56 18 0.424284
56 27 0.235345
56 19 0.427914
56 33 0.236177
56 21 0.414681
56 30 0.299601
56 50 0.245600
56 28 0.324509
56 26 0.326954
56 23 0.374063
56 31 0.332719
56 40 0.346077
56 32 0.370871
56 55 0.353671
56 43 0.388105
56 56 0.375119
56 48 0.415406
56 47 0.426442
56 52 0.410766
56 53 0.414679
56 44 0.454836
56 54 0.428573
56 45 0.463768
56 46 0.464089
56 42 0.474349
56 41 0.490028
56 49 0.462303
56 51 0.467084
56 36 0.632514
56 34 0.700805
56 39 1.072252
56 38 1.811951
56 35 1.822923
56 37 1.825754
57 3 0.252738
57 14 0.282199
57 8 0.342251
57 13 0.343689
57 0 0.362403
57 9 0.378856
57 12 0.380915
57 1 0.399124
57 11 0.387900
57 15 0.449881
57 18 0.468714
57 4 0.486919
57 16 0.472533
57 19 0.558762
57 5 0.577969
57 17 0.567735
57 50 0.467512
57 33 0.537861
57 31 0.564622
57 7 0.634353
57 29 0.586015
57 10 0.649374
57 30 0.627612
57 49 0.571729
57 27 0.673145
57 2 0.734332
57 26 0.692692
57 53 0.652536
57 32 0.714829
57 51 0.661813
57 25 0.774819
57 45 0.715432
57 28 0.772638
57 42 0.748024
57 6 0.858172
57 41 0.799318
57 47 0.785499
57 52 0.803530
57 44 0.824897
57 21 0.912438
57 40 0.874917
57 43 0.861594
57 48 0.854407
57 20 0.949272
57 23 0.944702
57 55 0.862846
57 54 0.866654
57 46 0.886195
57 24 0.957211
57 22 0.982265
57 56 0.898036
57 34 0.970169
57 36 1.022904
57 39 1.260251
57 35 2.128854
57 37 2.270362
57 38 2.280362
58 9 0.233139
58 10 0.263105
58 12 0.262896
58 8 0.296186
58 0 0.384458
58 11 0.310350
58 13 0.308532
58 2 0.398319
58 3 0.392456
58 4 0.405302
58 5 0.409055
58 14 0.352462
58 1 0.449020
58 6 0.593868
58 28 0.529191
58 7 0.565686
58 16 0.554511
58 32 0.569504
58 30 0.583203
58 33 0.567677
58 18 0.644191
58 50 0.553856
58 22 0.657755
58 20 0.687119
58 15 0.713975
58 17 0.719488
58 26 0.733863
58 24 0.741931
58 29 0.729838
58 40 0.684342
58 31 0.739972
58 52 0.703663
58 19 0.808263
58 27 0.816248
58 46 0.763851
58 48 0.802090
58 54 0.790175
58 21 0.900233
58 42 0.831852
58 44 0.834518
58 49 0.852415
58 51 0.854405
58 45 0.885677
58 43 0.895345
58 23 0.981679
58 41 0.921556
58 25 0.996007
58 53 0.919726
58 55 0.933983
58 56 0.906509
58 47 0.993453
58 36 1.032888
58 34 1.046946
58 39 1.526643
58 38 2.461676
58 35 2.610772
58 37 2.641790
59 9 0.228066
59 8 0.229044
59 10 0.244529
59 1 0.286531
59 11 0.249693
59 12 0.246520
59 13 0.240494
59 14 0.270711
59 4 0.393380
59 3 0.404996
59 0 0.421666
59 5 0.409373
59 7 0.441880
59 2 0.465971
59 6 0.468162
59 17 0.309620
59 16 0.366051
59 29 0.229615
59 28 0.242605
59 32 0.225864
59 15 0.470038
59 18 0.376769
59 30 0.293547
59 31 0.277783
59 33 0.274780
59 19 0.451301
59 21 0.433115
59 25 0.409800
59 23 0.459160
59 22 0.475945
59 26 0.487089
59 20 0.545648
59 40 0.404286
59 50 0.319781
59 24 0.545773
59 27 0.536212
59 49 0.396037
59 42 0.489582
59 41 0.531354
59 47 0.484948
59 55 0.447514
59 53 0.469692
59 43 0.539316
59 48 0.515130
59 51 0.510405
59 44 0.557484
59 45 0.558162
59 52 0.521386
59 46 0.557487
59 36 0.632357
59 54 0.549813
59 56 0.550946
59 34 0.793694
59 38 1.276658
59 39 1.302703
59 35 2.057991
59 37 2.099171
60 8 0.250590
60 9 0.257060
60 10 0.256298
60 13 0.271222
60 0 0.398518
60 11 0.365145
60 12 0.291243
60 3 0.417396
60 14 0.293828
60 5 0.471669
60 2 0.478169
60 4 0.539561
60 1 0.546306
60 6 0.548539
60 7 0.556386
60 15 0.452349
60 32 0.254091
60 28 0.282826
60 31 0.287865
60 23 0.457151
60 16 0.553062
60 29 0.359834
60 18 0.540099
60 20 0.538578
60 17 0.576060
60 30 0.396857
60 33 0.388980
60 19 0.551238
60 26 0.484873
60 22 0.551332
60 50 0.325139
60 21 0.594815
60 25 0.575548
60 24 0.587774
60 54 0.394654
60 45 0.437764
60 42 0.486457
60 27 0.624035
60 51 0.473160
60 41 0.543399
60 46 0.537411
60 49 0.561221
60 48 0.576748
60 40 0.625003
60 43 0.614645
60 52 0.580072
60 56 0.584875
60 47 0.628155
60 36 0.709360
60 55 0.626375
60 34 0.756968
60 44 0.687717
60 53 0.668562
60 39 1.132743
60 35 1.872079
60 38 1.856224
60 37 1.881969
61 11 0.359800
61 13 0.376573
61 12 0.379517
61 9 0.402411
61 4 0.460371
61 5 0.468262
61 1 0.491518
61 2 0.502766
61 8 0.500389
61 16 0.524139
61 10 0.546030
61 6 0.557398
61 7 0.634513
61 19 0.648404
61 3 0.663472
61 31 0.616956
61 15 0.654770
61 17 0.686085
61 29 0.659346
61 30 0.655303
61 33 0.646869
61 28 0.670596
61 14 0.793890
61 51 0.699194
61 18 0.821641
61 50 0.730299
61 40 0.767219
61 25 0.814354
61 41 0.775266
61 23 0.835326
61 20 0.851589
61 45 0.767452
61 21 0.854251
61 0 0.897633
61 46 0.807013
61 32 0.860605
61 49 0.821365
61 26 0.905335
61 27 0.920308
61 54 0.849553
61 47 0.876813
61 52 0.871317
61 43 0.897197
61 44 0.898691
61 24 0.966628
61 22 0.999106
61 53 0.918165
61 42 0.958614
61 56 0.941926
61 55 0.953416
61 48 1.003188
61 36 1.100318
61 34 1.177428
61 39 1.423766
61 37 2.204181
61 35 2.240479
61 38 2.353975
62 0 0.243483
62 8 0.221864
62 1 0.256595
62 5 0.264378
62 3 0.278488
62 9 0.278688
62 10 0.300860
62 11 0.309590
62 2 0.351969
62 12 0.328828
62 14 0.340010
62 4 0.374529
62 7 0.398956
62 13 0.394937
62 15 0.430443
62 6 0.489649
62 30 0.480012
62 16 0.549027
62 31 0.488757
62 29 0.498329
62 28 0.508762
62 32 0.513755
62 20 0.567714
62 19 0.579827
62 21 0.576870
62 50 0.423934
62 22 0.655354
62 24 0.652547
62 18 0.674354
62 33 0.611746
62 17 0.705412
62 26 0.675852
62 27 0.671997
62 46 0.563131
62 23 0.754903
62 25 0.757126
62 51 0.594756
62 43 0.693105
62 52 0.601347
62 42 0.724145
62 41 0.754934
62 40 0.765477
62 48 0.682238
62 49 0.680940
62 44 0.764705
62 54 0.685275
62 53 0.699813
62 56 0.687854
62 47 0.747642
62 45 0.771708
62 55 0.715376
62 34 0.907473
62 36 0.948751
62 39 1.409208
62 37 2.044112
62 35 2.100845
62 38 2.111741
63 9 0.200082
63 8 0.284699
63 10 0.283319
63 2 0.338116
63 5 0.368109
63 3 0.379314
63 13 0.243123
63 0 0.391515
63 11 0.296950
63 12 0.280841
63 7 0.395261
63 1 0.425267
63 4 0.423970
63 14 0.321566
63 6 0.484179
63 15 0.413633
63 31 0.174708
63 29 0.245714
63 30 0.264428
63 32 0.267147
63 16 0.507640
63 33 0.296485
63 17 0.515282
63 28 0.372831
63 18 0.524050
63 22 0.459639
63 23 0.488058
63 21 0.514807
63 27 0.442968
63 25 0.456681
63 19 0.571628
63 20 0.584134
63 41 0.427040
63 50 0.363118
63 24 0.507753
63 26 0.525596
63 49 0.425786
63 40 0.546760
63 45 0.573972
63 48 0.545902
63 43 0.619591
63 56 0.476511
63 46 0.596430
63 51 0.536377
63 44 0.641635
63 47 0.616514
63 42 0.669451
63 34 0.712008
63 52 0.582045
63 53 0.589619
63 36 0.720472
63 54 0.579440
63 55 0.595900
63 39 1.192315
63 38 1.622337
63 35 2.028183
63 37 2.094620
64 9 0.285887
64 11 0.266694
64 8 0.301083
64 13 0.265448
64 12 0.283009
64 1 0.351488
64 10 0.329330
64 3 0.392161
64 5 0.413836
64 0 0.440274
64 14 0.307004
64 4 0.491050
64 7 0.532056
64 6 0.560939
64 33 0.273059
64 2 0.618019
64 30 0.279858
64 16 0.542086
64 32 0.345826
64 15 0.555059
64 28 0.411427
64 17 0.567315
64 29 0.441681
64 24 0.497229
64 31 0.479413
64 19 0.532913
64 20 0.528815
64 22 0.522886
64 25 0.529268
64 21 0.571477
64 26 0.548320
64 23 0.572016
64 50 0.450344
64 27 0.554384
64 18 0.641504
64 51 0.598281
64 44 0.630716
64 42 0.636028
64 41 0.640234
64 49 0.619375
64 46 0.661042
64 54 0.651387
64 48 0.721579
64 47 0.740835
64 53 0.718555
64 56 0.663401
64 40 0.773308
64 52 0.735618
64 43 0.773851
64 45 0.774675
64 55 0.723225
64 34 0.876278
64 36 0.883302
64 39 1.159995
64 35 2.215269
64 37 2.249773
64 38 2.253594
65 8 0.263336
65 3 0.293481
65 10 0.287060
65 11 0.286726
65 5 0.343360
65 9 0.340344
65 13 0.335737
65 12 0.401090
65 1 0.415470
65 2 0.439724
65 7 0.420558
65 14 0.401260
65 33 0.471885
65 29 0.490328
65 16 0.543451
65 23 0.528240
65 50 0.475481
65 31 0.566687
65 54 0.538186
65 25 0.601865
65 15 0.635691
65 41 0.595873
65 6 0.666292
65 53 0.586067
65 17 0.670105
65 0 0.708857
65 27 0.662996
65 48 0.618093
65 49 0.621515
65 28 0.668578
65 52 0.626556
65 20 0.695148
65 43 0.657505
65 47 0.659100
65 45 0.670102
65 21 0.726021
65 44 0.685292
65 30 0.715703
65 56 0.666641
65 26 0.743388
65 32 0.740705
65 22 0.760268
65 51 0.710522
65 19 0.790926
65 40 0.756161
65 4 0.831723
65 42 0.763165
65 55 0.742077
65 18 0.829979
65 46 0.777053
65 24 0.837139
65 34 0.915876
65 36 1.037236
65 39 1.226854
65 37 2.135045
65 35 2.182418
65 38 2.352294
66 1 0.260281
66 8 0.223440
66 0 0.302073
66 10 0.231041
66 4 0.316505
66 11 0.245103
66 13 0.242589
66 7 0.355568
66 9 0.345990
66 12 0.339358
66 14 0.333179
66 2 0.437723
66 3 0.435915
66 6 0.411244
66 5 0.468767
66 16 0.423750
66 20 0.391832
66 15 0.475809
66 30 0.294238
66 28 0.330528
66 32 0.308244
66 33 0.300679
66 19 0.470554
66 18 0.493920
66 21 0.516903
66 31 0.425933
66 17 0.614276
66 29 0.480579
66 26 0.530142
66 22 0.557437
66 50 0.384751
66 24 0.566137
66 27 0.568450
66 25 0.623033
66 23 0.637315
66 46 0.516091
66 51 0.522391
66 42 0.572459
66 55 0.547845
66 45 0.583128
66 54 0.558867
66 52 0.575497
66 40 0.628274
66 49 0.583407
66 56 0.560240
66 41 0.628748
66 47 0.601001
66 36 0.696202
66 53 0.601827
66 43 0.634148
66 48 0.631974
66 44 0.649896
66 34 0.870805
66 39 1.319873
66 38 1.526689
66 35 2.036749
66 37 2.089362
67 1 0.424458
67 9 0.378774
67 5 0.470143
67 3 0.478972
67 11 0.467632
67 32 0.446497
67 29 0.450485
67 7 0.526570
67 31 0.538072
67 28 0.584116
67 0 0.681533
67 15 0.639600
67 30 0.633569
67 51 0.606550
67 47 0.617956
67 10 0.697623
67 14 0.712028
67 25 0.726488
67 19 0.751706
67 27 0.753959
67 33 0.747349
67 8 0.784554
67 41 0.756546
67 50 0.743567
67 12 0.815797
67 13 0.816900
67 55 0.761194
67 23 0.845666
67 43 0.826981
67 21 0.855937
67 18 0.865794
67 45 0.834263
67 46 0.842623
67 20 0.884692
67 54 0.848033
67 2 0.963800
67 26 0.897470
67 49 0.887584
67 53 0.887148
67 36 0.947335
67 4 1.012595
67 6 1.050559
67 40 1.025178
67 17 1.062251
67 44 1.048445
67 42 1.053886
67 48 1.069724
67 24 1.107396
67 16 1.116622
67 22 1.126053
67 52 1.095615
67 56 1.149053
67 34 1.239175
67 39 1.493128
67 37 2.379061
67 38 2.566116
67 35 2.646555
68 11 0.382025
68 8 0.406320
68 6 0.409262
68 2 0.415544
68 12 0.383038
68 9 0.405484
68 13 0.389304
68 10 0.463033
68 4 0.494054
68 14 0.476706
68 1 0.534592
68 3 0.548584
68 17 0.526299
68 22 0.454362
68 7 0.603333
68 19 0.529280
68 20 0.565388
68 28 0.258897
68 26 0.438467
68 0 0.704870
68 5 0.703913
68 24 0.567175
68 30 0.268437
68 23 0.579397
68 21 0.619739
68 32 0.301340
68 33 0.319702
68 15 0.727686
68 29 0.404803
68 31 0.365712
68 25 0.632817
68 18 0.765188
68 27 0.530870
68 40 0.348402
68 16 0.826356
68 50 0.303845
68 48 0.358679
68 41 0.444100
68 42 0.462516
68 56 0.401385
68 44 0.479615
68 43 0.513914
68 51 0.492811
68 52 0.493934
68 53 0.505049
68 55 0.496870
68 45 0.581997
68 46 0.563559
68 49 0.552805
68 47 0.568115
68 54 0.551137
68 36 0.739856
68 34 0.790843
68 39 1.237870
68 37 2.173573
68 35 2.228717
68 38 2.229635
69 10 0.269815
69 9 0.280193
69 11 0.272545
69 13 0.282801
69 7 0.323201
69 14 0.297890
69 4 0.339151
69 8 0.345326
69 1 0.395827
69 12 0.348494
69 17 0.363105
69 0 0.443489
69 2 0.461976
69 3 0.460507
69 15 0.525476
69 5 0.578367
69 6 0.624956
69 16 0.596587
69 28 0.325673
69 32 0.318783
69 33 0.317726
69 20 0.589575
69 30 0.369607
69 19 0.641351
69 50 0.364884
69 18 0.708386
69 21 0.702032
69 22 0.648216
69 46 0.479227
69 31 0.535173
69 25 0.551796
69 53 0.498653
69 47 0.510078
69 29 0.575652
69 54 0.535954
69 23 0.705094
69 44 0.564426
69 42 0.580162
69 43 0.579608
69 45 0.567059
69 26 0.638365
69 41 0.608370
69 55 0.569016
69 51 0.593360
69 48 0.607093
69 52 0.615546
69 40 0.659007
69 27 0.688376
69 24 0.779052
69 36 0.735808
69 49 0.690619
69 56 0.685223
69 34 0.971427
69 39 1.329443
69 35 2.135665
69 37 2.158351
69 38 2.172441
70 12 0.320144
70 11 0.365945
70 9 0.419850
70 4 0.450030
70 8 0.484596
70 2 0.495618
70 14 0.470013
70 13 0.474757
70 5 0.495547
70 1 0.505210
70 10 0.517505
70 3 0.546360
70 6 0.544111
70 0 0.566007
70 7 0.614720
70 28 0.341408
70 21 0.637581
70 17 0.700789
70 32 0.279091
70 16 0.751571
70 15 0.788740
70 30 0.377804
70 19 0.805681
70 18 0.809433
70 29 0.443918
70 24 0.804688
70 50 0.324896
70 33 0.420313
70 22 0.830702
70 23 0.821841
70 26 0.756527
70 25 0.821655
70 31 0.469172
70 27 0.709679
70 20 0.939466
70 46 0.538661
70 42 0.581953
70 41 0.592219
70 51 0.534972
70 48 0.546784
70 44 0.597282
70 40 0.639185
70 49 0.596705
70 52 0.605545
70 43 0.663229
70 53 0.625059
70 47 0.648339
70 54 0.630285
70 45 0.678888
70 55 0.657163
70 56 0.649860
70 36 0.793345
70 34 0.904710
70 39 1.442099
70 38 2.504191
70 35 2.634174
70 37 2.632089
71 9 0.316390
71 10 0.316085
71 11 0.318425
71 12 0.316428
71 8 0.322410
71 14 0.371002
71 2 0.453239
71 3 0.503416
71 0 0.543319
71 13 0.530510
71 31 0.487364
71 1 0.582558
71 5 0.643097
71 50 0.547859
71 4 0.653978
71 29 0.603248
71 15 0.661464
71 28 0.678546
71 33 0.668029
71 18 0.720516
71 7 0.749964
71 49 0.667469
71 19 0.738313
71 45 0.696078
71 46 0.692477
71 32 0.724610
71 30 0.756667
71 20 0.796354
71 53 0.725372
71 25 0.784120
71 16 0.824665
71 17 0.838621
71 22 0.869976
71 27 0.865487
71 42 0.833570
71 44 0.836167
71 54 0.808849
71 48 0.823530
71 24 0.882731
71 51 0.831913
71 23 0.898533
71 43 0.871830
71 56 0.842645
71 52 0.865760
71 6 0.962219
71 41 0.895953
71 26 0.934939
71 47 0.895306
71 21 0.956606
71 55 0.878451
71 40 0.980334
71 34 1.099166
71 36 1.240000
71 39 1.610394
71 37 2.608280
71 35 2.615422
71 38 2.796269
72 5 0.342475
72 8 0.338503
72 11 0.338141
72 3 0.348540
72 10 0.359828
72 1 0.381382
72 13 0.407489
72 9 0.412558
72 29 0.458298
72 6 0.528241
72 27 0.536469
72 28 0.544857
72 4 0.584637
72 17 0.574268
72 2 0.625552
72 32 0.583283
72 0 0.649284
72 14 0.647869
72 49 0.615844
72 25 0.652073
72 7 0.682700
72 50 0.633670
72 30 0.696600
72 20 0.710146
72 12 0.728596
72 43 0.708905
72 21 0.735852
72 41 0.713289
72 33 0.743147
72 55 0.728255
72 19 0.771431
72 45 0.749710
72 31 0.778796
72 51 0.765048
72 54 0.765433
72 23 0.808111
72 56 0.786808
72 15 0.847846
72 26 0.875961
72 53 0.849162
72 48 0.865658
72 22 0.903859
72 44 0.892795
72 18 0.929084
72 52 0.888834
72 16 0.937236
72 24 0.923198
72 47 0.903265
72 46 0.914216
72 40 0.941603
72 34 1.014112
72 42 1.011164
72 36 1.041021
72 39 1.696518
72 37 2.661286
72 35 2.715496
72 38 2.759511
73 8 0.338500
73 9 0.334179
73 10 0.346660
73 12 0.415523
73 11 0.476037
73 13 0.453295
73 2 0.588748
73 5 0.589175
73 7 0.636322
73 14 0.546328
73 6 0.676303
73 4 0.731591
73 3 0.782883
73 31 0.294393
73 29 0.389767
73 0 0.818406
73 16 0.735156
73 28 0.454253
73 1 0.874893
73 30 0.455071
73 32 0.360934
73 18 0.822783
73 15 0.828168
73 17 0.834030
73 33 0.470667
73 25 0.731850
73 20 0.900163
73 26 0.732754
73 27 0.734173
73 24 0.884214
73 21 0.964278
73 23 0.952904
73 22 0.974677
73 50 0.361409
73 42 0.511447
73 19 1.048182
73 48 0.405928
73 56 0.389785
73 45 0.480810
73 43 0.615358
73 51 0.516272
73 41 0.669432
73 44 0.674065
73 54 0.533689
73 52 0.572620
73 40 0.751976
73 49 0.592710
73 46 0.649737
73 47 0.652797
73 55 0.592132
73 36 0.867688
73 34 0.872478
73 53 0.688032
73 39 1.339939
73 38 2.569473
73 35 2.615289
73 37 2.847394
74 9 0.292236
74 10 0.308286
74 11 0.307330
74 8 0.322200
74 12 0.336337
74 13 0.398812
74 4 0.536100
74 3 0.538013
74 1 0.549126
74 0 0.561126
74 29 0.524294
74 14 0.576035
74 50 0.510339
74 31 0.567433
74 2 0.681795
74 43 0.627857
74 33 0.652224
74 5 0.723082
74 15 0.718544
74 52 0.655143
74 19 0.750256
74 25 0.738149
74 7 0.783924
74 17 0.783113
74 32 0.756714
74 53 0.744521
74 49 0.756428
74 26 0.812551
74 16 0.830208
74 30 0.840552
74 6 0.914729
74 27 0.881756
74 18 0.902593
74 45 0.842150
74 28 0.894963
74 40 0.868139
74 23 0.926251
74 48 0.898082
74 21 0.962288
74 56 0.914459
74 47 0.940422
74 46 0.957359
74 44 0.983992
74 42 0.997346
74 22 1.053565
74 20 1.059153
74 54 1.000620
74 41 1.018965
74 51 1.013014
74 55 1.014434
74 24 1.212157
74 34 1.244913
74 36 1.271011
74 39 1.712789
74 37 2.849871
74 35 2.897149
74 38 2.997502
75 12 0.249166
75 9 0.300976
75 10 0.342821
75 11 0.348628
75 13 0.411069
75 8 0.513450
75 14 0.497836
75 0 0.597856
75 29 0.587924
75 2 0.753504
75 28 0.618529
75 30 0.608166
75 6 0.755436
75 32 0.612353
75 31 0.617799
75 3 0.769718
75 5 0.767865
75 15 0.781492
75 1 0.945214
75 50 0.575272
75 4 0.976584
75 16 0.907390
75 24 0.906586
75 18 0.922424
75 33 0.900027
75 20 0.959108
75 26 0.957818
75 17 0.992371
75 7 1.135471
75 27 1.060841
75 19 1.080654
75 22 1.156038
75 23 1.156682
75 25 1.170864
75 52 0.917965
75 40 1.102604
75 54 0.864543
75 21 1.251383
75 46 1.017004
75 42 1.130723
75 48 1.079962
75 51 1.065807
75 55 0.970311
75 47 1.115502
75 43 1.214453
75 44 1.179470
75 53 0.993821
75 56 0.977122
75 41 1.252488
75 49 1.149900
75 45 1.220696
75 36 1.407930
75 34 1.454253
75 39 2.094666
75 38 3.267010
75 35 3.417277
75 37 3.507701
76 11 0.371695
76 9 0.469731
76 8 0.473299
76 12 0.495586
76 3 0.563003
76 0 0.588555
76 1 0.631796
76 31 0.599071
76 50 0.576020
76 6 0.633784
76 28 0.637040
76 32 0.653809
76 5 0.693931
76 7 0.711009
76 10 0.723479
76 30 0.728606
76 4 0.772545
76 14 0.875299
76 2 0.934102
76 29 0.920294
76 52 0.896752
76 13 0.955047
76 33 0.944205
76 42 1.023894
76 49 1.043388
76 21 1.154374
76 43 1.137511
76 19 1.170382
76 17 1.174387
76 41 1.167132
76 15 1.193729
76 55 1.164881
76 45 1.190470
76 53 1.183087
76 16 1.235892
76 23 1.243698
76 44 1.232069
76 22 1.256289
76 47 1.270921
76 54 1.270705
76 25 1.318540
76 26 1.323193
76 51 1.293347
76 18 1.373257
76 46 1.357789
76 40 1.374077
76 20 1.422935
76 27 1.438696
76 48 1.442362
76 24 1.477100
76 56 1.439913
76 36 1.485152
76 34 1.533576
76 39 2.068229
76 38 3.343099
76 37 3.359718
76 35 3.625091
77 8 0.305800
77 9 0.305023
77 10 0.376252
77 12 0.330823
77 11 0.402873
77 14 0.345773
77 13 0.401656
77 5 0.672597
77 1 0.710820
77 3 0.724534
77 0 0.754636
77 31 0.431578
77 4 0.896973
77 29 0.472420
77 7 0.885675
77 24 0.610858
77 30 0.495637
77 15 0.775086
77 2 0.974748
77 6 0.942807
77 32 0.487204
77 33 0.505129
77 16 0.822694
77 17 0.824932
77 18 0.819882
77 28 0.629947
77 19 0.794381
77 26 0.770587
77 50 0.330003
77 21 0.883559
77 25 0.859930
77 20 0.915328
77 27 0.851465
77 42 0.544785
77 23 0.925781
77 22 0.958473
77 41 0.668884
77 43 0.619397
77 44 0.619043
77 52 0.465369
77 51 0.524214
77 48 0.637173
77 47 0.662799
77 46 0.690608
77 45 0.735934
77 53 0.545246
77 40 0.886976
77 56 0.514952
77 49 0.699381
77 55 0.583002
77 54 0.630453
77 34 1.044396
77 36 1.128316
77 39 1.615093
77 38 3.044017
77 37 3.064324
77 35 3.105256
78 31 0.403868
78 9 0.443359
78 29 0.453213
78 0 0.508591
78 25 0.517156
78 22 0.520401
78 1 0.602163
78 32 0.615292
78 50 0.628082
78 2 0.674814
78 5 0.784749
78 33 0.760361
78 6 0.785196
78 13 0.795743
78 3 0.803548
78 49 0.779415
78 7 0.837689
78 26 0.822250
78 45 0.809616
78 30 0.871164
78 15 0.895053
78 48 0.867837
78 21 0.898712
78 11 0.914379
78 8 0.923341
78 10 0.937515
78 24 0.936635
78 27 0.944623
78 43 0.933269
78 20 0.982712
78 28 0.988470
78 40 0.981105
78 12 1.033167
78 14 1.065859
78 18 1.063454
78 41 1.075014
78 16 1.107947
78 19 1.152197
78 17 1.154186
78 47 1.157002
78 54 1.157682
78 42 1.196896
78 46 1.198719
78 51 1.203567
78 4 1.256060
78 52 1.219030
78 23 1.256402
78 53 1.251918
78 55 1.256981
78 44 1.304310
78 36 1.344449
78 56 1.373105
78 34 1.427046
78 39 2.287702
78 38 3.183990
78 35 3.393773
78 37 3.450291
79 8 0.374583
79 14 0.379659
79 10 0.497950
79 13 0.532540
79 12 0.592733
79 2 0.640953
79 9 0.656832
79 3 0.683399
79 28 0.646820
79 4 0.727845
79 7 0.726792
79 5 0.766076
79 33 0.721198
79 32 0.749256
79 0 0.847420
79 17 0.831971
79 22 0.831678
79 50 0.751696
79 30 0.815196
79 6 0.925181
79 15 0.912412
79 11 0.925778
79 18 0.955383
79 51 0.862672
79 1 1.032033
79 24 0.988151
79 29 0.972955
79 46 0.930815
79 44 0.939390
79 31 1.008950
79 42 1.003182
79 49 0.982464
79 52 0.979855
79 16 1.083934
79 27 1.092414
79 26 1.136649
79 45 1.084453
79 21 1.178024
79 20 1.186726
79 48 1.141558
79 40 1.175271
79 23 1.276754
79 56 1.192218
79 53 1.197248
79 41 1.246879
79 43 1.261660
79 19 1.342896
79 47 1.267399
79 54 1.267236
79 55 1.285638
79 36 1.342333
79 25 1.415199
79 34 1.432119
79 39 2.227519
79 37 3.310541
79 38 3.471098
79 35 3.629393
80 10 0.386500
80 12 0.494197
80 9 0.496685
80 50 0.659500
80 0 0.754194
80 30 0.721859
80 4 0.801416
80 3 0.840973
80 8 0.836546
80 2 0.843158
80 5 0.880003
80 14 0.945109
80 31 0.923026
80 45 0.929755
80 41 0.939236
80 1 1.073245
80 11 1.065451
80 6 1.110763
80 33 1.105384
80 7 1.139130
80 28 1.169530
80 17 1.187490
80 29 1.169956
80 13 1.227169
80 26 1.248033
80 32 1.286672
80 47 1.277643
80 56 1.274208
80 46 1.312507
80 48 1.335820
80 27 1.382965
80 53 1.362846
80 23 1.464809
80 25 1.471304
80 49 1.431653
80 24 1.489566
80 18 1.499416
80 52 1.445345
80 54 1.457733
80 19 1.513220
80 16 1.518505
80 21 1.519753
80 40 1.496959
80 44 1.502804
80 42 1.549786
80 43 1.555751
80 15 1.635428
80 20 1.635910
80 55 1.592023
80 22 1.695757
80 51 1.677499
80 36 1.721138
80 34 1.796357
80 39 2.441675
80 38 3.910518
80 35 3.921379
80 37 4.313090
81 8 0.318979
81 9 0.341868
81 3 0.452632
81 10 0.387548
81 13 0.387533
81 12 0.398632
81 1 0.563051
81 11 0.436908
81 5 0.561013
81 14 0.401839
81 0 0.596205
81 2 0.673212
81 4 0.672071
81 6 0.864415
81 7 0.885660
81 28 0.389816
81 32 0.405491
81 30 0.427077
81 19 0.695516
81 16 0.759888
81 31 0.517007
81 50 0.465238
81 29 0.538985
81 18 0.760153
81 20 0.757533
81 17 0.793884
81 15 0.941496
81 33 0.599492
81 22 0.766768
81 26 0.697552
81 23 0.784065
81 44 0.667065
81 25 0.856796
81 52 0.768999
81 24 0.941612
81 53 0.788827
81 43 0.846407
81 42 0.863724
81 51 0.832084
81 48 0.849174
81 46 0.871901
81 41 0.884691
81 56 0.835694
81 40 0.907175
81 21 1.121238
81 55 0.903757
81 27 1.011758
81 49 0.932648
81 36 1.060973
81 54 1.005562
81 47 1.045923
81 34 1.100102
81 45 1.114371
81 39 1.681465
81 38 3.340094
81 35 3.355119
81 37 3.560571
82 9 0.400749
82 28 0.516497
82 0 0.561423
82 1 0.561011
82 3 0.587411
82 12 0.606653
82 30 0.676003
82 8 0.719926
82 29 0.750944
82 4 0.818730
82 32 0.782376
82 13 0.810668
82 10 0.819325
82 14 0.830778
82 6 0.847881
82 22 0.840598
82 2 0.877894
82 7 0.886271
82 16 0.870100
82 31 0.873992
82 40 0.878787
82 50 0.880953
82 11 0.940495
82 54 0.992505
82 24 1.032339
82 5 1.068667
82 33 1.068715
82 21 1.096337
82 27 1.122801
82 56 1.101592
82 18 1.163926
82 20 1.162208
82 55 1.123728
82 47 1.147117
82 44 1.155861
82 46 1.160324
82 19 1.202062
82 53 1.185353
82 42 1.202349
82 51 1.193983
82 45 1.210694
82 48 1.221492
82 43 1.236422
82 52 1.245658
82 15 1.296962
82 25 1.328281
82 26 1.327278
82 17 1.342814
82 23 1.338250
82 41 1.336174
82 49 1.335774
82 36 1.471504
82 34 1.591167
82 39 2.329356
82 38 3.868385
82 37 4.012071
82 35 4.042686
83 9 0.333944
83 11 0.335464
83 8 0.364831
83 10 0.491870
83 3 0.511337
83 5 0.525650
83 13 0.492198
83 12 0.522135
83 7 0.563377
83 1 0.571913
83 0 0.596261
83 14 0.537165
83 2 0.598060
83 4 0.634062
83 6 0.751696
83 19 0.736269
83 28 0.820046
83 15 0.865766
83 31 0.880350
83 29 0.917148
83 17 0.945087
83 30 0.931609
83 33 0.924790
83 47 0.899288
83 23 1.006000
83 16 1.019975
83 51 0.901534
83 21 1.034061
83 32 1.024238
83 24 1.037882
83 26 1.080086
83 45 0.998641
83 50 0.979392
83 55 0.963136
83 46 1.008894
83 40 1.060910
83 48 1.003268
83 41 1.045525
83 27 1.115242
83 49 1.010867
83 20 1.143501
83 22 1.141983
83 18 1.157715
83 54 1.031903
83 53 1.038380
83 25 1.254954
83 56 1.127637
83 42 1.205458
83 44 1.196584
83 43 1.282298
83 52 1.254411
83 34 1.492715
83 36 1.661209
83 39 2.184796
83 35 3.643982
83 37 3.651687
83 38 3.689861
84 9 0.346212
84 8 0.381132
84 11 0.393447
84 12 0.395081
84 10 0.453488
84 13 0.455344
84 14 0.464061
84 5 0.716637
84 3 0.765033
84 4 0.777975
84 0 0.784880
84 30 0.739779
84 1 0.805017
84 2 0.807961
84 7 0.827975
84 6 0.860858
84 28 0.825920
84 50 0.792290
84 20 0.895165
84 33 0.873474
84 16 0.930870
84 18 0.934446
84 23 0.957784
84 15 1.028734
84 31 0.998276
84 27 1.023207
84 17 1.048387
84 32 1.021362
84 40 1.006011
84 29 1.044503
84 44 1.092212
84 26 1.156734
84 42 1.147863
84 54 1.123938
84 22 1.220041
84 45 1.158347
84 21 1.236431
84 24 1.231688
84 47 1.184387
84 53 1.206262
84 48 1.229199
84 19 1.320070
84 56 1.231173
84 46 1.248533
84 52 1.241000
84 51 1.253024
84 43 1.285887
84 25 1.342186
84 55 1.274277
84 41 1.343450
84 49 1.352634
84 34 1.517441
84 36 1.593716
84 39 2.161175
84 37 3.637867
84 38 3.693566
84 35 3.861845
85 3 0.388664
85 9 0.456273
85 8 0.458243
85 1 0.530889
85 6 0.676694
85 50 0.674281
85 5 0.720046
85 29 0.754863
85 7 0.782498
85 4 0.798808
85 14 0.792885
85 0 0.829362
85 2 0.844120
85 24 0.856357
85 13 0.865012
85 31 0.890959
85 16 0.939579
85 10 0.985655
85 33 0.963761
85 11 1.011056
85 17 1.028057
85 44 1.009618
85 51 0.999867
85 30 1.115569
85 12 1.156289
85 32 1.138060
85 28 1.147262
85 42 1.156972
85 53 1.142738
85 22 1.182375
85 23 1.207015
85 48 1.183438
85 25 1.227285
85 27 1.236803
85 43 1.217267
85 19 1.257237
85 15 1.269761
85 26 1.267154
85 40 1.259990
85 20 1.314581
85 34 1.315817
85 55 1.313840
85 52 1.329589
85 41 1.346573
85 54 1.365726
85 47 1.380731
85 45 1.396744
85 49 1.401311
85 21 1.433976
85 46 1.415768
85 36 1.471127
85 18 1.579901
85 56 1.535491
85 39 2.047997
85 35 3.387887
85 37 3.619977
85 38 3.827821
86 9 0.376115
86 8 0.609292
86 32 0.685839
86 33 0.717896
86 0 0.774089
86 10 0.782897
86 6 0.791365
86 13 0.781882
86 12 0.821717
86 4 0.833828
86 14 0.842138
86 15 0.863693
86 29 0.929073
86 2 0.976307
86 11 0.986249
86 31 0.955372
86 50 0.949363
86 20 1.034520
86 43 1.015891
86 30 1.044357
86 46 1.030365
86 16 1.134827
86 7 1.168695
86 44 1.146165
86 3 1.206588
86 49 1.141711
86 23 1.219154
86 28 1.223316
86 42 1.215174
86 45 1.226516
86 51 1.260663
86 22 1.312398
86 40 1.298174
86 5 1.360194
86 19 1.342713
86 18 1.361505
86 1 1.414374
86 34 1.379628
86 52 1.364338
86 21 1.405469
86 26 1.406236
86 55 1.385354
86 24 1.426592
86 54 1.405872
86 53 1.421843
86 56 1.425977
86 47 1.478376
86 27 1.506869
86 25 1.518490
86 48 1.503185
86 41 1.512340
86 17 1.578392
86 36 1.659609
86 39 2.460208
86 38 3.922675
86 35 4.164858
86 37 4.394091
87 8 0.348217
87 10 0.331845
87 9 0.350377
87 13 0.289205
87 11 0.439963
87 14 0.375050
87 12 0.439997
87 6 0.665906
87 2 0.701331
87 29 0.306443
87 4 0.737041
87 3 0.742259
87 0 0.757938
87 7 0.746260
87 31 0.374800
87 28 0.383040
87 1 0.802375
87 5 0.801528
87 30 0.505114
87 15 0.818858
87 32 0.558109
87 22 0.621426
87 33 0.552077
87 21 0.718079
87 17 0.862261
87 50 0.431204
87 16 0.893485
87 19 0.812252
87 26 0.645044
87 18 0.929427
87 25 0.750806
87 46 0.679419
87 27 0.799262
87 24 0.829568
87 20 0.972313
87 23 0.872893
87 44 0.786570
87 53 0.633535
87 40 0.842839
87 43 0.849238
87 52 0.701102
87 42 0.881100
87 45 0.878079
87 51 0.811866
87 41 0.934866
87 48 0.875198
87 54 0.770655
87 47 0.946583
87 55 0.792016
87 49 0.942357
87 36 1.045677
87 56 0.828817
87 34 1.169407
87 39 1.685224
87 37 3.109828
87 35 3.354347
87 38 3.372507
88 9 0.411268
88 13 0.396498
88 10 0.447886
88 11 0.551384
88 8 0.568912
88 14 0.575291
88 5 0.669553
88 1 0.734535
88 28 0.654100
88 30 0.667302
88 4 0.752360
88 3 0.778843
88 12 0.754659
88 7 0.827214
88 29 0.758597
88 0 0.847708
88 31 0.791776
88 33 0.868927
88 2 1.043157
88 6 1.067079
88 15 1.067557
88 16 1.063296
88 17 1.118000
88 32 1.087028
88 21 1.123941
88 19 1.126183
88 18 1.132945
88 50 0.715427
88 25 1.222673
88 23 1.248958
88 27 1.322462
88 26 1.363027
88 22 1.379592
88 20 1.398153
88 49 0.984731
88 46 1.107378
88 24 1.455140
88 48 1.124677
88 41 1.417726
88 40 1.475896
88 53 1.062183
88 34 1.586782
88 45 1.311827
88 56 0.979851
88 55 1.129184
88 54 1.137095
88 42 1.528232
88 44 1.411404
88 43 1.530121
88 51 1.197264
88 47 1.353396
88 52 1.204249
88 36 1.814429
88 39 2.439725
88 35 4.016140
88 38 4.021291
88 37 4.100811
89 8 0.402880
89 9 0.452503
89 11 0.491306
89 10 0.542566
89 14 0.545709
89 12 0.676743
89 3 0.723903
89 13 0.675887
89 1 0.746452
89 0 0.766611
89 5 0.785145
89 30 0.798032
89 32 0.923130
89 50 0.647308
89 4 1.035024
89 28 0.992800
89 6 1.059623
89 29 1.015247
89 18 1.132591
89 22 1.142030
89 2 1.209760
89 16 1.162768
89 15 1.193080
89 20 1.187872
89 7 1.285241
89 31 1.277092
89 27 1.308639
89 33 1.299865
89 40 1.265678
89 26 1.355015
89 46 1.263781
89 21 1.404770
89 19 1.463275
89 25 1.458052
89 23 1.520946
89 53 1.118360
89 49 1.347187
89 24 1.580340
89 56 1.144633
89 51 1.257355
89 17 1.657195
89 41 1.572410
89 42 1.563308
89 44 1.571801
89 54 1.287439
89 55 1.264045
89 47 1.594616
89 48 1.574415
89 36 1.732965
89 45 1.713951
89 52 1.513283
89 43 1.825186
89 34 1.935442
89 39 2.682603
89 38 4.174579
89 37 4.360409
89 35 4.649299
90 33 0.477924
90 3 0.521017
90 9 0.528223
90 8 0.540175
90 11 0.610423
90 12 0.613567
90 13 0.617645
90 1 0.669839
90 49 0.713359
90 0 0.811189
90 5 0.801507
90 29 0.775586
90 51 0.794369
90 2 0.862211
90 10 0.868214
90 14 0.860056
90 28 0.844809
90 18 0.893505
90 31 0.910584
90 43 0.897332
90 32 0.929898
90 50 0.908929
90 30 0.947198
90 27 0.999985
90 47 0.976612
90 7 1.032010
90 53 0.970831
90 16 1.099710
90 4 1.138764
90 21 1.122490
90 44 1.115741
90 17 1.153847
90 52 1.118008
90 22 1.195301
90 55 1.162291
90 20 1.229581
90 25 1.232006
90 46 1.245144
90 41 1.259991
90 19 1.302943
90 42 1.285497
90 23 1.310693
90 6 1.352161
90 45 1.323453
90 54 1.332246
90 48 1.347539
90 15 1.412277
90 26 1.406401
90 40 1.403703
90 24 1.434435
90 56 1.441289
90 36 1.483171
90 34 1.848159
90 39 2.516982
90 38 4.008422
90 35 4.168722
90 37 4.290123
91 8 0.391268
91 9 0.440706
91 11 0.440374
91 10 0.467172
91 5 0.638145
91 0 0.724837
91 30 0.716463
91 50 0.733307
91 1 0.824247
91 13 0.822172
91 2 0.850513
91 4 0.845634
91 6 0.880087
91 29 0.870667
91 3 0.913663
91 14 0.930828
91 12 0.953446
91 28 0.950853
91 32 0.965408
91 7 1.039882
91 22 1.069201
91 24 1.067766
91 21 1.099357
91 31 1.083089
91 52 1.059807
91 33 1.093780
91 18 1.130489
91 40 1.100521
91 44 1.102687
91 48 1.101355
91 23 1.166789
91 49 1.125628
91 53 1.202677
91 16 1.275172
91 15 1.280803
91 54 1.235252
91 20 1.308212
91 42 1.283020
91 46 1.293152
91 45 1.322718
91 41 1.337235
91 43 1.350829
91 19 1.392057
91 47 1.381039
91 56 1.370066
91 25 1.428970
91 27 1.432445
91 51 1.425891
91 17 1.489278
91 55 1.491606
91 26 1.626185
91 34 1.697475
91 36 1.826742
91 39 2.823573
91 37 4.495292
91 38 4.561681
91 35 4.654597
92 10 0.443656
92 8 0.635220
92 9 0.635251
92 2 0.740445
92 14 0.758874
92 3 0.812989
92 0 0.916629
92 1 0.947263
92 31 0.948118
92 21 0.960874
92 5 0.975845
92 56 0.958611
92 7 1.013676
92 30 0.991023
92 29 1.008076
92 19 1.045670
92 11 1.117040
92 4 1.153077
92 17 1.143771
92 32 1.126046
92 6 1.174025
92 28 1.172115
92 33 1.198706
92 13 1.221636
92 12 1.278552
92 50 1.235822
92 51 1.245877
92 46 1.369450
92 42 1.432745
92 49 1.440553
92 47 1.451058
92 16 1.523655
92 48 1.485862
92 25 1.512647
92 52 1.504306
92 27 1.542849
92 26 1.586847
92 41 1.582857
92 18 1.620991
92 45 1.589126
92 15 1.631137
92 22 1.640150
92 55 1.660415
92 20 1.711244
92 44 1.706665
92 40 1.727253
92 43 1.742088
92 34 1.760493
92 23 1.774364
92 54 1.760398
92 53 1.767989
92 24 1.814436
92 36 2.207383
92 39 2.970972
92 37 4.275136
92 35 4.585168
92 38 4.588132
93 10 0.528804
93 8 0.576273
93 21 0.566952
93 1 0.904116
93 12 0.936182
93 4 0.945185
93 11 0.949485
93 13 0.993494
93 20 0.989074
93 3 1.021995
93 5 1.021435
93 7 1.074099
93 18 1.146133
93 14 1.201753
93 19 1.201458
93 6 1.262876
93 28 1.242776
93 50 1.242084
93 33 1.296839
93 31 1.358020
93 29 1.360951
93 0 1.394692
93 9 1.428736
93 32 1.452087
93 30 1.454988
93 40 1.440151
93 53 1.454881
93 46 1.518787
93 48 1.534616
93 41 1.589258
93 25 1.633498
93 24 1.636695
93 2 1.666642
93 15 1.710159
93 51 1.650018
93 42 1.698799
93 56 1.672168
93 47 1.697017
93 49 1.747585
93 43 1.811882
93 45 1.832384
93 55 1.822730
93 16 1.921597
93 26 1.920350
93 17 1.937904
93 22 1.992712
93 44 1.959779
93 52 1.962778
93 27 2.035087
93 34 2.065347
93 54 2.091903
93 23 2.214597
93 36 2.200159
93 39 2.857797
93 35 4.832502
93 37 4.877580
93 38 4.966145
94 9 0.549946
94 14 0.554476
94 30 0.691553
94 31 0.712906
94 1 0.784772
94 0 0.807673
94 11 0.866409
94 33 0.922243
94 8 0.948387
94 3 0.952182
94 2 0.953753
94 10 1.017232
94 32 1.092493
94 5 1.120269
94 17 1.166471
94 41 1.179305
94 4 1.220789
94 53 1.177811
94 26 1.260407
94 29 1.294368
94 50 1.304934
94 13 1.348768
94 22 1.340076
94 28 1.333141
94 12 1.352025
94 48 1.310899
94 20 1.344722
94 15 1.354726
94 18 1.383611
94 6 1.409352
94 51 1.386836
94 23 1.445146
94 40 1.424496
94 43 1.421936
94 24 1.445928
94 16 1.469096
94 25 1.478645
94 54 1.468274
94 42 1.527389
94 7 1.628602
94 45 1.595720
94 55 1.642143
94 27 1.711988
94 49 1.695638
94 46 1.707865
94 44 1.727842
94 19 1.791760
94 47 1.806696
94 56 1.807186
94 21 1.876432
94 52 1.855707
94 34 1.932353
94 36 1.980865
94 39 2.814835
94 37 4.499902
94 35 4.970542
94 38 5.117374
95 11 0.529479
95 50 0.509419
95 8 0.674444
95 0 0.735584
95 12 0.777217
95 32 0.859395
95 9 0.882614
95 10 0.881986
95 29 0.862813
95 30 0.923240
95 13 0.962515
95 31 0.971689
95 1 1.001561
95 6 1.048580
95 2 1.052419
95 52 1.000305
95 18 1.054926
95 28 1.092167
95 26 1.094505
95 14 1.151283
95 45 1.147183
95 42 1.238725
95 5 1.301920
95 49 1.285992
95 19 1.319268
95 24 1.327000
95 15 1.365478
95 17 1.368268
95 27 1.367351
95 53 1.351796
95 56 1.353340
95 3 1.412735
95 7 1.409463
95 33 1.385848
95 55 1.366639
95 44 1.383304
95 4 1.439781
95 21 1.430706
95 22 1.453603
95 40 1.442393
95 20 1.472970
95 43 1.471465
95 46 1.475223
95 16 1.516950
95 54 1.481451
95 48 1.489346
95 51 1.506459
95 41 1.528594
95 47 1.534483
95 36 1.599617
95 25 1.634807
95 23 1.676223
95 34 1.670937
95 39 2.701843
95 38 4.761109
95 37 4.821188
95 35 5.025083
96 9 0.394869
96 8 0.466351
96 13 0.437131
96 11 0.453692
96 10 0.567421
96 12 0.588387
96 5 0.625090
96 14 0.602718
96 0 0.671389
96 3 0.690379
96 6 0.728956
96 1 0.825871
96 7 0.816918
96 32 0.395457
96 15 0.845479
96 20 0.865625
96 4 0.982826
96 30 0.532907
96 17 0.964111
96 28 0.775431
96 33 0.651117
96 31 0.693263
96 2 1.183244
96 18 1.105457
96 29 0.789904
96 16 1.149502
96 23 1.108436
96 24 1.066076
96 22 1.124664
96 56 0.605389
96 48 0.633543
96 25 1.036879
96 53 0.641021
96 50 0.650116
96 19 1.208179
96 26 1.084145
96 27 1.111042
96 49 0.775270
96 51 0.776155
96 41 0.850364
96 44 0.813187
96 42 0.911335
96 21 1.399404
96 46 0.914619
96 54 0.902660
96 45 0.924928
96 43 0.971325
96 52 0.985453
96 55 1.024780
96 40 1.117720
96 47 1.067649
96 36 1.326803
96 34 1.458621
96 39 2.169110
96 37 3.811250
96 38 4.135254
96 35 4.287351
97 10 0.496378
97 30 0.544604
97 14 0.560355
97 33 0.562493
97 3 0.639461
97 12 0.655892
97 0 0.709771
97 8 0.759680
97 9 0.759894
97 21 0.754917
97 24 0.808943
97 1 0.847235
97 32 0.870741
97 6 0.936757
97 31 0.942928
97 23 0.961691
97 28 1.027914
97 4 1.047380
97 2 1.049462
97 19 1.038776
97 54 1.036382
97 25 1.070486
97 18 1.077408
97 20 1.077909
97 13 1.092424
97 29 1.098029
97 16 1.111655
97 50 1.104806
97 17 1.148591
97 45 1.137880
97 11 1.263969
97 43 1.238559
97 27 1.330178
97 49 1.316710
97 7 1.363736
97 5 1.372690
97 42 1.358557
97 51 1.356130
97 52 1.376155
97 44 1.427092
97 46 1.438363
97 55 1.462551
97 48 1.477632
97 41 1.495024
97 40 1.528803
97 15 1.561112
97 22 1.558435
97 26 1.566921
97 53 1.551743
97 56 1.590679
97 47 1.634989
97 34 1.651241
97 36 1.695861
97 39 2.772509
97 38 4.230896
97 37 4.432388
97 35 4.719811
98 9 0.508259
98 8 0.564129
98 12 0.562369
98 11 0.610594
98 1 0.765355
98 0 0.827054
98 30 0.835925
98 5 0.932901
98 50 0.902021
98 10 0.962406
98 6 0.965521
98 33 0.993426
98 14 1.087739
98 2 1.134371
98 3 1.245208
98 4 1.245010
98 23 1.230917
98 7 1.260231
98 29 1.373697
98 27 1.379007
98 28 1.377347
98 31 1.375570
98 41 1.362717
98 53 1.409400
98 13 1.457639
98 32 1.468100
98 40 1.472941
98 56 1.474079
98 44 1.599312
98 22 1.633210
98 18 1.677870
98 26 1.724615
98 24 1.762861
98 46 1.755396
98 17 1.804943
98 48 1.781666
98 19 1.858745
98 16 1.871102
98 52 1.828879
98 20 1.878090
98 21 1.921457
98 15 1.938228
98 25 1.931286
98 51 1.926760
98 47 1.941724
98 49 1.949892
98 54 1.961019
98 45 1.987624
98 34 2.032290
98 42 2.050320
98 55 2.083885
98 43 2.191524
98 36 2.590734
98 39 3.283370
98 35 5.482850
98 37 5.668872
98 38 6.056579
99 11 0.750126
99 9 0.751818
99 10 0.836948
99 14 0.835224
99 13 0.836261
99 12 0.837334
99 29 0.853291
99 28 0.918513
99 31 0.953618
99 3 1.056468
99 1 1.075647
99 15 1.138777
99 8 1.200378
99 4 1.222050
99 41 1.215254
99 17 1.250372
99 33 1.227943
99 16 1.316028
99 2 1.326910
99 5 1.325255
99 23 1.370797
99 30 1.403832
99 52 1.374073
99 21 1.433261
99 50 1.428899
99 19 1.532065
99 32 1.513216
99 45 1.611776
99 20 1.650234
99 25 1.639871
99 0 1.666093
99 24 1.644151
99 22 1.650789
99 48 1.611301
99 53 1.605928
99 56 1.646047
99 47 1.657310
99 27 1.711300
99 51 1.715138
99 49 1.754201
99 54 1.772908
99 44 1.797718
99 42 1.848923
99 55 1.844877
99 43 1.900017
99 7 1.953801
99 36 1.923114
99 26 1.986876
99 18 2.033407
99 40 2.012439
99 46 2.062678
99 6 2.160415
99 34 2.286115
99 39 3.575773
99 37 5.612917
99 38 5.858039
99 35 5.960510
100 8 0.334662
100 9 0.340251
100 10 0.420465
100 11 0.378598
100 12 0.378235
100 3 0.627461
100 13 0.434223
100 14 0.426817
100 5 0.632181
100 0 0.664000
100 2 0.695191
100 1 0.709523
100 32 0.246137
100 31 0.266731
100 28 0.343135
100 4 0.961964
100 7 0.926220
100 29 0.466144
100 6 1.058309
100 25 0.693916
100 33 0.578868
100 30 0.631984
100 19 0.882743
100 16 0.943728
100 18 0.887970
100 20 0.895754
100 21 0.893959
100 50 0.556644
100 27 0.869576
100 23 0.939496
100 15 1.105798
100 17 1.045788
100 48 0.797760
100 26 1.045113
100 22 1.099988
100 24 1.078696
100 56 0.718250
100 54 0.788537
100 45 0.920497
100 41 1.005523
100 47 0.979130
100 44 1.001602
100 40 1.030518
100 49 0.978074
100 55 0.889840
100 53 0.928873
100 46 1.034380
100 51 1.078396
100 42 1.149830
100 36 1.299736
100 52 1.191025
100 43 1.280111
100 34 1.442623
100 39 2.567507
100 38 4.231812
100 37 4.565854
100 35 4.668057
101 8 0.500283
101 13 0.583620
101 11 0.619666
101 5 0.805206
101 51 0.807712
101 29 0.907749
101 32 0.919332
101 12 0.966381
101 1 1.052915
101 45 1.005187
101 43 1.010362
101 42 1.012148
101 52 1.138345
101 0 1.229058
101 10 1.222618
101 4 1.227793
101 2 1.230088
101 31 1.200094
101 9 1.226077
101 54 1.229366
101 46 1.276064
101 50 1.314416
101 26 1.359998
101 3 1.418615
101 30 1.391095
101 55 1.522807
101 28 1.555641
101 48 1.532998
101 25 1.561997
101 56 1.524901
101 14 1.576360
101 33 1.552909
101 7 1.609869
101 20 1.599884
101 19 1.633136
101 53 1.622423
101 27 1.681097
101 16 1.754303
101 17 1.770957
101 47 1.741387
101 15 1.793303
101 49 1.765967
101 6 1.844616
101 21 1.875818
101 44 1.870879
101 40 1.906978
101 22 1.949948
101 18 1.968498
101 41 1.950471
101 24 2.062598
101 23 2.074734
101 34 2.563900
101 36 2.602864
101 39 3.736604
101 35 5.565343
101 37 5.717453
101 38 5.875620
102 12 0.606148
102 30 0.831036
102 0 0.873698
102 3 0.876116
102 13 0.871006
102 32 0.893007
102 14 0.913201
102 7 1.005231
102 24 1.073464
102 50 1.070571
102 6 1.114877
102 10 1.121078
102 52 1.079732
102 8 1.159875
102 22 1.182438
102 31 1.180375
102 51 1.158318
102 49 1.189321
102 5 1.241230
102 9 1.261971
102 23 1.299088
102 11 1.309260
102 20 1.306103
102 29 1.314134
102 16 1.355319
102 28 1.380766
102 15 1.466193
102 48 1.440557
102 53 1.443106
102 33 1.488533
102 26 1.512276
102 17 1.560763
102 19 1.566254
102 40 1.573630
102 27 1.598935
102 45 1.615417
102 46 1.634430
102 42 1.651118
102 47 1.651689
102 4 1.700366
102 2 1.713279
102 1 1.725121
102 55 1.691052
102 44 1.707637
102 56 1.702113
102 25 1.760827
102 43 1.777627
102 41 1.800407
102 54 1.792479
102 18 1.895868
102 21 1.963253
102 36 2.343352
102 34 2.345966
102 39 3.621652
102 35 5.156144
102 38 5.639756
102 37 5.755689
103 14 0.531595
103 9 0.650801
103 30 0.772720
103 12 0.843072
103 10 0.896204
103 21 0.973952
103 16 1.024268
103 2 1.069173
103 8 1.070219
103 33 1.042540
103 5 1.132365
103 4 1.133557
103 32 1.104734
103 28 1.139152
103 1 1.166539
103 3 1.166943
103 41 1.187472
103 15 1.264020
103 49 1.222394
103 11 1.353713
103 31 1.388000
103 24 1.402285
103 13 1.414510
103 50 1.451539
103 23 1.488384
103 0 1.524658
103 42 1.483442
103 46 1.508130
103 7 1.554661
103 29 1.530508
103 48 1.509333
103 22 1.579375
103 51 1.593199
103 19 1.727141
103 25 1.720955
103 20 1.739811
103 43 1.723014
103 26 1.750559
103 18 1.786522
103 40 1.867206
103 55 1.865931
103 27 1.915293
103 52 1.895033
103 54 1.908245
103 6 2.012686
103 56 1.966686
103 45 2.056343
103 44 2.095419
103 17 2.176618
103 47 2.178085
103 53 2.263902
103 36 2.326453
103 34 2.428736
103 39 3.449656
103 37 5.154194
103 35 5.397018
103 38 5.415369
104 9 0.371918
104 10 0.419618
104 14 0.437826
104 8 0.478322
104 12 0.473698
104 11 0.556677
104 13 0.757605
104 0 0.883983
104 3 1.026386
104 4 1.043186
104 17 1.007551
104 6 1.122351
104 5 1.169645
104 28 0.833841
104 16 1.157992
104 15 1.181205
104 31 0.831769
104 2 1.321242
104 7 1.318913
104 33 0.875074
104 30 0.942539
104 18 1.295342
104 32 0.939870
104 22 1.195508
104 24 1.145986
104 29 1.083701
104 1 1.484636
104 50 0.887470
104 44 0.942353
104 19 1.392906
104 25 1.288137
104 26 1.292331
104 20 1.472663
104 21 1.428660
104 23 1.349043
104 53 1.020435
104 42 1.137725
104 45 1.118929
104 27 1.448471
104 43 1.192799
104 46 1.251675
104 48 1.233270
104 40 1.330915
104 51 1.248470
104 49 1.262179
104 54 1.262309
104 52 1.313213
104 56 1.236669
104 47 1.352295
104 55 1.343251
104 41 1.494300
104 36 1.749453
104 34 1.967326
104 39 2.972921
104 37 5.153333
104 38 5.260459
104 35 5.362840
105 14 0.568388
105 8 0.579644
105 12 0.622525
105 30 0.680366
105 50 0.658881
105 32 0.679561
105 10 0.947351
105 0 0.956683
105 11 0.986233
105 46 0.971595
105 13 1.084009
105 3 1.183369
105 52 1.135475
105 28 1.210634
105 44 1.226421
105 15 1.486372
105 40 1.463727
105 42 1.462479
105 6 1.542089
105 29 1.527754
105 24 1.609100
105 9 1.656077
105 1 1.669899
105 4 1.668496
105 22 1.666983
105 41 1.664255
105 31 1.685198
105 20 1.748577
105 33 1.733195
105 54 1.743507
105 16 1.813048
105 18 1.823534
105 26 1.835366
105 49 1.829818
105 53 1.863719
105 17 1.931297
105 2 1.948855
105 56 1.938729
105 5 2.030252
105 34 1.999220
105 47 1.998373
105 55 2.015489
105 23 2.061411
105 48 2.036486
105 51 2.080096
105 43 2.108739
105 45 2.176531
105 21 2.243973
105 27 2.276609
105 7 2.332352
105 19 2.373604
105 25 2.548653
105 36 2.691551
105 39 3.262545
105 37 5.231311
105 35 5.693043
105 38 5.994785
106 28 0.636825
106 33 0.663546
106 9 0.799598
106 8 0.969104
106 30 0.948229
106 11 1.001745
106 14 1.089922
106 5 1.130172
106 10 1.138802
106 4 1.227068
106 50 1.210495
106 48 1.215422
106 13 1.316974
106 29 1.300920
106 7 1.365913
106 2 1.382636
106 43 1.342468
106 6 1.420159
106 32 1.409119
106 12 1.501663
106 31 1.557528
106 44 1.563460
106 17 1.596789
106 52 1.689205
106 1 1.769867
106 26 1.751144
106 46 1.756925
106 49 1.770717
106 3 1.837563
106 27 1.837693
106 18 1.870191
106 22 1.880297
106 41 1.915242
106 23 1.943658
106 16 2.019170
106 0 2.049226
106 15 2.075492
106 21 2.078376
106 51 2.059082
106 40 2.082215
106 56 2.074844
106 20 2.123565
106 24 2.141344
106 55 2.116656
106 54 2.158571
106 42 2.182595
106 45 2.189520
106 34 2.211013
106 19 2.245528
106 25 2.247246
106 53 2.278270
106 47 2.351821
106 36 2.473044
106 39 4.089430
106 38 5.969091
106 37 6.216094
106 35 6.359234
107 11 0.522069
107 12 0.588717
107 8 0.611614
107 14 0.688133
107 3 0.854979
107 10 0.903336
107 50 0.869452
107 0 0.958762
107 28 1.152861
107 29 1.199174
107 30 1.198279
107 2 1.227201
107 32 1.219520
107 33 1.288371
107 16 1.312043
107 22 1.320283
107 1 1.422206
107 23 1.407468
107 55 1.365149
107 21 1.467318
107 54 1.495833
107 31 1.627765
107 4 1.682677
107 13 1.677933
107 51 1.631561
107 9 1.752737
107 6 1.770452
107 40 1.732241
107 48 1.768036
107 47 1.781209
107 53 1.796381
107 56 1.805765
107 26 1.916134
107 27 1.965532
107 7 2.028992
107 42 1.999734
107 17 2.059770
107 20 2.067799
107 18 2.071672
107 43 2.066535
107 5 2.123855
107 24 2.121268
107 46 2.101880
107 49 2.127620
107 45 2.149010
107 25 2.202888
107 44 2.183824
107 52 2.253450
107 19 2.317884
107 15 2.407497
107 34 2.383312
107 41 2.375395
107 36 2.423921
107 39 3.629147
107 37 6.693102
107 38 6.706189
107 35 6.973494
108 9 0.586552
108 14 0.635234
108 10 0.807532
108 12 0.816777
108 50 0.815849
108 29 0.872643
108 33 0.981174
108 32 1.071575
108 8 1.220826
108 46 1.195976
108 4 1.295015
108 5 1.310424
108 52 1.318571
108 7 1.404008
108 27 1.425435
108 30 1.439319
108 31 1.455281
108 40 1.445379
108 13 1.509277
108 2 1.534152
108 11 1.568784
108 43 1.547098
108 42 1.549011
108 6 1.694970
108 28 1.752150
108 3 1.813799
108 47 1.795827
108 45 1.930491
108 26 1.964141
108 49 2.037435
108 24 2.100252
108 48 2.071599
108 1 2.185114
108 55 2.115866
108 0 2.193075
108 41 2.167876
108 18 2.246202
108 44 2.222319
108 51 2.290820
108 16 2.342418
108 36 2.324976
108 54 2.309403
108 25 2.352958
108 22 2.359036
108 19 2.385971
108 56 2.348664
108 20 2.415705
108 53 2.473487
108 17 2.525744
108 23 2.537736
108 15 2.611698
108 21 2.735305
108 34 2.846616
108 39 3.736438
108 37 6.471909
108 38 6.625519
108 35 6.639085
109 14 0.664332
109 32 0.850032
109 31 0.956838
109 2 0.995372
109 28 1.015781
109 33 1.035562
109 9 1.117241
109 30 1.095040
109 7 1.138147
109 49 1.106209
109 10 1.190643
109 18 1.196863
109 43 1.215498
109 51 1.235533
109 50 1.239033
109 29 1.315364
109 13 1.425107
109 12 1.444086
109 0 1.481460
109 17 1.494958
109 19 1.495869
109 11 1.525765
109 52 1.475572
109 3 1.582439
109 1 1.584586
109 27 1.587441
109 8 1.688799
109 23 1.742491
109 5 1.762478
109 4 1.784479
109 16 1.804803
109 25 1.817900
109 48 1.780576
109 53 1.786782
109 44 1.820576
109 45 1.825953
109 21 1.882538
109 22 1.892399
109 15 1.930120
109 55 1.894869
109 54 1.903330
109 46 1.938520
109 41 1.954189
109 40 2.001350
109 47 1.991575
109 6 2.050203
109 56 2.030453
109 26 2.086357
109 20 2.105391
109 24 2.125708
109 42 2.176086
109 34 2.252908
109 36 2.349235
109 39 3.987330
109 35 6.480933
109 37 6.515984
109 38 6.752283
110 9 0.818339
110 28 0.925881
110 13 0.964108
110 33 0.956975
110 14 1.059596
110 29 1.387094
110 0 1.467389
110 32 1.439872
110 1 1.470112
110 31 1.442395
110 3 1.471507
110 20 1.475947
110 6 1.511198
110 43 1.472625
110 11 1.568182
110 30 1.578403
110 5 1.603104
110 8 1.662799
110 7 1.664626
110 50 1.620378
110 48 1.716299
110 15 1.754155
110 45 1.766246
110 24 1.792625
110 10 1.808149
110 40 1.801311
110 12 1.907487
110 42 1.906334
110 51 1.898046
110 26 1.968205
110 49 1.971601
110 17 2.040354
110 54 2.035076
110 16 2.200968
110 41 2.193727
110 18 2.250165
110 25 2.252221
110 23 2.264579
110 19 2.299123
110 56 2.277658
110 2 2.347185
110 53 2.306143
110 21 2.403530
110 52 2.387941
110 27 2.447002
110 46 2.462621
110 44 2.537571
110 4 2.591190
110 47 2.591423
110 55 2.593102
110 34 2.873787
110 36 2.881335
110 22 2.907414
110 39 4.293811
110 37 6.787505
110 38 6.864577
110 35 7.269159
111 8 0.514808
111 12 0.541080
111 50 0.532015
111 11 0.589184
111 28 0.604163
111 30 0.622371
111 9 0.661113
111 14 0.749736
111 4 0.807748
111 31 0.792076
111 32 0.853693
111 10 0.976288
111 0 1.017806
111 6 1.076995
111 15 1.071048
111 21 1.076125
111 3 1.093287
111 23 1.135092
111 27 1.131371
111 5 1.150234
111 17 1.167380
111 54 1.129768
111 49 1.253774
111 33 1.273038
111 2 1.300659
111 16 1.293238
111 48 1.278956
111 29 1.302030
111 19 1.312221
111 13 1.345025
111 18 1.382526
111 53 1.381729
111 51 1.402101
111 44 1.416916
111 52 1.425309
111 22 1.493562
111 26 1.581362
111 1 1.601253
111 56 1.549171
111 47 1.560403
111 42 1.566418
111 45 1.563931
111 40 1.570102
111 7 1.601098
111 20 1.615332
111 55 1.578765
111 43 1.615749
111 46 1.649200
111 24 1.673190
111 25 1.718537
111 41 1.799415
111 36 1.915534
111 34 2.263467
111 39 3.745546
111 35 6.200827
111 38 6.246386
111 37 6.498756
112 11 0.734036
112 9 0.824016
112 31 0.803409
112 8 0.974869
112 14 1.006787
112 10 1.010360
112 50 1.077709
112 12 1.170592
112 33 1.222800
112 30 1.360654
112 0 1.473721
112 2 1.597630
112 24 1.657712
112 41 1.634822
112 32 1.648895
112 13 1.753206
112 5 1.759255
112 4 1.761385
112 20 1.804729
112 28 1.812886
112 44 1.825175
112 7 1.867073
112 15 1.862210
112 40 1.887943
112 29 1.959464
112 23 1.969975
112 3 2.017546
112 46 1.972918
112 43 1.995046
112 25 2.020428
112 1 2.040468
112 54 2.022144
112 6 2.100765
112 47 2.072186
112 51 2.185832
112 42 2.275828
112 45 2.292034
112 53 2.315670
112 17 2.413962
112 27 2.461861
112 48 2.508550
112 26 2.552834
112 16 2.586100
112 22 2.592873
112 21 2.594209
112 36 2.608547
112 52 2.587824
112 56 2.595032
112 49 2.654944
112 18 2.708193
112 55 2.660403
112 19 2.770634
112 34 3.162732
112 39 5.017180
112 35 7.401055
112 37 7.673796
112 38 7.716450
113 9 0.560341
113 11 0.704929
113 12 0.702860
113 31 0.826132
113 50 0.806508
113 28 0.898485
113 32 0.973701
113 10 1.038701
113 33 1.058144
113 14 1.080659
113 8 1.145175
113 6 1.166943
113 2 1.203730
113 1 1.231993
113 5 1.275021
113 7 1.334398
113 47 1.299771
113 29 1.395030
113 0 1.447096
113 13 1.436973
113 30 1.439233
113 4 1.517125
113 21 1.514275
113 3 1.711379
113 42 1.684010
113 56 1.718576
113 40 1.839243
113 53 1.820758
113 25 1.870823
113 44 1.947373
113 27 1.978961
113 51 1.974922
113 55 1.989837
113 45 2.014108
113 46 2.037624
113 48 2.040217
113 54 2.054657
113 18 2.144843
113 15 2.153401
113 52 2.107702
113 41 2.137642
113 16 2.185546
113 17 2.192275
113 19 2.190568
113 23 2.260550
113 20 2.269970
113 49 2.245309
113 26 2.281017
113 43 2.294670
113 22 2.465447
113 24 2.464191
113 36 2.545409
113 34 2.786386
113 39 4.069434
113 38 7.018455
113 37 7.150922
113 35 7.199963
114 10 0.631498
114 28 0.671928
114 8 0.765472
114 3 1.024249
114 13 1.025743
114 0 1.104419
114 14 1.258368
114 30 1.277227
114 29 1.328734
114 42 1.324685
114 31 1.337611
114 50 1.427297
114 4 1.506305
114 9 1.517379
114 2 1.529811
114 32 1.539443
114 52 1.520810
114 11 1.649845
114 40 1.618756
114 45 1.628976
114 12 1.666915
114 7 1.695350
114 22 1.694682
114 46 1.703210
114 51 1.706853
114 6 1.763129
114 19 1.762469
114 21 1.812720
114 33 1.811129
114 18 1.854766
114 27 1.888511
114 43 1.871619
114 20 1.961153
114 49 1.931818
114 1 2.073445
114 56 2.021522
114 26 2.129534
114 48 2.123810
114 5 2.180077
114 25 2.172279
114 16 2.196655
114 54 2.166515
114 24 2.234595
114 15 2.274672
114 41 2.308115
114 55 2.388045
114 36 2.445224
114 47 2.488136
114 23 2.542551
114 53 2.612758
114 34 2.732290
114 44 2.727814
114 17 2.757713
114 39 3.701847
114 38 6.678946
114 35 7.119503
114 37 7.372619
115 9 0.541869
115 50 0.599135
115 10 0.850210
115 27 0.925229
115 11 0.957807
115 14 0.956410
115 29 1.016290
115 23 1.131385
115 2 1.177335
115 15 1.180820
115 28 1.203133
115 8 1.224484
115 0 1.230354
115 13 1.249097
115 12 1.250371
115 26 1.318358
115 47 1.323492
115 33 1.376648
115 32 1.408790
115 52 1.387400
115 1 1.469072
115 51 1.417321
115 31 1.453068
115 42 1.453549
115 6 1.504685
115 16 1.499003
115 4 1.520559
115 53 1.480899
115 30 1.510501
115 48 1.551556
115 41 1.582371
115 55 1.566172
115 3 1.621804
115 25 1.617209
115 40 1.655888
115 45 1.658285
115 46 1.667510
115 49 1.679561
115 7 1.747042
115 54 1.725932
115 44 1.737671
115 19 1.770575
115 18 1.803609
115 24 1.815868
115 22 1.833370
115 56 1.799358
115 21 1.912931
115 17 2.004645
115 20 2.095435
115 5 2.144714
115 43 2.138666
115 36 2.233657
115 34 2.539821
115 39 3.332300
115 38 6.340664
115 35 6.601249
115 37 7.018774
116 12 0.709838
116 11 0.741828
116 8 0.816472
116 6 1.000253
116 29 1.056942
116 31 1.081868
116 1 1.266090
116 28 1.325309
116 0 1.352218
116 50 1.297809
116 2 1.351861
116 14 1.381668
116 32 1.391594
116 30 1.395216
116 7 1.482846
116 9 1.549554
116 48 1.504998
116 19 1.543216
116 10 1.591517
116 5 1.596921
116 15 1.590107
116 33 1.637355
116 16 1.658250
116 52 1.767752
116 13 1.815674
116 22 1.807753
116 20 1.811154
116 42 1.783213
116 53 1.769734
116 49 1.861138
116 41 1.883406
116 4 1.956751
116 27 2.035202
116 45 2.043863
116 44 2.098322
116 40 2.130754
116 26 2.159240
116 55 2.122887
116 25 2.173971
116 56 2.156097
116 3 2.249932
116 43 2.242261
116 54 2.242490
116 51 2.249146
116 47 2.279063
116 46 2.316587
116 21 2.368811
116 17 2.432973
116 18 2.445344
116 23 2.463726
116 24 2.495800
116 34 2.494071
116 36 2.967030
116 39 4.332424
116 37 7.440340
116 38 7.649992
116 35 7.676781
117 8 0.689337
117 9 0.785681
117 10 0.904544
117 13 1.305809
117 6 1.428973
117 0 1.433975
117 28 1.477665
117 5 1.560027
117 25 1.580162
117 4 1.603023
117 44 1.640461
117 16 1.699084
117 2 1.710035
117 12 1.816937
117 7 1.821664
117 14 1.816632
117 30 1.798278
117 50 1.774386
117 3 1.878065
117 31 1.850131
117 32 1.849434
117 42 1.855221
117 52 1.953427
117 11 2.026480
117 47 1.981255
117 56 1.993184
117 29 2.052044
117 48 2.045722
117 18 2.169977
117 45 2.136146
117 33 2.169448
117 54 2.169219
117 51 2.187665
117 40 2.300519
117 21 2.371081
117 53 2.342556
117 19 2.482990
117 49 2.443522
117 41 2.456587
117 22 2.480520
117 26 2.491717
117 20 2.519619
117 43 2.541713
117 27 2.630041
117 46 2.625637
117 1 2.691744
117 15 2.682814
117 34 2.708808
117 36 2.738287
117 24 2.774927
117 23 2.788857
117 17 2.816795
117 55 2.864298
117 39 4.863556
117 35 6.366815
117 37 6.502893
117 38 7.399009
118 8 0.640167
118 9 0.640144
118 11 0.692371
118 14 0.690497
118 10 0.782511
118 13 0.906012
118 30 0.975772
118 28 1.050804
118 33 1.061628
118 50 1.197866
118 4 1.388655
118 31 1.362412
118 2 1.518717
118 0 1.520741
118 3 1.596002
118 40 1.573806
118 1 1.614807
118 6 1.612167
118 5 1.613262
118 29 1.641214
118 32 1.638171
118 12 1.729815
118 7 1.751282
118 15 1.844370
118 21 1.840000
118 43 1.911647
118 55 1.894249
118 25 1.938167
118 24 1.954169
118 41 1.933896
118 45 1.944302
118 52 1.953510
118 18 2.029236
118 22 2.147231
118 47 2.242394
118 17 2.282731
118 46 2.349991
118 44 2.370872
118 27 2.419373
118 26 2.443185
118 49 2.423869
118 20 2.475010
118 53 2.443652
118 48 2.464556
118 54 2.457100
118 56 2.455837
118 42 2.507197
118 51 2.520291
118 19 2.582050
118 23 2.617926
118 16 2.660723
118 34 2.649770
118 36 3.228237
118 39 4.841034
118 37 7.688067
118 38 7.859383
118 35 8.000143
119 8 0.600789
119 11 0.807761
119 14 0.859806
119 33 1.003501
119 31 1.039886
119 32 1.075372
119 13 1.172006
119 10 1.332051
119 12 1.362452
119 3 1.389056
119 50 1.518480
119 4 1.585506
119 30 1.616534
119 28 1.619104
119 29 1.619148
119 1 1.642633
119 54 1.597881
119 20 1.658655
119 9 1.668074
119 25 1.690801
119 0 1.743691
119 55 1.774705
119 2 1.853150
119 19 1.871065
119 7 1.916978
119 47 1.901643
119 53 1.916595
119 52 1.918693
119 56 1.930297
119 26 2.043583
119 42 2.045570
119 46 2.083936
119 5 2.139042
119 6 2.186803
119 43 2.188038
119 45 2.193136
119 51 2.244877
119 40 2.286831
119 48 2.296055
119 27 2.365295
119 41 2.392461
119 18 2.519329
119 22 2.559185
119 17 2.653060
119 49 2.618537
119 16 2.654547
119 36 2.647758
119 15 2.681976
119 34 2.675340
119 24 2.699065
119 21 2.729696
119 23 2.773628
119 44 2.852698
119 39 4.300869
119 37 7.316280
119 38 7.564239
119 35 7.856354
120 10 0.905014
120 12 0.944872
120 13 1.057010
120 8 1.091284
120 14 1.169115
120 9 1.207288
120 11 1.317273
120 29 0.763397
120 30 0.838032
120 31 0.865890
120 28 1.037558
120 0 1.844811
120 6 1.964829
120 15 1.928758
120 4 1.971832
120 2 2.071330
120 5 2.066233
120 32 1.269983
120 19 2.049930
120 33 1.270937
120 1 2.237064
120 22 1.909808
120 7 2.440079
120 25 1.900376
120 20 2.281428
120 27 1.883992
120 23 1.983257
120 26 1.899946
120 18 2.366836
120 24 1.974935
120 17 2.461530
120 50 1.247558
120 3 2.526241
120 21 2.625176
120 16 2.934994
120 46 1.890157
120 41 2.036771
120 48 1.915113
120 49 1.928927
120 45 2.002232
120 42 2.065004
120 51 1.891703
120 47 1.990333
120 53 1.916942
120 56 1.725176
120 43 2.242928
120 40 2.300293
120 44 2.232413
120 52 2.089125
120 55 1.957273
120 54 2.166875
120 34 2.719423
120 36 2.949251
120 39 5.152202
120 38 7.819998
120 35 8.392728
120 37 8.591040
