21 1 1 3
22 1 1 3
23 1 1 2
24 1 1 2
25 1 1 3
26 1 1 3
27 1 1 3
28 1 1 3
29 1 1 3
30 1 1 3
31 0 0 1
32 1 1 2
33 1 1 3
34 1 1 2
35 1 1 3
36 1 1 3
37 1 1 3
38 1 1 1
39 1 1 1
40 1 1 1
41 1 1 3
42 1 1 3
43 1 1 3
44 1 1 3
45 1 1 2
46 1 1 3
47 1 1 1
48 1 1 3
49 1 1 1
50 1 1 3
51 1 1 3
52 1 1 1
53 1 1 3
54 1 1 3
55 1 1 3
56 1 1 1
57 1 1 3
58 1 1 3
59 1 1 3
60 1 1 1
61 1 1 2
62 1 1 3
63 1 1 3
64 1 1 3
65 1 1 2
66 1 1 3
67 1 1 2
68 1 1 3
69 1 1 1
70 1 1 3
71 1 1 3
72 1 1 3
73 1 1 3
74 1 1 3
75 1 1 3
76 1 1 1
77 1 1 3
78 1 1 1
79 1 1 1
80 1 1 1
81 1 1 1
82 1 1 2
83 1 1 1
84 1 1 3
85 1 1 1
86 1 1 2
87 1 1 1
88 1 1 3
89 1 1 3
90 1 1 3
91 1 1 3
92 1 1 1
93 1 1 2
94 1 1 1
95 1 1 1
96 1 1 2
97 1 1 3
98 1 1 3
99 1 1 1
100 1 1 3
101 1 1 1
102 1 1 3
103 1 1 3
104 1 1 3
105 1 1 3
106 1 1 3
107 1 1 1
108 1 1 1
109 1 1 3
110 1 1 3
111 1 1 3
112 1 1 1
113 1 1 3
114 1 1 1
115 1 1 3
116 1 1 3
117 1 1 1
118 1 1 1
119 1 1 3
120 1 1 1
