71
48.0000000000 40.0000000000 448.0000000000 28.0000000000 273.0000000000 210.0000000000 286.0000000000 207.0000000000 207.0000000000 560.0000000000 324.0000000000 336.0000000000 468.0000000000 575.0000000000 238.0000000000 494.0000000000 40.0000000000 600.0000000000 294.0000000000 450.0000000000 290.0000000000 84.0000000000 357.0000000000 150.0000000000 216.0000000000 342.0000000000 40.0000000000 580.0000000000 324.0000000000 224.0000000000 240.0000000000 420.0000000000 112.0000000000 408.0000000000 104.0000000000 228.0000000000 207.0000000000 580.0000000000 176.0000000000 435.0000000000 63.0000000000 90.0000000000 132.0000000000 325.0000000000 290.0000000000 60.0000000000 160.0000000000 560.0000000000 56.0000000000 40.0000000000 55.0000000000 40.0000000000 306.0000000000 408.0000000000 90.0000000000 50.0000000000 324.0000000000 220.0000000000 672.0000000000 40.0000000000 529.0000000000 756.0000000000 225.0000000000 651.0000000000 40.0000000000 126.0000000000 182.0000000000 493.0000000000 297.0000000000 30.0000000000 176.0000000000
252
0 5 0.0103388857
0 12 0.0017231476
0 21 0.0028719127
0 58 0.0017231476
1 30 0.0017231476
2 6 0.0005743825
2 12 0.0017231476
2 45 0.0022975302
2 50 0.0005743825
2 52 0.0103388857
2 70 0.0011487651
3 45 0.0005743825
3 62 0.0045950604
3 65 0.0045950604
3 66 0.0103388857
4 19 0.0011487651
4 40 0.0086157378
4 60 0.0005743825
4 68 0.0114876507
5 4 0.0028719127
5 12 0.0005743825
5 33 0.0017231476
5 53 0.0034462952
5 58 0.0022975302
5 68 0.0005743825
6 20 0.0103388857
6 68 0.0011487651
8 6 0.0005743825
9 49 0.0005743825
9 67 0.0011487651
10 55 0.0005743825
11 14 0.0005743825
11 19 0.0011487651
11 49 0.0028719127
12 7 0.0034462952
12 32 0.0017231476
12 33 0.0017231476
12 34 0.0103388857
13 1 0.0011487651
13 25 0.0068925903
14 6 0.0028719127
14 58 0.0022975302
16 21 0.0022975302
16 23 0.0011487651
16 26 0.0017231476
16 30 0.0011487651
16 35 0.0114876507
16 37 0.0034462952
16 62 0.0005743825
17 48 0.0017231476
17 52 0.0011487651
17 69 0.0017231476
18 6 0.0011487651
18 26 0.0017231476
18 32 0.0022975302
18 60 0.0028719127
18 62 0.0017231476
19 11 0.0011487651
19 14 0.0034462952
19 26 0.0045950604
19 58 0.0068925903
19 61 0.0028719127
19 64 0.0051694429
20 28 0.0017231476
20 47 0.0068925903
20 64 0.0034462952
21 5 0.0132107986
21 20 0.0034462952
21 38 0.0011487651
22 28 0.0017231476
22 31 0.0005743825
22 48 0.0086157378
23 11 0.0011487651
23 16 0.0011487651
23 19 0.0103388857
23 51 0.0017231476
23 58 0.0017231476
23 63 0.0005743825
24 16 0.0005743825
24 43 0.0028719127
25 18 0.0005743825
26 6 0.0028719127
26 9 0.0005743825
26 22 0.0068925903
26 37 0.0103388857
26 41 0.0034462952
26 47 0.0011487651
26 48 0.0132107986
26 49 0.0011487651
26 60 0.0005743825
26 66 0.0005743825
27 0 0.0034462952
27 3 0.0011487651
27 12 0.0017231476
27 24 0.0017231476
27 45 0.0022975302
27 68 0.0028719127
28 14 0.0017231476
28 18 0.0005743825
28 29 0.0005743825
28 33 0.0011487651
28 34 0.0034462952
28 37 0.0017231476
28 38 0.0011487651
28 46 0.0051694429
28 52 0.0028719127
28 56 0.0022975302
30 42 0.0017231476
30 57 0.0028719127
30 63 0.0017231476
31 25 0.0011487651
31 32 0.0028719127
31 38 0.0028719127
32 0 0.0034462952
32 17 0.0011487651
32 37 0.0005743825
32 62 0.0011487651
32 65 0.0028719127
33 1 0.0005743825
33 13 0.0017231476
33 16 0.0051694429
33 18 0.0017231476
33 26 0.0011487651
33 51 0.0114876507
33 60 0.0005743825
34 3 0.0017231476
34 6 0.0028719127
34 37 0.0005743825
34 54 0.0034462952
34 65 0.0114876507
35 5 0.0028719127
35 46 0.0068925903
35 49 0.0114876507
35 53 0.0005743825
36 15 0.0005743825
36 47 0.0017231476
36 51 0.0051694429
37 10 0.0017231476
37 24 0.0005743825
37 28 0.0017231476
37 55 0.0011487651
37 60 0.0022975302
37 67 0.0028719127
38 4 0.0011487651
38 15 0.0011487651
38 19 0.0028719127
38 37 0.0017231476
39 17 0.0005743825
39 45 0.0005743825
39 49 0.0011487651
39 59 0.0028719127
39 67 0.0017231476
40 8 0.0022975302
40 17 0.0017231476
40 33 0.0005743825
40 49 0.0034462952
41 5 0.0017231476
41 15 0.0086157378
41 19 0.0017231476
41 23 0.0017231476
41 36 0.0017231476
42 33 0.0005743825
42 52 0.0005743825
42 62 0.0114876507
43 12 0.0051694429
43 34 0.0051694429
43 57 0.0017231476
43 66 0.0103388857
43 70 0.0045950604
44 30 0.0034462952
44 31 0.0017231476
44 57 0.0011487651
44 62 0.0022975302
45 40 0.0028719127
45 54 0.0045950604
45 66 0.0011487651
45 69 0.0005743825
46 6 0.0017231476
46 32 0.0017231476
46 47 0.0017231476
46 62 0.0017231476
46 70 0.0017231476
47 14 0.0011487651
47 25 0.0005743825
47 48 0.0022975302
47 50 0.0017231476
48 22 0.0086157378
48 29 0.0017231476
48 32 0.0017231476
48 39 0.0022975302
48 63 0.0017231476
49 0 0.0011487651
49 59 0.0011487651
50 12 0.0011487651
50 20 0.0017231476
50 44 0.0005743825
51 6 0.0028719127
51 34 0.0005743825
51 46 0.0132107986
52 27 0.0011487651
52 36 0.0011487651
53 5 0.0034462952
53 14 0.0011487651
53 22 0.0011487651
53 25 0.0028719127
54 4 0.0017231476
54 24 0.0011487651
54 28 0.0011487651
54 65 0.0011487651
55 51 0.0005743825
56 18 0.0028719127
56 25 0.0045950604
57 20 0.0028719127
57 49 0.0017231476
58 40 0.0017231476
58 49 0.0017231476
59 29 0.0017231476
60 6 0.0028719127
60 12 0.0068925903
60 13 0.0011487651
60 22 0.0017231476
60 25 0.0011487651
60 33 0.0005743825
60 50 0.0051694429
60 53 0.0017231476
61 6 0.0022975302
61 18 0.0028719127
61 60 0.0011487651
62 8 0.0028719127
62 57 0.0011487651
62 69 0.0011487651
63 56 0.0017231476
63 58 0.0011487651
63 69 0.0011487651
65 3 0.0045950604
65 20 0.0011487651
65 69 0.0017231476
65 70 0.0017231476
66 12 0.0068925903
66 43 0.0103388857
66 47 0.0005743825
66 61 0.0011487651
67 1 0.0011487651
67 64 0.0005743825
68 4 0.0114876507
68 62 0.0005743825
69 7 0.0017231476
69 50 0.0068925903
69 56 0.0011487651
70 13 0.0045950604
70 27 0.0017231476
70 51 0.0005743825
221
38 41 0.0005743825
126 1 0.0005743825
148 1 0.0005743825
51 41 0.0005743825
142 55 0.0005743825
47 41 0.0005743825
100 1 0.0005743825
75 10 0.0005743825
143 55 0.0005743825
164 10 0.0005743825
50 55 0.0005743825
131 41 0.0005743825
113 55 0.0005743825
151 1 0.0005743825
74 67 0.0005743825
105 21 0.0005743825
106 67 0.0005743825
45 10 0.0005743825
43 10 0.0005743825
167 45 0.0005743825
146 10 0.0005743825
153 67 0.0005743825
8 21 0.0005743825
76 1 0.0005743825
67 1 0.0005743825
161 21 0.0005743825
26 5 0.0005743825
53 45 0.0005743825
86 5 0.0005743825
31 10 0.0005743825
98 10 0.0005743825
132 67 0.0005743825
69 1 0.0005743825
172 10 0.0005743825
22 7 0.0005743825
34 31 0.0005743825
126 29 0.0005743825
6 30 0.0005743825
49 45 0.0005743825
138 25 0.0005743825
124 67 0.0005743825
70 7 0.0005743825
19 9 0.0005743825
59 10 0.0005743825
168 41 0.0005743825
55 67 0.0005743825
102 10 0.0005743825
113 41 0.0005743825
134 52 0.0005743825
120 10 0.0005743825
156 52 0.0005743825
157 25 0.0005743825
121 31 0.0005743825
119 58 0.0005743825
32 67 0.0005743825
13 10 0.0005743825
10 25 0.0005743825
133 61 0.0005743825
165 61 0.0005743825
169 30 0.0005743825
46 58 0.0005743825
149 9 0.0005743825
159 45 0.0005743825
125 41 0.0005743825
148 10 0.0005743825
64 8 0.0005743825
69 29 0.0005743825
84 52 0.0005743825
15 21 0.0005743825
104 10 0.0005743825
118 10 0.0005743825
9 39 0.0005743825
16 19 0.0005743825
89 25 0.0005743825
152 31 0.0005743825
131 55 0.0005743825
36 2 0.0005743825
86 21 0.0005743825
81 9 0.0005743825
87 68 0.0005743825
18 19 0.0005743825
154 13 0.0005743825
96 19 0.0005743825
47 55 0.0005743825
54 45 0.0005743825
76 31 0.0005743825
0 8 0.0005743825
99 67 0.0005743825
15 36 0.0005743825
53 52 0.0005743825
25 9 0.0005743825
45 1 0.0005743825
24 15 0.0005743825
40 61 0.0005743825
4 67 0.0005743825
51 55 0.0005743825
60 45 0.0005743825
41 30 0.0005743825
80 67 0.0005743825
24 55 0.0005743825
115 58 0.0005743825
84 40 0.0005743825
159 52 0.0005743825
71 58 0.0005743825
58 45 0.0005743825
78 30 0.0005743825
22 8 0.0005743825
49 68 0.0005743825
124 44 0.0005743825
135 10 0.0005743825
158 58 0.0005743825
85 61 0.0005743825
122 19 0.0005743825
156 45 0.0005743825
143 41 0.0005743825
131 15 0.0005743825
95 39 0.0005743825
56 9 0.0005743825
77 39 0.0005743825
101 52 0.0005743825
100 10 0.0005743825
39 61 0.0005743825
80 10 0.0005743825
44 67 0.0005743825
129 9 0.0005743825
67 10 0.0005743825
117 9 0.0005743825
75 1 0.0005743825
127 10 0.0005743825
161 5 0.0005743825
100 29 0.0005743825
30 2 0.0005743825
58 68 0.0005743825
140 39 0.0005743825
43 1 0.0005743825
72 30 0.0005743825
107 58 0.0005743825
64 7 0.0005743825
34 29 0.0005743825
151 10 0.0005743825
23 19 0.0005743825
54 68 0.0005743825
121 30 0.0005743825
38 15 0.0005743825
97 30 0.0005743825
108 11 0.0005743825
72 31 0.0005743825
136 36 0.0005743825
105 5 0.0005743825
97 31 0.0005743825
69 31 0.0005743825
105 36 0.0005743825
36 5 0.0005743825
148 29 0.0005743825
38 55 0.0005743825
56 30 0.0005743825
78 31 0.0005743825
76 29 0.0005743825
155 39 0.0005743825
34 1 0.0005743825
27 61 0.0005743825
152 1 0.0005743825
26 21 0.0005743825
8 5 0.0005743825
96 41 0.0005743825
0 13 0.0005743825
126 31 0.0005743825
68 36 0.0005743825
25 30 0.0005743825
87 45 0.0005743825
163 19 0.0005743825
1 9 0.0005743825
151 29 0.0005743825
79 19 0.0005743825
92 61 0.0005743825
147 61 0.0005743825
106 44 0.0005743825
123 58 0.0005743825
142 41 0.0005743825
103 5 0.0005743825
37 39 0.0005743825
167 4 0.0005743825
164 1 0.0005743825
169 9 0.0005743825
125 19 0.0005743825
11 10 0.0005743825
114 39 0.0005743825
136 21 0.0005743825
50 15 0.0005743825
145 67 0.0005743825
44 10 0.0005743825
139 10 0.0005743825
1 25 0.0005743825
166 52 0.0005743825
161 36 0.0005743825
158 21 0.0005743825
8 36 0.0005743825
60 68 0.0005743825
77 11 0.0005743825
91 39 0.0005743825
168 19 0.0005743825
98 67 0.0005743825
134 45 0.0005743825
101 45 0.0005743825
113 15 0.0005743825
8 14 0.0005743825
68 19 0.0005743825
117 30 0.0005743825
70 8 0.0005743825
91 15 0.0005743825
115 41 0.0005743825
64 13 0.0005743825
29 67 0.0005743825
10 62 0.0005743825
6 18 0.0005743825
145 61 0.0005743825
51 15 0.0005743825
41 9 0.0005743825
18 41 0.0005743825
13 67 0.0005743825
82 58 0.0005743825
173
0.0000000000 139.0000000000
0.0000000000 96.0000000000
73.0000000000 186.0000000000
73.0000000000 186.0000000000
15.0000000000 0.0000000000
116.0000000000 186.0000000000
0.0000000000 65.0000000000
10.0000000000 186.0000000000
124.0000000000 83.0000000000
91.0000000000 0.0000000000
0.0000000000 107.0000000000
13.0000000000 0.0000000000
49.0000000000 0.0000000000
0.0000000000 6.0000000000
1.0000000000 186.0000000000
124.0000000000 75.0000000000
124.0000000000 37.0000000000
15.0000000000 186.0000000000
124.0000000000 36.0000000000
0.0000000000 87.0000000000
5.0000000000 186.0000000000
77.0000000000 186.0000000000
0.0000000000 153.0000000000
124.0000000000 41.0000000000
108.0000000000 0.0000000000
0.0000000000 80.0000000000
124.0000000000 94.0000000000
64.0000000000 0.0000000000
16.0000000000 186.0000000000
39.0000000000 0.0000000000
124.0000000000 108.0000000000
0.0000000000 7.0000000000
30.0000000000 0.0000000000
106.0000000000 186.0000000000
0.0000000000 49.0000000000
85.0000000000 186.0000000000
124.0000000000 112.0000000000
85.0000000000 0.0000000000
124.0000000000 17.0000000000
47.0000000000 0.0000000000
50.0000000000 0.0000000000
0.0000000000 76.0000000000
115.0000000000 186.0000000000
0.0000000000 11.0000000000
17.0000000000 0.0000000000
0.0000000000 20.0000000000
124.0000000000 57.0000000000
124.0000000000 19.0000000000
85.0000000000 186.0000000000
124.0000000000 152.0000000000
114.0000000000 0.0000000000
124.0000000000 19.0000000000
31.0000000000 186.0000000000
124.0000000000 134.0000000000
124.0000000000 153.0000000000
23.0000000000 0.0000000000
0.0000000000 83.0000000000
43.0000000000 186.0000000000
124.0000000000 152.0000000000
0.0000000000 7.0000000000
124.0000000000 150.0000000000
72.0000000000 186.0000000000
41.0000000000 186.0000000000
32.0000000000 186.0000000000
0.0000000000 146.0000000000
61.0000000000 186.0000000000
78.0000000000 186.0000000000
0.0000000000 24.0000000000
124.0000000000 41.0000000000
0.0000000000 40.0000000000
0.0000000000 160.0000000000
124.0000000000 48.0000000000
0.0000000000 60.0000000000
106.0000000000 186.0000000000
28.0000000000 0.0000000000
0.0000000000 15.0000000000
0.0000000000 43.0000000000
82.0000000000 0.0000000000
0.0000000000 60.0000000000
124.0000000000 43.0000000000
11.0000000000 0.0000000000
0.0000000000 93.0000000000
124.0000000000 50.0000000000
71.0000000000 186.0000000000
124.0000000000 125.0000000000
60.0000000000 0.0000000000
124.0000000000 93.0000000000
124.0000000000 154.0000000000
124.0000000000 44.0000000000
0.0000000000 108.0000000000
124.0000000000 45.0000000000
99.0000000000 0.0000000000
49.0000000000 0.0000000000
14.0000000000 186.0000000000
5.0000000000 186.0000000000
89.0000000000 0.0000000000
124.0000000000 34.0000000000
0.0000000000 59.0000000000
8.0000000000 0.0000000000
40.0000000000 0.0000000000
0.0000000000 27.0000000000
124.0000000000 122.0000000000
6.0000000000 0.0000000000
124.0000000000 104.0000000000
0.0000000000 3.0000000000
124.0000000000 84.0000000000
27.0000000000 0.0000000000
124.0000000000 55.0000000000
69.0000000000 0.0000000000
23.0000000000 186.0000000000
90.0000000000 186.0000000000
24.0000000000 186.0000000000
38.0000000000 186.0000000000
124.0000000000 9.0000000000
85.0000000000 0.0000000000
124.0000000000 55.0000000000
9.0000000000 186.0000000000
0.0000000000 79.0000000000
7.0000000000 0.0000000000
124.0000000000 59.0000000000
5.0000000000 0.0000000000
0.0000000000 53.0000000000
124.0000000000 37.0000000000
124.0000000000 54.0000000000
23.0000000000 0.0000000000
124.0000000000 28.0000000000
0.0000000000 36.0000000000
13.0000000000 0.0000000000
21.0000000000 186.0000000000
0.0000000000 96.0000000000
30.0000000000 186.0000000000
124.0000000000 15.0000000000
29.0000000000 0.0000000000
55.0000000000 0.0000000000
124.0000000000 126.0000000000
4.0000000000 0.0000000000
124.0000000000 68.0000000000
124.0000000000 161.0000000000
0.0000000000 115.0000000000
0.0000000000 0.0000000000
93.0000000000 0.0000000000
90.0000000000 186.0000000000
124.0000000000 1.0000000000
124.0000000000 6.0000000000
114.0000000000 186.0000000000
42.0000000000 0.0000000000
0.0000000000 11.0000000000
46.0000000000 0.0000000000
0.0000000000 28.0000000000
0.0000000000 91.0000000000
90.0000000000 186.0000000000
0.0000000000 25.0000000000
0.0000000000 48.0000000000
23.0000000000 0.0000000000
0.0000000000 134.0000000000
94.0000000000 0.0000000000
124.0000000000 127.0000000000
0.0000000000 115.0000000000
124.0000000000 65.0000000000
124.0000000000 131.0000000000
101.0000000000 186.0000000000
124.0000000000 83.0000000000
100.0000000000 186.0000000000
124.0000000000 42.0000000000
0.0000000000 12.0000000000
58.0000000000 0.0000000000
124.0000000000 119.0000000000
124.0000000000 138.0000000000
124.0000000000 27.0000000000
0.0000000000 72.0000000000
57.0000000000 186.0000000000
95.0000000000 186.0000000000
9.0000000000 0.0000000000
0 0 0 0 0
0 0 1 0 1
0 0 0 0 2
0 0 0 1 0
0 0 0 0 0
0 0 0 0 2
0 0 0 0 0
1 0 0 0 5
0 0 0 0 1
1 0 0 3 1
0 0 0 0 9
1 0 0 0 8
0 0 0 1 0
0 0 0 0 1
0 0 0 0 0
0 0 0 0 8
0 0 1 0 0
0 0 0 0 0
0 0 0 3 0
0 0 0 0 2
0 0 0 0 0
0 0 0 2 2
0 0 0 2 0
0 0 0 0 0
1 0 0 1 0
0 0 0 0 1
0 0 1 0 0
0 0 0 0 4
0 0 0 0 0
0 0 0 3 0
0 0 0 0 1
0 0 0 3 1
0 0 0 0 0
0 0 0 0 0
0 0 0 0 0
0 0 0 2 0
0 0 0 2 2
0 0 0 0 0
0 0 0 0 0
0 0 0 0 8
0 1 0 0 0
1 0 0 0 2
0 0 0 0 0
0 0 0 0 4
0 0 0 0 0
0 0 0 0 2
0 0 0 0 0
0 0 0 0 0
0 0 0 0 0
0 0 1 2 0
0 0 0 0 0
0 0 1 0 0
1 0 0 0 2
0 0 0 0 0
0 0 0 0 0
1 0 0 0 10
0 0 0 3 0
0 0 0 3 0
0 0 0 0 2
0 0 1 0 0
0 0 0 1 0
1 0 0 0 8
0 0 0 0 0
0 0 0 0 0
0 0 1 0 0
0 0 0 0 4
1 0 0 1 0
0 0 0 0 8
0 0 0 0 6
0 0 0 0 0
0 0 0 0 0
-1.0000000000 -1.0000000000 -1.0000000000 -1.0000000000
-1.0000000000 -1.0000000000 -1.0000000000 -1.0000000000
-1.0000000000 -1.0000000000 -1.0000000000 -1.0000000000
-1.0000000000 -1.0000000000 -1.0000000000 -1.0000000000
-1.0000000000 -1.0000000000 -1.0000000000 -1.0000000000
-1.0000000000 -1.0000000000 -1.0000000000 -1.0000000000
-1.0000000000 -1.0000000000 -1.0000000000 -1.0000000000
-1.0000000000 -1.0000000000 23.0000000000 9.0000000000
-1.0000000000 -1.0000000000 -1.0000000000 -1.0000000000
-1.0000000000 -1.0000000000 20.0000000000 28.0000000000
-1.0000000000 -1.0000000000 -1.0000000000 -1.0000000000
-1.0000000000 -1.0000000000 12.0000000000 28.0000000000
-1.0000000000 -1.0000000000 -1.0000000000 -1.0000000000
-1.0000000000 -1.0000000000 -1.0000000000 -1.0000000000
-1.0000000000 -1.0000000000 -1.0000000000 -1.0000000000
-1.0000000000 -1.0000000000 -1.0000000000 -1.0000000000
-1.0000000000 -1.0000000000 -1.0000000000 -1.0000000000
-1.0000000000 -1.0000000000 -1.0000000000 -1.0000000000
-1.0000000000 -1.0000000000 -1.0000000000 -1.0000000000
-1.0000000000 -1.0000000000 -1.0000000000 -1.0000000000
-1.0000000000 -1.0000000000 -1.0000000000 -1.0000000000
-1.0000000000 -1.0000000000 -1.0000000000 -1.0000000000
-1.0000000000 -1.0000000000 -1.0000000000 -1.0000000000
-1.0000000000 -1.0000000000 -1.0000000000 -1.0000000000
-1.0000000000 -1.0000000000 9.0000000000 24.0000000000
-1.0000000000 -1.0000000000 -1.0000000000 -1.0000000000
-1.0000000000 -1.0000000000 -1.0000000000 -1.0000000000
-1.0000000000 -1.0000000000 -1.0000000000 -1.0000000000
-1.0000000000 -1.0000000000 -1.0000000000 -1.0000000000
-1.0000000000 -1.0000000000 -1.0000000000 -1.0000000000
-1.0000000000 -1.0000000000 -1.0000000000 -1.0000000000
-1.0000000000 -1.0000000000 -1.0000000000 -1.0000000000
-1.0000000000 -1.0000000000 -1.0000000000 -1.0000000000
-1.0000000000 -1.0000000000 -1.0000000000 -1.0000000000
-1.0000000000 -1.0000000000 -1.0000000000 -1.0000000000
-1.0000000000 -1.0000000000 -1.0000000000 -1.0000000000
-1.0000000000 -1.0000000000 -1.0000000000 -1.0000000000
-1.0000000000 -1.0000000000 -1.0000000000 -1.0000000000
-1.0000000000 -1.0000000000 -1.0000000000 -1.0000000000
-1.0000000000 -1.0000000000 -1.0000000000 -1.0000000000
95.0000000000 127.0000000000 9.0000000000 7.0000000000
-1.0000000000 -1.0000000000 6.0000000000 15.0000000000
-1.0000000000 -1.0000000000 -1.0000000000 -1.0000000000
-1.0000000000 -1.0000000000 -1.0000000000 -1.0000000000
-1.0000000000 -1.0000000000 -1.0000000000 -1.0000000000
-1.0000000000 -1.0000000000 -1.0000000000 -1.0000000000
-1.0000000000 -1.0000000000 -1.0000000000 -1.0000000000
-1.0000000000 -1.0000000000 -1.0000000000 -1.0000000000
-1.0000000000 -1.0000000000 -1.0000000000 -1.0000000000
-1.0000000000 -1.0000000000 -1.0000000000 -1.0000000000
-1.0000000000 -1.0000000000 -1.0000000000 -1.0000000000
-1.0000000000 -1.0000000000 -1.0000000000 -1.0000000000
-1.0000000000 -1.0000000000 17.0000000000 18.0000000000
-1.0000000000 -1.0000000000 -1.0000000000 -1.0000000000
-1.0000000000 -1.0000000000 -1.0000000000 -1.0000000000
-1.0000000000 -1.0000000000 5.0000000000 10.0000000000
-1.0000000000 -1.0000000000 -1.0000000000 -1.0000000000
-1.0000000000 -1.0000000000 -1.0000000000 -1.0000000000
-1.0000000000 -1.0000000000 -1.0000000000 -1.0000000000
-1.0000000000 -1.0000000000 -1.0000000000 -1.0000000000
-1.0000000000 -1.0000000000 -1.0000000000 -1.0000000000
-1.0000000000 -1.0000000000 28.0000000000 27.0000000000
-1.0000000000 -1.0000000000 -1.0000000000 -1.0000000000
-1.0000000000 -1.0000000000 -1.0000000000 -1.0000000000
-1.0000000000 -1.0000000000 -1.0000000000 -1.0000000000
-1.0000000000 -1.0000000000 -1.0000000000 -1.0000000000
-1.0000000000 -1.0000000000 14.0000000000 13.0000000000
-1.0000000000 -1.0000000000 -1.0000000000 -1.0000000000
-1.0000000000 -1.0000000000 -1.0000000000 -1.0000000000
-1.0000000000 -1.0000000000 -1.0000000000 -1.0000000000
-1.0000000000 -1.0000000000 -1.0000000000 -1.0000000000
0
