21
165.0000000000 468.0000000000 120.0000000000 522.0000000000 207.0000000000 253.0000000000 364.0000000000 117.0000000000 240.0000000000 187.0000000000 468.0000000000 105.0000000000 270.0000000000 468.0000000000 468.0000000000 468.0000000000 312.0000000000 468.0000000000 468.0000000000 184.0000000000 340.0000000000
44
0 4 0.0011487651
0 7 0.0068925903
0 15 0.0034462952
1 15 0.0005743825
2 1 0.0011487651
2 3 0.0017231476
2 9 0.0068925903
3 12 0.0022975302
4 0 0.0011487651
4 9 0.0011487651
4 12 0.0028719127
4 14 0.0005743825
4 17 0.0017231476
5 1 0.0011487651
5 8 0.0011487651
5 12 0.0017231476
5 15 0.0017231476
5 17 0.0011487651
6 7 0.0011487651
7 0 0.0068925903
7 14 0.0011487651
7 15 0.0028719127
9 10 0.0011487651
9 12 0.0051694429
9 15 0.0011487651
10 14 0.0028719127
10 20 0.0051694429
11 13 0.0017231476
12 1 0.0005743825
12 3 0.0022975302
12 16 0.0017231476
12 19 0.0028719127
13 5 0.0005743825
13 20 0.0051694429
16 4 0.0017231476
17 9 0.0017231476
17 15 0.0034462952
18 9 0.0022975302
19 5 0.0114876507
19 17 0.0028719127
20 3 0.0017231476
20 5 0.0011487651
20 7 0.0017231476
20 9 0.0011487651
85
20 6 0.0005743825
56 6 0.0005743825
50 18 0.0005743825
60 11 0.0005743825
31 14 0.0005743825
8 7 0.0005743825
1 11 0.0005743825
3 6 0.0005743825
21 18 0.0005743825
67 14 0.0005743825
53 6 0.0005743825
12 14 0.0005743825
54 14 0.0005743825
24 6 0.0005743825
15 13 0.0005743825
18 18 0.0005743825
55 6 0.0005743825
66 0 0.0005743825
37 1 0.0005743825
38 6 0.0005743825
28 1 0.0005743825
30 8 0.0005743825
2 7 0.0005743825
25 8 0.0005743825
65 17 0.0005743825
9 18 0.0005743825
46 7 0.0005743825
40 6 0.0005743825
44 18 0.0005743825
49 8 0.0005743825
35 8 0.0005743825
66 7 0.0005743825
22 12 0.0005743825
57 8 0.0005743825
6 18 0.0005743825
52 14 0.0005743825
27 1 0.0005743825
19 14 0.0005743825
60 10 0.0005743825
0 0 0.0005743825
46 6 0.0005743825
16 17 0.0005743825
43 6 0.0005743825
17 18 0.0005743825
8 0 0.0005743825
45 1 0.0005743825
39 17 0.0005743825
62 10 0.0005743825
1 20 0.0005743825
52 11 0.0005743825
33 17 0.0005743825
18 16 0.0005743825
51 10 0.0005743825
2 0 0.0005743825
14 12 0.0005743825
51 14 0.0005743825
34 14 0.0005743825
7 12 0.0005743825
36 18 0.0005743825
15 11 0.0005743825
47 18 0.0005743825
40 7 0.0005743825
7 0 0.0005743825
51 11 0.0005743825
13 13 0.0005743825
31 18 0.0005743825
65 1 0.0005743825
26 6 0.0005743825
47 14 0.0005743825
13 17 0.0005743825
1 13 0.0005743825
36 16 0.0005743825
65 13 0.0005743825
14 0 0.0005743825
6 6 0.0005743825
62 14 0.0005743825
16 1 0.0005743825
33 9 0.0005743825
61 15 0.0005743825
0 12 0.0005743825
43 18 0.0005743825
42 1 0.0005743825
33 13 0.0005743825
39 13 0.0005743825
35 15 0.0005743825
68
58.0000000000 68.0000000000
50.0000000000 0.0000000000
38.0000000000 68.0000000000
0.0000000000 58.0000000000
124.0000000000 26.0000000000
124.0000000000 45.0000000000
0.0000000000 50.0000000000
69.0000000000 68.0000000000
39.0000000000 68.0000000000
0.0000000000 32.0000000000
124.0000000000 20.0000000000
124.0000000000 32.0000000000
7.0000000000 0.0000000000
72.0000000000 0.0000000000
63.0000000000 68.0000000000
60.0000000000 0.0000000000
87.0000000000 0.0000000000
0.0000000000 47.0000000000
0.0000000000 36.0000000000
0.0000000000 0.0000000000
0.0000000000 60.0000000000
0.0000000000 34.0000000000
65.0000000000 68.0000000000
124.0000000000 8.0000000000
17.0000000000 68.0000000000
92.0000000000 68.0000000000
2.0000000000 68.0000000000
102.0000000000 0.0000000000
99.0000000000 0.0000000000
124.0000000000 55.0000000000
89.0000000000 68.0000000000
0.0000000000 17.0000000000
124.0000000000 23.0000000000
75.0000000000 0.0000000000
2.0000000000 0.0000000000
88.0000000000 68.0000000000
0.0000000000 50.0000000000
98.0000000000 0.0000000000
7.0000000000 68.0000000000
73.0000000000 0.0000000000
20.0000000000 68.0000000000
124.0000000000 0.0000000000
124.0000000000 14.0000000000
8.0000000000 68.0000000000
0.0000000000 46.0000000000
91.0000000000 0.0000000000
27.0000000000 68.0000000000
0.0000000000 26.0000000000
124.0000000000 25.0000000000
100.0000000000 68.0000000000
0.0000000000 37.0000000000
22.0000000000 0.0000000000
15.0000000000 0.0000000000
17.0000000000 68.0000000000
0.0000000000 7.0000000000
10.0000000000 68.0000000000
13.0000000000 68.0000000000
99.0000000000 68.0000000000
124.0000000000 26.0000000000
124.0000000000 63.0000000000
34.0000000000 0.0000000000
81.0000000000 68.0000000000
19.0000000000 0.0000000000
124.0000000000 22.0000000000
124.0000000000 19.0000000000
76.0000000000 0.0000000000
43.0000000000 68.0000000000
7.0000000000 0.0000000000
0 0 0 0 4
0 0 1 0 10
0 0 0 1 0
0 0 0 0 0
0 0 0 2 0
0 0 0 3 0
0 0 0 0 5
0 0 0 0 0
0 0 0 3 6
0 0 0 1 0
0 0 1 0 8
0 0 0 0 8
0 0 0 0 0
0 0 1 2 8
0 0 1 0 9
1 0 1 1 0
0 0 0 0 0
0 1 1 3 8
1 0 1 0 1
0 0 0 0 2
0 0 0 2 0
-1.0000000000 -1.0000000000 -1.0000000000 -1.0000000000
-1.0000000000 -1.0000000000 -1.0000000000 -1.0000000000
-1.0000000000 -1.0000000000 -1.0000000000 -1.0000000000
-1.0000000000 -1.0000000000 -1.0000000000 -1.0000000000
-1.0000000000 -1.0000000000 -1.0000000000 -1.0000000000
-1.0000000000 -1.0000000000 -1.0000000000 -1.0000000000
-1.0000000000 -1.0000000000 -1.0000000000 -1.0000000000
-1.0000000000 -1.0000000000 -1.0000000000 -1.0000000000
-1.0000000000 -1.0000000000 -1.0000000000 -1.0000000000
-1.0000000000 -1.0000000000 -1.0000000000 -1.0000000000
-1.0000000000 -1.0000000000 -1.0000000000 -1.0000000000
-1.0000000000 -1.0000000000 -1.0000000000 -1.0000000000
-1.0000000000 -1.0000000000 -1.0000000000 -1.0000000000
-1.0000000000 -1.0000000000 -1.0000000000 -1.0000000000
-1.0000000000 -1.0000000000 -1.0000000000 -1.0000000000
-1.0000000000 -1.0000000000 18.0000000000 26.0000000000
-1.0000000000 -1.0000000000 -1.0000000000 -1.0000000000
71.0000000000 0.0000000000 18.0000000000 26.0000000000
-1.0000000000 -1.0000000000 18.0000000000 26.0000000000
-1.0000000000 -1.0000000000 -1.0000000000 -1.0000000000
-1.0000000000 -1.0000000000 -1.0000000000 -1.0000000000
0
